130.725 2.73536 24.5356 0.593701 0.751737 0.287072
131.078 3.10998 22.5181 0.62044 0.753436 0.217688
131.425 3.42747 20.3812 0.615044 0.75949 0.211879
131.764 3.61003 18.415 0.618417 0.769936 0.157341
132.154 3.69547 16.4407 0.618996 0.770268 0.153403
132.305 3.88276 14.3625 0.642879 0.761935 0.0784981
132.483 3.95053 12.2513 0.643666 0.761097 0.080156
132.678 4.00652 10.1848 0.651414 0.755126 0.073788
132.804 4.08998 8.14025 0.650524 0.756278 0.0697344
132.928 4.15479 6.11548 0.64253 0.76343 0.0657917
133.02 4.21795 3.88341 0.634701 0.772604 0.0112541
133.088 4.09135 1.87077 0.62666 0.776869 -0.0614107
133.1 3.91914 -0.135704 0.626392 0.776954 -0.0630483
133.049 3.75975 -2.17857 0.633506 0.767944 -0.0944701
132.945 3.59542 -4.27201 0.643498 0.760409 -0.0875223
132.901 3.34264 -6.30096 0.633341 0.759583 -0.148028
132.747 3.0076 -8.355 0.632803 0.754363 -0.174635
133.073 2.67257 -8.62032 0.632795 0.754362 -0.174665
133.627 2.64868 -6.69804 0.636191 0.754713 -0.160144
134.048 2.59564 -4.72954 0.645504 0.757153 -0.100216
134.375 2.59571 -2.67988 0.636091 0.765194 -0.0993297
134.668 2.60334 -0.649904 0.631569 0.771693 -0.0749044
134.957 2.55325 1.48219 0.626786 0.776678 -0.0625292
135.051 2.5688 3.5918 0.640375 0.767447 0.0237588
134.825 2.60392 5.62757 0.640421 0.765068 0.0673229
134.58 2.62065 7.70935 0.640054 0.765146 0.0698742
134.352 2.62604 9.70221 0.643541 0.761718 0.075104
134.11 2.62799 11.7343 0.644517 0.760751 0.0765247
133.875 2.61831 13.7769 0.643004 0.76187 0.078101
133.619 2.61887 15.7805 0.63687 0.764901 0.0965605
133.206 2.56187 17.872 0.618587 0.770133 0.155708
132.613 2.58658 19.9423 0.618037 0.760142 0.200263
131.929 2.58589 21.8995 0.619808 0.753868 0.217992
131.17 2.62639 23.8682 0.612259 0.752213 0.243294
130.777 2.71476 24.4821 0.593714 0.751726 0.287076
128.733 4.33064 24.4593 0.591219 0.752236 0.290862
129.106 4.76578 22.4202 0.62171 0.749717 0.22623
129.411 5.05382 20.4288 0.619071 0.759028 0.201563
129.722 5.25784 18.3783 0.618499 0.770199 0.155731
130.087 5.37906 16.3258 0.61847 0.77024 0.155643
130.31 5.56817 14.3225 0.638123 0.764471 0.0911709
130.474 5.66917 12.2906 0.653535 0.750116 0.10109
130.653 5.74432 10.2713 0.648226 0.758606 0.0657224
130.764 5.81468 8.23384 0.643844 0.762892 0.0588282
130.902 5.85567 6.18284 0.643983 0.763083 0.0546894
131.011 5.84249 4.0564 0.627754 0.778411 0.000607941
131.026 5.76668 2.05033 0.627898 0.776487 -0.0530309
131.046 5.58069 -0.0660821 0.626377 0.776965 -0.0630725
131.03 5.41466 -2.19653 0.630352 0.773123 -0.0702616
130.952 5.28154 -4.20723 0.641494 0.76378 -0.0715974
130.93 5.02662 -6.20805 0.640229 0.750872 -0.162166
130.791 4.68914 -8.17966 0.632783 0.754374 -0.174659
130.652 4.32913 -10.238 0.63296 0.754121 -0.17511
130.465 4.00389 -12.2645 0.646201 0.742176 -0.177761
130.256 3.67542 -14.2312 0.637551 0.729318 -0.248242
129.993 3.05969 -16.2213 0.618822 0.718794 -0.316849
129.725 2.41291 -18.2124 0.618838 0.718764 -0.316888
129.495 1.73704 -20.1913 0.619274 0.717547 -0.318788
129.104 1.10861 -22.203 0.631082 0.676765 -0.37911
130.185 0.980822 -20.5432 0.626231 0.705762 -0.331262
131.168 0.968007 -18.6707 0.618909 0.718639 -0.317034
132.09 0.963669 -16.8814 0.618916 0.718676 -0.316934
132.971 0.960549 -15.0468 0.636748 0.727911 -0.254357
133.648 0.967741 -13.132 0.644178 0.729601 -0.229602
134.353 0.949759 -11.1893 0.640857 0.736141 -0.217714
134.953 0.960045 -9.20567 0.632415 0.754521 -0.175355
135.504 0.947766 -7.25643 0.633113 0.754872 -0.171272
135.963 0.89552 -5.24431 0.642396 0.75895 -0.106407
136.293 0.903787 -3.22137 0.6415 0.759528 -0.107676
136.645 0.904567 -1.11634 0.640553 0.760424 -0.106989
136.944 0.906008 0.932083 0.628797 0.774141 -0.0728041
137.135 0.874089 3.00909 0.621754 0.783209 -0.00220658
136.926 0.904129 5.00911 0.63797 0.76722 0.0660917
136.676 0.910193 7.14889 0.644454 0.760916 0.0753985
136.428 0.900155 9.35009 0.645217 0.760189 0.0762078
136.184 0.90346 11.3804 0.645217 0.760188 0.07622
135.923 0.907052 13.5552 0.645208 0.760196 0.0762162
135.676 0.907784 15.6278 0.64323 0.761763 0.0772797
135.301 0.894957 17.7959 0.618233 0.770791 0.15385
134.764 0.895222 19.7267 0.61676 0.759767 0.205627
134.057 0.896116 21.7191 0.617771 0.754344 0.22209
133.303 0.90907 23.7713 0.618294 0.754066 0.221579
132.432 0.928928 25.7424 0.591013 0.75248 0.290652
131.549 0.927626 27.5399 0.590913 0.752262 0.291417
130.519 0.943543 29.5069 0.584985 0.742567 0.326169
129.49 0.926291 31.3652 0.588571 0.735919 0.334676
128.345 0.956721 33.0511 0.551044 0.731773 0.401073
127.111 0.95608 34.734 0.549751 0.731118 0.404031
126.031 1.11506 35.9163 0.549742 0.731102 0.404071
126.516 1.79989 34.0166 0.549748 0.731123 0.404026
127.032 2.43828 32.1567 0.551711 0.729834 0.403679
127.529 3.01764 30.2083 0.596734 0.740344 0.309511
127.998 3.45305 28.2217 0.590054 0.752412 0.292766
128.411 3.89672 26.2369 0.59106 0.752388 0.290794
128.685 4.28227 24.6824 0.591199 0.752289 0.290767
128.732 4.32915 24.4658 0.591219 0.752236 0.290863
