-75.3693 5.40511 -112.369 -0.489378 0.690974 -0.532038
-73.8991 5.33509 -113.79 -0.474242 0.694671 -0.540858
-72.2905 5.31572 -115.222 -0.473993 0.701181 -0.532612
-70.7775 5.24201 -116.645 -0.452535 0.706804 -0.543725
-69.1082 5.19303 -118.031 -0.426441 0.718956 -0.548862
-67.3902 5.18928 -119.355 -0.42287 0.716724 -0.554515
-65.8076 5.16102 -120.598 -0.422875 0.716717 -0.554521
-64.1976 5.14294 -121.818 -0.398697 0.727146 -0.558819
-62.5189 5.0896 -123.01 -0.371016 0.726449 -0.578462
-60.8104 5.04132 -124.165 -0.369718 0.72722 -0.578325
-59.0978 5.02648 -125.24 -0.347013 0.732074 -0.586216
-57.28 4.98 -126.363 -0.344216 0.731507 -0.588569
-55.4295 4.99901 -127.379 -0.311076 0.741343 -0.59467
-53.5333 4.96648 -128.271 -0.254621 0.728987 -0.63541
-51.5649 4.89501 -129.152 -0.251239 0.742423 -0.621037
-49.678 4.93976 -129.886 -0.253441 0.753621 -0.606485
-47.7787 4.98315 -130.515 -0.201365 0.755983 -0.622843
-45.7005 4.97325 -131.202 -0.201535 0.756486 -0.622184
-43.7293 5.0364 -131.708 -0.170745 0.743671 -0.646374
-41.7524 5.05759 -132.108 -0.135475 0.744107 -0.65418
-39.6089 5.04922 -132.559 -0.133621 0.743633 -0.6551
-37.5084 5.06543 -132.95 -0.119478 0.7428 -0.658766
-35.4495 5.05473 -133.255 -0.0872547 0.746914 -0.659171
-33.4207 5.04345 -133.537 -0.0876104 0.747422 -0.658548
-31.3741 5.05765 -133.729 -0.0302137 0.740495 -0.671382
-29.3141 5.08462 -133.736 -0.0125427 0.724973 -0.688545
-27.2232 5.19882 -133.688 -0.0244576 0.707076 -0.706715
-25.1108 5.23101 -133.667 0.0141416 0.706729 -0.707343
-22.9709 5.29486 -133.484 0.046938 0.699617 -0.712975
-25.0246 5.80394 -133.09 0.0144767 0.708178 -0.705836
-27.1906 6.24146 -132.646 -0.0160158 0.706204 -0.707806
-29.2087 6.56695 -132.249 -0.0275976 0.705686 -0.707987
-31.213 6.9215 -131.79 -0.0605586 0.716804 -0.694617
-33.1918 7.1442 -131.328 -0.0909253 0.714013 -0.694203
-35.1386 7.3425 -130.857 -0.0964075 0.712298 -0.695225
-37.1414 7.61185 -130.273 -0.114306 0.719843 -0.68466
-39.0498 7.85788 -129.676 -0.129273 0.713131 -0.689003
-41.0345 8.0669 -129.057 -0.148817 0.717709 -0.680255
-42.9377 8.22643 -128.432 -0.163901 0.722748 -0.671395
-44.9291 8.37137 -127.732 -0.209654 0.713579 -0.668469
-46.9323 8.33901 -127.038 -0.252969 0.729727 -0.63522
-48.846 8.32877 -126.288 -0.253265 0.729338 -0.635549
-50.7415 8.2488 -125.623 -0.25773 0.729386 -0.633687
-52.5727 8.23784 -124.789 -0.300999 0.74351 -0.597154
-54.5269 8.14019 -123.925 -0.302215 0.742394 -0.597927
-56.4093 8.0271 -123.081 -0.329082 0.735622 -0.592082
-58.2453 7.8284 -122.228 -0.355644 0.730334 -0.583206
-60.0519 7.64672 -121.361 -0.353085 0.732586 -0.581935
-61.8838 7.46206 -120.41 -0.387649 0.729235 -0.563865
-63.8029 7.20433 -119.408 -0.391715 0.729776 -0.560345
-65.6198 6.96995 -118.402 -0.419761 0.719257 -0.553597
-67.446 6.69833 -117.351 -0.426694 0.719141 -0.548423
-69.2762 6.4146 -116.299 -0.426716 0.71915 -0.548394
-71.0109 6.18238 -115.211 -0.460757 0.709457 -0.533183
-72.6726 5.91995 -114.099 -0.469056 0.696901 -0.542508
-74.3598 5.63604 -112.997 -0.484403 0.692189 -0.534983
-75.3462 5.40823 -112.386 -0.48942 0.691177 -0.531736
-73.9862 8.93434 -109.084 -0.515367 0.673132 -0.530368
-72.3226 9.3161 -110.174 -0.475354 0.681667 -0.55621
-70.6346 9.58098 -111.237 -0.440104 0.695767 -0.567631
-68.9486 9.78091 -112.309 -0.4468 0.703627 -0.55252
-67.1701 10.0423 -113.435 -0.446183 0.694106 -0.56491
-65.438 10.3337 -114.423 -0.436961 0.688526 -0.578786
-63.6312 10.5459 -115.424 -0.387745 0.701934 -0.597447
-61.7605 10.7308 -116.437 -0.398902 0.707019 -0.583954
-59.9597 10.9838 -117.372 -0.403946 0.709349 -0.577625
-58.1938 11.2161 -118.289 -0.378839 0.700551 -0.604732
-56.3944 11.3761 -119.16 -0.332004 0.71718 -0.61272
-54.5025 11.4871 -120.011 -0.316785 0.71993 -0.617533
-52.5934 11.5975 -120.85 -0.31107 0.718213 -0.622419
-50.6254 11.6983 -121.734 -0.323566 0.713125 -0.621898
-48.7411 11.7385 -122.534 -0.261575 0.716581 -0.646598
-46.8252 11.8283 -123.205 -0.259328 0.715241 -0.648984
-44.7433 11.8547 -123.996 -0.252587 0.713067 -0.654011
-42.8286 11.8576 -124.675 -0.19868 0.714573 -0.670741
-40.7872 11.6946 -125.365 -0.160736 0.704253 -0.691514
-38.7201 11.4614 -126.003 -0.12288 0.713781 -0.689505
-36.6603 11.2027 -126.626 -0.117214 0.710957 -0.693398
-34.6916 10.9337 -127.218 -0.0965941 0.715839 -0.691548
-32.7378 10.6849 -127.724 -0.0811683 0.713997 -0.695428
-30.7123 10.4594 -128.183 -0.068978 0.713903 -0.696838
-28.607 10.1364 -128.688 -0.0528029 0.709295 -0.702931
-26.6686 9.82804 -129.1 -0.0289737 0.70575 -0.707868
-24.5975 9.45589 -129.501 0.0181763 0.692047 -0.721623
-22.557 8.93891 -129.882 0.0553349 0.699044 -0.712935
-20.6248 8.42355 -130.182 0.0837643 0.68484 -0.723863
-18.6749 7.81084 -130.497 0.116026 0.68455 -0.719673
-16.7953 7.16906 -130.793 0.121713 0.685537 -0.717792
-14.9017 6.55776 -131.031 0.146083 0.689544 -0.709358
-12.9355 5.9132 -131.204 0.179627 0.677309 -0.713433
-11.0603 5.12458 -131.379 0.230945 0.67296 -0.702701
-9.20568 4.32797 -131.532 0.232044 0.672275 -0.702995
-7.23795 3.48357 -131.64 0.257621 0.649345 -0.715525
-5.42027 2.61864 -131.654 0.333547 0.578225 -0.74456
-5.62551 2.00785 -132.226 0.332076 0.584535 -0.740235
-7.53833 2.00147 -133.066 0.310009 0.62289 -0.718263
-9.46506 1.97564 -133.861 0.248954 0.663449 -0.705496
-11.3879 1.93159 -134.545 0.231012 0.672942 -0.702696
-13.2941 1.91903 -135.154 0.18782 0.677013 -0.711602
-15.3448 1.88556 -135.609 0.136635 0.690403 -0.710405
-17.4513 1.88995 -136.03 0.144572 0.694715 -0.704606
-19.4872 1.87803 -136.437 0.124419 0.707979 -0.695164
-21.5602 1.80707 -136.863 0.11922 0.711298 -0.692706
-23.6097 1.77954 -137.173 0.0678507 0.73173 -0.678194
-25.6878 1.75392 -137.308 0.0243901 0.733819 -0.678907
-27.8111 1.76099 -137.36 0.0140176 0.741601 -0.670691
-29.8205 1.71086 -137.445 0.00817139 0.748992 -0.662515
-31.85 1.70246 -137.446 -0.0282669 0.750093 -0.660728
-33.9348 1.70016 -137.313 -0.0686207 0.762209 -0.643684
-36.0655 1.71399 -137.005 -0.102921 0.757393 -0.644794
-38.1129 1.70401 -136.647 -0.121564 0.755634 -0.643614
-40.1103 1.70817 -136.263 -0.121492 0.752567 -0.647211
-42.1589 1.70973 -135.866 -0.130447 0.752264 -0.64582
-44.1276 1.71209 -135.463 -0.135867 0.759283 -0.636393
-46.1145 1.68746 -135.009 -0.161826 0.769338 -0.618006
-48.0561 1.70813 -134.435 -0.189717 0.764978 -0.615469
-50.0666 1.67023 -133.808 -0.210825 0.774752 -0.596079
-52.0122 1.65519 -133.054 -0.244159 0.770188 -0.589235
-54.0142 1.65906 -132.217 -0.248021 0.766069 -0.59298
-55.8691 1.72526 -131.336 -0.256931 0.765994 -0.58927
-57.7195 1.67905 -130.453 -0.333514 0.763563 -0.552938
-59.6024 1.66091 -129.343 -0.333766 0.760079 -0.557562
-61.401 1.70391 -128.199 -0.337294 0.757595 -0.558822
-63.1116 1.70317 -127.154 -0.355204 0.752951 -0.55398
-64.7886 1.72499 -126.028 -0.369836 0.748694 -0.550162
-66.4008 1.73511 -124.807 -0.415813 0.74574 -0.52055
-68.0497 1.7413 -123.482 -0.415591 0.744366 -0.522687
-69.6467 1.76661 -122.198 -0.41242 0.737539 -0.534739
-71.2714 1.77062 -120.933 -0.419118 0.735203 -0.532745
-72.9076 1.76004 -119.55 -0.454404 0.736192 -0.501533
-74.3913 1.76661 -118.189 -0.469786 0.719748 -0.511136
-75.9435 1.77773 -116.742 -0.474858 0.714025 -0.514469
-77.4076 1.78563 -115.379 -0.475278 0.713648 -0.514605
-78.8725 1.80228 -113.988 -0.482959 0.715235 -0.50516
-80.3269 1.86942 -112.395 -0.518623 0.71517 -0.468574
-81.6365 1.96177 -110.657 -0.580876 0.68277 -0.443181
-82.871 1.93629 -108.987 -0.615628 0.662682 -0.426441
-84.0403 1.96492 -107.247 -0.617077 0.661796 -0.425725
-85.276 2.00147 -105.412 -0.618167 0.656 -0.433052
-86.4588 1.99554 -103.749 -0.61947 0.6507 -0.439142
-87.6935 1.97943 -102.006 -0.637284 0.646587 -0.419256
-88.7045 2.02648 -100.198 -0.690681 0.62106 -0.370465
-89.6765 2.03943 -98.3361 -0.699055 0.61302 -0.368142
-90.638 2.07079 -96.4584 -0.698915 0.613101 -0.368273
-91.0436 2.4016 -95.1402 -0.699222 0.61153 -0.370295
-89.6726 3.1924 -96.4234 -0.699065 0.613017 -0.368128
-88.2405 4.00902 -97.774 -0.694033 0.618223 -0.368924
-86.8336 4.70727 -99.0732 -0.660142 0.637168 -0.397777
-85.3864 5.28289 -100.391 -0.619392 0.650701 -0.439252
-83.7714 5.93421 -101.707 -0.621224 0.649264 -0.438791
-82.1523 6.64785 -102.912 -0.600415 0.661456 -0.449394
-80.5787 7.29292 -104.138 -0.62813 0.63442 -0.450504
-79.0994 7.80728 -105.38 -0.563604 0.640592 -0.521529
-77.4393 8.12268 -106.571 -0.511953 0.677478 -0.528085
-75.8626 8.45286 -107.774 -0.53233 0.695287 -0.482903
-74.2374 8.87059 -108.913 -0.523651 0.677907 -0.515938
-74.0651 8.91495 -109.032 -0.522013 0.673694 -0.523011
