125.834 7.92147 54.6135 0.49879 0.640883 0.583504
126.625 8.85734 52.8723 0.512141 0.640229 0.572554
127.384 9.7622 51.1294 0.521964 0.661051 0.53904
128.064 10.5967 49.4023 0.526377 0.666802 0.527543
128.786 11.4607 47.5907 0.525781 0.667604 0.527124
129.532 12.2721 45.7327 0.543675 0.685386 0.484421
130.6 12.7166 43.877 0.55112 0.683411 0.478766
131.859 12.7929 42.2112 0.568322 0.701919 0.429325
133.057 12.8223 40.5608 0.567774 0.705001 0.424979
134.235 12.8757 38.8905 0.571055 0.710342 0.411467
135.286 12.9432 37.163 0.591567 0.72304 0.356734
136.288 13.0164 35.375 0.577567 0.7351 0.355028
137.23 13.1122 33.6144 0.582159 0.747336 0.320282
138.237 13.0836 31.7313 0.591636 0.747289 0.30253
138.358 12.7828 32.236 0.592822 0.745983 0.303433
137.905 12.3265 34.182 0.583194 0.740691 0.333559
137.415 11.798 36.0987 0.56899 0.740716 0.357198
136.984 11.2229 37.9687 0.573075 0.734337 0.363778
136.402 10.5955 39.9533 0.550146 0.7259 0.412806
135.843 9.97397 41.7815 0.54949 0.722247 0.420024
135.317 9.27943 43.5958 0.543161 0.710208 0.447862
134.792 8.50959 45.3767 0.529864 0.706414 0.46928
134.188 7.73741 47.1697 0.517935 0.694053 0.500028
133.074 7.3898 48.7432 0.499556 0.687084 0.527598
131.546 7.42154 50.1408 0.498844 0.684454 0.531675
129.879 7.50508 51.5737 0.496063 0.673501 0.548012
128.292 7.57861 52.8506 0.48566 0.663314 0.569341
126.619 7.71316 54.1571 0.506142 0.644357 0.573257
125.845 7.85793 54.6742 0.499263 0.640418 0.583611
120.52 11.9133 54.7735 0.521803 0.634176 0.570563
119.723 11.0397 56.3976 0.510675 0.595693 0.619962
119.041 9.96541 57.9826 0.505834 0.595486 0.624109
118.259 8.89017 59.5878 0.460212 0.608176 0.646782
117.458 7.85779 61.1421 0.464888 0.607512 0.644055
116.56 6.81508 62.7387 0.44809 0.582736 0.677963
115.738 5.68809 64.2191 0.450858 0.567569 0.688907
114.876 4.5277 65.7248 0.430025 0.566114 0.703274
114.043 3.33995 67.1807 0.424808 0.565501 0.706928
114.609 2.84727 67.2379 0.422456 0.569043 0.705494
116.534 2.82559 66.0989 0.424361 0.571129 0.702659
118.385 2.81877 64.98 0.421379 0.58405 0.693773
120.139 2.78335 63.9053 0.430245 0.601632 0.673
121.844 2.75919 62.8366 0.434622 0.606356 0.665881
123.684 2.68282 61.6353 0.444863 0.628649 0.637885
125.434 2.67102 60.3865 0.458145 0.630569 0.626487
127.104 2.65054 59.1823 0.459102 0.631353 0.624995
128.779 2.62732 57.9734 0.456311 0.639322 0.618906
130.439 2.58143 56.7761 0.453325 0.659491 0.59964
132.049 2.56468 55.5752 0.463546 0.67032 0.57948
133.654 2.52963 54.2759 0.47733 0.676524 0.560777
135.176 2.53326 52.9632 0.483001 0.674441 0.558426
136.762 2.52081 51.5923 0.482778 0.684738 0.545948
138.279 2.52474 50.2302 0.483174 0.692195 0.536106
139.123 3.17489 48.5327 0.510734 0.709832 0.485067
139.695 3.91944 46.7653 0.527825 0.709404 0.467062
140.284 4.70317 44.9144 0.525695 0.710944 0.467119
140.824 5.43563 43.1316 0.524181 0.730337 0.437997
141.383 6.1028 41.3059 0.537511 0.73416 0.414833
141.96 6.72421 39.358 0.559224 0.741947 0.369842
142.427 7.29161 37.4917 0.560451 0.743892 0.364032
142.911 7.87378 35.5163 0.562087 0.754914 0.337879
143.391 8.35983 33.5579 0.559977 0.762081 0.325051
143.846 8.81578 31.6613 0.566233 0.7693 0.2959
144.237 9.25367 29.6533 0.575299 0.770129 0.275557
144.613 9.66028 27.7024 0.58087 0.77297 0.25516
144.974 10.0035 25.7408 0.583686 0.777194 0.235116
145.36 10.3016 23.6812 0.594919 0.777358 0.204413
145.586 10.6195 21.6875 0.596936 0.781287 0.182349
145.867 10.8457 19.6839 0.601672 0.780617 0.169198
146.169 11.0125 17.6623 0.605919 0.782943 0.140934
146.44 11.1872 15.4653 0.609991 0.781407 0.131583
146.652 11.3136 13.4758 0.608474 0.7865 0.105718
146.795 11.4542 11.4423 0.613833 0.785719 0.0764599
146.86 11.5669 9.44823 0.606479 0.793398 0.0519918
147.038 11.5086 7.41067 0.608545 0.793297 0.0187527
147.167 11.4525 5.39637 0.607282 0.794354 0.0144135
147.181 11.4046 3.36472 0.610832 0.791428 -0.0229398
147.177 11.3412 1.30362 0.610517 0.79132 -0.032799
147.2 11.1814 -0.703497 0.611091 0.788953 -0.0641949
147.255 10.9457 -2.7397 0.611783 0.786856 -0.0811126
147.19 10.7581 -4.80279 0.614202 0.781418 -0.110189
147.079 10.538 -6.8222 0.610253 0.782802 -0.121707
146.951 10.2606 -8.90339 0.613728 0.772851 -0.161366
146.875 9.88018 -11.0094 0.619021 0.767473 -0.166725
146.739 9.50813 -13.0541 0.617422 0.762276 -0.19423
146.488 9.18258 -15.017 0.618764 0.752011 -0.227181
146.285 8.72505 -16.9595 0.616007 0.74714 -0.24963
146.126 8.16288 -18.8721 0.629404 0.730341 -0.265429
145.914 7.61437 -20.866 0.627005 0.729234 -0.274012
145.571 7.07496 -22.894 0.611448 0.726276 -0.314086
145.235 6.4051 -24.8971 0.590312 0.717172 -0.370374
144.932 5.65587 -26.733 0.595956 0.69008 -0.410518
144.584 4.81188 -28.6199 0.610244 0.678306 -0.409267
144.264 4.01816 -30.4293 0.604495 0.680778 -0.413676
143.91 3.1725 -32.2398 0.589657 0.67308 -0.446395
143.078 2.66567 -33.9548 0.580201 0.645212 -0.49706
141.779 2.66551 -35.4761 0.580897 0.645654 -0.49567
140.495 2.63535 -37.0198 0.580388 0.645797 -0.496081
139.102 2.68185 -38.5766 0.570279 0.643168 -0.510915
137.589 2.71591 -40.0686 0.542972 0.626891 -0.558735
136.091 2.71455 -41.5053 0.541099 0.620359 -0.567774
134.616 2.73471 -42.9054 0.548356 0.61536 -0.566249
133.074 2.73237 -44.4029 0.548695 0.61406 -0.56733
131.604 2.75237 -45.7681 0.529235 0.606657 -0.593187
130.028 2.74009 -47.2132 0.544558 0.596942 -0.589166
128.519 2.75541 -48.5676 0.52922 0.589929 -0.609828
126.961 2.79625 -49.8636 0.526251 0.58805 -0.614212
125.414 2.7935 -51.1986 0.529374 0.587443 -0.612106
123.881 2.82466 -52.4902 0.528526 0.582879 -0.617179
122.339 2.80709 -53.8018 0.52267 0.579973 -0.624858
120.772 2.83072 -55.0904 0.522735 0.57891 -0.625788
120.256 3.39619 -55.0071 0.533546 0.568065 -0.626602
121.029 4.44822 -53.398 0.539661 0.560452 -0.628219
121.681 5.5557 -51.8461 0.543702 0.560081 -0.625052
122.359 6.64041 -50.2577 0.561243 0.554724 -0.614237
123.022 7.76715 -48.6327 0.561179 0.555039 -0.614011
123.635 8.85622 -47.052 0.57035 0.575882 -0.585715
124.278 9.88369 -45.4075 0.573089 0.576432 -0.58249
124.882 10.9719 -43.7354 0.573559 0.576339 -0.58212
125.432 12.042 -42.1415 0.569687 0.571604 -0.590516
125.967 13.167 -40.4661 0.606448 0.584032 -0.53956
126.466 14.2335 -38.7358 0.604686 0.588348 -0.536844
126.999 15.2925 -36.9869 0.592377 0.592387 -0.546047
127.574 16.3608 -35.1992 0.595029 0.594609 -0.540721
128.115 17.2424 -33.4781 0.64899 0.621988 -0.437495
129.169 17.3271 -31.6768 0.657002 0.630205 -0.413752
130.287 17.3223 -29.9096 0.65355 0.632453 -0.415761
131.4 17.347 -28.2024 0.623764 0.650316 -0.433585
132.564 17.434 -26.3724 0.630983 0.661798 -0.404825
133.407 17.4993 -24.5601 0.671896 0.676616 -0.301208
134.205 17.5039 -22.6668 0.662606 0.690453 -0.290202
134.998 17.5326 -20.787 0.665077 0.69232 -0.279935
135.748 17.5732 -18.8016 0.667173 0.702361 -0.248131
136.443 17.5704 -16.8549 0.661371 0.713497 -0.231323
136.953 17.6148 -14.9074 0.667934 0.724424 -0.170435
137.414 17.638 -12.9287 0.661714 0.73229 -0.160874
137.786 17.6804 -10.9393 0.66122 0.741455 -0.114129
138.117 17.6927 -8.89051 0.660878 0.742206 -0.111226
138.474 17.6807 -6.8692 0.655722 0.745855 -0.117173
138.847 17.6996 -4.72413 0.651032 0.749822 -0.118001
139.144 17.6982 -2.73688 0.66002 0.747284 -0.0770716
139.377 17.6769 -0.714748 0.66336 0.746064 -0.0578028
139.409 17.7367 1.4037 0.658047 0.752973 -0.0025016
139.387 17.7566 3.53149 0.656199 0.754588 0.000110735
139.419 17.7259 5.61852 0.65461 0.755955 0.00405798
139.421 17.7048 7.79861 0.652624 0.757593 0.0116557
139.278 17.7181 9.83178 0.658971 0.748468 0.0745191
138.963 17.7488 11.9583 0.645375 0.757774 0.096267
138.616 17.7295 14.0115 0.642149 0.75636 0.12476
138.225 17.7106 16.1676 0.644638 0.754777 0.121468
137.847 17.714 18.1418 0.644464 0.754148 0.126205
137.343 17.7019 20.087 0.637544 0.744283 0.198948
136.72 17.6887 22.065 0.630513 0.748194 0.20654
136.072 17.6435 23.9723 0.618455 0.745385 0.248829
135.312 17.6558 25.8606 0.628545 0.740271 0.238598
134.593 17.661 27.7442 0.62769 0.739053 0.244473
133.721 17.6599 29.6812 0.610406 0.733243 0.299598
132.755 17.6732 31.569 0.605985 0.731782 0.311893
131.836 17.6432 33.3698 0.599665 0.724769 0.339272
130.796 17.5865 35.2796 0.596551 0.721007 0.352528
129.717 17.5749 36.9994 0.570612 0.71356 0.40649
128.5 17.586 38.6999 0.57622 0.711118 0.402842
127.28 17.5641 40.4816 0.577674 0.7063 0.409168
126.009 17.5416 42.2433 0.557767 0.69691 0.450783
124.945 17.2041 43.9304 0.535291 0.680313 0.500638
124.305 16.4324 45.6883 0.54955 0.677041 0.489498
123.635 15.6847 47.4873 0.552538 0.673421 0.49112
122.894 14.8148 49.4002 0.553108 0.646689 0.525228
122.22 13.9246 51.1091 0.49957 0.637483 0.586553
121.419 13.0317 52.7537 0.497278 0.639959 0.585805
120.682 12.1263 54.389 0.522478 0.634299 0.569807
120.589 12.0044 54.61 0.522329 0.633634 0.570684
140.919 12.8086 -18.501 0.638696 0.723348 -0.262329
140.188 12.763 -20.4225 0.636679 0.726173 -0.259447
139.387 12.7356 -22.338 0.635832 0.70369 -0.317076
138.536 12.6358 -24.2056 0.633412 0.70014 -0.329536
137.652 12.5885 -26.0184 0.651135 0.682021 -0.332974
136.738 12.4754 -27.8069 0.629052 0.661532 -0.40821
135.75 12.3292 -29.5654 0.621993 0.668035 -0.40847
134.645 12.238 -31.2613 0.620216 0.651762 -0.436507
133.509 12.1986 -32.9359 0.620482 0.651643 -0.436307
132.581 11.8905 -34.6599 0.5982 0.638134 -0.484708
132.026 10.8895 -36.4483 0.567682 0.616192 -0.545934
131.541 9.82264 -38.1635 0.571149 0.615195 -0.543437
131.056 8.74434 -39.895 0.57463 0.611207 -0.544266
131.617 8.03519 -40.0995 0.569931 0.608321 -0.552376
133.094 7.97508 -38.6348 0.564645 0.617696 -0.547382
134.533 7.94611 -37.1774 0.572619 0.623635 -0.532153
136.002 7.84043 -35.6138 0.597355 0.621342 -0.507052
137.361 7.81515 -33.996 0.608169 0.638107 -0.472172
138.672 7.77788 -32.294 0.600324 0.654691 -0.459337
139.219 8.56716 -30.4245 0.614034 0.666678 -0.422495
139.576 9.36938 -28.5993 0.610141 0.673026 -0.418048
139.891 10.1708 -26.7619 0.625612 0.685162 -0.373045
140.218 10.9125 -24.6909 0.627149 0.705898 -0.329227
140.501 11.542 -22.7897 0.63143 0.706099 -0.320469
140.819 12.1169 -20.6844 0.635235 0.725994 -0.263441
140.957 12.6565 -18.8329 0.636464 0.72629 -0.259645
140.96 12.6733 -18.7792 0.636413 0.726228 -0.259943
140.858 12.8264 -18.6012 0.636423 0.726217 -0.259952
