-83.8397 7.61469 -108.243 -0.595226 0.658663 -0.460288
-82.5681 7.53828 -109.968 -0.590445 0.659182 -0.465676
-81.2666 7.41247 -111.671 -0.543678 0.679804 -0.49222
-79.9011 7.32519 -113.303 -0.539048 0.687938 -0.485972
-78.4833 7.29462 -114.8 -0.47911 0.710896 -0.51486
-76.964 7.21889 -116.318 -0.485059 0.706383 -0.515501
-75.4049 7.22825 -117.749 -0.477896 0.707031 -0.52127
-73.837 7.16951 -119.229 -0.469469 0.705872 -0.530405
-72.273 7.14376 -120.656 -0.472969 0.70345 -0.530526
-70.607 7.20861 -121.942 -0.416786 0.720549 -0.554165
-68.9653 7.10184 -123.303 -0.413519 0.719928 -0.55741
-67.4282 6.99377 -124.583 -0.41349 0.719934 -0.557424
-65.689 6.93762 -125.9 -0.380229 0.725996 -0.573001
-63.8945 6.88562 -127.099 -0.362023 0.732102 -0.576997
-62.1014 7.06769 -127.998 -0.356362 0.736625 -0.574796
-60.1949 7.23925 -128.906 -0.335964 0.737176 -0.586247
-58.3155 7.44966 -129.725 -0.338423 0.732257 -0.59099
-56.4505 7.59625 -130.548 -0.286993 0.737024 -0.611907
-54.56 7.63045 -131.312 -0.260351 0.740063 -0.6201
-52.5866 7.66248 -132.121 -0.264916 0.754454 -0.600516
-50.7049 7.69906 -132.892 -0.249637 0.749393 -0.613253
-48.8242 7.67655 -133.595 -0.212273 0.748748 -0.627947
-46.9407 7.58855 -134.331 -0.208938 0.748225 -0.629686
-45.0508 7.4888 -135.013 -0.17534 0.739945 -0.649413
-43.1071 7.39508 -135.579 -0.138955 0.744075 -0.653486
-41.13 7.26199 -136.145 -0.135064 0.743127 -0.655378
-39.132 7.06753 -136.755 -0.119659 0.738704 -0.663316
-37.0829 6.89638 -137.257 -0.0912369 0.741785 -0.664402
-34.9287 6.89463 -137.552 -0.0893986 0.740724 -0.665835
-32.932 6.95314 -137.71 -0.0499206 0.735068 -0.676153
-30.9001 6.9747 -137.774 -0.0159623 0.737006 -0.675698
-28.8946 6.96551 -137.831 -0.0154917 0.736495 -0.676265
-26.8799 7.01852 -137.797 0.00932676 0.728402 -0.685082
-24.8094 7.07634 -137.637 0.0466997 0.730719 -0.68108
-22.8101 7.14199 -137.419 0.0621014 0.728484 -0.682241
-20.8058 7.25961 -137.021 0.121261 0.706874 -0.696866
-18.6863 7.32434 -136.583 0.122511 0.704052 -0.699501
-18.6905 7.81869 -136.09 0.122057 0.696862 -0.706743
-20.7561 8.49322 -135.778 0.114307 0.691662 -0.713098
-22.6802 8.97552 -135.502 0.0520409 0.70114 -0.711122
-24.694 9.45473 -135.177 0.0490866 0.700001 -0.712453
-26.6313 9.9294 -134.769 5.30661e-05 0.711952 -0.702228
-28.6176 10.2668 -134.375 -0.0311409 0.705525 -0.708001
-30.7276 10.5847 -133.962 -0.0327638 0.7064 -0.707055
-32.7632 10.8641 -133.504 -0.0826492 0.718217 -0.690893
-34.7275 11.1255 -132.967 -0.0969771 0.716123 -0.691204
-36.7274 11.4132 -132.386 -0.102496 0.717313 -0.689166
-38.6644 11.6393 -131.819 -0.126147 0.722714 -0.679534
-40.6087 11.8697 -131.184 -0.141638 0.718347 -0.681115
-42.5696 12.036 -130.588 -0.151988 0.722904 -0.674023
-44.5485 12.1773 -129.96 -0.18734 0.715339 -0.673154
-46.5293 12.2157 -129.283 -0.2358 0.718698 -0.65408
-48.4028 12.1823 -128.575 -0.257312 0.730282 -0.632834
-50.3488 12.1129 -127.863 -0.258087 0.730015 -0.632826
-52.317 12.0604 -127.107 -0.274935 0.737105 -0.617279
-54.2732 11.8626 -126.398 -0.297451 0.740094 -0.603145
-56.1336 11.7734 -125.589 -0.300047 0.739482 -0.60261
-57.9283 11.6974 -124.688 -0.343201 0.73219 -0.588311
-59.7765 11.6645 -123.649 -0.343773 0.732126 -0.588057
-61.6082 11.5487 -122.711 -0.357437 0.728259 -0.584704
-63.3954 11.3438 -121.805 -0.381491 0.728477 -0.569022
-65.3032 11.0788 -120.857 -0.388063 0.72924 -0.563574
-67.1083 10.8013 -119.899 -0.416461 0.720675 -0.554245
-68.8901 10.5721 -118.856 -0.41692 0.72087 -0.553647
-70.6352 10.376 -117.791 -0.431271 0.714954 -0.550294
-72.309 10.1599 -116.636 -0.470879 0.700774 -0.535897
-73.9443 9.95937 -115.491 -0.467474 0.696655 -0.544187
-75.6446 9.62215 -114.387 -0.494858 0.690297 -0.52783
-77.2786 9.29867 -113.28 -0.493293 0.68965 -0.530136
-78.8763 9.01079 -112.108 -0.529977 0.68224 -0.503656
-80.5379 8.67199 -110.772 -0.548514 0.669982 -0.500255
-82.1073 8.27485 -109.51 -0.584525 0.661208 -0.470236
-83.6634 7.69296 -108.359 -0.595216 0.659624 -0.458927
-81.9506 12.47 -103.827 -0.612499 0.635007 -0.470756
-80.3727 13.1005 -105.075 -0.624218 0.62644 -0.46675
-78.6875 13.5483 -106.371 -0.534122 0.648544 -0.542314
-77.0552 13.8587 -107.593 -0.521857 0.663207 -0.536491
-75.3507 14.1455 -108.835 -0.508681 0.681619 -0.525966
-73.6756 14.4567 -110.033 -0.504241 0.67537 -0.53816
-71.8621 14.803 -111.213 -0.474532 0.681077 -0.557631
-70.1722 15.0119 -112.295 -0.434953 0.70146 -0.564597
-68.4648 15.2048 -113.371 -0.437054 0.700812 -0.563777
-66.6264 15.4419 -114.504 -0.430936 0.697366 -0.572691
-64.7002 15.6899 -115.604 -0.40443 0.702507 -0.585594
-62.7941 15.8671 -116.637 -0.384291 0.710485 -0.589518
-60.9681 16.0848 -117.567 -0.38584 0.712518 -0.586041
-59.1009 16.3052 -118.537 -0.383765 0.71431 -0.585222
-57.2999 16.4037 -119.478 -0.342709 0.713593 -0.611003
-55.414 16.4759 -120.386 -0.316037 0.722133 -0.615341
-53.4669 16.5664 -121.28 -0.315645 0.721992 -0.615707
-51.5788 16.6826 -122.085 -0.304616 0.717302 -0.626648
-49.6594 16.791 -122.845 -0.263108 0.724074 -0.637567
-47.6506 16.8537 -123.587 -0.258962 0.721128 -0.642583
-45.7577 16.8919 -124.307 -0.258689 0.720889 -0.642962
-43.7624 16.9177 -125.072 -0.24802 0.725025 -0.642514
-41.8275 16.8605 -125.69 -0.156388 0.707324 -0.689372
-39.8449 16.6453 -126.323 -0.124233 0.71749 -0.6854
-37.8345 16.4058 -126.93 -0.120932 0.718529 -0.684902
-35.7719 16.1384 -127.57 -0.119236 0.717412 -0.686369
-33.8337 15.9009 -128.122 -0.0878121 0.714554 -0.694032
-31.8373 15.6543 -128.608 -0.0783423 0.717194 -0.692455
-29.7523 15.3888 -129.104 -0.0695249 0.717367 -0.693218
-27.7686 15.1222 -129.561 -0.0464082 0.713174 -0.69945
-25.7986 14.7876 -129.965 -0.00119816 0.697414 -0.716657
-23.7162 14.303 -130.355 0.0523598 0.699427 -0.712784
-21.7003 13.8135 -130.681 0.0590018 0.696939 -0.714699
-19.6924 13.3095 -130.987 0.0695825 0.69163 -0.718889
-17.7742 12.7269 -131.288 0.119023 0.681394 -0.72217
-15.8595 12.1092 -131.52 0.144551 0.677119 -0.721537
-13.8578 11.4201 -131.735 0.163043 0.677999 -0.716751
-11.9252 10.7374 -131.906 0.181808 0.673201 -0.716761
-10.0047 9.96774 -132.09 0.22198 0.653258 -0.723864
-8.11234 9.20738 -132.185 0.223955 0.652005 -0.724384
-6.11208 8.49668 -132.226 0.214586 0.633889 -0.74306
-4.23112 7.6974 -132.28 0.280607 0.598638 -0.750246
-2.53359 6.61697 -132.342 0.364112 0.571111 -0.7357
-0.81091 5.48844 -132.407 0.342625 0.601105 -0.721996
0.971669 4.53722 -132.355 0.341681 0.601298 -0.722284
2.79253 3.61108 -132.265 0.343525 0.591146 -0.729751
3.71203 2.81762 -132.471 0.346804 0.588274 -0.730521
1.84201 2.80118 -133.387 0.351996 0.60053 -0.717951
-0.0703575 2.76959 -134.327 0.341471 0.604536 -0.719676
-1.95696 2.74952 -135.248 0.346693 0.614521 -0.708632
-3.81962 2.74761 -136.22 0.360754 0.634735 -0.683351
-5.65307 2.72958 -137.069 0.295196 0.636848 -0.712238
-7.5973 2.72938 -137.871 0.292963 0.637472 -0.712602
-9.48875 2.70209 -138.652 0.263978 0.653025 -0.709841
-11.5335 2.65041 -139.449 0.245856 0.67986 -0.690902
-13.4818 2.57275 -140.176 0.214616 0.68893 -0.692326
-15.4754 2.5303 -140.774 0.165899 0.705331 -0.689192
-17.4455 2.45202 -141.269 0.137514 0.710316 -0.69032
-19.4478 2.44057 -141.684 0.136586 0.721928 -0.67834
-21.5245 2.39285 -142.14 0.113697 0.720705 -0.683855
-23.5656 2.40786 -142.441 0.103106 0.723943 -0.682111
-25.6912 2.42363 -142.714 0.0665305 0.723833 -0.68676
-27.8063 2.36217 -142.867 0.0122991 0.745182 -0.666746
-29.8385 2.35678 -142.859 -0.00941075 0.746217 -0.665636
-31.9636 2.35953 -142.784 -0.0324276 0.737075 -0.675032
-33.9791 2.34075 -142.698 -0.0417562 0.740693 -0.670538
-36.1033 2.32125 -142.546 -0.0779363 0.745037 -0.662451
-38.1278 2.3433 -142.23 -0.110548 0.742269 -0.660921
-40.0917 2.4618 -141.769 -0.108247 0.741743 -0.661891
-42.0356 2.66211 -141.225 -0.112762 0.743486 -0.659176
-43.9857 2.87056 -140.623 -0.136956 0.75273 -0.643926
-45.9182 2.96116 -140.038 -0.174474 0.753069 -0.634386
-47.9495 3.06429 -139.338 -0.187233 0.748654 -0.635972
-49.8471 3.15609 -138.667 -0.189043 0.749241 -0.634744
-51.7395 3.22883 -137.97 -0.214633 0.760155 -0.613268
-53.6319 3.24579 -137.218 -0.249786 0.763446 -0.595612
-55.4946 3.19001 -136.487 -0.268671 0.75863 -0.593546
-57.3821 3.1177 -135.713 -0.281004 0.750989 -0.597539
-59.2759 3.04558 -134.906 -0.298417 0.740109 -0.60265
-61.0927 2.89761 -134.076 -0.339044 0.757499 -0.557893
-62.9344 2.67963 -133.247 -0.341433 0.757497 -0.556436
-64.7572 2.48743 -132.364 -0.364323 0.741773 -0.563051
-66.5203 2.33671 -131.39 -0.374305 0.735994 -0.5641
-68.2225 2.34732 -130.245 -0.38037 0.734516 -0.561966
-69.8867 2.36862 -128.999 -0.40561 0.737984 -0.539314
-71.5614 2.43645 -127.626 -0.421397 0.730878 -0.536882
-73.2505 2.43216 -126.263 -0.436181 0.725731 -0.532034
-74.7972 2.4255 -124.962 -0.449793 0.727685 -0.517842
-76.3544 2.39926 -123.598 -0.463967 0.728655 -0.503774
-77.9331 2.42033 -122.115 -0.464248 0.726776 -0.506231
-79.4114 2.45806 -120.693 -0.478878 0.717462 -0.505864
-80.9096 2.46543 -119.212 -0.490546 0.717209 -0.494951
-82.3891 2.45439 -117.74 -0.503858 0.712809 -0.487884
-83.7653 2.46322 -116.168 -0.541293 0.709733 -0.450867
-85.0387 2.48878 -114.497 -0.57149 0.699654 -0.428816
-86.1997 2.53107 -112.866 -0.577646 0.696552 -0.425605
-87.3648 2.56066 -111.166 -0.602007 0.684987 -0.410332
-88.551 2.57057 -109.411 -0.606364 0.675268 -0.419921
-89.6727 2.58334 -107.754 -0.61582 0.666494 -0.420179
-90.7673 2.65219 -105.983 -0.634008 0.662554 -0.398807
-91.748 2.74143 -104.23 -0.651636 0.656574 -0.379769
-92.6902 2.76104 -102.441 -0.697178 0.615972 -0.366772
-93.6367 2.78001 -100.635 -0.697727 0.613035 -0.370628
-94.6108 2.77789 -98.7677 -0.709781 0.603879 -0.362685
-95.5248 2.77408 -96.9835 -0.710428 0.602906 -0.363037
-96.4952 2.78849 -95.1111 -0.709645 0.592867 -0.380673
-97.43 2.83784 -93.248 -0.728856 0.590408 -0.346257
-98.208 2.85992 -91.3922 -0.753084 0.58021 -0.310195
-98.9594 2.84936 -89.4276 -0.766769 0.577542 -0.280198
-99.677 2.86293 -87.4185 -0.771188 0.574091 -0.275117
-99.3251 3.46893 -87.1384 -0.770565 0.573365 -0.278356
-98.134 4.36486 -88.5615 -0.766662 0.57768 -0.280206
-96.9199 5.29825 -89.9367 -0.758076 0.582072 -0.294132
-95.5827 6.26281 -91.3121 -0.726719 0.590999 -0.350074
-94.1803 7.05372 -92.7834 -0.712059 0.592836 -0.376188
-92.8142 7.84938 -94.1054 -0.713562 0.582544 -0.389194
-91.3654 8.64004 -95.521 -0.708952 0.576472 -0.406276
-89.9354 9.36872 -96.8546 -0.643388 0.617541 -0.452433
-88.5157 9.90928 -98.2416 -0.660456 0.621755 -0.420974
-86.9609 10.6016 -99.6554 -0.666527 0.606453 -0.433534
-85.5011 11.2408 -100.884 -0.618584 0.625757 -0.475061
-83.9124 11.7913 -102.192 -0.612004 0.635828 -0.470291
-82.3024 12.3395 -103.545 -0.612048 0.635871 -0.470176
-82.1305 12.4015 -103.685 -0.612189 0.635787 -0.470106
-82.0096 12.4474 -103.781 -0.61253 0.635333 -0.470275
