-97.2346 7.0807 96.0933 -0.639857 0.658973 0.395394
-96.1553 7.0934 97.827 -0.638359 0.66777 0.382858
-95.0878 7.0954 99.5666 -0.608472 0.688432 0.394744
-93.9258 7.05635 101.28 -0.583172 0.694698 0.421075
-92.7906 6.98591 102.973 -0.582534 0.696736 0.418584
-91.6348 6.95207 104.645 -0.580485 0.699183 0.417345
-90.4322 6.90416 106.276 -0.543254 0.712045 0.444823
-89.1298 6.86305 107.931 -0.541777 0.71371 0.443954
-87.8508 6.83754 109.504 -0.517873 0.711947 0.474277
-86.3773 6.80428 110.978 -0.47413 0.72085 0.505544
-84.8662 6.84171 112.35 -0.476902 0.719345 0.505082
-83.3446 6.81891 113.808 -0.469729 0.716535 0.515686
-81.7079 6.78535 115.202 -0.417179 0.722455 0.55138
-80.1043 6.76862 116.426 -0.406227 0.718244 0.564894
-78.332 6.75454 117.655 -0.38801 0.714035 0.582754
-76.6077 6.80406 118.704 -0.370613 0.716802 0.590627
-74.8434 6.82398 119.786 -0.369481 0.71535 0.593093
-73.0411 6.86318 120.775 -0.328603 0.711815 0.620755
-71.1102 6.89114 121.757 -0.326735 0.711525 0.622074
-69.1775 6.92541 122.718 -0.313618 0.70605 0.634901
-67.3465 6.91898 123.534 -0.277617 0.701507 0.656366
-65.4747 6.97848 124.262 -0.267727 0.695347 0.666945
-63.4023 7.03576 124.955 -0.215974 0.690491 0.690345
-61.4713 7.0898 125.505 -0.21981 0.684873 0.694717
-59.5509 7.0942 126.088 -0.207958 0.681118 0.702019
-57.5343 7.11698 126.589 -0.174282 0.683407 0.708929
-55.5545 7.18399 126.989 -0.140059 0.673519 0.725773
-53.4784 7.22591 127.298 -0.124584 0.668403 0.733291
-51.473 7.31752 127.527 -0.0960392 0.657408 0.747373
-49.4285 7.35059 127.732 -0.0870074 0.628799 0.772685
-47.364 7.44756 127.916 -0.0981787 0.622399 0.776517
-48.2017 7.86689 127.474 -0.10009 0.620921 0.777457
-50.1112 8.3933 126.801 -0.1142 0.631163 0.767197
-52.0078 8.83567 126.122 -0.120938 0.64609 0.753619
-53.9646 9.35995 125.355 -0.125035 0.65409 0.746011
-55.9551 9.72959 124.547 -0.186454 0.667269 0.721102
-57.8621 10.056 123.741 -0.194785 0.667693 0.718502
-59.6857 10.3811 122.922 -0.219683 0.665759 0.713095
-61.4801 10.7221 122.025 -0.243054 0.66653 0.704743
-63.3229 10.9767 121.047 -0.294935 0.677205 0.674097
-65.1439 11.1296 120.108 -0.295022 0.683723 0.667442
-66.9881 11.2153 119.138 -0.318972 0.69423 0.645214
-68.7114 11.3708 118.118 -0.321036 0.692701 0.645833
-70.5198 11.461 117.058 -0.358483 0.697959 0.619951
-72.2705 11.451 116.025 -0.381896 0.694041 0.610291
-73.9462 11.4431 114.931 -0.398899 0.695693 0.597403
-75.7923 11.328 113.821 -0.401503 0.699886 0.590724
-77.487 11.29 112.673 -0.424444 0.692628 0.583193
-79.1909 11.2342 111.485 -0.433347 0.697503 0.570699
-80.8295 11.1147 110.311 -0.470736 0.697138 0.540746
-82.4614 10.8999 109.135 -0.490859 0.686344 0.536646
-84.0366 10.7288 107.885 -0.500323 0.691224 0.521426
-85.6439 10.4633 106.646 -0.525326 0.694252 0.491983
-87.1844 10.1394 105.357 -0.56039 0.680625 0.471925
-88.7422 9.75309 104.038 -0.568833 0.685292 0.454758
-90.2287 9.36503 102.745 -0.573224 0.684567 0.450313
-91.6764 8.97202 101.4 -0.604245 0.666976 0.435926
-93.1439 8.53187 100.04 -0.60403 0.667322 0.435693
-94.6433 8.11428 98.5436 -0.627588 0.668142 0.399638
-96.0253 7.60265 97.1829 -0.64059 0.658071 0.395711
-97.117 7.15625 96.1575 -0.639314 0.659915 0.394702
-94.8665 11.6934 92.0743 -0.665597 0.652599 0.362071
-93.4532 12.3365 93.511 -0.650691 0.650497 0.391645
-92.0703 12.7859 94.8962 -0.627161 0.648347 0.431641
-90.567 13.2172 96.3726 -0.601209 0.669214 0.436686
-88.9613 13.6746 97.8753 -0.600498 0.675306 0.428206
-87.4766 14.1176 99.2302 -0.583237 0.667297 0.463195
-85.9808 14.4981 100.536 -0.55641 0.675399 0.483855
-84.4275 14.8517 101.764 -0.535522 0.688428 0.489166
-82.8782 15.1271 103.069 -0.533249 0.690251 0.48908
-81.2392 15.4184 104.414 -0.521897 0.687199 0.505352
-79.5553 15.6464 105.69 -0.47057 0.687169 0.5535
-77.9138 15.783 106.855 -0.446311 0.696808 0.561485
-76.2862 15.8808 108.025 -0.44541 0.696238 0.562905
-74.6281 15.9545 109.225 -0.43266 0.688186 0.582283
-72.9265 16.0311 110.325 -0.411943 0.684093 0.60193
-71.1673 16.0923 111.436 -0.394964 0.690537 0.605939
-69.3885 16.136 112.541 -0.392826 0.691177 0.606599
-67.5982 16.1478 113.663 -0.381975 0.682001 0.623674
-65.7859 16.0855 114.72 -0.326002 0.674142 0.662757
-64.0216 15.9464 115.699 -0.304513 0.679166 0.667836
-62.2281 15.8193 116.64 -0.301851 0.680356 0.667834
-60.3934 15.6793 117.604 -0.294052 0.67832 0.673362
-58.6204 15.4169 118.552 -0.231691 0.668818 0.706401
-56.8034 15.0884 119.394 -0.205986 0.661227 0.721351
-54.976 14.7633 120.22 -0.209967 0.659719 0.721585
-53.0553 14.4224 121.078 -0.194857 0.654833 0.730189
-51.0745 14.0174 121.884 -0.140275 0.638688 0.756572
-49.2669 13.5294 122.62 -0.137001 0.636464 0.759041
-47.4075 13.1377 123.308 -0.155438 0.631565 0.759582
-45.4214 12.7197 124.022 -0.115112 0.612933 0.781705
-43.5408 12.1216 124.719 -0.0841948 0.595626 0.798782
-41.6862 11.4212 125.35 -0.017858 0.604404 0.796478
-39.723 10.8266 125.878 -0.0560987 0.592153 0.803871
-37.7215 10.1775 126.512 -0.0627279 0.593712 0.802229
-35.8432 9.35752 127.179 0.029539 0.589071 0.807541
-33.9846 8.42216 127.701 0.090985 0.580942 0.808843
-32.2122 7.49315 128.078 0.145907 0.567582 0.810285
-30.4631 6.45554 128.507 0.127209 0.551146 0.824655
-28.7155 5.37719 128.9 0.16682 0.541687 0.823861
-26.9789 4.24388 129.298 0.172824 0.554937 0.813742
-25.2859 3.22081 129.64 0.174915 0.562142 0.808332
-25.6972 2.78505 130.032 0.175261 0.562564 0.807964
-27.7202 2.77298 130.479 0.174999 0.562723 0.80791
-29.6937 2.73458 130.914 0.157037 0.559424 0.81387
-31.7168 2.74479 131.296 0.156333 0.559479 0.813967
-33.7135 2.75224 131.666 0.147392 0.56638 0.810857
-35.6906 2.74766 131.986 0.0853708 0.582908 0.807872
-37.7444 2.68361 132.067 -0.0351309 0.600425 0.798882
-39.8574 2.6515 132.08 0.0143188 0.617994 0.786053
-41.8555 2.59263 132.099 -0.0385605 0.605796 0.794685
-43.8851 2.52248 132.096 0.00895339 0.645179 0.763947
-45.9375 2.49612 132.146 -0.00525564 0.653037 0.757308
-48.0265 2.47136 132.081 -0.048051 0.662535 0.747489
-50.05 2.47839 131.933 -0.0533767 0.676832 0.7342
-52.2308 2.47676 131.774 -0.0538258 0.680634 0.730643
-54.3492 2.45787 131.612 -0.0808624 0.685597 0.723476
-56.3499 2.4303 131.333 -0.124005 0.686492 0.716485
-58.4217 2.38859 130.973 -0.15457 0.695568 0.701637
-60.4999 2.41449 130.443 -0.190836 0.695906 0.692312
-62.5155 2.38328 129.884 -0.211234 0.692062 0.690239
-64.4992 2.38656 129.274 -0.209987 0.692644 0.690036
-66.5476 2.35878 128.67 -0.218843 0.70093 0.678823
-68.5551 2.36034 127.967 -0.250868 0.711433 0.656451
-70.489 2.34367 127.143 -0.29975 0.704612 0.643173
-72.4214 2.34135 126.202 -0.312611 0.705213 0.636356
-74.3188 2.34002 125.286 -0.306257 0.714067 0.629507
-76.1545 2.31699 124.366 -0.328204 0.72581 0.604551
-77.9702 2.31373 123.306 -0.360569 0.725045 0.586768
-79.7368 2.28768 122.218 -0.37649 0.719059 0.584132
-81.5201 2.27341 121.078 -0.378604 0.720965 0.580404
-83.2849 2.28276 119.915 -0.378524 0.720831 0.580622
-84.8918 2.2969 118.685 -0.445944 0.724498 0.525582
-86.4417 2.32052 117.268 -0.46757 0.718341 0.515135
-87.9672 2.33265 115.852 -0.472854 0.717488 0.511488
-89.4587 2.30158 114.513 -0.473682 0.718115 0.50984
-90.8946 2.31071 113.102 -0.508793 0.721018 0.470386
-92.2968 2.32186 111.411 -0.544835 0.716476 0.435676
-93.5805 2.34855 109.737 -0.551432 0.715374 0.429141
-94.8058 2.34651 108.116 -0.563484 0.717199 0.409952
-95.9667 2.34112 106.429 -0.58561 0.710678 0.389868
-97.1065 2.34464 104.752 -0.585224 0.700118 0.409081
-98.2507 2.35659 103.079 -0.59553 0.69976 0.394504
-99.3437 2.40177 101.243 -0.607494 0.702108 0.371474
-100.372 2.38432 99.5235 -0.623056 0.702333 0.34428
-101.31 2.40286 97.6978 -0.649314 0.690431 0.318898
-102.14 2.44489 95.8713 -0.67314 0.672991 0.306537
-102.947 2.45963 94.038 -0.6824 0.664249 0.30513
-103.75 2.47441 92.1897 -0.681354 0.668379 0.298372
-104.544 2.49966 90.2986 -0.686983 0.663459 0.296438
-105.279 2.55944 88.2734 -0.717033 0.648347 0.255946
-105.941 2.56277 86.2742 -0.746068 0.624581 0.230828
-106.489 2.60714 84.3402 -0.749728 0.622104 0.225601
-107.079 2.65161 82.2577 -0.749271 0.622762 0.225299
-107.646 2.60282 80.3016 -0.756232 0.625411 0.19229
-108.173 2.61813 78.2544 -0.759526 0.618224 0.202286
-108.665 2.64635 76.3006 -0.765854 0.611753 0.198043
-108.758 2.90401 75.1595 -0.775298 0.596964 0.206271
-107.658 3.76847 76.7039 -0.764335 0.611389 0.204929
-106.576 4.61572 78.2121 -0.764916 0.610488 0.205447
-105.47 5.51458 79.7339 -0.77437 0.599703 0.201761
-104.308 6.43024 81.2678 -0.752869 0.606151 0.256447
-103.123 7.24167 82.7255 -0.727245 0.629546 0.273467
-101.921 7.98104 84.218 -0.724663 0.636819 0.263297
-100.729 8.73082 85.6958 -0.728701 0.63318 0.260915
-99.4391 9.55797 87.181 -0.709895 0.621512 0.331228
-98.1598 10.2451 88.5689 -0.692304 0.633762 0.345052
-96.7759 10.8631 90.0729 -0.663914 0.651466 0.367165
-95.4542 11.4303 91.4684 -0.665256 0.652844 0.362255
-95.0608 11.6061 91.8742 -0.665579 0.65259 0.362121
-94.9343 11.6637 92.0032 -0.665591 0.652596 0.362087
