-107.349 9.94252 87.8059 -0.735108 0.624824 0.263078
-107.336 10.0282 87.6384 -0.735111 0.624813 0.263098
-106.98 10.0625 88.55 -0.734874 0.625085 0.263115
-106.931 10.0776 88.651 -0.73444 0.6253 0.263813
-106.773 9.90467 89.4835 -0.724592 0.633011 0.27244
-105.903 10.1271 91.1161 -0.70002 0.650196 0.295309
-105.092 10.158 92.9793 -0.697066 0.651777 0.298774
-104.213 10.2167 94.804 -0.675573 0.657548 0.333515
-105.321 9.76976 93.2897 -0.698121 0.650108 0.299979
-106.048 9.83719 91.4137 -0.699816 0.651592 0.292722
-106.659 9.95843 89.6643 -0.719124 0.637779 0.275697
-111.954 3.35071 91.1117 -0.733703 0.638019 0.233694
-112.574 3.35291 89.1688 -0.734959 0.636153 0.234828
-113.184 3.34033 87.1325 -0.74567 0.63115 0.213602
-113.748 3.35554 85.158 -0.745413 0.62945 0.219436
-114.303 3.38465 83.1012 -0.758219 0.621997 0.195507
-114.822 3.40264 81.0338 -0.758299 0.621858 0.19564
-115.309 3.43386 79.0187 -0.768272 0.612654 0.18551
-115.752 3.44714 77.0361 -0.774336 0.608471 0.173684
-116.237 3.4631 74.9417 -0.773155 0.605826 0.187632
-116.654 3.52425 72.7833 -0.80059 0.582862 0.139025
-116.998 3.57363 70.6673 -0.807305 0.571017 0.148988
-117.365 3.57389 68.6793 -0.808003 0.569824 0.149773
-117.74 3.58165 66.6754 -0.807874 0.568775 0.154387
-118.037 3.64859 64.6851 -0.824087 0.554353 0.116435
-118.279 3.63824 62.699 -0.829462 0.55113 0.0908219
-118.496 3.62944 60.6706 -0.830095 0.551156 0.084671
-118.319 4.00666 59.9528 -0.830383 0.550715 0.0847234
-117.525 4.95611 61.5555 -0.830013 0.551204 0.0851576
-116.65 6.00042 63.1616 -0.825548 0.555257 0.100795
-115.787 6.87749 64.7431 -0.81002 0.567343 0.14829
-114.866 7.73738 66.4341 -0.807326 0.568683 0.157544
-113.87 8.66573 68.0525 -0.805359 0.568944 0.166375
-112.864 9.58909 69.6718 -0.79477 0.574195 0.196572
-111.906 10.3562 71.2598 -0.789846 0.581857 0.193871
-110.933 11.1331 72.849 -0.790374 0.574422 0.212952
-109.904 11.9236 74.4064 -0.783405 0.578676 0.226738
-108.865 12.6517 76.0052 -0.76347 0.597382 0.245456
-107.724 13.4993 77.5613 -0.762729 0.605981 0.225899
-106.572 14.3412 79.2009 -0.762975 0.606444 0.223819
-105.461 15.1423 80.7973 -0.754676 0.611508 0.237743
-104.309 15.8913 82.2956 -0.740512 0.613503 0.274321
-103.143 16.5783 83.8062 -0.726351 0.624839 0.28634
-102.338 16.6365 85.7582 -0.727012 0.630303 0.272346
-101.604 16.6409 87.6289 -0.710617 0.631521 0.310155
-100.724 16.6859 89.4744 -0.694351 0.640004 0.329045
-99.7828 16.6842 91.3348 -0.679869 0.641182 0.355897
-98.79 16.6999 93.182 -0.671222 0.650121 0.356096
-97.7806 16.7165 95.0393 -0.662275 0.650178 0.37237
-96.7221 16.7386 96.7356 -0.640675 0.655346 0.400072
-95.6096 16.7859 98.4012 -0.624933 0.663484 0.411397
-94.4334 16.7965 100.075 -0.60062 0.670788 0.435085
-93.2522 16.7861 101.709 -0.594717 0.670984 0.442823
-91.9719 16.8291 103.271 -0.558559 0.681502 0.472765
-90.6051 16.7946 104.885 -0.54991 0.682655 0.481229
-89.2905 16.779 106.414 -0.550602 0.683827 0.478768
-87.9644 16.777 107.942 -0.550216 0.683905 0.4791
-86.4963 16.8253 109.507 -0.538797 0.677264 0.50101
-84.9714 16.8094 110.981 -0.50231 0.672896 0.543043
-83.4497 16.873 112.277 -0.471135 0.6877 0.552208
-81.7895 16.9036 113.52 -0.433129 0.691884 0.577665
-80.1312 16.9108 114.755 -0.433137 0.691872 0.577672
-78.5186 16.9154 115.958 -0.432247 0.692419 0.577684
-76.7377 16.9159 117.289 -0.431016 0.693067 0.577826
-75.1076 16.8566 118.508 -0.409714 0.680755 0.607213
-73.4018 16.8108 119.674 -0.384114 0.679695 0.624876
-71.5284 16.824 120.741 -0.352875 0.674026 0.648974
-69.7191 16.8179 121.671 -0.321922 0.682356 0.65632
-67.8639 16.7943 122.591 -0.309306 0.675075 0.669777
-65.9999 16.7616 123.467 -0.304036 0.670675 0.676578
-64 16.7712 124.344 -0.286458 0.665789 0.688893
-62.0157 16.7308 125.084 -0.231265 0.659126 0.71559
-60.0172 16.76 125.691 -0.220907 0.659409 0.718594
-58.0002 16.7224 126.318 -0.211991 0.653847 0.726322
-56.0198 16.742 126.869 -0.203914 0.654923 0.727664
-53.9783 16.69 127.41 -0.152094 0.642948 0.750656
-52.0227 16.6555 127.838 -0.155145 0.641459 0.751305
-49.9867 16.6693 128.244 -0.145787 0.64045 0.754032
-47.9734 16.718 128.567 -0.136633 0.631916 0.762898
-46.0009 16.7033 128.911 -0.118244 0.621477 0.774457
-43.9885 16.5197 129.208 -0.0389818 0.610793 0.79083
-41.9756 16.4805 129.364 -0.056594 0.606373 0.793164
-39.974 16.5011 129.485 -0.0403024 0.602639 0.796972
-37.7888 16.4858 129.557 -0.0171843 0.587733 0.808872
-35.7875 16.4391 129.636 0.00112767 0.572795 0.819698
-33.7654 16.4891 129.518 0.0631092 0.551606 0.831714
-31.9005 17.0185 129.015 0.0869299 0.540814 0.836631
-30.1178 16.4477 129.169 0.103544 0.53729 0.837017
-28.3155 15.4422 129.58 0.128601 0.538552 0.832718
-26.5463 14.3681 129.97 0.153535 0.533902 0.83149
-24.8151 13.3347 130.313 0.154718 0.534321 0.831001
-23.0412 12.2961 130.642 0.167657 0.536963 0.826768
-21.3063 11.2689 130.943 0.175065 0.536908 0.825277
-19.4796 10.2492 131.219 0.177696 0.536717 0.824834
-17.5667 9.22102 131.452 0.197245 0.533711 0.822343
-15.7156 8.20646 131.656 0.20183 0.532845 0.821791
-13.841 7.18874 131.85 0.215277 0.528 0.821506
-11.9884 6.09545 132.049 0.228658 0.534655 0.813548
-10.1357 5.0827 132.193 0.230257 0.536297 0.812014
-8.27602 4.03198 132.359 0.23342 0.537208 0.810507
-9.18139 3.7228 132.825 0.233043 0.54104 0.808064
-11.2147 3.6986 133.428 0.232937 0.541935 0.807494
-13.2423 3.64304 134.053 0.235797 0.542433 0.806329
-15.2275 3.61115 134.613 0.201314 0.550255 0.810365
-17.1994 3.60337 135.109 0.202239 0.550542 0.80994
-19.2486 3.64784 135.588 0.195695 0.553521 0.809516
-21.3011 3.60628 136.083 0.178677 0.558125 0.810291
-23.3539 3.60404 136.542 0.185407 0.563629 0.80495
-25.359 3.57674 137.011 0.155516 0.571954 0.805409
-27.5106 3.55014 137.434 0.149206 0.572786 0.806011
-29.5605 3.55062 137.808 0.146327 0.57158 0.807394
-31.5288 3.55083 138.165 0.148383 0.573162 0.805896
-33.7015 3.50567 138.582 0.130987 0.592274 0.795019
-35.6975 3.45914 138.92 0.106061 0.604648 0.7894
-37.8129 3.44749 139.169 0.0806583 0.607616 0.790125
-39.9481 3.46982 139.353 0.0728313 0.606123 0.792029
-42.0183 3.43672 139.554 0.0309519 0.626243 0.779003
-44.0597 3.37911 139.655 0.0135949 0.637635 0.770219
-46.1837 3.53347 139.529 -0.0177811 0.638405 0.76949
-48.0249 4.24855 138.886 -0.0181526 0.639381 0.768676
-49.7993 4.95518 138.248 -0.0247701 0.656162 0.754213
-51.6417 5.58273 137.611 -0.0466071 0.665928 0.744559
-53.4414 6.18884 136.883 -0.0880583 0.673318 0.73409
-55.3636 6.69804 136.123 -0.132996 0.670826 0.729592
-57.3101 7.22311 135.277 -0.129806 0.673553 0.727651
-59.1959 7.6756 134.488 -0.156194 0.692064 0.704732
-60.9831 8.08597 133.681 -0.161871 0.691634 0.703875
-62.77 8.51296 132.789 -0.200029 0.692925 0.692707
-64.6629 8.87124 131.869 -0.213796 0.695786 0.685687
-66.5349 9.20679 130.931 -0.230246 0.702791 0.673106
-68.3134 9.45738 130.015 -0.245569 0.711053 0.658862
-70.1373 9.70564 129.028 -0.273458 0.708723 0.650333
-71.9863 9.92389 127.969 -0.289419 0.706089 0.64627
-73.7746 10.0717 126.945 -0.321478 0.705161 0.631981
-75.5144 10.1716 125.911 -0.340842 0.709982 0.616234
-77.2833 10.2511 124.817 -0.35604 0.710042 0.607507
-78.9888 10.2789 123.751 -0.369078 0.711928 0.597445
-80.7981 10.2782 122.593 -0.389207 0.722094 0.571925
-82.5763 10.2715 121.398 -0.390424 0.725937 0.566201
-84.329 10.2427 120.131 -0.42052 0.723137 0.547938
-86.0625 10.125 118.93 -0.441796 0.7237 0.530128
-87.6824 10.0171 117.683 -0.455398 0.721138 0.522086
-89.2952 9.85178 116.431 -0.474658 0.723079 0.501852
-91.0465 9.57216 115.116 -0.502935 0.720622 0.477242
-92.7234 9.26477 113.799 -0.516392 0.719357 0.464605
-94.2788 8.97136 112.462 -0.526663 0.722973 0.447142
-95.8079 8.58889 111.194 -0.554798 0.712684 0.42928
-97.3689 8.17561 109.879 -0.554223 0.71115 0.432553
-98.9319 7.72518 108.557 -0.570674 0.70899 0.414323
-100.539 7.2352 107.089 -0.604796 0.698377 0.382699
-102.073 6.66864 105.62 -0.62103 0.690815 0.370265
-103.456 6.12365 104.267 -0.634594 0.682907 0.361839
-104.829 5.55084 102.893 -0.639394 0.686417 0.346421
-106.146 4.97484 101.501 -0.663463 0.679214 0.313825
-107.537 4.26614 100.042 -0.679494 0.671141 0.296368
-108.898 3.519 98.5762 -0.685786 0.662806 0.300643
-109.907 3.31308 96.7807 -0.68328 0.661165 0.309822
-110.696 3.32015 94.9329 -0.699716 0.658967 0.275889
-111.387 3.32981 92.9437 -0.726853 0.644531 0.237202
-111.906 3.3477 91.2724 -0.7337 0.638016 0.233707
-28.0314 30.5951 120.177 0.183847 0.500598 0.845932
-27.9977 30.6062 120.163 0.183942 0.500509 0.845964
-27.87 30.8833 119.971 0.183555 0.502095 0.845108
-26.9613 32.3729 118.891 0.180015 0.50234 0.845724
-26.2414 33.8932 117.805 0.206788 0.506394 0.83714
-25.4954 35.4104 116.704 0.209171 0.505177 0.837284
-24.5943 36.87 115.601 0.207137 0.505185 0.837784
-23.7974 38.3419 114.502 0.206399 0.515408 0.831718
-23.008 39.9346 113.318 0.206331 0.515685 0.831563
-22.277 41.4797 112.179 0.206462 0.515632 0.831563
-21.5867 43.0693 111.011 0.224477 0.519996 0.824141
-20.9311 44.5824 109.871 0.236644 0.518243 0.821842
-20.2462 46.0879 108.732 0.23732 0.51442 0.824046
-19.5035 47.6332 107.553 0.237203 0.514572 0.823984
-18.7909 49.1853 106.379 0.237286 0.514528 0.823988
-18.1586 50.808 105.178 0.243702 0.518445 0.819648
-17.4815 52.3519 103.988 0.248591 0.521641 0.816145
-16.71 53.7985 102.826 0.253997 0.519354 0.815939
-15.8938 55.3941 101.541 0.263869 0.522536 0.810757
-15.1905 56.8665 100.357 0.268817 0.523238 0.808678
-14.4004 58.3689 99.1215 0.269086 0.523269 0.808568
-13.6389 59.864 97.9005 0.269068 0.523276 0.80857
-12.8723 61.3704 96.6705 0.269085 0.523284 0.808559
-12.1291 62.8066 95.4927 0.268186 0.526671 0.806656
-11.4717 64.3576 94.258 0.267833 0.528947 0.805283
-10.8211 65.8601 93.0542 0.268813 0.528924 0.804971
-10.1855 67.3562 91.8589 0.269053 0.528901 0.804906
-9.49348 69.0273 90.5295 0.269035 0.528905 0.804909
-8.8537 70.5428 89.3161 0.26884 0.534165 0.801494
-8.26311 72.105 88.0729 0.270714 0.534428 0.800688
-7.63339 73.6328 86.8426 0.271439 0.532837 0.801502
-7.00785 75.1354 85.6318 0.27144 0.532855 0.80149
-6.39848 76.6458 84.4213 0.271562 0.53313 0.801266
-5.8168 78.1806 83.1897 0.282449 0.540127 0.792771
-5.22171 79.8156 81.8563 0.284946 0.54167 0.790822
-4.63017 81.4382 80.533 0.285425 0.540451 0.791483
-4.03175 82.9167 79.3051 0.28799 0.541162 0.790067
-3.36811 84.4484 78.0138 0.287277 0.541218 0.790288
-2.63425 85.9972 76.6849 0.2876 0.541335 0.79009
-1.97185 87.5654 75.3654 0.292209 0.543257 0.787074
-1.35598 89.0372 74.1153 0.292284 0.545429 0.785543
-0.729568 90.5477 72.8331 0.29309 0.546549 0.784464
-0.0860948 92.0811 71.5153 0.296057 0.549225 0.781474
0.469893 93.5567 70.2667 0.296048 0.549866 0.781027
1.02208 95.0389 69.0084 0.300433 0.551327 0.778318
1.71078 96.5024 67.7049 0.300382 0.552604 0.777432
2.35933 97.9233 66.4398 0.302534 0.556937 0.773495
3.03734 99.3541 65.1378 0.30589 0.558942 0.770723
3.75383 100.773 63.8237 0.30592 0.559412 0.770371
4.39285 102.191 62.5382 0.306576 0.561192 0.768813
5.00816 103.643 61.233 0.30595 0.561852 0.768581
5.622 105.228 59.8175 0.309765 0.568006 0.762506
6.18353 106.673 58.5126 0.310994 0.567861 0.762113
6.75044 108.188 57.1473 0.312516 0.570791 0.759296
7.33043 109.682 55.7844 0.314068 0.570644 0.758767
7.95229 111.105 54.4493 0.314645 0.574771 0.755404
8.69431 112.459 53.0896 0.324114 0.580125 0.747265
9.41276 113.803 51.7358 0.327859 0.579223 0.746331
10.1672 115.112 50.387 0.328053 0.581612 0.744383
10.8895 116.418 49.0311 0.324702 0.591181 0.738291
11.4368 117.84 47.6534 0.321992 0.591536 0.739193
12.0255 119.244 46.2646 0.330489 0.59506 0.732583
12.7735 120.55 44.8375 0.341972 0.602228 0.72137
13.559 121.816 43.3955 0.345724 0.604473 0.717696
14.3564 123.104 41.91 0.357074 0.611965 0.705689
14.8801 124.44 40.4851 0.355654 0.613375 0.705182
15.24 125.827 39.0892 0.357482 0.618769 0.699522
15.8619 127.073 37.6375 0.376951 0.632337 0.6768
16.5054 128.295 36.1394 0.381924 0.626419 0.679509
17.0452 129.682 34.5362 0.38924 0.631626 0.670478
17.5233 130.991 33.0144 0.395879 0.634522 0.663821
18.5781 131.939 31.4461 0.412564 0.638742 0.649461
20.0741 132.364 30.029 0.43608 0.639408 0.63324
21.7185 132.562 28.6534 0.460433 0.635292 0.620001
23.4895 132.464 27.4249 0.468795 0.63083 0.618285
25.3343 131.791 26.6708 0.490948 0.626988 0.604859
27.0055 130.64 26.5038 0.493799 0.629304 0.600116
28.4622 129.17 26.8491 0.493005 0.631356 0.598611
29.7831 127.707 27.3047 0.493286 0.631411 0.598322
31.1445 126.223 27.7566 0.488885 0.634638 0.598519
32.4845 124.764 28.2088 0.486146 0.632429 0.603072
33.9345 123.216 28.6711 0.481448 0.633723 0.605477
35.2292 121.766 29.1605 0.48029 0.634007 0.606099
36.4538 120.286 29.7478 0.470006 0.636467 0.611559
37.6939 118.68 30.4648 0.466979 0.636004 0.614352
38.8057 117.178 31.1819 0.461476 0.635045 0.619477
39.8509 115.597 32.0327 0.454185 0.639762 0.620017
40.8735 114.067 32.8649 0.453961 0.640345 0.619578
41.9305 112.504 33.6981 0.450529 0.633245 0.629304
43.0372 110.872 34.5482 0.440471 0.634218 0.635416
44.1511 109.269 35.3765 0.440111 0.632661 0.637214
45.2879 107.745 36.0801 0.441764 0.624797 0.643796
46.4678 106.22 36.7471 0.440382 0.623305 0.646185
47.6755 104.607 37.467 0.437968 0.610658 0.659758
48.8924 103.03 38.1112 0.431354 0.604562 0.669656
50.1423 101.533 38.6686 0.42554 0.605743 0.672303
51.3362 100.017 39.2684 0.426465 0.600609 0.676311
52.4402 98.464 39.9533 0.423853 0.601122 0.677496
53.6503 96.9526 40.5351 0.423276 0.596426 0.681992
54.8734 95.4316 41.0919 0.426661 0.5865 0.688461
56.1228 93.8789 41.6383 0.425806 0.586775 0.688756
57.3736 92.337 42.1824 0.419938 0.586716 0.692399
58.7149 90.7841 42.6816 0.416802 0.582182 0.698098
60.0728 89.1991 43.1868 0.417739 0.579433 0.699823
61.3521 87.6695 43.6935 0.412868 0.578827 0.703207
62.7658 86.055 44.1904 0.409403 0.575167 0.708218
64.0484 84.5604 44.6608 0.406871 0.572222 0.712051
65.3791 82.9936 45.1571 0.4068 0.571254 0.712869
66.6202 81.4782 45.6569 0.409074 0.568433 0.713823
67.8635 79.8945 46.208 0.408435 0.56825 0.714333
69.1067 78.362 46.7065 0.410727 0.562663 0.717436
70.3547 76.7219 47.2772 0.409808 0.562265 0.718272
71.5417 75.1911 47.797 0.410072 0.561354 0.718834
72.8093 73.6459 48.2824 0.407199 0.560249 0.721325
74.0544 72.0439 48.82 0.406686 0.558064 0.723305
75.3591 70.4309 49.3309 0.406984 0.558318 0.722942
76.5712 68.8763 49.8492 0.407658 0.557684 0.723051
77.8249 67.2538 50.3873 0.408708 0.554608 0.724823
79.1391 65.6673 50.8612 0.405976 0.553992 0.726827
80.4547 63.9885 51.4072 0.404338 0.554411 0.727419
81.6987 62.4791 51.8635 0.405114 0.553072 0.728007
81.2636 63.0782 51.6499 0.403714 0.553663 0.728335
80.3678 64.6918 50.92 0.404247 0.553606 0.728083
79.2659 66.2564 50.3409 0.404593 0.55365 0.727857
78.1931 67.9438 49.653 0.40502 0.553584 0.72767
77.0669 69.5392 49.0588 0.406463 0.557894 0.723562
75.8849 71.2497 48.4041 0.406266 0.557693 0.723828
74.7926 72.8464 47.7866 0.406064 0.558775 0.723106
73.7132 74.4549 47.1454 0.405379 0.560819 0.721907
72.6336 76.1147 46.4622 0.405409 0.560811 0.721896
71.5312 77.7322 45.8246 0.405518 0.561027 0.721668
70.4353 79.2952 45.2248 0.40458 0.561429 0.721881
69.306 80.9195 44.5806 0.39952 0.56764 0.719839
68.0849 82.6332 43.9068 0.401515 0.571358 0.715777
66.9759 84.1849 43.2824 0.405698 0.575996 0.709674
65.8308 85.8648 42.5704 0.405799 0.577851 0.708107
64.6862 87.4735 41.9166 0.405365 0.578037 0.708204
63.5135 89.1491 41.2196 0.405205 0.581969 0.705065
62.3163 90.7493 40.5889 0.409049 0.582817 0.702138
61.192 92.289 39.9657 0.410463 0.584611 0.699821
60.0029 93.9118 39.2934 0.413894 0.594705 0.689215
58.8579 95.4546 38.6481 0.416371 0.597136 0.685612
57.6783 97.0634 37.9595 0.416 0.598756 0.684424
56.4816 98.7034 37.2497 0.414096 0.599979 0.684507
55.3094 100.225 36.6227 0.414309 0.604325 0.680543
54.1099 101.83 35.9042 0.424512 0.620339 0.659522
52.9352 103.355 35.2228 0.426874 0.621498 0.656901
51.7468 104.858 34.5718 0.427193 0.622856 0.655406
50.5319 106.447 33.852 0.429086 0.624746 0.652363
49.3011 107.977 33.1824 0.424675 0.632045 0.648206
48.0511 109.472 32.5382 0.42343 0.641348 0.639828
46.8442 110.97 31.8237 0.435511 0.652469 0.620172
45.6516 112.446 31.1164 0.439233 0.649238 0.620938
44.4775 113.925 30.4003 0.441714 0.652468 0.615771
43.202 115.422 29.7439 0.452836 0.644079 0.616525
41.9557 117.009 29.0108 0.455917 0.643723 0.614621
40.7029 118.521 28.3545 0.460436 0.646717 0.608076
39.5174 120.043 27.6471 0.466551 0.641811 0.608612
38.3422 121.53 26.9763 0.470855 0.644069 0.602885
37.0484 123.103 26.291 0.47972 0.648116 0.591449
35.8023 124.688 25.5887 0.489702 0.642772 0.589098
34.6518 126.211 24.8834 0.492546 0.643011 0.586458
33.4513 127.766 24.1879 0.49265 0.641704 0.587801
32.2513 129.268 23.5761 0.50026 0.637092 0.586391
31.0104 130.952 22.7956 0.50147 0.639793 0.582402
29.8306 132.514 22.1115 0.509056 0.634603 0.581499
28.589 134.125 21.442 0.511409 0.634872 0.579135
27.4141 135.725 20.7189 0.507985 0.646685 0.56899
26.5148 137.261 19.7647 0.510864 0.649786 0.562839
26.1656 138.692 18.3793 0.524395 0.664561 0.53232
26.6523 139.631 16.5591 0.489951 0.733892 0.470478
27.727 140.017 14.824 0.457274 0.76411 0.455014
28.6556 140.448 13.0993 0.473979 0.79086 0.387149
29.3269 140.994 11.0737 0.450402 0.816014 0.362297
29.9094 141.513 9.15678 0.45661 0.817871 0.350104
30.3915 142.003 7.15707 0.473214 0.839548 0.266683
30.6607 142.376 5.1949 0.436852 0.875295 0.207409
30.8751 142.745 3.19498 0.429282 0.881181 0.198035
30.9557 143.106 1.17797 0.430472 0.895947 0.109421
30.9631 143.228 -0.824146 0.432064 0.901373 0.0290997
30.8406 143.188 -2.83256 0.426281 0.900643 -0.0843636
30.6249 143.037 -4.8822 0.42241 0.898332 -0.120705
30.322 142.805 -7.00959 0.454692 0.86622 -0.207114
30.042 142.361 -8.97382 0.475186 0.829364 -0.29359
30.245 141.474 -10.8735 0.487123 0.793758 -0.364224
31.2037 140.205 -12.2728 0.466781 0.793538 -0.390401
32.5789 138.98 -13.043 0.477761 0.76464 -0.432516
34.1393 137.759 -13.4583 0.476523 0.755819 -0.449064
35.7756 136.464 -13.8049 0.479425 0.720827 -0.500559
37.3054 135.166 -14.1851 0.4771 0.707181 -0.521795
38.8753 133.763 -14.5809 0.497149 0.683081 -0.535016
40.3982 132.388 -14.9119 0.498844 0.679295 -0.53825
41.8353 131.011 -15.3182 0.495194 0.677366 -0.544003
43.4235 129.612 -15.666 0.460374 0.680019 -0.570638
44.9321 128.271 -16.0485 0.463974 0.675571 -0.573003
46.4038 126.885 -16.4486 0.474391 0.664214 -0.577731
47.8594 125.552 -16.8064 0.45426 0.666516 -0.59108
49.3187 124.213 -17.2085 0.44419 0.665732 -0.59958
50.8214 122.835 -17.5952 0.456048 0.65699 -0.600321
52.2872 121.504 -17.9411 0.449165 0.649551 -0.613462
53.8039 120.041 -18.3443 0.455278 0.63516 -0.623931
55.2902 118.618 -18.7063 0.453885 0.633124 -0.62701
56.6966 117.236 -19.0831 0.45289 0.633391 -0.62746
58.1154 115.802 -19.4905 0.461718 0.622982 -0.631434
59.4847 114.396 -19.872 0.458588 0.617285 -0.639263
60.9072 112.93 -20.255 0.463727 0.607427 -0.644971
62.2985 111.483 -20.6037 0.462565 0.603455 -0.64952
63.7164 109.999 -20.9735 0.460349 0.60049 -0.653827
65.1149 108.46 -21.3608 0.471655 0.588967 -0.656247
66.4452 106.984 -21.7291 0.471559 0.58879 -0.656474
67.9064 105.41 -22.0931 0.468334 0.589778 -0.657894
69.3969 103.826 -22.4462 0.463744 0.582779 -0.667315
70.7725 102.322 -22.7933 0.465208 0.579064 -0.669527
72.1513 100.788 -23.1624 0.465016 0.579056 -0.669668
73.5549 99.1824 -23.5615 0.47345 0.569598 -0.671865
74.9712 97.6003 -23.9084 0.473379 0.571519 -0.670282
76.3033 96.0947 -24.2515 0.473447 0.571526 -0.670228
77.6793 94.4908 -24.643 0.475479 0.570264 -0.669865
79.0448 92.9357 -24.9948 0.475637 0.567518 -0.672081
80.3851 91.4229 -25.3172 0.474326 0.563231 -0.676599
81.7354 89.8592 -25.672 0.474315 0.563084 -0.676729
83.0448 88.3111 -26.0336 0.478844 0.556319 -0.67913
84.2886 86.7739 -26.4143 0.47923 0.555809 -0.679275
85.5912 85.1768 -26.802 0.479231 0.555805 -0.679278
86.8373 83.6418 -27.1766 0.481306 0.555226 -0.678284
88.1363 82.1389 -27.481 0.481375 0.552429 -0.680515
89.5648 80.4923 -27.8057 0.481379 0.551851 -0.68098
90.8671 78.9875 -28.1037 0.482527 0.551289 -0.680623
92.1962 77.3261 -28.4877 0.48871 0.541696 -0.683907
93.4401 75.7902 -28.8143 0.488905 0.541365 -0.684029
94.7093 74.1498 -29.2054 0.488923 0.541363 -0.684018
96.0638 72.4156 -29.6041 0.49454 0.53977 -0.681233
97.3131 70.8584 -29.9322 0.496016 0.540935 -0.679233
98.5955 69.2514 -30.277 0.496801 0.542211 -0.67764
99.85 67.6862 -30.6098 0.497036 0.542221 -0.67746
101.114 66.0933 -30.9577 0.497057 0.542329 -0.677358
102.433 64.4601 -31.2978 0.497073 0.541994 -0.677614
103.683 62.8918 -31.6254 0.501165 0.539691 -0.676437
104.914 61.2921 -31.9894 0.502313 0.539167 -0.676003
106.204 59.6741 -32.2888 0.514774 0.527544 -0.675799
107.428 58.023 -32.6446 0.514773 0.527539 -0.675804
108.652 56.3901 -32.9875 0.51487 0.527783 -0.675539
109.878 54.757 -33.3277 0.518971 0.528575 -0.671772
111.129 53.082 -33.6712 0.522482 0.527344 -0.670015
112.389 51.4192 -33.9967 0.522857 0.527604 -0.669518
113.699 49.699 -34.3281 0.523337 0.527542 -0.669192
115.005 47.9341 -34.6934 0.526883 0.526396 -0.667309
116.196 46.3513 -35.0155 0.525458 0.532511 -0.66357
117.38 44.7472 -35.3361 0.545042 0.512248 -0.663724
118.562 43.0064 -35.7082 0.54648 0.512016 -0.662722
119.772 41.2746 -36.0463 0.552164 0.509827 -0.659691
120.928 39.5848 -36.3664 0.575158 0.510765 -0.638993
122.045 37.9013 -36.6759 0.585239 0.503596 -0.635521
123.181 36.2056 -36.9742 0.584594 0.504966 -0.635027
124.383 34.4476 -37.2824 0.582146 0.513897 -0.630091
125.464 32.7859 -37.6391 0.582139 0.513887 -0.630107
126.571 31.0652 -38.0197 0.582144 0.513891 -0.630099
127.664 29.3512 -38.3872 0.609075 0.504197 -0.612151
128.83 27.5571 -38.7452 0.623873 0.523678 -0.580124
129.979 25.8713 -39.0362 0.62545 0.525619 -0.576661
131.112 24.2246 -39.3109 0.626405 0.525994 -0.57528
132.249 22.5502 -39.6285 0.619473 0.544962 -0.564999
133.424 20.8483 -39.9691 0.637219 0.540867 -0.548911
134.644 19.2212 -40.2182 0.624106 0.581508 -0.521863
136.104 17.834 -40.0427 0.619673 0.586978 -0.521021
137.768 16.8883 -39.1828 0.587732 0.601746 -0.540808
139.225 16.595 -37.8626 0.630953 0.599694 -0.492204
140.406 16.6136 -36.1924 0.65199 0.620738 -0.43541
141.568 16.6178 -34.396 0.633233 0.641036 -0.433563
142.766 16.6416 -32.7066 0.638816 0.644517 -0.42003
143.213 16.3405 -32.4849 0.642574 0.647891 -0.409042
142.774 15.4165 -34.4878 0.602272 0.653642 -0.45828
142.275 14.6031 -36.2944 0.617677 0.644585 -0.450539
141.82 13.7571 -38.0748 0.619933 0.633325 -0.463214
141.31 12.7378 -39.9631 0.573603 0.624183 -0.530447
140.76 11.7033 -41.7609 0.573087 0.617145 -0.539169
140.318 10.6514 -43.4157 0.570531 0.614098 -0.545323
139.827 9.58203 -45.085 0.564543 0.60172 -0.564999
139.262 8.51977 -46.7746 0.565951 0.599844 -0.565584
138.738 7.44082 -48.4164 0.556682 0.596153 -0.578536
138.19 6.37416 -50.0389 0.553284 0.594074 -0.583911
137.508 5.23928 -51.7571 0.5351 0.58595 -0.608548
136.917 4.15043 -53.3268 0.538567 0.582889 -0.60843
135.911 3.48983 -54.846 0.536973 0.583873 -0.608894
134.306 3.52685 -56.2048 0.525342 0.585055 -0.617841
132.741 3.55559 -57.506 0.524869 0.582984 -0.620195
131.165 3.60135 -58.7814 0.523641 0.574037 -0.629508
129.619 3.53393 -60.1292 0.523113 0.571563 -0.632194
127.926 3.51298 -61.5363 0.519981 0.569857 -0.636303
126.296 3.56297 -62.8099 0.514791 0.572291 -0.638336
124.672 3.56079 -64.1142 0.510906 0.560882 -0.651449
122.999 3.58446 -65.4039 0.512896 0.556047 -0.654026
121.266 3.63187 -66.7224 0.512691 0.555874 -0.654333
119.627 3.6386 -67.9924 0.507295 0.556132 -0.658308
118.03 3.60832 -69.2621 0.514204 0.554228 -0.654542
116.418 3.65305 -70.4723 0.506196 0.552365 -0.662313
114.822 3.63643 -71.7036 0.504222 0.548279 -0.667193
113.164 3.63757 -72.9389 0.499683 0.546191 -0.672303
111.503 3.68577 -74.1313 0.498547 0.54663 -0.67279
109.888 3.66387 -75.3458 0.498728 0.545457 -0.673607
108.413 3.83276 -76.2976 0.496176 0.542393 -0.677952
109.531 4.77169 -74.7167 0.502006 0.541142 -0.674652
110.561 5.69415 -73.2097 0.503581 0.539272 -0.674976
111.628 6.64796 -71.6567 0.510128 0.53795 -0.6711
112.567 7.62347 -70.1315 0.515207 0.543709 -0.662528
113.536 8.56011 -68.6128 0.511002 0.545824 -0.664043
114.521 9.52567 -67.0589 0.516339 0.545315 -0.660322
115.425 10.5027 -65.5333 0.522449 0.544665 -0.656039
116.3 11.5578 -63.9486 0.530809 0.54807 -0.646421
117.177 12.5798 -62.3496 0.530578 0.552976 -0.642421
117.973 13.5959 -60.8219 0.527296 0.553992 -0.644245
118.765 14.6221 -59.2956 0.526024 0.553754 -0.645488
119.636 15.6515 -57.6898 0.536374 0.557325 -0.633791
120.346 16.7103 -56.1348 0.54274 0.563573 -0.62275
121.007 17.877 -54.5071 0.537477 0.56262 -0.628154
121.191 19.3426 -53.0489 0.536985 0.555956 -0.634476
120.66 20.9923 -52.0655 0.536861 0.552144 -0.6379
119.511 22.6692 -51.5967 0.547971 0.540706 -0.638251
118.106 24.2802 -51.4508 0.550813 0.541035 -0.63552
116.709 25.849 -51.3241 0.550151 0.541388 -0.635793
115.331 27.3995 -51.1923 0.543261 0.544704 -0.638878
113.963 28.9512 -51.0151 0.534077 0.54876 -0.643136
112.559 30.5172 -50.8447 0.534049 0.548756 -0.643163
111.176 32.0551 -50.681 0.533515 0.548435 -0.643879
109.819 33.5287 -50.553 0.532832 0.546181 -0.646356
108.336 35.1847 -50.3752 0.532105 0.545799 -0.647277
106.934 36.7401 -50.2154 0.531651 0.545762 -0.647681
105.626 38.3449 -49.9212 0.522801 0.550966 -0.650473
104.258 39.932 -49.6781 0.523091 0.547113 -0.653485
102.95 41.4759 -49.4397 0.521331 0.540677 -0.660213
101.616 43.0785 -49.1811 0.521247 0.540589 -0.660352
100.239 44.7041 -48.9367 0.521247 0.540581 -0.660358
98.8825 46.2774 -48.7231 0.523755 0.538526 -0.660053
97.5551 47.8268 -48.4944 0.517541 0.5485 -0.656733
96.2849 49.3501 -48.2223 0.517245 0.548641 -0.656849
94.9443 50.943 -47.9326 0.507411 0.55256 -0.66122
93.6099 52.5374 -47.6212 0.506804 0.553396 -0.660986
92.3209 54.0833 -47.3153 0.506805 0.553397 -0.660984
91.0552 55.622 -46.9972 0.506662 0.553795 -0.66076
89.7795 57.1434 -46.6996 0.50663 0.554073 -0.660552
88.4298 58.7329 -46.4016 0.506503 0.554104 -0.660624
86.9703 60.3045 -46.2045 0.505763 0.552414 -0.662602
85.6122 61.8639 -45.9392 0.501208 0.553255 -0.665356
84.2429 63.4145 -45.677 0.500497 0.554904 -0.664518
82.9412 64.9129 -45.4076 0.500878 0.554948 -0.664194
81.6515 66.4154 -45.1235 0.498843 0.556819 -0.664159
80.2518 68.0234 -44.8168 0.49532 0.558898 -0.66505
78.8846 69.5598 -44.5449 0.495217 0.558464 -0.665491
77.528 71.1118 -44.252 0.495225 0.558464 -0.665485
76.1566 72.7352 -43.9094 0.493914 0.559391 -0.66568
74.8576 74.2909 -43.5555 0.48999 0.562435 -0.666015
73.5804 75.814 -43.2096 0.489494 0.561193 -0.667427
72.2055 77.3876 -42.8979 0.488855 0.559109 -0.66964
70.9323 78.9299 -42.5416 0.488155 0.557831 -0.671215
69.6039 80.487 -42.2121 0.486289 0.559521 -0.671163
68.2565 81.9773 -41.9422 0.485562 0.560887 -0.670548
66.906 83.4488 -41.6872 0.483484 0.562549 -0.670657
65.4811 85.0057 -41.4049 0.481492 0.563319 -0.671444
64.118 86.4901 -41.1367 0.481421 0.563511 -0.671334
62.7166 87.9972 -40.875 0.480405 0.564061 -0.671599
61.4094 89.4805 -40.5587 0.479295 0.567348 -0.669621
59.9987 91.0092 -40.2717 0.479009 0.567875 -0.669379
58.7037 92.4988 -39.9344 0.477961 0.567452 -0.670486
57.251 94.1191 -39.5958 0.476041 0.568454 -0.671003
55.839 95.6727 -39.2781 0.475657 0.570262 -0.66974
54.4683 97.1625 -38.9815 0.474507 0.571002 -0.669925
53.1632 98.6484 -38.6365 0.474174 0.572062 -0.669256
51.7944 100.158 -38.3156 0.474836 0.572431 -0.668471
50.4519 101.63 -38.0186 0.48144 0.571249 -0.664746
49.0531 103.143 -37.7165 0.478981 0.577863 -0.660796
47.6052 104.592 -37.4986 0.479102 0.577789 -0.660773
46.0404 105.987 -37.4128 0.478581 0.577768 -0.661169
44.5194 107.398 -37.2764 0.476328 0.580149 -0.660711
43.0455 108.815 -37.0908 0.475788 0.582682 -0.658868
41.4887 110.245 -36.9419 0.470675 0.588305 -0.657542
39.9445 111.615 -36.8089 0.467499 0.594135 -0.65456
38.4161 113.074 -36.5742 0.464864 0.595045 -0.655609
36.8832 114.486 -36.3732 0.461215 0.596723 -0.65666
35.2787 115.769 -36.3377 0.462254 0.594193 -0.658222
33.5973 116.879 -36.5127 0.458609 0.592746 -0.662066
31.8525 118.009 -36.7069 0.457057 0.593769 -0.662221
30.0936 119.117 -36.9145 0.445623 0.59953 -0.664818
28.2696 120.25 -37.1057 0.439064 0.60604 -0.663273
26.4161 121.013 -37.5881 0.407807 0.610992 -0.678513
24.5432 121.554 -38.1977 0.395177 0.607383 -0.689144
22.6586 122.034 -38.8483 0.392748 0.605734 -0.691979
20.7921 122.375 -39.5618 0.366973 0.606418 -0.705399
19.0257 122.21 -40.6108 0.356059 0.60732 -0.710197
17.6575 121.474 -41.9195 0.352407 0.608526 -0.710989
16.5598 120.473 -43.3182 0.348323 0.609982 -0.711754
15.5409 119.367 -44.7527 0.339265 0.611053 -0.715201
14.3858 118.421 -46.1063 0.337622 0.610513 -0.716439
13.4598 117.238 -47.5493 0.339598 0.609425 -0.716432
12.8848 115.894 -48.9634 0.34093 0.607612 -0.717338
12.4474 114.403 -50.4304 0.343399 0.605096 -0.718286
11.9927 112.96 -51.8582 0.346443 0.601368 -0.719954
11.5236 111.491 -53.3124 0.351385 0.599485 -0.719129
11.1071 109.992 -54.7645 0.352552 0.597515 -0.720196
10.6366 108.533 -56.1983 0.354444 0.594632 -0.721653
10.3151 106.974 -57.6398 0.353678 0.593791 -0.72272
10.012 105.502 -58.9801 0.356953 0.58572 -0.727677
9.7171 104.011 -60.3252 0.360947 0.582956 -0.727928
9.44186 102.5 -61.6648 0.362691 0.57917 -0.73008
9.1269 100.995 -63.0147 0.363368 0.578946 -0.729921
8.79283 99.5161 -64.3554 0.363818 0.579116 -0.729562
8.50043 98.0127 -65.6923 0.366959 0.575778 -0.73063
8.14021 96.522 -67.0414 0.36801 0.572992 -0.73229
7.7243 94.9649 -68.469 0.368352 0.573029 -0.73209
7.37389 93.3982 -69.8716 0.369298 0.572527 -0.732005
6.97774 91.9533 -71.1979 0.372285 0.568765 -0.733424
6.55596 90.3564 -72.6468 0.371496 0.567264 -0.734984
6.13569 88.797 -74.0593 0.369595 0.566984 -0.736158
5.79551 87.3049 -75.3793 0.369598 0.566992 -0.73615
5.4568 85.7934 -76.7104 0.36988 0.564464 -0.73795
5.19393 84.2564 -78.0186 0.370959 0.56475 -0.737188
4.9616 82.723 -79.3099 0.370755 0.564238 -0.737683
4.59321 81.1844 -80.6648 0.371701 0.558434 -0.741613
4.25437 79.8079 -81.8658 0.371742 0.556306 -0.74319
3.97773 78.8936 -82.6886 0.371757 0.556309 -0.74318
4.09545 80.351 -81.5388 0.371754 0.556398 -0.743115
4.00565 81.9603 -80.3721 0.370646 0.562373 -0.739161
4.03717 83.6045 -79.1002 0.371044 0.564694 -0.737189
4.02123 85.2159 -77.8739 0.371453 0.564584 -0.737067
4.05278 86.8283 -76.6235 0.372798 0.564249 -0.736644
4.06604 88.4785 -75.3512 0.375384 0.564261 -0.735321
4.06289 90.1749 -74.0519 0.37619 0.563771 -0.735284
4.07149 91.7847 -72.813 0.376146 0.564592 -0.734677
4.0443 93.4829 -71.5149 0.376373 0.567864 -0.732034
4.03974 95.125 -70.2439 0.378207 0.567415 -0.731437
4.03275 96.906 -68.8505 0.382162 0.574172 -0.724071
4.02015 98.5322 -67.5686 0.379567 0.574172 -0.725435
3.99112 100.107 -66.3354 0.377921 0.57572 -0.725067
3.98572 101.814 -64.9749 0.372215 0.580235 -0.724419
3.99678 103.368 -63.7159 0.367577 0.584077 -0.723699
3.98322 104.948 -62.4444 0.367044 0.587461 -0.721226
4.00486 106.613 -61.071 0.366243 0.590242 -0.71936
4.06599 108.184 -59.7359 0.362416 0.597908 -0.714956
4.08231 109.761 -58.4029 0.35731 0.60196 -0.714125
4.06226 111.368 -57.0379 0.342861 0.615833 -0.709362
4.08596 112.907 -55.681 0.339452 0.622122 -0.705504
4.11375 114.409 -54.3554 0.332856 0.618787 -0.711554
4.13351 116.032 -52.9303 0.331484 0.621853 -0.709518
4.10978 117.666 -51.5064 0.326244 0.625443 -0.708791
4.1305 119.262 -50.0858 0.313361 0.627891 -0.712431
4.15153 120.786 -48.7348 0.309299 0.627651 -0.714415
4.13996 122.309 -47.4068 0.307043 0.625978 -0.716852
4.19382 123.852 -46.0344 0.304736 0.626056 -0.717765
4.1917 125.499 -44.603 0.29607 0.626107 -0.721339
4.1809 127.031 -43.2779 0.297552 0.621845 -0.724408
4.15474 128.589 -41.9585 0.293441 0.62147 -0.726407
4.18932 130.185 -40.5845 0.292072 0.616354 -0.731301
4.22213 131.769 -39.2363 0.283638 0.619455 -0.732
4.23937 133.301 -37.9319 0.280363 0.619556 -0.733176
4.21525 134.951 -36.5419 0.280441 0.621207 -0.731748
4.21629 136.482 -35.2498 0.284205 0.620658 -0.730761
4.04145 138.052 -33.9505 0.254533 0.668637 -0.698668
3.26088 139.563 -32.7311 0.250494 0.687108 -0.681996
1.83621 140.783 -31.9267 0.215479 0.722424 -0.657018
-0.0324755 141.58 -31.627 0.218027 0.758245 -0.614423
-1.96267 142.153 -31.4972 0.152935 0.801616 -0.577946
-3.97091 142.751 -31.1202 0.0877269 0.822836 -0.560834
-5.90346 143.197 -30.686 0.0411117 0.84337 -0.53554
-7.88837 143.583 -30.0775 0.00496965 0.870694 -0.4918
-9.83992 143.922 -29.4416 -0.0240396 0.872838 -0.487418
-11.78 144.258 -28.6718 -0.0431125 0.884896 -0.463789
-13.6315 144.541 -27.9203 -0.0547784 0.886551 -0.459376
-15.3924 144.728 -26.9695 -0.202044 0.893846 -0.400269
-17.1007 144.785 -25.8849 -0.222397 0.902674 -0.368396
-18.7711 144.796 -24.7269 -0.276834 0.906048 -0.320062
-20.3145 144.561 -23.4781 -0.404869 0.884107 -0.232992
-21.8769 144.147 -22.0986 -0.436773 0.870182 -0.228064
-23.4649 143.559 -21.034 -0.490551 0.842049 -0.223976
-25.1767 142.537 -20.744 -0.546264 0.813614 -0.198885
-26.8805 141.255 -21.2278 -0.555805 0.81143 -0.180706
-28.2467 139.963 -22.3502 -0.618603 0.763385 -0.185939
-29.4577 138.673 -23.6562 -0.632052 0.754701 -0.175846
-30.6001 137.393 -24.8079 -0.657591 0.732549 -0.175886
-31.7838 136.012 -26.0168 -0.695749 0.700579 -0.158503
-32.8459 134.66 -27.2288 -0.708585 0.68733 -0.15964
-33.9052 133.307 -28.3353 -0.719753 0.67835 -0.147606
-34.9658 131.927 -29.4246 -0.728668 0.670385 -0.140097
-36.0336 130.552 -30.4242 -0.738608 0.660396 -0.13541
-37.0785 129.166 -31.4541 -0.741769 0.656821 -0.135517
-38.1391 127.73 -32.5698 -0.748469 0.650356 -0.129737
-39.1508 126.339 -33.6221 -0.758429 0.638776 -0.129419
-40.2026 124.835 -34.7363 -0.76702 0.626849 -0.136898
-41.2012 123.383 -35.6949 -0.777147 0.615093 -0.13305
-42.1875 121.915 -36.679 -0.780121 0.611356 -0.132869
-43.1828 120.413 -37.6962 -0.789229 0.600885 -0.126689
-44.1366 118.933 -38.7367 -0.791615 0.597864 -0.126116
-45.1197 117.422 -39.667 -0.799116 0.588304 -0.123742
-46.0747 115.919 -40.6564 -0.800115 0.587841 -0.119407
-47.0235 114.427 -41.6421 -0.803672 0.583987 -0.114304
-47.9738 112.886 -42.5919 -0.813452 0.569012 -0.120502
-48.9357 111.299 -43.587 -0.814354 0.567586 -0.121138
-49.8654 109.754 -44.491 -0.81925 0.560694 -0.120213
-50.8267 108.136 -45.4771 -0.82025 0.559321 -0.119791
-51.8002 106.497 -46.4647 -0.820707 0.559053 -0.117902
-52.8035 104.818 -47.4526 -0.822661 0.556554 -0.11609
-53.7485 103.189 -48.4358 -0.831114 0.544295 -0.113988
-54.663 101.59 -49.3991 -0.830999 0.54425 -0.115038
-55.5847 99.9925 -50.2633 -0.832354 0.541771 -0.116926
-56.5219 98.3543 -51.186 -0.832636 0.541583 -0.11578
-57.4023 96.8016 -52.0927 -0.83336 0.539868 -0.118545
-58.2776 95.2402 -53.0183 -0.837165 0.534931 -0.114033
-59.1751 93.638 -53.9334 -0.837963 0.533885 -0.113073
-60.072 92.0405 -54.8293 -0.83798 0.533866 -0.113031
-61.0175 90.3545 -55.7716 -0.839421 0.531387 -0.11402
-61.9006 88.7457 -56.6704 -0.842742 0.525504 -0.116753
-62.7994 87.1153 -57.5209 -0.842748 0.525556 -0.116474
-63.6619 85.54 -58.4249 -0.842881 0.527524 -0.106144
-64.5833 83.874 -59.3136 -0.849602 0.514294 -0.116921
-65.4658 82.2004 -60.2151 -0.850206 0.512083 -0.122152
-66.3858 80.4604 -61.1125 -0.849098 0.513734 -0.122922
-67.2644 78.7966 -62.0018 -0.848197 0.514862 -0.124413
-68.1181 77.1872 -62.8425 -0.848153 0.514937 -0.124407
-68.9805 75.5574 -63.7079 -0.848378 0.514452 -0.124874
-69.8273 73.9254 -64.5876 -0.852548 0.50655 -0.128719
-70.6788 72.2785 -65.4241 -0.852646 0.506333 -0.128928
-71.5884 70.5303 -66.2983 -0.851608 0.509471 -0.12329
-72.523 68.7573 -67.2214 -0.852389 0.510398 -0.113695
-73.4336 66.9745 -68.0978 -0.862194 0.485734 -0.143795
-74.2519 65.254 -68.929 -0.863797 0.481581 -0.148102
-75.1354 63.4105 -69.7711 -0.863689 0.481675 -0.148429
-75.9992 61.6211 -70.6498 -0.853353 0.497245 -0.156606
-76.8498 59.9275 -71.4517 -0.848994 0.503615 -0.159942
-77.6934 58.2211 -72.3465 -0.848981 0.503626 -0.159979
-78.5491 56.5291 -73.116 -0.850414 0.499747 -0.164453
-79.4129 54.7613 -73.9721 -0.851651 0.496474 -0.16794
-80.2415 53.0621 -74.7929 -0.851724 0.496256 -0.168216
-81.056 51.384 -75.6055 -0.851163 0.495482 -0.17326
-81.8583 49.7277 -76.396 -0.850962 0.495192 -0.175067
-82.7085 47.9333 -77.3214 -0.852414 0.490526 -0.180995
-83.5042 46.184 -78.1017 -0.861287 0.467972 -0.197956
-84.3317 44.3151 -78.9224 -0.859988 0.470267 -0.198167
-85.1545 42.4838 -79.7686 -0.84932 0.485764 -0.206612
-85.9625 40.7309 -80.5729 -0.848833 0.48639 -0.20714
-86.8056 38.9353 -81.2985 -0.852291 0.477538 -0.21344
-87.5682 37.2116 -82.0441 -0.854986 0.470794 -0.217605
-88.3361 35.4604 -82.7555 -0.862604 0.448204 -0.234582
-89.076 33.6681 -83.4642 -0.842963 0.463408 -0.273251
-89.8615 31.8335 -84.183 -0.840514 0.468407 -0.272269
-90.6312 30.0216 -84.9206 -0.839467 0.468661 -0.275049
-90.7425 30.3891 -83.9655 -0.835059 0.47181 -0.282963
-90.4774 31.7571 -82.4795 -0.832167 0.472886 -0.289614
-90.0327 33.2508 -81.1998 -0.830504 0.494272 -0.256775
-89.4743 34.8587 -79.8853 -0.842263 0.48121 -0.242961
-89.0038 36.3925 -78.476 -0.842003 0.482301 -0.241695
-88.5108 37.8933 -77.1427 -0.837898 0.494262 -0.231586
-87.9149 39.4701 -75.9099 -0.836503 0.497101 -0.23055
-87.3433 41.004 -74.6711 -0.837205 0.499659 -0.222327
-86.7189 42.5794 -73.41 -0.841019 0.502783 -0.199744
-86.0719 44.1762 -72.112 -0.841247 0.502704 -0.198977
-85.4084 45.7453 -70.9201 -0.837971 0.508916 -0.197001
-84.8238 47.2025 -69.6207 -0.837 0.510799 -0.196255
-84.1931 48.7412 -68.3115 -0.839256 0.50784 -0.194289
-83.5418 50.2736 -67.0151 -0.838844 0.513072 -0.18193
-82.927 51.7204 -65.7543 -0.837381 0.514705 -0.184044
-82.2904 53.2019 -64.4953 -0.838484 0.51443 -0.179743
-81.6374 54.6965 -63.2325 -0.839355 0.515487 -0.172499
-80.9594 56.222 -61.9677 -0.840121 0.51504 -0.170088
-80.2521 57.8034 -60.6469 -0.83613 0.521046 -0.171459
-79.5797 59.2854 -59.3908 -0.832861 0.525605 -0.173443
-78.919 60.7465 -58.1346 -0.8328 0.525687 -0.173486
-78.208 62.2545 -56.9787 -0.832909 0.52545 -0.173681
-77.491 63.7797 -55.7998 -0.833585 0.525166 -0.171279
-76.7525 65.3302 -54.5476 -0.834884 0.52821 -0.154796
-75.9815 66.9044 -53.3655 -0.83952 0.52209 -0.150425
-75.263 68.3896 -52.2274 -0.840108 0.521278 -0.14996
-74.5328 69.901 -51.0663 -0.840201 0.521117 -0.149999
-73.786 71.4288 -49.9311 -0.837521 0.525448 -0.149874
-73.0353 72.9526 -48.7688 -0.837681 0.525426 -0.149055
-72.2445 74.5529 -47.5737 -0.837872 0.525158 -0.148928
-71.4855 76.0799 -46.4492 -0.837875 0.526694 -0.143382
-70.6949 77.6678 -45.1219 -0.835458 0.532758 -0.134829
-69.9627 79.1147 -43.9414 -0.835457 0.532762 -0.13482
-69.2401 80.5525 -42.7321 -0.834693 0.534175 -0.133956
-68.4515 82.1264 -41.3535 -0.833347 0.536239 -0.134094
-67.6536 83.6673 -40.166 -0.833315 0.536081 -0.134918
-66.9289 85.1028 -38.9407 -0.833476 0.535961 -0.134402
-66.1419 86.6175 -37.7484 -0.832594 0.538037 -0.131539
-65.3351 88.1676 -36.5166 -0.832897 0.537631 -0.131283
-64.5894 89.6158 -35.3086 -0.832302 0.539153 -0.128792
-63.8968 90.9972 -33.987 -0.832577 0.53918 -0.126884
-63.1586 92.4434 -32.6155 -0.831955 0.542434 -0.116692
-62.4444 93.8095 -31.3414 -0.830819 0.544102 -0.117016
-61.663 95.2861 -30.0091 -0.830735 0.544415 -0.11615
-60.9321 96.6761 -28.7043 -0.83022 0.545608 -0.114223
-60.1309 98.1602 -27.3933 -0.828513 0.548477 -0.112869
-59.3718 99.5827 -26.052 -0.828476 0.548567 -0.112706
-58.6171 100.977 -24.7803 -0.827773 0.550135 -0.110194
-57.853 102.384 -23.4986 -0.827986 0.549847 -0.110029
-57.1865 103.666 -22.1101 -0.828305 0.549545 -0.109134
-56.5464 104.926 -20.5742 -0.828142 0.550843 -0.103694
-55.8827 106.207 -19.047 -0.828926 0.55028 -0.100366
-55.2425 107.436 -17.5032 -0.831411 0.549194 -0.0845073
-54.566 108.692 -15.91 -0.82959 0.552574 -0.080267
-53.9282 109.851 -14.401 -0.824505 0.560815 -0.0753593
-53.3831 110.863 -12.7592 -0.824252 0.562062 -0.0685268
-52.9375 111.735 -10.8972 -0.822937 0.564904 -0.060438
-52.4818 112.585 -9.13144 -0.825497 0.561532 -0.056896
-51.9287 113.569 -7.33267 -0.823653 0.564996 -0.0487378
-51.432 114.419 -5.42756 -0.818366 0.573812 -0.0319022
-51.0747 114.995 -3.5078 -0.814283 0.580455 0.00311218
-50.7886 115.368 -1.52322 -0.817851 0.575306 0.0118974
-50.5258 115.675 0.549395 -0.813525 0.58084 0.0282491
-50.3571 115.774 2.54995 -0.814314 0.578577 0.0462595
-50.3473 115.603 4.56657 -0.812573 0.579859 0.0590687
-50.5422 115.14 6.5065 -0.810473 0.582974 0.057222
-50.9343 114.389 8.50155 -0.810698 0.581816 0.0652628
-51.3567 113.586 10.4095 -0.807918 0.585681 0.0651641
-51.8653 112.671 12.2231 -0.807379 0.584979 0.0770542
-52.5723 111.485 13.7905 -0.80764 0.584554 0.0775562
-53.357 110.221 15.1851 -0.807715 0.584812 0.074781
-54.15 108.955 16.5308 -0.807624 0.585062 0.0737951
-54.9803 107.644 17.8864 -0.807362 0.585658 0.0719092
-55.8484 106.285 19.1727 -0.809623 0.582579 0.0715028
-56.8044 104.803 20.4167 -0.811657 0.580088 0.0686319
-57.7793 103.29 21.5717 -0.816237 0.573454 0.0700566
-58.7021 101.844 22.7162 -0.815128 0.575987 0.0616484
-59.7139 100.29 23.8366 -0.818857 0.571016 0.0584245
-60.6885 98.797 24.7659 -0.818991 0.570934 0.0573403
-61.6659 97.2857 25.8507 -0.819591 0.570212 0.055933
-62.5661 95.8668 26.9526 -0.826001 0.561068 0.054076
-63.466 94.432 28.068 -0.826839 0.559932 0.0530354
-64.3638 93.0122 29.1579 -0.826401 0.561174 0.0463183
-65.2965 91.5428 30.2744 -0.828645 0.557965 0.0449775
-66.1892 90.1183 31.3869 -0.830667 0.554959 0.0448655
-67.1329 88.6128 32.5255 -0.831976 0.553045 0.0442301
-68.062 87.1213 33.5633 -0.834359 0.549292 0.0460822
-69.0207 85.5891 34.4719 -0.834247 0.549429 0.04646
-69.9633 84.076 35.4478 -0.835565 0.547551 0.0449312
-70.6239 83.002 36.2336 -0.837991 0.54413 0.0411592
-69.5761 84.6558 35.5472 -0.835073 0.548369 0.0441045
-68.4608 86.4067 34.8743 -0.833929 0.550088 0.0443223
-67.4242 88.0266 34.3228 -0.834061 0.54987 0.0445661
-66.3744 89.6546 33.7099 -0.830442 0.55536 0.0440576
-65.2832 91.3363 33.0594 -0.830356 0.555497 0.0439499
-64.2505 92.9262 32.3917 -0.826723 0.560914 0.0436189
-63.1867 94.5313 31.8134 -0.823215 0.565736 0.0475321
-62.1227 96.1316 31.1759 -0.821592 0.567903 0.0497368
-60.9706 97.854 30.5066 -0.820989 0.568748 0.0500271
-59.8834 99.4828 29.7709 -0.817327 0.573803 0.0521937
-58.6979 101.205 29.1895 -0.810511 0.582961 0.056772
-57.553 102.847 28.5479 -0.806536 0.58768 0.0642817
-56.3911 104.517 27.8507 -0.805811 0.588547 0.0654315
-55.2324 106.175 27.198 -0.805 0.589537 0.0664971
-54.0803 107.812 26.5394 -0.801615 0.594272 0.0652228
-53.0021 109.345 25.8136 -0.800633 0.595253 0.068272
-51.8554 110.942 25.1459 -0.792398 0.604473 0.0819568
-50.7145 112.508 24.5077 -0.789695 0.607791 0.0834984
-49.5773 114.076 23.8883 -0.790824 0.606099 0.0850963
-48.4768 115.608 23.2139 -0.790529 0.604985 0.0951717
-47.3339 117.209 22.5339 -0.788138 0.607806 0.0969626
-46.1569 118.818 21.874 -0.77995 0.61726 0.103282
-44.9511 120.467 21.1626 -0.782063 0.6137 0.108392
-43.8326 122.011 20.4914 -0.780585 0.615274 0.110117
-42.6213 123.653 19.815 -0.770887 0.625142 0.122192
-41.5015 125.178 19.1517 -0.773612 0.620207 0.129877
-40.3398 126.77 18.4762 -0.772929 0.619856 0.135493
-39.1387 128.417 17.8042 -0.773346 0.61908 0.136657
-37.9561 130.055 17.0862 -0.775581 0.615687 0.139269
-36.8164 131.643 16.3955 -0.769769 0.621353 0.146205
-35.7096 133.174 15.7151 -0.770598 0.619971 0.147702
-34.5323 134.792 15.0612 -0.767714 0.623314 0.148641
-33.2942 136.469 14.354 -0.758904 0.632856 0.153434
-32.1417 137.984 13.7381 -0.735544 0.656761 0.166251
-30.826 139.478 13.4085 -0.704179 0.692025 0.158851
-29.3527 140.815 13.8579 -0.649922 0.747594 0.136765
-27.9089 141.741 15.103 -0.612036 0.779328 0.134181
-26.7517 142.352 16.7254 -0.559505 0.814128 0.155109
-25.5295 142.83 18.2699 -0.522344 0.83212 0.185995
-24.1906 143.242 19.7555 -0.432442 0.882109 0.186756
-22.7964 143.586 21.2035 -0.389381 0.90192 0.186877
-21.3197 143.934 22.5191 -0.381176 0.902343 0.201199
-19.6262 144.313 23.8249 -0.333686 0.914255 0.229579
-17.9691 144.527 25.0961 -0.281006 0.925382 0.253731
-16.2857 144.582 26.2197 -0.194523 0.928741 0.315597
-14.4813 144.444 27.337 -0.0635445 0.914722 0.399057
-12.7051 144.158 28.2296 -0.0577579 0.908356 0.414189
-10.8551 143.833 29.0867 -0.00865403 0.899389 0.437039
-8.88685 143.314 29.77 0.0945132 0.852554 0.514023
-7.08625 142.696 30.4655 0.0996421 0.839133 0.534634
-5.64345 141.691 31.639 0.170702 0.808024 0.563496
-4.99746 140.449 33.0738 0.193528 0.77286 0.604331
-5.11016 139.13 34.7381 0.202361 0.759799 0.617864
-5.49184 137.938 36.3046 0.211041 0.740763 0.637755
-6.00133 136.635 37.9355 0.212456 0.726346 0.653669
-6.46599 135.302 39.5313 0.245599 0.692098 0.678733
-6.88204 133.924 41.0142 0.25629 0.665949 0.70059
-7.41441 132.605 42.4591 0.267664 0.661891 0.700178
-7.8112 131.174 43.9679 0.277736 0.6597 0.698325
-8.18459 129.782 45.4266 0.277959 0.656852 0.700917
-8.55113 128.306 46.9537 0.279206 0.655173 0.701992
-8.95896 126.885 48.4251 0.283731 0.64566 0.708957
-9.38633 125.457 49.8878 0.288157 0.636616 0.715317
-9.7311 123.977 51.3215 0.287324 0.622825 0.727691
-10.1638 122.463 52.773 0.291595 0.615391 0.732302
-10.6128 120.95 54.2157 0.291525 0.612818 0.734485
-10.9516 119.473 55.572 0.300327 0.601547 0.740233
-11.2791 117.939 56.9411 0.300333 0.59782 0.743244
-11.6736 116.391 58.3336 0.301967 0.589329 0.749338
-12.0642 114.888 59.6669 0.303316 0.587115 0.75053
-12.427 113.383 60.979 0.311058 0.57142 0.759422
-12.8095 111.781 62.3165 0.307555 0.563809 0.766505
-13.1391 110.181 63.6252 0.306454 0.562819 0.767673
-13.4496 108.501 64.9776 0.304595 0.562568 0.768595
-13.8313 106.881 66.3077 0.303364 0.558511 0.772034
-14.1926 105.298 67.5948 0.305375 0.558246 0.771432
-14.5489 103.678 68.9027 0.308383 0.548029 0.777538
-14.8881 102.111 70.1343 0.308462 0.544456 0.780012
-15.25 100.523 71.3854 0.307588 0.543283 0.781174
-15.5899 98.9184 72.6288 0.307189 0.540991 0.78292
-15.9216 97.3149 73.8674 0.306759 0.540512 0.783419
-16.2405 95.732 75.0765 0.30385 0.537354 0.786718
-16.5645 94.1155 76.3045 0.305979 0.536461 0.786503
-16.9009 92.476 77.5529 0.306255 0.536229 0.786554
-17.2402 90.8936 78.7637 0.306241 0.536148 0.786614
-17.4935 89.2806 79.9526 0.303957 0.530192 0.791522
-17.8791 87.6721 81.1773 0.303968 0.529868 0.791735
-18.2048 86.0606 82.3815 0.305032 0.529632 0.791483
-18.5411 84.3757 83.6508 0.31444 0.531327 0.786651
-18.8819 82.7263 84.8754 0.304407 0.517238 0.799875
-19.1684 81.0239 86.0804 0.303958 0.51724 0.800046
-19.501 79.3576 87.2872 0.297258 0.522259 0.799301
-19.8015 77.7418 88.4546 0.296828 0.522459 0.799331
-20.0998 76.1311 89.6182 0.296841 0.522447 0.799334
-20.4515 74.5273 90.7941 0.295056 0.518604 0.80249
-20.7481 72.857 91.9774 0.293869 0.516716 0.804142
-21.0305 71.1883 93.1528 0.293884 0.516735 0.804125
-21.384 69.4615 94.3942 0.298223 0.518635 0.801298
-21.7194 67.6898 95.6682 0.303133 0.518288 0.79968
-21.9982 66.0394 96.8311 0.285088 0.51071 0.81111
-22.2916 64.3743 97.9387 0.273471 0.494599 0.824976
-22.5848 62.6542 99.0672 0.273314 0.49548 0.824499
-22.9124 60.9298 100.228 0.263397 0.513145 0.816885
-23.2119 59.2174 101.408 0.26175 0.517168 0.814877
-23.4778 57.5255 102.567 0.261738 0.5172 0.81486
-23.7677 55.876 103.697 0.255797 0.510883 0.820711
-24.1008 54.2233 104.828 0.253316 0.510636 0.821634
-24.356 52.5147 105.969 0.252434 0.510218 0.822164
-24.6596 50.7995 107.124 0.246557 0.51009 0.824025
-24.9449 49.1172 108.248 0.245143 0.509483 0.824822
-25.2397 47.4498 109.366 0.244894 0.508625 0.825425
-25.568 45.6607 110.544 0.236259 0.496361 0.835348
-25.8678 43.8984 111.672 0.235209 0.495219 0.836322
-26.2031 42.1704 112.794 0.229717 0.502756 0.833345
-26.4887 40.4954 113.888 0.225344 0.506807 0.832086
-26.8031 38.8189 114.994 0.225569 0.506361 0.832296
-27.0528 37.0174 116.145 0.223611 0.499317 0.837067
-27.3043 35.2361 117.272 0.219905 0.497407 0.839183
-27.5732 33.4369 118.394 0.188983 0.497577 0.846573
-27.8669 31.6836 119.495 0.184203 0.501274 0.845454
-27.972 30.917 119.973 0.184145 0.50217 0.844935
-7.36952 97.0797 70.7539 0.297364 0.545902 0.783305
-7.37773 97.1371 70.717 0.297354 0.545901 0.783309
-7.24439 97.2761 70.5696 0.297366 0.545908 0.783299
-7.23412 97.8212 70.1858 0.297338 0.545943 0.783285
-7.33624 97.4101 70.5111 0.297369 0.545916 0.783293
-6.93019 98.1027 69.8741 0.298493 0.547596 0.781691
-6.8394 99.4849 68.8666 0.299443 0.550155 0.779528
-6.47938 101.025 67.6415 0.299325 0.550223 0.779525
-6.14911 102.615 66.3861 0.299864 0.556941 0.77453
-5.78414 104.239 65.0699 0.300893 0.559015 0.772635
-5.45507 105.779 63.8278 0.30072 0.560802 0.771407
-5.14114 107.372 62.5334 0.300796 0.567902 0.766165
-4.8259 108.902 61.2763 0.303653 0.567702 0.765186
-4.46748 110.423 59.998 0.303745 0.571892 0.762023
-4.12263 111.956 58.7091 0.302979 0.572618 0.761782
-3.73639 113.526 57.3582 0.298141 0.584131 0.75492
-3.31526 115.11 55.9603 0.298301 0.586323 0.753155
-2.94075 116.639 54.6206 0.295691 0.588419 0.752549
-2.60322 118.134 53.313 0.298842 0.5916 0.748801
-2.15563 119.603 51.9642 0.303937 0.593638 0.745128
-1.71505 121.079 50.595 0.302942 0.60498 0.73636
-1.37225 122.524 49.231 0.305485 0.615795 0.726275
-0.965531 123.947 47.8295 0.307646 0.625698 0.716838
-0.569513 125.399 46.3979 0.292041 0.627922 0.721385
-0.166564 126.887 44.9351 0.28721 0.634362 0.717702
0.181892 128.304 43.5523 0.280757 0.642185 0.71327
0.622913 129.709 42.114 0.280909 0.643184 0.712322
1.12927 131.117 40.6436 0.281819 0.642094 0.712947
1.57447 132.517 39.1955 0.277771 0.652796 0.70476
2.07291 133.916 37.6859 0.280093 0.656267 0.700615
2.60161 135.278 36.2296 0.265646 0.650842 0.711222
3.04684 136.662 34.7655 0.246063 0.681521 0.689189
3.33028 138.127 33.2324 0.222821 0.699025 0.679496
3.31834 139.517 31.6709 0.216304 0.739508 0.637449
3.00546 140.821 30.1513 0.222201 0.778482 0.587019
2.3728 142.063 28.7114 0.219782 0.799626 0.558746
1.40504 143.207 27.2417 0.166238 0.839497 0.517309
0.0972195 144.268 25.8914 0.149733 0.847704 0.508898
-1.35297 145.208 24.7096 0.141313 0.857013 0.495534
-2.97211 146.02 23.7899 0.165157 0.840828 0.51546
-4.74012 146.657 23.0638 0.0434583 0.865157 0.499614
-6.70698 147.128 22.3262 -0.0299102 0.899211 0.436492
-8.58232 147.4 21.4568 -0.0636977 0.913634 0.401506
-10.3366 147.673 20.4981 -0.107302 0.913073 0.393213
-12.1032 147.821 19.4117 -0.156131 0.924446 0.347882
-13.8329 147.822 18.3352 -0.244565 0.926116 0.287213
-15.4438 147.723 17.1435 -0.315026 0.905154 0.28514
-16.995 147.422 15.9178 -0.404282 0.887068 0.222858
-18.4877 147.1 14.527 -0.404097 0.882469 0.240606
-19.9137 146.837 13.0533 -0.424527 0.875009 0.232672
-21.2801 146.431 11.4925 -0.483312 0.860747 0.159763
-22.5208 146.009 9.94777 -0.49459 0.858189 0.137448
-23.8506 145.425 8.55507 -0.505149 0.855116 0.116626
-25.3472 144.705 7.37678 -0.503392 0.856143 0.116683
-26.9076 143.835 6.3507 -0.562356 0.822037 0.0895077
-28.521 142.708 5.54946 -0.627648 0.775439 0.0683915
-30.049 141.475 5.16929 -0.622366 0.782082 0.0314955
-31.5918 140.134 5.02268 -0.698176 0.714807 0.0400225
-32.9641 138.683 5.17142 -0.755146 0.653777 0.0482715
-34.2341 137.117 5.53378 -0.773786 0.626673 0.0923891
-35.4509 135.517 6.04663 -0.783314 0.613011 0.103132
-36.6703 133.809 6.78194 -0.789841 0.605376 0.0983445
-37.8322 132.204 7.46764 -0.785183 0.611186 0.0996888
-38.9221 130.668 8.15781 -0.791159 0.60166 0.109876
-40.0538 129.036 8.87507 -0.794411 0.597616 0.108466
-41.1784 127.427 9.53456 -0.790925 0.602032 0.109524
-42.2974 125.859 10.1785 -0.790543 0.603945 0.101434
-43.4081 124.293 10.841 -0.793114 0.601262 0.0972059
-44.5643 122.669 11.5172 -0.792935 0.602448 0.0911663
-45.6689 121.114 12.2033 -0.792885 0.601293 0.0988941
-45.9782 120.856 11.2234 -0.794838 0.600659 0.0862667
-45.6635 121.543 9.28332 -0.796163 0.599306 0.0833915
-45.4414 122.103 7.27275 -0.800425 0.594256 0.0786094
-45.3637 122.512 5.10822 -0.801016 0.594366 0.0714301
-45.391 122.707 3.00215 -0.799825 0.59783 0.0536577
-45.5274 122.673 0.989962 -0.811122 0.583897 0.0338362
-45.7319 122.499 -1.11917 -0.811424 0.583748 0.0288025
-45.9615 122.255 -3.11856 -0.812983 0.582061 0.0162538
-46.1981 121.879 -5.17646 -0.810916 0.584379 -0.0302713
-46.4548 121.431 -7.11006 -0.813801 0.580286 -0.0310496
-46.8546 120.723 -8.96451 -0.820312 0.570196 -0.0443121
-47.3278 119.876 -10.7917 -0.822782 0.56561 -0.0558225
-47.8366 118.953 -12.6209 -0.816647 0.573252 -0.066857
-48.2821 118.092 -14.3841 -0.817584 0.57083 -0.0755581
-48.7499 117.163 -16.2354 -0.815028 0.572043 -0.0921749
-49.216 116.195 -17.9615 -0.818507 0.565727 -0.0999994
-49.7826 115.057 -19.7359 -0.818442 0.565234 -0.103262
-50.4072 113.871 -21.3076 -0.815821 0.56918 -0.102324
-51.0709 112.63 -22.8742 -0.816791 0.566507 -0.109192
-51.7296 111.378 -24.352 -0.819759 0.561128 -0.114591
-52.3322 110.189 -25.867 -0.82128 0.558971 -0.114239
-52.9567 108.939 -27.4257 -0.825447 0.551628 -0.119769
-53.6456 107.575 -28.9606 -0.825643 0.551337 -0.119751
-54.418 106.098 -30.438 -0.825252 0.552085 -0.118998
-55.1705 104.716 -31.6719 -0.824764 0.553374 -0.116372
-55.9516 103.269 -33.0045 -0.825027 0.552283 -0.119637
-56.6827 101.894 -34.2832 -0.824022 0.553063 -0.122912
-57.4428 100.462 -35.6146 -0.823629 0.553033 -0.125662
-58.2316 98.9759 -36.9014 -0.827467 0.546448 -0.129201
-58.9895 97.5245 -38.1885 -0.827728 0.546589 -0.126914
-59.6806 96.1679 -39.4916 -0.831471 0.541199 -0.125533
-60.4041 94.7497 -40.7941 -0.832719 0.539402 -0.124999
-61.1323 93.319 -42.1164 -0.832711 0.539416 -0.12499
-61.922 91.8083 -43.3644 -0.833256 0.538103 -0.127002
-62.7009 90.3282 -44.5194 -0.833213 0.537995 -0.127736
-63.4325 88.9081 -45.726 -0.83366 0.537361 -0.127493
-64.1967 87.4152 -47.001 -0.835536 0.53458 -0.126899
-64.9833 85.8903 -48.1902 -0.838294 0.529684 -0.129223
-65.7452 84.3621 -49.5092 -0.838333 0.529488 -0.129767
-66.1571 83.5124 -50.3149 -0.838268 0.529505 -0.130119
-65.239 85.163 -49.5111 -0.838235 0.529678 -0.129625
-64.3327 86.8151 -48.6157 -0.836843 0.532123 -0.128604
-63.4444 88.403 -47.7767 -0.833588 0.53746 -0.127548
-62.4718 90.1196 -46.8927 -0.833223 0.537988 -0.127706
-61.4784 91.889 -45.9202 -0.833257 0.537941 -0.12768
-60.5694 93.5234 -44.9655 -0.833259 0.537961 -0.127579
-59.6689 95.141 -43.9924 -0.830971 0.542149 -0.124741
-58.7781 96.7151 -43.0649 -0.82901 0.544712 -0.126611
-57.8194 98.4057 -42.069 -0.828997 0.544736 -0.126595
-56.9266 99.9697 -41.1553 -0.827614 0.547469 -0.123826
-56.0237 101.536 -40.2422 -0.826078 0.550163 -0.122127
-55.1057 103.124 -39.2885 -0.825621 0.550745 -0.122596
-54.1801 104.725 -38.3284 -0.825159 0.551303 -0.123196
-53.2633 106.307 -37.3434 -0.82224 0.5558 -0.122509
-52.3328 107.885 -36.4313 -0.821954 0.556167 -0.122759
-51.3799 109.506 -35.4619 -0.820369 0.558587 -0.122375
-50.4105 111.13 -34.4609 -0.817745 0.563177 -0.118852
-49.465 112.705 -33.501 -0.817349 0.563707 -0.119061
-48.4974 114.299 -32.4795 -0.808283 0.57689 -0.117794
-47.5712 115.798 -31.5022 -0.809047 0.573719 -0.12763
-46.6259 117.364 -30.4764 -0.803149 0.579968 -0.136341
-45.6652 118.929 -29.4682 -0.799235 0.584638 -0.139362
-44.7232 120.433 -28.5213 -0.798557 0.586365 -0.135954
-43.7605 121.975 -27.5004 -0.794787 0.591992 -0.133635
-42.7802 123.483 -26.4458 -0.782919 0.608985 -0.12718
-41.8052 124.926 -25.3668 -0.763689 0.633383 -0.124919
-40.7804 126.365 -24.2857 -0.766918 0.630603 -0.11906
-39.7026 127.881 -23.2154 -0.766416 0.630431 -0.123121
-38.579 129.481 -22.0108 -0.763957 0.631495 -0.132601
-37.5175 130.986 -20.9482 -0.757436 0.637591 -0.140604
-36.5447 132.401 -19.809 -0.759005 0.634825 -0.144596
-35.5238 133.856 -18.6259 -0.737182 0.660538 -0.142315
-34.4761 135.249 -17.5043 -0.72611 0.669657 -0.155963
-33.463 136.599 -16.3914 -0.718182 0.674728 -0.170164
-32.4203 137.982 -15.1621 -0.707486 0.688018 -0.161464
-31.2167 139.469 -14.0456 -0.691837 0.705086 -0.154026
-29.8588 140.757 -13.2374 -0.610313 0.781071 -0.132083
-28.2656 142.002 -12.6785 -0.551331 0.827136 -0.108903
-26.6323 143.148 -12.3785 -0.550158 0.82492 -0.129746
-24.89 144.246 -12.3812 -0.497181 0.855601 -0.143813
-23.0505 145.224 -12.6785 -0.483795 0.862024 -0.151183
-21.2417 146.149 -13.2412 -0.483324 0.859398 -0.166831
-19.5252 146.84 -14.1021 -0.431096 0.877122 -0.211693
-17.7558 147.433 -15.3046 -0.429886 0.881887 -0.193573
-16.1984 147.819 -16.6479 -0.320847 0.916357 -0.23821
-14.6214 147.94 -17.9032 -0.266484 0.93042 -0.251596
-12.9475 148.056 -19.1612 -0.212765 0.931557 -0.294843
-11.1842 148.016 -20.2415 -0.147417 0.940653 -0.305678
-9.35482 147.963 -21.1943 -0.11514 0.920686 -0.372935
-7.4352 147.747 -21.9642 -0.00487726 0.909798 -0.415024
-5.53979 147.397 -22.6946 0.0127015 0.90917 -0.416231
-3.51551 146.993 -23.3455 0.0768538 0.880443 -0.467856
-1.61771 146.537 -23.7967 0.0949475 0.874046 -0.476476
0.385198 146.128 -24.1504 0.0953623 0.871634 -0.480789
2.34214 145.711 -24.5008 0.102814 0.868204 -0.485438
4.25279 145.114 -24.9616 0.180123 0.82734 -0.532038
6.07238 144.293 -25.5474 0.209625 0.807252 -0.551655
7.66558 143.256 -26.28 0.247878 0.767071 -0.591742
9.12942 142.087 -27.1587 0.278667 0.747073 -0.603507
10.3023 140.744 -28.2018 0.303217 0.722473 -0.62136
11.272 139.214 -29.4493 0.312015 0.704005 -0.637984
11.857 137.768 -30.714 0.329914 0.670229 -0.664793
12.1882 136.224 -31.9861 0.343752 0.620655 -0.704714
12.2656 134.656 -33.3118 0.339362 0.615006 -0.711758
12.3341 133.059 -34.6692 0.339255 0.620217 -0.707275
12.3643 131.488 -36.0094 0.35282 0.60652 -0.712497
12.3545 129.886 -37.3701 0.349419 0.604788 -0.715635
12.3182 128.349 -38.6644 0.334717 0.601758 -0.725156
13.3152 128.166 -38.35 0.348393 0.60623 -0.714917
14.9828 128.704 -37.069 0.352962 0.606917 -0.712088
16.7187 129.054 -35.8872 0.371651 0.608081 -0.701508
18.5389 129.082 -34.9103 0.36636 0.614055 -0.699083
20.4202 128.904 -34.0599 0.375162 0.616967 -0.691811
22.3288 128.51 -33.3251 0.401228 0.619002 -0.675168
24.1989 128.013 -32.6282 0.426695 0.610567 -0.667188
26.0612 127.418 -31.9386 0.453266 0.614937 -0.645288
27.8501 126.737 -31.3522 0.448152 0.621347 -0.642702
29.691 125.832 -30.9223 0.454783 0.624606 -0.634855
31.4302 124.838 -30.6352 0.457359 0.618825 -0.638653
33.1783 123.774 -30.3912 0.473289 0.618293 -0.627464
34.8885 122.7 -30.1685 0.465891 0.621304 -0.630021
36.6578 121.533 -30.0158 0.466423 0.622137 -0.628804
38.3576 120.415 -29.8335 0.474871 0.607573 -0.636673
39.9665 119.226 -29.7709 0.471757 0.607602 -0.638956
41.4865 117.856 -29.9359 0.476481 0.600257 -0.642384
42.9464 116.492 -30.1537 0.462476 0.605583 -0.647599
44.4587 115.127 -30.3467 0.46523 0.602245 -0.648739
45.9389 113.771 -30.5296 0.469605 0.597186 -0.650261
47.4503 112.399 -30.6983 0.469569 0.594913 -0.652366
48.8927 111.024 -30.8944 0.474283 0.588134 -0.655098
50.4013 109.63 -31.0551 0.47266 0.58724 -0.65707
51.9447 108.274 -31.1504 0.475407 0.583329 -0.658571
53.4523 106.834 -31.3315 0.477355 0.581734 -0.658573
54.8402 105.389 -31.6018 0.477045 0.581776 -0.658759
56.2353 103.896 -31.9089 0.476455 0.580426 -0.660376
57.6101 102.418 -32.2134 0.476892 0.579059 -0.66126
58.9575 100.887 -32.583 0.477737 0.579633 -0.660146
60.3222 99.4009 -32.8971 0.482436 0.575051 -0.660735
61.6304 97.8636 -33.2749 0.482912 0.572573 -0.662538
62.9841 96.3813 -33.5668 0.482373 0.571047 -0.664245
64.3345 94.8456 -33.9042 0.482784 0.569884 -0.664944
65.6999 93.3572 -34.1897 0.481001 0.570353 -0.665835
67.0615 91.8747 -34.4762 0.480275 0.569908 -0.666739
68.394 90.367 -34.7984 0.48152 0.567239 -0.668115
69.768 88.8737 -35.0737 0.482511 0.564674 -0.669572
71.1184 87.4029 -35.3364 0.485183 0.562701 -0.669302
72.5616 85.8118 -35.6278 0.484637 0.562191 -0.670126
73.9714 84.2792 -35.8945 0.48431 0.561921 -0.670588
75.3287 82.755 -36.1912 0.484363 0.560698 -0.671573
76.648 81.1201 -36.5924 0.486938 0.554842 -0.674568
77.9534 79.5737 -36.9224 0.486668 0.55486 -0.674748
79.2887 78.0089 -37.246 0.486822 0.554956 -0.674558
80.5743 76.4786 -37.5721 0.489675 0.552427 -0.674569
81.8619 74.9104 -37.9208 0.489876 0.552299 -0.674528
83.1688 73.3279 -38.2673 0.48978 0.552078 -0.674778
84.5449 71.7486 -38.5602 0.490727 0.551776 -0.674337
85.9426 70.1541 -38.8372 0.495662 0.547753 -0.674007
87.346 68.5456 -39.1154 0.496154 0.550178 -0.671666
88.6714 67.0229 -39.3839 0.496151 0.550269 -0.671594
90.0526 65.4918 -39.618 0.496177 0.550196 -0.671634
91.5028 63.9224 -39.8228 0.502735 0.544322 -0.671544
92.8279 62.4293 -40.0402 0.502945 0.54394 -0.671697
94.1666 60.8447 -40.3229 0.50318 0.546012 -0.669836
95.5615 59.1508 -40.6587 0.503808 0.547711 -0.667974
96.8598 57.6182 -40.9362 0.503846 0.547799 -0.667874
98.2206 55.9394 -41.2756 0.51031 0.541441 -0.66815
99.5606 54.3143 -41.565 0.511384 0.540444 -0.668137
100.921 52.7633 -41.7842 0.511071 0.545138 -0.664553
102.304 51.16 -42.0389 0.510911 0.546297 -0.663724
103.62 49.5872 -42.3013 0.520842 0.536879 -0.66369
104.976 47.9308 -42.5734 0.521538 0.535792 -0.664022
106.296 46.3545 -42.8085 0.521535 0.535796 -0.664022
107.563 44.8255 -43.0475 0.521551 0.535785 -0.664017
108.847 43.2957 -43.2732 0.522155 0.536453 -0.663002
110.185 41.6928 -43.517 0.525723 0.535452 -0.660989
111.44 40.0921 -43.8051 0.52747 0.532526 -0.66196
112.84 38.5104 -43.9626 0.526409 0.532132 -0.663121
114.307 36.8987 -44.0899 0.527297 0.531886 -0.662611
115.682 35.3693 -44.1978 0.549493 0.523406 -0.651201
117.006 33.808 -44.3228 0.554948 0.524009 -0.646102
118.284 32.2716 -44.475 0.554092 0.525222 -0.645851
119.646 30.7074 -44.5821 0.556172 0.527417 -0.642264
121.07 29.052 -44.724 0.557288 0.535819 -0.634294
121.519 28.8876 -44.4659 0.559416 0.537408 -0.631067
120.344 30.5719 -44.0904 0.554872 0.525117 -0.645267
119.205 32.2266 -43.7215 0.553893 0.525094 -0.646126
118.008 33.8484 -43.4302 0.553856 0.524966 -0.646262
116.834 35.5165 -43.0901 0.555986 0.522012 -0.646825
115.638 37.2479 -42.7191 0.552352 0.524616 -0.647831
114.455 38.9288 -42.3447 0.5318 0.530648 -0.660001
113.247 40.5726 -41.9872 0.526049 0.531812 -0.663663
112.02 42.2509 -41.6146 0.5259 0.532097 -0.663553
110.85 43.851 -41.2525 0.522138 0.53539 -0.663874
109.676 45.4496 -40.8846 0.52145 0.535768 -0.66411
108.45 47.0737 -40.5371 0.521455 0.535778 -0.664098
107.17 48.6885 -40.2393 0.521463 0.53578 -0.66409
105.878 50.3707 -39.8966 0.521491 0.535773 -0.664074
104.67 51.9416 -39.5746 0.514489 0.538727 -0.66713
103.454 53.6505 -39.1266 0.506247 0.537916 -0.674062
102.23 55.2544 -38.7703 0.50595 0.53714 -0.674902
100.989 56.9159 -38.3802 0.504916 0.535463 -0.677008
99.7214 58.4926 -38.0725 0.499916 0.540322 -0.676858
98.3682 60.122 -37.766 0.499741 0.542465 -0.675271
97.0076 61.8151 -37.4123 0.499755 0.541958 -0.675668
95.7433 63.4393 -37.0426 0.49906 0.542968 -0.67537
94.3673 65.1419 -36.6933 0.499909 0.543423 -0.674376
93.1258 66.7732 -36.2978 0.498092 0.545187 -0.674296
91.7959 68.364 -35.9855 0.494938 0.547145 -0.675033
90.4715 70.0182 -35.617 0.494877 0.547126 -0.675092
89.2663 71.6196 -35.2043 0.494397 0.546589 -0.675879
88.0441 73.2444 -34.7842 0.493795 0.547338 -0.675713
86.7371 74.7612 -34.5005 0.488914 0.551027 -0.676264
85.4533 76.3314 -34.1493 0.489613 0.551233 -0.67559
84.1446 77.8803 -33.8335 0.489446 0.550964 -0.67593
82.815 79.4343 -33.5276 0.48837 0.552496 -0.675457
81.503 80.9553 -33.2177 0.484668 0.558569 -0.673125
80.1913 82.5603 -32.8304 0.484712 0.558827 -0.67288
78.9531 84.0991 -32.4451 0.484609 0.55847 -0.67325
77.6618 85.7225 -32.0279 0.484394 0.558572 -0.67332
76.3338 87.3002 -31.6631 0.480258 0.564363 -0.671451
75.0002 88.8419 -31.3215 0.480906 0.5652 -0.670282
73.621 90.419 -30.9838 0.482167 0.564939 -0.669596
72.2248 91.8979 -30.7413 0.481065 0.567037 -0.668615
70.8349 93.5339 -30.3468 0.47952 0.56917 -0.667912
69.429 95.0969 -30.0241 0.479452 0.569199 -0.667936
68.0848 96.6537 -29.6607 0.479168 0.571791 -0.66592
66.7504 98.1656 -29.3114 0.480529 0.57779 -0.659735
65.4193 99.6438 -28.9789 0.480382 0.580991 -0.657026
64.0255 101.221 -28.6028 0.480305 0.581288 -0.656819
62.6289 102.704 -28.3129 0.480887 0.581062 -0.656593
61.3179 104.194 -27.9518 0.480227 0.585592 -0.653043
59.9876 105.653 -27.6217 0.481249 0.586832 -0.651174
58.5401 107.224 -27.2634 0.47565 0.592373 -0.65027
57.1467 108.742 -26.8995 0.475818 0.592385 -0.650136
55.6912 110.275 -26.57 0.478799 0.592167 -0.648141
54.2965 111.797 -26.1942 0.471002 0.603475 -0.643406
52.9363 113.227 -25.833 0.474149 0.617903 -0.627199
51.5434 114.701 -25.4439 0.47811 0.612247 -0.629733
50.1268 116.156 -25.109 0.480802 0.613933 -0.626027
48.6587 117.639 -24.7526 0.476695 0.629546 -0.613541
47.1762 119.097 -24.4202 0.48274 0.628175 -0.610211
45.6649 120.542 -24.1051 0.486495 0.637339 -0.597591
44.2154 121.953 -23.7988 0.485998 0.637423 -0.597911
42.7176 123.457 -23.4171 0.493054 0.637063 -0.592493
41.2896 124.896 -23.0402 0.485339 0.64354 -0.591863
39.8292 126.285 -22.6895 0.479158 0.650362 -0.589434
38.2392 127.776 -22.3474 0.48127 0.651694 -0.586236
36.6769 129.242 -22.0116 0.489583 0.649291 -0.582003
35.13 130.694 -21.6737 0.484435 0.659094 -0.575254
33.6495 132.067 -21.3502 0.49101 0.658348 -0.570514
32.1944 133.414 -21.0522 0.491231 0.657184 -0.571665
30.717 134.758 -20.7571 0.48694 0.666275 -0.564769
29.2069 136.175 -20.3941 0.48767 0.671511 -0.557896
27.8042 137.56 -19.8814 0.483099 0.686786 -0.543084
26.4031 139.042 -19.1382 0.419934 0.74902 -0.51247
25.1082 140.415 -18.1281 0.42719 0.778284 -0.460199
24.0323 141.721 -16.8821 0.435398 0.783461 -0.443416
23.1746 143.023 -15.3989 0.43291 0.795737 -0.423479
22.654 144.101 -13.7828 0.414296 0.819765 -0.395404
22.3808 145.026 -11.9943 0.37728 0.857234 -0.350421
22.3276 145.754 -10.076 0.371825 0.87329 -0.314819
22.4743 146.358 -8.17465 0.391739 0.881911 -0.262247
22.6559 146.644 -6.10318 0.399471 0.908119 -0.125472
22.928 146.799 -4.07725 0.404473 0.909244 -0.0983726
23.1046 146.794 -2.02377 0.381392 0.924299 0.0145705
23.1394 146.727 0.0703713 0.382471 0.923305 0.0349559
23.1547 146.624 2.13227 0.375387 0.925791 0.0446676
23.1191 146.493 4.14 0.376057 0.920441 0.106411
22.865 146.121 6.27454 0.404909 0.882961 0.237538
22.4544 145.736 8.28716 0.393249 0.879269 0.268641
21.9626 145.336 10.2344 0.414099 0.863308 0.288482
21.2775 144.997 12.1496 0.405134 0.848524 0.340403
20.2769 144.626 13.9733 0.369475 0.841196 0.394812
19.4472 144.023 15.7883 0.325369 0.825449 0.46127
18.9006 143.203 17.6117 0.34912 0.812172 0.467432
18.5339 142.146 19.5289 0.359573 0.767257 0.53106
18.5066 140.957 21.2411 0.36006 0.76115 0.539448
18.8233 139.678 22.8658 0.39707 0.761533 0.512253
18.2119 138.949 24.2489 0.391235 0.680626 0.619422
16.5213 138.76 25.5512 0.387975 0.706913 0.591359
15.0295 138.468 26.8746 0.393717 0.699797 0.596046
13.5964 138.099 28.2218 0.360213 0.688971 0.628728
12.2878 137.455 29.6256 0.345964 0.686182 0.639887
11.1425 136.567 31.19 0.352207 0.674713 0.648622
10.236 135.485 32.769 0.33576 0.654591 0.677221
9.65003 134.156 34.298 0.338959 0.641169 0.688483
9.16446 132.774 35.7891 0.318758 0.640975 0.698244
8.55594 131.523 37.2299 0.323458 0.643164 0.694057
7.94518 130.269 38.6781 0.310984 0.640942 0.701771
7.36888 128.906 40.1582 0.291622 0.635953 0.714502
6.8917 127.496 41.5973 0.289159 0.624416 0.725589
6.23127 126.108 43.0566 0.291445 0.622256 0.726533
5.42742 124.856 44.4449 0.292275 0.615702 0.73177
4.67027 123.561 45.8349 0.291256 0.615655 0.732215
3.98288 122.199 47.2588 0.294158 0.616489 0.730351
3.47094 120.815 48.6158 0.294308 0.606445 0.738652
2.79107 119.41 50.0677 0.309179 0.613181 0.726923
1.98738 118.057 51.5034 0.303372 0.598058 0.741817
1.31497 116.712 52.8587 0.301434 0.594288 0.745627
0.549355 115.382 54.2086 0.301813 0.585816 0.75215
-0.111895 113.975 55.5683 0.302942 0.583798 0.753263
-0.732355 112.524 56.9318 0.303701 0.57425 0.760265
-1.29913 111.087 58.235 0.304926 0.57035 0.762707
-1.9082 109.561 59.6196 0.305296 0.570292 0.762602
-2.50814 107.995 61.0278 0.304377 0.567524 0.76503
-3.06406 106.52 62.3408 0.304458 0.566445 0.765797
-3.67181 105.092 63.6313 0.300424 0.560174 0.771978
-4.34187 103.611 64.9636 0.300263 0.559159 0.772777
-5.09247 102.122 66.3316 0.300563 0.557945 0.773537
-5.83114 100.623 67.6765 0.297635 0.549771 0.780491
-6.50797 99.1799 68.9545 0.29945 0.55014 0.779535
-6.86972 98.2331 69.7596 0.298898 0.547584 0.781544
-1.02442 149.539 16.8073 0.0871317 0.899268 0.428219
-3.13034 149.767 16.6313 0.06126 0.901675 0.428054
-5.08071 149.982 16.2247 -0.0482093 0.932691 0.357437
-6.96229 150.064 15.5542 -0.135414 0.921034 0.365184
-8.77512 150.165 14.609 -0.142045 0.923085 0.357403
-10.5357 150.285 13.4855 -0.20746 0.921331 0.328793
-12.0855 150.344 12.1878 -0.240516 0.918492 0.313887
-13.5924 150.357 10.5447 -0.362524 0.905199 0.220867
-14.744 150.198 8.673 -0.412878 0.894559 0.171159
-15.5765 150.137 6.84495 -0.457372 0.877157 0.146308
-16.2272 150.086 4.9393 -0.469908 0.872539 0.133649
-16.6786 150.08 2.95374 -0.464981 0.883794 0.0519629
-16.8525 150.025 0.935964 -0.480984 0.876699 -0.00735448
-16.8036 150.033 -1.16923 -0.476428 0.879184 -0.00726094
-16.6247 150.098 -3.17559 -0.462761 0.885802 -0.03475
-16.1672 150.211 -5.12836 -0.444146 0.894077 -0.0579005
-15.4625 150.31 -7.14248 -0.407213 0.893314 -0.190069
-14.5041 150.314 -8.97944 -0.377281 0.903818 -0.201918
-13.381 150.399 -10.6932 -0.376056 0.904385 -0.201665
-12.0149 150.422 -12.2425 -0.265449 0.916162 -0.300308
-10.3828 150.417 -13.5686 -0.232444 0.926431 -0.296135
-8.68061 150.42 -14.7596 -0.20169 0.919403 -0.337452
-6.69121 150.293 -15.7105 -0.0436835 0.936027 -0.349151
-4.61813 150.172 -16.3643 -0.0874798 0.915132 -0.393402
-2.58931 150.132 -16.8005 -0.0254952 0.910842 -0.411964
-0.587098 150.017 -17.0393 0.0284519 0.88886 -0.457225
1.5017 149.911 -16.8685 0.106951 0.894471 -0.434146
3.46959 149.847 -16.4892 0.128821 0.888569 -0.440284
5.54502 149.753 -15.9025 0.20809 0.881076 -0.424636
7.449 149.644 -15.0913 0.265728 0.86344 -0.428774
9.19671 149.516 -14.0405 0.314758 0.867853 -0.384395
10.8886 149.456 -12.7638 0.326244 0.879516 -0.346405
12.4608 149.358 -11.2533 0.370656 0.879591 -0.298219
13.7952 149.347 -9.62183 0.359794 0.891612 -0.274892
14.978 149.386 -7.83604 0.29426 0.935803 -0.194123
15.9149 149.434 -5.96009 0.343391 0.926705 -0.152646
16.4868 149.431 -3.97833 0.34786 0.937103 -0.0288233
16.7825 149.387 -1.95933 0.402563 0.91383 -0.0534572
16.8766 149.362 0.0903344 0.406564 0.909378 0.0879559
16.7235 149.223 2.14151 0.398708 0.912695 0.089509
16.3063 149.18 4.29142 0.387253 0.91503 0.112939
15.6417 149.058 6.23453 0.400289 0.884796 0.238269
14.6842 148.988 8.15223 0.414528 0.878414 0.237813
13.4459 148.97 9.97958 0.34274 0.891216 0.297054
12.0604 148.89 11.4784 0.315361 0.849337 0.423205
10.4948 148.737 12.8531 0.295285 0.845096 0.445668
8.8308 148.677 14.0031 0.262765 0.85624 0.444755
6.92232 148.744 15.0031 0.258639 0.858791 0.442229
4.97461 148.855 15.7605 0.186431 0.878279 0.440307
2.98934 149.014 16.3096 0.195751 0.87974 0.43329
1.00847 149.271 16.6691 0.186901 0.881375 0.433873
-0.778114 149.513 16.8021 0.105728 0.898855 0.425301
-0.355826 152.917 9.07952 0.0262416 0.94485 0.32645
1.62711 152.809 8.90156 0.168741 0.917937 0.359052
3.61415 152.649 8.23324 0.207554 0.917267 0.339915
5.38665 152.592 7.23622 0.215395 0.926671 0.308036
6.89176 152.63 5.89403 0.24149 0.93561 0.25752
8.03997 152.647 4.12876 0.312274 0.936578 0.159081
8.76937 152.693 2.13873 0.300235 0.950778 0.0754703
9.03522 152.71 0.137439 0.327896 0.94463 0.0114316
8.81531 152.744 -1.87567 0.318087 0.947169 -0.0411342
8.17636 152.801 -3.86351 0.348211 0.93128 -0.106098
7.14812 152.923 -5.58988 0.308745 0.933502 -0.182346
5.65444 152.987 -7.08754 0.254236 0.923586 -0.286972
3.95697 153.052 -8.16572 0.210797 0.925063 -0.315937
2.06422 153.134 -8.86913 0.10696 0.944341 -0.311094
0.041885 153.251 -9.14558 0.0818094 0.947083 -0.310389
-2.12435 153.441 -8.91313 -0.019247 0.933882 -0.356721
-4.15522 153.45 -8.18001 -0.182145 0.947541 -0.26264
-5.83649 153.424 -7.03905 -0.190666 0.948922 -0.251379
-7.25617 153.486 -5.57118 -0.240731 0.945602 -0.218827
-8.33765 153.575 -3.8543 -0.229386 0.958578 -0.168653
-8.99355 153.553 -1.85419 -0.269433 0.962886 -0.0160162
-9.11277 153.487 0.176105 -0.290713 0.956173 0.0342204
-8.8706 153.404 2.25643 -0.283932 0.95236 0.111329
-8.17181 153.342 4.20943 -0.269715 0.952774 0.139554
-7.00407 153.369 5.89416 -0.209172 0.953621 0.216459
-5.48459 153.254 7.30506 -0.12969 0.947135 0.293454
-3.74985 153.135 8.29683 -0.101439 0.937885 0.331785
-1.847 152.997 8.89166 -0.0123339 0.945331 0.32588
-0.430734 152.92 9.07692 0.026241 0.94485 0.326449
-66.4566 82.9531 -50.6612 -0.838286 0.529475 -0.130126
-66.4585 82.951 -50.6576 -0.838279 0.529483 -0.130135
-95.6561 16.9466 -91.8371 -0.742427 0.553478 -0.37743
-96.9168 16.0753 -90.5064 -0.766718 0.542364 -0.34349
-98.1528 15.0842 -89.2087 -0.778297 0.541717 -0.317481
-99.3476 14.1401 -87.8851 -0.784551 0.543298 -0.298777
-100.554 13.1707 -86.4301 -0.786516 0.549234 -0.282374
-101.749 12.1724 -85.0368 -0.788267 0.549192 -0.277531
-102.898 11.1773 -83.6659 -0.795848 0.544299 -0.265262
-104.035 10.1601 -82.3298 -0.797639 0.543626 -0.261233
-105.162 9.23287 -80.7908 -0.801937 0.54382 -0.2473
-106.252 8.25837 -79.331 -0.809262 0.539289 -0.232942
-107.352 7.24551 -77.8238 -0.81087 0.538352 -0.229492
-108.436 6.23846 -76.3493 -0.809765 0.545363 -0.216462
-109.461 5.2637 -74.8984 -0.815556 0.541814 -0.203223
-110.501 4.28476 -73.2894 -0.820311 0.540395 -0.187251
-110.989 3.63716 -73.0184 -0.819761 0.542836 -0.182541
-110.531 3.61684 -75.0769 -0.811426 0.550497 -0.196317
-110.059 3.60597 -77.0356 -0.809401 0.551155 -0.202725
-109.527 3.62343 -78.9717 -0.798642 0.558594 -0.223926
-108.918 3.64549 -81.083 -0.798479 0.558359 -0.225092
-108.405 3.59475 -83.0287 -0.798559 0.55808 -0.2255
-107.823 3.58592 -85.0015 -0.775245 0.577978 -0.254827
-107.203 3.55431 -86.9207 -0.771626 0.580312 -0.260443
-106.52 3.53722 -88.9736 -0.776017 0.569765 -0.270465
-105.838 3.51884 -90.8596 -0.769661 0.569443 -0.288715
-105.158 3.48205 -92.7772 -0.764335 0.582458 -0.27663
-104.453 3.4512 -94.782 -0.746758 0.59951 -0.28798
-103.633 3.45858 -96.7353 -0.729266 0.609417 -0.311098
-102.852 3.41782 -98.6603 -0.728192 0.614289 -0.303951
-101.99 3.44742 -100.534 -0.714946 0.610492 -0.340784
-101.096 3.42444 -102.419 -0.707162 0.616061 -0.346974
-100.136 3.41284 -104.323 -0.693102 0.626273 -0.35692
-99.246 3.37578 -106.119 -0.69457 0.626863 -0.353008
-98.3378 3.34735 -107.918 -0.66897 0.638051 -0.381273
-97.2811 3.3252 -109.758 -0.65901 0.643486 -0.389399
-95.9396 3.80559 -111.222 -0.651835 0.650808 -0.389308
-94.4098 4.5667 -112.479 -0.639485 0.664147 -0.387246
-92.9291 5.23557 -113.707 -0.616512 0.68103 -0.395103
-91.4279 5.87729 -114.908 -0.59499 0.6912 -0.410159
-89.8809 6.46949 -116.078 -0.581184 0.694295 -0.424476
-88.1699 7.12834 -117.362 -0.582188 0.698378 -0.416323
-86.5464 7.6575 -118.585 -0.528669 0.722441 -0.445632
-84.9194 8.09996 -119.789 -0.523424 0.718654 -0.457728
-83.2574 8.49983 -120.932 -0.500922 0.711815 -0.492338
-81.5522 8.93587 -122.043 -0.503168 0.709021 -0.494074
-79.8499 9.36073 -123.087 -0.475349 0.716744 -0.510217
-78.186 9.62617 -124.242 -0.460635 0.713 -0.528628
-76.4095 9.97256 -125.312 -0.450011 0.717973 -0.531039
-74.7064 10.2823 -126.322 -0.442639 0.721319 -0.5327
-72.9222 10.5774 -127.348 -0.42145 0.730508 -0.537343
-71.0637 10.8657 -128.366 -0.404802 0.734749 -0.544315
-69.3133 11.0749 -129.382 -0.399118 0.735787 -0.547086
-67.5022 11.3377 -130.305 -0.383806 0.738508 -0.554346
-65.6214 11.6016 -131.221 -0.361097 0.743351 -0.563062
-63.7084 11.7923 -132.157 -0.342384 0.740336 -0.578485
-61.8674 11.9258 -133.029 -0.323644 0.746138 -0.581824
-60.051 12.0266 -133.908 -0.308947 0.748685 -0.58652
-58.1571 12.1737 -134.672 -0.292761 0.747364 -0.596438
-56.2528 12.2637 -135.466 -0.277925 0.743294 -0.608491
-54.3943 12.3089 -136.245 -0.270842 0.742034 -0.613212
-52.4909 12.3391 -137.011 -0.252505 0.740721 -0.622554
-50.5071 12.354 -137.767 -0.239861 0.737507 -0.631308
-48.4299 12.4042 -138.466 -0.205849 0.739775 -0.640538
-46.3856 12.3089 -139.154 -0.182766 0.742399 -0.644546
-44.4595 12.185 -139.795 -0.142489 0.74909 -0.646963
-42.499 12.0412 -140.384 -0.139084 0.747681 -0.64933
-40.508 11.8903 -140.937 -0.116796 0.748993 -0.652203
-38.5341 11.6421 -141.511 -0.0836504 0.746743 -0.659831
-36.6168 11.3626 -142.072 -0.0856752 0.742793 -0.664016
-34.4997 11.1055 -142.573 -0.0537603 0.738328 -0.67229
-32.511 10.8513 -142.999 -0.0373307 0.73874 -0.672955
-30.5698 10.4957 -143.438 -0.0119895 0.742424 -0.669823
-28.5789 10.0987 -143.853 0.0215831 0.738484 -0.673925
-26.4937 9.62466 -144.285 0.0479571 0.736149 -0.675113
-24.4088 9.08341 -144.643 0.0861936 0.73256 -0.675223
-22.4414 8.52323 -144.972 0.119966 0.720872 -0.682606
-20.5042 7.96649 -145.205 0.129136 0.717124 -0.684878
-18.55 7.2977 -145.508 0.142872 0.714551 -0.684838
-16.651 6.58259 -145.759 0.212265 0.696202 -0.685745
-14.733 5.78767 -145.947 0.230999 0.690015 -0.685944
-12.8661 4.89602 -146.133 0.260535 0.671306 -0.69388
-10.8994 3.92756 -146.345 0.247871 0.667523 -0.70212
-8.93164 3.30802 -146.208 0.281067 0.659603 -0.697084
-7.03669 3.38861 -145.346 0.294546 0.645694 -0.704501
-5.09887 3.41125 -144.483 0.303979 0.624878 -0.719113
-3.19611 3.39379 -143.692 0.304306 0.625697 -0.718263
-1.37553 3.42665 -142.827 0.364667 0.617665 -0.69677
0.438984 3.4434 -141.949 0.320427 0.616003 -0.71963
2.35729 3.48241 -141.022 0.355904 0.601014 -0.715618
4.16118 3.47154 -140.125 0.36019 0.598379 -0.715686
6.01423 3.47535 -139.189 0.360177 0.59839 -0.715683
7.80367 3.49432 -138.284 0.350236 0.596496 -0.722169
9.71052 3.52488 -137.369 0.340338 0.585386 -0.735862
11.5264 3.50697 -136.532 0.354875 0.580988 -0.732456
13.3754 3.50405 -135.623 0.360574 0.580298 -0.730233
15.3851 3.46554 -134.66 0.363306 0.578651 -0.730185
17.2155 3.49847 -133.72 0.366515 0.574876 -0.731563
19.0867 3.51769 -132.767 0.36674 0.574752 -0.731548
20.9319 3.55878 -131.8 0.375756 0.571812 -0.729273
22.8401 3.56789 -130.808 0.376129 0.564423 -0.734815
22.0571 4.1833 -130.737 0.376066 0.563831 -0.735302
20.1583 4.93999 -131.12 0.36967 0.568348 -0.735068
18.3136 5.75542 -131.415 0.368743 0.568431 -0.735469
16.4231 6.62526 -131.689 0.367902 0.567143 -0.736883
14.566 7.53568 -131.889 0.350676 0.568028 -0.744561
12.7041 8.34362 -132.149 0.347745 0.569688 -0.744664
10.8674 9.2117 -132.315 0.336211 0.580209 -0.741835
8.9937 10.1017 -132.475 0.339743 0.580744 -0.739805
7.14994 11.0016 -132.62 0.344228 0.574349 -0.742718
5.20786 12.0129 -132.67 0.31696 0.583004 -0.748093
3.29516 12.9364 -132.762 0.313951 0.595684 -0.739319
1.4364 13.8261 -132.846 0.33128 0.602035 -0.726503
-0.38007 14.7034 -132.947 0.322576 0.596048 -0.735304
-2.33422 15.6533 -132.891 0.230885 0.627347 -0.743726
-4.32266 16.44 -132.814 0.211248 0.643467 -0.735748
-6.34779 16.6992 -133.166 0.210295 0.644416 -0.73519
-8.34189 16.7028 -133.749 0.221025 0.645712 -0.730892
-10.435 16.7741 -134.31 0.206225 0.652873 -0.728806
-12.412 16.7948 -134.786 0.170439 0.668353 -0.724055
-14.4188 16.7835 -135.255 0.158477 0.666777 -0.728209
-16.5744 16.8118 -135.687 0.151132 0.669769 -0.727027
-18.6103 16.8336 -136.048 0.121989 0.676901 -0.725882
-20.7164 16.8635 -136.345 0.102634 0.67519 -0.730469
-22.7134 16.8711 -136.535 0.0449323 0.692388 -0.720125
-24.7738 16.8924 -136.623 0.0358601 0.693466 -0.719596
-26.7994 16.8918 -136.718 0.0278184 0.698822 -0.714754
-28.825 16.9131 -136.763 0.00902286 0.701771 -0.712308
-30.9621 16.8822 -136.72 -0.0382168 0.691939 -0.720943
-32.9812 16.9402 -136.53 -0.0808937 0.699793 -0.70975
-35.0983 16.9611 -136.193 -0.113487 0.708696 -0.696326
-37.0901 16.9844 -135.844 -0.11361 0.708851 -0.696149
-39.1696 16.983 -135.496 -0.123294 0.718317 -0.684685
-41.2177 16.9754 -135.127 -0.127524 0.723782 -0.678141
-43.3404 16.992 -134.692 -0.140202 0.71715 -0.682671
-45.3007 16.9569 -134.302 -0.190665 0.715216 -0.672394
-47.3608 16.928 -133.648 -0.237635 0.707617 -0.665438
-49.2313 16.9463 -132.927 -0.260579 0.719422 -0.64384
-51.1299 16.9623 -132.108 -0.271414 0.720207 -0.638464
-52.9903 16.9977 -131.278 -0.271288 0.720026 -0.638721
-55.0007 16.9917 -130.398 -0.301004 0.72546 -0.618942
-56.8434 16.9854 -129.473 -0.313367 0.723218 -0.615432
-58.7349 16.9829 -128.513 -0.313389 0.723211 -0.61543
-60.4981 17.0014 -127.566 -0.352307 0.711733 -0.607714
-62.2856 16.9679 -126.537 -0.364856 0.708223 -0.604401
-64.0244 16.9327 -125.5 -0.384817 0.711921 -0.58743
-65.8211 16.9556 -124.269 -0.398155 0.709854 -0.581008
-67.5137 16.9581 -123.097 -0.404172 0.704759 -0.583061
-69.2859 16.9565 -121.859 -0.422724 0.698805 -0.576987
-70.8999 16.9341 -120.624 -0.442161 0.701682 -0.558692
-72.544 16.9261 -119.335 -0.440345 0.699447 -0.562912
-74.2961 16.8397 -118.085 -0.440831 0.695053 -0.567952
-75.8914 16.8103 -116.775 -0.491926 0.676461 -0.548097
-77.4647 16.7992 -115.375 -0.494005 0.676777 -0.54583
-79.0181 16.7921 -113.933 -0.529446 0.674095 -0.515056
-80.4746 16.7173 -112.495 -0.541876 0.668859 -0.508918
-81.9753 16.7016 -110.948 -0.535541 0.663214 -0.522822
-83.3885 16.7164 -109.484 -0.53789 0.661785 -0.522221
-84.7416 16.6807 -108.001 -0.607687 0.634438 -0.477708
-86.0769 16.5978 -106.406 -0.611272 0.635876 -0.471169
-87.2983 16.6297 -104.741 -0.626689 0.631869 -0.456073
-88.5541 16.5919 -103.049 -0.635278 0.619193 -0.461543
-89.7399 16.5497 -101.432 -0.649705 0.620816 -0.438714
-90.9987 16.5661 -99.6507 -0.639747 0.596113 -0.485152
-92.2053 16.5313 -98.0319 -0.675949 0.571337 -0.465474
-93.4222 16.4467 -96.3594 -0.677096 0.568667 -0.467075
-94.5228 16.4237 -94.6738 -0.734213 0.539508 -0.412142
-95.3378 16.6755 -92.8448 -0.735302 0.553126 -0.391641
-95.5915 16.9336 -91.9819 -0.739555 0.554622 -0.381376
-93.8875 9.97821 -104.573 -0.655003 0.627926 -0.420333
-93.4448 9.98452 -105.265 -0.654891 0.636062 -0.408074
-93.8793 9.98148 -104.581 -0.655594 0.627148 -0.420573
-10.1319 10.2709 -140.089 0.23022 0.664263 -0.711163
-8.19568 9.84292 -139.863 0.230037 0.664287 -0.711201
-6.22759 9.91647 -139.145 0.257053 0.642965 -0.721471
-5.65483 10.1844 -138.693 0.273479 0.64244 -0.715876
-7.69075 10.2959 -139.279 0.225313 0.6614 -0.715389
-9.65547 10.3941 -139.82 0.230053 0.664289 -0.711193
-10.1253 10.2689 -140.089 0.230231 0.664279 -0.711145
126.342 10.5949 -56.4751 0.532013 0.569166 -0.626905
127.123 11.7196 -54.7837 0.53767 0.566376 -0.624603
127.717 12.9503 -53.1552 0.541739 0.565261 -0.62209
128.042 14.271 -51.6671 0.550008 0.562897 -0.616959
128.202 15.7239 -50.1989 0.550145 0.562918 -0.616817
128.144 17.2442 -48.8602 0.551412 0.563868 -0.614815
127.791 18.9378 -47.622 0.555113 0.563043 -0.612235
127.181 20.5973 -46.6551 0.559939 0.55545 -0.614769
127.573 20.2755 -46.5863 0.567584 0.559228 -0.60424
128.889 18.6406 -46.8781 0.570116 0.565888 -0.595592
130.209 17.0578 -47.1055 0.574284 0.563956 -0.593424
131.601 15.5692 -47.1725 0.574408 0.563988 -0.593273
132.775 14.1088 -47.4276 0.570089 0.569196 -0.592458
132.234 12.9668 -49.0675 0.563525 0.58207 -0.586203
131.656 11.8254 -50.719 0.542758 0.57644 -0.61084
130.951 10.6777 -52.4127 0.538367 0.575473 -0.615623
129.531 10.5195 -53.8041 0.539274 0.569101 -0.620732
127.926 10.5515 -55.1579 0.536268 0.570639 -0.621923
126.428 10.5774 -56.4183 0.531008 0.570513 -0.626534
122.094 27.922 -44.7854 0.560199 0.543933 -0.624751
122.162 27.9521 -44.6986 0.559509 0.544116 -0.62521
139.504 16.8382 45.276 0.562892 0.710164 0.422867
138.157 16.9099 46.7651 0.534249 0.70595 0.464987
136.873 16.865 48.3123 0.535179 0.705595 0.464456
135.584 16.8232 49.888 0.553047 0.695513 0.458694
134.19 16.8018 51.4594 0.512605 0.672955 0.53326
132.73 16.7514 52.8759 0.512173 0.661958 0.547257
131.258 16.7063 54.3303 0.52503 0.64188 0.558869
129.677 16.7121 55.7856 0.525168 0.6316 0.570333
128.164 16.6723 57.2119 0.513873 0.626396 0.58614
126.559 16.5821 58.6518 0.49922 0.613997 0.611382
124.912 16.5745 60.0199 0.509065 0.60633 0.610914
123.337 16.5731 61.2547 0.481878 0.606517 0.632401
121.682 16.5742 62.5097 0.47785 0.60324 0.638555
120 16.5478 63.7755 0.475419 0.592424 0.650392
118.388 16.5243 64.9751 0.475591 0.592146 0.65052
116.74 16.4941 66.2042 0.468583 0.585986 0.661097
114.956 16.4915 67.4166 0.455979 0.568149 0.685047
113.651 15.9562 68.7359 0.460875 0.562466 0.686457
112.732 14.8871 70.202 0.454113 0.557054 0.695321
111.755 13.7789 71.7277 0.454158 0.557304 0.695092
110.772 12.6554 73.2079 0.429586 0.545163 0.719898
109.795 11.5009 74.6944 0.432438 0.553674 0.711648
108.815 10.4376 76.1155 0.429915 0.554227 0.712745
107.722 9.33413 77.6228 0.42753 0.549001 0.718203
106.614 8.30229 79.0576 0.423605 0.546201 0.72265
105.493 7.21537 80.485 0.404674 0.541212 0.737108
104.468 6.12166 81.8581 0.405683 0.544657 0.73401
103.374 5.09879 83.2182 0.404282 0.544451 0.734935
102.179 4.13352 84.5881 0.404202 0.539443 0.738662
102.943 3.6901 84.4964 0.403036 0.5428 0.736838
104.763 3.72394 83.4732 0.403849 0.544094 0.735437
106.672 3.65026 82.4779 0.404665 0.545379 0.734036
108.474 3.64265 81.4909 0.403343 0.546241 0.734122
110.289 3.61655 80.5102 0.40738 0.549819 0.729202
112.05 3.58699 79.5315 0.415746 0.554973 0.720528
113.882 3.58522 78.4448 0.426581 0.559583 0.71056
115.626 3.57621 77.3986 0.429743 0.559069 0.709058
117.468 3.57376 76.302 0.415507 0.56743 0.710896
119.243 3.5712 75.2701 0.413447 0.569321 0.710588
121.081 3.57644 74.1963 0.413436 0.569325 0.710591
122.819 3.56809 73.1913 0.414277 0.570869 0.70886
124.636 3.55314 72.1094 0.428012 0.586236 0.687844
126.407 3.52799 71.0123 0.4305 0.592915 0.68053
128.127 3.51514 69.9666 0.410385 0.592292 0.693379
129.643 3.84413 68.7884 0.410336 0.592303 0.693399
130.538 4.98375 67.1931 0.433764 0.620225 0.653582
131.316 6.03507 65.6695 0.440888 0.628006 0.641264
132.088 7.13908 64.0236 0.46048 0.628778 0.626575
132.795 8.21063 62.3929 0.467469 0.634483 0.615551
133.479 9.32148 60.7215 0.469825 0.64599 0.601602
134.288 10.2961 59.0146 0.461516 0.657831 0.59519
135.072 11.2553 57.3321 0.470307 0.664719 0.580434
135.716 12.2508 55.6 0.485772 0.670232 0.561083
136.424 13.2665 53.7669 0.49436 0.668182 0.556005
137.157 14.0644 52.052 0.524915 0.675891 0.517334
137.862 14.8659 50.2079 0.533666 0.701779 0.471879
138.478 15.6321 48.3364 0.53516 0.7056 0.46447
139.06 16.381 46.5332 0.538308 0.704638 0.462284
139.469 16.7921 45.3995 0.562954 0.707326 0.427495
82.416 61.6753 52.074 0.40603 0.552689 0.727788
82.3993 61.6967 52.0672 0.406041 0.552687 0.727783
12.9311 141.314 24.5092 0.336986 0.774844 0.534844
10.9144 141.868 24.8344 0.295772 0.786533 0.542111
8.9748 142.381 25.143 0.278151 0.791358 0.544412
6.93634 142.852 25.4306 0.252489 0.808082 0.532215
5.52311 143.156 25.6139 0.236896 0.822016 0.517851
7.17299 140.049 29.3258 0.294032 0.746562 0.596817
8.50137 139.699 29.0883 0.309276 0.738105 0.599625
14.4855 143.387 20.2183 0.316353 0.809536 0.494542
12.4891 143.985 20.5248 0.312105 0.816562 0.48561
10.5575 144.543 20.825 0.309597 0.814625 0.490445
8.49563 145.067 21.1007 0.246875 0.832587 0.495834
6.51084 145.502 21.3446 0.239952 0.839784 0.487017
4.52949 145.878 21.5578 0.18258 0.858884 0.478522
2.5092 146.186 21.7596 0.179538 0.856044 0.484721
1.80159 146.294 21.8307 0.176055 0.853945 0.489677
11.9272 146.464 16.3712 0.287609 0.860766 0.419956
13.9777 145.901 16.1226 0.287979 0.858754 0.423804
15.3459 145.504 15.9569 0.305004 0.837712 0.453003
17.2944 146.935 11.4106 0.333684 0.878471 0.34197
17.3703 146.909 11.4027 0.340986 0.883085 0.322318
18.3394 146.681 -12.2017 0.347679 0.869623 -0.350536
16.5048 147.312 -12.4289 0.343968 0.875217 -0.340119
19.0476 144.516 -16.5073 0.38648 0.836773 -0.387871
17.0749 145.219 -16.8435 0.344784 0.854177 -0.389237
15.0084 145.869 -17.1439 0.324496 0.86552 -0.381546
13.1055 146.448 -17.4108 0.304703 0.866174 -0.396105
11.1127 147.031 -17.6831 0.322 0.851653 -0.413526
9.93653 147.383 -17.8625 0.304328 0.85384 -0.422306
9.02683 145.294 -22.4406 0.245081 0.862341 -0.443062
11.009 144.791 -22.1726 0.28105 0.847781 -0.449753
13.0065 144.244 -21.8898 0.32642 0.823546 -0.46392
15.0054 143.617 -21.5416 0.347465 0.795548 -0.496359
16.9398 142.99 -21.1867 0.352754 0.797319 -0.489742
18.9119 142.308 -20.7989 0.410608 0.785227 -0.463486
20.7238 141.556 -20.3604 0.443174 0.763643 -0.469516
21.2476 141.333 -20.2277 0.444092 0.762317 -0.470802
24.8921 136.99 -23.0565 0.466605 0.680553 -0.564913
23.0068 137.8 -23.6267 0.450844 0.689326 -0.567071
21.2046 138.546 -24.1322 0.442703 0.688993 -0.573849
19.2699 139.347 -24.668 0.426363 0.692718 -0.581684
17.3332 140.071 -25.1331 0.382711 0.712626 -0.587959
15.4498 140.694 -25.5212 0.356348 0.718048 -0.597849
13.8331 141.216 -25.8511 0.345164 0.705981 -0.618427
15.9151 137.233 -29.0799 0.362453 0.642103 -0.675523
17.9213 136.529 -28.5888 0.421215 0.616586 -0.665132
19.8495 135.803 -28.0596 0.416531 0.63941 -0.646264
21.6745 135.086 -27.5439 0.43666 0.63749 -0.634772
23.503 134.351 -27.0025 0.444369 0.634484 -0.632429
25.2959 133.613 -26.4519 0.470948 0.631894 -0.615563
27.108 132.827 -25.8511 0.485487 0.632734 -0.603283
29.0151 131.986 -25.1881 0.487785 0.63197 -0.602229
30.7331 131.255 -24.604 0.462582 0.645754 -0.60747
33.2648 126.93 -27.1822 0.477047 0.621176 -0.621744
35.0399 126.197 -26.5575 0.468799 0.625652 -0.623528
36.8375 125.477 -25.9334 0.471149 0.636578 -0.610563
36.8467 125.473 -25.9301 0.473253 0.63743 -0.608042
20.2455 132.097 -31.2576 0.405049 0.61456 -0.676942
18.3211 132.784 -31.7647 0.386643 0.611068 -0.690726
16.3912 133.431 -32.2499 0.378768 0.611119 -0.695031
16.2654 133.473 -32.2817 0.378765 0.611133 -0.695021
-18.8844 148.306 -8.79855 -0.45246 0.875273 -0.170815
-20.6752 147.351 -8.78448 -0.483307 0.857926 -0.174291
-21.5768 146.83 -8.77942 -0.501503 0.84919 -0.165444
-20.55 148.08 -3.12384 -0.479014 0.876799 -0.0420597
-22.3105 147.027 -3.08813 -0.525011 0.850148 -0.0401428
-24.0681 145.94 -3.04749 -0.528075 0.848554 -0.0330589
-25.8723 144.791 -2.99379 -0.566365 0.8238 -0.024172
-27.5807 143.504 -2.94173 -0.6053 0.795891 -0.0130389
-29.2447 142.24 -2.88582 -0.606511 0.794978 -0.0124232
-30.8368 140.971 -2.8297 -0.648799 0.760938 0.00580339
-32.3744 139.646 -2.7737 -0.666752 0.745255 -0.00607375
-33.7465 138.195 -2.69633 -0.763197 0.646027 0.0133805
-35.0498 136.631 -2.62454 -0.772376 0.634669 0.0251314
-36.3532 135.028 -2.54546 -0.78224 0.622377 0.0273213
-37.6207 133.378 -2.4596 -0.798595 0.601612 0.0175742
-38.8496 131.78 -2.39447 -0.79018 0.612775 0.0110221
-40.1193 130.128 -2.3217 -0.795846 0.605029 0.0238547
-41.3326 128.537 -2.23874 -0.79378 0.607796 0.0222996
-42.5618 126.911 -2.15361 -0.802477 0.596387 0.0188189
-43.3249 125.873 -2.10419 -0.80532 0.59256 0.0182658
-42.7667 126.079 4.32349 -0.80104 0.593962 0.0744589
-41.4855 127.813 4.23228 -0.800977 0.594378 0.0717637
-40.2139 129.528 4.13708 -0.798812 0.597877 0.0666521
-40.0344 129.77 4.11939 -0.800765 0.595377 0.0655799
-43.9869 124.777 -8.50964 -0.806768 0.589056 -0.0462338
-42.6646 126.568 -8.60246 -0.803602 0.592823 -0.0527835
-41.4593 128.164 -8.66598 -0.79563 0.602523 -0.062767
-40.2228 129.784 -8.72142 -0.790659 0.607459 -0.0765033
-38.9979 131.376 -8.76695 -0.788346 0.609743 -0.0819994
-37.7007 133.019 -8.80936 -0.779419 0.622045 -0.0746092
-36.3301 134.714 -8.8463 -0.770433 0.632774 -0.0776519
-35.0318 136.302 -8.86352 -0.773413 0.625975 -0.0999374
-33.712 137.866 -8.87867 -0.748947 0.647668 -0.140017
-32.3631 139.359 -8.88539 -0.723222 0.676443 -0.139193
-30.8421 140.808 -8.86743 -0.605693 0.779643 -0.159038
-30.4458 141.115 -8.85863 -0.576471 0.8053 -0.138464
-37.4711 132.268 -15.1754 -0.769829 0.62657 -0.12155
-38.8677 130.542 -15.1944 -0.770763 0.625339 -0.121962
-40.2081 128.879 -15.1768 -0.784006 0.610167 -0.114152
-41.4522 127.266 -15.1137 -0.791862 0.602103 -0.102109
-42.7121 125.631 -15.0598 -0.787488 0.607575 -0.103512
-44.0401 123.917 -14.9978 -0.790417 0.603261 -0.106386
-45.2604 122.286 -14.9042 -0.807327 0.582316 -0.0955625
-45.5569 121.879 -14.8701 -0.80873 0.581289 -0.0897711
-43.4864 123.483 -21.6873 -0.782108 0.612915 -0.112435
-44.7267 121.848 -21.604 -0.798551 0.589015 -0.124009
-45.9684 120.181 -21.4918 -0.80186 0.586227 -0.115579
-47.178 118.497 -21.3408 -0.814504 0.569326 -0.111586
-47.2752 118.361 -21.3273 -0.814556 0.569249 -0.111597
-49.312 114.11 -27.9137 -0.814055 0.568014 -0.121142
-49.8189 113.401 -27.8266 -0.814887 0.566866 -0.120919
-24.9724 145.394 2.75261 -0.529764 0.846715 0.0492374
-23.2508 146.447 2.67444 -0.511683 0.858769 0.0263807
-21.4461 147.492 2.61088 -0.49305 0.868908 0.0435957
-20.6501 147.945 2.5789 -0.492098 0.869276 0.0468907
-20.5642 147.993 2.57661 -0.492101 0.869275 0.0468905
