-133.363 6.36294 24.2888 -0.855309 0.518093 0.00503523
-133.345 6.40448 22.1371 -0.854954 0.518694 0.00310495
-133.345 6.39622 20.0863 -0.855311 0.518045 -0.00855538
-133.24 6.53078 17.9894 -0.856434 0.516147 -0.0106364
-133.238 6.48984 15.916 -0.856743 0.515562 -0.0137038
-133.224 6.45625 13.9795 -0.85687 0.515298 -0.0155908
-132.995 6.88993 15.7044 -0.857259 0.514692 -0.0141576
-132.8 7.25763 17.7406 -0.857231 0.51484 -0.00975503
-132.52 7.75512 19.7219 -0.855993 0.516949 -0.00627648
-132.171 8.3455 21.6578 -0.855639 0.517568 0.0022491
-131.835 8.88628 23.5564 -0.855144 0.518377 0.00370952
-131.49 9.43559 25.5061 -0.855029 0.518491 0.00950624
-131.162 9.92815 27.4395 -0.855205 0.518106 0.0137674
-130.743 10.5657 29.371 -0.853424 0.521028 0.0140285
-130.325 11.1653 31.2855 -0.852867 0.521544 0.0246991
-129.895 11.773 33.2325 -0.852677 0.521675 0.0282054
-129.402 12.4475 35.2395 -0.854383 0.518147 0.0394087
-128.905 13.1249 37.1098 -0.854846 0.517391 0.0393177
-128.324 13.9183 38.8844 -0.84903 0.52565 0.0532942
-127.722 14.7041 40.7106 -0.848638 0.526278 0.0533399
-127.006 15.6957 42.3105 -0.848527 0.526549 0.0524214
-126.108 17.0028 43.6108 -0.846415 0.528858 0.0622516
-125.076 18.5253 44.4746 -0.842612 0.534201 0.0680782
-123.998 20.1882 44.7605 -0.842495 0.533944 0.0714533
-122.896 21.9402 44.5322 -0.839196 0.539156 0.0711464
-121.89 23.6092 43.7391 -0.838591 0.540161 0.0706476
-121.063 25.0449 42.5585 -0.838217 0.541278 0.0664156
-120.272 26.4167 41.3316 -0.840324 0.539145 0.056377
-119.474 27.7978 40.0631 -0.841359 0.537158 0.0598055
-118.676 29.2164 38.6108 -0.842026 0.535917 0.061528
-117.99 30.4624 37.1505 -0.842013 0.535937 0.0615271
-117.291 31.7272 35.7039 -0.842058 0.535874 0.0614694
-116.603 32.9624 34.2322 -0.840888 0.539021 0.0486159
-115.843 34.2688 32.7621 -0.840063 0.540651 0.0446077
-115.131 35.5053 31.2249 -0.841227 0.538842 0.0445602
-114.431 36.7177 29.7922 -0.841761 0.538028 0.044322
-113.749 37.9061 28.3074 -0.841761 0.538027 0.0443296
-113.119 39.02 26.7587 -0.841762 0.538023 0.0443569
-112.486 40.1374 25.1532 -0.842121 0.53811 0.0354996
-111.935 41.0968 23.3755 -0.844778 0.534574 0.0241087
-111.384 42.0448 21.6349 -0.844637 0.534815 0.0236785
-110.835 42.9891 19.9024 -0.845166 0.533994 0.0233648
-110.246 44.003 18.1829 -0.847809 0.529805 0.0229394
-109.703 44.9283 16.4246 -0.848048 0.529882 0.00626909
-109.099 45.9125 14.6814 -0.847271 0.531121 0.00657778
-108.538 46.829 12.9564 -0.846146 0.532888 0.00814581
-108.013 47.6908 11.2217 -0.845842 0.533363 0.00862572
-107.573 48.3971 9.33983 -0.843373 0.537303 -0.00519917
-107.294 48.8113 7.3692 -0.843572 0.536975 -0.00662102
-107.081 49.1164 5.36678 -0.8457 0.533408 -0.0163451
-106.87 49.3639 3.29365 -0.84833 0.52887 -0.025157
-106.612 49.6777 1.19529 -0.848599 0.528433 -0.025257
-106.374 49.9613 -0.817745 -0.849713 0.526441 -0.0291033
-106.1 50.2766 -2.88823 -0.850442 0.52498 -0.033821
-105.822 50.5978 -4.88719 -0.850362 0.525102 -0.0339388
-105.66 50.7276 -6.89212 -0.850872 0.523803 -0.0405833
-105.68 50.5189 -8.88869 -0.852334 0.520582 -0.0502151
-105.83 50.0851 -10.874 -0.852011 0.521185 -0.0494429
-106.065 49.518 -12.7942 -0.852005 0.521195 -0.0494333
-106.294 48.9592 -14.7396 -0.851071 0.522479 -0.0519122
-106.551 48.3227 -16.8023 -0.848372 0.526105 -0.0589796
-106.706 47.83 -18.7501 -0.850083 0.52175 -0.0716716
-106.894 47.258 -20.6786 -0.849805 0.522085 -0.0725216
-107.088 46.68 -22.6292 -0.844025 0.530417 -0.0792428
-107.299 46.0199 -24.5831 -0.843392 0.529521 -0.0910862
-107.656 45.1442 -26.3665 -0.843879 0.528892 -0.0902326
-108.136 44.0795 -28.0815 -0.842927 0.529278 -0.0966363
-108.623 42.99 -29.795 -0.841356 0.531468 -0.0982932
-109.027 41.9956 -31.5728 -0.84579 0.521801 -0.11119
-109.43 40.9697 -33.3145 -0.845833 0.521696 -0.111355
-109.821 39.9743 -35.0117 -0.845844 0.521679 -0.111346
-110.209 38.9738 -36.7111 -0.844603 0.52248 -0.116873
-110.604 37.9318 -38.4731 -0.844436 0.522094 -0.119774
-110.981 36.9222 -40.1958 -0.845314 0.520421 -0.120856
-111.422 35.7962 -41.965 -0.845297 0.52044 -0.12089
-111.911 34.5929 -43.723 -0.845309 0.520402 -0.120974
-112.469 33.3116 -45.3391 -0.843969 0.522325 -0.122025
-113.016 32.0713 -46.8379 -0.841297 0.523306 -0.13552
-113.556 30.8044 -48.3482 -0.837794 0.527078 -0.142441
-114.147 29.4515 -49.879 -0.837689 0.527226 -0.142513
-114.634 28.2419 -51.4887 -0.837642 0.52687 -0.144099
-115.109 27.0132 -53.1082 -0.837792 0.523128 -0.156339
-115.559 25.807 -54.7278 -0.837893 0.522903 -0.15655
-116.139 24.4126 -56.2806 -0.837778 0.523038 -0.156716
-116.99 22.7283 -57.3533 -0.837543 0.523614 -0.156047
-117.987 20.97 -57.9039 -0.837374 0.523717 -0.156605
-119.073 19.2013 -58.015 -0.837097 0.52418 -0.156534
-120.289 17.4118 -57.505 -0.837607 0.524323 -0.153295
-121.372 16.012 -56.3752 -0.837742 0.523979 -0.153733
-122.367 14.8417 -54.8878 -0.841931 0.519288 -0.146604
-123.153 14.0397 -53.1845 -0.843557 0.5168 -0.146049
-123.855 13.3978 -51.3723 -0.844977 0.517338 -0.135531
-124.525 12.7609 -49.5394 -0.847113 0.515293 -0.129894
-125.212 12.0851 -47.7504 -0.845306 0.518103 -0.130485
-125.876 11.4493 -45.9159 -0.846268 0.518113 -0.124054
-126.528 10.8212 -44.0669 -0.84774 0.516986 -0.118589
-127.211 10.1392 -42.1136 -0.848912 0.516992 -0.109825
-127.78 9.56869 -40.1992 -0.851648 0.514893 -0.0978809
-128.333 9.00847 -38.3337 -0.851943 0.514474 -0.0975219
-128.882 8.4497 -36.4658 -0.851941 0.514981 -0.0948167
-129.444 7.88045 -34.4658 -0.852555 0.514824 -0.0900337
-129.912 7.4278 -32.5373 -0.855019 0.511707 -0.0842469
-130.365 6.99315 -30.556 -0.855097 0.51187 -0.0824511
-130.787 6.57658 -28.6906 -0.857113 0.509244 -0.0776349
-130.667 6.50537 -30.4503 -0.854563 0.512893 -0.0816197
-130.492 6.47876 -32.4433 -0.853628 0.514219 -0.0830494
-130.314 6.42126 -34.5584 -0.85356 0.513703 -0.0868639
-130.097 6.40954 -36.6228 -0.851952 0.514584 -0.0968567
-129.888 6.37553 -38.6321 -0.852001 0.514398 -0.0974077
-129.641 6.38412 -40.7473 -0.852016 0.51438 -0.0973742
-129.399 6.37592 -42.8745 -0.850867 0.514728 -0.105265
-129.109 6.36641 -45.0283 -0.8472 0.51762 -0.119677
-128.825 6.34963 -47.0946 -0.84644 0.517637 -0.124867
-128.503 6.34782 -49.243 -0.844247 0.521049 -0.125522
-128.182 6.3689 -51.3171 -0.844226 0.521112 -0.125399
-127.879 6.36758 -53.3621 -0.844214 0.521135 -0.125383
-127.567 6.35572 -55.4692 -0.840364 0.525547 -0.132616
-127.23 6.37093 -57.4799 -0.8384 0.527596 -0.136848
-126.905 6.36653 -59.4579 -0.833764 0.53264 -0.145366
-126.542 6.34801 -61.576 -0.832833 0.533142 -0.148823
-126.229 6.26963 -63.5986 -0.83291 0.532858 -0.149412
-125.888 6.24228 -65.5693 -0.830068 0.535252 -0.156499
-125.453 6.31487 -67.5601 -0.827878 0.536081 -0.165033
-125.034 6.30453 -69.7508 -0.823798 0.544103 -0.159081
-124.636 6.28384 -71.7962 -0.81992 0.545497 -0.17368
-124.192 6.26663 -73.9178 -0.818955 0.546064 -0.176426
-123.73 6.3037 -75.9292 -0.817338 0.547075 -0.180743
-122.894 6.99144 -77.5964 -0.8167 0.546835 -0.184313
-121.918 7.89909 -79.1149 -0.810626 0.55031 -0.200111
-120.85 8.91815 -80.613 -0.806914 0.553638 -0.205853
-119.801 9.8827 -82.0896 -0.80417 0.55555 -0.211361
-118.756 10.8381 -83.5275 -0.801167 0.556395 -0.220355
-117.642 11.8028 -85.1257 -0.798748 0.5572 -0.226997
-116.604 12.6736 -86.6033 -0.798184 0.554632 -0.235128
-115.506 13.637 -88.027 -0.792291 0.558491 -0.245666
-114.34 14.6296 -89.4866 -0.78908 0.560651 -0.251044
-113.202 15.5548 -90.9949 -0.788606 0.559462 -0.255152
-112.057 16.4646 -92.4617 -0.778542 0.559562 -0.284175
-110.898 17.3447 -93.8914 -0.784442 0.54622 -0.293757
-109.673 18.3414 -95.3344 -0.79286 0.533213 -0.29502
-108.404 19.2787 -96.8841 -0.776218 0.511367 -0.368756
-107.332 20.6959 -97.174 -0.776016 0.510423 -0.370496
-106.544 22.4369 -96.4096 -0.788987 0.513293 -0.337649
-105.651 24.3072 -95.5732 -0.798388 0.525083 -0.294726
-104.854 25.9712 -94.7933 -0.805654 0.511908 -0.298102
-104.133 27.6329 -93.9237 -0.811025 0.503663 -0.297592
-103.913 28.8958 -92.3638 -0.811175 0.508646 -0.288563
-103.573 30.2981 -90.8046 -0.814051 0.50999 -0.277904
-103.139 31.7189 -89.4633 -0.813887 0.510927 -0.276661
-102.743 33.1055 -88.0644 -0.814892 0.510707 -0.274099
-102.376 34.48 -86.5804 -0.820359 0.508166 -0.262257
-102.075 35.7664 -85.0448 -0.827055 0.499409 -0.258014
-101.837 37.0452 -83.4381 -0.834818 0.479672 -0.270174
-101.611 38.286 -81.8783 -0.838759 0.487917 -0.241621
-101.277 39.5703 -80.3522 -0.837952 0.495309 -0.22914
-100.857 41.0147 -78.7903 -0.841532 0.489012 -0.229541
-100.344 42.5681 -77.4278 -0.846417 0.480537 -0.229482
-99.7787 44.1806 -76.085 -0.850207 0.481124 -0.213699
-99.2637 45.652 -74.8154 -0.850182 0.481819 -0.212231
-98.7569 47.1107 -73.5308 -0.849271 0.484362 -0.210078
-98.1798 48.6569 -72.1266 -0.853932 0.490582 -0.173566
-97.5821 50.136 -70.8741 -0.854052 0.490815 -0.172321
-96.9765 51.6228 -69.6411 -0.854031 0.490827 -0.172396
-96.2627 53.2792 -68.4043 -0.848571 0.502733 -0.164885
-95.5754 54.8183 -67.2357 -0.8478 0.504144 -0.164541
-94.9187 56.3341 -65.9365 -0.847142 0.508033 -0.155735
-94.2807 57.7884 -64.677 -0.852383 0.499948 -0.153278
-93.6151 59.3171 -63.4159 -0.853777 0.497696 -0.152849
-92.9215 60.8967 -62.1381 -0.853269 0.498576 -0.152823
-92.2819 62.3607 -60.9232 -0.853119 0.49981 -0.149592
-91.6214 63.8364 -59.6033 -0.850593 0.508807 -0.132692
-90.8982 65.3804 -58.3132 -0.850541 0.508986 -0.132333
-90.2086 66.8497 -57.0949 -0.85054 0.508983 -0.132356
-89.4843 68.3847 -55.8461 -0.850345 0.509303 -0.132375
-88.7586 69.8846 -54.7191 -0.849635 0.510633 -0.131809
-88.0041 71.4215 -53.6311 -0.849282 0.510914 -0.132988
-87.2291 72.9983 -52.4869 -0.846584 0.515967 -0.13067
-86.4757 74.5115 -51.3851 -0.846401 0.51638 -0.130219
-85.73 76.0265 -50.217 -0.845825 0.517752 -0.128503
-84.9367 77.6 -49.053 -0.845123 0.519959 -0.12414
-84.1803 79.1081 -47.8857 -0.845087 0.520002 -0.124199
-83.3795 80.6934 -46.6964 -0.844994 0.520131 -0.124295
-82.642 82.1623 -45.5558 -0.84484 0.521002 -0.121665
-81.8527 83.6964 -44.3975 -0.843906 0.523918 -0.115469
-81.0779 85.2152 -43.2166 -0.846181 0.520011 -0.116473
-80.3102 86.6987 -42.0986 -0.844743 0.523822 -0.109636
-79.5019 88.2257 -41.0358 -0.844422 0.524112 -0.110715
-78.667 89.7883 -39.9608 -0.842974 0.526936 -0.108322
-77.8332 91.3771 -38.721 -0.843036 0.526722 -0.108882
-77.0713 92.826 -37.5657 -0.841351 0.529793 -0.106996
-76.2578 94.3514 -36.4133 -0.841497 0.52955 -0.107048
-75.4419 95.8915 -35.1972 -0.84159 0.530063 -0.103718
-74.6704 97.3391 -34.0303 -0.840554 0.532196 -0.10117
-73.8375 98.8907 -32.7553 -0.838851 0.534802 -0.101572
-72.987 100.462 -31.506 -0.838253 0.535545 -0.102587
-72.1656 101.957 -30.4027 -0.837524 0.536743 -0.102275
-71.2852 103.559 -29.1778 -0.837934 0.536918 -0.0978992
-70.4181 105.104 -28.0776 -0.838008 0.537721 -0.0927284
-69.5811 106.592 -26.9798 -0.837545 0.539078 -0.0889497
-68.6743 108.186 -25.8038 -0.836151 0.541365 -0.0881754
-67.8431 109.648 -24.7091 -0.835997 0.541594 -0.0882361
-67.0139 111.118 -23.5577 -0.836795 0.540236 -0.0889872
-66.2087 112.56 -22.3712 -0.837041 0.540678 -0.0838358
-65.3892 114.012 -21.1171 -0.836528 0.542334 -0.078073
-64.5891 115.418 -19.9175 -0.836619 0.542417 -0.0765067
-63.7761 116.837 -18.7335 -0.839325 0.538977 -0.0709744
-62.9752 118.252 -17.4672 -0.838617 0.540566 -0.0671519
-62.1082 119.735 -16.1242 -0.835479 0.546215 -0.0601941
-61.2821 121.12 -14.8905 -0.835047 0.548036 -0.0485016
-60.3453 122.658 -13.6699 -0.836529 0.546015 -0.0456863
-59.4142 124.163 -12.5925 -0.831827 0.553 -0.0474642
-58.4955 125.586 -11.5052 -0.821336 0.569522 -0.0324288
-57.6049 126.932 -10.3076 -0.822871 0.567526 -0.0282198
-56.6778 128.338 -9.11563 -0.822272 0.568293 -0.0301884
-55.7544 129.687 -7.88165 -0.814644 0.579833 -0.0121599
-54.7397 131.129 -6.88217 -0.811241 0.5845 -0.0157608
-53.6204 132.698 -6.098 -0.80967 0.586635 -0.0171489
-52.5139 134.238 -5.32432 -0.803368 0.595405 -0.00955702
-51.435 135.69 -4.44854 -0.801386 0.598144 0.00148158
-50.214 137.273 -3.68237 -0.79055 0.612134 0.0179785
-48.9961 138.826 -3.17006 -0.790575 0.611924 0.0231958
-47.7498 140.405 -2.69075 -0.780366 0.625057 0.0182553
-46.506 141.915 -2.21043 -0.772941 0.634144 0.0205907
-45.184 143.515 -1.94113 -0.764595 0.643851 0.0289699
-43.8714 145.044 -1.99618 -0.756782 0.653287 0.0222497
-42.502 146.619 -2.14836 -0.751924 0.658858 0.0226796
-41.1155 148.187 -2.37629 -0.740047 0.672112 0.0243106
-39.7104 149.669 -2.56755 -0.721388 0.691873 0.0301392
-38.3045 151.149 -3.12242 -0.709623 0.704255 0.0199706
-37.6381 151.793 -2.27952 -0.704558 0.70956 0.0110801
-37.5312 151.796 -0.1442 -0.713687 0.699012 0.0450596
-37.4731 151.743 1.99519 -0.708555 0.704568 0.0386592
-37.2647 151.779 4.15839 -0.69651 0.714539 0.0655581
-37.0388 151.801 6.1747 -0.691077 0.718474 0.0787271
-36.7568 151.794 8.30755 -0.694895 0.712483 0.0974097
-37.8146 150.747 8.39173 -0.699661 0.707679 0.0983002
-39.2723 149.304 7.92681 -0.71819 0.690835 0.0833588
-40.7109 147.83 7.83066 -0.715531 0.694445 0.0759067
-42.1214 146.251 7.86429 -0.754218 0.652096 0.076981
-43.4103 144.724 7.99349 -0.765874 0.637492 0.0839132
-44.7036 143.124 8.31421 -0.767347 0.635628 0.0845868
-45.8947 141.578 8.86784 -0.782874 0.616234 0.0858108
-47.0415 140.056 9.51633 -0.77935 0.621928 0.0762857
-48.2578 138.435 10.0758 -0.786594 0.61043 0.0929846
-49.3899 136.871 10.7759 -0.78638 0.610386 0.0950589
-50.5571 135.249 11.5372 -0.786867 0.609695 0.0954547
-51.6506 133.721 12.2759 -0.78727 0.609205 0.095264
-52.7677 132.157 13.033 -0.788433 0.607884 0.0940782
-53.8533 130.631 13.8649 -0.785017 0.612803 0.0906715
-54.9458 129.121 14.6342 -0.785296 0.612597 0.0896369
-56.0962 127.528 15.3352 -0.789659 0.60609 0.0953601
-57.2573 125.912 15.9661 -0.792405 0.60314 0.0911937
-58.4003 124.273 16.6814 -0.802137 0.590793 0.086832
-59.5507 122.617 17.3556 -0.801944 0.591443 0.0841436
-60.678 120.978 18.0414 -0.807046 0.585175 0.0790344
-61.7414 119.43 18.7302 -0.805632 0.587818 0.0736701
-62.8269 117.855 19.4259 -0.805222 0.5884 0.0735029
-63.9272 116.274 20.0977 -0.804643 0.590101 0.0658111
-65.0063 114.715 20.7498 -0.814084 0.577762 0.0587129
-66.1651 113 21.4824 -0.817267 0.573756 0.0536505
-67.2924 111.319 22.265 -0.817586 0.57325 0.0541957
-68.3538 109.727 23.0302 -0.821203 0.568187 0.0528118
-69.3717 108.196 23.8209 -0.819663 0.571325 0.0417172
-70.4576 106.57 24.6599 -0.824067 0.56519 0.0382584
-71.5336 104.904 25.5361 -0.829229 0.557243 0.0431274
-72.5692 103.301 26.3206 -0.829442 0.556858 0.0439829
-73.6004 101.702 27.1154 -0.830239 0.555837 0.0418195
-74.6466 100.072 27.9838 -0.831823 0.553656 0.0391889
-75.6626 98.4729 28.8774 -0.834428 0.549937 0.0360505
-76.6796 96.8683 29.8218 -0.83443 0.549943 0.0359031
-77.6558 95.3288 30.7021 -0.835377 0.548555 0.0350952
-78.6353 93.7678 31.5932 -0.839403 0.542475 0.033509
-79.6148 92.1963 32.542 -0.83974 0.542064 0.031688
-80.5689 90.6614 33.5179 -0.840058 0.541546 0.0321098
-81.5175 89.1302 34.4688 -0.841992 0.538617 0.030664
-82.4586 87.6018 35.425 -0.842883 0.537266 0.0298811
-83.3762 86.1014 36.394 -0.845287 0.533279 0.0332056
-84.3261 84.5265 37.4649 -0.845617 0.532688 0.034284
-85.3013 82.9031 38.5523 -0.847623 0.529401 0.0356263
-86.2186 81.3474 39.717 -0.848353 0.528059 0.0380899
-87.1174 79.8267 40.782 -0.848374 0.528032 0.0379927
-88.0344 78.2754 41.8655 -0.848372 0.528034 0.0380019
-88.9822 76.6756 42.9458 -0.848143 0.52833 0.038998
-89.92 75.0888 43.9209 -0.850086 0.525034 0.0411441
-90.9871 73.3124 44.589 -0.849887 0.5255 0.0392797
-92.022 71.5967 45.157 -0.849947 0.525443 0.0387255
-93.004 69.9457 45.7646 -0.854473 0.517976 0.0397143
-93.9931 68.2715 46.3074 -0.854653 0.517682 0.0396759
-94.9993 66.5679 46.8657 -0.854545 0.517841 0.039913
-96.0263 64.8316 47.4016 -0.854449 0.518007 0.0398201
-97.0497 63.0972 47.9836 -0.855094 0.516805 0.0415406
-98.0517 61.3682 48.6092 -0.857836 0.510524 0.0589995
-99.0221 59.6751 49.1852 -0.855511 0.513839 0.0637941
-100.084 57.8367 49.747 -0.855578 0.513751 0.0636116
-101.049 56.1656 50.2737 -0.855332 0.514176 0.0634864
-102.042 54.4598 50.822 -0.852316 0.519306 0.0622755
-103.056 52.7233 51.4095 -0.851988 0.519401 0.0658658
-104.061 50.9904 51.9927 -0.852927 0.517435 0.0691188
-105.092 49.2091 52.634 -0.851629 0.51942 0.0702233
-106.091 47.4926 53.2096 -0.851908 0.518856 0.0710025
-107.054 45.8026 53.7691 -0.856364 0.510481 0.0777747
-108.046 44.0516 54.3443 -0.856083 0.510924 0.0779679
-109.031 42.3433 54.8973 -0.851119 0.518979 0.0790976
-110.04 40.6009 55.4546 -0.852124 0.517175 0.0800793
-111.042 38.8539 56.0352 -0.852103 0.516197 0.0863791
-112.047 37.1613 56.4962 -0.842836 0.530305 0.0916745
-113.069 35.4377 57.0675 -0.842842 0.530296 0.0916677
-114.063 33.7492 57.7115 -0.841397 0.532795 0.0904484
-115.079 32.0686 58.1889 -0.840685 0.533805 0.0911042
-116.126 30.3127 58.8457 -0.837377 0.538943 0.0913237
-117.164 28.6003 59.4451 -0.837016 0.539422 0.0918052
-118.166 26.9404 60.0495 -0.837524 0.538272 0.0938979
-119.182 25.2529 60.6087 -0.838186 0.536465 0.0982355
-120.25 23.4801 61.1871 -0.837249 0.538067 0.0974571
-121.257 21.8134 61.76 -0.836703 0.538848 0.0978341
-122.253 20.1577 62.3276 -0.838269 0.535614 0.102092
-123.227 18.5013 63.0501 -0.838734 0.532998 0.111529
-124.101 16.9221 64.0949 -0.829556 0.545151 0.121019
-124.76 15.6103 65.509 -0.827054 0.548512 0.122949
-125.154 14.6227 67.2958 -0.826668 0.549678 0.120308
-125.251 14.003 69.314 -0.817764 0.553607 0.15742
-125.003 13.7837 71.3364 -0.811183 0.563376 0.156812
-124.595 13.8228 73.3921 -0.809631 0.565636 0.156696
-124.643 13.5054 74.2417 -0.802377 0.570324 0.175845
-125.615 12.5813 72.625 -0.80829 0.57054 0.145434
-126.539 11.6608 71.0814 -0.810072 0.568195 0.144699
-127.507 10.6631 69.3955 -0.819179 0.560312 0.122458
-128.393 9.70634 67.752 -0.821449 0.55781 0.118619
-129.278 8.73784 66.1573 -0.822525 0.557911 0.110388
-130.117 7.77972 64.6121 -0.82538 0.555403 0.101366
-130.947 6.82703 63.0166 -0.827328 0.554183 0.0917002
-131.51 6.29434 61.1366 -0.828495 0.552622 0.0905784
-131.708 6.2951 59.0919 -0.835963 0.543743 0.074223
-131.856 6.32414 57.0849 -0.837299 0.542434 0.0685213
-132.02 6.33655 55.0013 -0.83899 0.539806 0.0685998
-132.215 6.29027 53.0004 -0.83828 0.540827 0.0692255
-132.347 6.32663 50.9982 -0.841802 0.536542 0.0590415
-132.479 6.31815 48.9665 -0.841613 0.537585 0.051866
-132.618 6.29963 46.8948 -0.842002 0.537001 0.0516042
-132.763 6.2731 44.8135 -0.842479 0.536163 0.0525209
-132.851 6.32061 42.8061 -0.84432 0.534035 0.0439146
-132.973 6.28581 40.7315 -0.847165 0.529761 0.0408011
-133.052 6.3272 38.5391 -0.848085 0.528275 0.0409617
-133.122 6.3624 36.4552 -0.849073 0.527304 0.0320108
-133.183 6.37503 34.4059 -0.850949 0.5245 0.0280269
-133.24 6.38717 32.4064 -0.850975 0.52464 0.0243632
-133.277 6.39639 30.3571 -0.853318 0.52126 0.0116609
-133.297 6.40873 28.3367 -0.85333 0.521247 0.0113682
-133.351 6.36038 26.1197 -0.855137 0.518359 0.00670607
-133.361 6.36522 24.3522 -0.855475 0.517814 0.00549229
-135.923 2.15348 24.3617 -0.853579 0.520949 0.00400021
-135.916 2.17993 22.3429 -0.854109 0.52009 0.00199631
-135.904 2.17686 20.3381 -0.855401 0.517859 -0.0105047
-135.853 2.21101 18.2607 -0.8561 0.516645 -0.013079
-135.818 2.21221 16.1609 -0.856111 0.516567 -0.01526
-135.796 2.18586 14.0376 -0.855568 0.517463 -0.0153515
-135.755 2.18589 11.8959 -0.855317 0.517774 -0.0185165
-135.695 2.20003 9.86187 -0.856152 0.516004 -0.0272578
-135.617 2.21053 7.72826 -0.856575 0.515204 -0.0290469
-135.548 2.20825 5.65233 -0.856908 0.514687 -0.0283862
-135.477 2.2053 3.52255 -0.856858 0.514625 -0.0309057
-135.434 2.1516 1.43576 -0.857004 0.514318 -0.0319558
-135.304 2.2144 -0.65991 -0.857454 0.512863 -0.041755
-135.208 2.20679 -2.67915 -0.858266 0.511356 -0.0435282
-135.099 2.21077 -4.77484 -0.858104 0.511571 -0.044196
-134.986 2.20786 -6.97106 -0.858107 0.511436 -0.0456782
-134.871 2.2008 -9.00484 -0.856526 0.513392 -0.0528429
-134.731 2.21786 -11.0795 -0.857032 0.512323 -0.0549618
-134.607 2.20506 -13.1167 -0.858282 0.510038 -0.056681
-134.445 2.25129 -15.1293 -0.858004 0.510378 -0.0578328
-134.332 2.21142 -17.1362 -0.857729 0.510715 -0.0589066
-134.184 2.21462 -19.1795 -0.857683 0.510142 -0.0643068
-134.044 2.1859 -21.1769 -0.856673 0.510827 -0.0718872
-133.874 2.1786 -23.2526 -0.856971 0.510296 -0.0721008
-133.679 2.20594 -25.3721 -0.856996 0.510239 -0.0722081
-133.488 2.22615 -27.5029 -0.856993 0.510245 -0.0721956
-133.311 2.22631 -29.5732 -0.855486 0.512373 -0.0749553
-133.153 2.19176 -31.5731 -0.853746 0.514982 -0.0768871
-132.963 2.19522 -33.626 -0.852092 0.516848 -0.0825087
-132.761 2.18694 -35.6338 -0.852041 0.515545 -0.0907696
-132.538 2.19633 -37.6532 -0.851913 0.515514 -0.0921435
-132.328 2.16973 -39.7312 -0.850768 0.517214 -0.0931844
-132.093 2.15394 -41.916 -0.848641 0.520178 -0.0960375
-131.828 2.20277 -43.9173 -0.845307 0.522902 -0.109678
-131.558 2.17326 -45.9678 -0.845168 0.51989 -0.124115
-131.269 2.16283 -47.9655 -0.843886 0.522041 -0.123809
-130.977 2.15355 -50.0297 -0.840829 0.527901 -0.119682
-130.672 2.19602 -52.0061 -0.839896 0.529563 -0.118904
-130.415 2.15806 -53.9938 -0.83979 0.52986 -0.118325
-130.135 2.16026 -55.9767 -0.839724 0.529945 -0.11841
-129.805 2.18204 -58.0932 -0.833652 0.535215 -0.136267
-129.459 2.18081 -60.1864 -0.831535 0.537907 -0.138582
-129.136 2.1666 -62.1753 -0.830043 0.539673 -0.140647
-128.787 2.13624 -64.3135 -0.826952 0.54325 -0.145018
-128.419 2.12584 -66.4382 -0.825868 0.544114 -0.147918
-128.016 2.17663 -68.4341 -0.824585 0.543307 -0.157728
-127.636 2.16646 -70.4458 -0.823913 0.54399 -0.158877
-127.238 2.15689 -72.5059 -0.821125 0.546547 -0.164441
-126.838 2.12672 -74.493 -0.817147 0.548558 -0.177075
-126.363 2.15597 -76.576 -0.817818 0.546589 -0.180041
-125.817 2.3133 -78.5753 -0.817648 0.546806 -0.180153
-124.871 3.19281 -80.1894 -0.816387 0.548386 -0.181067
-123.877 4.12478 -81.7166 -0.806326 0.557032 -0.198883
-122.863 5.04812 -83.1839 -0.802282 0.558011 -0.212055
-121.744 6.05516 -84.7542 -0.801352 0.559291 -0.212199
-120.643 7.03878 -86.3036 -0.798496 0.563185 -0.212663
-119.575 7.97106 -87.7948 -0.788886 0.570648 -0.228038
-118.406 8.94745 -89.3805 -0.791228 0.565452 -0.232853
-117.239 9.95881 -90.8406 -0.786425 0.567169 -0.244654
-116.13 10.8974 -92.2256 -0.785439 0.567155 -0.247832
-115.021 11.7811 -93.687 -0.780252 0.571835 -0.253401
-113.852 12.6466 -95.1081 -0.763916 0.57419 -0.294513
-112.628 13.5457 -96.6041 -0.775108 0.56034 -0.291938
-111.434 14.4391 -98.004 -0.762267 0.564374 -0.316777
-110.097 15.37 -99.4707 -0.752209 0.569916 -0.330721
-108.842 16.19 -100.898 -0.751279 0.568726 -0.334859
-107.576 16.9776 -102.278 -0.738449 0.547537 -0.393564
-106.246 17.7689 -103.672 -0.73458 0.554702 -0.390747
-105.76 18.8017 -103.12 -0.719428 0.561013 -0.409497
-105.262 20.431 -101.831 -0.761734 0.516642 -0.390937
-104.542 22.1272 -101.032 -0.762837 0.517679 -0.387411
-103.705 23.9833 -100.241 -0.770045 0.510255 -0.382976
-102.959 25.6936 -99.5008 -0.784368 0.497751 -0.370149
-102.141 27.5943 -98.6825 -0.786621 0.496699 -0.366766
-101.376 29.426 -97.8948 -0.786812 0.477546 -0.390993
-101.235 30.8317 -96.407 -0.799483 0.497716 -0.335492
-101.043 32.1083 -94.8101 -0.812333 0.504793 -0.292059
-100.68 33.4988 -93.3974 -0.81357 0.508496 -0.282019
-100.232 34.984 -91.9863 -0.81451 0.509593 -0.277287
-99.8393 36.4105 -90.5426 -0.81721 0.504389 -0.278852
-99.5514 37.7748 -88.9664 -0.824398 0.490117 -0.283114
-99.3262 39.1024 -87.3857 -0.852694 0.448416 -0.267904
-99.1467 40.4415 -85.8535 -0.873462 0.407222 -0.266899
-99.0013 41.777 -84.2903 -0.876657 0.403644 -0.261809
-98.731 43.1113 -82.8133 -0.883596 0.435578 -0.171825
-98.2454 44.6318 -81.3747 -0.883225 0.439204 -0.164358
-97.7347 46.1234 -80.1309 -0.882211 0.441137 -0.164623
-97.203 47.6518 -78.843 -0.874363 0.452916 -0.174191
-96.6581 49.174 -77.5355 -0.865948 0.466728 -0.179717
-96.0808 50.7852 -76.1368 -0.865103 0.466724 -0.183747
-95.5367 52.3113 -74.8296 -0.863323 0.468504 -0.187559
-94.9519 53.8278 -73.5448 -0.860505 0.483813 -0.159551
-94.2831 55.3851 -72.3728 -0.85551 0.492454 -0.159971
-93.563 57.0263 -71.133 -0.854666 0.495547 -0.154851
-92.9241 58.5147 -69.8809 -0.854486 0.496375 -0.153184
-92.2623 60.0536 -68.5685 -0.853274 0.498551 -0.15287
-91.6123 61.5319 -67.3751 -0.853264 0.498582 -0.152832
-90.9669 63.0142 -66.1428 -0.853271 0.498571 -0.152827
-90.3269 64.4917 -64.896 -0.853262 0.498586 -0.15283
-89.6834 65.9888 -63.604 -0.853059 0.498917 -0.152877
-89.0191 67.4631 -62.3795 -0.85159 0.506658 -0.1345
-88.2882 69.0196 -61.0906 -0.850495 0.509066 -0.132328
-87.5379 70.5964 -59.8464 -0.850483 0.509085 -0.13233
-86.7916 72.1558 -58.6402 -0.850119 0.509844 -0.131744
-86.0322 73.7134 -57.4785 -0.848345 0.513472 -0.129059
-85.2823 75.2198 -56.3823 -0.8464 0.516814 -0.128489
-84.5135 76.7626 -55.2359 -0.845497 0.518014 -0.129598
-83.7444 78.3047 -54.0887 -0.845488 0.518034 -0.129578
-82.9854 79.8289 -52.9202 -0.844277 0.520667 -0.126891
-82.2431 81.3087 -51.7837 -0.844203 0.520848 -0.126643
-81.4978 82.7912 -50.6547 -0.844359 0.52064 -0.126458
-80.746 84.281 -49.5437 -0.84463 0.520254 -0.126239
-79.9264 85.8989 -48.3609 -0.844693 0.520162 -0.126195
-79.1379 87.4511 -47.2308 -0.844718 0.520628 -0.12409
-78.3328 89.0168 -46.0799 -0.842948 0.52504 -0.117352
-77.4939 90.587 -44.969 -0.84007 0.530761 -0.112137
-76.6443 92.1834 -43.7759 -0.839262 0.531613 -0.114134
-75.8276 93.7229 -42.6132 -0.8393 0.531521 -0.114283
-75.066 95.1738 -41.4575 -0.839138 0.531759 -0.114366
-74.221 96.7777 -40.1976 -0.838058 0.53318 -0.115663
-73.4141 98.3023 -39.013 -0.836994 0.53466 -0.116533
-72.6406 99.774 -37.8194 -0.837351 0.534125 -0.116426
-71.83 101.297 -36.5961 -0.836419 0.53758 -0.106817
-71.0387 102.751 -35.4361 -0.836837 0.537422 -0.104314
-70.2041 104.273 -34.3009 -0.837486 0.536511 -0.10379
-69.3751 105.785 -33.1565 -0.83741 0.536956 -0.102088
-68.5438 107.289 -32.0587 -0.837104 0.537582 -0.101306
-67.7173 108.773 -30.9698 -0.836065 0.539808 -0.0979902
-66.8873 110.255 -29.8689 -0.835448 0.541244 -0.0952985
-66.0162 111.803 -28.7258 -0.837308 0.538951 -0.0919035
-65.1774 113.292 -27.623 -0.83707 0.53965 -0.0899517
-64.3838 114.722 -26.4095 -0.836868 0.540086 -0.0892207
-63.5914 116.156 -25.1537 -0.836271 0.541204 -0.0880267
-62.7852 117.594 -23.9494 -0.83509 0.542983 -0.0882847
-61.9932 119.006 -22.7054 -0.832445 0.547081 -0.0879658
-61.1395 120.513 -21.3741 -0.831952 0.54809 -0.0863274
-60.2899 122.019 -20.0467 -0.836197 0.541913 -0.0842877
-59.4862 123.43 -18.7945 -0.833049 0.548945 -0.0684778
-58.5457 124.979 -17.6432 -0.826008 0.560395 -0.0605615
-57.6116 126.455 -16.5875 -0.82384 0.564302 -0.0533883
-56.6916 127.899 -15.4698 -0.823952 0.564477 -0.049696
-55.8132 129.292 -14.2094 -0.823849 0.564499 -0.0511261
-54.9 130.723 -13.044 -0.821925 0.568324 -0.0378545
-53.9279 132.141 -11.7612 -0.810913 0.585021 -0.0130528
-52.8513 133.636 -10.9095 -0.803366 0.595315 -0.0141389
-51.7357 135.168 -10.1646 -0.805055 0.592876 -0.0195927
-50.661 136.658 -9.30322 -0.8069 0.590474 -0.0159203
-49.4927 138.211 -8.47078 -0.791815 0.610757 0.00231731
-48.2295 139.84 -7.95411 -0.787026 0.616881 -0.00693311
-47.0069 141.369 -7.41972 -0.777348 0.629017 -0.00817225
-45.6291 143.074 -6.86673 -0.774968 0.631975 -0.00558263
-44.2688 144.681 -6.83775 -0.757344 0.652881 -0.0132464
-42.896 146.28 -7.04169 -0.755972 0.654484 0.00987872
-41.5231 147.813 -7.23726 -0.737688 0.675088 0.00847434
-40.1116 149.335 -7.44363 -0.722799 0.690946 0.0124979
-38.7053 150.711 -8.37879 -0.673423 0.738787 -0.026366
-37.4339 151.813 -9.73213 -0.661512 0.748735 -0.0423959
-36.2259 152.687 -11.2328 -0.634613 0.766166 -0.101225
-34.935 153.562 -12.5772 -0.626706 0.770478 -0.116528
-33.6847 154.321 -13.9849 -0.616904 0.772429 -0.150781
-32.1493 155.327 -15.168 -0.62261 0.762611 -0.175446
-32.6348 155.353 -13.2057 -0.637292 0.754291 -0.157808
-33.1072 155.332 -11.205 -0.650226 0.750151 -0.120332
-33.4426 155.339 -9.18956 -0.656896 0.746742 -0.104193
-33.7449 155.309 -7.1203 -0.672033 0.735906 -0.0825446
-33.9823 155.272 -4.9897 -0.695594 0.717178 -0.0424598
-34.1078 155.24 -2.80354 -0.698102 0.715766 -0.0182268
-34.0735 155.26 -0.715334 -0.705938 0.707926 0.0221148
-33.9677 155.273 1.41846 -0.704325 0.708293 0.04686
-33.8249 155.239 3.48597 -0.706367 0.705053 0.0628177
-33.6154 155.248 5.52535 -0.703192 0.705929 0.0847657
-33.3315 155.245 7.55315 -0.694826 0.711119 0.107366
-32.9745 155.282 9.5556 -0.686722 0.716003 0.125504
-32.5498 155.298 11.6145 -0.679558 0.721368 0.133518
-31.9255 155.369 13.6433 -0.647539 0.731161 0.214702
-31.7186 155.121 15.4598 -0.619159 0.771481 0.146457
-33.1927 153.794 15.9626 -0.63561 0.762836 0.118662
-34.6923 152.66 15.0463 -0.656575 0.741619 0.137503
-36.2004 151.418 14.4447 -0.670202 0.733603 0.112378
-37.6414 150.209 13.6605 -0.672718 0.732656 0.103274
-39.075 148.942 12.779 -0.702326 0.708205 0.0719985
-40.5066 147.444 12.7416 -0.745296 0.65985 0.095504
-41.8494 145.904 12.8111 -0.751844 0.651577 0.10088
-43.2072 144.31 12.9273 -0.766577 0.635508 0.0921078
-44.3976 142.764 13.4403 -0.774592 0.624627 0.0992423
-45.535 141.246 14.1127 -0.775143 0.623908 0.0994549
-46.6925 139.705 14.6447 -0.78249 0.614977 0.0975318
-47.8829 138.075 15.3629 -0.782555 0.614725 0.0985963
-49.0129 136.515 16.076 -0.7841 0.612176 0.102119
-50.1163 134.972 16.8354 -0.786441 0.609403 0.100695
-51.2115 133.435 17.5757 -0.787663 0.607807 0.100781
-52.2788 131.919 18.4131 -0.779763 0.618023 0.0999458
-53.383 130.38 19.2179 -0.781137 0.6138 0.114345
-54.5809 128.735 19.8732 -0.780936 0.615009 0.109089
-55.7797 127.102 20.5412 -0.781951 0.615982 0.0954842
-56.9467 125.522 21.1754 -0.783192 0.615058 0.0911584
-58.1008 123.937 21.8876 -0.790323 0.607107 0.0825259
-59.2456 122.314 22.5285 -0.802264 0.5914 0.0813566
-60.3574 120.704 23.3169 -0.800457 0.594719 0.0746892
-61.4715 119.139 23.9729 -0.79849 0.597972 0.0696004
-62.632 117.507 24.6857 -0.798647 0.597915 0.0682665
-63.7617 115.91 25.3945 -0.803688 0.591359 0.0661134
-64.8719 114.319 26.0602 -0.806278 0.588562 0.0591081
-65.9999 112.696 26.7893 -0.812818 0.580383 0.0498176
-67.1212 111.048 27.6083 -0.814212 0.578411 0.0499924
-68.1535 109.526 28.4098 -0.814226 0.578452 0.0492964
-69.2012 107.981 29.2123 -0.816612 0.575225 0.047553
-70.2483 106.414 30.0351 -0.821461 0.568721 0.0419335
-71.3131 104.809 30.842 -0.824393 0.56438 0.0430215
-72.4236 103.116 31.7175 -0.82578 0.562773 0.0370758
-73.5127 101.442 32.6152 -0.83219 0.553483 0.0334193
-74.5098 99.8922 33.5131 -0.831704 0.554292 0.0320778
-75.5565 98.2683 34.4535 -0.832262 0.553676 0.0279685
-76.5769 96.6845 35.3575 -0.83514 0.549386 0.0267609
-77.5667 95.1299 36.274 -0.836064 0.547937 0.0275882
-78.5482 93.5811 37.2297 -0.836516 0.547203 0.0284528
-79.5422 91.9945 38.2104 -0.841257 0.539975 0.0267006
-80.4855 90.4779 39.1634 -0.841216 0.540042 0.0266615
-81.4656 88.9022 40.1508 -0.841664 0.539347 0.0265789
-82.4187 87.3467 41.1678 -0.846181 0.532127 0.0285998
-83.3727 85.7498 42.2583 -0.848695 0.527651 0.0360727
-84.2796 84.2174 43.3227 -0.848869 0.527345 0.0364439
-85.2106 82.6427 44.4082 -0.848946 0.527142 0.0375813
-86.1214 81.0926 45.5056 -0.849115 0.526628 0.0408323
-87.0149 79.5701 46.5576 -0.849109 0.526626 0.0409853
-87.9818 77.9184 47.751 -0.849065 0.526695 0.0409913
-88.916 76.3514 48.5825 -0.848194 0.52813 0.0405507
-89.9397 74.66 49.201 -0.848166 0.528172 0.0406098
-90.9689 72.958 49.8048 -0.849086 0.526753 0.0397926
-92.0189 71.2106 50.4357 -0.851732 0.522519 0.0390679
-93.0417 69.4797 51.0424 -0.854623 0.517719 0.0398436
-94.018 67.8149 51.5655 -0.856939 0.512803 0.0517901
-95.0327 66.0447 52.1211 -0.858604 0.509087 0.0602408
-95.9884 64.3662 52.6854 -0.858604 0.509087 0.0602407
-96.9816 62.6231 53.2602 -0.858601 0.509091 0.0602493
-97.9831 60.8599 53.8873 -0.858588 0.509115 0.0602377
-98.956 59.1581 54.4022 -0.858597 0.509098 0.0602522
-99.9577 57.4034 54.9664 -0.85778 0.510373 0.0611012
-100.962 55.6515 55.5528 -0.856631 0.511994 0.0635944
-102.002 53.8319 56.1524 -0.855073 0.5141 0.0674586
-103.056 52.0135 56.7308 -0.853028 0.517244 0.0693038
-104.028 50.329 57.3199 -0.854099 0.515155 0.0716289
-105.052 48.536 57.8936 -0.856232 0.510885 0.0765694
-106.016 46.8332 58.4647 -0.856586 0.510274 0.0766841
-107.021 45.0565 59.0515 -0.85666 0.510042 0.0773976
-107.985 43.3492 59.6284 -0.856735 0.509863 0.0777493
-108.965 41.6163 60.1878 -0.856453 0.510242 0.0783653
-109.979 39.8332 60.7433 -0.854466 0.512747 0.0835299
-111.005 38.0403 61.2939 -0.852841 0.515083 0.0857379
-111.997 36.3145 61.8819 -0.846259 0.525249 0.0892169
-113.024 34.5786 62.4755 -0.841911 0.531759 0.0917478
-114.025 32.8843 63.0292 -0.843625 0.528387 0.0954165
-115.091 31.1082 63.6344 -0.837811 0.537839 0.093824
-116.096 29.4246 64.2029 -0.841064 0.531505 0.100562
-117.103 27.7127 64.7665 -0.840004 0.52949 0.118461
-118.107 25.9998 65.3426 -0.837899 0.532388 0.120364
-119.118 24.2758 65.9336 -0.83633 0.534035 0.123928
-120.109 22.5908 66.5044 -0.833407 0.536651 0.132057
-121.122 20.8578 67.0754 -0.834377 0.533732 0.137641
-122.06 19.1683 67.9078 -0.835501 0.529515 0.146772
-122.462 18.0771 69.5081 -0.823914 0.543349 0.161046
-122.183 17.8906 71.5304 -0.818864 0.547694 0.171735
-121.7 17.8954 73.5077 -0.801664 0.563235 0.200253
-121.176 17.9088 75.5714 -0.801626 0.563297 0.200228
-120.679 17.8921 77.5266 -0.790861 0.572025 0.217546
-120.103 17.9282 79.5497 -0.789647 0.575154 0.213672
-119.511 17.9435 81.5221 -0.761332 0.59982 0.246145
-118.832 17.9373 83.5551 -0.75514 0.603954 0.254958
-118.156 17.9975 85.5417 -0.750398 0.620348 0.22819
-117.517 18.014 87.5607 -0.746412 0.62248 0.235346
-116.906 18.0087 89.5587 -0.744116 0.628587 0.226206
-116.146 18.0614 91.617 -0.723451 0.634195 0.272794
-116.887 17.4159 91.1433 -0.724146 0.635082 0.268856
-118.135 16.556 89.5481 -0.744797 0.628369 0.224553
-119.257 15.764 88.0235 -0.74685 0.626362 0.223351
-120.415 14.9535 86.4168 -0.749027 0.622366 0.227198
-121.535 14.1715 84.8871 -0.746355 0.625747 0.226704
-122.591 13.3842 83.3084 -0.769271 0.611139 0.186363
-123.658 12.5096 81.7738 -0.7682 0.612858 0.185131
-124.709 11.6332 80.1884 -0.777852 0.603662 0.174682
-125.67 10.8161 78.6286 -0.789987 0.590558 0.164804
-126.651 9.94167 77.0551 -0.792445 0.587003 0.165707
-127.591 9.08773 75.5068 -0.793513 0.589303 0.15185
-128.546 8.15967 73.9501 -0.803421 0.583773 0.117139
-129.471 7.1886 72.3555 -0.808019 0.579035 0.108731
-130.368 6.20875 70.6877 -0.81835 0.565006 0.105219
-131.236 5.26132 69.0818 -0.819962 0.560873 0.114385
-132.126 4.29766 67.4507 -0.820079 0.560438 0.115675
-132.984 3.34969 65.8356 -0.822108 0.561277 0.0953918
-133.842 2.34801 64.034 -0.835961 0.543746 0.0742195
-134.15 2.14344 62.008 -0.836867 0.542634 0.0721221
-134.326 2.14043 59.9879 -0.837001 0.542474 0.0717679
-134.485 2.16329 57.9061 -0.836877 0.543071 0.0686385
-134.643 2.17736 55.8252 -0.84085 0.537519 0.0635933
-134.814 2.14359 53.7364 -0.842236 0.535842 0.0592632
-134.941 2.16666 51.6847 -0.842139 0.536169 0.0576585
-135.097 2.14869 49.6344 -0.841117 0.53753 0.0598605
-135.23 2.16143 47.5754 -0.839172 0.541398 0.051756
-135.359 2.15195 45.5054 -0.839111 0.541747 0.0490206
-135.48 2.14746 43.3407 -0.839636 0.541373 0.0438958
-135.591 2.13551 41.1376 -0.840991 0.539851 0.0359854
-135.663 2.16562 38.9844 -0.841835 0.538539 0.0359018
-135.748 2.1609 36.9471 -0.843646 0.535911 0.0325747
-135.824 2.15674 34.9439 -0.843794 0.535969 0.0273234
-135.855 2.18731 32.8748 -0.847495 0.530693 0.00965006
-135.857 2.19379 30.8151 -0.848803 0.528704 0.00238026
-135.867 2.19589 28.7273 -0.852621 0.522427 0.01037
-135.916 2.15225 26.671 -0.853468 0.521123 0.00466401
-135.924 2.15048 24.639 -0.853038 0.521843 0.0025436
-135.924 2.15121 24.4889 -0.853302 0.521406 0.00329405
-133.247 6.41017 13.7192 -0.856864 0.515304 -0.0156517
-133.195 6.49645 13.7308 -0.856875 0.515287 -0.0156747
-130.657 10.7122 12.7939 -0.858558 0.512504 -0.014765
-130.841 10.3424 10.7504 -0.859819 0.510333 -0.0164515
-131.005 9.9942 8.65908 -0.862877 0.505162 -0.0159786
-131.075 9.77223 6.57191 -0.861605 0.506766 -0.0287206
-131.153 9.52312 4.52865 -0.861755 0.506503 -0.0288683
-131.228 9.2801 2.51383 -0.861375 0.50713 -0.0292025
-131.294 9.03488 0.379142 -0.862027 0.50568 -0.0345833
-131.227 8.99688 -1.69026 -0.861737 0.505639 -0.0416733
-131.166 8.91628 -3.83169 -0.861698 0.505542 -0.0436393
-131.106 8.84129 -5.87168 -0.8613 0.506174 -0.0441601
-131.033 8.77832 -7.93053 -0.862308 0.504017 -0.0488975
-130.89 8.81933 -9.94097 -0.860724 0.506166 -0.0543102
-130.676 8.9604 -11.9559 -0.860503 0.506339 -0.0561796
-130.47 9.06431 -14.155 -0.85977 0.507472 -0.0571659
-130.27 9.17186 -16.19 -0.860003 0.506894 -0.0587525
-129.99 9.39341 -18.2593 -0.860265 0.505926 -0.0631049
-129.649 9.71804 -20.2745 -0.860587 0.505072 -0.065519
-129.353 9.94759 -22.2455 -0.859502 0.505976 -0.0724261
-129.018 10.2283 -24.2545 -0.85887 0.506906 -0.0734055
-128.658 10.5281 -26.3189 -0.857821 0.50761 -0.0804658
-128.2 10.9827 -28.3074 -0.857396 0.50806 -0.0821326
-127.736 11.4425 -30.2468 -0.855433 0.510622 -0.086596
-127.293 11.8623 -32.1595 -0.855402 0.510848 -0.0855647
-126.843 12.2911 -34.0688 -0.85558 0.509643 -0.0908055
-126.253 12.8911 -36.0864 -0.852151 0.513498 -0.100784
-125.684 13.4624 -37.9866 -0.852167 0.51357 -0.100289
-125.139 14.0065 -39.8437 -0.851861 0.514381 -0.0987141
-124.559 14.5956 -41.7074 -0.85139 0.512906 -0.109824
-123.928 15.2278 -43.5089 -0.847742 0.515383 -0.125356
-123.262 15.8892 -45.2811 -0.847166 0.516277 -0.125575
-122.58 16.5764 -47.0595 -0.847166 0.516271 -0.125596
-121.871 17.2685 -48.9798 -0.847154 0.515626 -0.128295
-121.174 17.9298 -50.8494 -0.844425 0.516106 -0.143444
-120.307 18.8474 -52.5556 -0.838845 0.522341 -0.153296
-119.23 20.367 -53.2457 -0.83758 0.523681 -0.155623
-118.328 22.0323 -52.5122 -0.838304 0.522148 -0.156869
-117.815 23.3006 -51.0162 -0.838234 0.523628 -0.152235
-117.375 24.469 -49.3265 -0.838684 0.52711 -0.136974
-116.873 25.6585 -47.796 -0.841641 0.524685 -0.127853
-116.374 26.8339 -46.253 -0.841499 0.524786 -0.128368
-115.783 28.1713 -44.7253 -0.841312 0.523097 -0.136248
-115.203 29.497 -43.2134 -0.841316 0.523094 -0.136236
-114.63 30.8063 -41.7038 -0.839215 0.527239 -0.13317
-114.069 32.0905 -40.0134 -0.833418 0.537202 -0.129729
-113.637 33.1947 -38.1994 -0.834887 0.536416 -0.123372
-113.218 34.2321 -36.4559 -0.838408 0.53339 -0.112103
-112.822 35.2197 -34.7174 -0.838408 0.533395 -0.112082
-112.377 36.3196 -32.812 -0.83843 0.533341 -0.112172
-111.967 37.3269 -31.1268 -0.843244 0.525494 -0.113112
-111.558 38.3601 -29.3782 -0.845671 0.521957 -0.11136
-111.18 39.3315 -27.6589 -0.842506 0.528356 -0.104994
-110.703 40.3996 -25.9693 -0.841321 0.531937 -0.0960256
-110.187 41.5209 -24.2696 -0.840826 0.532868 -0.0952042
-109.833 42.396 -22.4441 -0.840475 0.535229 -0.0844162
-109.633 42.9772 -20.4614 -0.840913 0.536897 -0.0678738
-109.423 43.5408 -18.5424 -0.843929 0.53284 -0.0621675
-109.234 44.0635 -16.6084 -0.844065 0.532684 -0.0616545
-109.037 44.599 -14.5897 -0.841851 0.536752 -0.0564111
-108.79 45.183 -12.6615 -0.841606 0.537317 -0.0546708
-108.562 45.7389 -10.7188 -0.84014 0.539437 -0.0563212
-108.302 46.3676 -8.66452 -0.837406 0.543038 -0.0621369
-108.308 46.5673 -6.51749 -0.840959 0.540328 -0.0288853
-108.546 46.2916 -4.51707 -0.840638 0.541043 -0.0245081
-108.799 45.9942 -2.45061 -0.841899 0.539043 -0.0252647
-109.069 45.6784 -0.442487 -0.845972 0.532263 -0.0320346
-109.329 45.3855 1.58382 -0.844931 0.534088 -0.0290163
-109.571 45.1019 3.60655 -0.844764 0.534555 -0.0249769
-109.791 44.8456 5.60018 -0.844987 0.53425 -0.0239747
-110.034 44.5172 7.57388 -0.843586 0.536958 -0.00620418
-110.506 43.7619 9.46912 -0.845839 0.533398 0.00657454
-111.117 42.7712 11.2215 -0.8458 0.533451 0.00723596
-111.723 41.781 12.9616 -0.845693 0.533585 0.00949927
-112.298 40.8302 14.7107 -0.847568 0.53053 0.0128932
-112.847 39.9108 16.4394 -0.847326 0.530899 0.013581
-113.412 38.9666 18.2475 -0.846019 0.532988 0.0132401
-113.953 38.0685 19.9823 -0.840992 0.540798 0.0163637
-114.507 37.1304 21.7206 -0.837365 0.545826 0.0298973
-115.156 36.04 23.3655 -0.836625 0.546818 0.0323724
-115.81 34.9446 24.9226 -0.838468 0.543819 0.0350969
-116.563 33.6662 26.4371 -0.840944 0.539618 0.0403189
-117.269 32.4565 27.8876 -0.840077 0.540675 0.0440591
-118.008 31.18 29.4462 -0.839936 0.540847 0.0446267
-118.738 29.9264 30.8576 -0.840668 0.539573 0.0462323
-119.45 28.6818 32.4357 -0.84075 0.539426 0.0464643
-120.14 27.4549 33.9129 -0.84152 0.536834 0.0604454
-120.853 26.1718 35.3395 -0.842062 0.535854 0.0615799
-121.648 24.7681 36.6805 -0.842078 0.535832 0.0615581
-122.509 23.2766 37.9769 -0.840459 0.538999 0.0557488
-123.278 21.9495 39.3332 -0.834114 0.549016 0.0532544
-124.297 20.318 39.9392 -0.843402 0.53431 0.056439
-125.302 18.7928 39.0351 -0.852391 0.520266 0.052458
-125.962 17.9047 37.1961 -0.849611 0.524665 0.0537224
-126.519 17.1918 35.3517 -0.851558 0.52185 0.0501447
-127.042 16.4668 33.5211 -0.855028 0.517848 0.0275732
-127.48 15.8397 31.6411 -0.854991 0.517995 0.025914
-127.939 15.1808 29.662 -0.855 0.517984 0.025843
-128.376 14.5517 27.757 -0.856416 0.515752 0.0234541
-128.792 13.9235 25.8243 -0.8587 0.512313 0.0128816
-129.127 13.3785 23.8674 -0.857173 0.515025 0.0016376
-129.462 12.8328 21.762 -0.85657 0.516026 0.00221961
-129.812 12.2542 19.7269 -0.857153 0.51505 -0.00340325
-130.133 11.7024 17.745 -0.858065 0.513528 -0.00370652
-130.382 11.2498 15.6338 -0.857946 0.51358 -0.0128112
-130.58 10.8645 13.6236 -0.858127 0.513233 -0.0144742
-130.652 10.721 12.8393 -0.858562 0.512497 -0.0148071
-131.942 8.58362 30.2207 -0.852656 0.522242 0.0155228
-131.989 8.5073 30.2199 -0.852155 0.523055 0.0156742
-131.761 8.64996 34.9839 -0.850511 0.525126 0.0295547
-130.903 10.0321 35.0189 -0.849747 0.526023 0.0350766
-131.632 8.51289 39.7735 -0.848212 0.528067 0.0410152
-130.565 10.2201 39.8432 -0.847781 0.528704 0.0417075
-129.487 11.9401 39.8989 -0.847427 0.528579 0.0497185
-131.449 8.37437 44.6193 -0.845074 0.532075 0.0524074
-130.329 10.1409 44.7365 -0.844803 0.532622 0.0511969
-129.248 11.847 44.845 -0.846959 0.529215 0.0509037
-128.119 13.6465 44.9478 -0.845927 0.530173 0.0576555
-127.238 15.043 45.0118 -0.845037 0.530868 0.0639694
-131.111 8.42485 49.4966 -0.843019 0.535151 0.0541572
-129.996 10.1519 49.6316 -0.839573 0.539655 0.0623661
-128.867 11.8951 49.7615 -0.840856 0.537479 0.0638594
-127.784 13.588 49.885 -0.841547 0.536251 0.065064
-126.589 15.4325 50.016 -0.839832 0.538505 0.068517
-125.446 17.2015 50.146 -0.838199 0.540314 0.0740479
-124.312 18.9359 50.2685 -0.83699 0.542067 0.074905
-123.215 20.6163 50.3869 -0.838204 0.539978 0.0764086
-122.027 22.4506 50.5205 -0.839878 0.53707 0.0784957
-120.879 24.2278 50.6457 -0.839719 0.537265 0.0788612
-119.752 25.9689 50.7677 -0.839249 0.538076 0.0783346
-118.587 27.7645 50.8862 -0.83865 0.539101 0.0776945
-117.495 29.4462 51.0005 -0.838268 0.539538 0.0787776
-116.402 31.1504 51.1122 -0.841971 0.533572 0.0799144
-115.233 32.9785 51.2372 -0.842288 0.53252 0.0835056
-114.135 34.6975 51.3416 -0.841547 0.532946 0.0881388
-113.035 36.4193 51.4527 -0.843261 0.53055 0.0861786
-111.963 38.1201 51.5466 -0.845926 0.525978 0.0880638
-110.88 39.8448 51.6512 -0.845902 0.525966 0.0883685
-109.781 41.6014 51.7364 -0.848949 0.521596 0.084994
-108.719 43.3251 51.8133 -0.85111 0.518994 0.0791022
-108.369 43.8963 51.8457 -0.852983 0.516135 0.0776165
-116.608 29.9819 56.3728 -0.836422 0.540969 0.0880347
-117.715 28.2932 56.2373 -0.836672 0.540383 0.0892511
-118.914 26.4572 56.0818 -0.837672 0.538947 0.0885548
-120.078 24.6635 55.9235 -0.839852 0.536325 0.0836943
-121.165 22.9876 55.7634 -0.838959 0.537748 0.0835176
-122.354 21.1691 55.6023 -0.83639 0.541867 0.0826567
-123.452 19.4978 55.4343 -0.8374 0.539978 0.0847637
-124.551 17.8184 55.2724 -0.837263 0.540016 0.0858714
-125.668 16.124 55.1084 -0.833701 0.545921 0.0831475
-126.831 14.3721 54.9532 -0.834674 0.544728 0.0811819
-127.939 12.6909 54.7895 -0.836182 0.543052 0.0767776
-129.086 10.9481 54.6157 -0.83734 0.541499 0.0751065
-130.217 9.21634 54.4495 -0.839337 0.538727 0.0727099
-130.743 8.40836 54.3696 -0.839748 0.538391 0.0704211
-130.32 8.38647 59.2549 -0.829743 0.551167 0.0879867
-129.145 10.1268 59.4597 -0.830632 0.549471 0.0901806
-128.009 11.8114 59.6611 -0.830615 0.549472 0.09033
-126.869 13.4992 59.8664 -0.829462 0.550152 0.0965674
-125.758 15.1598 60.0687 -0.83439 0.542123 0.0994802
-124.651 16.8289 60.2803 -0.834111 0.542354 0.100553
-123.628 18.3723 60.4657 -0.834816 0.541284 0.100464
-126.228 13.5281 64.8918 -0.831365 0.544194 0.112629
-127.357 11.8814 64.6359 -0.825667 0.554327 0.104862
-128.447 10.303 64.4038 -0.825673 0.554567 0.103532
-120.739 25.1694 45.4732 -0.838463 0.540374 0.070542
-119.618 26.8935 45.5733 -0.837409 0.541828 0.0718856
-118.487 28.6279 45.663 -0.837496 0.541642 0.0722798
-117.314 30.4498 45.766 -0.842861 0.533119 0.0732697
-116.163 32.2572 45.86 -0.843172 0.532599 0.0734781
-115.057 34.0012 45.9501 -0.843992 0.531022 0.0754485
-113.904 35.8218 46.0382 -0.844067 0.530888 0.0755608
-112.769 37.6212 46.1299 -0.847108 0.526055 0.0753239
-111.622 39.4654 46.2085 -0.848325 0.524151 0.0749078
-110.549 41.1865 46.2851 -0.846028 0.528773 0.0680831
-109.456 42.9133 46.3653 -0.84385 0.53327 0.0595025
-108.33 44.703 46.4476 -0.84853 0.525417 0.0627215
-107.187 46.5515 46.5253 -0.852336 0.519723 0.0584085
-106.075 48.367 46.5898 -0.852264 0.519792 0.0588428
-104.982 50.1509 46.644 -0.85187 0.520086 0.0618684
-103.897 51.9175 46.6914 -0.851053 0.521185 0.0638355
-102.828 53.661 46.7289 -0.852208 0.519461 0.0624646
-101.787 55.3714 46.7554 -0.854938 0.514943 0.0625751
-100.748 57.1002 46.7688 -0.855581 0.513749 0.0635938
-99.6811 58.8722 46.7805 -0.855603 0.514445 0.0573592
-99.5014 59.1699 46.7817 -0.853451 0.517932 0.05803
-89.9005 75.3466 41.0152 -0.847552 0.529287 0.0388665
-91.058 73.4803 41.075 -0.849664 0.525557 0.0431328
-92.1205 71.76 41.1051 -0.849677 0.525535 0.0431502
-93.2183 69.9712 41.1396 -0.852019 0.521776 0.0425852
-94.279 68.2363 41.1755 -0.852028 0.521762 0.042568
-95.3315 66.5152 41.2057 -0.852015 0.521782 0.0425798
-96.403 64.764 41.229 -0.851901 0.521931 0.0430376
-97.4631 63.0326 41.2456 -0.852182 0.521141 0.0468798
-98.5393 61.2666 41.2593 -0.852922 0.519881 0.0474139
-99.6542 59.4364 41.2711 -0.852923 0.519879 0.0474197
-100.697 57.7243 41.2782 -0.852925 0.519875 0.0474269
-101.847 55.8508 41.285 -0.849428 0.525133 0.0520344
-102.94 54.084 41.2823 -0.85031 0.52347 0.0543262
-104.019 52.3215 41.2569 -0.852124 0.520517 0.0542866
-105.067 50.6105 41.2227 -0.852117 0.520528 0.0542784
-106.112 48.9052 41.1867 -0.850859 0.522392 0.0560826
-107.183 47.1756 41.143 -0.848703 0.525904 0.0559248
-108.25 45.4585 41.0871 -0.848676 0.525959 0.0558306
-109.322 43.7365 41.0218 -0.848672 0.525981 0.0556779
-110.428 41.9795 40.9507 -0.844036 0.532986 0.0594021
-111.562 40.1926 40.8824 -0.843826 0.533297 0.0596051
-112.662 38.4615 40.8095 -0.843821 0.533303 0.059625
-113.8 36.6697 40.7335 -0.843663 0.533569 0.059468
-114.874 34.9805 40.6623 -0.843394 0.534021 0.0592363
-116.005 33.2021 40.5945 -0.843399 0.534013 0.0592385
-117.105 31.4727 40.5134 -0.84335 0.534089 0.0592417
-117.625 30.6568 40.4733 -0.843102 0.534422 0.0597637
-115.255 34.9654 35.3492 -0.842486 0.535868 0.0553393
-114.138 36.7269 35.4152 -0.844091 0.533093 0.0576324
-113.044 38.4501 35.4845 -0.843991 0.533071 0.059291
-111.941 40.1874 35.5563 -0.843966 0.533188 0.0585889
-110.816 41.9598 35.6177 -0.843742 0.533458 0.0593484
-109.718 43.6896 35.672 -0.843757 0.533435 0.059346
-108.637 45.4024 35.7161 -0.847836 0.527286 0.0560722
-107.522 47.2013 35.7583 -0.850354 0.52315 0.0566724
-106.464 48.9175 35.7899 -0.850476 0.522941 0.056767
-105.36 50.7104 35.8185 -0.85043 0.523087 0.0561231
-104.215 52.565 35.8444 -0.848797 0.526149 0.0520572
-103.082 54.3965 35.859 -0.848441 0.527274 0.0461408
-101.989 56.1613 35.8541 -0.848668 0.526637 0.0491512
-100.884 57.9471 35.8424 -0.848552 0.526822 0.049167
-99.8133 59.6781 35.8221 -0.84932 0.525654 0.0484192
-98.7649 61.3822 35.8161 -0.851042 0.523329 0.0430664
-97.6141 63.2528 35.8032 -0.850746 0.523715 0.0441958
-96.5568 64.9717 35.7862 -0.850922 0.523438 0.0441002
-95.4901 66.7118 35.7562 -0.851674 0.522243 0.0437322
-94.416 68.4656 35.7223 -0.85156 0.522486 0.0430682
-93.3367 70.2265 35.6855 -0.850863 0.523727 0.0417353
-92.2341 72.008 35.6428 -0.847841 0.528781 0.0394474
-91.1503 73.7487 35.5831 -0.847261 0.529635 0.0404425
-90.0858 75.4556 35.5255 -0.847209 0.529711 0.0405475
-88.9671 77.2509 35.4469 -0.847225 0.529703 0.0403044
-87.8722 79.0067 35.369 -0.846791 0.530572 0.0379264
-86.7987 80.7249 35.273 -0.846812 0.530748 0.0348744
-85.7239 82.4441 35.1938 -0.846664 0.530943 0.0354952
-84.882 83.792 35.1124 -0.84684 0.530788 0.0335527
-78.9903 93.3879 29.0337 -0.838059 0.544434 0.0353376
-80.0844 91.6921 29.1748 -0.838788 0.543208 0.0368735
-81.2486 89.8823 29.3041 -0.839434 0.542259 0.0361432
-82.4391 88.0316 29.4163 -0.839656 0.541919 0.0360867
-83.5583 86.2732 29.5159 -0.845218 0.533232 0.0356247
-84.6536 84.5297 29.6296 -0.845217 0.533211 0.0359684
-85.7195 82.833 29.7278 -0.845299 0.533116 0.0354671
-86.8044 81.1068 29.8082 -0.845751 0.532383 0.0356965
-87.8706 79.4049 29.8969 -0.846192 0.531554 0.0375571
-88.9311 77.711 29.975 -0.846228 0.531496 0.0375584
-90.0362 75.9435 30.0558 -0.847025 0.530245 0.0372659
-91.1057 74.2286 30.1288 -0.847243 0.529846 0.037981
-92.2323 72.4188 30.1966 -0.847777 0.528851 0.0398838
-93.3325 70.6478 30.2387 -0.849098 0.526855 0.0381742
-94.4076 68.8993 30.2929 -0.851146 0.523729 0.0354809
-95.5567 67.0281 30.3468 -0.851216 0.523606 0.0356021
-96.6642 65.2254 30.3854 -0.85068 0.524386 0.0369256
-97.7535 63.4575 30.4118 -0.850474 0.52439 0.0413415
-98.8382 61.6959 30.4271 -0.850592 0.524145 0.0420134
-99.9601 59.8743 30.4468 -0.850169 0.524842 0.0418631
-101.097 58.0352 30.47 -0.849475 0.525977 0.0417195
-102.164 56.3125 30.4739 -0.849284 0.526268 0.0419371
-103.222 54.6049 30.4838 -0.849256 0.526336 0.0416412
-104.28 52.8952 30.4856 -0.849718 0.525782 0.0391516
-105.338 51.1909 30.4717 -0.849025 0.526821 0.0402132
-106.408 49.4669 30.4536 -0.849206 0.526502 0.0405489
-107.467 47.7605 30.4331 -0.849207 0.526499 0.0405835
-108.528 46.051 30.3993 -0.849083 0.526692 0.0406531
-109.685 44.1966 30.3677 -0.846623 0.530841 0.0378979
-110.853 42.3413 30.3169 -0.846099 0.531676 0.0379062
-111.953 40.5942 30.2636 -0.846091 0.53169 0.0378996
-112.718 39.3799 30.2217 -0.846085 0.531667 0.0383344
-110.804 42.7949 25.0674 -0.846986 0.530383 0.0361674
-109.734 44.5115 25.1004 -0.850181 0.52525 0.0361157
-108.58 46.3675 25.1269 -0.849263 0.527172 0.0290255
-107.522 48.065 25.147 -0.848239 0.528935 0.0268194
-106.458 49.7691 25.1633 -0.846249 0.532025 0.0285008
-105.358 51.5166 25.17 -0.845195 0.533324 0.0348074
-104.269 53.2455 25.1649 -0.846537 0.531307 0.0329816
-103.208 54.9642 25.1602 -0.851771 0.523002 0.0308986
-102.093 56.7798 25.1453 -0.851402 0.52366 0.0299318
-100.975 58.588 25.1308 -0.849008 0.527825 0.0242324
-99.8286 60.437 25.1115 -0.851365 0.524063 0.0231469
-98.7358 62.2151 25.0771 -0.851471 0.523889 0.023181
-97.6847 63.9241 25.037 -0.850419 0.525437 0.0265004
-96.5915 65.6947 25.0038 -0.850943 0.524392 0.0301577
-95.519 67.4314 24.9567 -0.849668 0.526593 0.0276313
-94.4548 69.1512 24.9029 -0.849651 0.526623 0.0275771
-93.3506 70.9357 24.8445 -0.849648 0.526628 0.0276073
-92.2512 72.7094 24.7845 -0.848975 0.527718 0.0274837
-91.1622 74.4633 24.7158 -0.848627 0.528343 0.0261664
-90.0501 76.2491 24.6384 -0.84795 0.529524 0.0241697
-88.8883 78.1078 24.5548 -0.846146 0.532386 0.0245419
-87.804 79.8318 24.4777 -0.845669 0.53313 0.0248246
-86.734 81.5334 24.3896 -0.845795 0.532892 0.0256147
-85.6248 83.3009 24.2977 -0.846368 0.531857 0.0280975
-84.5371 85.0351 24.1936 -0.845387 0.533321 0.0298258
-83.4573 86.7512 24.1058 -0.845294 0.533452 0.0301243
-82.3435 88.5182 23.9804 -0.843034 0.537276 0.025065
-81.2288 90.2541 23.8758 -0.840042 0.541559 0.03231
-80.1128 91.9881 23.776 -0.838739 0.543383 0.0353781
-79.0035 93.7111 23.6528 -0.838718 0.543209 0.0384264
-77.8108 95.5562 23.5423 -0.837018 0.545917 0.0370777
-76.6919 97.2749 23.4149 -0.836121 0.547349 0.0362149
-75.5907 98.9613 23.2923 -0.834411 0.549822 0.0381324
-74.4549 100.697 23.165 -0.835019 0.548781 0.0397854
-73.3401 102.395 23.039 -0.832168 0.552827 0.0433381
-72.1772 104.137 22.919 -0.827896 0.559431 0.0403157
-71.7242 104.81 22.8817 -0.827773 0.559654 0.0397425
-63.3404 117.452 17.0213 -0.8053 0.588221 0.0740718
-64.5305 115.8 17.0803 -0.813226 0.577926 0.0682954
-65.7156 114.108 17.1479 -0.816663 0.573086 0.0680788
-66.8705 112.423 17.2338 -0.828552 0.5576 0.0508323
-68.1053 110.579 17.3497 -0.825928 0.561793 0.0472317
-69.2686 108.868 17.4518 -0.824471 0.564034 0.0459665
-70.4802 107.075 17.5477 -0.829059 0.557723 0.040087
-71.5942 105.404 17.6244 -0.830903 0.555168 0.0372689
-72.8304 103.541 17.7314 -0.833779 0.550873 0.0367673
-74.0231 101.71 17.8339 -0.837283 0.545657 0.0348831
-75.1495 99.9739 17.9423 -0.837798 0.544918 0.0340324
-76.3099 98.1823 18.0447 -0.839237 0.543031 0.0282697
-77.4014 96.4836 18.153 -0.840373 0.541333 0.0270723
-78.5623 94.677 18.2547 -0.840197 0.541613 0.0269298
-79.702 92.9015 18.3651 -0.84079 0.540704 0.0266582
-80.7858 91.2113 18.4664 -0.840779 0.54075 0.0260756
-81.8967 89.4766 18.5693 -0.842429 0.538221 0.0251216
-82.981 87.7562 18.6646 -0.845078 0.534228 0.0210695
-84.0486 86.0657 18.7576 -0.84473 0.53489 0.0180078
-85.1283 84.358 18.8532 -0.844657 0.535004 0.0180143
-86.2802 82.5339 18.9546 -0.845503 0.533626 0.0191866
-87.3442 80.8369 19.0451 -0.847614 0.53002 0.0250731
-88.4075 79.1335 19.1328 -0.847723 0.529838 0.0252542
-89.4658 77.4348 19.2147 -0.848579 0.528515 0.0242171
-90.536 75.7097 19.2825 -0.850136 0.526226 0.0188241
-91.621 73.9488 19.3571 -0.851067 0.524832 0.015383
-92.7072 72.1862 19.4316 -0.850387 0.525948 0.0148724
-93.7944 70.4339 19.4996 -0.848896 0.52832 0.0159395
-94.8918 68.6687 19.5629 -0.848893 0.528325 0.015943
-95.9537 66.9595 19.6219 -0.848931 0.528186 0.0183189
-97.0549 65.1791 19.6813 -0.850416 0.525661 0.0217663
-98.1894 63.3353 19.7325 -0.851327 0.524147 0.022616
-99.2697 61.5799 19.7719 -0.851156 0.524402 0.0231593
-100.338 59.8473 19.8188 -0.850002 0.526366 0.020864
-101.438 58.073 19.8457 -0.84935 0.527437 0.0203699
-102.549 56.2846 19.8737 -0.848709 0.528447 0.0209104
-103.695 54.4501 19.8934 -0.847344 0.530518 0.0236461
-104.83 52.6373 19.9055 -0.847701 0.529925 0.0241408
-105.988 50.7818 19.9099 -0.848645 0.52835 0.0254681
-107.069 49.0418 19.9101 -0.84956 0.526901 0.0249566
-108.183 47.2447 19.904 -0.849562 0.526897 0.0249673
-109.166 45.6614 19.8919 -0.848968 0.527875 0.0245308
-107.537 48.4093 14.7287 -0.847903 0.530129 0.00491941
-106.446 50.1551 14.7191 -0.847971 0.530019 0.00490759
-105.369 51.8785 14.7014 -0.848024 0.529935 0.00497129
-104.273 53.6336 14.6756 -0.848809 0.528688 0.00346791
-103.182 55.3868 14.6448 -0.849279 0.527936 0.00294488
-102.101 57.1279 14.6066 -0.850154 0.526523 0.00357991
-100.977 58.9514 14.5628 -0.851929 0.523636 0.00476145
-99.871 60.7464 14.518 -0.850187 0.526423 0.0077691
-98.7795 62.507 14.4656 -0.849743 0.527129 0.00847271
-97.6629 64.3113 14.4058 -0.850861 0.52531 0.00923254
-96.579 66.0685 14.3405 -0.850937 0.525185 0.00928072
-95.4295 67.9288 14.2649 -0.85006 0.526589 0.0101362
-94.3257 69.7121 14.1873 -0.850061 0.526587 0.0101583
-93.2694 71.4201 14.1141 -0.850583 0.52571 0.0117208
-92.1798 73.191 14.0407 -0.851557 0.52411 0.0126074
-91.0453 75.0332 13.9598 -0.850932 0.525098 0.0136838
-89.9822 76.7579 13.8832 -0.85092 0.525118 0.0136726
-88.8919 78.5232 13.8027 -0.849252 0.527849 0.0120859
-87.8098 80.2567 13.7101 -0.847099 0.531316 0.0112285
-86.7064 82.0129 13.6147 -0.847082 0.531305 0.0129417
-85.6449 83.7096 13.5202 -0.84755 0.530484 0.0156946
-84.5305 85.4916 13.4307 -0.847178 0.531062 0.0162088
-83.4572 87.2034 13.3399 -0.846607 0.531946 0.0170612
-82.3565 88.9553 13.2351 -0.845534 0.533692 0.0156493
-81.2444 90.717 13.1401 -0.844257 0.535689 0.0163688
-80.1604 92.4205 13.0469 -0.842862 0.537859 0.0170843
-79.0111 94.2223 12.9494 -0.842365 0.538669 0.0160176
-77.9051 95.9524 12.8585 -0.841376 0.540194 0.0166071
-76.7738 97.7091 12.7715 -0.839356 0.54316 0.0214265
-75.6581 99.4384 12.6774 -0.840294 0.541699 0.0216245
-74.5722 101.13 12.5927 -0.840987 0.540631 0.0214321
-73.4245 102.919 12.5142 -0.841112 0.540423 0.0217607
-72.2989 104.664 12.428 -0.836884 0.546789 0.0254495
-71.1292 106.451 12.354 -0.83493 0.549696 0.0269546
-69.9682 108.215 12.2852 -0.833035 0.551974 0.0371136
-68.8141 109.935 12.2141 -0.829146 0.557893 0.0356697
-67.6745 111.629 12.1517 -0.827304 0.560689 0.0345779
-66.5099 113.358 12.0911 -0.827585 0.560521 0.0303101
-65.3727 115.034 12.035 -0.822232 0.567259 0.0463857
-64.1574 116.794 12.0006 -0.821287 0.568429 0.0487502
-63.0072 118.462 11.9843 -0.820114 0.569228 0.0582414
-61.8436 120.12 11.9692 -0.810777 0.581948 0.0630579
-60.6791 121.753 11.953 -0.813071 0.577775 0.0713496
-59.4996 123.413 11.9477 -0.812365 0.5796 0.0642425
-58.2844 125.079 11.9662 -0.801812 0.592817 0.0752736
-57.0769 126.703 11.9931 -0.797572 0.598221 0.0775336
-55.8574 128.314 12.0207 -0.795063 0.601135 0.0806945
-55.2798 129.07 12.0259 -0.789485 0.60813 0.0830127
-48.6699 138.225 7.56716 -0.786397 0.613129 0.0751843
-49.9432 136.607 7.47702 -0.785066 0.614313 0.0793131
-51.2123 134.985 7.40411 -0.790236 0.607894 0.0774104
-52.45 133.382 7.3234 -0.790795 0.607243 0.0768039
-53.7792 131.66 7.23536 -0.791721 0.606292 0.0747561
-55.0073 130.062 7.1679 -0.792268 0.605592 0.0746307
-56.2266 128.473 7.10635 -0.795913 0.601867 0.0654096
-57.4413 126.804 7.04656 -0.814249 0.578146 0.0523944
-58.6721 125.078 6.99249 -0.814273 0.578381 0.0493375
-59.8997 123.338 6.94844 -0.819099 0.571633 0.0480888
-61.0641 121.669 6.91521 -0.819816 0.570382 0.0506653
-62.2484 119.97 6.89873 -0.820972 0.56923 0.0445214
-63.3856 118.324 6.89105 -0.825998 0.562271 0.0397414
-64.5765 116.531 6.897 -0.832561 0.553238 0.0277452
-65.709 114.827 6.91095 -0.832414 0.553459 0.0277688
-66.8915 113.047 6.93074 -0.831748 0.55449 0.0271285
-68.0199 111.366 6.96782 -0.82895 0.558978 0.0196342
-69.1647 109.665 7.01533 -0.830533 0.556719 0.0166992
-70.2665 107.99 7.05923 -0.838478 0.544749 0.0142069
-71.3847 106.264 7.11146 -0.840034 0.542402 0.0119784
-72.4946 104.537 7.16694 -0.841328 0.540431 0.0101293
-73.6144 102.791 7.22984 -0.841508 0.540148 0.0102356
-74.7351 101.045 7.30927 -0.840725 0.541356 0.010745
-75.8323 99.3482 7.37947 -0.840527 0.54157 0.014702
-76.9494 97.6023 7.44835 -0.842256 0.538872 0.0148981
-78.051 95.8778 7.53438 -0.842342 0.538729 0.0152023
-79.158 94.145 7.61434 -0.842187 0.538973 0.0151347
-80.2581 92.4148 7.70532 -0.845414 0.533993 0.0112396
-81.3239 90.7215 7.78934 -0.846098 0.532925 0.0104299
-82.4514 88.93 7.87772 -0.846056 0.533005 0.00972909
-83.6041 87.0901 7.98518 -0.84834 0.529394 0.007789
-84.6842 85.3577 8.0765 -0.848393 0.52931 0.00779231
-85.7808 83.5987 8.16976 -0.848378 0.529334 0.00770811
-86.854 81.8774 8.26704 -0.848319 0.529431 0.00754137
-87.954 80.1162 8.35603 -0.847153 0.531295 0.00762505
-89.07 78.3312 8.45758 -0.848324 0.529471 0.00262672
-90.1488 76.5908 8.54298 -0.850545 0.525902 0.000383584
-91.2098 74.871 8.62363 -0.851657 0.524095 0.00213777
-92.2914 73.113 8.70985 -0.851655 0.524098 0.00213557
-93.3586 71.3781 8.79585 -0.852172 0.523259 0.00146813
-94.4167 69.6541 8.87878 -0.852011 0.523523 -0.00115527
-95.5141 67.8644 8.96357 -0.852307 0.523033 -0.00305437
-96.5759 66.1347 9.04329 -0.852298 0.523047 -0.00310363
-97.6395 64.4005 9.11909 -0.85322 0.521527 -0.00504123
-98.7367 62.6027 9.19495 -0.853713 0.520708 -0.00615739
-99.8187 60.8412 9.26254 -0.851616 0.524115 -0.00724898
-100.88 59.1182 9.32594 -0.851614 0.524119 -0.00721739
-101.982 57.33 9.38879 -0.851017 0.525102 -0.00614234
-103.063 55.5857 9.44437 -0.848462 0.529217 -0.0064555
-104.161 53.8296 9.49576 -0.847662 0.530491 -0.00694185
-105.258 52.0772 9.54173 -0.847686 0.530451 -0.00710727
-106.212 50.5547 9.57686 -0.847394 0.53093 -0.00601281
-105.611 51.4334 4.45105 -0.847758 0.529866 -0.0234309
-104.52 53.174 4.38872 -0.84783 0.52981 -0.022051
-103.41 54.9505 4.31479 -0.850726 0.525207 -0.0205379
-102.321 56.7133 4.23958 -0.850451 0.52587 -0.0139237
-101.264 58.4213 4.1628 -0.850549 0.525715 -0.0137932
-100.155 60.2123 4.07295 -0.850462 0.525842 -0.0143083
-99.0966 61.9274 3.98286 -0.85221 0.523001 -0.0144369
-98.0462 63.6416 3.89948 -0.853255 0.521224 -0.0167649
-96.9944 65.3608 3.80651 -0.853319 0.521114 -0.0169461
-95.8619 67.2117 3.70869 -0.85306 0.521539 -0.0169316
-94.7827 68.9703 3.61557 -0.85245 0.522545 -0.0166254
-93.6799 70.7661 3.51784 -0.852432 0.522575 -0.016594
-92.5818 72.5542 3.41567 -0.852438 0.522565 -0.0165912
-91.4756 74.3554 3.31592 -0.852355 0.522703 -0.0165136
-90.4121 76.0789 3.22209 -0.85032 0.526058 -0.0147891
-89.3401 77.8098 3.13056 -0.850891 0.525161 -0.0138037
-88.2378 79.6069 3.03294 -0.853693 0.520693 -0.00928164
-87.1788 81.3405 2.93669 -0.852815 0.522142 -0.0086243
-86.0923 83.0921 2.83503 -0.848019 0.529944 -0.00479151
-85.0136 84.8174 2.73262 -0.848055 0.529887 -0.00467294
-83.945 86.537 2.64236 -0.851253 0.524755 -0.000127123
-82.896 88.2386 2.55588 -0.851222 0.524806 -0.000247688
-81.8052 89.9959 2.46737 -0.847962 0.530056 0.000952894
-80.693 91.759 2.37555 -0.844776 0.5351 -0.00469751
-79.5961 93.4861 2.28965 -0.84418 0.536027 -0.00595083
-78.4389 95.3067 2.20915 -0.843885 0.536492 -0.00594748
-77.3513 97.0202 2.13285 -0.845303 0.534284 -0.00196113
-76.263 98.7457 2.06042 -0.84541 0.534118 0.000532469
-75.1417 100.501 1.99517 -0.840685 0.541524 0.000274181
-73.9633 102.336 1.93473 -0.843314 0.537365 0.00773623
-72.835 104.111 1.87844 -0.843428 0.537117 0.0116166
-71.7432 105.814 1.827 -0.841097 0.540709 0.0137423
-70.6333 107.54 1.78656 -0.840875 0.541107 0.0114858
-69.4644 109.349 1.74794 -0.83824 0.545256 0.00701691
-68.3131 111.104 1.72555 -0.835581 0.549303 0.00833708
-67.175 112.834 1.71219 -0.835553 0.549353 0.00790285
-66.0574 114.534 1.70593 -0.836019 0.548581 0.0114657
-64.8217 116.403 1.71484 -0.832681 0.553412 0.0194571
-63.6246 118.208 1.73375 -0.834997 0.549853 0.0210182
-62.488 119.943 1.76576 -0.83553 0.549242 0.0149126
-61.3426 121.627 1.80838 -0.81941 0.572883 0.0192844
-60.1798 123.28 1.86743 -0.81662 0.576599 0.0257975
-58.9936 124.957 1.93453 -0.817645 0.575203 0.0244601
-57.8445 126.599 2.01307 -0.82073 0.570652 0.027541
-56.682 128.234 2.10703 -0.811473 0.583488 0.0324446
-55.4839 129.892 2.2113 -0.810014 0.5854 0.0344116
-54.2645 131.559 2.32868 -0.800642 0.596724 0.0537837
-53.0343 133.191 2.45654 -0.801216 0.59524 0.061181
-51.8066 134.82 2.58635 -0.79741 0.59858 0.0764128
-50.5652 136.425 2.71642 -0.7819 0.618048 0.0815462
-49.2646 138.042 2.85254 -0.779501 0.62133 0.0795464
-47.888 139.766 3.00179 -0.78455 0.616719 0.0643393
-46.5653 141.417 3.14304 -0.778391 0.625512 0.053314
-45.295 142.983 3.2742 -0.77456 0.629903 0.0572664
-43.8976 144.662 3.41152 -0.767515 0.638142 0.0607936
-42.5862 146.205 3.53335 -0.7543 0.654038 0.0571508
-41.2032 147.748 3.6471 -0.735479 0.674427 0.064948
-39.723 149.292 3.76257 -0.720894 0.689936 0.0655692
-39.0794 149.958 3.81203 -0.719722 0.691245 0.0646482
-52.2636 134.562 -2.32327 -0.798002 0.602291 0.0209419
-53.5182 132.875 -2.51319 -0.803837 0.594659 0.015074
-54.7101 131.234 -2.67971 -0.814427 0.579854 0.0218893
-55.9606 129.486 -2.85294 -0.814317 0.579954 0.0232675
-57.1514 127.805 -2.99907 -0.81982 0.572306 0.0189971
-58.3577 126.063 -3.14018 -0.824434 0.565783 0.0140506
-59.6094 124.256 -3.25707 -0.823176 0.567748 0.00663208
-60.7711 122.548 -3.35152 -0.829313 0.558733 -0.00757158
-61.9058 120.866 -3.42867 -0.829439 0.558596 -0.00100783
-63.0332 119.157 -3.48421 -0.841426 0.540355 -0.00432907
-64.1473 117.421 -3.53312 -0.839996 0.542546 -0.00709899
-65.2824 115.692 -3.56354 -0.834303 0.551217 -0.00989651
-66.4889 113.867 -3.581 -0.833972 0.551732 -0.00903769
-67.6197 112.157 -3.59018 -0.834286 0.551259 -0.0089823
-68.7463 110.437 -3.58177 -0.838647 0.544494 -0.0140406
-69.8497 108.737 -3.56897 -0.839603 0.543027 -0.0137356
-70.9778 106.984 -3.54288 -0.841606 0.539979 -0.0110413
-72.0801 105.259 -3.50734 -0.843764 0.536564 -0.0126792
-73.1661 103.551 -3.46518 -0.843845 0.536443 -0.0124373
-74.2506 101.848 -3.416 -0.843662 0.536742 -0.011921
-75.3609 100.094 -3.35778 -0.849651 0.527091 -0.0163982
-76.4946 98.2615 -3.29163 -0.850855 0.525156 -0.0160075
-77.6031 96.4798 -3.22038 -0.847743 0.529978 -0.0213384
-78.727 94.6916 -3.14634 -0.845724 0.533126 -0.0229654
-79.8207 92.9623 -3.06764 -0.845168 0.534045 -0.0220606
-80.9101 91.2427 -2.98709 -0.844968 0.534374 -0.0217573
-82.0259 89.482 -2.89557 -0.84497 0.534371 -0.0217561
-83.1539 87.6954 -2.7978 -0.847369 0.53063 -0.0199317
-84.2623 85.9252 -2.7001 -0.848584 0.528625 -0.0214813
-85.3324 84.2047 -2.60354 -0.850125 0.525945 -0.0258812
-86.378 82.5013 -2.50498 -0.854969 0.517891 -0.028588
-87.4932 80.6648 -2.396 -0.855168 0.517566 -0.0285264
-88.5472 78.9295 -2.29229 -0.854801 0.518189 -0.0282172
-89.664 77.1018 -2.18131 -0.852908 0.521496 -0.0242968
-90.7445 75.3439 -2.07498 -0.851167 0.524288 -0.0252476
-91.8281 73.5945 -1.96664 -0.850454 0.525448 -0.0251401
-92.9154 71.8378 -1.85502 -0.851579 0.523743 -0.0224922
-94.0115 70.0576 -1.7442 -0.852551 0.522363 -0.017129
-95.088 68.3048 -1.63274 -0.852823 0.521937 -0.0165652
-96.133 66.6015 -1.52479 -0.852393 0.522698 -0.0146265
-97.2151 64.843 -1.41596 -0.85163 0.523942 -0.0145496
-98.2853 63.1044 -1.30912 -0.851609 0.523915 -0.0165977
-99.3353 61.396 -1.20401 -0.85242 0.522545 -0.0181102
-100.428 59.6157 -1.09721 -0.85275 0.521775 -0.0238448
-101.495 57.8701 -0.995774 -0.853542 0.520544 -0.0223339
-102.554 56.1369 -0.894059 -0.853791 0.520165 -0.0216331
-103.6 54.4253 -0.796611 -0.851473 0.523899 -0.0228937
-104.694 52.6701 -0.698731 -0.848265 0.529018 -0.024214
-105.033 52.1271 -0.670562 -0.848512 0.528614 -0.0243978
-104.42 52.807 -5.80552 -0.850166 0.525386 -0.0344751
-103.348 54.5344 -5.92775 -0.851577 0.523047 -0.0351947
-102.307 56.2406 -6.04853 -0.855202 0.516885 -0.0381988
-101.254 57.9747 -6.17603 -0.855083 0.517075 -0.0382856
-100.205 59.6977 -6.30184 -0.854271 0.518725 -0.0338392
-99.1037 61.4998 -6.43058 -0.854189 0.519141 -0.0292205
-98.0132 63.2787 -6.56119 -0.853293 0.520667 -0.028215
-96.9292 65.0459 -6.68866 -0.852649 0.521621 -0.0300161
-95.8368 66.8186 -6.81824 -0.851809 0.522893 -0.0316807
-94.7853 68.5239 -6.94239 -0.851818 0.522878 -0.0316962
-93.7175 70.2559 -7.06591 -0.851808 0.522895 -0.031687
-92.6224 72.032 -7.19205 -0.851689 0.523072 -0.0319502
-91.5368 73.7889 -7.31569 -0.850434 0.524938 -0.0346561
-90.3763 75.6719 -7.44603 -0.85385 0.519089 -0.0385511
-89.2519 77.5095 -7.57048 -0.85368 0.519445 -0.0375167
-88.1423 79.3232 -7.69088 -0.853326 0.520238 -0.0344672
-87.0513 81.1048 -7.80629 -0.853063 0.520829 -0.0319564
-86.0003 82.8203 -7.91426 -0.851095 0.523619 -0.0382224
-84.9173 84.5657 -8.02259 -0.849506 0.526408 -0.0351433
-83.8541 86.2718 -8.12582 -0.84888 0.527449 -0.0346436
-82.7154 88.0876 -8.22602 -0.844649 0.534171 -0.0350622
-81.6445 89.7759 -8.31968 -0.84512 0.533413 -0.0352649
-80.4707 91.6298 -8.41804 -0.845247 0.533195 -0.0355055
-79.3549 93.3921 -8.5023 -0.844842 0.533793 -0.0361632
-78.271 95.101 -8.58055 -0.844625 0.534119 -0.036403
-77.1842 96.82 -8.6546 -0.847917 0.528614 -0.0400527
-76.127 98.5224 -8.71143 -0.849603 0.525708 -0.0424964
-74.9991 100.337 -8.77561 -0.848984 0.526668 -0.0429723
-73.8749 102.139 -8.82786 -0.846206 0.53123 -0.0416033
-72.7727 103.875 -8.87227 -0.842663 0.53664 -0.0440057
-71.6945 105.565 -8.90507 -0.84256 0.536769 -0.044398
-70.577 107.317 -8.93066 -0.842591 0.536721 -0.0444068
-69.4833 109.032 -8.95583 -0.842572 0.536751 -0.0443976
-68.4076 110.719 -8.96477 -0.840938 0.539585 -0.0408697
-67.2864 112.456 -8.95066 -0.836853 0.546512 -0.031643
-66.181 114.133 -8.94033 -0.834025 0.551157 -0.0250573
-64.9551 115.991 -8.90968 -0.834125 0.550805 -0.029154
-63.8439 117.695 -8.86706 -0.838773 0.543619 -0.0306386
-62.738 119.398 -8.80131 -0.836774 0.54648 -0.0342047
-61.5431 121.229 -8.71777 -0.835512 0.54807 -0.0392152
-60.4339 122.916 -8.63346 -0.831641 0.554068 -0.0371809
-59.2597 124.621 -8.50094 -0.819318 0.572873 -0.0231151
-58.6181 125.548 -8.42825 -0.823625 0.566591 -0.0248193
-63.1481 118.331 -14.2731 -0.835407 0.547507 -0.0482822
-64.2484 116.648 -14.3337 -0.835969 0.546485 -0.0500936
-65.3554 114.94 -14.3705 -0.838475 0.541856 -0.0578878
-66.4821 113.19 -14.3941 -0.838593 0.541386 -0.0605204
-67.5915 111.467 -14.4071 -0.838863 0.541165 -0.0587353
-68.721 109.714 -14.4083 -0.838376 0.542249 -0.0556071
-69.9044 107.875 -14.4021 -0.840647 0.539217 -0.0505773
-70.9974 106.172 -14.3826 -0.841042 0.538606 -0.050522
-72.0926 104.453 -14.3453 -0.843825 0.534282 -0.0500272
-73.2021 102.703 -14.2987 -0.844311 0.533464 -0.0505399
-74.2782 101.003 -14.2607 -0.844442 0.53317 -0.05146
-75.3569 99.2964 -14.206 -0.845489 0.531581 -0.0506969
-76.4931 97.4924 -14.1345 -0.846253 0.530826 -0.0456053
-77.6203 95.7049 -14.0661 -0.845589 0.531925 -0.0451054
-78.7456 93.9296 -13.9803 -0.844706 0.533155 -0.0471046
-79.8596 92.1629 -13.8902 -0.847221 0.528639 -0.0525091
-80.9614 90.4074 -13.8006 -0.847093 0.528772 -0.0532219
-82.1246 88.5539 -13.694 -0.847321 0.528456 -0.0527368
-83.1952 86.8456 -13.5888 -0.847922 0.527477 -0.0528763
-84.2656 85.1353 -13.4782 -0.848646 0.526171 -0.0542684
-85.3566 83.3837 -13.3693 -0.850224 0.523683 -0.0536167
-86.4374 81.6405 -13.2515 -0.850173 0.523493 -0.0562165
-87.5093 79.9095 -13.1292 -0.851387 0.521455 -0.0567963
-88.6134 78.1192 -13.0003 -0.851891 0.520781 -0.0553906
-89.7316 76.3042 -12.8635 -0.852683 0.519488 -0.0553538
-90.7841 74.6005 -12.733 -0.850613 0.522811 -0.055922
-91.8915 72.8037 -12.5946 -0.852318 0.52065 -0.0497721
-93.0015 70.9999 -12.451 -0.852364 0.520577 -0.0497443
-94.0768 69.2579 -12.3103 -0.850511 0.523618 -0.0495491
-95.1765 67.4849 -12.1655 -0.850992 0.522633 -0.0516357
-96.2698 65.7108 -12.0172 -0.853378 0.518589 -0.0530156
-97.3164 63.9975 -11.8757 -0.854811 0.516355 -0.0517327
-98.3773 62.2597 -11.7255 -0.854735 0.516863 -0.0477639
-99.5043 60.4138 -11.5663 -0.853763 0.51835 -0.0490135
-100.587 58.6426 -11.4159 -0.85399 0.517643 -0.0524113
-101.675 56.856 -11.2512 -0.855008 0.515639 -0.055485
-102.776 55.063 -11.0933 -0.851794 0.521197 -0.0529269
-103.933 53.186 -10.9249 -0.852554 0.520151 -0.0509422
-104.485 52.289 -10.8436 -0.852571 0.520198 -0.0501782
-105.026 50.8941 -15.7953 -0.848314 0.526237 -0.0586266
-103.949 52.6089 -15.9842 -0.849205 0.524647 -0.0599671
-102.827 54.4265 -16.1794 -0.85316 0.518165 -0.0601853
-101.681 56.2899 -16.3757 -0.852914 0.518448 -0.0612355
-100.632 57.9851 -16.5558 -0.851661 0.520208 -0.0636999
-99.5789 59.6892 -16.7301 -0.852154 0.519291 -0.0645827
-98.4666 61.5052 -16.9132 -0.854703 0.515098 -0.0644704
-97.3488 63.3372 -17.0952 -0.854753 0.514999 -0.0645991
-96.2456 65.1453 -17.2671 -0.854511 0.515627 -0.062765
-95.1441 66.9349 -17.4406 -0.851114 0.520736 -0.0666195
-94.0021 68.7729 -17.6051 -0.848965 0.523204 -0.0742699
-92.944 70.4749 -17.7595 -0.849485 0.522311 -0.0746091
-91.8705 72.2013 -17.9081 -0.850295 0.520624 -0.0771266
-90.8103 73.9073 -18.0561 -0.85028 0.521241 -0.0730153
-89.7395 75.6362 -18.2005 -0.850827 0.519585 -0.0782632
-88.6693 77.3616 -18.349 -0.850059 0.520612 -0.0797735
-87.5918 79.0982 -18.4951 -0.850014 0.520672 -0.0798598
-86.525 80.8201 -18.6291 -0.850252 0.520315 -0.0796511
-85.4433 82.5659 -18.7582 -0.849182 0.522614 -0.075924
-84.3693 84.2865 -18.8764 -0.847475 0.525819 -0.0728026
-83.236 86.095 -19.0045 -0.847355 0.525986 -0.072991
-82.0743 87.9459 -19.1337 -0.846949 0.526607 -0.0732253
-80.9247 89.7787 -19.2499 -0.846947 0.526643 -0.0729975
-79.8542 91.4841 -19.3482 -0.846375 0.527803 -0.0712224
-78.7758 93.2156 -19.4269 -0.849555 0.522919 -0.0693656
-77.6071 95.097 -19.5313 -0.848791 0.524064 -0.0700749
-76.5171 96.8509 -19.6158 -0.848726 0.523859 -0.0723576
-75.3756 98.6751 -19.6882 -0.844908 0.52963 -0.0749837
-74.2921 100.375 -19.7552 -0.842315 0.534474 -0.0695936
-73.1981 102.09 -19.8056 -0.841277 0.535696 -0.0726889
-72.1113 103.79 -19.8559 -0.841178 0.535747 -0.0734467
-70.9771 105.56 -19.8954 -0.840048 0.537434 -0.0740514
-69.814 107.357 -19.9343 -0.835453 0.544646 -0.0733397
-68.7081 109.053 -19.9513 -0.835638 0.543968 -0.0762143
-67.6083 110.756 -19.9338 -0.837419 0.540989 -0.0778524
-66.8273 111.964 -19.9315 -0.836872 0.541755 -0.0784028
-70.8872 104.817 -25.4382 -0.838273 0.537706 -0.0903909
-71.9751 103.131 -25.393 -0.837552 0.538646 -0.0914768
-73.06 101.451 -25.3557 -0.838023 0.537881 -0.0916619
-74.1974 99.6655 -25.3145 -0.84187 0.531671 -0.0926316
-75.2856 97.9549 -25.2167 -0.844055 0.528848 -0.0888335
-76.4192 96.1644 -25.0912 -0.844432 0.528346 -0.0882289
-77.5308 94.3992 -24.9995 -0.846079 0.525704 -0.0882377
-78.6897 92.5447 -24.9097 -0.846983 0.524862 -0.0844998
-79.7784 90.7951 -24.8088 -0.849029 0.522265 -0.0799337
-80.8387 89.0988 -24.6985 -0.845913 0.527135 -0.0809965
-81.9662 87.3042 -24.5751 -0.84683 0.525327 -0.0831288
-83.0431 85.5845 -24.4472 -0.847376 0.524219 -0.0845453
-84.1026 83.8909 -24.3217 -0.848601 0.522344 -0.0838636
-85.1923 82.1328 -24.1979 -0.849837 0.520554 -0.082466
-86.2833 80.3743 -24.0594 -0.849671 0.520874 -0.0821509
-87.3566 78.6507 -23.9097 -0.84906 0.522239 -0.0797746
-88.4242 76.9397 -23.7507 -0.849464 0.521778 -0.0784776
-89.5367 75.1534 -23.5794 -0.850035 0.520715 -0.0793446
-90.6104 73.4187 -23.4163 -0.851533 0.518229 -0.0795574
-91.6852 71.6775 -23.254 -0.851408 0.518421 -0.0796463
-92.7445 69.9699 -23.0927 -0.849431 0.521365 -0.0815259
-93.8656 68.1728 -22.9167 -0.849166 0.521843 -0.0812239
-94.9587 66.4218 -22.7377 -0.849174 0.521827 -0.0812415
-96.0233 64.7184 -22.5515 -0.84935 0.521562 -0.0811033
-97.1046 62.9761 -22.3692 -0.852556 0.516631 -0.0790038
-98.1892 61.2118 -22.1715 -0.853636 0.51456 -0.080827
-99.2515 59.4892 -21.9764 -0.85012 0.52034 -0.080887
-100.375 57.6942 -21.7646 -0.849132 0.521952 -0.0808694
-101.432 56.0051 -21.5646 -0.849112 0.521985 -0.0808757
-102.527 54.2503 -21.3535 -0.850393 0.519205 -0.0851982
-103.621 52.5035 -21.1359 -0.846249 0.525231 -0.0894103
-104.697 50.8037 -20.9079 -0.848291 0.524043 -0.0760309
-105.52 49.4892 -20.7364 -0.850086 0.521747 -0.0716482
-105.984 47.9372 -25.6587 -0.844344 0.528207 -0.0898899
-104.84 49.7207 -25.9326 -0.844755 0.527385 -0.0908494
-103.751 51.4318 -26.1885 -0.84972 0.519738 -0.0885873
-102.646 53.2041 -26.4379 -0.851198 0.517587 -0.0869822
-101.579 54.9177 -26.6787 -0.850887 0.517843 -0.0884922
-100.499 56.6535 -26.9124 -0.850487 0.518256 -0.0899068
-99.4129 58.3977 -27.1447 -0.850637 0.517678 -0.0917923
-98.3055 60.1769 -27.3815 -0.850688 0.517633 -0.0915761
-97.2413 61.8878 -27.5955 -0.850326 0.518659 -0.0890933
-96.1762 63.5983 -27.803 -0.850224 0.518962 -0.0883059
-95.0654 65.3799 -28.0131 -0.849304 0.520672 -0.0870822
-94.0064 67.0726 -28.2062 -0.848891 0.521388 -0.0868246
-92.9318 68.8042 -28.3922 -0.852441 0.516245 -0.0826787
-91.8554 70.5522 -28.5826 -0.852584 0.516 -0.0827311
-90.7516 72.3454 -28.7719 -0.853141 0.514846 -0.0841707
-89.6922 74.0644 -28.9451 -0.852393 0.515256 -0.0890932
-88.5784 75.86 -29.1338 -0.847875 0.521989 -0.0929241
-87.4718 77.6242 -29.2954 -0.846458 0.524155 -0.0936522
-86.4011 79.3204 -29.4613 -0.84602 0.525033 -0.0926818
-85.3009 81.0636 -29.629 -0.84601 0.525043 -0.0927237
-84.2339 82.7565 -29.778 -0.846016 0.525036 -0.0927065
-83.1253 84.5191 -29.913 -0.846022 0.525026 -0.0927079
-82.0397 86.2474 -30.043 -0.847194 0.523136 -0.0926884
-80.8874 88.0897 -30.1885 -0.847494 0.522882 -0.0913682
-79.7638 89.8897 -30.3083 -0.84727 0.523316 -0.090963
-78.693 91.5998 -30.43 -0.846955 0.523749 -0.0914019
-77.5643 93.399 -30.5231 -0.844464 0.52635 -0.0991783
-76.4005 95.2317 -30.642 -0.841811 0.53055 -0.0993572
-75.3242 96.9189 -30.7321 -0.841237 0.531545 -0.098895
-74.913 97.5632 -30.767 -0.841234 0.531555 -0.0988656
-78.2941 91.1933 -36.0084 -0.843194 0.527141 -0.105572
-79.3761 89.4833 -35.8996 -0.843744 0.526943 -0.102117
-80.4641 87.7658 -35.7709 -0.844481 0.525769 -0.102074
-81.6274 85.9156 -35.6418 -0.846631 0.523797 -0.0940854
-82.7182 84.1801 -35.4961 -0.847205 0.522135 -0.0980746
-83.8599 82.3592 -35.3229 -0.847573 0.521001 -0.100885
-84.9708 80.5867 -35.1394 -0.848173 0.520074 -0.100627
-86.0591 78.8431 -34.9614 -0.848763 0.519144 -0.100453
-87.1507 77.0932 -34.7823 -0.848739 0.519168 -0.100538
-88.2945 75.2607 -34.5911 -0.848507 0.519418 -0.101199
-89.379 73.5245 -34.4013 -0.84905 0.518453 -0.101596
-90.4933 71.7378 -34.2021 -0.849196 0.518184 -0.101743
-91.5605 70.0265 -34.0104 -0.849202 0.518148 -0.101871
-92.6298 68.3125 -33.8149 -0.849206 0.518138 -0.101892
-93.7393 66.5299 -33.6063 -0.851124 0.514774 -0.102932
-94.8281 64.7707 -33.3904 -0.850381 0.515713 -0.104365
-95.9014 63.052 -33.1607 -0.849506 0.516797 -0.106114
-96.9553 61.3674 -32.9283 -0.849512 0.516793 -0.10609
-98.0347 59.6419 -32.6904 -0.849476 0.51687 -0.105998
-99.162 57.8432 -32.4261 -0.85016 0.515923 -0.105126
-100.22 56.158 -32.1755 -0.849335 0.518247 -0.100253
-101.32 54.4071 -31.907 -0.849823 0.518358 -0.0954224
-102.424 52.6459 -31.6375 -0.850227 0.518188 -0.0927092
-103.478 50.9645 -31.3697 -0.850256 0.518177 -0.0925051
-104.562 49.2361 -31.0901 -0.850104 0.518403 -0.0926367
-105.632 47.5602 -30.8085 -0.843198 0.528189 -0.100171
-106.726 45.8691 -30.517 -0.843191 0.528195 -0.10019
-107.174 45.178 -30.3952 -0.843087 0.528388 -0.100051
-108.296 42.4238 -35.1172 -0.845328 0.522259 -0.112547
-107.141 44.2165 -35.466 -0.845196 0.521526 -0.116854
-106.06 45.8987 -35.7809 -0.847181 0.518606 -0.115468
-104.983 47.5996 -36.0941 -0.849585 0.514541 -0.115988
-103.825 49.4368 -36.425 -0.848959 0.516595 -0.111342
-102.751 51.1362 -36.7233 -0.847848 0.519191 -0.107679
-101.632 52.9088 -37.0278 -0.848509 0.518591 -0.105335
-100.49 54.7146 -37.3269 -0.848327 0.519715 -0.101181
-99.3408 56.5326 -37.6234 -0.847849 0.520535 -0.100971
-98.2726 58.2173 -37.8955 -0.847494 0.521117 -0.100946
-97.1941 59.9175 -38.1682 -0.8467 0.521939 -0.103337
-96.1251 61.6026 -38.4344 -0.847684 0.519764 -0.106189
-95.0257 63.3692 -38.6929 -0.851578 0.51287 -0.108532
-93.9548 65.0974 -38.9396 -0.851323 0.513891 -0.105664
-92.8939 66.8117 -39.1717 -0.851613 0.513508 -0.105186
-91.7833 68.6018 -39.3974 -0.849565 0.517253 -0.103382
-90.6909 70.3511 -39.6153 -0.849564 0.517485 -0.102229
-89.6221 72.0656 -39.8175 -0.8496 0.517552 -0.101583
-88.4736 73.9078 -40.0239 -0.848561 0.518509 -0.10532
-87.3721 75.6684 -40.2281 -0.847516 0.519788 -0.107414
-86.222 77.5023 -40.4336 -0.847643 0.519059 -0.109908
-85.1212 79.2552 -40.6122 -0.845946 0.520453 -0.116203
-83.9796 81.0574 -40.807 -0.844138 0.523705 -0.11473
-82.8757 82.7952 -40.9946 -0.844108 0.524126 -0.113021
-82.0043 84.1716 -41.1233 -0.844562 0.523551 -0.112293
-85.331 77.6573 -46.1278 -0.845152 0.519925 -0.124082
-86.4457 75.8959 -45.916 -0.845204 0.519878 -0.123929
-87.5058 74.2085 -45.7208 -0.847469 0.51706 -0.12019
-88.6025 72.4732 -45.5181 -0.844485 0.522134 -0.119255
-89.7051 70.7412 -45.2866 -0.846451 0.518028 -0.123162
-90.7868 69.0263 -45.0593 -0.84868 0.513649 -0.126122
-91.8689 67.2879 -44.8108 -0.851164 0.510174 -0.12346
-92.966 65.5144 -44.5623 -0.851709 0.510372 -0.118793
-94.0787 63.7199 -44.2924 -0.851853 0.511043 -0.114814
-95.1947 61.936 -44.0014 -0.847017 0.518994 -0.114923
-96.3269 60.146 -43.7023 -0.848537 0.515689 -0.11853
-97.446 58.3718 -43.4071 -0.848626 0.515473 -0.118836
-98.5394 56.6396 -43.1122 -0.848622 0.515484 -0.118819
-99.6443 54.8917 -42.804 -0.848611 0.515498 -0.118828
-100.737 53.1622 -42.5018 -0.848689 0.515412 -0.118644
-101.848 51.4052 -42.1777 -0.849359 0.514703 -0.116919
-102.929 49.691 -41.8561 -0.849719 0.514243 -0.116322
-104.072 47.881 -41.5076 -0.849571 0.514517 -0.116197
-105.152 46.1797 -41.1744 -0.847732 0.517688 -0.115538
-106.237 44.4784 -40.8359 -0.847682 0.517774 -0.115521
-107.309 42.8006 -40.4947 -0.846909 0.518904 -0.116123
-108.383 41.1373 -40.1498 -0.844278 0.522384 -0.119622
-109.359 39.6335 -39.8311 -0.844282 0.522377 -0.119624
-110.514 36.6804 -44.5043 -0.845283 0.52039 -0.121203
-109.392 38.4089 -44.8951 -0.844216 0.521203 -0.125089
-108.298 40.0927 -45.2734 -0.845984 0.517699 -0.127665
-107.154 41.8748 -45.6657 -0.847424 0.515145 -0.128444
-106.033 43.6245 -46.0451 -0.847431 0.515136 -0.128436
-104.932 45.344 -46.4122 -0.847362 0.515219 -0.128554
-103.86 47.0158 -46.7645 -0.846296 0.516257 -0.131384
-102.696 48.8324 -47.1461 -0.847518 0.514056 -0.132134
-101.591 50.5649 -47.4945 -0.847554 0.513938 -0.132362
-100.492 52.2858 -47.8435 -0.846649 0.515102 -0.133626
-99.4052 53.9796 -48.1763 -0.845841 0.515538 -0.137014
-98.3064 55.7042 -48.4956 -0.846694 0.514542 -0.135483
-97.2392 57.3735 -48.809 -0.84577 0.51641 -0.13414
-96.0646 59.2143 -49.1401 -0.847077 0.51482 -0.131986
-94.9 61.0568 -49.4622 -0.848443 0.513005 -0.130268
-93.814 62.7762 -49.7642 -0.848409 0.513012 -0.130467
-92.694 64.5659 -50.056 -0.852043 0.506155 -0.133526
-91.5935 66.3392 -50.3274 -0.849886 0.508885 -0.136855
-90.4996 68.0926 -50.5842 -0.847994 0.512279 -0.13593
-89.4363 69.7811 -50.8429 -0.847428 0.513353 -0.135408
-88.5857 71.136 -51.0285 -0.847545 0.513563 -0.133869
-91.6147 64.8372 -55.8116 -0.849409 0.510065 -0.135418
-92.7343 63.051 -55.5097 -0.849618 0.509625 -0.135761
-93.8354 61.3004 -55.1983 -0.848419 0.511076 -0.137792
-94.9837 59.4893 -54.8615 -0.847764 0.512058 -0.138179
-96.1463 57.6603 -54.5148 -0.847098 0.513294 -0.137678
-97.254 55.9237 -54.1761 -0.847003 0.513464 -0.137626
-98.4136 54.109 -53.8096 -0.846584 0.514285 -0.137133
-99.4851 52.4424 -53.4664 -0.845388 0.51591 -0.138404
-100.629 50.6656 -53.0844 -0.846073 0.514101 -0.140928
-101.734 48.9511 -52.702 -0.846214 0.513857 -0.14097
-102.823 47.264 -52.3145 -0.845838 0.514324 -0.141523
-103.949 45.5297 -51.9276 -0.844023 0.516708 -0.143659
-105.057 43.828 -51.538 -0.844342 0.516923 -0.140989
-106.244 42.0012 -51.1193 -0.845849 0.515857 -0.135764
-107.323 40.3332 -50.7278 -0.846978 0.514976 -0.132015
-108.405 38.6706 -50.3406 -0.843422 0.520385 -0.133563
-109.495 36.9978 -49.946 -0.84441 0.518208 -0.135768
-110.591 35.3125 -49.5437 -0.844836 0.516761 -0.138599
-111.787 33.4741 -49.0998 -0.845207 0.516174 -0.138528
-112.021 33.1133 -49.0138 -0.845191 0.516195 -0.138548
-113.498 29.484 -53.4689 -0.836403 0.524619 -0.158759
-112.399 31.1314 -53.8833 -0.840962 0.516761 -0.16044
-111.298 32.7916 -54.308 -0.840949 0.516739 -0.160579
-110.187 34.4676 -54.7314 -0.840953 0.516731 -0.160581
-109.053 36.1797 -55.1647 -0.842144 0.515136 -0.159463
-107.929 37.8965 -55.5894 -0.844034 0.513165 -0.155782
-106.842 39.5603 -56.0015 -0.844038 0.513163 -0.155769
-105.739 41.2505 -56.4248 -0.845881 0.509716 -0.157079
-104.672 42.8978 -56.8312 -0.846814 0.508378 -0.15639
-103.523 44.6807 -57.271 -0.84759 0.507516 -0.15498
-102.418 46.401 -57.6929 -0.848211 0.506448 -0.155077
-101.313 48.1224 -58.115 -0.847996 0.506777 -0.15518
-100.223 49.8214 -58.5148 -0.847061 0.509915 -0.149917
-99.087 51.5832 -58.9267 -0.847219 0.509444 -0.150622
-98.0116 53.2436 -59.306 -0.845069 0.510535 -0.158784
-96.929 54.9182 -59.669 -0.844266 0.511154 -0.161049
-95.7811 56.6956 -60.0565 -0.845906 0.509518 -0.157588
-94.7121 58.3703 -60.4042 -0.849334 0.50436 -0.155731
-94.2316 59.137 -60.5631 -0.853085 0.498763 -0.153234
-96.6153 53.7155 -65.242 -0.846709 0.507298 -0.160412
-97.716 52.0011 -64.8312 -0.848301 0.503313 -0.164504
-98.8225 50.2769 -64.3969 -0.844644 0.505291 -0.176796
-99.9228 48.5956 -63.9633 -0.84444 0.507621 -0.171003
-101.025 46.9122 -63.5174 -0.845294 0.50732 -0.167645
-102.106 45.2586 -63.0728 -0.846354 0.504678 -0.170251
-103.199 43.5713 -62.6245 -0.84851 0.503896 -0.161618
-104.318 41.8331 -62.1581 -0.849261 0.503074 -0.160226
-105.41 40.1368 -61.6958 -0.849281 0.503059 -0.160166
-106.474 38.492 -61.2505 -0.845339 0.507853 -0.165797
-107.562 36.8429 -60.8052 -0.842725 0.510872 -0.169776
-108.648 35.1986 -60.3616 -0.84267 0.510928 -0.16988
-109.757 33.5342 -59.9054 -0.838604 0.518799 -0.166105
-110.909 31.8271 -59.4402 -0.839235 0.518992 -0.162268
-111.997 30.1948 -59.003 -0.839975 0.518368 -0.160428
-113.108 28.5495 -58.565 -0.835912 0.524907 -0.160386
-114.212 26.9203 -58.144 -0.835886 0.524944 -0.160403
-114.868 25.9501 -57.8979 -0.835893 0.524937 -0.160386
-123.967 12.2682 -54.8536 -0.841267 0.522635 -0.138285
-125.135 10.4888 -54.4824 -0.839303 0.52561 -0.13894
-126.269 8.77371 -54.1374 -0.839501 0.525574 -0.137879
-126.437 8.51808 -54.088 -0.840941 0.524738 -0.132168
-126.024 10.2965 -49.5886 -0.845388 0.517936 -0.130618
-127.108 8.60852 -49.2699 -0.845293 0.518126 -0.130484
-127.868 8.53337 -44.464 -0.847671 0.516839 -0.119718
-127.881 8.51169 -44.4609 -0.847711 0.516783 -0.119673
-125.642 8.49627 -58.9105 -0.832931 0.533125 -0.148337
-124.486 10.2095 -59.285 -0.837872 0.525456 -0.147876
-123.392 11.8532 -59.6593 -0.836542 0.526507 -0.151616
-122.296 13.4831 -60.0363 -0.835807 0.527484 -0.152275
-121.116 15.235 -60.4331 -0.835946 0.525719 -0.157526
-119.968 16.9367 -60.8285 -0.836248 0.523904 -0.161903
-118.866 18.5703 -61.2209 -0.835954 0.524733 -0.160739
-117.742 20.2245 -61.6347 -0.8341 0.526367 -0.164971
-116.616 21.8729 -62.0636 -0.833836 0.526914 -0.164558
-115.496 23.5107 -62.5014 -0.834565 0.525729 -0.164653
-114.392 25.1317 -62.9425 -0.834628 0.52395 -0.16992
-113.279 26.7542 -63.3899 -0.832974 0.52416 -0.177229
-112.115 28.4495 -63.871 -0.836835 0.518928 -0.174416
-110.974 30.1329 -64.3571 -0.838032 0.517775 -0.172078
-109.874 31.7542 -64.8341 -0.837975 0.517805 -0.172265
-108.768 33.3799 -65.3172 -0.836355 0.519057 -0.176322
-107.622 35.0593 -65.8191 -0.840416 0.506064 -0.193907
-106.543 36.6809 -66.3053 -0.843405 0.50329 -0.188062
-105.42 38.3677 -66.8078 -0.842418 0.505813 -0.185701
-104.295 40.0542 -67.3212 -0.842397 0.505865 -0.185655
-103.197 41.7002 -67.816 -0.84262 0.505467 -0.18573
-102.135 43.3304 -68.3074 -0.852229 0.491841 -0.178323
-100.994 45.1069 -68.8346 -0.849197 0.49494 -0.184117
-99.8706 46.82 -69.3173 -0.841032 0.508625 -0.184298
-99.0629 48.0197 -69.6678 -0.840424 0.510309 -0.182405
-100.899 43.1029 -74.1219 -0.845242 0.485837 -0.222547
-101.986 41.4706 -73.5585 -0.844786 0.486908 -0.221941
-103.143 39.7467 -72.9881 -0.840307 0.49496 -0.221131
-104.3 38.0373 -72.4127 -0.840914 0.495543 -0.217488
-105.432 36.3601 -71.8284 -0.844762 0.494013 -0.205737
-106.526 34.7248 -71.2683 -0.836897 0.510355 -0.197839
-107.631 33.1419 -70.7421 -0.832558 0.517077 -0.19869
-108.738 31.5599 -70.2199 -0.832554 0.517085 -0.198686
-109.867 29.9444 -69.6978 -0.832166 0.517514 -0.199194
-111.064 28.2285 -69.1544 -0.831952 0.517932 -0.199001
-112.227 26.5653 -68.6367 -0.829319 0.523198 -0.196197
-113.356 24.9694 -68.1447 -0.825936 0.527668 -0.198487
-114.526 23.3253 -67.652 -0.826668 0.528064 -0.194341
-115.715 21.6306 -67.1558 -0.829174 0.526449 -0.18794
-116.857 20.0047 -66.6932 -0.830499 0.52765 -0.178486
-117.97 18.3917 -66.24 -0.834173 0.524434 -0.170659
-119.103 16.7323 -65.8026 -0.833542 0.525516 -0.170411
-120.281 15.0183 -65.3583 -0.830986 0.530423 -0.167671
-121.42 13.3616 -64.9371 -0.832137 0.529348 -0.165347
-122.637 11.5843 -64.5017 -0.83201 0.529557 -0.165316
-123.773 9.93582 -64.095 -0.82911 0.536104 -0.158651
-124.786 8.47852 -63.7369 -0.829024 0.536617 -0.157359
-123.874 8.4385 -68.5714 -0.8276 0.536023 -0.166606
-122.71 10.0997 -69.0028 -0.826682 0.53694 -0.168205
-121.579 11.7001 -69.4267 -0.824757 0.538522 -0.172541
-120.438 13.3258 -69.8581 -0.829739 0.530163 -0.174529
-119.296 14.9509 -70.3047 -0.823564 0.535598 -0.186753
-118.096 16.6256 -70.7818 -0.825369 0.531442 -0.190616
-116.966 18.21 -71.2545 -0.822326 0.53378 -0.197125
-115.795 19.8266 -71.7525 -0.821056 0.53471 -0.199883
-114.573 21.5127 -72.2786 -0.823767 0.530428 -0.200137
-113.427 23.112 -72.7943 -0.828768 0.523882 -0.196701
-112.296 24.7027 -73.3221 -0.828621 0.523533 -0.198243
-111.16 26.278 -73.8518 -0.822117 0.526669 -0.216204
-109.918 27.9859 -74.4404 -0.829217 0.51639 -0.21387
-108.744 29.631 -75.0273 -0.829588 0.515671 -0.214165
-107.584 31.2478 -75.6215 -0.827994 0.516971 -0.21718
-106.425 32.8442 -76.2167 -0.826086 0.519066 -0.219436
-105.217 34.5031 -76.8475 -0.828625 0.514547 -0.220506
-104.04 36.1847 -77.4995 -0.840587 0.493179 -0.224028
-102.893 37.8433 -78.1543 -0.840499 0.493201 -0.224309
-102.426 38.5139 -78.426 -0.839978 0.493257 -0.226127
-103.325 34.8617 -82.8019 -0.825122 0.504224 -0.254818
-104.556 33.2455 -82.0763 -0.820235 0.512072 -0.254945
-105.701 31.7163 -81.4098 -0.826346 0.509067 -0.24084
-106.842 30.1708 -80.7534 -0.826971 0.508776 -0.239301
-107.974 28.6354 -80.1222 -0.823278 0.514956 -0.238816
-109.118 27.1109 -79.5152 -0.819214 0.521162 -0.239329
-110.308 25.5045 -78.8986 -0.825164 0.517668 -0.226108
-111.519 23.8622 -78.2842 -0.819568 0.529241 -0.219572
-112.717 22.2558 -77.7029 -0.817273 0.53548 -0.212897
-113.927 20.6377 -77.1295 -0.817126 0.536336 -0.211302
-115.123 19.0287 -76.5853 -0.817459 0.535892 -0.211142
-116.349 17.3672 -76.0446 -0.81855 0.535866 -0.206938
-117.501 15.7932 -75.5475 -0.819971 0.535567 -0.202031
-118.708 14.1423 -75.0313 -0.817794 0.539839 -0.199466
-119.91 12.5131 -74.5491 -0.81587 0.544926 -0.19342
-121.065 10.9397 -74.0856 -0.821729 0.539517 -0.183531
-122.227 9.31943 -73.6287 -0.820928 0.542632 -0.177843
-122.9 8.38761 -73.3676 -0.820402 0.543924 -0.176316
-120.245 10.4726 -78.814 -0.808123 0.55128 -0.207429
-119.034 12.0642 -79.302 -0.808104 0.550632 -0.20922
-117.826 13.6483 -79.7988 -0.808025 0.550602 -0.209604
-116.606 15.2566 -80.3312 -0.815839 0.535913 -0.217264
-115.328 16.9483 -80.9102 -0.809325 0.539174 -0.232992
-114.079 18.574 -81.4864 -0.809334 0.538861 -0.233684
-112.859 20.156 -82.0744 -0.812481 0.533849 -0.234267
-111.68 21.6994 -82.6745 -0.814425 0.52967 -0.236983
-110.51 23.2171 -83.2823 -0.812738 0.531548 -0.238566
-109.259 24.8363 -83.9561 -0.817226 0.523415 -0.241204
-108.048 26.416 -84.6364 -0.81503 0.520965 -0.253619
-106.829 27.9723 -85.3373 -0.813104 0.522216 -0.257202
-105.649 29.4908 -86.0448 -0.819673 0.509789 -0.261251
-104.485 30.9919 -86.7697 -0.819837 0.509632 -0.261041
-104.332 31.1884 -86.8672 -0.819795 0.5097 -0.261042
-105.362 27.5424 -90.6723 -0.807416 0.519669 -0.279327
-106.557 26.0884 -89.9245 -0.807306 0.520263 -0.278536
-107.742 24.6244 -89.2026 -0.810277 0.520631 -0.269063
-108.955 23.0981 -88.4804 -0.8106 0.524065 -0.26131
-110.182 21.5612 -87.7854 -0.806869 0.531629 -0.257551
-111.457 19.9674 -87.092 -0.805615 0.534384 -0.255769
-112.712 18.4128 -86.4528 -0.796233 0.545607 -0.261391
-113.944 16.8799 -85.8594 -0.805716 0.541724 -0.239493
-115.138 15.3491 -85.2808 -0.807709 0.542413 -0.231071
-115.86 14.4288 -84.9504 -0.799374 0.554807 -0.230632
-110.834 18.7007 -91.5849 -0.793667 0.534235 -0.291007
-109.53 20.2192 -92.2994 -0.790759 0.536622 -0.294512
-108.288 21.6904 -93.0313 -0.800036 0.527082 -0.28658
-107.355 22.7952 -93.6044 -0.800037 0.527094 -0.286553
-107.236 22.9355 -93.6787 -0.800035 0.527098 -0.286551
