-143.108 6.22847 22.6892 -0.854642 0.519216 -0.00172284
-143.082 6.26955 24.7492 -0.854202 0.519935 0.00252953
-143.082 6.24597 27 -0.853423 0.521193 0.00525264
-143.004 6.36443 29.067 -0.852105 0.523344 0.00449221
-142.557 7.04597 31.0678 -0.849791 0.526979 0.0121888
-142.09 7.74367 33.0051 -0.848792 0.528446 0.0172517
-141.632 8.41547 34.8406 -0.848399 0.52897 0.0202307
-141.107 9.16836 36.6552 -0.846457 0.531791 0.02664
-140.613 9.86323 38.4885 -0.846478 0.53177 0.0263507
-140.076 10.597 40.3472 -0.843865 0.535351 0.0359271
-139.488 11.3986 42.1413 -0.844123 0.534533 0.0415957
-138.926 12.1444 43.975 -0.844354 0.534141 0.0419438
-138.364 12.8781 45.7664 -0.842678 0.53605 0.0504424
-137.714 13.7101 47.6056 -0.841821 0.536887 0.0555947
-137.016 14.6099 49.3985 -0.841409 0.5367 0.0631239
-136.324 15.4694 51.141 -0.838075 0.540935 0.0708531
-135.619 16.3181 52.9945 -0.837964 0.541077 0.0710784
-134.911 17.194 54.6575 -0.83832 0.540132 0.074006
-134.128 18.1752 56.3385 -0.837782 0.540794 0.0752506
-133.38 19.0457 58.1049 -0.833528 0.54427 0.094876
-132.581 19.9583 59.8681 -0.832466 0.545781 0.0955118
-131.756 20.9201 61.5333 -0.831453 0.54713 0.0966193
-130.966 21.8256 63.2018 -0.831362 0.54651 0.100776
-130.112 23.333 62.205 -0.839371 0.534456 0.0990653
-129.359 24.7554 60.9096 -0.839366 0.534459 0.0990885
-128.595 26.1867 59.6615 -0.839075 0.534914 0.0990945
-127.744 27.7483 58.3392 -0.839661 0.536155 0.0866405
-126.973 29.1618 57.0767 -0.840792 0.534537 0.0856665
-126.135 30.6711 55.8795 -0.841094 0.534167 0.085011
-125.261 32.2364 54.6863 -0.840501 0.535188 0.0844547
-124.425 33.7101 53.6074 -0.839268 0.537485 0.0820944
-123.566 35.2506 52.3709 -0.844465 0.528928 0.0843423
-122.726 36.7815 51.0935 -0.845788 0.528357 0.0740414
-121.941 38.1977 49.9046 -0.845788 0.528845 0.070471
-121.141 39.6588 48.643 -0.848211 0.524437 0.0741842
-120.301 41.1874 47.4438 -0.848532 0.523953 0.0739451
-119.478 42.7059 46.1738 -0.851087 0.520017 0.0723397
-118.707 44.1401 44.9853 -0.853203 0.517099 0.0682117
-117.89 45.6247 43.7051 -0.851718 0.521986 0.0458884
-117.16 46.9339 42.3807 -0.849773 0.524788 0.0498152
-116.357 48.3746 40.9817 -0.848835 0.526264 0.0502422
-115.572 49.7579 39.6791 -0.849583 0.525433 0.0461443
-114.719 51.2633 38.328 -0.851421 0.522495 0.0456169
-113.931 52.6608 37.0239 -0.851426 0.522486 0.0456264
-113.127 54.0776 35.7609 -0.850945 0.523671 0.0407179
-112.318 55.4803 34.5575 -0.85118 0.523469 0.0383713
-111.513 56.8862 33.2778 -0.851777 0.522494 0.0384138
-110.671 58.3499 31.9657 -0.851701 0.522834 0.0353546
-109.883 59.7184 30.6665 -0.852175 0.522172 0.0336843
-109.041 61.1781 29.3027 -0.852978 0.521142 0.0289711
-108.155 62.6924 27.9731 -0.850997 0.524699 0.0222655
-107.313 64.1105 26.6941 -0.851833 0.523398 0.0208503
-106.489 65.4979 25.4963 -0.851931 0.523258 0.0203623
-105.721 66.8021 24.0924 -0.851804 0.523468 0.0202609
-104.992 68.0429 22.6877 -0.851882 0.523345 0.0201519
-104.254 69.2959 21.2387 -0.851517 0.524075 0.0162367
-103.522 70.5255 19.7447 -0.852162 0.523125 0.0126357
-102.794 71.7445 18.2648 -0.852708 0.522283 0.0104778
-102.029 73.0239 16.7445 -0.852696 0.522301 0.0105206
-101.294 74.2548 15.2244 -0.852704 0.52229 0.010469
-100.542 75.5155 13.7076 -0.853118 0.521604 0.0109009
-99.8037 76.753 12.2489 -0.853127 0.52159 0.0109113
-99.2958 77.6187 10.5264 -0.853453 0.521089 0.00913001
-98.8256 78.4053 8.61789 -0.85402 0.520236 0.00214725
-98.3206 79.2346 6.72681 -0.856156 0.516618 -0.00976919
-97.8121 80.0176 4.71559 -0.8563 0.516189 -0.0172973
-97.3388 80.7416 2.88387 -0.856591 0.515722 -0.0168431
-97.1274 81.0207 0.851354 -0.857655 0.513736 -0.0224116
-96.9787 81.1736 -1.14295 -0.857437 0.513993 -0.0247655
-96.8355 81.3162 -3.14396 -0.857415 0.514029 -0.02475
-96.7714 81.3252 -5.16713 -0.857543 0.513734 -0.0263993
-96.9802 80.8608 -7.09218 -0.856494 0.514888 -0.0361767
-97.3047 80.2004 -8.99184 -0.853995 0.519213 -0.033327
-97.618 79.5563 -10.9984 -0.854141 0.518951 -0.0336588
-97.9526 78.8606 -12.9271 -0.85709 0.51348 -0.0416582
-98.2553 78.1963 -14.8307 -0.857511 0.512446 -0.0455307
-98.773 77.1598 -16.6615 -0.857686 0.511916 -0.0481429
-99.3393 76.0217 -18.4044 -0.858733 0.507954 -0.0674513
-99.8267 74.9691 -20.1152 -0.856853 0.510665 -0.0708829
-100.357 73.8489 -21.7695 -0.856778 0.510808 -0.070755
-100.856 72.7944 -23.4043 -0.854632 0.514589 -0.0692949
-101.343 71.7672 -25.0744 -0.852836 0.517629 -0.06878
-101.892 70.6307 -26.7432 -0.853809 0.515489 -0.0726799
-102.567 69.2876 -28.3326 -0.854591 0.514142 -0.0730228
-103.194 68.0182 -29.7641 -0.854836 0.511206 -0.0890025
-103.836 66.6836 -31.2046 -0.85477 0.510614 -0.0929558
-104.444 65.3944 -32.6777 -0.854603 0.510401 -0.0956232
-105.044 64.1109 -34.1446 -0.854737 0.509856 -0.0973186
-105.65 62.8091 -35.6411 -0.854552 0.510095 -0.0976907
-106.254 61.5023 -37.1837 -0.854391 0.510252 -0.098276
-106.834 60.2203 -38.7284 -0.855273 0.506664 -0.10862
-107.407 58.9094 -40.3042 -0.854353 0.507631 -0.111319
-107.92 57.7123 -41.832 -0.85238 0.510626 -0.112739
-108.508 56.4056 -43.309 -0.851007 0.512556 -0.114335
-109.174 54.9944 -44.6772 -0.850787 0.512862 -0.114602
-109.908 53.4901 -45.9586 -0.850859 0.512712 -0.114744
-110.622 52.0102 -47.2525 -0.849849 0.513212 -0.119867
-111.3 50.5842 -48.4968 -0.85061 0.51115 -0.123238
-111.951 49.144 -49.9726 -0.850746 0.510834 -0.123613
-112.543 47.7967 -51.4464 -0.849749 0.511086 -0.1293
-113.136 46.4223 -52.9042 -0.851647 0.504167 -0.143217
-113.708 45.0619 -54.2712 -0.849287 0.506998 -0.14719
-114.301 43.6273 -55.8119 -0.848502 0.508429 -0.146783
-114.859 42.2925 -57.207 -0.84711 0.509743 -0.150224
-115.437 40.914 -58.5892 -0.844985 0.510474 -0.159426
-115.989 39.5588 -59.9961 -0.844722 0.510682 -0.160152
-116.541 38.1957 -61.4378 -0.843448 0.512907 -0.159755
-117.136 36.7599 -62.9598 -0.839024 0.520258 -0.159278
-117.745 35.3155 -64.4662 -0.839105 0.519101 -0.162592
-118.335 33.9274 -65.8321 -0.839305 0.518128 -0.164652
-118.944 32.5152 -67.1477 -0.837453 0.519526 -0.1696
-119.545 31.1041 -68.4565 -0.835571 0.519427 -0.178934
-120.117 29.7232 -69.7884 -0.835389 0.519419 -0.179803
-120.755 28.2201 -71.1645 -0.835369 0.519039 -0.180991
-121.328 26.8205 -72.4841 -0.832353 0.518565 -0.195651
-121.932 25.3578 -73.7792 -0.829353 0.521039 -0.201724
-122.493 23.9505 -75.1356 -0.823256 0.531214 -0.200145
-123.1 22.525 -76.4433 -0.820185 0.5355 -0.201337
-123.942 21.3005 -76.2685 -0.820049 0.535664 -0.201456
-124.95 20.352 -74.641 -0.826088 0.530558 -0.189964
-125.937 19.3974 -72.9991 -0.826564 0.530221 -0.188834
-126.864 18.5054 -71.4506 -0.824019 0.534035 -0.189205
-127.782 17.6494 -69.8288 -0.82704 0.53533 -0.171465
-128.746 16.6845 -68.1023 -0.830268 0.532415 -0.164886
-129.63 15.8201 -66.4327 -0.833285 0.529645 -0.158468
-130.477 14.9518 -64.8373 -0.834564 0.529139 -0.153346
-131.312 14.1294 -63.1403 -0.832546 0.532516 -0.152619
-132.136 13.3099 -61.4551 -0.83422 0.532069 -0.144843
-132.93 12.5377 -59.7065 -0.835639 0.530177 -0.143597
-133.742 11.7176 -57.9267 -0.839742 0.526052 -0.134539
-134.537 10.8897 -56.169 -0.839813 0.52672 -0.131452
-135.319 10.0969 -54.3521 -0.840464 0.52582 -0.130893
-136.06 9.33462 -52.5905 -0.842297 0.524249 -0.125295
-136.806 8.60412 -50.6193 -0.842589 0.524401 -0.122667
-137.532 7.88305 -48.6593 -0.843277 0.524556 -0.117151
-138.205 7.16933 -46.9132 -0.845524 0.522632 -0.109294
-138.826 6.55907 -44.9044 -0.849328 0.518396 -0.0995382
-139.218 6.28651 -42.9486 -0.851234 0.516073 -0.0952339
-139.453 6.2782 -40.865 -0.851461 0.515902 -0.0941245
-139.67 6.30397 -38.7332 -0.851725 0.515751 -0.0925483
-139.881 6.30542 -36.7115 -0.853661 0.513778 -0.0854156
-140.086 6.29725 -34.6981 -0.854093 0.513202 -0.0845474
-140.294 6.28855 -32.599 -0.855686 0.511318 -0.0797211
-140.491 6.27318 -30.5443 -0.857113 0.509193 -0.0779727
-140.699 6.23614 -28.4795 -0.857172 0.509531 -0.0750573
-140.864 6.2547 -26.4186 -0.85771 0.508982 -0.0725979
-141.025 6.27609 -24.3375 -0.857804 0.509049 -0.0710004
-141.182 6.28593 -22.3199 -0.857414 0.510132 -0.0678648
-141.341 6.28597 -20.2719 -0.857832 0.509946 -0.0638622
-141.495 6.29335 -18.1256 -0.857858 0.509944 -0.0635373
-141.625 6.33065 -16.0321 -0.859016 0.508389 -0.0602696
-141.755 6.35732 -13.9023 -0.858374 0.50984 -0.0570746
-141.892 6.34774 -11.8674 -0.858648 0.509794 -0.0532279
-142.045 6.29856 -9.80897 -0.85814 0.51116 -0.0480695
-142.171 6.28526 -7.63126 -0.85813 0.511313 -0.046609
-142.283 6.28282 -5.54406 -0.857876 0.512123 -0.0421713
-142.406 6.24681 -3.41924 -0.858233 0.511638 -0.0407779
-142.474 6.29658 -1.29819 -0.85769 0.512823 -0.0371603
-142.569 6.27851 0.820103 -0.856602 0.51488 -0.0336458
-142.647 6.2868 2.91052 -0.855594 0.516436 -0.0353861
-142.73 6.27575 4.93082 -0.855322 0.517303 -0.0286593
-142.783 6.29925 6.9857 -0.855258 0.517452 -0.0278656
-142.823 6.33261 9.04043 -0.855614 0.517125 -0.0225111
-142.895 6.30255 11.1334 -0.855665 0.517051 -0.0222567
-142.957 6.29043 13.3072 -0.856504 0.515731 -0.0205741
-143.025 6.25124 15.3655 -0.856933 0.515149 -0.0169444
-143.037 6.28692 17.4852 -0.856836 0.515474 -0.0109066
-143.068 6.26716 19.5634 -0.856134 0.516721 -0.00580196
-143.1 6.23559 21.6802 -0.855379 0.517986 -0.0041672
-143.108 6.22828 22.4908 -0.854657 0.51919 -0.00172928
-145.6 2.11749 22.5532 -0.855152 0.518361 -0.0040562
-145.592 2.1336 24.6236 -0.854664 0.519181 -2.63968e-05
-145.606 2.1158 26.6974 -0.853959 0.520337 -0.00191435
-145.593 2.14398 28.7338 -0.853605 0.520915 -0.00234722
-145.411 2.44357 30.6942 -0.851141 0.524911 0.00505031
-144.975 3.11231 32.5298 -0.849763 0.526958 0.0147929
-144.501 3.8137 34.4104 -0.849381 0.527465 0.0182445
-144.059 4.46494 36.3098 -0.848986 0.528177 0.0158887
-143.552 5.21188 38.2304 -0.846131 0.53255 0.0212382
-143.036 5.9442 40.0207 -0.844116 0.535463 0.0273558
-142.516 6.65538 41.865 -0.844537 0.534279 0.0361065
-141.95 7.4111 43.6476 -0.843636 0.535241 0.0423836
-141.372 8.18158 45.4195 -0.842361 0.53721 0.0428271
-140.781 8.9446 47.2573 -0.839192 0.541295 0.0524353
-140.196 9.66766 49.043 -0.839554 0.540294 0.0568426
-139.506 10.542 50.8499 -0.83939 0.539947 0.0623044
-138.839 11.3839 52.5535 -0.839959 0.538864 0.0639951
-138.152 12.2287 54.3284 -0.837156 0.542605 0.0689127
-137.46 13.0678 56.0934 -0.835677 0.544548 0.0714956
-136.724 13.9693 57.8095 -0.835174 0.545224 0.0722151
-135.952 14.9031 59.5216 -0.831369 0.549578 0.0823949
-135.184 15.7907 61.2124 -0.828021 0.553794 0.0877094
-134.408 16.6732 62.8856 -0.827772 0.552588 0.0971582
-133.601 17.5863 64.5865 -0.825624 0.555727 0.0975183
-132.721 18.5413 66.4077 -0.820266 0.562309 0.104747
-131.843 19.4588 68.0627 -0.816738 0.561622 0.132366
-130.978 20.3552 69.6774 -0.827613 0.545555 0.132009
-130.157 21.7035 69.3616 -0.833871 0.535247 0.134792
-129.407 23.2212 68.0299 -0.844226 0.521632 0.123213
-128.666 24.7126 66.7408 -0.847698 0.521265 0.0984291
-127.893 26.2115 65.3914 -0.849292 0.520201 0.0899637
-127.154 27.6261 64.1683 -0.847677 0.522256 0.0932266
-126.381 29.0818 62.9269 -0.844021 0.528345 0.0920893
-125.616 30.537 61.6761 -0.842675 0.529368 0.0983198
-124.842 31.9765 60.4282 -0.840973 0.534128 0.0864426
-123.972 33.5289 59.2474 -0.837851 0.539045 0.086231
-123.046 35.1448 58.0952 -0.836981 0.540438 0.0859684
-122.205 36.6486 56.925 -0.840401 0.534098 0.092003
-121.433 38.0781 55.7452 -0.844244 0.527975 0.0921615
-120.641 39.5628 54.5262 -0.849204 0.520773 0.0874534
-119.804 41.1521 53.2244 -0.850769 0.518373 0.086492
-119.048 42.5905 52.0376 -0.851572 0.517206 0.0855731
-118.285 44.0367 50.8448 -0.85353 0.515528 0.0756126
-117.508 45.4926 49.6527 -0.853228 0.516587 0.071681
-116.726 46.9524 48.4413 -0.85388 0.515721 0.0701498
-115.932 48.4354 47.1888 -0.85354 0.516434 0.0690345
-115.23 49.7695 45.8247 -0.85163 0.520999 0.0570421
-114.478 51.1233 44.4546 -0.851478 0.522434 0.045257
-113.673 52.547 43.1574 -0.851387 0.522562 0.0454852
-112.89 53.9293 41.9292 -0.851424 0.522489 0.0456323
-112.063 55.3889 40.637 -0.850688 0.52366 0.0459274
-111.279 56.7682 39.4102 -0.850177 0.524474 0.0461097
-110.435 58.2528 38.0786 -0.850159 0.524506 0.0460677
-109.604 59.7184 36.7298 -0.850149 0.524528 0.0460073
-108.79 61.155 35.3933 -0.850254 0.524396 0.0455717
-108.006 62.5353 34.1475 -0.852407 0.521268 0.0410123
-107.2 63.9529 32.8268 -0.854083 0.51913 0.0323474
-106.353 65.4292 31.5015 -0.853891 0.519538 0.0308294
-105.513 66.8705 30.2641 -0.852925 0.521332 0.027042
-104.682 68.2919 29.0463 -0.852614 0.521923 0.0254292
-103.911 69.6132 27.6048 -0.851774 0.52343 0.0224222
-103.144 70.9241 26.0959 -0.852156 0.522898 0.020198
-102.391 72.2089 24.5778 -0.851507 0.524014 0.0185961
-101.684 73.4009 23.1268 -0.850747 0.525319 0.0164141
-100.951 74.6374 21.6329 -0.852777 0.52204 0.0156613
-100.242 75.845 20.1969 -0.855524 0.517563 0.014411
-99.4901 77.1251 18.6501 -0.854252 0.519676 0.0138146
-98.7402 78.3974 17.1441 -0.854372 0.51949 0.0133675
-97.9865 79.6669 15.6914 -0.854285 0.519725 0.00909918
-97.3642 80.7155 14.1207 -0.854216 0.519855 0.00808972
-96.9209 81.4738 12.2554 -0.854749 0.518986 0.00753924
-96.4904 82.211 10.4196 -0.854644 0.519161 0.00741412
-96.0028 83.0373 8.54707 -0.856416 0.516271 0.0040271
-95.5388 83.8181 6.64559 -0.857983 0.513677 0.00116566
-95.0554 84.6142 4.7481 -0.859411 0.511184 -0.010101
-94.7536 85.0563 2.69909 -0.860427 0.509272 -0.0175444
-94.63 85.1777 0.60788 -0.857853 0.513313 -0.024457
-94.4957 85.3044 -1.40708 -0.857876 0.51326 -0.0247475
-94.3676 85.4202 -3.43179 -0.857822 0.513361 -0.02452
-94.2454 85.5222 -5.59778 -0.859114 0.511228 -0.0238515
-94.4206 85.1167 -7.5448 -0.859063 0.510726 -0.0342043
-94.7255 84.4745 -9.47475 -0.858035 0.512415 -0.0347341
-95.0397 83.8115 -11.3498 -0.859751 0.509267 -0.0384085
-95.346 83.1517 -13.2818 -0.857535 0.513086 -0.0370895
-95.6511 82.5168 -15.1574 -0.8556 0.516113 -0.0397085
-95.9503 81.8505 -17.0426 -0.857848 0.511573 -0.0488842
-96.4412 80.8244 -18.8488 -0.857425 0.509792 -0.0702498
-96.9513 79.7396 -20.5038 -0.856859 0.510654 -0.0708831
-97.4439 78.6755 -22.2158 -0.856852 0.510666 -0.0708882
-98.0074 77.4818 -24.0044 -0.85685 0.510672 -0.0708712
-98.5541 76.3145 -25.8056 -0.856862 0.510651 -0.0708715
-99.0796 75.1779 -27.6468 -0.856555 0.511223 -0.0704574
-99.611 74.0683 -29.3283 -0.854554 0.514828 -0.068479
-100.21 72.8443 -30.8625 -0.855238 0.511212 -0.0850291
-100.838 71.5152 -32.3603 -0.856418 0.507558 -0.0945147
-101.481 70.1458 -33.8645 -0.855581 0.508261 -0.0982501
-102.094 68.8316 -35.3172 -0.855578 0.508262 -0.0982602
-102.705 67.5227 -36.7738 -0.854949 0.509335 -0.098181
-103.295 66.2541 -38.2198 -0.854319 0.510311 -0.0986009
-103.89 64.9637 -39.7444 -0.854417 0.509934 -0.0996968
-104.44 63.7257 -41.2355 -0.855748 0.505323 -0.111101
-104.989 62.4649 -42.7326 -0.855791 0.505167 -0.111484
-105.59 61.077 -44.4106 -0.855742 0.505246 -0.111495
-106.172 59.739 -46.0224 -0.854891 0.506781 -0.111061
-106.806 58.3698 -47.3847 -0.855438 0.505527 -0.112554
-107.505 56.8748 -48.753 -0.854361 0.505759 -0.119481
-108.166 55.4577 -50.0266 -0.854256 0.50593 -0.119504
-108.89 53.9252 -51.3621 -0.852193 0.509263 -0.120074
-109.558 52.4915 -52.6932 -0.853098 0.507108 -0.122737
-110.14 51.1158 -54.1934 -0.852416 0.502947 -0.142942
-110.686 49.7807 -55.5867 -0.851246 0.502254 -0.152052
-111.259 48.3719 -57.0007 -0.849953 0.50285 -0.157231
-111.824 46.9777 -58.4054 -0.849888 0.502944 -0.157284
-112.376 45.5663 -59.9379 -0.849895 0.502935 -0.157272
-112.937 44.1803 -61.339 -0.848241 0.504984 -0.15962
-113.502 42.7868 -62.7682 -0.846017 0.508513 -0.160205
-114.082 41.3429 -64.2922 -0.842058 0.513825 -0.164082
-114.643 39.9883 -65.6593 -0.841807 0.514163 -0.164312
-115.221 38.5595 -67.1564 -0.843546 0.510553 -0.16663
-115.785 37.1614 -68.5323 -0.842893 0.50991 -0.171825
-116.374 35.6991 -69.9719 -0.839958 0.510014 -0.185356
-116.963 34.2325 -71.2857 -0.833159 0.513205 -0.206065
-117.501 32.8212 -72.617 -0.829594 0.516262 -0.212682
-118.076 31.368 -73.9331 -0.824532 0.521499 -0.219511
-118.659 29.9004 -75.2613 -0.817571 0.53004 -0.225025
-119.235 28.4495 -76.5927 -0.817132 0.530676 -0.225117
-119.843 26.9668 -77.8801 -0.816946 0.530936 -0.22518
-120.413 25.4836 -79.3103 -0.816937 0.530947 -0.225189
-120.984 24.0701 -80.6037 -0.808025 0.545189 -0.223248
-121.561 22.6912 -81.95 -0.805538 0.550963 -0.218056
-122.181 21.2109 -83.388 -0.813856 0.540744 -0.212684
-123.084 20.0176 -82.9341 -0.816843 0.537228 -0.210127
-124.115 19.0748 -81.3434 -0.814113 0.542269 -0.207758
-125.165 18.1053 -79.7471 -0.81035 0.550276 -0.201319
-126.166 17.1913 -78.2265 -0.810106 0.550861 -0.200698
-127.126 16.3156 -76.6308 -0.818392 0.54497 -0.182323
-128.088 15.3885 -75.0811 -0.819609 0.542443 -0.184381
-129.058 14.4963 -73.4072 -0.819619 0.541386 -0.18742
-130.029 13.613 -71.6888 -0.82451 0.537445 -0.177021
-130.968 12.687 -69.9759 -0.82935 0.535794 -0.158438
-131.836 11.8151 -68.3751 -0.829662 0.535503 -0.157788
-132.737 10.9324 -66.601 -0.830411 0.535914 -0.152361
-133.561 10.1275 -64.9488 -0.829577 0.537985 -0.149582
-134.378 9.32149 -63.208 -0.832979 0.534791 -0.141936
-135.196 8.50992 -61.4234 -0.835666 0.53112 -0.139907
-135.983 7.71302 -59.7298 -0.835702 0.531849 -0.136891
-136.778 6.90963 -57.9707 -0.835855 0.533184 -0.13062
-137.508 6.18536 -56.2169 -0.838567 0.530268 -0.124986
-138.225 5.44913 -54.4069 -0.841078 0.528174 -0.116705
-138.907 4.75268 -52.6493 -0.84202 0.525898 -0.120139
-139.61 4.06148 -50.7962 -0.842538 0.524208 -0.123832
-140.284 3.37219 -49.0314 -0.845276 0.522851 -0.110156
-140.889 2.75074 -47.186 -0.849433 0.518703 -0.0970048
-141.446 2.19332 -45.2431 -0.851287 0.516014 -0.095083
-141.703 2.15045 -43.1901 -0.850954 0.516452 -0.0956816
-141.944 2.12867 -41.1357 -0.850799 0.517214 -0.0929029
-142.149 2.15288 -39.0853 -0.852671 0.515204 -0.0866954
-142.342 2.15693 -37.0751 -0.854512 0.512874 -0.0822804
-142.537 2.14911 -35.0811 -0.854567 0.512977 -0.0810504
-142.745 2.13532 -32.9526 -0.854049 0.514205 -0.0787031
-142.94 2.11708 -30.9405 -0.855419 0.512185 -0.0769686
-143.109 2.11986 -28.9325 -0.857195 0.509956 -0.071845
-143.274 2.14688 -26.773 -0.857266 0.509845 -0.0717922
-143.458 2.13536 -24.6537 -0.85735 0.509735 -0.0715619
-143.63 2.14056 -22.5454 -0.857332 0.509842 -0.0710142
-143.798 2.13451 -20.4349 -0.857766 0.510146 -0.0631603
-143.929 2.16773 -18.3843 -0.85789 0.51004 -0.062328
-144.061 2.18936 -16.3566 -0.857452 0.510971 -0.0607005
-144.191 2.22099 -14.2185 -0.858142 0.510159 -0.0577007
-144.354 2.17276 -12.1663 -0.858238 0.510251 -0.0554169
-144.498 2.1447 -10.0785 -0.858744 0.509886 -0.0507404
-144.615 2.15113 -8.01662 -0.857938 0.511418 -0.0489276
-144.732 2.14683 -5.93307 -0.857518 0.512646 -0.0430988
-144.838 2.13283 -3.90937 -0.857041 0.513471 -0.0427526
-144.928 2.16274 -1.76038 -0.857518 0.512881 -0.0401997
-145.022 2.15597 0.275227 -0.857265 0.513491 -0.0377307
-145.126 2.13668 2.38622 -0.856878 0.514209 -0.0367334
-145.203 2.14282 4.41323 -0.857048 0.51435 -0.030195
-145.273 2.13996 6.43976 -0.85692 0.514712 -0.0275491
-145.313 2.17215 8.45904 -0.856833 0.515016 -0.0244058
-145.381 2.16466 10.6219 -0.856296 0.515897 -0.0246249
-145.436 2.16199 12.7616 -0.854581 0.51893 -0.020079
-145.503 2.12516 14.7704 -0.854913 0.518528 -0.0158682
-145.512 2.15982 16.7702 -0.856406 0.516178 -0.0113209
-145.542 2.15116 18.791 -0.856639 0.515811 -0.010371
-145.564 2.15567 20.8645 -0.856207 0.516563 -0.00852755
-145.6 2.11641 22.3192 -0.854998 0.518608 -0.00491315
-141.798 8.37891 24.5852 -0.853992 0.520252 0.0060433
-140.747 10.0992 24.5742 -0.852705 0.522341 0.00741053
-139.696 11.8119 24.557 -0.852244 0.523101 0.00667234
-138.609 13.5783 24.5365 -0.85164 0.524114 0.00377025
-137.561 15.2899 24.52 -0.853627 0.520872 0.0036746
-136.404 17.1837 24.5044 -0.853138 0.521669 0.00421575
-135.319 18.96 24.4902 -0.852541 0.522636 0.00502473
-134.188 20.8087 24.4771 -0.850387 0.526106 0.00738321
-133.101 22.5647 24.468 -0.850654 0.52563 0.0100907
-132.039 24.2752 24.4609 -0.84864 0.528817 0.0127934
-130.971 25.9965 24.4486 -0.849728 0.527025 0.0143692
-129.855 27.7913 24.438 -0.848664 0.528754 0.0137121
-128.742 29.5775 24.4272 -0.848619 0.528831 0.0135351
-127.619 31.38 24.4159 -0.848625 0.528822 0.013518
-126.547 33.1007 24.4062 -0.848388 0.529202 0.0135613
-125.477 34.8106 24.3952 -0.847011 0.531314 0.0166583
-124.351 36.6059 24.3828 -0.847369 0.530734 0.0169581
-123.272 38.3435 24.3671 -0.850147 0.526296 0.0162123
-122.2 40.0745 24.3494 -0.85016 0.526274 0.0162487
-121.093 41.8647 24.336 -0.850619 0.525496 0.0173495
-120.022 43.6018 24.317 -0.851397 0.524136 0.0201236
-118.907 45.4149 24.2994 -0.851669 0.523685 0.020325
-117.822 47.1825 24.2823 -0.852432 0.522465 0.019759
-116.772 48.896 24.2588 -0.852082 0.522962 0.021615
-115.661 50.7067 24.2315 -0.851507 0.523808 0.0237086
-114.572 52.4772 24.2013 -0.851291 0.524118 0.0245924
-113.461 54.2831 24.1652 -0.850946 0.524675 0.0246208
-112.293 56.1731 24.1298 -0.849491 0.526964 0.0259682
-111.224 57.8975 24.0887 -0.849316 0.527268 0.025503
-110.146 59.6354 24.047 -0.849997 0.526335 0.0218445
-109.081 61.3591 24.006 -0.850123 0.526171 0.0208647
-108.001 63.1068 23.9558 -0.850297 0.525896 0.0207251
-107.594 63.7661 23.9439 -0.850277 0.525915 0.0210475
-104.741 68.564 18.6133 -0.851527 0.524192 0.0111666
-105.828 66.8016 18.6644 -0.850571 0.525759 0.0103557
-106.931 65.0174 18.7104 -0.850566 0.525767 0.0103305
-108.037 63.2216 18.7579 -0.8527 0.522361 0.006509
-109.135 61.4377 18.8091 -0.850607 0.525791 0.00339429
-110.229 59.6677 18.8624 -0.850614 0.52578 0.0034029
-111.303 57.93 18.9179 -0.850485 0.525987 0.00356659
-112.416 56.1324 18.9723 -0.849781 0.527116 0.00454367
-113.57 54.2683 19.029 -0.850355 0.526187 0.00486903
-114.746 52.3685 19.0871 -0.850343 0.526205 0.00502158
-115.799 50.6638 19.1382 -0.850769 0.525487 0.00751038
-116.869 48.9261 19.1831 -0.851511 0.524186 0.0125653
-117.923 47.2081 19.2206 -0.851588 0.524003 0.0147699
-118.981 45.4857 19.2594 -0.851643 0.523911 0.014869
-120.061 43.7254 19.2976 -0.852176 0.523146 0.0106408
-121.164 41.9214 19.3333 -0.853351 0.52132 0.00430102
-122.232 40.1763 19.3689 -0.854446 0.519538 0.00119286
-123.339 38.367 19.4067 -0.852192 0.523216 0.00374204
-124.437 36.5931 19.4486 -0.848271 0.529556 0.00246768
-125.515 34.8667 19.4797 -0.847616 0.530583 0.00542381
-126.659 33.0314 19.5153 -0.849072 0.528199 0.00903003
-127.731 31.3067 19.5486 -0.849069 0.528185 0.0101594
-128.822 29.5534 19.5801 -0.849073 0.528177 0.010212
-129.912 27.7976 19.6069 -0.851255 0.524677 0.00888291
-131.053 25.9414 19.6394 -0.851947 0.523566 0.00808073
-132.102 24.2337 19.6658 -0.852249 0.52309 0.00690171
-133.207 22.4307 19.696 -0.853121 0.521702 0.00325035
-134.274 20.6844 19.7301 -0.853263 0.521475 0.00249792
-135.34 18.9411 19.7612 -0.853236 0.52152 0.00234768
-136.401 17.2045 19.7948 -0.853278 0.521452 0.00208013
-137.453 15.4838 19.8259 -0.853154 0.521657 0.0018509
-138.513 13.7485 19.8623 -0.853283 0.521432 -0.00406518
-139.569 12.018 19.8929 -0.853577 0.520942 -0.00498395
-140.641 10.2627 19.9291 -0.853562 0.520966 -0.00504048
-141.707 8.5164 19.9626 -0.853879 0.520444 -0.00532981
-141.758 8.43298 19.9642 -0.85387 0.520459 -0.0053399
-141.759 8.34923 15.3447 -0.855148 0.518111 -0.0167994
-140.63 10.21 15.2843 -0.855533 0.517392 -0.0192127
-139.572 11.9688 15.2353 -0.856859 0.515295 -0.0162118
-138.443 13.8406 15.1838 -0.856191 0.516515 -0.012206
-137.33 15.6791 15.1313 -0.853934 0.52027 -0.0107433
-136.274 17.4062 15.0804 -0.852815 0.522082 -0.0117278
-135.181 19.1907 15.0254 -0.852836 0.522024 -0.0126987
-134.12 20.9406 14.9718 -0.856685 0.515732 -0.0105332
-133.074 22.6749 14.922 -0.854619 0.519255 -0.000224813
-132.027 24.4002 14.8733 -0.853681 0.520763 0.00596171
-130.938 26.1748 14.8233 -0.85013 0.526563 -0.00321968
-129.826 27.9697 14.7746 -0.849957 0.526828 -0.00503165
-128.688 29.802 14.7194 -0.849111 0.528192 -0.00481366
-127.62 31.515 14.6703 -0.848194 0.52968 -0.00238199
-126.516 33.2785 14.6163 -0.847313 0.531095 0.00011994
-125.426 35.0201 14.5651 -0.848533 0.529139 0.00168146
-124.284 36.8684 14.5043 -0.851462 0.524402 0.00396403
-123.194 38.6375 14.4447 -0.851263 0.524737 0.00156166
-122.038 40.5114 14.3815 -0.851338 0.524609 -0.00298528
-120.979 42.2205 14.3256 -0.850155 0.526479 -0.00750609
-119.93 43.9238 14.2715 -0.852408 0.52282 -0.00776457
-118.85 45.6836 14.2134 -0.852105 0.523335 -0.00607043
-117.764 47.4508 14.1514 -0.852077 0.523389 -0.00538026
-116.624 49.3165 14.0859 -0.85414 0.520012 -0.00580099
-115.564 51.0561 14.024 -0.854138 0.520015 -0.00580643
-114.498 52.8049 13.9608 -0.853626 0.520867 -0.00442804
-113.448 54.5125 13.898 -0.850368 0.526187 0.0011267
-112.312 56.3442 13.8301 -0.850151 0.526536 0.0018802
-111.227 58.0933 13.7655 -0.850476 0.526011 0.00145619
-110.166 59.8039 13.7038 -0.850486 0.525995 0.00135547
-109.102 61.5309 13.6456 -0.853571 0.520969 0.00258724
-108.001 63.3349 13.5891 -0.853259 0.521481 0.00267654
-106.934 65.0826 13.5397 -0.852928 0.522025 0.00199076
-105.835 66.8821 13.4745 -0.853088 0.521767 0.000125375
-104.741 68.671 13.4 -0.853221 0.521486 0.00815706
-103.695 70.3784 13.3299 -0.852131 0.523225 0.0103695
-102.617 72.1353 13.2626 -0.852346 0.522869 0.0107196
-102.135 72.9223 13.2335 -0.852627 0.522415 0.0104796
-100.052 76.3897 7.82735 -0.854859 0.518856 -0.00184987
-101.102 74.6589 7.89938 -0.855122 0.518413 -0.0037015
-102.153 72.9236 7.98116 -0.854947 0.518705 -0.00320273
-103.208 71.1856 8.06025 -0.854751 0.518997 -0.00645619
-104.278 69.4193 8.1408 -0.85568 0.517488 -0.00428034
-105.359 67.6337 8.22187 -0.855369 0.518009 -0.00341813
-106.451 65.8331 8.3053 -0.854303 0.519759 -0.00417708
-107.549 64.0369 8.38802 -0.852996 0.521906 -0.00355698
-108.679 62.1914 8.46505 -0.85295 0.521981 -0.00348484
-109.779 60.393 8.54205 -0.852957 0.52197 -0.00350645
-110.85 58.6561 8.61927 -0.849943 0.526849 -0.00525833
-111.933 56.9032 8.69834 -0.851629 0.524077 -0.00845816
-113.023 55.1335 8.7774 -0.851717 0.52393 -0.0086821
-114.137 53.3236 8.85777 -0.85176 0.523861 -0.00861724
-115.254 51.501 8.93389 -0.854055 0.520138 -0.00686212
-116.377 49.6583 9.00973 -0.853704 0.520721 -0.00632197
-117.431 47.9313 9.08482 -0.853683 0.520755 -0.0063202
-118.497 46.1855 9.16181 -0.853623 0.520852 -0.006434
-119.611 44.3647 9.24159 -0.852555 0.522573 -0.0082771
-120.696 42.6029 9.32261 -0.850381 0.526103 -0.00820461
-121.787 40.8435 9.39526 -0.849743 0.527135 -0.00804672
-122.847 39.1347 9.46912 -0.850065 0.526581 -0.010124
-123.952 37.3463 9.54753 -0.851527 0.524151 -0.0129446
-125.003 35.6426 9.62221 -0.851491 0.524195 -0.0135253
-126.078 33.8992 9.69332 -0.850981 0.525025 -0.0134274
-127.218 32.0614 9.77083 -0.849241 0.527792 -0.0149889
-128.307 30.3081 9.84372 -0.850428 0.525856 -0.015767
-129.381 28.5723 9.91399 -0.850713 0.525377 -0.0163191
-130.473 26.8064 9.98305 -0.850847 0.525163 -0.0162416
-131.593 24.9893 10.0596 -0.854217 0.519657 -0.0164099
-132.662 23.2242 10.134 -0.856076 0.51657 -0.0170142
-133.733 21.4504 10.2009 -0.856284 0.516198 -0.0178472
-134.802 19.6793 10.2745 -0.855872 0.516866 -0.0182726
-135.883 17.9026 10.3439 -0.85407 0.519783 -0.019765
-136.966 16.1188 10.4151 -0.855948 0.516589 -0.0221179
-138.078 14.2755 10.4921 -0.856622 0.515479 -0.0219014
-139.143 12.5075 10.5637 -0.856995 0.514879 -0.021442
-140.179 10.7846 10.6245 -0.856949 0.51496 -0.0213363
-141.217 9.06272 10.6946 -0.856159 0.516249 -0.0218722
-141.62 8.39597 10.7212 -0.855746 0.51692 -0.0221843
-141.417 8.51368 6.08705 -0.856686 0.515051 -0.0284904
-140.34 10.3012 5.99707 -0.857009 0.514551 -0.0278121
-139.279 12.0649 5.90691 -0.857109 0.514403 -0.0274516
-138.223 13.8188 5.81226 -0.856957 0.514664 -0.0273083
-137.171 15.5655 5.72354 -0.856954 0.514668 -0.0273252
-136.122 17.3065 5.6375 -0.856854 0.514826 -0.0275002
-135.033 19.1064 5.54602 -0.855015 0.517937 -0.0262702
-133.962 20.8699 5.45972 -0.854909 0.5181 -0.026505
-132.899 22.6201 5.36995 -0.85496 0.518023 -0.0263885
-131.807 24.4167 5.27839 -0.854995 0.517967 -0.0263301
-130.724 26.1938 5.1871 -0.852571 0.521981 -0.025649
-129.645 27.9503 5.09651 -0.852375 0.522306 -0.0255508
-128.507 29.802 5.00148 -0.852371 0.522314 -0.0255234
-127.349 31.6866 4.90424 -0.852023 0.522865 -0.0258551
-126.208 33.5302 4.80757 -0.850011 0.525953 -0.0292478
-125.034 35.4271 4.70747 -0.851186 0.524086 -0.0285562
-123.896 37.2692 4.6094 -0.850894 0.524489 -0.0298555
-122.795 39.0502 4.51353 -0.850906 0.52447 -0.0298524
-121.712 40.8013 4.41872 -0.850917 0.524452 -0.0298475
-120.605 42.5969 4.32335 -0.852532 0.521908 -0.0282918
-119.532 44.3504 4.22905 -0.85369 0.520048 -0.0276271
-118.415 46.1781 4.13034 -0.853501 0.520412 -0.0266163
-117.303 47.9932 4.03109 -0.852657 0.521948 -0.0233833
-116.157 49.86 3.93097 -0.852654 0.521952 -0.0233821
-115.098 51.5889 3.83907 -0.85377 0.520141 -0.0230142
-114.024 53.3497 3.7466 -0.854113 0.519592 -0.022694
-112.933 55.129 3.65419 -0.851704 0.523678 -0.0190203
-111.864 56.8638 3.5646 -0.851703 0.523679 -0.0190102
-110.781 58.6287 3.47295 -0.853887 0.520154 -0.0177853
-109.728 60.3671 3.38399 -0.855699 0.51719 -0.0171219
-108.677 62.1019 3.29639 -0.854874 0.518609 -0.0152998
-107.583 63.8939 3.20406 -0.852777 0.52217 -0.0104775
-106.514 65.6363 3.10706 -0.852426 0.522742 -0.0105561
-105.429 67.404 3.00854 -0.852376 0.522821 -0.0106244
-104.369 69.1312 2.91123 -0.853043 0.521705 -0.0119056
-103.274 70.9292 2.81789 -0.854866 0.518607 -0.0158572
-102.22 72.6654 2.7233 -0.85524 0.517972 -0.0164271
-101.143 74.4409 2.63124 -0.855481 0.517572 -0.016485
-100.065 76.2208 2.54435 -0.85548 0.517573 -0.016507
-98.9756 78.0184 2.45701 -0.855484 0.517566 -0.0165041
-98.6037 78.632 2.42646 -0.855486 0.517563 -0.0165289
-98.1398 79.1711 -2.912 -0.853504 0.520513 -0.0244451
-99.1935 77.4475 -2.82093 -0.853519 0.520485 -0.0245008
-100.263 75.6964 -2.72542 -0.853912 0.51977 -0.0259432
-101.362 73.8947 -2.63185 -0.853071 0.521053 -0.0278055
-102.406 72.1867 -2.53438 -0.853956 0.519713 -0.0256576
-103.538 70.3298 -2.4247 -0.854209 0.51932 -0.0251633
-104.642 68.5199 -2.31186 -0.854221 0.5193 -0.0251735
-105.732 66.7316 -2.19842 -0.854316 0.519137 -0.0252923
-106.791 64.9935 -2.0959 -0.854491 0.51884 -0.025504
-107.941 63.1046 -1.98201 -0.854483 0.518853 -0.0254968
-109.049 61.2851 -1.8746 -0.854493 0.518837 -0.025487
-110.092 59.5723 -1.76574 -0.854087 0.519398 -0.0276001
-111.253 57.6633 -1.63892 -0.85455 0.518619 -0.0279248
-112.304 55.9394 -1.52378 -0.854631 0.518549 -0.0266881
-113.382 54.1669 -1.41015 -0.854796 0.518267 -0.0268669
-114.435 52.4361 -1.30197 -0.8548 0.518261 -0.0268779
-115.549 50.6063 -1.18975 -0.854207 0.519246 -0.0267337
-116.643 48.8133 -1.08002 -0.854053 0.519491 -0.0268768
-117.689 47.0998 -0.972618 -0.853751 0.519945 -0.0276981
-118.827 45.2381 -0.852064 -0.853446 0.520445 -0.0276851
-119.893 43.4989 -0.736236 -0.853106 0.521024 -0.0272673
-120.957 41.7621 -0.624465 -0.853111 0.521017 -0.0272652
-122.03 40.0111 -0.512399 -0.85285 0.521409 -0.0279229
-123.089 38.2931 -0.402185 -0.850958 0.524385 -0.0298446
-124.168 36.5489 -0.289851 -0.850475 0.525204 -0.0292203
-125.255 34.8055 -0.177467 -0.847854 0.529614 -0.0255597
-126.352 33.0542 -0.067545 -0.847917 0.529504 -0.0257231
-127.516 31.1744 0.0507149 -0.852416 0.522181 -0.0267121
-128.586 29.4292 0.160795 -0.852864 0.52113 -0.0323465
-129.666 27.662 0.269526 -0.853898 0.519217 -0.0356711
-130.725 25.928 0.376415 -0.853044 0.520426 -0.0383673
-131.792 24.1862 0.486134 -0.853708 0.519657 -0.0337422
-132.902 22.3626 0.598445 -0.85466 0.518247 -0.031241
-133.996 20.5646 0.706107 -0.854995 0.517678 -0.0315058
-135.075 18.782 0.817912 -0.857388 0.513524 -0.034332
-136.113 17.0551 0.934602 -0.85768 0.513055 -0.034062
-137.161 15.3095 1.04325 -0.857643 0.513114 -0.034092
-138.224 13.5449 1.14841 -0.856799 0.514584 -0.0331364
-139.3 11.7585 1.25748 -0.85721 0.513924 -0.0327416
-140.338 10.0336 1.35966 -0.857211 0.513923 -0.0327439
-141.268 8.48762 1.45635 -0.85729 0.513787 -0.0328181
-141.112 8.43789 -3.17167 -0.858249 0.511617 -0.0407143
-140.065 10.1837 -3.3007 -0.858266 0.511713 -0.0391035
-138.944 12.0478 -3.43474 -0.856702 0.514565 -0.035842
-137.884 13.8038 -3.55428 -0.85634 0.515077 -0.037121
-136.768 15.6482 -3.68904 -0.855811 0.515873 -0.0382441
-135.72 17.3735 -3.81151 -0.855841 0.515513 -0.0422081
-134.663 19.1213 -3.93861 -0.856482 0.514372 -0.0431205
-133.524 21.0007 -4.07877 -0.854469 0.517622 -0.0441538
-132.407 22.8262 -4.21374 -0.853418 0.519227 -0.0456108
-131.322 24.5964 -4.34318 -0.852986 0.520118 -0.043497
-130.266 26.3177 -4.4699 -0.853343 0.519842 -0.0396294
-129.181 28.0931 -4.60137 -0.853857 0.518949 -0.0402482
-128.079 29.8957 -4.73669 -0.853808 0.519022 -0.040343
-126.987 31.682 -4.87002 -0.853721 0.519165 -0.0403497
-125.901 33.4438 -5.00125 -0.850258 0.524856 -0.0398372
-124.784 35.2445 -5.13548 -0.850273 0.524823 -0.0399656
-123.639 37.1037 -5.2745 -0.854269 0.518808 -0.0326057
-122.578 38.8426 -5.40482 -0.853948 0.519374 -0.0319923
-121.52 40.5713 -5.53618 -0.853153 0.520809 -0.0298013
-120.355 42.4703 -5.68092 -0.853037 0.52099 -0.0299516
-119.203 44.35 -5.82181 -0.853601 0.520101 -0.0293407
-118.153 46.0703 -5.94784 -0.854562 0.518574 -0.0283781
-117.102 47.796 -6.07325 -0.854549 0.518593 -0.0284013
-116.007 49.5929 -6.20445 -0.854504 0.518674 -0.0282802
-114.923 51.3696 -6.3373 -0.853656 0.519977 -0.0299097
-113.844 53.1341 -6.4736 -0.853195 0.520506 -0.0336473
-112.798 54.8413 -6.60585 -0.853609 0.520005 -0.0307779
-111.728 56.5882 -6.73741 -0.853179 0.520736 -0.0303282
-110.678 58.3 -6.86709 -0.853315 0.520514 -0.0303226
-109.626 60.0234 -6.99009 -0.855716 0.516449 -0.0320838
-108.516 61.856 -7.12093 -0.855832 0.516229 -0.0325372
-107.471 63.5789 -7.25139 -0.855669 0.516458 -0.0331874
-106.353 65.4226 -7.39062 -0.855691 0.516179 -0.0367814
-105.312 67.1359 -7.50813 -0.854879 0.517345 -0.0391909
-104.231 68.9126 -7.61613 -0.854389 0.518018 -0.0409337
-103.129 70.7179 -7.73299 -0.853462 0.519791 -0.0376676
-102.025 72.5203 -7.85278 -0.853089 0.520581 -0.0351282
-100.937 74.2956 -7.95981 -0.852737 0.521475 -0.0300578
-99.8661 76.0417 -8.06756 -0.853869 0.519612 -0.0301785
-98.7755 77.8329 -8.17561 -0.85438 0.51863 -0.0325294
-98.583 78.1487 -8.19405 -0.854232 0.518855 -0.0328321
-99.3678 76.4663 -13.4497 -0.855386 0.516235 -0.0426251
-100.408 74.7489 -13.3322 -0.856333 0.514129 -0.0486433
-101.457 73.0135 -13.2014 -0.856523 0.51359 -0.0509232
-102.55 71.2146 -13.0754 -0.853832 0.518026 -0.0511839
-103.636 69.4382 -12.9422 -0.853811 0.518062 -0.0511794
-104.76 67.5996 -12.7997 -0.854049 0.517637 -0.0514945
-105.854 65.8043 -12.6496 -0.855351 0.515173 -0.054504
-106.918 64.0538 -12.5119 -0.855951 0.514493 -0.0514352
-107.958 62.3342 -12.376 -0.856328 0.513919 -0.0508821
-109.065 60.5168 -12.224 -0.852457 0.520584 -0.0480505
-110.154 58.7495 -12.0764 -0.852012 0.521321 -0.0479692
-111.261 56.952 -11.9262 -0.852613 0.520135 -0.0501113
-112.378 55.1287 -11.7682 -0.854936 0.516468 -0.0484295
-113.427 53.4008 -11.6234 -0.855776 0.515356 -0.0453301
-114.55 51.5509 -11.4696 -0.855779 0.515354 -0.0453011
-115.616 49.8013 -11.3239 -0.852515 0.520472 -0.048241
-116.746 47.9732 -11.1707 -0.851059 0.522825 -0.0485021
-117.863 46.1693 -11.0171 -0.851126 0.522697 -0.0487196
-118.997 44.3318 -10.8559 -0.853703 0.517954 -0.0539935
-120.047 42.6228 -10.7052 -0.849766 0.524044 -0.0572404
-121.134 40.8653 -10.5536 -0.853792 0.518385 -0.0481209
-122.193 39.1337 -10.403 -0.854304 0.517651 -0.0469212
-123.241 37.4197 -10.2553 -0.854312 0.517707 -0.0461618
-124.285 35.7127 -10.1089 -0.855181 0.516409 -0.0445749
-125.344 33.975 -9.96055 -0.856322 0.514121 -0.0488979
-126.437 32.1835 -9.80831 -0.852063 0.520736 -0.0531267
-127.493 30.4645 -9.66146 -0.853513 0.518805 -0.0485495
-128.596 28.6622 -9.50416 -0.854007 0.51799 -0.0485693
-129.651 26.9382 -9.35387 -0.854161 0.517954 -0.0461761
-130.74 25.1567 -9.20133 -0.854356 0.517865 -0.0434979
-131.806 23.4112 -9.05283 -0.854697 0.517278 -0.0437831
-132.93 21.5679 -8.90032 -0.854554 0.517422 -0.0448468
-134.018 19.7835 -8.74869 -0.854731 0.517105 -0.0451418
-135.069 18.0607 -8.60142 -0.85452 0.51743 -0.045408
-136.167 16.2605 -8.44922 -0.854572 0.517293 -0.0459869
-137.257 14.4619 -8.29855 -0.856717 0.513456 -0.0489667
-138.3 12.7373 -8.158 -0.856086 0.514355 -0.050557
-139.363 10.9811 -8.01497 -0.856962 0.512953 -0.0499599
-140.463 9.14482 -7.8677 -0.859749 0.508555 -0.046947
-140.907 8.40072 -7.80599 -0.859667 0.508705 -0.0468083
-140.59 8.47822 -12.4424 -0.858184 0.510535 -0.0536106
-139.479 10.3281 -12.6154 -0.858161 0.510657 -0.0528116
-138.417 12.0872 -12.7867 -0.8566 0.513401 -0.0515399
-137.344 13.859 -12.9485 -0.85632 0.51352 -0.0548963
-136.245 15.6692 -13.1184 -0.855576 0.514492 -0.0573314
-135.2 17.3933 -13.2833 -0.857158 0.511994 -0.0560475
-134.15 19.1277 -13.4461 -0.855915 0.514549 -0.0514663
-132.987 21.0258 -13.6236 -0.853313 0.519048 -0.0494603
-131.909 22.7829 -13.7932 -0.853458 0.518707 -0.0505202
-130.838 24.5282 -13.9644 -0.853615 0.518397 -0.0510555
-129.722 26.3483 -14.1404 -0.853562 0.518334 -0.0525396
-128.589 28.1735 -14.3227 -0.84928 0.524367 -0.0613312
-127.471 29.9643 -14.4989 -0.849288 0.524355 -0.0613306
-126.364 31.7381 -14.6714 -0.851379 0.520996 -0.0609629
-125.308 33.4738 -14.8392 -0.857421 0.511115 -0.0599221
-124.255 35.2207 -15.0073 -0.85743 0.5111 -0.0599236
-123.16 37.0308 -15.1791 -0.85576 0.512929 -0.067662
-122.079 38.7991 -15.3457 -0.851862 0.519056 -0.07009
-121.006 40.5219 -15.5185 -0.849204 0.523561 -0.0688276
-119.855 42.364 -15.7017 -0.849542 0.523309 -0.0665269
-118.747 44.1494 -15.8758 -0.854134 0.51604 -0.0644882
-117.644 45.9584 -16.0575 -0.854993 0.514415 -0.0660578
-116.6 47.6709 -16.2327 -0.854963 0.514444 -0.0662262
-115.529 49.4296 -16.4071 -0.855017 0.514358 -0.0661972
-114.483 51.1463 -16.5684 -0.85417 0.516339 -0.0615423
-113.35 52.9972 -16.7398 -0.853141 0.518559 -0.0569784
-112.218 54.8403 -16.9083 -0.85298 0.518891 -0.0563559
-111.147 56.584 -17.0673 -0.853356 0.518266 -0.0564342
-110.097 58.297 -17.2288 -0.853792 0.517528 -0.0566067
-109.044 60.0171 -17.3918 -0.853753 0.517587 -0.0566534
-107.951 61.801 -17.5602 -0.853732 0.517615 -0.0567065
-106.889 63.5355 -17.7214 -0.853729 0.517581 -0.0570693
-105.775 65.3626 -17.8794 -0.855677 0.514379 -0.0568388
-104.657 67.2033 -18.0426 -0.855092 0.515107 -0.059009
-103.518 69.0765 -18.2086 -0.854676 0.515413 -0.0622797
-102.463 70.8095 -18.3554 -0.854596 0.515173 -0.0652906
-101.414 72.5306 -18.5011 -0.855738 0.512667 -0.0698962
-100.874 73.4259 -18.5724 -0.856751 0.511088 -0.0690418
-102.46 70.1183 -23.6337 -0.852843 0.517615 -0.0687928
-103.549 68.344 -23.4717 -0.853256 0.516871 -0.0692728
-104.653 66.5362 -23.2931 -0.856067 0.512055 -0.0703504
-105.707 64.7942 -23.1195 -0.856596 0.511282 -0.0695321
-106.791 63.0159 -22.9392 -0.852663 0.517642 -0.0707933
-107.864 61.2738 -22.7642 -0.852316 0.518162 -0.0711754
-108.928 59.5425 -22.5952 -0.854504 0.513782 -0.0764915
-110.002 57.7777 -22.4064 -0.855636 0.511356 -0.0800176
-111.04 56.0688 -22.232 -0.853954 0.513951 -0.0813438
-112.087 54.37 -22.0597 -0.850782 0.518771 -0.0839447
-113.139 52.6738 -21.8824 -0.851477 0.518124 -0.0808428
-114.19 50.9705 -21.6989 -0.853132 0.517064 -0.0693621
-115.334 49.0986 -21.4904 -0.85484 0.514619 -0.0664477
-116.401 47.3553 -21.2969 -0.854046 0.516251 -0.0639543
-117.548 45.4847 -21.0898 -0.853791 0.516691 -0.0638121
-118.643 43.6989 -20.8915 -0.853819 0.516646 -0.0638048
-119.702 41.9741 -20.699 -0.853689 0.516854 -0.0638519
-120.807 40.1886 -20.4995 -0.849276 0.523418 -0.0690221
-121.865 38.4801 -20.3123 -0.85382 0.515823 -0.070131
-122.945 36.7181 -20.1166 -0.854003 0.515534 -0.0700193
-123.989 35.0149 -19.9346 -0.853781 0.516162 -0.0680791
-125.124 33.1672 -19.7326 -0.853034 0.51772 -0.0655662
-126.169 31.4703 -19.55 -0.852116 0.519278 -0.0651803
-127.278 29.6809 -19.3558 -0.850864 0.521135 -0.0667011
-128.373 27.9188 -19.1644 -0.85072 0.521286 -0.067361
-129.472 26.1508 -18.9693 -0.85056 0.52141 -0.0684073
-130.566 24.3921 -18.7727 -0.850243 0.5219 -0.0686155
-131.635 22.6763 -18.5858 -0.850607 0.521203 -0.0693927
-132.709 20.9351 -18.3994 -0.853373 0.51632 -0.0718929
-133.786 19.1752 -18.2061 -0.854641 0.514578 -0.0692746
-134.835 17.4502 -18.0265 -0.85616 0.512643 -0.0647003
-135.907 15.6875 -17.841 -0.855102 0.514625 -0.0629395
-136.962 13.9572 -17.6616 -0.855095 0.514681 -0.0625853
-138.061 12.1496 -17.4698 -0.856843 0.51191 -0.0613795
-139.183 10.2895 -17.2738 -0.857747 0.510157 -0.0633267
-140.243 8.52857 -17.0947 -0.857863 0.509935 -0.063532
-139.981 8.38712 -21.7291 -0.857841 0.5095 -0.067216
-138.944 10.1069 -21.9282 -0.857237 0.510294 -0.0688783
-137.905 11.8245 -22.1224 -0.85654 0.511329 -0.0698731
-136.799 13.6434 -22.338 -0.85587 0.512309 -0.0708877
-135.747 15.3599 -22.5388 -0.853245 0.517077 -0.0678509
-134.667 17.1158 -22.7426 -0.853391 0.516864 -0.0676376
-133.602 18.8472 -22.9458 -0.853509 0.516719 -0.0672645
-132.498 20.6443 -23.1597 -0.85363 0.516571 -0.0668632
-131.345 22.5163 -23.3853 -0.852016 0.519075 -0.0680449
-130.272 24.2459 -23.5911 -0.851369 0.520112 -0.0682138
-129.208 25.9605 -23.7964 -0.851298 0.520262 -0.0679709
-128.137 27.6852 -24.0041 -0.851067 0.520792 -0.0667924
-127.08 29.3866 -24.2108 -0.851762 0.519662 -0.0667338
-126.027 31.0903 -24.4177 -0.85234 0.518235 -0.0703421
-124.911 32.8887 -24.6385 -0.850535 0.520403 -0.0759688
-123.836 34.6167 -24.8465 -0.849724 0.520673 -0.0828778
-122.745 36.3659 -25.0612 -0.849579 0.520304 -0.0866009
-121.675 38.0786 -25.2715 -0.849812 0.519975 -0.0862828
-120.612 39.7864 -25.4807 -0.852996 0.514622 -0.0869576
-119.567 41.4932 -25.6925 -0.854613 0.511787 -0.0878134
-118.481 43.2661 -25.9163 -0.853615 0.514313 -0.0826045
-117.369 45.0739 -26.1354 -0.853109 0.515671 -0.0792978
-116.244 46.8929 -26.3611 -0.85042 0.52001 -0.0798478
-115.109 48.71 -26.5771 -0.848989 0.522136 -0.081192
-114.021 50.4503 -26.7821 -0.849229 0.521595 -0.0821526
-112.958 52.1488 -26.9925 -0.849411 0.521162 -0.0830136
-111.888 53.872 -27.1987 -0.854513 0.512787 -0.082811
-110.843 55.5851 -27.3988 -0.855231 0.511594 -0.0827804
-109.798 57.299 -27.6028 -0.854971 0.511794 -0.0842127
-108.714 59.0762 -27.8074 -0.85501 0.511661 -0.0846146
-107.621 60.8703 -28.0102 -0.855064 0.51158 -0.084566
-106.572 62.5975 -28.2018 -0.856525 0.509489 -0.0823823
-105.481 64.4 -28.3953 -0.856526 0.509487 -0.0823849
-104.45 66.1051 -28.5765 -0.856469 0.509593 -0.0823147
-106.543 61.7327 -33.4365 -0.854734 0.509866 -0.097295
-107.597 60.007 -33.2211 -0.854765 0.509837 -0.0971723
-108.69 58.2281 -32.9972 -0.85228 0.514169 -0.0961741
-109.77 56.479 -32.7694 -0.853604 0.512585 -0.0928226
-110.819 54.7671 -32.5535 -0.85502 0.511304 -0.0866606
-111.907 52.989 -32.3192 -0.855124 0.511341 -0.0853998
-113.037 51.1429 -32.0718 -0.852844 0.514815 -0.0873104
-114.112 49.423 -31.8467 -0.848562 0.521047 -0.0919349
-115.235 47.6335 -31.6052 -0.849796 0.518709 -0.0937482
-116.304 45.9127 -31.3701 -0.852207 0.514486 -0.0951206
-117.422 44.1073 -31.1143 -0.852196 0.514507 -0.0951059
-118.485 42.3904 -30.8811 -0.8522 0.514493 -0.0951414
-119.559 40.655 -30.6391 -0.851936 0.515322 -0.092997
-120.633 38.9351 -30.402 -0.849953 0.519545 -0.0874764
-121.706 37.218 -30.1655 -0.85036 0.519146 -0.0858837
-122.775 35.5067 -29.9363 -0.8502 0.519436 -0.0857154
-123.847 33.7927 -29.7046 -0.849557 0.520335 -0.0866306
-125.027 31.9089 -29.4537 -0.84939 0.520632 -0.0864819
-126.106 30.1933 -29.2219 -0.848144 0.523024 -0.0842472
-127.25 28.3787 -28.9764 -0.848138 0.523035 -0.0842337
-128.314 26.6888 -28.7512 -0.848237 0.522922 -0.0839403
-129.476 24.8375 -28.5038 -0.849817 0.520785 -0.0811997
-130.578 23.0753 -28.271 -0.849899 0.520655 -0.081177
-131.67 21.3264 -28.0428 -0.850432 0.519676 -0.0818682
-132.735 19.6182 -27.8167 -0.850634 0.519341 -0.0818984
-133.815 17.8812 -27.5926 -0.854277 0.513825 -0.0787051
-134.872 16.1428 -27.3668 -0.855775 0.512118 -0.0733844
-135.926 14.4185 -27.1498 -0.855102 0.513162 -0.0739292
-136.979 12.6928 -26.9343 -0.855421 0.512434 -0.0752768
-138.105 10.85 -26.6992 -0.855334 0.512727 -0.0742655
-139.151 9.12728 -26.4768 -0.857107 0.510006 -0.0725364
-139.609 8.37073 -26.3814 -0.857132 0.509959 -0.0725642
-139.14 8.46347 -31.0669 -0.855751 0.511204 -0.0797519
-138.081 10.1997 -31.2982 -0.855258 0.511652 -0.0821369
-137.009 11.9494 -31.5321 -0.854341 0.512892 -0.0839315
-135.868 13.8095 -31.7851 -0.854363 0.512277 -0.087384
-134.754 15.62 -32.0397 -0.851583 0.516758 -0.0881392
-133.646 17.401 -32.2898 -0.850842 0.518381 -0.0857295
-132.558 19.1453 -32.5361 -0.850695 0.51865 -0.0855531
-131.452 20.9165 -32.7877 -0.849999 0.519473 -0.0874586
-130.396 22.5995 -33.0309 -0.849455 0.520132 -0.0888185
-129.279 24.3786 -33.2882 -0.848711 0.521552 -0.0876018
-128.185 26.114 -33.5436 -0.847868 0.522889 -0.0877899
-127.046 27.9144 -33.8099 -0.84664 0.524073 -0.0924528
-125.974 29.5989 -34.0579 -0.844887 0.525308 -0.101083
-124.873 31.3179 -34.3189 -0.844662 0.525169 -0.103652
-123.784 33.0293 -34.5662 -0.847458 0.521087 -0.101408
-122.712 34.7281 -34.8161 -0.847768 0.520839 -0.100084
-121.597 36.4912 -35.0795 -0.847455 0.5214 -0.0998125
-120.527 38.1839 -35.3337 -0.848549 0.519729 -0.099233
-119.422 39.9566 -35.6049 -0.852357 0.514097 -0.0958768
-118.301 41.7629 -35.8858 -0.852367 0.514079 -0.0958822
-117.238 43.4763 -36.1482 -0.852242 0.514212 -0.0962763
-116.081 45.3391 -36.4339 -0.85218 0.514174 -0.0970252
-114.956 47.1439 -36.7099 -0.850083 0.516138 -0.104695
-113.88 48.8618 -36.9676 -0.850392 0.514442 -0.110376
-112.793 50.6124 -37.2317 -0.851838 0.511638 -0.112242
-111.739 52.3144 -37.4757 -0.851562 0.51213 -0.112095
-110.691 54.0037 -37.7352 -0.851971 0.511497 -0.111873
-109.622 55.7283 -37.9865 -0.851739 0.512103 -0.110864
-108.494 57.5508 -38.2409 -0.851995 0.511849 -0.110068
-108.378 57.7384 -38.2697 -0.852311 0.511579 -0.10887
-110.23 53.6193 -42.9786 -0.85161 0.511949 -0.112556
-111.286 51.9202 -42.7093 -0.851972 0.511413 -0.112255
-112.41 50.1137 -42.4127 -0.851876 0.511625 -0.112015
-113.484 48.4033 -42.1206 -0.848672 0.517106 -0.111167
-114.554 46.7085 -41.8413 -0.848563 0.517301 -0.111088
-115.654 44.9649 -41.5513 -0.84922 0.516388 -0.110315
-116.737 43.2452 -41.2555 -0.849436 0.516072 -0.110128
-117.847 41.482 -40.9557 -0.849428 0.516085 -0.110128
-118.964 39.7085 -40.6465 -0.849505 0.515945 -0.110191
-120.08 37.9348 -40.3489 -0.849573 0.515633 -0.111124
-121.153 36.2358 -40.068 -0.846494 0.520685 -0.11106
-122.299 34.4364 -39.773 -0.846044 0.522144 -0.107585
-123.393 32.713 -39.4909 -0.84791 0.520326 -0.101532
-124.459 31.028 -39.2172 -0.848151 0.520072 -0.100819
-125.565 29.2898 -38.9376 -0.844721 0.525 -0.104025
-126.664 27.5772 -38.658 -0.844726 0.524692 -0.105532
-127.736 25.899 -38.383 -0.846048 0.522238 -0.107102
-128.834 24.1768 -38.1056 -0.846041 0.522243 -0.10713
-129.903 22.5002 -37.835 -0.846246 0.521982 -0.106781
-131.033 20.716 -37.5636 -0.849198 0.517349 -0.105892
-132.145 18.9417 -37.2889 -0.849812 0.516678 -0.104225
-133.298 17.1058 -37.0067 -0.848617 0.518885 -0.102992
-134.416 15.3271 -36.7375 -0.850209 0.516983 -0.0993592
-135.521 13.5513 -36.4736 -0.851822 0.515247 -0.0944486
-136.598 11.8201 -36.2184 -0.851186 0.516653 -0.0924729
-137.649 10.1301 -35.9712 -0.852424 0.515277 -0.0886729
-138.687 8.45241 -35.7232 -0.853181 0.514498 -0.0858749
-138.216 8.40819 -40.375 -0.851285 0.516121 -0.0945172
-137.157 10.1036 -40.638 -0.849664 0.518424 -0.0964777
-136.071 11.8204 -40.9112 -0.847374 0.521437 -0.100308
-134.898 13.673 -41.1973 -0.848088 0.520219 -0.100596
-133.835 15.3545 -41.4704 -0.848283 0.519877 -0.100715
-132.681 17.1771 -41.7713 -0.846646 0.521423 -0.106344
-131.609 18.8601 -42.0445 -0.845205 0.522295 -0.113299
-130.54 20.5299 -42.3255 -0.845723 0.521452 -0.113312
-129.439 22.2513 -42.6192 -0.845575 0.521729 -0.113145
-128.349 23.9532 -42.9169 -0.845587 0.521685 -0.113261
-127.251 25.6637 -43.2181 -0.844935 0.522252 -0.11549
-126.09 27.4687 -43.5389 -0.844505 0.522817 -0.116077
-124.944 29.2548 -43.8592 -0.846518 0.519554 -0.11606
-123.848 30.974 -44.1673 -0.846826 0.519058 -0.116034
-122.772 32.6603 -44.471 -0.846783 0.519237 -0.115547
-121.691 34.3531 -44.7769 -0.846318 0.520521 -0.113157
-120.577 36.0931 -45.093 -0.847154 0.519424 -0.111934
-119.437 37.8952 -45.4287 -0.849686 0.515144 -0.112521
-118.33 39.6458 -45.7571 -0.849265 0.514836 -0.117014
-117.162 41.4815 -46.1003 -0.847156 0.516499 -0.12472
-116.065 43.2019 -46.4249 -0.847219 0.515949 -0.126554
-114.986 44.901 -46.7522 -0.848765 0.513253 -0.127158
-113.824 46.7359 -47.1014 -0.848773 0.513242 -0.127149
-112.673 48.5581 -47.4369 -0.849439 0.512235 -0.12676
-112.663 48.5745 -47.4399 -0.849433 0.512243 -0.126773
-114.514 44.3983 -51.8896 -0.848722 0.510066 -0.139653
-115.575 42.7388 -51.5406 -0.847258 0.513086 -0.137467
-116.726 40.9353 -51.1647 -0.847879 0.512747 -0.134878
-117.854 39.1641 -50.7987 -0.848082 0.51254 -0.134384
-118.948 37.4476 -50.4424 -0.848085 0.512534 -0.134391
-120.078 35.6789 -50.0769 -0.844699 0.518074 -0.134472
-121.166 34.0073 -49.7468 -0.841274 0.52307 -0.136588
-122.301 32.2683 -49.3909 -0.843293 0.520923 -0.132271
-123.471 30.4616 -49.0322 -0.844053 0.52006 -0.130818
-124.558 28.7811 -48.7022 -0.843972 0.520289 -0.130424
-125.692 27.0353 -48.3602 -0.84365 0.522718 -0.122554
-126.798 25.3245 -48.0303 -0.844555 0.522463 -0.117297
-127.937 23.5595 -47.695 -0.844619 0.522379 -0.117213
-129.09 21.7708 -47.3547 -0.844569 0.522452 -0.117249
-130.265 19.9485 -47.0159 -0.844503 0.522576 -0.117169
-131.335 18.2851 -46.714 -0.845236 0.521695 -0.115804
-132.443 16.5583 -46.4073 -0.844961 0.522496 -0.114191
-133.573 14.8018 -46.1005 -0.843605 0.52517 -0.111923
-134.702 13.0538 -45.7975 -0.84334 0.525697 -0.11145
-135.788 11.3699 -45.5134 -0.844386 0.524301 -0.110089
-136.882 9.6628 -45.2336 -0.8452 0.523353 -0.108343
-137.29 9.02272 -45.1285 -0.846996 0.521074 -0.105262
-135.579 10.7011 -50.0662 -0.842385 0.525098 -0.121077
-134.501 12.3635 -50.3552 -0.842272 0.525313 -0.120931
-133.381 14.0849 -50.6774 -0.842551 0.524938 -0.120616
-132.298 15.7597 -50.994 -0.844418 0.521993 -0.120344
-131.176 17.4961 -51.3242 -0.842662 0.523653 -0.125334
-130.061 19.2109 -51.6563 -0.842342 0.522695 -0.131342
-128.901 20.9889 -52.0063 -0.841736 0.523419 -0.132333
-127.802 22.664 -52.3474 -0.840593 0.525209 -0.132511
-126.687 24.3594 -52.6998 -0.840591 0.525244 -0.132387
-125.602 26.0069 -53.0498 -0.840563 0.525283 -0.132405
-124.502 27.6826 -53.4096 -0.842313 0.522033 -0.134127
-123.404 29.3548 -53.7733 -0.841176 0.522401 -0.139718
-122.25 31.1079 -54.1547 -0.840468 0.522758 -0.142614
-121.142 32.7907 -54.5222 -0.84069 0.522185 -0.143397
-120.022 34.4855 -54.9012 -0.840645 0.520195 -0.150712
-118.943 36.1343 -55.2722 -0.842969 0.515373 -0.154252
-117.803 37.8792 -55.6722 -0.842945 0.51538 -0.154361
-116.701 39.5671 -56.0569 -0.843255 0.514891 -0.154296
-116.238 40.2792 -56.2241 -0.846017 0.511601 -0.150064
-118.034 36.09 -60.4046 -0.841742 0.517062 -0.155296
-119.116 34.4483 -59.9907 -0.841921 0.517294 -0.153545
-120.22 32.7994 -59.5766 -0.836737 0.525545 -0.153861
-121.338 31.1377 -59.1706 -0.836754 0.525525 -0.153839
-122.461 29.4627 -58.7669 -0.838898 0.523439 -0.149205
-123.617 27.722 -58.3522 -0.839079 0.52337 -0.148426
-124.719 26.0745 -57.9611 -0.837143 0.527012 -0.146457
-125.874 24.3527 -57.5583 -0.837251 0.52665 -0.147139
-127.023 22.6325 -57.1679 -0.837445 0.525827 -0.148968
-128.161 20.9269 -56.7877 -0.837827 0.525173 -0.149124
-129.282 19.2398 -56.4224 -0.838234 0.525257 -0.146523
-130.437 17.488 -56.0474 -0.841049 0.523502 -0.13632
-131.521 15.831 -55.7131 -0.841728 0.523029 -0.133921
-132.641 14.1154 -55.3783 -0.84037 0.525412 -0.133119
-133.476 12.8452 -55.1265 -0.839944 0.526245 -0.132517
-131.112 15.2463 -60.2814 -0.837347 0.527201 -0.144601
-129.971 16.955 -60.6563 -0.83747 0.526667 -0.145827
-128.85 18.6209 -61.0418 -0.835415 0.528513 -0.150851
-127.751 20.2507 -61.4184 -0.836247 0.526205 -0.154274
-126.606 21.9541 -61.8318 -0.837088 0.524472 -0.155607
-125.458 23.66 -62.254 -0.837063 0.524511 -0.155608
-124.288 25.3941 -62.6884 -0.835283 0.526226 -0.159338
-123.158 27.0561 -63.1149 -0.83478 0.526667 -0.160513
-121.997 28.7675 -63.5667 -0.837281 0.522408 -0.161403
-120.9 30.3897 -64.0044 -0.836977 0.522779 -0.16178
-119.754 32.0744 -64.4664 -0.835125 0.523554 -0.168693
-119.666 32.2037 -64.5015 -0.835958 0.522343 -0.168322
-121.423 28.1387 -68.3739 -0.830614 0.525292 -0.184791
-122.653 26.3686 -67.8592 -0.832689 0.526129 -0.172678
-123.796 24.7104 -67.3893 -0.833624 0.525627 -0.16967
-124.906 23.0948 -66.9435 -0.833424 0.526395 -0.168266
-126.022 21.4693 -66.5063 -0.832994 0.527523 -0.166857
-127.154 19.8232 -66.0758 -0.83188 0.529865 -0.16498
-128.319 18.1229 -65.641 -0.834807 0.52733 -0.158175
-128.462 17.9125 -65.5872 -0.833942 0.528759 -0.157973
-125.377 20.9342 -71.1382 -0.826727 0.529561 -0.189968
-124.219 22.5689 -71.6186 -0.826566 0.529726 -0.190207
-123.11 24.1327 -72.087 -0.827994 0.527158 -0.191127
-141.583 8.6616 29.1953 -0.850719 0.525492 0.0116296
-140.491 10.4317 29.1946 -0.851049 0.524953 0.0118469
-139.385 12.2246 29.1934 -0.851124 0.52482 0.0123546
-138.307 13.9728 29.1942 -0.851359 0.524441 0.0122178
-137.164 15.8306 29.1869 -0.851735 0.523823 0.0125205
-136.1 17.5608 29.1971 -0.851737 0.523821 0.0124923
-134.978 19.3817 29.2066 -0.850876 0.52507 0.0176454
-133.89 21.1435 29.2103 -0.849618 0.526803 0.0250714
-132.805 22.8937 29.2253 -0.849943 0.526072 0.0290805
-131.654 24.7542 29.2421 -0.849755 0.526545 0.0258262
-130.592 26.4684 29.26 -0.848797 0.5281 0.0255755
-129.532 28.1782 29.2721 -0.849991 0.526389 0.020745
-128.442 29.926 29.2813 -0.848151 0.52937 0.0201944
-127.341 31.6844 29.2931 -0.847099 0.530985 0.0218836
-126.213 33.4786 29.3022 -0.847284 0.530754 0.0202394
-125.146 35.1806 29.3096 -0.847809 0.529898 0.0206667
-124.025 36.973 29.3194 -0.849185 0.527682 0.0208832
-122.874 38.8226 29.329 -0.848713 0.528225 0.0258003
-121.761 40.6033 29.3418 -0.847663 0.52973 0.0292159
-120.67 42.3458 29.3459 -0.847289 0.530254 0.0305349
-119.514 44.1938 29.347 -0.847282 0.530264 0.0305327
-118.385 45.9982 29.349 -0.847297 0.530231 0.0307018
-117.282 47.7753 29.3609 -0.851631 0.522883 0.0363038
-116.221 49.5063 29.3539 -0.852032 0.522144 0.0375036
-115.176 51.2142 29.3288 -0.852036 0.52214 0.0374725
-113.999 53.1331 29.3193 -0.851529 0.522907 0.0382922
-112.907 54.8962 29.315 -0.847332 0.529973 0.0340234
-111.81 56.6517 29.2935 -0.84862 0.528063 0.0315217
-111.039 57.9068 29.2727 -0.853196 0.520823 0.0282861
-114.379 52.1394 34.4737 -0.851077 0.523625 0.0385182
-115.502 50.3151 34.4728 -0.850065 0.525474 0.0355847
-116.631 48.5001 34.4565 -0.847238 0.529918 0.03708
-117.745 46.7125 34.4384 -0.848249 0.528049 0.0404827
-118.858 44.9235 34.4115 -0.848535 0.52754 0.0411078
-119.949 43.1694 34.3889 -0.848741 0.527176 0.0415366
-121.095 41.3254 34.3623 -0.848736 0.527184 0.0415278
-122.18 39.5825 34.327 -0.848742 0.527172 0.04155
-123.289 37.8022 34.2907 -0.847499 0.529277 0.0401448
-124.397 36.0349 34.2538 -0.846756 0.530494 0.0397387
-125.49 34.2924 34.2208 -0.846758 0.530491 0.0397534
-126.656 32.4344 34.1894 -0.846883 0.53031 0.0395009
-127.757 30.6786 34.1553 -0.847022 0.530096 0.0393931
-128.833 28.959 34.1197 -0.847835 0.528786 0.0395136
-129.943 27.1811 34.0829 -0.84788 0.528696 0.0397595
-131.075 25.3686 34.0478 -0.847896 0.528674 0.0397065
-132.205 23.5588 34.0088 -0.848026 0.528509 0.0391129
-133.359 21.7081 33.9684 -0.848738 0.527709 0.0341495
-134.436 19.983 33.9349 -0.847802 0.52954 0.0286246
-135.518 18.2553 33.9024 -0.847399 0.530348 0.0254059
-136.588 16.5501 33.873 -0.847163 0.530752 0.0248509
-137.715 14.7488 33.8488 -0.848547 0.52848 0.02601
-138.804 13.0004 33.8312 -0.848595 0.528402 0.0260288
-139.975 11.1175 33.8141 -0.849311 0.527339 0.02417
-140.485 10.2979 33.8073 -0.848802 0.528267 0.0216416
-139.074 12.307 38.4286 -0.844935 0.53374 0.0347326
-138.001 14.013 38.4663 -0.846852 0.530361 0.039482
-136.918 15.7383 38.5185 -0.846882 0.530315 0.0394515
-135.824 17.4845 38.5668 -0.847277 0.529674 0.039584
-134.67 19.3262 38.6269 -0.847259 0.529707 0.0395348
-133.606 21.0218 38.6816 -0.846247 0.531419 0.0381951
-132.498 22.7806 38.747 -0.84523 0.533004 0.0386354
-131.43 24.4715 38.804 -0.844708 0.533053 0.0481979
-130.345 26.1809 38.8675 -0.843807 0.534036 0.0528706
-129.214 27.9609 38.9287 -0.843622 0.534204 0.054108
-128.086 29.7374 38.9872 -0.844499 0.532868 0.0536049
-126.955 31.5272 39.0451 -0.845573 0.531032 0.0548774
-125.886 33.2266 39.1041 -0.846688 0.529016 0.0571135
-124.784 34.9848 39.1677 -0.846725 0.528957 0.0571003
-123.644 36.8022 39.229 -0.846752 0.528917 0.0570847
-122.573 38.5136 39.2952 -0.848042 0.527062 0.0550512
-121.506 40.2272 39.3513 -0.848641 0.526084 0.0551703
-120.413 41.9871 39.4088 -0.849034 0.52551 0.0545953
-119.292 43.7925 39.4648 -0.848983 0.525608 0.0544428
-118.211 45.5277 39.5168 -0.847774 0.527898 0.0510061
-117.516 46.644 39.5433 -0.847732 0.528264 0.0478361
-120.662 41.0269 44.4391 -0.848448 0.52419 0.0732104
-121.804 39.1931 44.3497 -0.848199 0.524535 0.0736314
-122.916 37.4077 44.2555 -0.84831 0.52434 0.0737453
-123.976 35.7091 44.1687 -0.846531 0.52729 0.0731439
-125.075 33.9821 44.0809 -0.841322 0.536168 0.0685673
-126.184 32.2473 43.9769 -0.843641 0.533164 0.0632975
-127.309 30.477 43.8873 -0.84381 0.533579 0.0572521
-128.441 28.6927 43.7959 -0.844678 0.53256 0.0538478
-129.525 26.9877 43.7054 -0.842119 0.536823 0.0515482
-130.621 25.2851 43.6181 -0.839495 0.541359 0.0466743
-131.737 23.5597 43.5277 -0.839963 0.540336 0.049989
-132.815 21.8775 43.4396 -0.843365 0.534648 0.0537303
-133.904 20.1514 43.3571 -0.846311 0.530167 0.0517775
-134.984 18.4355 43.2744 -0.846348 0.530067 0.0521889
-136.143 16.5941 43.1884 -0.844401 0.533127 0.0525624
-137.247 14.8692 43.1135 -0.842574 0.536687 0.0451287
-137.706 14.1482 43.0836 -0.844612 0.533694 0.0424391
-136.077 16.2534 47.8025 -0.841591 0.537559 0.0524947
-134.955 18.0125 47.9127 -0.843509 0.533792 0.0596557
-133.799 19.8087 48.0284 -0.840262 0.537994 0.0672438
-132.674 21.5513 48.1474 -0.84011 0.537927 0.0696466
-131.482 23.3949 48.2679 -0.839909 0.538213 0.0698529
-130.38 25.0994 48.3809 -0.83973 0.538516 0.0696764
-129.233 26.8773 48.5083 -0.841668 0.535721 0.0678152
-128.148 28.5666 48.6371 -0.841745 0.535592 0.0678806
-127.06 30.2615 48.7591 -0.841578 0.535749 0.0687031
-125.944 31.993 48.8891 -0.840308 0.537472 0.0707629
-124.795 33.7737 49.0123 -0.84041 0.537312 0.0707604
-123.672 35.5305 49.1406 -0.845742 0.528928 0.0704048
-123.638 35.5851 49.1448 -0.845741 0.528927 0.0704086
-126.834 29.934 53.6172 -0.840066 0.535857 0.0845315
-127.951 28.2031 53.4551 -0.841302 0.534863 0.0783056
-129.132 26.3732 53.2863 -0.840099 0.536727 0.0784664
-130.221 24.6995 53.1314 -0.838238 0.53977 0.0774923
-131.33 22.9985 52.979 -0.83856 0.539327 0.0770881
-132.428 21.3119 52.8301 -0.838734 0.539171 0.076292
-133.532 19.6135 52.689 -0.839631 0.538061 0.0742331
-134.132 18.6876 52.6089 -0.839983 0.537772 0.072315
-131.989 21.2723 57.5236 -0.832395 0.545904 0.0954284
-130.812 23.0634 57.7273 -0.839295 0.53464 0.0987093
-129.719 24.7409 57.9281 -0.837473 0.538148 0.0950577
-129.71 24.7546 57.9297 -0.837473 0.538148 0.095057
-129.706 24.7597 57.9303 -0.837978 0.537496 0.0942919
