34.173 22.7167 -141.148 0.380991 0.56495 -0.731899
36.0074 21.8033 -140.881 0.391704 0.559345 -0.730549
37.8991 21.1142 -140.392 0.394205 0.559489 -0.729092
39.7395 20.4807 -139.869 0.400907 0.555151 -0.728753
41.6218 19.8079 -139.346 0.400945 0.555116 -0.728759
43.4673 19.1035 -138.87 0.398166 0.554772 -0.730541
45.3084 18.4255 -138.358 0.409759 0.549179 -0.728354
47.1621 17.8612 -137.741 0.409692 0.549831 -0.7279
48.9886 17.3327 -137.113 0.409663 0.550829 -0.727161
50.8281 16.7209 -136.523 0.420779 0.545849 -0.724564
52.6554 16.1784 -135.872 0.420124 0.545784 -0.724994
54.4969 15.7204 -135.151 0.420455 0.547213 -0.723724
56.3917 15.2609 -134.395 0.420948 0.545026 -0.725086
58.2843 14.798 -133.633 0.429301 0.539434 -0.72437
60.1665 14.3832 -132.827 0.428392 0.539132 -0.725133
61.9877 14.0231 -132.009 0.436756 0.535682 -0.722695
63.7869 13.752 -131.117 0.439337 0.536095 -0.720823
65.59 13.51 -130.197 0.441094 0.535453 -0.720226
67.3649 13.2194 -129.322 0.44283 0.534532 -0.719845
69.1503 12.9324 -128.436 0.443884 0.535586 -0.718411
70.9615 12.6959 -127.482 0.456141 0.535166 -0.711008
72.8238 12.5277 -126.414 0.455326 0.532882 -0.713242
74.6857 12.2894 -125.399 0.45947 0.530379 -0.71245
76.4514 12.1842 -124.34 0.458197 0.530383 -0.713267
78.1677 12.1419 -123.269 0.458312 0.530606 -0.713027
79.8702 12.1419 -122.171 0.460784 0.529998 -0.711885
81.529 12.2041 -121.053 0.460127 0.529174 -0.712922
83.2188 12.2219 -119.939 0.466201 0.526436 -0.711001
84.909 12.3111 -118.764 0.466789 0.526707 -0.710414
86.5888 12.5844 -117.456 0.468268 0.526504 -0.70959
88.2529 12.7559 -116.225 0.472261 0.526417 -0.707004
89.8113 13.0071 -114.996 0.472613 0.526718 -0.706544
91.3915 13.3404 -113.691 0.471674 0.526893 -0.707041
92.9789 13.6133 -112.427 0.472089 0.527542 -0.70628
94.54 13.9804 -111.108 0.473372 0.5281 -0.705003
96.0091 14.4053 -109.801 0.474081 0.528309 -0.70437
97.4884 14.8717 -108.454 0.475666 0.529197 -0.702632
98.9728 15.2889 -107.13 0.477417 0.529948 -0.700876
100.51 15.8612 -105.648 0.478341 0.530136 -0.700104
101.963 16.4181 -104.233 0.478761 0.530015 -0.699909
103.338 17.0943 -102.779 0.479375 0.530601 -0.699043
104.732 17.7513 -101.322 0.48075 0.530431 -0.698228
106.028 18.4449 -99.9023 0.481042 0.530571 -0.69792
107.297 19.145 -98.4801 0.485986 0.533593 -0.692168
108.545 19.8768 -97.0411 0.48494 0.536262 -0.690837
109.856 20.7113 -95.4609 0.488739 0.536952 -0.687616
111.13 21.5099 -93.933 0.488317 0.538098 -0.68702
112.164 22.3762 -92.5101 0.491206 0.54045 -0.683103
110.668 23.8705 -92.4048 0.492154 0.53919 -0.683417
109.143 25.3055 -92.3707 0.491798 0.538677 -0.684077
107.583 26.7139 -92.3814 0.490008 0.538296 -0.68566
106.02 28.1028 -92.4059 0.488733 0.537936 -0.686852
104.464 29.4374 -92.4681 0.488448 0.537998 -0.687005
102.944 30.7722 -92.4977 0.484294 0.539918 -0.688439
101.452 32.1444 -92.4711 0.483739 0.539818 -0.688907
99.8757 33.5478 -92.4782 0.482833 0.539312 -0.689938
98.3675 34.914 -92.4658 0.482431 0.539201 -0.690306
96.8446 36.3229 -92.4176 0.472952 0.541581 -0.694987
95.328 37.765 -92.3229 0.47196 0.542409 -0.695015
93.757 39.2536 -92.2277 0.47203 0.542304 -0.695049
92.3309 40.6953 -92.0716 0.471629 0.540322 -0.696863
90.7909 42.0582 -92.0543 0.470306 0.542398 -0.696144
89.2151 43.3079 -92.149 0.470139 0.53924 -0.698704
87.6073 44.5514 -92.2708 0.47082 0.538835 -0.698559
85.9178 45.8158 -92.4304 0.468504 0.540168 -0.699087
84.2392 47.0745 -92.5772 0.463966 0.540525 -0.701832
82.5472 48.4065 -92.6729 0.465337 0.539709 -0.701553
80.8949 49.6514 -92.8092 0.464328 0.540856 -0.701338
79.3115 50.8705 -92.9188 0.461945 0.539904 -0.703641
77.7331 52.1474 -92.951 0.448472 0.546006 -0.707636
76.1888 53.4341 -92.9369 0.448459 0.545973 -0.707671
74.5557 54.7438 -92.9616 0.448842 0.546242 -0.707221
72.8817 55.9068 -93.1257 0.448846 0.54625 -0.707212
71.1423 56.8249 -93.5205 0.448825 0.546248 -0.707226
69.3617 57.6668 -93.996 0.444287 0.546655 -0.709772
67.6086 58.5331 -94.4217 0.442624 0.547473 -0.710181
65.8011 59.4364 -94.8515 0.441951 0.548026 -0.710174
64.0615 60.3521 -95.2242 0.439963 0.54941 -0.710339
62.2544 61.2264 -95.6521 0.428462 0.550129 -0.716783
60.3843 61.3964 -96.6391 0.428299 0.550252 -0.716786
58.627 61.395 -97.6903 0.428295 0.550335 -0.716725
56.8223 61.3913 -98.7682 0.425261 0.551861 -0.717358
55.0774 61.3629 -99.8239 0.4248 0.552114 -0.717437
53.6206 60.6709 -101.217 0.423123 0.552891 -0.71783
52.4725 59.6432 -102.677 0.416778 0.553025 -0.721428
51.2635 58.6616 -104.127 0.416653 0.553831 -0.720882
50.0063 57.648 -105.633 0.416696 0.553986 -0.720738
48.8508 56.7206 -107.013 0.41416 0.55468 -0.721666
47.6192 55.7338 -108.472 0.409549 0.556202 -0.723124
46.6774 54.6263 -109.855 0.407769 0.554756 -0.725238
45.9887 53.2982 -111.256 0.407661 0.553662 -0.726135
45.3236 51.919 -112.681 0.40742 0.553793 -0.72617
44.6378 50.5682 -114.097 0.406633 0.554884 -0.725778
43.96 49.1705 -115.546 0.40682 0.555632 -0.725101
43.3085 47.7932 -116.966 0.403739 0.556999 -0.725773
42.6196 46.3762 -118.43 0.399377 0.557336 -0.727925
41.9679 44.9553 -119.876 0.399398 0.557329 -0.727918
41.2734 43.5843 -121.307 0.399378 0.557379 -0.727891
40.5871 42.2119 -122.736 0.398743 0.559004 -0.726993
39.9756 40.8439 -124.124 0.398728 0.559223 -0.726832
39.2889 39.4761 -125.552 0.397875 0.559125 -0.727375
38.6011 38.0444 -127.029 0.397177 0.559656 -0.727348
38.0348 36.6336 -128.424 0.397144 0.559564 -0.727437
37.6045 35.1617 -129.791 0.396762 0.559776 -0.727482
37.1583 33.6078 -131.227 0.393322 0.559827 -0.729308
36.6807 32.0922 -132.644 0.391561 0.559212 -0.730727
36.3134 30.5765 -134.001 0.390988 0.559579 -0.730753
35.8787 29.1451 -135.33 0.391041 0.559535 -0.730758
35.4818 27.6594 -136.679 0.385672 0.559752 -0.73344
35.0493 26.0585 -138.126 0.382093 0.560097 -0.735048
34.6584 24.5374 -139.491 0.380538 0.56416 -0.732744
34.2282 23.0755 -140.842 0.381048 0.564283 -0.732384
34.1783 22.8331 -141.055 0.381007 0.564941 -0.731898
29.638 24.876 -141.803 0.364616 0.572668 -0.734239
29.1745 23.4198 -143.174 0.369609 0.572581 -0.731806
28.6295 22.0416 -144.52 0.373962 0.568458 -0.732808
28.6058 20.7195 -145.555 0.376966 0.567713 -0.731846
30.4544 20.0005 -145.161 0.376503 0.569534 -0.730668
32.3115 19.281 -144.771 0.374602 0.576366 -0.726275
34.2504 18.5428 -144.349 0.390406 0.571529 -0.721746
36.0829 17.7522 -143.965 0.39661 0.567735 -0.721371
37.9271 17.1067 -143.452 0.399759 0.559711 -0.72589
39.8418 16.4262 -142.922 0.400135 0.559753 -0.72565
41.7911 15.6985 -142.408 0.400374 0.559825 -0.725463
43.7531 14.9861 -141.857 0.40924 0.554436 -0.724654
45.5764 14.3277 -141.322 0.413658 0.553243 -0.723055
47.4784 13.7492 -140.68 0.409627 0.551438 -0.72672
49.3755 13.2104 -140.017 0.414734 0.548478 -0.726063
51.2231 12.6083 -139.398 0.422975 0.545973 -0.723191
53.0984 12.063 -138.712 0.422394 0.543761 -0.725194
54.929 11.5854 -138.001 0.426323 0.540675 -0.725203
56.7787 11.147 -137.24 0.426508 0.540269 -0.725397
58.6643 10.6939 -136.463 0.430425 0.538529 -0.724376
60.5336 10.2523 -135.682 0.430791 0.53695 -0.72533
62.3291 9.89957 -134.869 0.435348 0.539277 -0.720869
64.1735 9.64001 -133.947 0.437938 0.539951 -0.718793
66.0554 9.3435 -133.008 0.445141 0.535575 -0.717641
67.9035 9.04041 -132.094 0.443895 0.534412 -0.719279
69.77 8.70045 -131.185 0.449948 0.532545 -0.716897
71.5992 8.47332 -130.202 0.451583 0.532092 -0.716206
73.3436 8.34117 -129.194 0.456433 0.529797 -0.714831
75.0799 8.16346 -128.21 0.459957 0.52897 -0.713183
76.8908 8.00538 -127.16 0.459174 0.529277 -0.71346
78.7868 7.8983 -126.021 0.459315 0.528872 -0.713669
80.5765 7.91859 -124.849 0.461956 0.528527 -0.712219
82.243 7.95093 -123.74 0.46614 0.524789 -0.712257
83.9975 7.96978 -122.575 0.467657 0.526048 -0.710331
85.7706 7.98515 -121.394 0.46799 0.524663 -0.711136
87.4713 8.20574 -120.113 0.468164 0.524388 -0.711224
89.0715 8.43419 -118.888 0.470462 0.524518 -0.70961
90.727 8.5923 -117.673 0.471737 0.524347 -0.70889
92.3051 8.83588 -116.435 0.47371 0.52562 -0.706627
93.9977 9.13979 -115.078 0.472415 0.525554 -0.707543
95.5111 9.48797 -113.81 0.471666 0.525348 -0.708195
97.1263 9.92451 -112.407 0.474586 0.524328 -0.707
98.651 10.3228 -111.084 0.476628 0.525528 -0.704731
100.139 10.7551 -109.752 0.477552 0.526878 -0.703096
101.632 11.2438 -108.371 0.47776 0.5271 -0.702788
103.14 11.8068 -106.918 0.479142 0.529061 -0.70037
104.53 12.3253 -105.576 0.478536 0.529741 -0.700269
105.924 13.0017 -104.112 0.478093 0.529759 -0.700559
107.301 13.6678 -102.663 0.479635 0.531965 -0.697828
108.668 14.346 -101.206 0.47938 0.531843 -0.698096
110.005 15.0392 -99.7609 0.481895 0.533358 -0.695198
111.269 15.7992 -98.2935 0.481726 0.537159 -0.692388
112.509 16.542 -96.8451 0.484263 0.540143 -0.688284
113.772 17.3023 -95.3576 0.485658 0.540044 -0.687378
114.932 18.0899 -93.9116 0.48866 0.54191 -0.683772
116.129 18.8784 -92.4306 0.490521 0.545057 -0.679928
117.247 19.6981 -90.9589 0.493859 0.544362 -0.678065
118.361 20.5399 -89.475 0.495209 0.540904 -0.679846
117.535 21.9092 -88.9873 0.495159 0.540365 -0.680311
116.097 23.3632 -88.8804 0.494749 0.538925 -0.68175
114.564 24.8657 -88.8064 0.494591 0.537945 -0.682638
113.132 26.288 -88.7224 0.493199 0.538274 -0.683385
111.663 27.7108 -88.6587 0.492185 0.538998 -0.683546
110.005 29.1358 -88.729 0.492165 0.539014 -0.683547
108.433 30.5232 -88.7697 0.49147 0.535949 -0.686452
106.838 31.9467 -88.8086 0.491371 0.530658 -0.69062
105.345 33.2823 -88.8445 0.491361 0.530343 -0.690869
103.756 34.7423 -88.8532 0.488476 0.53144 -0.69207
102.248 36.1048 -88.8612 0.479718 0.531279 -0.698293
100.756 37.4516 -88.8606 0.479183 0.531039 -0.698843
99.3032 38.8291 -88.8138 0.480334 0.528762 -0.699778
97.8445 40.1977 -88.7698 0.471629 0.534645 -0.701228
96.3749 41.6599 -88.6413 0.469633 0.534823 -0.70243
94.8576 43.1528 -88.5161 0.467565 0.534916 -0.703739
93.3025 44.5549 -88.4827 0.467332 0.535118 -0.703739
91.7011 45.8106 -88.59 0.466842 0.536794 -0.702788
90.0021 47.1127 -88.7225 0.466533 0.53768 -0.702316
88.2376 48.461 -88.8624 0.466531 0.537697 -0.702304
86.5478 49.764 -88.9873 0.46654 0.537674 -0.702316
84.8533 51.0878 -89.0995 0.466548 0.537653 -0.702326
83.1831 52.3473 -89.2429 0.464457 0.53778 -0.703614
81.4997 53.6542 -89.3528 0.461067 0.539012 -0.704898
79.8967 54.9701 -89.3803 0.456227 0.544066 -0.704165
78.2997 56.305 -89.3836 0.456097 0.544032 -0.704276
76.7237 57.5707 -89.4221 0.450864 0.542802 -0.708581
75.0081 58.9094 -89.4748 0.445452 0.544664 -0.710573
73.2271 59.8179 -89.8949 0.445539 0.544698 -0.710492
71.3495 60.7302 -90.3741 0.446696 0.545637 -0.709043
69.4819 61.6563 -90.842 0.447408 0.54637 -0.70803
67.7092 62.5319 -91.2756 0.441869 0.548435 -0.709909
65.9294 63.4495 -91.6718 0.440757 0.548866 -0.710268
64.1809 64.366 -92.0486 0.44076 0.548875 -0.710259
62.3113 65.3298 -92.4621 0.437065 0.54904 -0.712411
60.5634 65.63 -93.2822 0.428474 0.550149 -0.716761
58.8392 65.5578 -94.3687 0.428748 0.549958 -0.716743
57.0797 65.5679 -95.4106 0.425157 0.551091 -0.718011
55.3115 65.5787 -96.4459 0.423973 0.551347 -0.718515
53.4922 65.5449 -97.5483 0.426111 0.548504 -0.719425
51.7757 65.4508 -98.6387 0.426762 0.54809 -0.719354
50.6036 64.5579 -99.9991 0.417276 0.548584 -0.724525
49.4454 63.5945 -101.395 0.416675 0.549832 -0.723925
48.2876 62.6322 -102.798 0.415224 0.553675 -0.721826
47.1014 61.6794 -104.209 0.413902 0.552441 -0.723529
45.9428 60.7196 -105.604 0.413621 0.552415 -0.72371
44.7146 59.7324 -107.058 0.410859 0.553606 -0.724373
43.5517 58.7807 -108.444 0.410314 0.55364 -0.724655
42.5725 57.6612 -109.851 0.408262 0.552236 -0.726882
41.857 56.2607 -111.314 0.406767 0.552423 -0.727578
41.2077 54.8915 -112.715 0.403267 0.554077 -0.728268
40.5309 53.5494 -114.11 0.401925 0.554224 -0.728898
39.9186 52.1911 -115.48 0.401093 0.554428 -0.729201
39.2542 50.8287 -116.882 0.398286 0.556143 -0.729433
38.5629 49.4358 -118.323 0.396277 0.557707 -0.729333
37.8752 48.043 -119.762 0.395384 0.558151 -0.729479
37.2228 46.6856 -121.154 0.394627 0.558691 -0.729475
36.5676 45.3069 -122.566 0.394775 0.55945 -0.728813
35.9062 43.9026 -123.999 0.395553 0.55773 -0.729709
35.2093 42.4522 -125.489 0.395948 0.559057 -0.728478
34.5584 41.1281 -126.859 0.392377 0.560304 -0.729452
33.9217 39.7376 -128.269 0.391639 0.560096 -0.730008
33.389 38.2346 -129.704 0.391543 0.558592 -0.731211
32.9796 36.7449 -131.061 0.387433 0.557875 -0.733942
32.5511 35.2324 -132.434 0.379765 0.559651 -0.736593
32.0979 33.7472 -133.795 0.372051 0.5623 -0.738508
31.6936 32.1976 -135.18 0.371777 0.563115 -0.738026
31.2213 30.6202 -136.62 0.369447 0.563568 -0.73885
30.8095 29.1519 -137.947 0.369604 0.563555 -0.738782
30.3777 27.6031 -139.345 0.369365 0.563831 -0.738691
29.9726 26.0599 -140.726 0.369346 0.563842 -0.738692
29.6676 24.985 -141.703 0.365734 0.571252 -0.734783
37.0181 23.8485 -138.773 0.393118 0.559043 -0.73002
38.8774 23.3568 -138.147 0.39482 0.559319 -0.728889
40.7443 22.8543 -137.509 0.40092 0.555116 -0.728773
42.6338 22.344 -136.864 0.395444 0.555379 -0.731559
44.5728 21.824 -136.208 0.402731 0.550593 -0.731201
46.4221 21.3088 -135.558 0.409806 0.549053 -0.728423
48.2644 20.7942 -134.912 0.407751 0.548229 -0.730195
50.1032 20.275 -134.26 0.416339 0.547767 -0.725681
52.0176 19.7242 -133.569 0.419938 0.546526 -0.724542
53.9245 19.1743 -132.879 0.419341 0.546475 -0.724926
55.8533 18.618 -132.183 0.419331 0.546368 -0.725013
57.6808 18.0915 -131.522 0.419811 0.545943 -0.725055
59.5746 17.5358 -130.828 0.428312 0.541537 -0.723386
61.5249 16.9558 -130.105 0.429817 0.540742 -0.723088
63.4391 16.3751 -129.381 0.440433 0.535143 -0.720861
65.413 15.7704 -128.625 0.440386 0.535433 -0.720675
66.5686 15.4148 -128.18 0.443085 0.537657 -0.717357
81.738 14.4296 -119.265 0.460104 0.529244 -0.712885
79.8858 15.0248 -120.017 0.45943 0.529489 -0.713138
78.0255 15.6182 -120.77 0.45595 0.533754 -0.712191
76.0241 16.2555 -121.578 0.457228 0.534426 -0.710867
74.2226 16.8244 -122.295 0.448026 0.538642 -0.713539
72.3865 17.3992 -123.022 0.451837 0.539904 -0.710174
70.4941 17.9939 -123.773 0.449972 0.540888 -0.710609
68.6007 18.5851 -124.519 0.447416 0.539668 -0.713146
66.7247 19.1646 -125.25 0.443201 0.5408 -0.714919
64.8419 19.7418 -125.976 0.441624 0.541737 -0.715185
62.9998 20.3024 -126.686 0.438279 0.541548 -0.717382
61.1333 20.864 -127.394 0.434776 0.543753 -0.717846
59.3275 21.3994 -128.071 0.426514 0.543448 -0.723015
57.506 21.926 -128.734 0.41928 0.546355 -0.725052
55.6594 22.455 -129.403 0.419285 0.546386 -0.725026
53.7464 23.0038 -130.096 0.419224 0.546438 -0.725022
51.9219 23.5237 -130.757 0.415666 0.549977 -0.724394
50.0214 24.0598 -131.437 0.415962 0.555178 -0.720245
48.0389 24.6191 -132.15 0.414109 0.556343 -0.720414
46.1864 25.1325 -132.804 0.407501 0.555764 -0.724617
44.2898 25.6514 -133.466 0.399778 0.557711 -0.727417
42.25 26.1908 -134.157 0.393732 0.55741 -0.730937
40.3421 26.6934 -134.803 0.394383 0.557827 -0.730268
38.3055 27.2291 -135.491 0.393542 0.558602 -0.730129
38.028 27.3017 -135.585 0.393535 0.558604 -0.730131
39.0098 30.7738 -132.398 0.395459 0.558764 -0.728969
40.8843 30.2817 -131.758 0.395567 0.559002 -0.728728
42.864 29.761 -131.083 0.397576 0.559115 -0.727546
44.7422 29.2609 -130.436 0.399637 0.559596 -0.726046
46.7323 28.7179 -129.737 0.411595 0.555458 -0.722534
48.5606 28.2116 -129.086 0.410327 0.553354 -0.724866
50.3919 27.7056 -128.436 0.410441 0.553295 -0.724847
52.2158 27.1988 -127.784 0.413021 0.552916 -0.72367
54.0609 26.684 -127.124 0.415139 0.553491 -0.722016
55.9167 26.1569 -126.451 0.421502 0.553377 -0.718407
57.8533 25.6021 -125.742 0.421667 0.554377 -0.717539
59.8346 25.0276 -125.009 0.435227 0.550045 -0.712761
61.6495 24.4844 -124.316 0.436935 0.548124 -0.713195
63.4676 23.9389 -123.621 0.438216 0.547375 -0.712985
65.306 23.3838 -122.913 0.4403 0.546436 -0.712421
67.2371 22.7971 -122.166 0.443598 0.545823 -0.710844
69.054 22.2382 -121.455 0.447123 0.543575 -0.710357
70.8828 21.6703 -120.732 0.450634 0.540354 -0.710596
72.7445 21.0938 -119.996 0.445435 0.538544 -0.715233
74.636 20.514 -119.258 0.44644 0.53732 -0.715527
76.518 19.9268 -118.508 0.450982 0.532111 -0.71657
78.3173 19.368 -117.795 0.452118 0.531969 -0.715959
80.1212 18.7941 -117.062 0.461918 0.530982 -0.710416
82.0064 18.1842 -116.285 0.464614 0.531198 -0.708493
83.7865 17.6069 -115.548 0.465886 0.530927 -0.707861
85.729 16.9748 -114.74 0.467811 0.531726 -0.705989
87.5652 16.374 -113.971 0.470585 0.531555 -0.704272
89.3928 15.7721 -113.204 0.4703 0.530861 -0.704985
90.3262 15.465 -112.813 0.469907 0.529952 -0.705931
96.833 17.1647 -107.172 0.47825 0.52819 -0.701635
94.977 17.7835 -107.965 0.474888 0.527656 -0.704315
93.153 18.3871 -108.738 0.470541 0.52845 -0.706634
91.365 18.9714 -109.489 0.469949 0.529737 -0.706065
89.47 19.5898 -110.285 0.468159 0.530473 -0.706701
87.6246 20.1906 -111.056 0.468211 0.530529 -0.706624
85.7986 20.7845 -111.821 0.467555 0.533365 -0.704921
83.9056 21.3999 -112.612 0.466952 0.534735 -0.704283
82.1142 21.9805 -113.358 0.464243 0.536725 -0.70456
80.2987 22.5585 -114.101 0.458791 0.538673 -0.706642
78.4063 23.1567 -114.87 0.456859 0.539487 -0.707272
76.6239 23.7137 -115.586 0.450573 0.539376 -0.711377
74.8249 24.2649 -116.295 0.441263 0.542794 -0.714606
72.971 24.8271 -117.018 0.445213 0.544098 -0.711155
71.1633 25.3793 -117.727 0.444311 0.544214 -0.711631
69.3653 25.9263 -118.43 0.443663 0.545342 -0.711172
67.5252 26.4869 -119.151 0.44493 0.545668 -0.710129
65.665 27.0518 -119.877 0.44083 0.545989 -0.712436
63.6657 27.6505 -120.648 0.437067 0.548089 -0.713142
61.7569 28.2193 -121.38 0.437002 0.548131 -0.713149
59.8903 28.7717 -122.091 0.430135 0.550953 -0.715146
58.0703 29.2923 -122.762 0.422096 0.554469 -0.717216
56.1902 29.8285 -123.454 0.421158 0.554822 -0.717494
54.3367 30.3518 -124.131 0.418047 0.555819 -0.718542
52.435 30.8872 -124.823 0.418035 0.555898 -0.718487
50.5217 31.4242 -125.518 0.413806 0.557964 -0.719333
48.6764 31.9293 -126.172 0.406837 0.558716 -0.722717
46.8281 32.4323 -126.824 0.406791 0.558763 -0.722706
44.8717 32.9605 -127.511 0.401306 0.559736 -0.725017
42.9999 33.4571 -128.158 0.39909 0.560177 -0.725899
41.0041 33.9828 -128.848 0.396958 0.560155 -0.727084
39.9966 34.2455 -129.194 0.395906 0.560313 -0.727535
41.2014 37.6642 -125.9 0.398988 0.560186 -0.725948
43.1146 37.161 -125.237 0.398868 0.559613 -0.726456
44.9585 36.6735 -124.596 0.405658 0.5577 -0.724163
46.9039 36.1461 -123.904 0.40792 0.559709 -0.721337
48.7946 35.6331 -123.234 0.407826 0.559834 -0.721293
50.6995 35.113 -122.554 0.415195 0.557803 -0.718657
52.656 34.5665 -121.841 0.417496 0.557129 -0.717847
54.5892 34.0284 -121.137 0.415224 0.55623 -0.719859
56.4951 33.4974 -120.446 0.420109 0.55391 -0.718813
58.3604 32.9693 -119.759 0.421702 0.552774 -0.718755
60.2706 32.4205 -119.045 0.434405 0.551014 -0.712513
62.0887 31.8843 -118.349 0.435429 0.551311 -0.711658
64.0011 31.3197 -117.616 0.435333 0.551341 -0.711694
65.9766 30.7356 -116.858 0.4397 0.54561 -0.713424
67.7972 30.1862 -116.145 0.443636 0.544063 -0.712168
69.6068 29.6394 -115.436 0.443336 0.544374 -0.712117
71.5889 29.0405 -114.66 0.443557 0.544276 -0.712054
73.4656 28.476 -113.928 0.441072 0.544827 -0.713176
75.3165 27.9202 -113.207 0.441969 0.546015 -0.71171
77.1382 27.3596 -112.481 0.455311 0.541782 -0.706516
78.9422 26.7942 -111.749 0.45653 0.539541 -0.707443
80.8057 26.2086 -110.99 0.45857 0.539194 -0.706388
82.6026 25.6327 -110.245 0.466551 0.536846 -0.702941
84.396 25.0551 -109.496 0.466346 0.536727 -0.703169
86.166 24.486 -108.757 0.46634 0.536722 -0.703177
88.0157 23.8907 -107.985 0.466117 0.537029 -0.703089
89.8711 23.2916 -107.21 0.46717 0.537125 -0.702317
91.6593 22.7154 -106.464 0.465522 0.535543 -0.704616
93.5723 22.0958 -105.664 0.470799 0.534783 -0.70168
95.3449 21.5127 -104.909 0.47606 0.530233 -0.701584
97.1834 20.8989 -104.116 0.481196 0.529042 -0.698974
98.971 20.2972 -103.341 0.480486 0.530087 -0.698671
100.73 19.7073 -102.582 0.478866 0.53065 -0.699355
102.117 19.2438 -101.984 0.479108 0.530787 -0.699086
106.524 21.6003 -97.1285 0.48676 0.534392 -0.691007
104.614 22.2536 -97.9686 0.486377 0.53467 -0.691061
102.851 22.8509 -98.74 0.479719 0.533096 -0.696907
100.991 23.4702 -99.5421 0.477092 0.535459 -0.696898
99.1031 24.0956 -100.355 0.476891 0.536439 -0.696281
97.2779 24.6995 -101.14 0.477406 0.537225 -0.695322
95.3927 25.3239 -101.952 0.477559 0.537465 -0.695031
93.623 25.9069 -102.712 0.475303 0.537608 -0.696465
91.7963 26.5051 -103.492 0.471825 0.535814 -0.700204
89.8933 27.1144 -104.287 0.463639 0.538664 -0.703477
87.973 27.7245 -105.084 0.462663 0.539291 -0.703639
86.1368 28.3049 -105.841 0.461855 0.540801 -0.703011
84.305 28.8905 -106.606 0.466521 0.542477 -0.698624
82.5206 29.4624 -107.353 0.466472 0.542499 -0.698641
80.5921 30.0745 -108.154 0.456987 0.546423 -0.701844
78.784 30.6368 -108.889 0.45475 0.545504 -0.704008
76.9955 31.1902 -109.613 0.453767 0.545122 -0.704938
75.1261 31.7655 -110.366 0.447714 0.546291 -0.707897
73.3289 32.3046 -111.071 0.443305 0.546031 -0.710867
71.4647 32.8687 -111.808 0.446738 0.543873 -0.710371
69.602 33.4331 -112.546 0.444943 0.543472 -0.711803
67.7855 33.9801 -113.261 0.443558 0.543186 -0.712885
65.9357 34.5335 -113.985 0.43451 0.546294 -0.716075
64.0229 35.0877 -114.709 0.429835 0.548265 -0.717389
61.9986 35.6731 -115.475 0.430247 0.548403 -0.717037
60.1916 36.2005 -116.166 0.435408 0.551337 -0.711651
58.3766 36.7286 -116.857 0.425677 0.552072 -0.716949
56.54 37.244 -117.534 0.415377 0.55505 -0.720681
54.6778 37.759 -118.209 0.414892 0.555676 -0.720478
52.8162 38.2724 -118.885 0.414909 0.555639 -0.720497
50.8605 38.8115 -119.596 0.41484 0.555205 -0.720871
49.0305 39.3097 -120.254 0.408211 0.556405 -0.723724
47.146 39.8203 -120.926 0.409243 0.557629 -0.722198
45.2951 40.3219 -121.588 0.409293 0.557795 -0.722042
43.4237 40.8219 -122.25 0.399027 0.559479 -0.726471
42.809 40.9829 -122.463 0.398613 0.559315 -0.726824
44.4102 44.3102 -119.02 0.407156 0.55573 -0.724836
46.2514 43.816 -118.364 0.407592 0.555266 -0.724947
48.098 43.3197 -117.705 0.408151 0.554915 -0.724901
50.0494 42.7899 -117.001 0.415102 0.554741 -0.721077
51.8699 42.2895 -116.337 0.415335 0.554853 -0.720857
53.6909 41.7885 -115.674 0.415252 0.554751 -0.720984
55.5715 41.2707 -114.989 0.415007 0.55416 -0.721579
57.5163 40.7342 -114.281 0.420425 0.552079 -0.720036
59.337 40.2171 -113.597 0.429843 0.548023 -0.717569
61.1787 39.6871 -112.898 0.429878 0.54808 -0.717505
63.028 39.1553 -112.197 0.429877 0.548127 -0.717469
64.9096 38.614 -111.483 0.429834 0.548244 -0.717406
66.7832 38.07 -110.766 0.439462 0.545458 -0.713687
68.5812 37.5294 -110.053 0.446748 0.543905 -0.71034
70.439 36.9684 -109.314 0.446768 0.543896 -0.710335
72.2906 36.4095 -108.577 0.446764 0.543936 -0.710306
74.1017 35.8624 -107.857 0.448342 0.544112 -0.709177
75.9848 35.2833 -107.093 0.455478 0.545719 -0.703371
77.8344 34.7096 -106.338 0.456364 0.546144 -0.702466
79.6589 34.1442 -105.592 0.456282 0.546629 -0.702142
81.4874 33.577 -104.843 0.460417 0.544152 -0.701366
83.3269 32.9966 -104.078 0.461569 0.540313 -0.703573
85.1122 32.4372 -103.341 0.460293 0.540288 -0.704429
86.9329 31.8666 -102.588 0.460305 0.540286 -0.704422
88.7518 31.2937 -101.833 0.466353 0.540843 -0.700003
90.5776 30.7054 -101.058 0.472113 0.541737 -0.695436
92.4368 30.1031 -100.265 0.472292 0.541896 -0.69519
94.2283 29.522 -99.4999 0.472899 0.54188 -0.694789
96.0227 28.9381 -98.7314 0.475017 0.538131 -0.696257
97.8728 28.3313 -97.9343 0.476568 0.536534 -0.69643
99.7576 27.7093 -97.1189 0.480354 0.538574 -0.692241
101.598 27.095 -96.3138 0.482647 0.53894 -0.690359
103.357 26.5048 -95.5426 0.484852 0.537444 -0.689981
105.118 25.9089 -94.764 0.487819 0.537296 -0.688001
106.358 25.4861 -94.2139 0.488357 0.537567 -0.687408
99.4559 31.6273 -94.2723 0.482608 0.539167 -0.690209
97.6425 32.2261 -95.0674 0.476926 0.540484 -0.693123
95.7844 32.8247 -95.8654 0.472288 0.541954 -0.695147
93.9549 33.4129 -96.65 0.472388 0.542109 -0.694958
92.1868 33.9827 -97.4075 0.47245 0.542217 -0.694832
90.3625 34.5688 -98.1896 0.471296 0.543543 -0.69458
88.5783 35.1418 -98.9505 0.470531 0.544262 -0.694536
86.7925 35.715 -99.7106 0.469896 0.544028 -0.695148
84.9571 36.2903 -100.476 0.460187 0.542121 -0.703088
83.0573 36.8826 -101.263 0.460159 0.542124 -0.703104
81.2167 37.4553 -102.025 0.45981 0.542266 -0.703223
79.3749 38.0272 -102.786 0.457843 0.541673 -0.704961
77.4398 38.6251 -103.581 0.457078 0.541604 -0.705511
75.5999 39.1936 -104.336 0.456034 0.542397 -0.705576
73.709 39.77 -105.102 0.450339 0.544675 -0.707477
71.8191 40.3418 -105.862 0.447824 0.544724 -0.709034
70.0053 40.8865 -106.585 0.446774 0.544059 -0.710206
68.2121 41.4254 -107.301 0.446725 0.54414 -0.710175
66.381 41.9692 -108.023 0.438242 0.548301 -0.712257
64.5475 42.502 -108.731 0.430641 0.5485 -0.716726
62.6865 43.035 -109.439 0.429903 0.547906 -0.717623
60.7249 43.5966 -110.185 0.429825 0.54785 -0.717712
58.9031 44.1134 -110.872 0.422366 0.55273 -0.718399
56.999 44.6447 -111.579 0.419615 0.553641 -0.719308
55.0631 45.1768 -112.288 0.414696 0.553312 -0.722408
53.2293 45.6789 -112.956 0.414632 0.553272 -0.722475
51.4056 46.1776 -113.621 0.414643 0.553263 -0.722476
49.4525 46.7108 -114.334 0.415064 0.552899 -0.722513
47.4848 47.2432 -115.045 0.406537 0.55501 -0.725735
45.9893 47.6419 -115.579 0.406774 0.555469 -0.725251
47.6432 50.9635 -112.111 0.406591 0.554853 -0.725825
49.591 50.4385 -111.405 0.415727 0.552261 -0.72262
51.5852 49.8944 -110.674 0.415701 0.552272 -0.722626
53.4563 49.3831 -109.989 0.414851 0.552983 -0.72257
55.3276 48.8727 -109.304 0.417409 0.553171 -0.720952
57.1793 48.3595 -108.617 0.421405 0.552908 -0.718826
59.0466 47.8406 -107.921 0.421409 0.552927 -0.718809
60.8944 47.3254 -107.232 0.42537 0.550437 -0.718387
62.7646 46.7943 -106.522 0.430607 0.548423 -0.716805
64.5672 46.2735 -105.826 0.437823 0.548372 -0.71246
66.502 45.7097 -105.07 0.438169 0.548268 -0.712327
68.4672 45.1331 -104.299 0.445705 0.544368 -0.710641
70.2774 44.5909 -103.574 0.449096 0.544444 -0.708445
72.215 44.0063 -102.791 0.450337 0.544671 -0.707482
74.1051 43.436 -102.027 0.450339 0.544676 -0.707476
75.9115 42.8894 -101.295 0.454031 0.54385 -0.70575
77.7294 42.3302 -100.546 0.45972 0.542278 -0.703273
79.5135 41.7771 -99.8062 0.459886 0.542287 -0.703157
81.3196 41.2182 -99.0559 0.459882 0.542293 -0.703154
83.1712 40.6448 -98.2864 0.461502 0.542922 -0.701606
85.0182 40.0641 -97.506 0.469612 0.54344 -0.6958
86.9277 39.4562 -96.692 0.469247 0.542002 -0.697166
88.7246 38.8852 -95.9264 0.469245 0.541855 -0.697282
90.502 38.3198 -95.1669 0.471434 0.542625 -0.695203
92.2911 37.7462 -94.3999 0.471924 0.542512 -0.694959
92.9907 37.5228 -94.0992 0.47193 0.542505 -0.694961
85.9166 43.5707 -94.1751 0.469211 0.541865 -0.697298
84.0541 44.1562 -94.9708 0.467227 0.542716 -0.697967
82.227 44.7292 -95.7464 0.465557 0.543215 -0.698695
80.4022 45.2946 -96.5112 0.459975 0.542486 -0.702945
78.5687 45.8594 -97.275 0.459905 0.542414 -0.703047
76.7465 46.4181 -98.0308 0.451949 0.546152 -0.705308
74.9283 46.9647 -98.7663 0.449613 0.548645 -0.704867
73.112 47.5104 -99.5028 0.450808 0.548971 -0.703849
71.25 48.0705 -100.259 0.450826 0.548985 -0.703826
69.354 48.6406 -101.027 0.44999 0.549456 -0.703994
67.4445 49.2046 -101.788 0.440667 0.551948 -0.707931
65.4932 49.7727 -102.553 0.438761 0.551825 -0.70921
63.5607 50.3358 -103.311 0.438806 0.551732 -0.709254
61.6437 50.8847 -104.048 0.421896 0.55865 -0.714083
59.8177 51.3902 -104.73 0.42094 0.557329 -0.715677
57.8828 51.9259 -105.451 0.420884 0.557353 -0.715692
56.0298 52.4395 -106.143 0.423384 0.555561 -0.71561
54.1486 52.961 -106.847 0.417918 0.554247 -0.719829
52.2941 53.4669 -107.528 0.415837 0.554765 -0.720636
50.3366 54.0008 -108.247 0.415826 0.554775 -0.720634
49.7443 54.1621 -108.465 0.416159 0.554415 -0.720718
53.2286 56.9733 -104.29 0.41624 0.554809 -0.720369
55.0443 56.4721 -103.611 0.424568 0.553327 -0.716638
56.931 55.9473 -102.899 0.424245 0.553022 -0.717065
58.7916 55.4279 -102.196 0.427731 0.5522 -0.715627
60.6293 54.911 -101.497 0.42497 0.557603 -0.713078
62.4836 54.3941 -100.799 0.423763 0.558701 -0.712936
64.3221 53.8701 -100.09 0.438755 0.55198 -0.709092
66.1246 53.3461 -99.3787 0.442308 0.552143 -0.706754
68.0761 52.7729 -98.6031 0.443074 0.552381 -0.706089
69.931 52.2272 -97.8606 0.449553 0.549429 -0.704294
71.7911 51.6701 -97.1048 0.450325 0.548838 -0.704262
73.7424 51.0875 -96.314 0.449269 0.548604 -0.705118
75.5578 50.5468 -95.578 0.449281 0.548609 -0.705107
77.4521 49.9823 -94.8101 0.450226 0.54827 -0.704767
77.6605 49.9202 -94.725 0.450909 0.547667 -0.704799
66.6525 56.9467 -96.2406 0.442733 0.54748 -0.710108
64.6549 57.5311 -97.0348 0.442076 0.54779 -0.710278
62.7744 58.068 -97.7668 0.42855 0.550983 -0.716075
60.8322 58.6134 -98.5108 0.429178 0.55166 -0.715177
59.0059 59.1278 -99.2101 0.429301 0.551977 -0.714858
58.5402 59.2591 -99.3884 0.429077 0.552035 -0.714947
58.4733 59.2779 -99.414 0.429062 0.55204 -0.714952
