10.7725 22.0488 145.248 0.275404 0.525177 0.805197
11.6742 23.4556 144.021 0.276411 0.524579 0.805241
12.7035 24.9255 142.712 0.281152 0.522284 0.805092
13.6231 26.3003 141.497 0.28515 0.5218 0.803999
14.6399 27.7295 140.204 0.288113 0.522343 0.802589
15.6082 29.1215 138.951 0.287996 0.521519 0.803167
16.5314 30.5553 137.689 0.290076 0.522344 0.801881
17.5222 31.9897 136.392 0.294398 0.521779 0.800672
18.5024 33.4086 135.107 0.29441 0.521748 0.800689
19.5365 34.6984 133.886 0.294421 0.521754 0.80068
20.6412 35.8836 132.708 0.294363 0.52178 0.800685
21.7745 37.0595 131.525 0.294273 0.521845 0.800676
22.9234 38.2558 130.32 0.299259 0.521263 0.799206
24.0941 39.4636 129.084 0.309795 0.519544 0.796304
25.2145 40.667 127.863 0.31113 0.517799 0.79692
26.3474 41.8997 126.62 0.311415 0.517344 0.797105
27.3828 43.1263 125.417 0.314471 0.517853 0.795573
28.437 44.3485 124.204 0.316544 0.517002 0.795304
29.5067 45.6388 122.935 0.326097 0.519678 0.789681
30.6038 46.8404 121.68 0.332321 0.520544 0.786509
31.8488 48.0769 120.336 0.332101 0.520507 0.786626
33.2393 49.0399 119.113 0.334288 0.522211 0.784563
34.5667 50.0041 117.897 0.336186 0.524565 0.782183
35.8779 50.959 116.693 0.336168 0.524225 0.782419
37.1854 52.0145 115.421 0.342288 0.526358 0.778323
38.5706 52.9995 114.142 0.342529 0.528282 0.776912
39.8852 53.9262 112.931 0.343936 0.52718 0.777039
41.274 54.8635 111.679 0.344868 0.526926 0.776798
42.8605 55.5537 110.498 0.349793 0.530333 0.772264
44.6209 55.9068 109.457 0.350191 0.529828 0.772431
46.3411 56.2789 108.422 0.350147 0.528718 0.77321
48.1507 56.6166 107.371 0.351866 0.525304 0.774755
49.9373 56.9554 106.325 0.354885 0.526115 0.772826
51.8136 56.9448 105.473 0.353485 0.527691 0.772393
53.689 56.3722 104.995 0.362803 0.531113 0.765697
55.5877 55.7478 104.522 0.365614 0.531125 0.764351
57.4588 55.2198 103.996 0.364411 0.532176 0.764194
59.3898 54.6182 103.495 0.363966 0.532566 0.764135
61.2386 53.9324 103.092 0.363978 0.532529 0.764155
62.9287 52.8396 103.048 0.365107 0.531219 0.764528
64.7086 51.6928 102.99 0.370469 0.532626 0.760958
66.3953 50.5155 102.992 0.372705 0.534629 0.758461
68.1047 49.3352 102.981 0.375918 0.535088 0.75655
69.8933 48.1172 102.949 0.376432 0.534961 0.756383
71.6997 46.803 102.983 0.375349 0.535852 0.756291
73.3544 45.6483 102.98 0.375159 0.536316 0.756056
75.0866 44.4647 102.96 0.375293 0.536529 0.755838
76.8307 43.1652 103.015 0.376008 0.536565 0.755457
78.3363 41.8023 103.234 0.376067 0.536555 0.755435
79.797 40.4293 103.482 0.375972 0.536475 0.755539
81.2748 38.9317 103.81 0.376171 0.536432 0.755471
82.734 37.494 104.099 0.378632 0.533285 0.756469
84.2644 36.008 104.374 0.382977 0.532235 0.75502
85.7689 34.5784 104.619 0.382878 0.532186 0.755104
87.3049 33.1961 104.814 0.382296 0.531862 0.755628
88.8588 31.8517 104.973 0.384605 0.531505 0.754706
90.3808 30.5089 105.129 0.393096 0.531941 0.750008
91.9385 29.1709 105.264 0.392635 0.532978 0.749514
93.4621 27.8628 105.396 0.393725 0.53229 0.749431
95.0523 26.4427 105.572 0.393466 0.530797 0.750626
96.4811 25.0574 105.809 0.388616 0.532165 0.752182
97.9939 23.5588 106.091 0.388674 0.533908 0.750916
99.2998 22.0715 106.471 0.389806 0.53367 0.750498
97.9801 21.1951 107.77 0.383892 0.532211 0.754571
96.6272 20.3923 109.024 0.383632 0.532098 0.754784
95.2105 19.5693 110.324 0.38364 0.532055 0.75481
93.7829 18.8484 111.56 0.387077 0.530265 0.754314
92.3723 18.1302 112.786 0.383946 0.527171 0.758074
90.9505 17.3512 114.039 0.38096 0.525091 0.761018
89.4685 16.7081 115.225 0.380953 0.524671 0.761311
87.9317 16.0926 116.413 0.375103 0.526638 0.762856
86.4389 15.4269 117.601 0.372023 0.523738 0.766353
84.9349 14.7835 118.763 0.369345 0.521838 0.76894
83.3485 14.2223 119.906 0.371665 0.520605 0.768658
81.6561 13.708 121.075 0.372418 0.516048 0.771361
80.06 13.2023 122.176 0.369598 0.513463 0.774437
78.3851 12.7072 123.299 0.367676 0.512587 0.775931
76.7162 12.257 124.38 0.361674 0.510089 0.780385
75.0244 11.8435 125.429 0.359905 0.509981 0.781273
73.3285 11.4602 126.46 0.359728 0.508386 0.782393
71.4873 11.122 127.53 0.362001 0.50658 0.782517
69.6914 10.8853 128.511 0.36017 0.50654 0.783387
67.8866 10.6457 129.489 0.356409 0.505357 0.785867
66.105 10.4328 130.43 0.353409 0.507687 0.78572
64.2616 10.2411 131.373 0.346917 0.506941 0.789088
62.3631 10.1317 132.279 0.348787 0.506741 0.788392
60.4699 10.0433 133.177 0.349972 0.507069 0.787655
58.6362 10.0599 133.976 0.34591 0.509222 0.788061
56.6911 10.1314 134.784 0.345173 0.510255 0.787716
54.8349 10.2112 135.542 0.343629 0.507513 0.790158
52.9126 10.3269 136.294 0.339473 0.507209 0.792147
51.0455 10.4506 137.015 0.338442 0.507335 0.792508
49.1296 10.7218 137.657 0.337388 0.50804 0.792505
47.2152 10.8965 138.357 0.333987 0.509547 0.792978
45.3313 11.1406 138.988 0.331882 0.509621 0.793814
43.3126 11.5224 139.586 0.330918 0.50961 0.794223
41.4117 11.9387 140.108 0.329708 0.510164 0.794371
39.4121 12.3188 140.694 0.329499 0.51023 0.794415
37.4596 12.7359 141.223 0.322678 0.511759 0.796229
35.4013 13.2568 141.719 0.318502 0.513783 0.796607
33.4578 13.8013 142.139 0.316152 0.514867 0.796844
31.5171 14.3824 142.531 0.315164 0.516072 0.796455
29.5601 14.9051 142.967 0.3146 0.516439 0.796441
27.6235 15.4913 143.346 0.310274 0.519911 0.795878
25.7197 16.1513 143.648 0.303618 0.519356 0.798802
23.771 16.8288 143.948 0.303571 0.519185 0.798932
21.889 17.497 144.227 0.300312 0.52001 0.799625
19.9971 18.1957 144.466 0.292194 0.521611 0.801589
18.1138 18.8726 144.713 0.292866 0.522389 0.800837
16.2543 19.6384 144.892 0.290874 0.52215 0.801718
14.3744 20.4257 145.053 0.286713 0.523743 0.802178
12.4705 21.208 145.215 0.277148 0.525575 0.804338
10.8682 21.9175 145.301 0.275384 0.525214 0.80518
9.2517 18.3252 148.207 0.275195 0.529467 0.802454
7.41484 19.1311 148.304 0.271735 0.530703 0.802817
5.50546 19.9531 148.394 0.263531 0.532874 0.80411
4.26221 21.0577 148.065 0.258728 0.529275 0.808036
5.15874 22.4447 146.874 0.264271 0.522499 0.810651
6.09955 23.9226 145.609 0.27622 0.520381 0.808026
7.09094 25.3434 144.354 0.274624 0.521376 0.807928
8.02909 26.6834 143.17 0.27461 0.521425 0.807902
8.98306 28.1022 141.93 0.275244 0.521698 0.80751
9.92869 29.4992 140.705 0.276917 0.520914 0.807443
10.9544 30.968 139.406 0.278381 0.519743 0.807695
11.8945 32.3202 138.212 0.279078 0.519728 0.807464
12.8205 33.7204 136.98 0.292272 0.519218 0.803113
13.7659 35.0753 135.762 0.291928 0.51829 0.803837
14.6894 36.441 134.549 0.296364 0.51721 0.802909
15.7884 37.7209 133.315 0.298281 0.517637 0.801923
16.9235 38.9325 132.111 0.298682 0.516381 0.802583
18.0981 40.1361 130.901 0.298922 0.515766 0.802889
19.2481 41.3504 129.692 0.298927 0.515785 0.802875
20.4754 42.6473 128.402 0.299719 0.515589 0.802706
21.5934 43.8664 127.191 0.30855 0.518346 0.797567
22.7261 45.1115 125.944 0.308501 0.518403 0.797549
23.7788 46.3915 124.704 0.308515 0.518405 0.797543
24.8556 47.593 123.506 0.310095 0.517488 0.797526
25.977 48.9022 122.219 0.311027 0.51758 0.797103
27.032 50.1589 120.984 0.321949 0.518337 0.79226
28.2589 51.3738 119.672 0.331608 0.518648 0.788061
29.6668 52.2865 118.472 0.335789 0.524274 0.782549
31.0148 53.2913 117.222 0.336058 0.52221 0.783812
32.3703 54.3042 115.966 0.336076 0.522219 0.783799
33.6897 55.3117 114.72 0.341796 0.528016 0.777415
35.0913 56.3106 113.426 0.341954 0.521026 0.782048
36.4054 57.2644 112.22 0.34622 0.511617 0.786371
37.7739 58.2118 111.002 0.347338 0.511793 0.785763
39.129 59.1713 109.77 0.353047 0.514879 0.781189
40.8877 59.615 108.669 0.35724 0.518267 0.777032
42.7051 59.9449 107.613 0.357256 0.518297 0.777005
44.4021 60.2949 106.599 0.35707 0.518393 0.777027
46.2321 60.6473 105.526 0.354272 0.520446 0.776934
48.0293 60.9881 104.475 0.357706 0.520035 0.775636
49.8633 61.3298 103.393 0.362613 0.523741 0.770847
51.732 60.9779 102.749 0.365894 0.52613 0.767664
53.653 60.3944 102.231 0.366862 0.525681 0.76751
55.5072 59.7968 101.752 0.367852 0.524819 0.767626
57.3816 59.2398 101.238 0.365745 0.530193 0.764935
59.3573 58.6463 100.705 0.365532 0.531057 0.764438
61.2953 58.0595 100.189 0.364123 0.532452 0.76414
63.1196 57.2305 99.8961 0.368011 0.531994 0.762595
64.778 56.0934 99.8783 0.374725 0.53084 0.760125
66.4631 54.9906 99.8148 0.378216 0.531868 0.757673
68.1311 53.8367 99.7926 0.378273 0.532125 0.757464
69.8191 52.6366 99.7935 0.378094 0.533786 0.756385
71.5007 51.5179 99.7437 0.377477 0.534412 0.756251
73.14 50.3585 99.7488 0.375195 0.535822 0.756388
74.8237 49.1391 99.7802 0.372898 0.535899 0.757469
76.6439 47.8247 99.8145 0.372726 0.535885 0.757564
78.4068 46.5584 99.8423 0.372962 0.53492 0.758129
80.1444 45.1862 99.9535 0.373627 0.533998 0.758452
81.5977 43.8205 100.198 0.375516 0.533114 0.75814
83.1156 42.3483 100.473 0.385199 0.533777 0.752797
84.5185 40.9208 100.768 0.384908 0.534128 0.752697
85.9506 39.5397 101.027 0.380327 0.53779 0.752418
87.4081 38.1102 101.308 0.380998 0.534638 0.754322
88.8873 36.6874 101.563 0.38123 0.531344 0.75653
90.4014 35.3716 101.712 0.393573 0.526324 0.753713
91.9517 33.9923 101.862 0.395676 0.525803 0.752975
93.5083 32.6466 101.984 0.395676 0.525806 0.752973
95.0368 31.2906 102.128 0.39582 0.525947 0.752799
96.6389 29.9241 102.245 0.395812 0.531517 0.748881
98.2496 28.5093 102.407 0.394029 0.53612 0.746536
99.7274 27.0133 102.707 0.390627 0.537859 0.747073
101.214 25.5353 102.995 0.389696 0.538041 0.747428
102.608 24.1045 103.298 0.38957 0.538049 0.747488
104.012 22.6777 103.593 0.38944 0.537465 0.747976
105.432 21.2265 103.895 0.389816 0.536059 0.748789
104.997 20.0954 104.926 0.388197 0.534535 0.750716
103.651 19.2207 106.248 0.386971 0.537405 0.749298
102.313 18.3242 107.584 0.385715 0.539695 0.7483
100.99 17.466 108.879 0.382747 0.536811 0.75189
99.4556 16.6169 110.258 0.381399 0.535317 0.753638
98.0578 15.8199 111.533 0.382085 0.535244 0.753343
96.5788 15.066 112.821 0.382569 0.537465 0.751514
95.1121 14.3187 114.08 0.370333 0.527814 0.764373
93.67 13.5574 115.309 0.375901 0.527658 0.761758
92.1988 12.8681 116.512 0.376233 0.525034 0.763406
90.554 12.1898 117.778 0.375172 0.520433 0.767069
89.0342 11.5715 118.936 0.373845 0.515369 0.771126
87.519 10.9173 120.108 0.373699 0.515261 0.771269
85.9538 10.3334 121.252 0.371187 0.51508 0.772602
84.2177 9.78883 122.449 0.371044 0.514557 0.773019
82.5743 9.2782 123.574 0.368157 0.511279 0.776566
80.9061 8.77768 124.689 0.366057 0.509828 0.77851
79.1531 8.28972 125.833 0.364391 0.510654 0.77875
77.4293 7.86075 126.916 0.362043 0.510985 0.779628
75.6677 7.51831 127.954 0.359529 0.510649 0.78101
73.95 7.16632 128.967 0.357009 0.506456 0.784886
72.2286 6.84975 129.955 0.357541 0.506042 0.784911
70.4762 6.56624 130.936 0.357389 0.50589 0.785079
68.6494 6.37572 131.887 0.353791 0.505182 0.787161
66.8414 6.18268 132.819 0.351747 0.504385 0.788587
64.9446 6.04479 133.752 0.351241 0.504096 0.788997
62.977 5.89958 134.718 0.350036 0.504665 0.78917
61.1044 5.86647 135.571 0.35019 0.504723 0.789064
59.2668 5.89958 136.36 0.347195 0.504129 0.790765
57.2951 5.95218 137.189 0.345017 0.504322 0.791595
55.2958 6.00778 138.025 0.344418 0.504884 0.791498
53.3914 6.12282 138.775 0.341692 0.505327 0.792396
51.5021 6.2907 139.481 0.340418 0.5049 0.793216
49.4605 6.54203 140.193 0.337745 0.5053 0.794103
47.5678 6.76417 140.854 0.336488 0.506089 0.794134
45.5235 7.00348 141.563 0.332698 0.507312 0.794951
43.4351 7.38229 142.189 0.329188 0.508777 0.795476
41.5473 7.8133 142.7 0.330732 0.509203 0.794562
39.6283 8.2035 143.243 0.327555 0.509461 0.795711
37.6712 8.58506 143.802 0.323641 0.510467 0.796668
35.6956 9.07419 144.289 0.322763 0.511272 0.796508
33.8012 9.56009 144.743 0.319638 0.513741 0.796179
31.8311 10.1509 145.149 0.318026 0.515095 0.79595
29.8497 10.7217 145.567 0.315311 0.516888 0.795868
27.8467 11.305 145.976 0.311931 0.516462 0.797475
25.8428 11.9514 146.335 0.306479 0.518273 0.798413
23.9427 12.6052 146.634 0.302684 0.51982 0.798855
22.054 13.2474 146.932 0.301657 0.520072 0.79908
20.1253 13.9361 147.197 0.292826 0.522175 0.80099
18.0907 14.7259 147.426 0.293582 0.522203 0.800696
16.0987 15.4665 147.676 0.294787 0.524633 0.798662
14.2038 16.2792 147.836 0.292071 0.527614 0.797695
12.3447 16.9993 148.025 0.277471 0.530955 0.800678
10.4504 17.8035 148.141 0.274507 0.53033 0.80212
9.41598 18.2493 148.2 0.275165 0.529478 0.802457
15.2159 24.3611 142.189 0.286821 0.522472 0.802967
17.193 24.0337 141.69 0.290996 0.521505 0.802093
19.2229 23.6936 141.174 0.291202 0.521359 0.802113
21.3106 23.3405 140.641 0.297773 0.521927 0.799327
23.2448 23.0007 140.129 0.304115 0.520683 0.797749
25.2519 22.6454 139.595 0.305199 0.520466 0.797476
27.2232 22.2915 139.065 0.306743 0.518569 0.798119
29.1329 21.9516 138.557 0.306533 0.516607 0.799472
31.1756 21.5817 138.007 0.309355 0.517323 0.79792
33.1547 21.2205 137.469 0.315971 0.514764 0.796982
35.0882 20.8585 136.933 0.318258 0.514239 0.796411
37.0352 20.4924 136.39 0.319589 0.513537 0.796331
39.0475 20.1129 135.828 0.319089 0.513496 0.796558
40.9693 19.7474 135.289 0.323869 0.509369 0.797278
43.0512 19.3347 134.679 0.336457 0.510252 0.791479
45.0483 18.9343 134.089 0.335337 0.514091 0.789468
47.0058 18.5442 133.514 0.334644 0.513023 0.790456
48.9234 18.1602 132.95 0.337387 0.511986 0.789962
50.8197 17.7755 132.387 0.33896 0.51266 0.788851
52.8062 17.3708 131.795 0.34016 0.513065 0.788071
54.7375 16.9709 131.211 0.344479 0.511257 0.787369
56.6732 16.5724 130.628 0.342254 0.509478 0.78949
58.5739 16.1778 130.053 0.346129 0.508507 0.788425
60.5783 15.7585 129.442 0.347527 0.509676 0.787054
62.5276 15.3437 128.839 0.353084 0.509503 0.78469
64.42 14.9399 128.25 0.352646 0.510186 0.784443
66.3651 14.5237 127.648 0.351997 0.512654 0.783124
68.3441 14.0969 127.033 0.35456 0.514469 0.780775
70.2823 13.6736 126.422 0.360218 0.511436 0.780177
71.6166 13.3799 125.997 0.360707 0.51134 0.780014
79.8493 15.5351 120.726 0.372165 0.517098 0.770781
77.9334 15.9691 121.349 0.367768 0.518415 0.772006
75.9722 16.4119 121.985 0.366787 0.518278 0.772564
74.0247 16.8441 122.606 0.356971 0.519782 0.776143
72.1182 17.2594 123.205 0.35748 0.520326 0.775544
70.1664 17.6846 123.82 0.357629 0.520326 0.775475
68.2111 18.1128 124.439 0.359209 0.518096 0.776238
66.2939 18.526 125.039 0.353821 0.515437 0.780471
64.3699 18.9439 125.648 0.361672 0.51385 0.777915
62.38 19.3783 126.282 0.355721 0.517244 0.778409
60.4042 19.7976 126.895 0.352194 0.513881 0.782231
58.5159 20.1975 127.48 0.349592 0.513981 0.783332
56.5031 20.6119 128.088 0.34033 0.516582 0.785696
54.555 21.0072 128.668 0.338445 0.52012 0.784175
52.5916 21.4052 129.253 0.338765 0.518774 0.784928
50.6884 21.7893 129.819 0.337711 0.517664 0.786114
48.6897 22.1903 130.411 0.334823 0.518782 0.786612
46.7828 22.5686 130.971 0.336073 0.515692 0.78811
44.8042 22.9657 131.56 0.338346 0.514731 0.787765
42.9157 23.3443 132.123 0.336137 0.516062 0.78784
41.0173 23.7189 132.679 0.331538 0.517463 0.78887
39.0962 24.0872 133.229 0.320596 0.516801 0.79381
37.1999 24.4437 133.761 0.319174 0.517679 0.793811
35.1823 24.82 134.324 0.317142 0.516925 0.795116
33.1955 25.1861 134.874 0.311706 0.518074 0.796517
31.2769 25.5337 135.395 0.309686 0.519738 0.79622
29.3634 25.8773 135.913 0.308517 0.520205 0.796369
27.3567 26.2329 136.451 0.304545 0.520417 0.797758
25.3645 26.5847 136.984 0.305956 0.519797 0.797622
23.4527 26.921 137.497 0.304754 0.519422 0.798327
21.4724 27.2661 138.023 0.296077 0.52155 0.800203
19.5243 27.5924 138.525 0.293293 0.522632 0.800522
17.7629 27.886 138.978 0.292258 0.522095 0.80125
20.152 31.4382 135.785 0.293813 0.522084 0.800688
22.1282 31.1088 135.274 0.298062 0.522056 0.799135
24.1223 30.7626 134.738 0.306137 0.519752 0.797582
26.1105 30.4149 134.201 0.306129 0.519835 0.797532
28.0791 30.0697 133.671 0.306369 0.520811 0.796802
30.0389 29.7222 133.139 0.308728 0.520222 0.796276
31.9498 29.3813 132.62 0.310063 0.520951 0.795281
33.8648 29.0366 132.096 0.313725 0.523419 0.792218
35.765 28.6854 131.564 0.319226 0.522756 0.790456
37.7158 28.323 131.016 0.319296 0.522954 0.790297
39.6564 27.9565 130.464 0.329129 0.521982 0.786898
41.5778 27.5815 129.9 0.333019 0.519986 0.786583
43.6176 27.1796 129.298 0.337061 0.519625 0.785099
45.5856 26.7877 128.713 0.337175 0.519596 0.785069
47.5522 26.394 128.126 0.340627 0.522384 0.781721
49.475 26.0069 127.549 0.337178 0.524041 0.782107
51.4621 25.6079 126.957 0.339014 0.521059 0.783305
53.4415 25.2084 126.364 0.339823 0.519661 0.783883
55.4463 24.8034 125.765 0.340094 0.520768 0.78303
57.4274 24.3905 125.155 0.35047 0.522219 0.777469
59.3712 23.9824 124.555 0.349243 0.521353 0.778602
61.2516 23.5877 123.975 0.351485 0.520836 0.777938
63.2778 23.1542 123.339 0.356493 0.521933 0.774918
65.3406 22.7082 122.686 0.358939 0.522242 0.77358
67.3583 22.2685 122.045 0.36094 0.520824 0.773605
69.4202 21.8189 121.39 0.355848 0.520464 0.776202
71.345 21.4051 120.789 0.353542 0.517233 0.779409
73.223 21 120.201 0.358388 0.519453 0.775711
75.2359 20.5503 119.549 0.36787 0.519587 0.771169
77.1581 20.1165 118.924 0.369633 0.520211 0.769904
79.0739 19.6788 118.293 0.372988 0.521306 0.767542
80.9543 19.2459 117.671 0.37476 0.520801 0.767021
82.9865 18.7756 116.996 0.376412 0.521291 0.765878
84.8603 18.3395 116.373 0.375016 0.522563 0.765696
86.4257 17.9753 115.855 0.374954 0.522937 0.765471
92.0636 20.5898 111.221 0.38702 0.529451 0.754915
90.2092 21.0381 111.855 0.385814 0.529267 0.755661
88.2668 21.5024 112.516 0.381765 0.525569 0.760285
86.4034 21.9418 113.144 0.380321 0.525605 0.760983
84.5188 22.3834 113.778 0.376892 0.52473 0.763289
82.6078 22.8278 114.416 0.377249 0.523371 0.764045
80.5683 23.2979 115.094 0.373991 0.527179 0.763029
78.6821 23.7294 115.718 0.370751 0.525069 0.766059
76.7977 24.1556 116.336 0.369368 0.525468 0.766453
74.8703 24.589 116.966 0.368144 0.526115 0.766599
73.0036 25.0049 117.571 0.365448 0.527692 0.766804
71.0986 25.4258 118.185 0.358079 0.524328 0.772567
69.0449 25.8668 118.829 0.356974 0.523485 0.773649
67.0312 26.3046 119.469 0.36013 0.522927 0.772563
65.0866 26.7267 120.089 0.359441 0.522546 0.773142
63.1779 27.139 120.696 0.357809 0.522941 0.773631
61.3045 27.5414 121.288 0.356342 0.524594 0.773189
59.3866 27.947 121.887 0.34935 0.523855 0.776872
57.4515 28.3506 122.484 0.349071 0.523822 0.77702
55.4521 28.7665 123.101 0.347446 0.524693 0.777161
53.5112 29.1623 123.69 0.341017 0.527133 0.778356
51.4817 29.569 124.296 0.336938 0.524393 0.781975
49.5018 29.963 124.885 0.336905 0.524409 0.781979
47.6206 30.3406 125.451 0.34295 0.523209 0.780152
45.6805 30.7336 126.041 0.343222 0.523036 0.780149
43.7216 31.1293 126.636 0.340384 0.522513 0.781741
41.7604 31.5164 127.221 0.33049 0.522147 0.786218
39.8192 31.8859 127.78 0.325171 0.524549 0.786837
37.9258 32.2441 128.323 0.325101 0.524562 0.786857
36.0194 32.6023 128.869 0.322187 0.524022 0.788414
34.0239 32.9702 129.432 0.318203 0.523235 0.790552
32.0945 33.3176 129.966 0.311098 0.52365 0.7931
30.1656 33.6615 130.496 0.311614 0.523436 0.793039
28.2003 34.0144 131.042 0.315979 0.519107 0.794157
26.2874 34.3536 131.569 0.307576 0.519791 0.797003
24.2906 34.7007 132.111 0.306497 0.519021 0.79792
23.0841 34.9093 132.438 0.304815 0.519556 0.798217
26.3797 38.3074 128.949 0.30981 0.520332 0.795784
28.3945 37.9514 128.389 0.316759 0.51926 0.793746
30.4018 37.5907 127.823 0.317187 0.519101 0.793679
32.4587 37.2203 127.247 0.31349 0.522711 0.792778
34.5645 36.8351 126.651 0.324229 0.52319 0.78813
36.5076 36.4706 126.09 0.326184 0.526308 0.785241
38.4546 36.1037 125.527 0.326353 0.526723 0.784892
40.3455 35.7459 124.98 0.326573 0.526634 0.784861
42.299 35.3694 124.407 0.340913 0.525579 0.779452
44.2427 34.9811 123.818 0.341578 0.525976 0.778893
46.1482 34.5994 123.239 0.341683 0.525636 0.779076
48.149 34.1972 122.632 0.341991 0.52402 0.780029
50.0675 33.8118 122.053 0.341505 0.527016 0.778221
51.9607 33.4304 121.479 0.342015 0.527179 0.777887
53.9159 33.0355 120.887 0.342017 0.527163 0.777897
55.8562 32.6429 120.3 0.343041 0.526879 0.777638
57.8472 32.233 119.689 0.349445 0.523585 0.777011
59.7289 31.8364 119.099 0.356423 0.524691 0.773086
61.6936 31.4165 118.476 0.357911 0.525934 0.771552
63.6238 31.0021 117.863 0.358056 0.525972 0.771459
65.6613 30.563 117.215 0.35928 0.525544 0.771182
67.5643 30.1515 116.609 0.35943 0.525584 0.771084
69.4948 29.7309 115.99 0.363058 0.527228 0.768258
71.3571 29.3201 115.387 0.365532 0.527146 0.76714
73.3049 28.8888 114.755 0.365539 0.527142 0.767139
75.3085 28.444 114.106 0.366685 0.527525 0.766329
77.2279 28.0121 113.475 0.373738 0.527928 0.762635
79.1654 27.5675 112.829 0.375451 0.527228 0.762278
81.0522 27.1343 112.199 0.375106 0.52796 0.761941
83.0051 26.6858 111.548 0.377044 0.528718 0.760458
85.0689 26.205 110.851 0.380786 0.528327 0.758863
86.9637 25.7578 110.206 0.384116 0.529559 0.756321
88.875 25.3035 109.551 0.38654 0.528825 0.7556
90.8232 24.8354 108.88 0.387682 0.528533 0.755219
92.7023 24.3822 108.23 0.38879 0.529075 0.754269
94.5795 23.928 107.581 0.388662 0.529436 0.754082
94.9898 23.8285 107.44 0.388425 0.529701 0.754017
89.0451 29.2133 106.728 0.386759 0.528993 0.75537
87.1602 29.658 107.375 0.384186 0.529586 0.756268
85.2529 30.1064 108.03 0.384129 0.52997 0.756027
83.3299 30.5574 108.689 0.381871 0.530974 0.756466
81.3288 31.0199 109.365 0.37791 0.532954 0.757063
79.4399 31.4554 110.001 0.376899 0.530121 0.759552
77.5607 31.8826 110.626 0.372286 0.530621 0.761475
75.539 32.3387 111.296 0.371807 0.529931 0.762189
73.5327 32.7909 111.96 0.371108 0.529379 0.762914
71.6081 33.2182 112.589 0.365195 0.527445 0.767095
69.7363 33.6293 113.195 0.363982 0.527814 0.767418
67.8206 34.0491 113.815 0.363981 0.527787 0.767436
65.9042 34.4685 114.435 0.363515 0.527645 0.767755
63.9677 34.8869 115.055 0.358304 0.525413 0.771725
62.0552 35.2967 115.664 0.358242 0.525068 0.771988
60.1617 35.7018 116.267 0.358252 0.524956 0.77206
58.2915 36.1007 116.862 0.355965 0.52636 0.772162
56.3988 36.4948 117.451 0.344295 0.527283 0.77681
54.504 36.8776 118.025 0.342086 0.527026 0.777959
52.5239 37.2761 118.626 0.342064 0.527029 0.777967
50.5317 37.6761 119.231 0.342071 0.527006 0.77798
48.6252 38.0585 119.811 0.342647 0.526774 0.777883
46.6088 38.4642 120.425 0.342654 0.526748 0.777898
44.5633 38.8735 121.048 0.341928 0.526213 0.778579
42.4965 39.2845 121.677 0.341476 0.525966 0.778944
40.5011 39.6763 122.277 0.33004 0.526557 0.783461
38.5015 40.0526 122.857 0.326422 0.526785 0.784822
36.5701 40.4151 123.417 0.328128 0.525131 0.785219
34.6279 40.7845 123.988 0.332494 0.520744 0.786304
32.7066 41.1508 124.558 0.332314 0.520547 0.78651
30.7685 41.5109 125.121 0.316986 0.517426 0.794852
29.4966 41.7388 125.479 0.316505 0.51702 0.795308
32.4283 45.1792 122.009 0.332321 0.520557 0.786501
34.4346 44.7991 121.413 0.332319 0.520547 0.786508
36.4191 44.4222 120.824 0.332327 0.52054 0.78651
38.3681 44.0499 120.247 0.332768 0.520685 0.786227
40.3937 43.6594 119.643 0.340355 0.526133 0.779322
42.2757 43.2869 119.067 0.34278 0.526999 0.777672
44.2606 42.8921 118.46 0.342669 0.527133 0.77763
46.1677 42.5116 117.878 0.342678 0.527167 0.777603
48.0773 42.13 117.295 0.342668 0.527155 0.777615
50.0807 41.7281 116.685 0.34273 0.5272 0.777558
51.9691 41.349 116.109 0.342617 0.527498 0.777405
53.8657 40.9672 115.533 0.342728 0.527538 0.77733
55.842 40.5662 114.927 0.349493 0.527244 0.774512
57.7522 40.1672 114.328 0.353225 0.528399 0.772028
59.731 39.7527 113.706 0.353479 0.528307 0.771975
61.658 39.3449 113.095 0.358499 0.525313 0.771702
63.6145 38.9219 112.463 0.36414 0.527284 0.767707
65.4771 38.5131 111.855 0.366497 0.532289 0.763118
67.5068 38.066 111.191 0.367572 0.534436 0.761098
69.5337 37.6175 110.527 0.367575 0.53443 0.7611
71.4695 37.1875 109.89 0.371512 0.534662 0.759023
73.3717 36.7606 109.259 0.371957 0.534423 0.758973
75.3703 36.3108 108.596 0.372349 0.534152 0.758972
77.2742 35.8808 107.963 0.374777 0.532819 0.758713
79.2087 35.4382 107.31 0.378136 0.533451 0.756599
81.0774 35.0095 106.679 0.378152 0.533456 0.756589
82.9954 34.5681 106.031 0.380044 0.533479 0.755623
83.1473 34.533 105.979 0.380035 0.53348 0.755627
77.8393 39.6745 104.993 0.37605 0.536559 0.755441
75.9775 40.0977 105.618 0.375318 0.536559 0.755805
74.1115 40.5203 106.244 0.374529 0.536123 0.756506
72.1172 40.9696 106.91 0.372107 0.53463 0.758753
70.2342 41.392 107.535 0.371503 0.534004 0.75949
68.3562 41.8068 108.154 0.367584 0.534436 0.761091
66.4373 42.2299 108.783 0.367567 0.53443 0.761104
64.504 42.6553 109.417 0.366007 0.535849 0.760858
62.5378 43.0845 110.059 0.364555 0.537479 0.760405
60.5411 43.5173 110.708 0.36164 0.537224 0.761976
58.513 43.9494 111.36 0.358859 0.53756 0.763052
56.5822 44.3597 111.978 0.359568 0.53686 0.763212
54.6836 44.7601 112.584 0.355407 0.531988 0.768554
52.7796 45.148 113.175 0.342791 0.527418 0.777383
50.7614 45.5529 113.79 0.34278 0.527315 0.777458
48.7393 45.958 114.407 0.342782 0.527325 0.77745
46.8599 46.3344 114.98 0.343604 0.526501 0.777646
44.9603 46.7149 115.564 0.344489 0.524895 0.778339
42.8963 47.1274 116.199 0.344433 0.524839 0.778402
40.8623 47.5323 116.826 0.344452 0.524842 0.778392
38.9567 47.9093 117.412 0.340359 0.523811 0.780883
36.9284 48.3019 118.023 0.336238 0.524539 0.782178
36.4558 48.3929 118.165 0.336174 0.524523 0.782216
40.628 51.5464 114.216 0.345176 0.526759 0.776775
42.5386 51.1654 113.625 0.345171 0.526739 0.77679
44.443 50.7846 113.037 0.345164 0.526725 0.776803
46.5067 50.3711 112.4 0.345848 0.527809 0.775762
48.4489 49.9776 111.799 0.34901 0.533681 0.770309
50.4718 49.5647 111.167 0.349776 0.53545 0.768733
52.4367 49.1637 110.552 0.349758 0.535458 0.768735
54.3584 48.769 109.948 0.355749 0.533998 0.767
56.3589 48.3387 109.299 0.364311 0.530781 0.765212
58.3088 47.9169 108.664 0.361941 0.534672 0.763626
60.2102 47.5064 108.048 0.364228 0.53613 0.761513
62.0839 47.1028 107.436 0.365285 0.535508 0.761445
64.118 46.6616 106.773 0.363599 0.535935 0.761951
66.0685 46.2373 106.138 0.364104 0.536521 0.761297
67.939 45.8303 105.529 0.366473 0.534679 0.761457
69.8227 45.4096 104.902 0.375033 0.536194 0.756205
70.7539 45.1988 104.59 0.375183 0.536484 0.755925
62.1901 51.0225 104.661 0.364284 0.530838 0.765185
60.2523 51.442 105.292 0.364346 0.530788 0.765191
58.3003 51.8646 105.929 0.364338 0.53079 0.765192
56.2466 52.3083 106.598 0.364244 0.530766 0.765254
54.2534 52.7307 107.241 0.351107 0.533605 0.769409
52.2896 53.136 107.86 0.354017 0.528796 0.771393
50.2528 53.558 108.505 0.354009 0.528791 0.7714
48.3585 53.9503 109.105 0.352206 0.529877 0.77148
47.1335 54.2012 109.489 0.350122 0.530668 0.771885
58.7279 12.14 132.592 0.345906 0.509186 0.788086
56.7845 12.5463 133.182 0.345545 0.509021 0.78835
54.8349 12.9515 133.775 0.345577 0.50913 0.788266
52.7426 13.3869 134.405 0.340269 0.508884 0.79073
50.7884 13.7853 134.985 0.338005 0.508621 0.79187
48.8857 14.1732 135.547 0.337272 0.509294 0.791749
46.9699 14.5584 136.108 0.331591 0.510631 0.793286
45.0107 14.948 136.677 0.331908 0.511047 0.792886
43.0194 15.3439 137.257 0.33202 0.509106 0.794087
41.1298 15.7157 137.802 0.329498 0.50851 0.795518
39.2329 16.0867 138.346 0.322633 0.511804 0.796219
37.2234 16.4707 138.908 0.319698 0.513825 0.796101
35.2147 16.8526 139.468 0.319426 0.513677 0.796305
33.0964 17.2508 140.052 0.314602 0.514248 0.797856
31.1854 17.6073 140.575 0.314103 0.514534 0.797868
29.2733 17.958 141.092 0.309116 0.51872 0.797105
27.2242 18.3316 141.644 0.3097 0.519793 0.796179
25.2848 18.6848 142.166 0.305988 0.520539 0.797126
23.7147 18.9657 142.58 0.302879 0.519853 0.798759
23.6204 18.9825 142.605 0.302855 0.519841 0.798777
