20.5063 22.3051 144.234 0.29204 0.521336 0.801824
21.4968 23.6001 143.031 0.294654 0.520125 0.801654
22.521 24.8572 141.833 0.30242 0.516426 0.801153
23.68 26.0655 140.617 0.304622 0.514809 0.801359
25.0045 27.2155 139.375 0.304808 0.514584 0.801433
26.2088 28.373 138.172 0.308832 0.515235 0.799472
27.3599 29.5174 136.988 0.312101 0.514076 0.798949
28.5511 30.6206 135.813 0.312075 0.513585 0.799275
29.7843 31.7997 134.57 0.3187 0.512874 0.797113
30.9215 32.9314 133.375 0.325805 0.51293 0.7942
32.0846 34.1516 132.109 0.3262 0.512661 0.794212
33.2512 35.389 130.832 0.326067 0.511734 0.794864
34.5858 36.451 129.589 0.332675 0.517263 0.788522
35.9902 37.3281 128.42 0.33323 0.517599 0.788067
37.4741 38.2498 127.187 0.333228 0.517614 0.788058
38.9559 39.1835 125.947 0.333221 0.517628 0.788051
40.407 40.0967 124.734 0.333147 0.517713 0.788027
41.8288 41.0145 123.53 0.333934 0.515567 0.7891
43.2808 41.9232 122.326 0.335892 0.509959 0.791908
44.7144 42.8226 121.123 0.349545 0.512469 0.784343
46.4917 43.2312 120.058 0.351199 0.514745 0.78211
48.3146 43.5606 119.023 0.349778 0.516814 0.781383
50.1551 43.8369 118.019 0.348085 0.518555 0.780985
52.0071 44.0799 117.031 0.348704 0.518864 0.780503
53.7323 44.3841 116.058 0.348732 0.518785 0.780544
55.6109 44.5044 115.138 0.354859 0.518392 0.778039
57.5378 43.8849 114.657 0.36327 0.523175 0.770924
59.5054 43.2805 114.14 0.363385 0.523208 0.770847
61.4455 42.6685 113.64 0.363368 0.523206 0.770856
63.4439 42.0745 113.103 0.360725 0.524521 0.771204
65.3013 41.5113 112.622 0.35912 0.526143 0.770848
67.1706 40.7861 112.246 0.359344 0.526078 0.770788
68.8289 39.6346 112.256 0.362088 0.52562 0.769815
70.482 38.5018 112.252 0.362466 0.525686 0.769593
72.1427 37.3132 112.282 0.362466 0.525651 0.769616
73.8468 36.1042 112.303 0.365817 0.525389 0.768209
75.5609 34.8782 112.319 0.36919 0.52473 0.767045
77.264 33.6545 112.336 0.369748 0.524915 0.766649
79.0823 32.4819 112.262 0.369705 0.524937 0.766655
80.8064 31.3596 112.191 0.373421 0.522649 0.766417
82.5009 30.2644 112.112 0.374215 0.523652 0.765344
84.2345 29.011 112.12 0.375585 0.523757 0.764601
85.8042 27.7406 112.218 0.376596 0.523453 0.764311
87.3501 26.425 112.356 0.377388 0.523098 0.764164
88.901 25.1138 112.487 0.377405 0.52312 0.764141
90.4519 23.8228 112.604 0.380165 0.522837 0.762964
92.0265 22.4019 112.794 0.382086 0.525743 0.760003
90.7106 21.5052 114.064 0.378161 0.523151 0.763746
89.0868 20.8583 115.308 0.376091 0.522145 0.765454
87.5767 20.152 116.527 0.374234 0.521738 0.766641
86.0206 19.504 117.728 0.374545 0.521688 0.766524
84.4525 18.8981 118.904 0.372547 0.520543 0.768273
82.823 18.2778 120.111 0.371296 0.52028 0.769057
81.14 17.7687 121.268 0.372163 0.520103 0.768757
79.4176 17.2701 122.435 0.368234 0.518721 0.771578
77.7046 16.7799 123.582 0.367945 0.519095 0.771464
76.0519 16.3692 124.638 0.361419 0.518032 0.775254
74.3382 16.035 125.654 0.360128 0.515154 0.777768
72.6413 15.6625 126.686 0.360396 0.514165 0.778299
70.9147 15.3655 127.679 0.359042 0.513215 0.779551
69.1209 15.0512 128.708 0.354908 0.515793 0.779742
67.2962 14.8339 129.678 0.35128 0.514544 0.782206
65.4818 14.6723 130.598 0.351457 0.513344 0.782915
63.5453 14.5088 131.573 0.350643 0.511776 0.784305
61.7365 14.4001 132.447 0.347621 0.509752 0.786964
59.8652 14.4134 133.262 0.345514 0.511493 0.786762
57.8126 14.4167 134.161 0.344903 0.511165 0.787243
55.815 14.45 135.013 0.344322 0.511041 0.787578
53.9516 14.5255 135.778 0.342323 0.511275 0.788297
52.0063 14.6348 136.544 0.338047 0.510706 0.790508
50.0735 14.8193 137.251 0.33764 0.510153 0.791039
48.1482 15.0646 137.909 0.332562 0.511013 0.792633
46.0343 15.3315 138.622 0.331867 0.511521 0.792598
44.0778 15.6657 139.226 0.331272 0.50974 0.793992
42.1235 16.0375 139.799 0.329339 0.509239 0.795117
40.1985 16.3915 140.369 0.328034 0.510062 0.795129
38.2949 16.7985 140.882 0.32142 0.513043 0.795912
36.2487 17.2753 141.4 0.321357 0.513084 0.795911
34.3242 17.7695 141.857 0.318427 0.514162 0.796393
32.3986 18.318 142.268 0.315474 0.514387 0.797422
30.4845 18.8909 142.649 0.30957 0.51702 0.798033
28.5475 19.4652 143.024 0.308902 0.517619 0.797904
26.622 20.0749 143.374 0.308869 0.517579 0.797942
24.7102 20.6794 143.718 0.305079 0.519014 0.798468
22.8396 21.3768 143.973 0.302123 0.519513 0.799267
20.9504 22.0558 144.235 0.292659 0.521233 0.801665
20.5534 22.2662 144.242 0.292018 0.521341 0.801829
19.7888 18.1923 147.174 0.292812 0.52334 0.800235
17.7926 18.9092 147.435 0.292756 0.52288 0.800557
15.8795 19.6157 147.672 0.290265 0.523096 0.801322
13.8922 20.4141 147.861 0.285442 0.525257 0.80164
13.8846 21.7181 147.013 0.284916 0.522998 0.803303
14.822 23.0567 145.816 0.288636 0.516878 0.805932
15.8077 24.3751 144.61 0.293975 0.518007 0.803273
16.7975 25.6497 143.425 0.293972 0.518561 0.802917
17.9111 27.0272 142.127 0.294011 0.518769 0.802768
19.0177 28.32 140.885 0.295261 0.519548 0.801805
20.1844 29.4681 139.711 0.295387 0.519648 0.801694
21.4067 30.6257 138.511 0.295835 0.518587 0.802215
22.6996 31.8571 137.241 0.298074 0.515148 0.803601
23.9534 33.0467 136.016 0.298265 0.513858 0.804355
25.2136 34.2436 134.782 0.300362 0.514202 0.803354
26.4359 35.419 133.563 0.306354 0.513783 0.801358
27.5706 36.5909 132.374 0.315612 0.511616 0.799148
28.7427 37.843 131.101 0.321828 0.509934 0.797743
29.8317 39.0627 129.875 0.326491 0.510777 0.795305
31.1474 40.0659 128.669 0.333254 0.517471 0.78814
32.5536 40.9469 127.497 0.333035 0.514577 0.790123
34.0638 41.8934 126.246 0.334754 0.509399 0.79275
35.4918 42.7533 125.089 0.335505 0.508782 0.792829
36.9406 43.6693 123.888 0.335506 0.508762 0.792841
38.3564 44.5585 122.719 0.335507 0.508765 0.792839
39.7556 45.4223 121.572 0.335508 0.508754 0.792845
41.1401 46.3072 120.414 0.338267 0.513763 0.78843
42.5965 47.1771 119.204 0.346351 0.513287 0.785225
44.368 47.4754 118.217 0.351187 0.516723 0.780811
46.1397 47.7229 117.257 0.351133 0.516845 0.780754
47.921 47.98 116.286 0.351098 0.516869 0.780754
49.7815 48.2469 115.272 0.35112 0.516858 0.780751
51.5489 48.5231 114.293 0.353896 0.516481 0.779747
53.3792 48.7896 113.281 0.354766 0.516822 0.779125
55.1872 48.7826 112.458 0.358699 0.520301 0.774998
57.0424 48.2149 111.973 0.362549 0.51978 0.773555
59.0079 47.5616 111.485 0.366279 0.5158 0.774461
60.9826 46.9405 110.964 0.366703 0.516663 0.773685
62.8515 46.4048 110.442 0.363947 0.52289 0.770797
64.7402 45.8164 109.951 0.363031 0.523224 0.771003
66.726 45.214 109.431 0.359627 0.526267 0.770527
68.5628 44.4987 109.059 0.361557 0.525873 0.769892
70.281 43.3029 109.066 0.364503 0.526171 0.768297
72.0766 42.0322 109.08 0.368778 0.526982 0.765698
73.7257 40.8633 109.09 0.368971 0.526952 0.765625
75.3911 39.6548 109.119 0.368998 0.52694 0.76562
77.163 38.4041 109.125 0.368973 0.526935 0.765636
78.8104 37.2478 109.127 0.368965 0.52691 0.765657
80.4879 36.0592 109.134 0.369795 0.524946 0.766605
82.2773 34.8795 109.073 0.375342 0.523051 0.765203
84.052 33.7927 108.938 0.378207 0.521392 0.764925
85.7429 32.6271 108.901 0.375841 0.52367 0.764534
87.3642 31.406 108.939 0.376975 0.523265 0.764254
88.9519 30.0807 109.061 0.379953 0.522637 0.763207
90.5488 28.7074 109.2 0.385379 0.523076 0.76018
92.2238 27.2663 109.341 0.387156 0.5233 0.759122
93.7732 25.9387 109.465 0.387517 0.523355 0.7589
95.3936 24.5226 109.613 0.387919 0.522807 0.759073
97.0065 23.1436 109.74 0.388328 0.524302 0.757832
98.525 21.7992 109.894 0.388115 0.526459 0.756443
99.2702 20.5451 110.385 0.386773 0.527022 0.756739
97.7921 19.7809 111.673 0.385099 0.530112 0.755434
96.3856 19.0404 112.911 0.383102 0.535994 0.752292
94.9495 18.2945 114.172 0.376665 0.534876 0.756325
93.5102 17.5546 115.389 0.372974 0.528123 0.762873
91.9473 16.9433 116.583 0.377256 0.525246 0.762754
90.4586 16.2581 117.787 0.373233 0.526281 0.764019
88.9063 15.6201 118.982 0.371475 0.526363 0.764819
87.2856 14.9787 120.202 0.36824 0.523371 0.768428
85.7496 14.3841 121.34 0.366459 0.522957 0.769561
84.1209 13.8838 122.46 0.3706 0.52124 0.768742
82.4417 13.3975 123.598 0.367965 0.520354 0.770606
80.7231 12.8927 124.746 0.364615 0.517359 0.774206
79.0228 12.4154 125.87 0.365372 0.515747 0.774925
77.3117 12.029 126.922 0.360768 0.513803 0.778366
75.5053 11.689 127.983 0.360292 0.51399 0.778463
73.7777 11.313 129.027 0.35743 0.511927 0.781137
71.9703 10.9789 130.068 0.357054 0.509624 0.782813
70.1291 10.7444 131.059 0.356909 0.507837 0.784039
68.354 10.5443 131.995 0.354616 0.50768 0.78518
66.4819 10.3828 132.94 0.352029 0.505278 0.787889
64.5993 10.2009 133.892 0.34869 0.506417 0.788642
62.735 10.0995 134.783 0.349721 0.506777 0.787954
60.8974 10.1014 135.598 0.350239 0.507469 0.787279
59.0241 10.1055 136.424 0.346826 0.507026 0.789073
57.1399 10.119 137.238 0.343049 0.506527 0.791042
55.19 10.195 138.035 0.341834 0.508037 0.790599
53.2072 10.3183 138.812 0.340808 0.508732 0.790596
51.2592 10.5046 139.528 0.338331 0.510492 0.790525
49.3178 10.7427 140.201 0.335938 0.510465 0.791563
47.3199 10.9301 140.927 0.333591 0.511669 0.791778
45.4206 11.2364 141.526 0.331726 0.512893 0.791769
43.43 11.58 142.135 0.33015 0.513143 0.792266
41.4232 11.9729 142.712 0.327947 0.512894 0.793341
39.4396 12.3591 143.283 0.32797 0.512455 0.793615
37.3969 12.8556 143.799 0.323565 0.513862 0.794513
35.3515 13.3359 144.317 0.321256 0.516043 0.794037
33.3538 13.8248 144.799 0.315905 0.516802 0.795688
31.3183 14.4032 145.235 0.318348 0.517951 0.793965
29.3689 15.0164 145.606 0.31132 0.520038 0.795387
27.4061 15.5985 145.991 0.310082 0.520692 0.795442
25.3879 16.2351 146.355 0.306073 0.519994 0.797449
23.4098 16.8377 146.714 0.301795 0.521425 0.798145
21.458 17.5686 146.971 0.293926 0.523071 0.800002
19.8341 18.1779 147.166 0.292812 0.52334 0.800235
24.5268 22.8817 142.354 0.303622 0.519869 0.798467
26.4444 22.5452 141.84 0.307865 0.518276 0.797878
28.4946 22.1815 141.286 0.305665 0.516756 0.799708
30.4811 21.8292 140.751 0.309488 0.515446 0.799082
32.5103 21.4619 140.193 0.312813 0.515998 0.797429
34.4764 21.1002 139.646 0.319849 0.514073 0.79588
36.4193 20.7377 139.099 0.320426 0.513497 0.79602
38.3454 20.3768 138.555 0.321443 0.513042 0.795903
40.2722 20.0138 138.01 0.322123 0.512597 0.795915
42.2834 19.6291 137.431 0.331637 0.51057 0.793307
44.2017 19.2509 136.864 0.335486 0.510467 0.791753
46.1256 18.8718 136.297 0.332945 0.512798 0.791319
48.018 18.4988 135.739 0.334536 0.513506 0.790188
50.0581 18.0932 135.135 0.337695 0.512732 0.789347
51.9624 17.7113 134.566 0.339202 0.513146 0.788431
53.8488 17.3301 134 0.343207 0.51211 0.787371
55.7946 16.9318 133.409 0.34385 0.51166 0.787383
57.5631 16.5705 132.874 0.344018 0.510668 0.787953
71.2486 17.6899 125.98 0.359378 0.520249 0.774718
69.231 18.1266 126.621 0.35576 0.517183 0.778432
67.356 18.5264 127.209 0.354298 0.516232 0.779729
65.4845 18.9279 127.802 0.360862 0.514625 0.777778
63.4316 19.3687 128.455 0.354209 0.510681 0.783416
61.3926 19.798 129.091 0.351769 0.511117 0.784231
59.4482 20.2047 129.695 0.348626 0.509966 0.786381
57.3975 20.6243 130.32 0.341617 0.51139 0.788529
55.4485 21.0183 130.907 0.34156 0.513339 0.787286
53.508 21.4087 131.49 0.340338 0.515341 0.786507
51.5935 21.7914 132.063 0.337963 0.517051 0.786409
49.4944 22.2088 132.689 0.3362 0.517147 0.787101
47.5897 22.5815 133.25 0.336411 0.514333 0.788853
45.5739 22.982 133.854 0.338846 0.51378 0.788171
43.6832 23.356 134.419 0.335956 0.51394 0.789303
41.6508 23.7527 135.019 0.331371 0.516278 0.789715
39.5561 24.1498 135.622 0.322358 0.516095 0.793556
37.5904 24.5178 136.182 0.322874 0.515653 0.793634
35.6086 24.8857 136.744 0.319464 0.514657 0.795657
33.7066 25.2344 137.277 0.314301 0.516429 0.796565
31.6702 25.6021 137.841 0.313655 0.516526 0.796756
29.7283 25.9491 138.375 0.308297 0.517585 0.798159
27.7686 26.2924 138.905 0.308372 0.515933 0.799199
27.6808 26.3079 138.929 0.309061 0.515175 0.799422
31.2137 29.6741 135.38 0.314935 0.517533 0.795597
33.1754 29.3212 134.831 0.316492 0.521065 0.792669
35.1203 28.9679 134.284 0.319806 0.520323 0.791826
37.0607 28.6098 133.731 0.322158 0.520194 0.790956
39.0821 28.2353 133.154 0.322693 0.520661 0.790431
41.0693 27.8584 132.576 0.33283 0.518579 0.787591
43.0418 27.477 131.993 0.33319 0.518199 0.787689
44.97 27.1005 131.418 0.337966 0.517504 0.786109
47.0196 26.6961 130.803 0.337993 0.517455 0.786131
49.0646 26.2905 130.188 0.34011 0.519357 0.78396
50.9607 25.9118 129.616 0.34024 0.520069 0.783431
52.9009 25.5232 129.03 0.340961 0.519425 0.783545
54.934 25.1154 128.416 0.33986 0.520065 0.783599
56.8314 24.7365 127.847 0.340524 0.520127 0.783269
58.9074 24.3081 127.205 0.35217 0.522485 0.776521
60.9018 23.8922 126.584 0.350232 0.521417 0.778114
62.8504 23.4855 125.977 0.35365 0.520544 0.777152
64.8018 23.071 125.36 0.356546 0.520925 0.775572
66.8134 22.6405 124.721 0.358872 0.521195 0.774317
68.681 22.2359 124.122 0.361194 0.520045 0.77401
70.5486 21.8313 123.524 0.359558 0.520144 0.774705
72.4268 21.4269 122.928 0.356315 0.518007 0.77763
74.3225 21.0216 122.331 0.357369 0.516649 0.77805
76.2039 20.6072 121.723 0.368116 0.518839 0.771555
78.1801 20.1656 121.077 0.368273 0.519121 0.77129
79.7819 19.8047 120.55 0.372815 0.519765 0.76867
86.3196 22.3123 115.671 0.374261 0.52175 0.76662
84.4407 22.7415 116.297 0.375051 0.521592 0.766341
82.5218 23.1793 116.938 0.373587 0.521766 0.766937
80.6463 23.6024 117.559 0.370808 0.522207 0.767985
78.7582 24.0257 118.182 0.370205 0.52247 0.768097
76.802 24.4619 118.826 0.368779 0.522838 0.768533
74.8596 24.8931 119.462 0.366207 0.524572 0.768581
72.8506 25.3315 120.111 0.358947 0.525119 0.771626
70.9444 25.7372 120.713 0.35588 0.52419 0.773676
68.9555 26.1645 121.348 0.360542 0.521926 0.773048
67.022 26.5804 121.968 0.359815 0.521655 0.773569
65.1261 26.9863 122.574 0.358401 0.521827 0.774109
63.1733 27.4032 123.196 0.357972 0.52207 0.774144
61.2235 27.8131 123.811 0.350224 0.522594 0.777328
59.2786 28.2159 124.416 0.350172 0.522765 0.777236
57.3946 28.6052 125.002 0.350186 0.523014 0.777063
55.3752 29.0195 125.627 0.34452 0.523459 0.779293
53.4821 29.3971 126.199 0.339063 0.522322 0.782442
51.4121 29.8077 126.822 0.339043 0.522309 0.78246
49.4395 30.2005 127.42 0.343509 0.520784 0.781527
47.5018 30.5895 128.012 0.343672 0.520745 0.781482
45.6114 30.9675 128.591 0.343918 0.519866 0.781959
43.7248 31.3389 129.162 0.334667 0.517535 0.787499
41.7911 31.7069 129.729 0.327502 0.522337 0.787341
39.8545 32.0713 130.292 0.327356 0.522456 0.787323
37.956 32.4276 130.845 0.327366 0.522452 0.787322
36.0279 32.7859 131.403 0.32262 0.520947 0.790273
34.519 33.0607 131.833 0.31741 0.521397 0.792083
38.952 36.2222 127.907 0.327909 0.523478 0.786414
40.974 35.8442 127.316 0.327574 0.523891 0.786278
42.8719 35.4878 126.763 0.327584 0.523903 0.786266
44.904 35.0967 126.157 0.343007 0.519453 0.782633
46.82 34.714 125.567 0.344683 0.518984 0.782208
48.7061 34.3364 124.987 0.344329 0.51981 0.781815
50.6251 33.9521 124.399 0.342832 0.520995 0.781685
52.5138 33.5754 123.822 0.344284 0.525693 0.777892
54.4313 33.1879 123.231 0.345785 0.525433 0.777401
56.4661 32.7759 122.605 0.345821 0.525416 0.777397
58.4258 32.3759 121.999 0.349176 0.523891 0.776926
60.321 31.9852 121.408 0.35066 0.523306 0.776652
62.213 31.5887 120.811 0.35714 0.523228 0.773746
64.1856 31.1709 120.182 0.357949 0.523897 0.77292
66.1363 30.7556 119.557 0.359581 0.524695 0.77162
68.0743 30.3407 118.936 0.359735 0.524542 0.771652
69.9952 29.9287 118.32 0.360385 0.523321 0.772177
71.8952 29.5203 117.71 0.361718 0.525042 0.770383
73.792 29.1067 117.093 0.365703 0.524754 0.768697
75.7695 28.6733 116.448 0.365683 0.524832 0.768653
77.6836 28.2531 115.823 0.367737 0.523237 0.76876
79.6045 27.8256 115.188 0.371966 0.522831 0.767
81.5112 27.397 114.553 0.373201 0.523085 0.766227
83.4122 26.9686 113.918 0.37371 0.523023 0.766021
83.6709 26.9102 113.832 0.373698 0.523034 0.766019
75.0226 32.8231 113.978 0.366086 0.523396 0.76944
73.1 33.2426 114.606 0.365132 0.524192 0.769351
71.2295 33.6462 115.213 0.362414 0.525029 0.770065
69.3528 34.0493 115.818 0.359692 0.524713 0.771555
67.4826 34.4487 116.419 0.359632 0.524669 0.771614
65.539 34.8622 117.043 0.359585 0.524681 0.771628
63.5777 35.2799 117.673 0.359581 0.524696 0.771619
61.6949 35.6801 118.278 0.359545 0.524693 0.771637
59.7287 36.0946 118.906 0.351707 0.52415 0.775608
57.6928 36.5101 119.538 0.346798 0.523005 0.778587
55.6612 36.9233 120.169 0.348251 0.520435 0.77966
53.6591 37.3306 120.791 0.348327 0.520419 0.779636
51.7285 37.7222 121.392 0.347747 0.520796 0.779643
49.8062 38.11 121.99 0.347408 0.520802 0.77979
47.837 38.5064 122.601 0.346377 0.519669 0.781004
45.861 38.901 123.212 0.344766 0.518949 0.782194
43.8333 39.2953 123.825 0.328293 0.523724 0.78609
43.7809 39.3051 123.841 0.32823 0.523681 0.786145
51.519 41.7615 118.789 0.347983 0.518757 0.780897
53.5148 41.3585 118.168 0.34791 0.519555 0.780398
55.3939 40.9782 117.584 0.347603 0.519448 0.780606
57.3262 40.5863 116.983 0.350417 0.519396 0.779381
59.2405 40.1831 116.367 0.363363 0.523179 0.770877
61.1513 39.7742 115.744 0.362603 0.523737 0.770856
63.0426 39.3722 115.134 0.359106 0.526136 0.770859
65.0314 38.9505 114.495 0.359088 0.526147 0.77086
66.8266 38.5696 113.919 0.359112 0.526133 0.770858
66.925 38.5487 113.887 0.359116 0.526135 0.770855
