70.2909 21.858 -129.823 0.446057 0.538081 -0.715193
71.7541 22.4048 -128.499 0.445966 0.538308 -0.71508
73.2645 22.9201 -127.168 0.447387 0.537249 -0.714988
74.9446 23.1078 -125.973 0.450475 0.533305 -0.716002
76.6165 23.2052 -124.848 0.452863 0.529597 -0.717247
78.269 23.3019 -123.722 0.458283 0.527618 -0.715259
79.9421 23.3661 -122.602 0.45858 0.528111 -0.714705
81.6525 23.3769 -121.491 0.462385 0.52903 -0.711567
83.4631 23.0568 -120.549 0.464032 0.528903 -0.710589
85.3804 22.6422 -119.603 0.465398 0.529744 -0.709067
87.2246 22.1101 -118.791 0.465013 0.530605 -0.708676
87.5994 21.5741 -118.947 0.46495 0.531328 -0.708175
85.8445 21.3778 -120.245 0.464676 0.530993 -0.708607
84.1976 21.2231 -121.44 0.46309 0.531212 -0.70948
82.5383 21.1103 -122.604 0.460773 0.530722 -0.711353
80.7058 21.135 -123.767 0.457758 0.531019 -0.713076
78.9031 21.1558 -124.909 0.457833 0.531095 -0.712971
77.2017 21.2138 -125.958 0.456784 0.531551 -0.713304
75.5071 21.2326 -127.02 0.450587 0.534597 -0.714967
73.7672 21.3719 -128.012 0.450382 0.534593 -0.715099
71.9262 21.567 -129.022 0.446705 0.536994 -0.715606
70.3014 21.6872 -129.945 0.445913 0.538167 -0.715219
70.9317 19.4693 -131.221 0.447342 0.538336 -0.714198
69.1842 19.6139 -132.203 0.444521 0.541897 -0.713266
67.3597 19.9002 -133.108 0.436074 0.544267 -0.716668
65.4638 20.2301 -134.007 0.433964 0.541729 -0.719865
63.6707 20.539 -134.856 0.434921 0.538832 -0.721459
64.2021 21.3099 -133.961 0.436546 0.536132 -0.722488
65.4935 22.1479 -132.559 0.436716 0.535513 -0.722845
66.7492 22.9876 -131.176 0.440931 0.534055 -0.721363
68.0561 23.7516 -129.803 0.448002 0.534767 -0.716463
69.5207 24.2923 -128.478 0.449188 0.535729 -0.714999
70.9996 24.8151 -127.159 0.447444 0.536685 -0.715376
72.5295 25.2819 -125.854 0.444844 0.535991 -0.717514
74.197 25.3892 -124.748 0.44274 0.53475 -0.719739
75.9055 25.522 -123.591 0.45033 0.528211 -0.719858
77.6247 25.5931 -122.445 0.459178 0.528034 -0.714378
79.3208 25.6515 -121.309 0.459821 0.529115 -0.713164
81.144 25.6896 -120.103 0.461866 0.529049 -0.71189
82.9277 25.3328 -119.205 0.464626 0.529045 -0.710095
84.7696 24.9132 -118.312 0.464705 0.528996 -0.710079
86.5479 24.4717 -117.475 0.465613 0.528278 -0.710019
88.3316 23.8677 -116.756 0.465233 0.527915 -0.710538
90.1251 23.2408 -116.047 0.465976 0.527182 -0.710595
91.9015 22.4851 -115.435 0.468922 0.525232 -0.710101
93.7759 21.6385 -114.823 0.468567 0.526408 -0.709464
95.6213 20.818 -114.211 0.469534 0.528367 -0.707366
94.9404 20.2994 -115.052 0.468761 0.530548 -0.706245
93.2914 19.9574 -116.404 0.468451 0.531737 -0.705556
91.6425 19.6289 -117.745 0.46717 0.532444 -0.705872
89.9259 19.4004 -119.051 0.465199 0.532952 -0.70679
88.1811 19.2299 -120.324 0.464359 0.53176 -0.708239
86.5596 19.0879 -121.493 0.464256 0.531454 -0.708536
84.9267 18.9477 -122.668 0.464137 0.531781 -0.708368
83.1485 18.8403 -123.908 0.459629 0.535215 -0.708721
81.3896 18.8738 -125.02 0.457968 0.534817 -0.710096
79.6388 18.9025 -126.126 0.456724 0.536349 -0.709741
77.9257 18.9265 -127.208 0.455739 0.537607 -0.709422
76.2228 18.9467 -128.286 0.45087 0.540349 -0.710449
74.4615 19.1033 -129.279 0.447904 0.541019 -0.711815
72.5507 19.2917 -130.338 0.447778 0.53937 -0.713145
71.2016 19.4422 -131.073 0.447931 0.53805 -0.714045
70.9533 19.4674 -131.209 0.447643 0.538196 -0.714115
