-66.3287 3.10927 -115.42 -0.445337 0.715611 -0.538024
-66.3181 3.07796 -115.471 -0.438917 0.722638 -0.53399
-65.8734 3.1633 -115.727 -0.447347 0.711553 -0.541824
-64.1503 3.39123 -116.749 -0.39958 0.731338 -0.552694
-62.2706 3.68063 -117.738 -0.407365 0.722128 -0.559091
-60.4975 3.98671 -118.623 -0.404768 0.719446 -0.564396
-58.6914 4.22378 -119.538 -0.373747 0.711739 -0.594761
-56.8984 4.36177 -120.483 -0.364533 0.715252 -0.596261
-55.0414 4.51403 -121.3 -0.314375 0.727604 -0.609722
-53.1053 4.67843 -122.102 -0.314821 0.727423 -0.609708
-51.1689 4.81401 -122.941 -0.315326 0.725516 -0.611714
-49.2785 4.85991 -123.782 -0.271941 0.732782 -0.623762
-47.3543 4.94794 -124.539 -0.278385 0.735527 -0.617659
-45.3757 4.99097 -125.272 -0.222566 0.740585 -0.634031
-43.3194 4.96266 -126.006 -0.200197 0.73052 -0.652839
-41.3815 4.75095 -126.668 -0.13536 0.718518 -0.68221
-39.4312 4.56118 -127.246 -0.128744 0.722841 -0.678915
-37.5008 4.33644 -127.866 -0.132756 0.725558 -0.675233
-35.5615 4.08788 -128.463 -0.0877889 0.735971 -0.671297
-33.5857 3.82752 -129.005 -0.0861501 0.736971 -0.670411
-31.5903 3.60959 -129.469 -0.0516217 0.738701 -0.672047
-29.555 3.19076 -130.014 -0.0206647 0.730248 -0.68287
-31.0588 3.13236 -130.024 -0.0350844 0.734379 -0.677804
-33.0693 3.01183 -129.967 -0.0822621 0.736417 -0.671506
-35.1163 3.07383 -129.636 -0.0881285 0.736048 -0.671168
-37.1782 3.1132 -129.242 -0.13221 0.725497 -0.675407
-39.1888 3.10887 -128.846 -0.136687 0.722809 -0.677395
-41.3851 3.12911 -128.379 -0.137039 0.720297 -0.679994
-43.4145 3.11949 -127.984 -0.135654 0.718844 -0.681807
-45.3993 3.04383 -127.533 -0.214439 0.738028 -0.639761
-47.3295 3.01861 -126.843 -0.270975 0.737417 -0.6187
-49.2107 2.99976 -126.023 -0.276132 0.73669 -0.617283
-51.0909 2.99458 -125.215 -0.270427 0.748773 -0.605142
-53.0099 2.91451 -124.364 -0.300954 0.757598 -0.5792
-54.7719 2.9527 -123.399 -0.300517 0.757357 -0.579741
-56.5815 3.02287 -122.342 -0.3297 0.750462 -0.572804
-58.3386 3.02134 -121.275 -0.351708 0.746125 -0.565331
-60.1647 2.98453 -120.172 -0.370756 0.748327 -0.550042
-61.8158 2.98063 -119.002 -0.395829 0.741916 -0.541181
-63.5063 3.05966 -117.66 -0.399141 0.737874 -0.544268
-65.2144 3.03824 -116.418 -0.427359 0.721007 -0.545448
-65.7913 3.08668 -115.895 -0.447353 0.711547 -0.541826
-67.3031 1.0607 -117.442 -0.426355 0.728021 -0.536848
-65.6514 1.06635 -118.746 -0.426375 0.727819 -0.537107
-63.9167 1.04395 -120.136 -0.409447 0.735799 -0.539381
-62.3206 1.01252 -121.352 -0.391324 0.744604 -0.540767
-60.4809 1.05886 -122.532 -0.350481 0.745919 -0.566364
-58.7302 1.0542 -123.61 -0.348129 0.74355 -0.570911
-57.0015 1.05886 -124.657 -0.345173 0.74383 -0.57234
-55.2261 0.999798 -125.718 -0.302522 0.757923 -0.577957
-53.2825 1.03845 -126.67 -0.277662 0.762163 -0.584722
-51.3026 1.04955 -127.504 -0.254975 0.747202 -0.613741
-49.4613 1.0369 -128.285 -0.256156 0.746012 -0.614694
-47.5679 1.055 -129.067 -0.253429 0.742243 -0.620363
-45.5525 1.07388 -129.702 -0.150063 0.724185 -0.67308
-43.5891 1.0863 -130.099 -0.138755 0.721417 -0.678457
-41.6292 1.08713 -130.499 -0.138717 0.721638 -0.67823
-39.6673 1.07388 -130.915 -0.138709 0.721602 -0.67827
-37.7079 1.07897 -131.31 -0.138697 0.721615 -0.678258
-35.7389 1.07395 -131.711 -0.126333 0.72623 -0.675742
-33.718 1.04949 -132.044 -0.0864673 0.737412 -0.669886
-31.7221 1.05868 -132.226 -0.0257288 0.73262 -0.680151
-29.7057 1.07406 -132.271 -0.0192306 0.729812 -0.683377
-27.5828 1.09572 -132.247 0.0136985 0.713152 -0.700876
-25.56 1.10265 -132.189 0.0179457 0.710051 -0.703922
-23.536 1.0973 -132.133 0.0519995 0.713394 -0.698639
-21.4633 1.10498 -131.82 0.126233 0.697676 -0.705204
-19.372 1.10993 -131.44 0.126233 0.697662 -0.705218
-17.372 1.12875 -131.061 0.129868 0.695513 -0.70668
-15.3289 1.13864 -130.65 0.146759 0.68845 -0.710281
-15.0068 1.45996 -130.269 0.162001 0.692997 -0.702503
-16.9127 2.09888 -130.021 0.126725 0.695564 -0.7072
-18.8586 2.74749 -129.729 0.126128 0.69761 -0.705288
-20.7747 3.38712 -129.439 0.126177 0.697738 -0.705153
-22.7097 4.01178 -129.113 0.0793912 0.711555 -0.69813
-24.6619 4.43761 -128.794 0.0109645 0.719389 -0.694505
-26.7102 4.77572 -128.405 -0.0203699 0.730108 -0.683028
-28.7297 5.16722 -127.926 -0.0204924 0.730103 -0.683029
-30.7238 5.51237 -127.461 -0.0554449 0.740575 -0.669683
-32.6594 5.75372 -127.003 -0.0776224 0.738669 -0.669565
-34.601 6.02142 -126.461 -0.086407 0.737161 -0.67017
-36.5103 6.28727 -125.92 -0.092481 0.733451 -0.673422
-38.5022 6.55328 -125.298 -0.123275 0.723138 -0.679614
-40.4286 6.74758 -124.746 -0.129618 0.721074 -0.680623
-42.3988 6.92752 -124.05 -0.220681 0.740256 -0.635076
-44.3998 6.94305 -123.337 -0.220664 0.740254 -0.635084
-46.3615 6.92646 -122.627 -0.263164 0.731001 -0.629589
-48.3952 6.85252 -121.865 -0.258005 0.724499 -0.639167
-50.3555 6.7914 -121.021 -0.318104 0.724257 -0.611769
-52.3112 6.65029 -120.165 -0.318499 0.724931 -0.610764
-54.1759 6.50765 -119.369 -0.314448 0.727328 -0.610014
-56.102 6.39784 -118.504 -0.323346 0.723591 -0.609806
-57.9853 6.22302 -117.573 -0.394359 0.718115 -0.573376
-59.7729 5.94782 -116.659 -0.402012 0.718454 -0.567636
-61.5434 5.68727 -115.728 -0.406908 0.715592 -0.567762
-63.4339 5.42945 -114.731 -0.388735 0.708055 -0.589528
-65.2502 5.19156 -113.708 -0.448139 0.694165 -0.563294
-66.9437 4.90032 -112.685 -0.45833 0.696705 -0.551814
-68.6353 4.61143 -111.642 -0.458338 0.703962 -0.542553
-70.4681 4.31703 -110.501 -0.441046 0.702385 -0.558689
-72.2418 4.03541 -109.389 -0.487468 0.694425 -0.529261
-73.9813 3.58015 -108.191 -0.5299 0.70258 -0.47496
-75.6416 3.11703 -107.021 -0.530337 0.702623 -0.474408
-77.2381 2.68067 -105.886 -0.52082 0.703941 -0.48288
-78.9095 2.2655 -104.659 -0.610189 0.649237 -0.454049
-80.4353 1.62671 -103.436 -0.624 0.651459 -0.431537
-80.8387 1.18421 -103.521 -0.624005 0.651461 -0.431528
-79.6708 1.18629 -105.206 -0.623845 0.6511 -0.432303
-78.327 1.12086 -106.977 -0.529084 0.700518 -0.478879
-76.9656 1.09126 -108.541 -0.530368 0.702604 -0.474402
-75.5921 1.08306 -110.087 -0.52205 0.707601 -0.476144
-74.1131 1.10657 -111.477 -0.475998 0.697411 -0.535756
-72.6201 1.08903 -112.878 -0.477924 0.71509 -0.510133
-71.0315 1.08024 -114.333 -0.453651 0.720153 -0.524957
-69.4157 1.09072 -115.679 -0.435758 0.730821 -0.525366
-67.7676 1.07669 -117.048 -0.428179 0.730794 -0.531602
-67.4668 1.06756 -117.302 -0.427437 0.729604 -0.533829
-67.3488 1.06316 -117.402 -0.426989 0.728353 -0.535893
