46.9648 21.8385 139.364 0.332398 0.509295 0.793807
48.8826 21.6046 138.705 0.335252 0.509864 0.79224
50.8035 21.3945 138.022 0.339003 0.508883 0.791275
52.8478 21.2372 137.245 0.340598 0.51074 0.78939
54.8418 21.0725 136.49 0.341517 0.510772 0.788973
56.7171 21.0135 135.713 0.344276 0.510221 0.78813
58.6807 21.0353 134.838 0.345719 0.510546 0.787288
60.5366 21.0606 134.005 0.347081 0.509516 0.787355
62.3925 21.0716 133.179 0.347784 0.509698 0.786927
64.2418 21.1631 132.295 0.351911 0.509919 0.784946
66.0667 21.299 131.384 0.355701 0.510163 0.783077
67.8248 21.521 130.44 0.355976 0.510418 0.782787
69.7522 21.7079 129.441 0.356614 0.511012 0.782108
71.2656 21.8996 128.619 0.360924 0.513889 0.778236
69.4263 22.4339 129.115 0.356826 0.512208 0.781228
67.4864 22.9709 129.649 0.356601 0.5096 0.783035
65.4958 23.5517 130.178 0.356829 0.508124 0.783889
63.5786 24.0093 130.747 0.351159 0.508383 0.786278
61.7089 24.2392 131.431 0.349012 0.508861 0.786925
59.8441 24.2376 132.253 0.34598 0.508859 0.788264
57.9026 24.1149 133.184 0.345978 0.509036 0.788151
56.0912 23.9892 134.06 0.345673 0.509108 0.788238
54.2126 23.807 134.996 0.341855 0.507069 0.791211
52.394 23.5447 135.95 0.34215 0.506827 0.791239
50.5754 23.216 136.947 0.341601 0.50876 0.790235
48.8836 22.7392 137.976 0.335577 0.508906 0.792719
47.2678 22.0243 139.118 0.333932 0.509185 0.793234
47.1026 21.9408 139.241 0.332416 0.509307 0.793792
45.1568 24.9582 138.132 0.33273 0.506477 0.795469
43.6141 24.2647 139.217 0.33176 0.505454 0.796525
42.0624 23.5214 140.332 0.327196 0.506622 0.79767
40.5444 22.7639 141.435 0.326071 0.507513 0.797564
39.0366 21.9863 142.547 0.323251 0.510028 0.797107
37.5555 21.0255 143.76 0.322305 0.510542 0.797161
38.5478 20.2376 143.865 0.32158 0.512302 0.796325
40.5664 19.789 143.336 0.32554 0.514066 0.793574
42.4835 19.479 142.74 0.329332 0.512608 0.792953
44.44 19.1652 142.131 0.328944 0.511235 0.793999
46.3633 18.8557 141.533 0.329885 0.513873 0.791903
48.2668 18.5183 140.954 0.332288 0.513811 0.790938
50.1575 18.3138 140.286 0.337814 0.512361 0.789537
52.1583 18.1569 139.531 0.338424 0.512674 0.789072
54.053 18.0119 138.812 0.338497 0.513005 0.788826
56.0434 17.8914 138.032 0.342315 0.513203 0.787047
57.9555 17.8066 137.253 0.34424 0.513258 0.786171
59.9538 17.8521 136.344 0.3464 0.513089 0.785332
61.7982 17.8662 135.521 0.346308 0.512749 0.785595
63.7334 17.9075 134.64 0.347307 0.512178 0.785526
65.605 17.975 133.762 0.350841 0.514231 0.78261
67.4168 18.143 132.836 0.352949 0.513909 0.781872
69.214 18.3902 131.86 0.353675 0.515306 0.780624
71.0121 18.55 130.938 0.354259 0.515889 0.779974
72.8289 18.7529 129.977 0.356053 0.519118 0.777009
74.5369 19.1383 128.927 0.36048 0.51902 0.775031
76.295 19.4782 127.881 0.361311 0.518387 0.775067
78.029 19.8339 126.837 0.361909 0.517483 0.775393
79.7726 20.1789 125.789 0.364809 0.518014 0.773677
81.0213 20.8307 124.763 0.366451 0.516547 0.773882
79.1677 21.9395 124.901 0.36549 0.514315 0.77582
77.3131 22.8041 125.197 0.36281 0.516152 0.775858
75.3838 23.6093 125.564 0.36322 0.516586 0.775377
73.5031 24.4105 125.911 0.363709 0.516649 0.775106
71.5816 24.9624 126.449 0.366319 0.513877 0.77572
69.6803 25.4946 126.993 0.364146 0.512172 0.777867
67.8129 26.0004 127.532 0.361639 0.508807 0.781237
65.814 26.5645 128.082 0.355999 0.508112 0.784275
63.7216 27.0747 128.698 0.354592 0.508663 0.784555
61.8021 27.3833 129.358 0.348691 0.508644 0.787207
59.9421 27.4472 130.137 0.347153 0.508875 0.787738
58.1204 27.3522 130.999 0.345808 0.508939 0.788288
56.2082 27.1967 131.937 0.345466 0.509183 0.788281
54.348 27.0294 132.861 0.345445 0.509187 0.788287
52.5049 26.859 133.778 0.345339 0.509005 0.788451
50.6428 26.6127 134.745 0.342157 0.505898 0.791831
48.7548 26.2953 135.76 0.339669 0.50653 0.792497
47.0319 25.7403 136.848 0.335568 0.505509 0.794893
45.3368 25.0317 138.01 0.332713 0.50651 0.795456
45.3004 25.0158 138.036 0.332707 0.506491 0.79547
