18.9819 31.2761 1.11245 0.53924 0.841541 0.0320618
19.0138 31.273 0.564134 0.542094 0.839945 0.0249903
19.1246 31.2149 -0.0889672 0.54116 0.84081 0.0135862
19.5695 30.9297 -0.341064 0.545491 0.838088 0.00693382
20.0029 30.6491 -0.52943 0.543398 0.839424 0.00923818
20.4101 30.3878 -0.699676 0.542233 0.840164 0.0103537
20.9343 30.0544 -0.919969 0.540693 0.84109 0.0148083
21.3783 29.7705 -1.13623 0.540482 0.841327 0.00688786
21.789 29.5078 -1.35694 0.542085 0.840321 0.00203832
22.3309 29.1586 -1.65418 0.546289 0.837588 0.00310102
22.7023 28.9164 -1.8977 0.543056 0.839693 0.00208632
23.0701 28.6794 -2.16278 0.538969 0.842219 -0.0131627
23.4587 28.4221 -2.4778 0.543807 0.839079 -0.0148466
23.9124 28.1212 -2.86693 0.544609 0.838502 -0.0175208
24.3037 27.8583 -3.22557 0.545007 0.838162 -0.021235
24.6768 27.6063 -3.58016 0.545643 0.837615 -0.0257336
25.0102 27.3771 -3.9063 0.546231 0.837136 -0.0288784
25.4306 27.09 -4.26181 0.544493 0.837963 -0.0366667
25.8755 26.7848 -4.60322 0.548915 0.834985 -0.0385741
26.3537 26.4545 -4.91659 0.547564 0.835424 -0.0473345
26.7415 26.1898 -5.12633 0.543097 0.83819 -0.0498287
27.1299 25.9245 -5.35215 0.54114 0.839135 -0.0549595
27.5835 25.6126 -5.59225 0.542588 0.837249 -0.0678625
28.0149 25.3144 -5.84197 0.542286 0.83747 -0.0675757
28.4458 25.0205 -6.04196 0.539525 0.839146 -0.0688944
28.914 24.6974 -6.3063 0.538087 0.839972 -0.0700479
29.4153 24.3526 -6.58106 0.541038 0.83765 -0.0749731
29.836 24.0595 -6.84329 0.537511 0.839503 -0.0794677
30.3149 23.7239 -7.11388 0.541716 0.836393 -0.0836063
30.7887 23.3884 -7.35892 0.548382 0.831396 -0.089762
31.1664 23.1187 -7.57603 0.541012 0.835291 -0.0979595
31.6819 22.7427 -7.90929 0.540488 0.834486 -0.10726
32.1568 22.3966 -8.19353 0.542028 0.832796 -0.112503
32.5352 22.1232 -8.39491 0.541284 0.832825 -0.115818
32.977 21.8033 -8.62968 0.541995 0.83238 -0.11569
33.4311 21.4726 -8.87173 0.542003 0.832068 -0.117868
33.9377 21.102 -9.16992 0.53991 0.833535 -0.117099
34.3744 20.7835 -9.42687 0.53838 0.834477 -0.117451
34.7869 20.4885 -9.62848 0.53949 0.833531 -0.119058
35.2772 20.1301 -9.901 0.543094 0.830374 -0.124608
35.6538 19.8498 -10.1287 0.542078 0.83062 -0.127365
36.0611 19.5469 -10.3691 0.539784 0.831325 -0.132406
36.4332 19.2742 -10.5702 0.537976 0.831125 -0.140759
36.9341 18.9002 -10.842 0.543923 0.82655 -0.144761
37.35 18.588 -11.0706 0.544209 0.825247 -0.151013
37.7222 18.3034 -11.2897 0.539653 0.827758 -0.153543
38.1344 17.9917 -11.5252 0.536792 0.829569 -0.153848
38.5271 17.6977 -11.753 0.528223 0.83567 -0.150451
38.9821 17.3616 -12.0253 0.524351 0.837806 -0.152108
39.385 17.0695 -12.253 0.520948 0.840401 -0.149465
39.8113 16.7645 -12.4829 0.520632 0.840621 -0.149326
40.2242 16.4674 -12.7161 0.52066 0.840635 -0.149152
40.5952 16.1979 -12.9346 0.520393 0.840178 -0.152618
40.9725 15.9192 -13.1791 0.524232 0.837662 -0.153306
41.3325 15.6501 -13.4123 0.517986 0.840103 -0.160989
41.7141 15.3688 -13.6373 0.524971 0.83426 -0.168568
42.0824 15.0954 -13.8456 0.522583 0.835703 -0.168842
42.4657 14.8153 -14.0431 0.518673 0.837122 -0.173795
42.8536 14.5301 -14.2458 0.522469 0.832813 -0.182893
43.2599 14.2256 -14.4767 0.514107 0.836656 -0.188948
43.6464 13.9373 -14.6978 0.50992 0.837223 -0.197583
44.0134 13.6669 -14.9082 0.505404 0.840766 -0.194108
44.4846 13.3268 -15.1783 0.499333 0.844607 -0.193099
44.9622 12.9816 -15.4338 0.509248 0.840478 -0.185028
45.4966 12.5948 -15.7133 0.50747 0.840752 -0.188705
45.9203 12.2845 -15.9704 0.503317 0.843274 -0.188525
46.3119 11.9956 -16.2029 0.509333 0.838114 -0.195293
46.7547 11.6708 -16.4479 0.502027 0.84267 -0.194617
47.1367 11.3947 -16.6581 0.497198 0.844819 -0.197674
47.5664 11.0826 -16.9206 0.492619 0.846451 -0.202096
48.018 10.7585 -17.1679 0.495962 0.844288 -0.202977
48.4009 10.4855 -17.3632 0.496485 0.843422 -0.205288
48.7886 10.2059 -17.5681 0.496225 0.841948 -0.211853
49.175 9.91737 -17.8107 0.496897 0.840221 -0.217076
49.5559 9.63408 -18.0332 0.496391 0.841362 -0.213746
49.9115 9.36393 -18.2742 0.491808 0.843565 -0.215679
50.3322 9.05708 -18.5186 0.486277 0.846326 -0.217408
50.7619 8.74553 -18.7737 0.483542 0.847768 -0.217891
51.161 8.46335 -18.977 0.491111 0.843328 -0.218191
51.5537 8.18524 -19.1786 0.484663 0.846772 -0.219255
51.992 7.87418 -19.4094 0.486768 0.845849 -0.218116
52.5025 7.51173 -19.6787 0.484164 0.846391 -0.221828
52.9438 7.19982 -19.9067 0.482315 0.846914 -0.223845
53.3414 6.92176 -20.1051 0.480829 0.848481 -0.221084
53.8542 6.5576 -20.3932 0.476522 0.850557 -0.222441
54.2536 6.27345 -20.6259 0.475426 0.850876 -0.223557
54.7451 5.91739 -20.9278 0.480104 0.847942 -0.224711
55.1613 5.60737 -21.1991 0.482889 0.845382 -0.228354
55.6194 5.31141 -21.3213 0.483573 0.843491 -0.233838
55.8765 5.28863 -20.8633 0.483164 0.845476 -0.22742
56.1251 5.28056 -20.3568 0.488697 0.844663 -0.21845
56.3582 5.26407 -19.8932 0.490514 0.846183 -0.208254
56.5887 5.25298 -19.3921 0.490563 0.847228 -0.203843
56.8047 5.26962 -18.7904 0.502642 0.840555 -0.202026
56.963 5.28877 -18.3093 0.508218 0.839241 -0.193279
57.1607 5.28037 -17.811 0.511313 0.838807 -0.186979
57.3458 5.27602 -17.3212 0.513947 0.838082 -0.182967
57.5532 5.26963 -16.7558 0.513312 0.840321 -0.174273
57.7587 5.26204 -16.1818 0.512793 0.841361 -0.170747
57.9383 5.25692 -15.6525 0.508281 0.846127 -0.160373
58.0929 5.25361 -15.1707 0.509998 0.846385 -0.15341
58.2525 5.24862 -14.664 0.508906 0.847517 -0.150763
58.3943 5.25783 -14.1291 0.512066 0.845969 -0.148742
58.5171 5.26918 -13.6396 0.508292 0.849256 -0.142836
58.6722 5.2699 -13.0345 0.517963 0.846321 -0.124319
58.8271 5.27304 -12.3629 0.517829 0.846597 -0.12298
58.9745 5.26416 -11.7994 0.521761 0.844247 -0.122524
59.0941 5.26261 -11.3049 0.524118 0.842476 -0.124637
59.2075 5.2735 -10.7582 0.526571 0.841031 -0.124053
59.3673 5.2753 -10.0638 0.526026 0.841648 -0.122171
59.46 5.28991 -9.5568 0.524118 0.843607 -0.116739
59.5756 5.3083 -8.89335 0.528064 0.841316 -0.115476
59.6727 5.31215 -8.37364 0.530119 0.842147 -0.0987299
59.7568 5.31476 -7.87082 0.532792 0.841166 -0.0925901
59.8541 5.31275 -7.3011 0.539442 0.8378 -0.0842243
59.9291 5.31889 -6.75881 0.536513 0.840419 -0.0764868
60.0091 5.32362 -6.12853 0.539122 0.839062 -0.072937
60.0841 5.32011 -5.5957 0.539131 0.839787 -0.0639011
60.1473 5.32832 -4.93946 0.542112 0.837813 -0.0646828
60.1845 5.33865 -4.41428 0.543246 0.83817 -0.0485241
60.2384 5.33547 -3.71067 0.540212 0.840945 -0.031351
60.3009 5.31699 -3.0929 0.538165 0.8424 -0.0271969
60.3315 5.3155 -2.53273 0.538423 0.84223 -0.0273821
60.3633 5.31368 -1.97664 0.536953 0.84319 -0.0266384
60.3952 5.31041 -1.29329 0.53628 0.843926 -0.0139012
60.4253 5.29825 -0.762415 0.53835 0.842677 -0.0086966
60.462 5.27812 -0.0651249 0.537443 0.843298 -0.000402952
60.4679 5.27334 0.482816 0.535076 0.844801 0.00177375
60.4712 5.26965 0.984713 0.534679 0.845041 0.00494019
60.4288 5.28578 1.7092 0.53346 0.845669 0.0159472
60.42 5.27986 2.22572 0.534412 0.845007 0.0191643
60.4162 5.26996 2.76088 0.533771 0.845406 0.0194329
60.414 5.25777 3.33266 0.533536 0.84553 0.0204674
60.3912 5.25878 3.85809 0.533225 0.845695 0.0216832
60.3529 5.26753 4.37328 0.527907 0.848911 0.025766
60.3138 5.27227 4.99053 0.530478 0.847283 0.0265214
60.2789 5.27378 5.60367 0.530597 0.84714 0.0286663
60.2301 5.28144 6.15332 0.524742 0.850207 0.0419917
60.1367 5.29908 6.81859 0.523763 0.850026 0.0559371
60.0507 5.30848 7.40246 0.52057 0.851132 0.067688
59.9781 5.31104 7.95165 0.527284 0.846163 0.0769768
59.9184 5.29577 8.47213 0.52517 0.846737 0.0850528
59.8311 5.29521 8.9805 0.51634 0.85068 0.0986735
59.7411 5.29015 9.51373 0.516748 0.851071 0.0930026
59.6404 5.28761 10.0169 0.513525 0.851104 0.109148
59.5357 5.28492 10.5269 0.508319 0.853122 0.117443
59.413 5.27204 11.1471 0.508693 0.852613 0.119507
59.3089 5.26349 11.6543 0.511666 0.850587 0.121242
59.1934 5.25605 12.1623 0.515464 0.846583 0.132642
59.0648 5.25537 12.6619 0.514348 0.846792 0.135605
58.8779 5.25708 13.3454 0.511172 0.848 0.139999
58.7344 5.24826 13.914 0.516943 0.843972 0.143057
58.6026 5.24019 14.426 0.516219 0.843153 0.150341
58.4514 5.23671 14.9428 0.511772 0.844434 0.158179
58.2855 5.23612 15.4782 0.509901 0.845286 0.159662
58.1218 5.22945 15.9914 0.501857 0.847752 0.171609
57.9665 5.2183 16.4966 0.500048 0.847967 0.175797
57.7287 5.21314 17.1801 0.4958 0.848891 0.183211
57.5614 5.2076 17.6515 0.494445 0.848578 0.188244
57.3439 5.21504 18.1822 0.49314 0.849038 0.189591
57.1499 5.2174 18.6802 0.491192 0.850265 0.189137
56.9304 5.22101 19.2295 0.483306 0.854669 0.189619
56.7232 5.23005 19.7129 0.477602 0.857409 0.191692
56.4471 5.2375 20.3422 0.483986 0.849539 0.209839
56.2056 5.24693 20.8429 0.477514 0.850495 0.220539
55.9572 5.26115 21.3248 0.477997 0.849333 0.223925
55.5085 5.48989 21.4167 0.480245 0.847727 0.225204
55.0753 5.79427 21.1939 0.482343 0.847006 0.223441
54.6901 6.06988 20.9818 0.48342 0.846778 0.221972
54.2425 6.38846 20.7372 0.481814 0.847901 0.221177
53.7919 6.71217 20.4768 0.478943 0.850063 0.219097
53.4124 6.98698 20.2356 0.477201 0.852005 0.215331
52.9834 7.28541 20.0006 0.473046 0.855105 0.212181
52.474 7.63491 19.7199 0.471248 0.856991 0.208535
52.0801 7.90838 19.4871 0.473572 0.855939 0.207601
51.6152 8.23164 19.2179 0.47535 0.855112 0.206942
51.1376 8.56047 18.9632 0.476356 0.853968 0.209342
50.7307 8.84237 18.748 0.485479 0.84817 0.211937
50.3073 9.14579 18.5102 0.491609 0.844838 0.211115
49.9349 9.42121 18.276 0.493487 0.84363 0.211559
49.5149 9.72663 18.0362 0.493805 0.844473 0.207419
49.0571 10.0543 17.7946 0.494581 0.843795 0.208314
48.6656 10.3373 17.5786 0.496272 0.843075 0.207215
48.2592 10.6322 17.3545 0.496451 0.842192 0.210355
47.8553 10.9285 17.1202 0.49617 0.842395 0.210201
47.4655 11.2146 16.8937 0.497457 0.841078 0.212424
47.1072 11.4823 16.6674 0.494629 0.843697 0.208608
46.6338 11.8366 16.3687 0.503815 0.839464 0.203617
46.2395 12.1376 16.1092 0.504162 0.839409 0.20301
45.7064 12.5369 15.7816 0.508152 0.837825 0.199576
45.2956 12.8417 15.5462 0.506665 0.839313 0.197073
44.808 13.2022 15.2771 0.511978 0.836791 0.19405
44.2927 13.5801 14.9966 0.508562 0.839474 0.19142
43.8557 13.8932 14.7731 0.506108 0.841799 0.187692
43.4334 14.1901 14.5641 0.500837 0.84605 0.182651
43.0106 14.4905 14.3314 0.500853 0.846338 0.18127
42.6212 14.7707 14.1149 0.507255 0.842396 0.181829
42.2177 15.0732 13.8655 0.520261 0.836437 0.172323
41.7354 15.4249 13.5953 0.518721 0.839722 0.160603
41.3757 15.6907 13.3602 0.514178 0.842981 0.158128
41.0114 15.9568 13.1282 0.514573 0.841737 0.163383
40.5383 16.3017 12.8491 0.516373 0.839672 0.168235
40.1667 16.5756 12.626 0.519722 0.83873 0.162539
39.7681 16.8706 12.3731 0.519592 0.838528 0.163978
39.3609 17.1677 12.1513 0.520417 0.838049 0.163825
38.8573 17.5263 11.8734 0.514145 0.845003 0.147053
38.4733 17.7972 11.6736 0.521735 0.842578 0.13362
38.0399 18.1083 11.4288 0.536458 0.834284 0.12721
37.6298 18.408 11.1977 0.535661 0.834556 0.128755
37.1875 18.7258 10.9585 0.535013 0.83621 0.12047
36.7683 19.0226 10.7371 0.523391 0.843601 0.119992
36.3111 19.3438 10.4713 0.522912 0.843994 0.119317
35.866 19.657 10.1932 0.520142 0.846004 0.117172
35.4918 19.9196 9.98043 0.526396 0.841934 0.11855
35.0665 20.218 9.757 0.527609 0.841237 0.118093
34.6794 20.4909 9.54411 0.529011 0.840684 0.115745
34.2932 20.7629 9.32141 0.525277 0.843023 0.115744
33.9094 21.0368 9.08773 0.525209 0.842931 0.116639
33.5044 21.3213 8.85178 0.528764 0.841199 0.113102
33.1329 21.5797 8.62865 0.519242 0.8478 0.107807
32.6098 21.9378 8.31595 0.515051 0.850338 0.10793
32.1013 22.2828 8.02223 0.510578 0.852673 0.110723
31.6175 22.607 7.76879 0.513243 0.851106 0.110447
31.218 22.88 7.57504 0.526122 0.842835 0.113202
30.7964 23.1747 7.36431 0.533161 0.838763 0.110439
30.3569 23.487 7.10151 0.534024 0.838906 0.105133
29.9794 23.7534 6.88309 0.532543 0.840213 0.102171
29.6014 24.0198 6.65757 0.532549 0.840301 0.10141
29.1155 24.3612 6.36559 0.532656 0.840682 0.0976036
28.6523 24.6848 6.0944 0.530418 0.843171 0.0878352
28.2745 24.9462 5.86545 0.529759 0.843869 0.0850964
27.8574 25.2352 5.59604 0.531297 0.843315 0.0808927
27.4517 25.5155 5.3493 0.532942 0.84216 0.0820855
27.0432 25.7937 5.11928 0.529906 0.844774 0.0745412
26.6032 26.094 4.86591 0.533259 0.843238 0.0677115
26.167 26.3903 4.61598 0.536273 0.841382 0.0669827
25.7367 26.6822 4.40433 0.539507 0.839264 0.0675856
25.3095 26.9744 4.202 0.541866 0.837683 0.0683267
24.907 27.2525 3.98794 0.542302 0.837555 0.0664062
24.5255 27.5173 3.76793 0.545413 0.835508 0.0667129
24.1169 27.8034 3.52949 0.547104 0.834539 0.0649392
23.745 28.0629 3.3115 0.547917 0.834167 0.062819
23.3196 28.3595 3.08489 0.549407 0.83387 0.0530255
22.8993 28.6505 2.84934 0.548213 0.834616 0.0536596
22.4996 28.9256 2.63918 0.546295 0.835996 0.0516849
22.0435 29.2348 2.42937 0.544311 0.837794 0.042736
21.6224 29.5216 2.25591 0.55011 0.833971 0.0432417
21.0491 29.908 2.03106 0.542704 0.838911 0.0412444
20.6444 30.1755 1.8926 0.541707 0.839816 0.0355213
20.2331 30.4451 1.77296 0.538657 0.841699 0.0373031
19.7261 30.7767 1.6418 0.540532 0.840298 0.0415283
19.2855 31.0646 1.52124 0.541597 0.839876 0.0358081
18.9957 31.2591 1.31906 0.538988 0.841645 0.0335275
14.0214 34.6467 1.07575 0.579009 0.814889 0.0265499
14.0502 34.6436 0.551974 0.576033 0.817163 0.0181277
14.0735 34.6325 0.0313143 0.575739 0.817602 0.00694405
14.0619 34.6377 -0.518172 0.580167 0.814334 -0.0136649
14.0351 34.6437 -1.01926 0.576586 0.816557 -0.0270679
13.9985 34.6468 -1.5325 0.575729 0.816442 -0.0442554
13.9779 34.6336 -2.04437 0.576332 0.815617 -0.0504914
13.9124 34.6385 -2.64596 0.57111 0.81866 -0.0600358
13.8762 34.623 -3.18021 0.558492 0.8264 -0.0715625
13.8595 34.5865 -3.70084 0.555658 0.827873 -0.0766195
13.9468 34.4753 -4.22182 0.545473 0.833688 -0.08613
14.3206 34.2048 -4.47885 0.543603 0.835021 -0.0850586
14.8953 33.8159 -4.71462 0.535605 0.841123 -0.0749387
15.3003 33.5487 -4.87489 0.52778 0.846754 -0.0666895
15.7328 33.2663 -5.06764 0.5235 0.849612 -0.0639411
16.1311 33.0062 -5.26455 0.520095 0.852041 -0.0593964
16.5163 32.7512 -5.46813 0.526051 0.847926 -0.0654181
16.9187 32.4884 -5.66335 0.526253 0.847829 -0.0651449
17.4203 32.1616 -5.87348 0.523615 0.849632 -0.0628703
17.8256 31.8988 -6.03915 0.527394 0.847478 -0.0603003
18.3251 31.5739 -6.23792 0.527009 0.84779 -0.0592771
18.7519 31.2959 -6.41534 0.531054 0.845292 -0.0588443
19.1819 31.0113 -6.61654 0.533329 0.843871 -0.0586646
19.6174 30.7197 -6.84855 0.535684 0.842399 -0.0583414
20.0232 30.4447 -7.09368 0.53643 0.841688 -0.0616077
20.4292 30.1605 -7.39722 0.541226 0.838781 -0.0593308
20.7905 29.9028 -7.68291 0.546567 0.834642 -0.0680893
21.1613 29.6302 -8.03248 0.546957 0.834428 -0.0675337
21.4745 29.3944 -8.38347 0.553129 0.829195 -0.080519
21.7847 29.1501 -8.76384 0.554524 0.828189 -0.0812756
22.1444 28.8667 -9.17001 0.554569 0.826874 -0.0933496
22.5597 28.5469 -9.4962 0.55777 0.823583 -0.102977
22.958 28.2507 -9.71332 0.554637 0.825317 -0.105966
23.3802 27.9357 -9.94181 0.557676 0.822968 -0.108267
23.7889 27.6243 -10.1986 0.558579 0.821812 -0.112311
24.1733 27.3275 -10.4615 0.558439 0.82173 -0.113585
24.6191 26.986 -10.7291 0.559051 0.820205 -0.121354
24.997 26.6995 -10.9294 0.556785 0.821413 -0.123572
25.4341 26.3705 -11.1539 0.554827 0.822104 -0.12772
25.9097 26.0123 -11.4131 0.549642 0.825218 -0.130032
26.2819 25.7314 -11.62 0.550519 0.824347 -0.131834
26.6835 25.4262 -11.8638 0.546771 0.826913 -0.131364
27.0773 25.1307 -12.0754 0.547122 0.82608 -0.135083
27.5133 24.7984 -12.3268 0.548385 0.82396 -0.142683
27.8825 24.5144 -12.5422 0.548753 0.823148 -0.145932
28.2836 24.2044 -12.7772 0.549457 0.822444 -0.147252
28.6631 23.9132 -12.9939 0.546128 0.824395 -0.148713
29.0301 23.6318 -13.2056 0.543852 0.82541 -0.151403
29.4111 23.3415 -13.4117 0.544934 0.823953 -0.155394
29.828 23.0195 -13.6514 0.545104 0.823108 -0.159232
30.2604 22.6825 -13.9073 0.541216 0.823943 -0.167939
30.6217 22.3977 -14.1298 0.546471 0.819674 -0.171766
31.0606 22.061 -14.3555 0.539806 0.822909 -0.177285
31.4844 21.7251 -14.6292 0.539291 0.82354 -0.175912
31.8466 21.4386 -14.8614 0.537312 0.824335 -0.178232
32.2762 21.1038 -15.1157 0.537033 0.824471 -0.178447
32.7825 20.7134 -15.3873 0.53616 0.824729 -0.179876
33.2327 20.3612 -15.6532 0.537951 0.823506 -0.180125
33.6238 20.0576 -15.8744 0.535901 0.824271 -0.182718
34.0506 19.7298 -16.1007 0.535319 0.824101 -0.185169
34.4801 19.3978 -16.3344 0.535134 0.823247 -0.189455
34.8812 19.0855 -16.557 0.536631 0.821342 -0.193452
35.2408 18.8003 -16.7648 0.53775 0.819781 -0.196932
35.7291 18.4159 -17.0394 0.533267 0.822605 -0.197348
36.1523 18.089 -17.2604 0.531413 0.823093 -0.200295
36.5548 17.78 -17.4608 0.531851 0.822483 -0.201635
36.9371 17.4682 -17.7257 0.531838 0.821826 -0.204328
37.3748 17.1203 -17.9886 0.52957 0.82316 -0.204849
37.7414 16.8306 -18.2013 0.531449 0.821533 -0.206511
38.1468 16.5122 -18.4278 0.528415 0.821189 -0.215468
38.6182 16.1322 -18.7138 0.531097 0.818529 -0.218966
39.0654 15.7703 -18.9792 0.532086 0.817617 -0.219971
39.4393 15.4726 -19.1814 0.532043 0.817703 -0.219756
39.8538 15.1402 -19.4169 0.529304 0.819404 -0.220021
40.3095 14.7784 -19.6794 0.521901 0.824351 -0.219239
40.6956 14.4766 -19.8965 0.518147 0.825862 -0.222432
41.1305 14.1351 -20.1478 0.518953 0.824668 -0.224967
41.5198 13.824 -20.3887 0.519422 0.824116 -0.225907
41.9712 13.4663 -20.6566 0.518985 0.824512 -0.225465
42.4187 13.1158 -20.9123 0.516927 0.825504 -0.226556
42.8204 12.8084 -21.1245 0.512384 0.828161 -0.227181
43.3073 12.4291 -21.4019 0.509258 0.82824 -0.233828
43.7162 12.1078 -21.6404 0.511168 0.825943 -0.237748
44.0733 11.8248 -21.8528 0.508644 0.825335 -0.245151
44.5302 11.4658 -22.1235 0.502849 0.829156 -0.244219
44.9724 11.1212 -22.3797 0.499975 0.829444 -0.249094
45.3362 10.8338 -22.6038 0.498357 0.828892 -0.254122
45.8258 10.4581 -22.8702 0.49644 0.828973 -0.257586
46.2252 10.1451 -23.1105 0.493359 0.829137 -0.262914
46.6433 9.82104 -23.3545 0.489168 0.831645 -0.262828
47.0947 9.47609 -23.6071 0.487455 0.832539 -0.263184
47.4533 9.19883 -23.8259 0.482099 0.836166 -0.261547
47.8706 8.88332 -24.0689 0.478204 0.838702 -0.260576
48.3403 8.53593 -24.3272 0.476632 0.839047 -0.262339
48.8243 8.17632 -24.5977 0.474211 0.839464 -0.265373
49.2069 7.88827 -24.8237 0.473406 0.838722 -0.269132
49.6987 7.52457 -25.0915 0.472939 0.838497 -0.270649
50.0826 7.24373 -25.2879 0.473195 0.837657 -0.272793
50.5887 6.87407 -25.5453 0.472321 0.837736 -0.274062
51.0063 6.56028 -25.7844 0.473186 0.837104 -0.274505
51.3716 6.28014 -26.0064 0.475523 0.835446 -0.275514
51.7401 5.99796 -26.2252 0.475749 0.834813 -0.277037
52.1347 5.69496 -26.46 0.476348 0.834393 -0.277274
52.5548 5.37238 -26.7095 0.475676 0.834444 -0.278271
52.9311 5.08438 -26.9303 0.475084 0.834675 -0.278591
53.3959 4.74229 -27.1619 0.47536 0.834237 -0.279431
53.8363 4.39707 -27.4424 0.475153 0.833411 -0.282233
54.1908 4.1113 -27.6825 0.478981 0.830174 -0.285287
54.5491 3.82858 -27.9 0.48308 0.82597 -0.29053
54.9677 3.50157 -28.1306 0.484406 0.823815 -0.294415
55.453 3.11643 -28.395 0.490506 0.817973 -0.30054
55.8456 2.80633 -28.5843 0.499437 0.810212 -0.306789
56.2529 2.45476 -28.8474 0.504007 0.805559 -0.311531
56.6541 2.10624 -29.0977 0.505567 0.804248 -0.31239
57.0775 1.87414 -29.0055 0.508913 0.80107 -0.315108
57.4236 1.85829 -28.4884 0.508883 0.800562 -0.316446
57.7429 1.85249 -27.9844 0.510081 0.801998 -0.310826
58.0137 1.85164 -27.5437 0.506313 0.806933 -0.304148
58.3447 1.86093 -26.9654 0.509207 0.805947 -0.301917
58.6613 1.86981 -26.4052 0.511068 0.805767 -0.299248
58.9361 1.8675 -25.9338 0.516026 0.805892 -0.290267
59.262 1.86727 -25.3498 0.521321 0.803742 -0.286744
59.5847 1.86915 -24.7527 0.519206 0.805776 -0.284863
59.8157 1.88008 -24.2907 0.529995 0.801182 -0.277841
60.0664 1.89574 -23.7504 0.533998 0.802729 -0.265466
60.2764 1.89964 -23.2928 0.542978 0.802138 -0.248496
60.5088 1.89065 -22.8145 0.540276 0.804946 -0.245282
60.7476 1.8832 -22.3218 0.535946 0.807582 -0.246114
60.9693 1.88251 -21.841 0.537059 0.808466 -0.2407
61.2085 1.87821 -21.3148 0.53735 0.808203 -0.240963
61.4112 1.88241 -20.8337 0.552421 0.803052 -0.223469
61.6407 1.88456 -20.2515 0.548241 0.806911 -0.219831
61.8878 1.88793 -19.5908 0.555501 0.806611 -0.201916
62.067 1.88468 -19.0948 0.555251 0.8079 -0.197468
62.2514 1.88388 -18.5522 0.563459 0.807711 -0.173541
62.4234 1.90581 -17.9101 0.559262 0.810125 -0.175814
62.636 1.89029 -17.3034 0.565178 0.805768 -0.176951
62.8203 1.87594 -16.7747 0.568282 0.804097 -0.174587
63.011 1.87582 -16.1431 0.570658 0.803284 -0.170544
63.1683 1.87429 -15.6206 0.567913 0.805599 -0.168776
63.3434 1.88273 -14.9637 0.576 0.801127 -0.162538
63.4865 1.89123 -14.4059 0.576481 0.802192 -0.155403
63.6479 1.89461 -13.7686 0.579276 0.80159 -0.147963
63.7779 1.89775 -13.2322 0.58103 0.801147 -0.143415
63.9253 1.90195 -12.5672 0.584986 0.800771 -0.128675
64.0628 1.90444 -11.9121 0.583626 0.802814 -0.121949
64.176 1.89846 -11.3972 0.584836 0.802757 -0.116395
64.3077 1.88903 -10.7942 0.587835 0.800885 -0.114147
64.4072 1.88708 -10.276 0.584365 0.804643 -0.105199
64.4834 1.90297 -9.71146 0.585038 0.804736 -0.100648
64.5752 1.89908 -9.19039 0.58733 0.803387 -0.0980517
64.6801 1.88757 -8.65601 0.588565 0.802533 -0.0976291
64.7697 1.89526 -8.05461 0.590387 0.801028 -0.0989855
64.8643 1.89481 -7.46687 0.591512 0.800912 -0.0930275
64.9461 1.899 -6.92905 0.584896 0.806287 -0.0882692
64.9946 1.91445 -6.42159 0.59368 0.800112 -0.085818
65.0549 1.9379 -5.75541 0.598683 0.797234 -0.0774346
65.1153 1.94136 -5.19293 0.595873 0.800528 -0.0639545
65.1765 1.93692 -4.63331 0.597245 0.800228 -0.0540324
65.2349 1.92673 -4.07212 0.604967 0.794989 -0.0447842
65.2777 1.9229 -3.54166 0.606734 0.793913 -0.0396998
65.3166 1.92219 -2.90497 0.604969 0.795686 -0.0293756
65.3361 1.92721 -2.26696 0.607575 0.7939 -0.0239841
65.3573 1.92322 -1.70747 0.600949 0.799137 -0.0151949
65.3879 1.90893 -1.15811 0.600544 0.799497 -0.0123115
65.437 1.87947 -0.607713 0.599106 0.800604 -0.0102382
65.4522 1.87576 -0.00354098 0.594224 0.804239 -0.00912422
65.467 1.86915 0.544576 0.591401 0.806365 -0.00460177
65.4732 1.86718 1.04471 0.590185 0.807262 -0.00314136
65.4631 1.87343 1.56348 0.590898 0.806727 0.00559922
65.4489 1.87979 2.06527 0.593675 0.804672 0.00736381
65.41 1.89987 2.64923 0.590134 0.807177 0.0143988
65.3768 1.91144 3.16667 0.592481 0.805252 0.0231501
65.3647 1.90139 3.79327 0.594881 0.80339 0.0260967
65.3491 1.89721 4.29314 0.594535 0.803701 0.0243599
65.3086 1.91063 4.80116 0.596473 0.802131 0.028379
65.2718 1.91725 5.47275 0.596871 0.80191 0.0260145
65.2274 1.91496 6.18888 0.598832 0.799113 0.0530884
65.1802 1.91515 6.72838 0.594396 0.802497 0.0518904
65.1243 1.91108 7.28593 0.590959 0.803986 0.0659375
65.0674 1.91193 7.80274 0.586705 0.805901 0.0792739
64.9975 1.90677 8.39106 0.591846 0.802957 0.0705609
64.8798 1.91596 9.09081 0.585103 0.805196 0.0963134
64.7538 1.92609 9.75547 0.584925 0.805098 0.0983586
64.6572 1.91951 10.3531 0.583087 0.805415 0.106377
64.5765 1.91143 10.8556 0.584496 0.804202 0.107788
64.4734 1.8965 11.4871 0.582325 0.805869 0.107111
64.338 1.91524 12.029 0.579065 0.806659 0.118259
64.2005 1.92664 12.6022 0.566288 0.813773 0.130732
64.0835 1.92028 13.1257 0.572275 0.808514 0.137138
63.9603 1.91201 13.6532 0.566393 0.80964 0.153875
63.7907 1.90449 14.3113 0.569222 0.807309 0.155685
63.6561 1.883 14.9087 0.574067 0.802673 0.16175
63.5322 1.86784 15.42 0.57516 0.801677 0.162789
63.3874 1.87006 15.9148 0.5781 0.798506 0.167891
63.2186 1.87162 16.4767 0.575243 0.799908 0.171006
63.0525 1.85668 17.0933 0.573538 0.800225 0.175179
62.8901 1.84014 17.6659 0.570128 0.799588 0.188704
62.7241 1.83679 18.1689 0.565449 0.801088 0.19626
62.508 1.83569 18.7779 0.562424 0.801835 0.201836
62.3314 1.83578 19.2675 0.561174 0.802231 0.203739
62.093 1.84024 19.8997 0.563027 0.80005 0.207171
61.8784 1.84997 20.4167 0.553956 0.802576 0.221368
61.6725 1.85441 20.9009 0.548257 0.803921 0.230489
61.4707 1.8511 21.3658 0.541793 0.80408 0.244779
61.2629 1.847 21.8416 0.539949 0.805581 0.243913
61.0301 1.83935 22.3838 0.542137 0.80376 0.245065
60.8061 1.84921 22.8479 0.543134 0.802869 0.245776
60.5751 1.86337 23.3128 0.543772 0.802023 0.247125
60.3491 1.87382 23.7679 0.536958 0.804858 0.252744
60.1321 1.87319 24.2287 0.535178 0.804381 0.257956
59.8691 1.86003 24.7949 0.530104 0.802076 0.275064
59.629 1.8477 25.2837 0.523535 0.802826 0.285274
59.3844 1.84252 25.7412 0.518994 0.803596 0.291338
59.0619 1.84243 26.306 0.512192 0.806126 0.296344
58.7853 1.83879 26.7799 0.508608 0.803989 0.308091
58.4942 1.8432 27.2445 0.506606 0.803227 0.313325
58.1566 1.84457 27.7885 0.506788 0.802905 0.313862
57.8532 1.85944 28.238 0.50718 0.801303 0.317304
57.528 1.86792 28.7375 0.50738 0.801507 0.316469
57.1925 1.89236 29.2075 0.506329 0.80064 0.320322
56.7948 2.15236 29.1872 0.507493 0.800592 0.318595
56.3599 2.51506 28.9602 0.504057 0.804385 0.31447
55.9755 2.82876 28.7663 0.503346 0.807344 0.307958
55.5997 3.14639 28.54 0.500469 0.809885 0.305967
55.1643 3.4905 28.3162 0.49087 0.818511 0.298469
54.7966 3.79794 28.0741 0.486797 0.822054 0.295391
54.3121 4.18479 27.7952 0.486215 0.823097 0.293438
53.9523 4.47401 27.5762 0.483928 0.825654 0.290016
53.5927 4.76316 27.3507 0.481567 0.827391 0.288992
53.2369 5.04835 27.1261 0.480852 0.828101 0.288148
52.884 5.32966 26.9041 0.482581 0.829828 0.280179
52.5251 5.60904 26.6888 0.478807 0.833577 0.275488
52.1231 5.91288 26.4645 0.475966 0.836921 0.270209
51.7501 6.19268 26.2515 0.475725 0.838036 0.267172
51.3698 6.47196 26.0518 0.475469 0.838387 0.266526
50.8771 6.83951 25.7692 0.47333 0.840383 0.264037
50.4036 7.18907 25.4966 0.472263 0.8427 0.258505
49.9496 7.52379 25.2344 0.473892 0.842783 0.255231
49.4426 7.90124 24.9284 0.474729 0.842588 0.254314
49.05 8.19038 24.7014 0.475765 0.84352 0.249243
48.6669 8.47281 24.4751 0.473402 0.845822 0.245896
48.151 8.85218 24.1626 0.476247 0.844589 0.244661
47.6939 9.18725 23.8966 0.477929 0.844082 0.243124
47.216 9.53875 23.6197 0.479374 0.843231 0.243231
46.8098 9.82857 23.4131 0.478435 0.843227 0.245086
46.4184 10.1122 23.2043 0.481135 0.841517 0.24568
45.9767 10.4333 22.9708 0.483718 0.840614 0.24369
45.5966 10.7129 22.7626 0.485004 0.839712 0.244244
45.087 11.094 22.4694 0.489866 0.83717 0.243264
44.5848 11.4777 22.1644 0.492464 0.835711 0.243036
44.1615 11.8021 21.9096 0.494444 0.834394 0.243542
43.725 12.1411 21.6381 0.497073 0.832339 0.245209
43.3517 12.4311 21.4148 0.499061 0.830425 0.247651
42.86 12.8242 21.0923 0.501122 0.82873 0.249165
42.4336 13.1525 20.8584 0.503535 0.828179 0.246112
42.0229 13.4691 20.6362 0.505724 0.826928 0.245832
41.6431 13.7635 20.4271 0.507948 0.826326 0.243259
41.2245 14.093 20.1827 0.510804 0.826136 0.237862
40.8405 14.3949 19.9612 0.512151 0.825129 0.23846
40.4107 14.7288 19.7322 0.515052 0.823767 0.236914
39.9625 15.077 19.5006 0.517861 0.822205 0.236217
39.508 15.4341 19.2476 0.515611 0.823959 0.235024
39.0888 15.7558 19.0311 0.510004 0.828952 0.229641
38.6711 16.0807 18.777 0.507874 0.832174 0.222597
38.2842 16.3883 18.5108 0.508505 0.832243 0.220894
37.9223 16.6674 18.2968 0.510914 0.830202 0.223007
37.4764 17.0119 18.0415 0.513693 0.828434 0.223196
37.1056 17.2993 17.8345 0.516875 0.826842 0.221746
36.694 17.6313 17.5584 0.521584 0.824384 0.219862
36.2566 17.9794 17.2892 0.518628 0.827586 0.21477
35.7765 18.3545 17.0149 0.525605 0.823417 0.213831
35.3707 18.6683 16.7942 0.521038 0.82769 0.208444
34.9493 18.9867 16.5828 0.523343 0.826546 0.207184
34.4928 19.3343 16.3378 0.520238 0.830089 0.200759
34.1143 19.6224 16.124 0.521992 0.830743 0.193368
33.7302 19.9167 15.8857 0.517195 0.834527 0.189895
33.3611 20.1948 15.664 0.516264 0.835502 0.188171
32.9928 20.4727 15.4395 0.516676 0.83569 0.18619
32.6188 20.7529 15.2222 0.519838 0.833974 0.18508
32.2073 21.0543 15.0058 0.520232 0.835956 0.17472
31.8167 21.34 14.7927 0.517072 0.838762 0.170612
31.3373 21.6965 14.4943 0.519743 0.837762 0.167397
30.9639 21.9777 14.2563 0.524625 0.835859 0.161545
30.5898 22.255 14.0384 0.528336 0.834089 0.15861
30.1404 22.5822 13.8071 0.526131 0.836115 0.155235
29.7719 22.8556 13.5882 0.527977 0.835562 0.15191
29.3479 23.1696 13.3378 0.529302 0.834742 0.151806
28.9568 23.4616 13.1085 0.532579 0.833073 0.149486
28.5205 23.7849 12.8591 0.532834 0.833333 0.147115
28.0329 24.1455 12.5869 0.53516 0.832501 0.143318
27.6362 24.4375 12.3737 0.538296 0.830706 0.142002
27.2389 24.7307 12.1631 0.538849 0.830646 0.140246
26.8119 25.045 11.9368 0.536813 0.832461 0.137257
26.4244 25.3312 11.7118 0.537547 0.832493 0.134157
26.0552 25.6039 11.4996 0.538866 0.831786 0.133253
25.5593 25.9721 11.2089 0.539654 0.831581 0.131329
25.0579 26.3455 10.9044 0.539536 0.831952 0.129445
24.5879 26.6966 10.615 0.541867 0.830752 0.127399
24.117 27.0456 10.3441 0.54305 0.830489 0.124036
23.639 27.396 10.0885 0.543602 0.830363 0.122445
23.2369 27.6891 9.87608 0.544438 0.830398 0.118398
22.8477 27.9787 9.6338 0.544496 0.831246 0.112014
22.3802 28.3189 9.36838 0.542817 0.832698 0.109381
21.9877 28.6017 9.161 0.542263 0.833292 0.10759
21.5954 28.8845 8.94523 0.541648 0.833947 0.105589
21.2205 29.1583 8.70557 0.542058 0.834047 0.102658
20.8466 29.4288 8.47547 0.540504 0.835285 0.100768
20.432 29.7242 8.24797 0.53854 0.836512 0.101096
19.9887 30.0363 8.0167 0.536252 0.838224 0.0990622
19.5207 30.3556 7.837 0.533443 0.839966 0.0994823
19.0439 30.6785 7.65421 0.530572 0.841877 0.0986718
18.5516 31.006 7.50127 0.529275 0.842782 0.0979068
18.0857 31.3116 7.38505 0.527245 0.843968 0.0986273
17.6388 31.5993 7.30804 0.525383 0.844929 0.100328
17.1572 31.9047 7.25764 0.523575 0.845788 0.102513
16.6937 32.1953 7.2314 0.524353 0.844737 0.107116
16.1363 32.5527 7.15143 0.526814 0.842668 0.11126
15.6819 32.8672 6.93759 0.530538 0.839883 0.114571
15.2882 33.1556 6.67091 0.534086 0.83692 0.119652
14.874 33.4739 6.33105 0.539419 0.832196 0.12836
14.5511 33.7308 6.02758 0.543317 0.829658 0.128352
14.2107 34.0102 5.67231 0.546026 0.827994 0.127567
13.8719 34.3008 5.2511 0.549708 0.825013 0.131035
13.6496 34.5178 4.8077 0.554485 0.822453 0.126914
13.5857 34.6352 4.31627 0.559736 0.820022 0.119416
13.6242 34.6784 3.81623 0.563932 0.81872 0.108066
13.6915 34.7066 3.23683 0.565386 0.818296 0.103583
13.7857 34.6969 2.72371 0.572809 0.815014 0.0874091
13.8761 34.6847 2.14464 0.571295 0.818337 0.0623186
13.9711 34.6523 1.65084 0.579202 0.813424 0.0528651
14.0171 34.6472 1.13066 0.581573 0.812367 0.0428073
14.0205 34.6468 1.08959 0.580289 0.813629 0.0346778
24.8458 27.4977 0.108686 0.546706 0.837057 0.0211619
25.2722 27.2193 0.105246 0.546812 0.837012 0.0202111
25.8712 26.8291 0.1001 0.542438 0.839827 0.0212648
26.342 26.5274 0.098144 0.538146 0.842672 0.0173974
26.7877 26.2452 0.093696 0.530571 0.847458 0.0176048
27.2327 25.9657 0.0909304 0.532163 0.846522 0.0142334
27.7173 25.6626 0.0892024 0.529186 0.848424 0.01183
28.1846 25.3722 0.0872615 0.526867 0.849845 0.0131833
28.618 25.1029 0.0847131 0.529136 0.848466 0.0109771
29.0572 24.8285 0.0801145 0.530318 0.847712 0.0121335
29.4882 24.5599 0.0779786 0.528161 0.849047 0.0128806
29.9385 24.2796 0.0774228 0.53121 0.847073 0.0168336
30.4508 23.9592 0.075541 0.530486 0.847644 0.00922697
30.9363 23.6541 0.0741269 0.5349 0.844877 0.00806037
31.4461 23.3337 0.0736828 0.532795 0.846132 0.0138253
31.9091 23.0364 0.0706801 0.542447 0.840044 0.00874545
32.3352 22.7632 0.0683836 0.537476 0.843129 0.0158985
32.9374 22.3789 0.0674595 0.53871 0.842351 0.0154042
33.3717 22.099 0.0662242 0.544489 0.838686 0.01176
33.8411 21.8006 0.0642781 0.533861 0.84554 0.00737672
34.319 21.4926 0.0614532 0.536215 0.844055 0.00661905
34.8067 21.1842 0.0599761 0.537362 0.843351 0.000543421
35.3159 20.859 0.0590714 0.537179 0.843453 -0.00506867
35.7589 20.5786 0.0574774 0.534192 0.845336 0.00684362
36.2173 20.2873 0.0571196 0.541573 0.840564 -0.0123062
36.6706 19.9953 0.0577321 0.541812 0.840405 -0.012632
37.2237 19.6387 0.0571636 0.541867 0.840385 -0.0115358
37.7365 19.3083 0.0567355 0.540963 0.841028 -0.00550847
38.1769 19.0228 0.0560444 0.545846 0.837852 -0.00747562
38.6451 18.72 0.0553294 0.543222 0.839548 -0.00828009
39.1865 18.3691 0.0553157 0.543885 0.83916 3.91721e-05
39.7212 18.0217 0.0550352 0.545087 0.838379 0.000384986
40.1459 17.745 0.054328 0.546527 0.837433 0.00368369
40.5722 17.4701 0.0535796 0.532236 0.846595 -0.00123346
41.0482 17.1792 0.052612 0.516832 0.856073 -0.00493161
41.5265 16.8971 0.0515345 0.503423 0.864003 -0.00803322
41.9642 16.6433 0.0506107 0.501653 0.865022 -0.0090178
42.4314 16.3713 0.0501202 0.505029 0.863035 -0.0107368
42.9295 16.0809 0.0500074 0.504595 0.863184 -0.0172461
43.3983 15.804 0.0507251 0.51466 0.857165 -0.0198377
43.9372 15.4746 0.0520507 0.530829 0.847394 -0.0120095
44.386 15.1916 0.0530174 0.535246 0.844617 -0.011547
44.812 14.9203 0.0537763 0.537013 0.843515 -0.00999398
45.3184 14.5979 0.0543609 0.536948 0.843547 -0.0107473
45.8703 14.2476 0.0547623 0.535131 0.844726 -0.00850438
46.3049 13.9735 0.0549281 0.530547 0.84765 -0.00313455
46.7719 13.6818 0.05521 0.528218 0.849105 -0.00268289
47.2558 13.3802 0.0555304 0.530401 0.847733 0.00497296
47.7746 13.0559 0.0558386 0.53059 0.847628 0.000303564
48.2464 12.7616 0.0563243 0.527858 0.849329 0.00238085
48.7062 12.4741 0.0569685 0.530753 0.847518 0.0037773
49.1804 12.1793 0.0577131 0.529076 0.848567 -0.00354344
49.6648 11.8764 0.0584491 0.531043 0.847325 -0.00581194
50.1695 11.5603 0.059042 0.530878 0.847422 -0.00666342
50.6549 11.2562 0.0593765 0.530831 0.847428 -0.0091932
51.0831 10.9917 0.0596518 0.521037 0.853496 -0.0081029
51.5827 10.6907 0.0603669 0.510935 0.859597 -0.00627175
52.0608 10.4065 0.0613575 0.510936 0.859612 -0.00346994
52.6186 10.0746 0.0626814 0.510582 0.859826 -0.00238609
53.0568 9.81471 0.0635839 0.510016 0.860165 -0.000225194
53.5724 9.50761 0.0641888 0.513547 0.858061 -0.000666238
54.0775 9.20619 0.0647458 0.512781 0.858513 0.00330579
54.5111 8.94718 0.0649466 0.513038 0.858362 0.00238407
54.9464 8.68695 0.0650536 0.513157 0.858291 0.00244797
55.3869 8.42404 0.0653296 0.512483 0.858692 0.00307542
55.821 8.16414 0.0661687 0.51468 0.857379 0.00239197
56.3472 7.8468 0.0675744 0.517012 0.855964 0.00488759
56.7945 7.57441 0.0686338 0.522105 0.85287 0.00446604
57.2665 7.28243 0.0688737 0.52677 0.849994 0.00488794
57.8219 6.93708 0.0695181 0.528485 0.848936 0.00335541
57.8494 6.91997 0.0695828 0.528424 0.848974 0.0034252
57.5638 6.87402 6.2269 0.510902 0.857971 0.0535239
57.1213 7.13847 6.23777 0.514832 0.855423 0.0565564
56.6054 7.44454 6.25094 0.509522 0.858365 0.0599798
56.1147 7.73231 6.26244 0.506127 0.859838 0.0671917
55.6457 8.00828 6.27384 0.508925 0.857961 0.0699857
55.2114 8.26632 6.28243 0.514719 0.85425 0.072948
54.7714 8.53171 6.29279 0.518391 0.852091 0.072198
54.2757 8.83299 6.3054 0.519887 0.851271 0.0711066
53.77 9.1413 6.3175 0.52109 0.850536 0.071088
53.27 9.44708 6.32919 0.52336 0.849106 0.0715039
52.6858 9.80731 6.34448 0.526391 0.84721 0.0717482
52.135 10.1483 6.35798 0.526373 0.847124 0.0728832
51.7019 10.4183 6.367 0.528181 0.84622 0.0702665
51.2157 10.7205 6.38029 0.527612 0.846722 0.0684591
50.7027 11.0381 6.3934 0.523939 0.848054 0.0793225
50.1795 11.362 6.40599 0.527545 0.845978 0.0775685
49.6512 11.6843 6.41871 0.516294 0.853801 0.066813
49.215 11.9493 6.42762 0.521539 0.850734 0.0651779
48.6422 12.2986 6.43945 0.518662 0.851999 0.0713234
48.1553 12.5926 6.45093 0.514669 0.854618 0.0688759
47.5986 12.9287 6.46366 0.516226 0.854171 0.062469
47.1466 13.2027 6.47309 0.52016 0.851591 0.065009
46.635 13.5125 6.48231 0.518966 0.851528 0.074658
46.1979 13.7797 6.49034 0.520357 0.851002 0.0708856
45.7155 14.0728 6.50016 0.5145 0.854725 0.0688175
45.2857 14.3317 6.51098 0.515826 0.852808 0.0814952
44.7786 14.6384 6.52209 0.518613 0.850346 0.0891724
44.2045 14.988 6.53596 0.524719 0.847162 0.0835862
43.7452 15.2715 6.54549 0.52482 0.846695 0.0875855
43.2629 15.5691 6.55824 0.522373 0.848759 0.0820707
42.7582 15.8814 6.56992 0.524891 0.846716 0.0869555
42.1632 16.2484 6.58445 0.52399 0.847622 0.0834921
41.5618 16.6188 6.60028 0.525843 0.844904 0.0981101
41.0845 16.9159 6.60962 0.528609 0.843681 0.0936748
40.6574 17.1829 6.61416 0.528304 0.843865 0.0937371
40.1377 17.5001 6.62052 0.517798 0.85293 0.0663001
39.6952 17.7641 6.62775 0.511006 0.856898 0.0678175
39.2536 18.0219 6.63641 0.502455 0.861188 0.0767779
38.8073 18.2759 6.64434 0.493769 0.866195 0.0768042
38.1903 18.6448 6.65709 0.518071 0.851211 0.0839118
37.7243 18.9359 6.66592 0.537141 0.839076 0.0862027
37.2838 19.217 6.67459 0.536041 0.839553 0.0883778
36.7697 19.5427 6.68102 0.535265 0.839478 0.0936398
36.2821 19.8489 6.68832 0.528426 0.843964 0.0921475
35.8343 20.1309 6.69524 0.53001 0.84266 0.0949421
35.8289 20.1343 6.69532 0.526736 0.8444 0.0976634
35.5129 20.3951 -6.592 0.549439 0.831287 -0.0841358
35.9801 20.0852 -6.58415 0.554159 0.827237 -0.0926642
36.4285 19.7853 -6.57903 0.555695 0.826457 -0.0903976
36.8659 19.493 -6.57331 0.552365 0.828775 -0.089584
37.431 19.1203 -6.56002 0.549234 0.830778 -0.0902741
37.8712 18.8319 -6.55054 0.545461 0.833285 -0.0900451
38.4301 18.468 -6.53909 0.543832 0.833651 -0.0962898
38.8687 18.1829 -6.52824 0.54442 0.833247 -0.096468
39.2914 17.9077 -6.51942 0.54461 0.83315 -0.096231
39.7501 17.6109 -6.51207 0.537581 0.837946 -0.0940933
40.2056 17.3228 -6.50511 0.526935 0.84494 -0.0917404
40.6436 17.0526 -6.49853 0.520737 0.848765 -0.0918208
41.1094 16.7686 -6.49079 0.517947 0.850437 -0.0921289
41.6469 16.4427 -6.47703 0.516153 0.851033 -0.0965902
42.0853 16.1784 -6.47083 0.514437 0.85192 -0.0979163
42.5648 15.8896 -6.46412 0.514153 0.852039 -0.0983676
43.0211 15.6158 -6.4555 0.513428 0.852255 -0.100266
43.5358 15.3065 -6.44489 0.514656 0.851627 -0.0993012
44.0291 15.0086 -6.43068 0.516145 0.850044 -0.104976
44.4814 14.7334 -6.42445 0.519447 0.849132 -0.0956545
44.9227 14.4659 -6.41904 0.513113 0.852567 -0.0992182
45.4431 14.1549 -6.40779 0.509882 0.855094 -0.0939887
45.9025 13.8799 -6.39659 0.515292 0.851932 -0.093193
46.4712 13.5351 -6.38282 0.518503 0.850572 -0.0876422
46.9356 13.2528 -6.37091 0.519436 0.85008 -0.0868969
47.474 12.9251 -6.35683 0.519599 0.849649 -0.0900776
47.9762 12.6194 -6.34349 0.519688 0.849574 -0.0902751
48.4648 12.3217 -6.33043 0.520057 0.84924 -0.0912801
48.9308 12.0371 -6.31752 0.524442 0.84686 -0.0882565
49.3693 11.7653 -6.30602 0.528778 0.844003 -0.0897327
49.8133 11.4876 -6.29579 0.529937 0.843343 -0.0890987
50.2389 11.2185 -6.28342 0.537434 0.839034 -0.0847731
50.6826 10.9379 -6.27139 0.531413 0.843273 -0.0805727
51.1643 10.6394 -6.2579 0.523045 0.848455 -0.0809176
51.5937 10.3777 -6.24636 0.519056 0.851169 -0.0780494
52.0524 10.101 -6.2327 0.512068 0.855047 -0.0817376
52.5889 9.78247 -6.21914 0.50455 0.859176 -0.0851274
53.0514 9.51483 -6.20828 0.487073 0.869586 -0.0811239
53.6149 9.19971 -6.19384 0.49059 0.867347 -0.0838462
54.0996 8.9275 -6.18505 0.490662 0.866538 -0.0914455
54.6668 8.60292 -6.17313 0.498884 0.862086 -0.0890084
55.1516 8.32553 -6.16112 0.495965 0.86363 -0.0903431
55.6743 8.02452 -6.14721 0.502836 0.8595 -0.0917368
56.2108 7.7049 -6.13163 0.520634 0.849132 -0.0889639
56.6398 7.44276 -6.12064 0.524013 0.847444 -0.0851373
57.1144 7.15005 -6.10661 0.524339 0.84747 -0.0828458
57.328 7.01839 -6.0999 0.529917 0.845061 -0.071134
56.1616 6.89564 -12.2922 0.507214 0.851162 -0.135122
55.5766 7.23491 -12.3238 0.499928 0.854934 -0.138416
55.0841 7.52141 -12.3491 0.499444 0.854661 -0.141814
54.5634 7.82102 -12.374 0.499482 0.854309 -0.143784
54.1268 8.07368 -12.3979 0.500084 0.852924 -0.149787
53.6535 8.34669 -12.4211 0.500965 0.852297 -0.150414
53.1786 8.62183 -12.445 0.501905 0.851679 -0.15078
52.7424 8.87492 -12.4678 0.502052 0.851977 -0.148588
52.2522 9.1604 -12.4922 0.504041 0.850733 -0.148981
51.7877 9.43246 -12.5149 0.506861 0.849612 -0.145778
51.3422 9.6973 -12.5386 0.514682 0.845533 -0.142042
50.7887 10.0315 -12.5662 0.517597 0.843385 -0.144206
50.2619 10.3513 -12.5969 0.518684 0.842997 -0.142554
49.8154 10.6223 -12.6175 0.519373 0.843111 -0.139338
49.3336 10.913 -12.6406 0.511742 0.847357 -0.141798
48.8293 11.2142 -12.6673 0.513156 0.847247 -0.137268
48.3392 11.5044 -12.6907 0.512194 0.847132 -0.14151
47.8759 11.7773 -12.7144 0.500834 0.852617 -0.14903
47.3505 12.0844 -12.7363 0.505901 0.849286 -0.150924
46.8686 12.3685 -12.7525 0.506124 0.84965 -0.148101
46.4221 12.631 -12.7753 0.504868 0.849884 -0.151015
46.7962 12.4958 12.8612 0.509268 0.845427 0.160933
47.3743 12.1527 12.8384 0.50862 0.845814 0.160951
47.887 11.8486 12.8131 0.509713 0.845205 0.160686
48.3438 11.5771 12.7923 0.50974 0.84518 0.160734
48.8262 11.2901 12.771 0.509681 0.845146 0.161099
49.2735 11.0243 12.7505 0.509739 0.845178 0.160751
49.7715 10.7292 12.7247 0.509234 0.84596 0.158218
50.2426 10.4508 12.7065 0.506472 0.84778 0.157338
50.7465 10.155 12.6818 0.505417 0.849038 0.153909
51.2929 9.83398 12.6574 0.507075 0.848301 0.152512
51.9017 9.47654 12.628 0.505954 0.849546 0.149273
52.4356 9.15964 12.6021 0.508713 0.848682 0.144741
52.8997 8.88606 12.5825 0.508325 0.850181 0.137107
53.4778 8.54841 12.5564 0.500967 0.854786 0.135548
53.942 8.28027 12.5341 0.500638 0.854804 0.136645
54.4321 7.99595 12.5118 0.501527 0.854394 0.135951
54.8686 7.74256 12.4891 0.503164 0.853691 0.134308
55.3182 7.48089 12.4683 0.503324 0.853765 0.133231
55.7603 7.22571 12.446 0.498606 0.856486 0.133509
56.2342 6.95384 12.4242 0.497407 0.857148 0.13373
56.3495 6.88775 12.4193 0.496951 0.857408 0.133758
56.4569 6.82617 12.4148 0.496949 0.857408 0.133762
