-47.3286 5.47151 -38.0704 -0.433498 0.849664 -0.300249
-46.8684 5.81957 -37.7393 -0.427748 0.851537 -0.303179
-46.4472 6.12098 -37.4866 -0.421329 0.853719 -0.30593
-46.0706 6.38855 -37.2638 -0.422187 0.850461 -0.313807
-45.5621 6.74366 -36.9797 -0.42487 0.852821 -0.303615
-45.1398 7.04472 -36.7224 -0.420772 0.853177 -0.308284
-44.629 7.40318 -36.4265 -0.421013 0.854582 -0.304034
-44.2379 7.67078 -36.2125 -0.418686 0.855966 -0.303353
-43.8267 7.94675 -36.0024 -0.419082 0.855608 -0.303818
-43.4205 8.22634 -35.77 -0.417757 0.857776 -0.299497
-42.9855 8.5266 -35.5146 -0.416313 0.858448 -0.299582
-42.5911 8.79656 -35.2892 -0.416547 0.858216 -0.299923
-42.1438 9.10528 -35.0272 -0.416763 0.858354 -0.299227
-41.7177 9.40032 -34.7767 -0.417952 0.856829 -0.301927
-41.2268 9.74021 -34.4976 -0.415525 0.853179 -0.315317
-40.7831 10.0679 -34.2121 -0.422588 0.847229 -0.321903
-40.2792 10.4295 -33.9216 -0.411527 0.84854 -0.332576
-39.804 10.7568 -33.6772 -0.41368 0.84755 -0.332457
-39.3679 11.0581 -33.4485 -0.409496 0.847327 -0.338156
-38.9119 11.3756 -33.2055 -0.403434 0.852071 -0.333491
-38.526 11.6436 -32.999 -0.411473 0.845548 -0.340204
-38.0555 11.9574 -32.765 -0.400223 0.850611 -0.340967
-37.5328 12.325 -32.4666 -0.400692 0.851542 -0.338115
-37.142 12.6061 -32.2217 -0.400919 0.851542 -0.337847
-36.7306 12.905 -31.9598 -0.405569 0.849357 -0.337797
-36.2879 13.2204 -31.6959 -0.403666 0.847074 -0.345716
-35.9069 13.5022 -31.451 -0.403673 0.846534 -0.347027
-35.5389 13.7778 -31.2047 -0.398879 0.848931 -0.346694
-35.1145 14.0858 -30.9419 -0.39815 0.847927 -0.34999
-34.6129 14.4367 -30.6479 -0.38838 0.851124 -0.353198
-34.2062 14.7221 -30.406 -0.386512 0.851235 -0.354975
-33.8251 14.9948 -30.1673 -0.386976 0.850944 -0.355168
-33.3998 15.2974 -29.9056 -0.386998 0.850889 -0.355274
-32.9111 15.6412 -29.6145 -0.38729 0.851045 -0.354583
-32.4962 15.9301 -29.3736 -0.385612 0.851408 -0.355537
-31.9882 16.2796 -29.0846 -0.380257 0.853459 -0.356387
-31.499 16.6177 -28.8011 -0.378389 0.851327 -0.363407
-31.0773 16.9122 -28.5539 -0.379609 0.84725 -0.37153
-30.6696 17.2027 -28.3142 -0.379322 0.84491 -0.377146
-30.2483 17.5025 -28.0682 -0.37913 0.844701 -0.37781
-29.8165 17.8043 -27.8263 -0.380472 0.845056 -0.375658
-29.3935 18.0904 -27.6059 -0.373025 0.847398 -0.377831
-28.9737 18.3753 -27.3816 -0.364605 0.850105 -0.37997
-28.5555 18.6628 -27.1349 -0.361204 0.853032 -0.376649
-28.1456 18.953 -26.8696 -0.362691 0.853181 -0.374883
-27.7695 19.2269 -26.6098 -0.358707 0.853864 -0.377154
-27.406 19.4956 -26.349 -0.361282 0.852734 -0.377253
-27.0517 19.7535 -26.1032 -0.362485 0.851904 -0.377957
-26.5764 20.0835 -25.8225 -0.363379 0.847042 -0.387912
-26.122 20.3983 -25.5639 -0.36605 0.844383 -0.391184
-25.6682 20.7044 -25.3281 -0.365849 0.844278 -0.391599
-25.277 20.9705 -25.1199 -0.366608 0.844332 -0.39077
-24.8706 21.2484 -24.8999 -0.365959 0.844244 -0.391567
-24.4346 21.5342 -24.6877 -0.360377 0.846044 -0.392859
-24.0016 21.8123 -24.4848 -0.358767 0.846645 -0.393036
-23.5976 22.0805 -24.2762 -0.359019 0.846255 -0.393646
-23.1568 22.3846 -24.0246 -0.359203 0.846135 -0.393736
-22.7088 22.7014 -23.7524 -0.359195 0.846133 -0.393747
-22.289 22.9965 -23.4965 -0.351708 0.848323 -0.395771
-21.9035 23.2693 -23.2495 -0.347447 0.850285 -0.395343
-21.4962 23.5604 -22.9824 -0.343284 0.846738 -0.406436
-20.9912 23.9176 -22.6686 -0.342329 0.842943 -0.41503
-20.5804 24.1928 -22.4507 -0.344238 0.842912 -0.413521
-20.1286 24.4967 -22.2041 -0.337826 0.844755 -0.415044
-19.7518 24.7581 -21.9789 -0.33795 0.844661 -0.415135
-19.3552 25.0227 -21.7602 -0.331403 0.8452 -0.419295
-18.9718 25.2769 -21.5504 -0.330728 0.845583 -0.419057
-18.4828 25.6037 -21.2706 -0.321138 0.848564 -0.42045
-18.0746 25.8792 -21.0277 -0.316807 0.847254 -0.426372
-17.6422 26.1644 -20.7806 -0.317824 0.846965 -0.426192
-17.1489 26.4958 -20.4912 -0.313387 0.844351 -0.434581
-16.7524 26.7652 -20.2535 -0.313081 0.843324 -0.436782
-16.3179 27.0842 -19.9534 -0.315211 0.839819 -0.441972
-15.9397 27.369 -19.6814 -0.312497 0.840519 -0.442573
-15.5245 27.6587 -19.4217 -0.311463 0.84032 -0.443674
-15.0798 27.9528 -19.173 -0.305679 0.841595 -0.445283
-14.691 28.2018 -18.9702 -0.305312 0.840857 -0.446918
-14.2346 28.4885 -18.7416 -0.302489 0.840243 -0.449992
-13.7391 28.7989 -18.495 -0.304043 0.839927 -0.449534
-13.3416 29.0524 -18.2903 -0.304468 0.839906 -0.449285
-12.9145 29.3264 -18.0657 -0.299386 0.839638 -0.453185
-12.4344 29.6381 -17.807 -0.301114 0.839011 -0.4532
-12.0062 29.9184 -17.5736 -0.298661 0.836723 -0.459014
-11.498 30.1316 -17.5146 -0.288342 0.838127 -0.463033
-11.0303 30.1427 -17.7824 -0.285266 0.836052 -0.468658
-10.6 30.13 -18.0652 -0.285203 0.834966 -0.470622
-10.1005 30.1067 -18.4051 -0.278787 0.834759 -0.474809
-9.85443 29.9508 -18.8205 -0.279341 0.831394 -0.480357
-9.82371 29.6973 -19.278 -0.274089 0.833139 -0.480369
-9.81855 29.4442 -19.7216 -0.268845 0.835635 -0.478995
-9.78967 29.1484 -20.2535 -0.266359 0.83635 -0.479136
-9.72747 28.8553 -20.8003 -0.264583 0.836506 -0.479844
-9.65688 28.6077 -21.2688 -0.258372 0.838349 -0.480015
-9.57092 28.3765 -21.7208 -0.255227 0.839828 -0.479098
-9.46434 28.0889 -22.2782 -0.248302 0.84004 -0.482353
-9.38777 27.8285 -22.7652 -0.245582 0.836862 -0.489236
-9.30423 27.5953 -23.201 -0.233107 0.837883 -0.493558
-9.24156 27.3287 -23.6821 -0.22707 0.837858 -0.49642
-9.20761 27.0472 -24.1743 -0.223462 0.840862 -0.492965
-9.18567 26.7843 -24.6334 -0.220825 0.842531 -0.4913
-9.19096 26.4668 -25.1776 -0.219328 0.844393 -0.48877
-9.19774 26.1874 -25.6587 -0.219025 0.845467 -0.487046
-9.17738 25.8571 -26.2401 -0.215556 0.845808 -0.487997
-9.1457 25.5831 -26.7238 -0.210818 0.839382 -0.500908
-9.12403 25.2561 -27.2794 -0.201597 0.838436 -0.506332
-9.11178 24.9499 -27.7858 -0.19943 0.836193 -0.510874
-9.12781 24.6445 -28.2833 -0.196109 0.839652 -0.50648
-9.15592 24.3184 -28.8164 -0.181229 0.846861 -0.499982
-9.17473 24.0367 -29.2777 -0.183517 0.838922 -0.512378
-9.18596 23.7695 -29.7196 -0.179734 0.844548 -0.504409
-9.20813 23.4604 -30.2271 -0.182007 0.842646 -0.506775
-9.21116 23.1197 -30.7932 -0.179386 0.843735 -0.505898
-9.17852 22.8475 -31.2556 -0.181258 0.842303 -0.507614
-9.18179 22.5829 -31.6937 -0.179827 0.841653 -0.509192
-9.18835 22.3095 -32.1416 -0.179596 0.842034 -0.508643
-9.2174 22.0171 -32.6165 -0.178234 0.842824 -0.5078
-9.21309 21.7306 -33.095 -0.16952 0.844641 -0.507744
-9.20178 21.4529 -33.562 -0.160522 0.845975 -0.508483
-9.19352 21.1833 -34.0095 -0.159677 0.843618 -0.51265
-9.19006 20.8919 -34.4971 -0.163297 0.846173 -0.50726
-9.19924 20.6131 -34.9522 -0.1613 0.844805 -0.510157
-9.20603 20.2989 -35.4783 -0.155607 0.848297 -0.50612
-9.2031 20.0225 -35.9428 -0.144717 0.852035 -0.503064
-9.22779 19.7577 -36.3824 -0.140583 0.852537 -0.503406
-9.24847 19.493 -36.8254 -0.136688 0.854122 -0.501789
-9.27573 19.2193 -37.2802 -0.136096 0.850745 -0.507652
-9.29123 18.9439 -37.737 -0.139219 0.8488 -0.510056
-9.2737 18.5922 -38.3171 -0.136158 0.842467 -0.521252
-9.26768 18.3267 -38.7445 -0.135817 0.83859 -0.527561
-9.24938 18.0245 -39.2295 -0.135468 0.838628 -0.527585
-9.23173 17.6615 -39.8118 -0.130438 0.840457 -0.525945
-9.2434 17.3917 -40.2408 -0.125357 0.84284 -0.523361
-9.24509 17.1056 -40.7034 -0.122764 0.844222 -0.521742
-9.24991 16.8367 -41.1353 -0.122465 0.842833 -0.524057
-9.24377 16.4618 -41.7327 -0.119893 0.839367 -0.530179
-9.21746 16.1649 -42.2047 -0.117466 0.836317 -0.535515
-9.17903 15.866 -42.6801 -0.116933 0.836656 -0.535102
-9.16698 15.5231 -43.2201 -0.114661 0.837953 -0.533561
-9.18025 15.1987 -43.7269 -0.113211 0.839666 -0.531172
-9.1944 14.9179 -44.1688 -0.112129 0.841143 -0.529061
-9.19946 14.6187 -44.6445 -0.112616 0.842457 -0.526862
-9.19529 14.3459 -45.0823 -0.107994 0.842791 -0.527296
-9.19398 14.0766 -45.5123 -0.107763 0.842156 -0.528357
-9.19418 13.7988 -45.9549 -0.101466 0.842827 -0.528533
-9.1962 13.5255 -46.3894 -0.10003 0.841673 -0.530639
-9.1984 13.2403 -46.8406 -0.0987931 0.841362 -0.531366
-9.20106 12.9642 -47.2774 -0.0982288 0.841465 -0.531307
-9.20835 12.6228 -47.8191 -0.097606 0.843021 -0.52895
-9.2191 12.3346 -48.2786 -0.0987058 0.845315 -0.525067
-9.22607 12.0079 -48.8066 -0.0992478 0.847493 -0.521445
-9.23261 11.6863 -49.3285 -0.0984885 0.847639 -0.521352
-9.24395 11.4154 -49.7675 -0.0928452 0.848382 -0.521178
-9.24714 11.1296 -50.232 -0.0892959 0.849976 -0.51918
-9.25662 10.7753 -50.8129 -0.0766577 0.851365 -0.518898
-9.24657 10.4865 -51.2887 -0.0687117 0.855253 -0.513635
-9.24311 10.2252 -51.7199 -0.0619415 0.852728 -0.51867
-9.24095 9.93852 -52.1905 -0.0621399 0.85156 -0.520562
-9.25652 9.66283 -52.6388 -0.0625635 0.850605 -0.52207
-9.28794 9.34694 -53.1496 -0.0643596 0.850061 -0.522737
-9.29949 9.01711 -53.6845 -0.0642675 0.850602 -0.521868
-9.2879 8.71741 -54.1738 -0.0635638 0.850343 -0.522376
-9.3286 8.39431 -54.6948 -0.0637709 0.849999 -0.52291
-9.35693 8.09702 -55.1756 -0.0606898 0.850529 -0.522414
-9.35366 7.80542 -55.6538 -0.0561626 0.852409 -0.519835
-9.38415 7.50013 -56.1447 -0.0583017 0.848583 -0.52584
-9.40113 7.18457 -56.6525 -0.0491102 0.849624 -0.525097
-9.40503 6.89988 -57.1104 -0.045442 0.848855 -0.526668
-9.38309 6.50559 -57.7471 -0.040515 0.849139 -0.526612
-9.37831 6.22831 -58.1944 -0.0400134 0.849045 -0.526803
-9.38718 5.9481 -58.6453 -0.0434007 0.849 -0.526607
-9.36094 5.65943 -59.1138 -0.0382733 0.850024 -0.525352
-9.46716 5.39689 -59.5322 -0.0399713 0.85191 -0.522161
-9.99067 5.38131 -59.5174 -0.0407484 0.854038 -0.518612
-10.6239 5.38186 -59.4599 -0.051868 0.853113 -0.519128
-11.3205 5.36875 -59.4037 -0.0627524 0.850786 -0.521752
-11.8222 5.35705 -59.3579 -0.072015 0.849655 -0.522399
-12.3256 5.34864 -59.3008 -0.0747867 0.849735 -0.521879
-12.8992 5.34616 -59.2223 -0.0753662 0.849625 -0.521974
-13.4442 5.35789 -59.1185 -0.082718 0.849019 -0.521847
-14.0497 5.3673 -58.9954 -0.0975757 0.847161 -0.5223
-14.6071 5.36429 -58.8943 -0.101803 0.847535 -0.520885
-15.236 5.368 -58.7637 -0.105225 0.847793 -0.519782
-15.8557 5.3713 -58.6267 -0.119598 0.848014 -0.516302
-16.4074 5.35114 -58.5301 -0.126949 0.851623 -0.508549
-16.9749 5.34836 -58.3874 -0.134376 0.850755 -0.508094
-17.5347 5.34842 -58.239 -0.134773 0.850698 -0.508084
-18.0905 5.33794 -58.1091 -0.135098 0.850474 -0.508373
-18.6819 5.33607 -57.9556 -0.134208 0.849923 -0.509527
-19.353 5.34393 -57.7649 -0.137211 0.848243 -0.511524
-19.9104 5.34829 -57.6055 -0.14445 0.847871 -0.510145
-20.425 5.35131 -57.4552 -0.144508 0.845939 -0.513327
-20.967 5.3445 -57.308 -0.152135 0.84433 -0.513772
-21.6144 5.35037 -57.1031 -0.156812 0.843609 -0.51355
-22.2093 5.35334 -56.9059 -0.164292 0.843627 -0.511176
-22.7458 5.37237 -56.6973 -0.173626 0.841046 -0.512344
-23.2504 5.38972 -56.4955 -0.179457 0.841725 -0.509209
-23.8065 5.40806 -56.2724 -0.174248 0.844899 -0.505742
-24.3142 5.40774 -56.0902 -0.18663 0.845122 -0.500911
-24.91 5.39901 -55.8819 -0.182565 0.847161 -0.498988
-25.4458 5.40233 -55.6596 -0.209449 0.843695 -0.494276
-25.9502 5.40075 -55.4516 -0.204683 0.845795 -0.49268
-26.466 5.40284 -55.227 -0.214937 0.845601 -0.488622
-27.0424 5.41103 -54.9484 -0.224195 0.844281 -0.486748
-27.5084 5.41461 -54.715 -0.236578 0.845683 -0.478376
-27.9567 5.42497 -54.4723 -0.250301 0.842629 -0.476787
-28.4195 5.43233 -54.214 -0.253654 0.843885 -0.472776
-28.8857 5.44157 -53.9457 -0.25645 0.844528 -0.470114
-29.4279 5.43492 -53.6608 -0.25847 0.844716 -0.468666
-29.892 5.42292 -53.4256 -0.260359 0.844442 -0.468114
-30.3785 5.41931 -53.1617 -0.260667 0.845528 -0.46597
-30.982 5.42941 -52.7928 -0.274632 0.843788 -0.461085
-31.5682 5.4305 -52.4428 -0.274824 0.84645 -0.456051
-32.1157 5.43538 -52.0968 -0.280824 0.846552 -0.452203
-32.5601 5.43652 -51.8156 -0.286297 0.848212 -0.445613
-33.0583 5.43162 -51.503 -0.293467 0.844722 -0.447574
-33.4938 5.42223 -51.2347 -0.294353 0.843847 -0.448641
-33.9677 5.41516 -50.9366 -0.295207 0.844459 -0.446922
-34.3854 5.41923 -50.6515 -0.301594 0.841697 -0.447864
-34.9244 5.42637 -50.2713 -0.306829 0.840388 -0.446771
-35.405 5.43366 -49.9187 -0.313747 0.842308 -0.438269
-35.8606 5.43873 -49.5799 -0.316804 0.84562 -0.429603
-36.3868 5.44259 -49.1815 -0.318843 0.845171 -0.428982
-36.7918 5.45151 -48.8636 -0.31713 0.846155 -0.42831
-37.3209 5.46454 -48.4458 -0.314401 0.848946 -0.424785
-37.7358 5.46874 -48.1269 -0.314984 0.853073 -0.415994
-38.1886 5.46973 -47.7774 -0.31844 0.855285 -0.408759
-38.6498 5.46122 -47.4329 -0.322161 0.853396 -0.409789
-39.0763 5.44531 -47.1224 -0.33326 0.854134 -0.399204
-39.5746 5.4296 -46.7329 -0.339573 0.85139 -0.399782
-40.0642 5.43331 -46.2881 -0.35093 0.853474 -0.385267
-40.5046 5.43792 -45.878 -0.35472 0.850971 -0.387328
-40.9178 5.44491 -45.4837 -0.351888 0.852715 -0.386071
-41.373 5.44434 -45.071 -0.351596 0.854223 -0.382987
-41.7982 5.45874 -44.6484 -0.351197 0.852962 -0.386156
-42.2139 5.45913 -44.253 -0.362214 0.856013 -0.368839
-42.6174 5.45718 -43.8625 -0.356306 0.862979 -0.358209
-43.0019 5.4592 -43.4544 -0.372303 0.858422 -0.352848
-43.3508 5.45945 -43.0653 -0.387635 0.856377 -0.34111
-43.7709 5.44984 -42.6026 -0.397661 0.853068 -0.337846
-44.1417 5.43438 -42.1976 -0.398316 0.857437 -0.325802
-44.5379 5.42036 -41.7547 -0.404652 0.849767 -0.337865
-44.9476 5.41677 -41.2689 -0.406568 0.850102 -0.334708
-45.3321 5.41288 -40.8136 -0.406136 0.851077 -0.332749
-45.6945 5.40631 -40.3861 -0.406182 0.852315 -0.329508
-46.1186 5.3976 -39.8864 -0.40387 0.854623 -0.326357
-46.5086 5.3903 -39.4185 -0.407093 0.856443 -0.317459
-46.8217 5.38809 -39.014 -0.419673 0.852255 -0.312309
-47.1689 5.4005 -38.5004 -0.427348 0.851925 -0.302651
-47.3267 5.47023 -38.0768 -0.433497 0.849664 -0.300253
-50.4159 5.60252 -32.754 -0.474119 0.834979 -0.279317
-49.9756 5.9441 -32.4735 -0.470436 0.837172 -0.278985
-49.5304 6.27939 -32.212 -0.46672 0.839309 -0.278804
-49.1557 6.56296 -31.9826 -0.463264 0.84071 -0.280347
-48.7584 6.85838 -31.7504 -0.459821 0.842773 -0.279806
-48.3431 7.1576 -31.5258 -0.454552 0.844903 -0.281995
-47.8564 7.5036 -31.2734 -0.45354 0.84539 -0.282166
-47.4571 7.79136 -31.0512 -0.451962 0.846316 -0.28192
-47.0425 8.09515 -30.8053 -0.450137 0.846397 -0.284587
-46.6533 8.36934 -30.6059 -0.449788 0.846329 -0.28534
-46.188 8.69911 -30.3655 -0.450329 0.844824 -0.288913
-45.7939 8.99268 -30.1258 -0.45102 0.843187 -0.292601
-45.4157 9.27354 -29.8979 -0.447815 0.843374 -0.296952
-45.005 9.57902 -29.6522 -0.449276 0.841799 -0.299209
-44.6226 9.87168 -29.4021 -0.447725 0.841401 -0.302633
-44.2014 10.1918 -29.1372 -0.447329 0.840793 -0.304899
-43.8379 10.4631 -28.9236 -0.447635 0.840248 -0.305951
-43.4346 10.7625 -28.6923 -0.446569 0.840075 -0.307976
-43.0032 11.075 -28.4652 -0.446523 0.839599 -0.30934
-42.6283 11.3492 -28.2634 -0.446245 0.838487 -0.312738
-42.2225 11.6497 -28.0368 -0.445065 0.838727 -0.313773
-41.7282 12.0182 -27.7535 -0.445179 0.83845 -0.314353
-41.3154 12.324 -27.5232 -0.444676 0.838193 -0.315746
-40.852 12.6622 -27.2817 -0.446819 0.836666 -0.316769
-40.4548 12.9614 -27.0505 -0.444203 0.837581 -0.318029
-39.9986 13.32 -26.7427 -0.439236 0.837911 -0.324002
-39.6325 13.6069 -26.4969 -0.437675 0.838527 -0.324517
-39.1815 13.9471 -26.2259 -0.436664 0.838177 -0.326776
-38.7779 14.2466 -25.9969 -0.435502 0.838283 -0.328054
-38.4049 14.5235 -25.7843 -0.43513 0.838182 -0.328806
-37.9493 14.8712 -25.5007 -0.433533 0.83878 -0.329384
-37.5192 15.1908 -25.2489 -0.430853 0.840557 -0.328376
-36.9492 15.5957 -24.9528 -0.425745 0.843904 -0.326442
-36.4345 15.9644 -24.6692 -0.423257 0.842812 -0.332447
-35.9947 16.2894 -24.4103 -0.427468 0.839541 -0.335325
-35.5592 16.6123 -24.1545 -0.422178 0.840643 -0.339219
-35.1396 16.9185 -23.9139 -0.42091 0.840497 -0.341173
-34.7608 17.1944 -23.7021 -0.416897 0.840532 -0.345979
-34.3319 17.4993 -23.4813 -0.419222 0.839103 -0.346639
-33.8937 17.8252 -23.2254 -0.417103 0.83893 -0.3496
-33.48 18.1309 -22.987 -0.419878 0.837166 -0.350509
-32.9893 18.4938 -22.7004 -0.414743 0.839411 -0.35125
-32.559 18.8168 -22.4361 -0.413324 0.839559 -0.352568
-32.167 19.1067 -22.205 -0.411041 0.840583 -0.35279
-31.7677 19.3955 -21.9821 -0.409799 0.839249 -0.357385
-31.3933 19.6849 -21.7305 -0.406848 0.839942 -0.359118
-31.0063 19.9812 -21.4747 -0.405526 0.839766 -0.36103
-30.5715 20.3114 -21.1947 -0.404786 0.840048 -0.361203
-30.2137 20.5813 -20.967 -0.403858 0.840875 -0.360316
-29.8147 20.8764 -20.7231 -0.400321 0.840443 -0.365237
-29.4253 21.1607 -20.4962 -0.398358 0.840605 -0.366996
-28.9812 21.4796 -20.2498 -0.398853 0.837706 -0.373042
-28.589 21.7577 -20.0477 -0.400647 0.835956 -0.375046
-28.1352 22.0858 -19.8008 -0.399705 0.835973 -0.376011
-27.7406 22.368 -19.5932 -0.3993 0.835796 -0.376835
-27.2942 22.6761 -19.3819 -0.397798 0.835249 -0.379626
-26.7434 23.0684 -19.0931 -0.39535 0.835952 -0.380634
-26.2969 23.4104 -18.8108 -0.396163 0.832205 -0.387913
-25.8964 23.7317 -18.5306 -0.393615 0.831272 -0.392485
-25.4659 24.0543 -18.2734 -0.38892 0.833192 -0.393106
-25.061 24.3521 -18.0448 -0.389956 0.831745 -0.395138
-24.684 24.6412 -17.8099 -0.389191 0.83031 -0.398894
-24.2984 24.9187 -17.61 -0.391005 0.828789 -0.400281
-23.9096 25.1892 -17.4276 -0.385846 0.829168 -0.404475
-23.5098 25.4748 -17.2215 -0.384808 0.829488 -0.404811
-23.1351 25.7581 -16.9969 -0.381673 0.830349 -0.406013
-22.6193 26.1561 -16.6653 -0.377041 0.831862 -0.407242
-22.2134 26.458 -16.4268 -0.374996 0.831434 -0.409994
-21.819 26.735 -16.2236 -0.370431 0.831967 -0.413045
-21.3528 27.0747 -15.9578 -0.368137 0.831387 -0.416258
-20.843 27.4573 -15.64 -0.363129 0.832478 -0.418471
-20.4744 27.7307 -15.4187 -0.361779 0.833865 -0.416868
-20.0589 28.0396 -15.159 -0.35873 0.834329 -0.418578
-19.6835 28.3107 -14.9399 -0.355294 0.835153 -0.419862
-19.2073 28.6486 -14.6683 -0.350777 0.835363 -0.423218
-18.7838 28.9536 -14.4169 -0.344688 0.836672 -0.42564
-18.3898 29.2268 -14.1987 -0.341261 0.837156 -0.427447
-17.963 29.5232 -13.9575 -0.338721 0.837982 -0.427848
-17.513 29.8319 -13.7088 -0.334914 0.839088 -0.428675
-17.0819 30.111 -13.4944 -0.331113 0.840983 -0.427916
-16.6945 30.3629 -13.2984 -0.330118 0.841399 -0.427865
-16.2504 30.6415 -13.091 -0.3293 0.842698 -0.425936
-15.7964 30.9456 -12.8398 -0.329076 0.843153 -0.425207
-15.3481 31.2483 -12.5865 -0.330563 0.844208 -0.42195
-14.9312 31.5486 -12.3138 -0.333848 0.844166 -0.419438
-14.5419 31.8447 -12.029 -0.335934 0.843245 -0.419627
-14.173 32.1269 -11.7564 -0.338245 0.84346 -0.417332
-13.7911 32.4111 -11.4941 -0.343384 0.841734 -0.416618
-13.3701 32.7214 -11.2209 -0.350566 0.836018 -0.422111
-12.8317 33.0916 -10.9391 -0.355402 0.834835 -0.420404
-12.3631 33.339 -10.8575 -0.366016 0.82624 -0.428175
-11.8827 33.5634 -10.8409 -0.371907 0.82376 -0.427902
-11.2259 33.7709 -11.0106 -0.371105 0.818744 -0.43807
-10.7053 33.8031 -11.3819 -0.365136 0.814343 -0.451124
-10.2197 33.7442 -11.8721 -0.35998 0.812283 -0.458923
-9.83578 33.6725 -12.2887 -0.361958 0.803385 -0.472819
-9.45656 33.6337 -12.6366 -0.354762 0.80442 -0.4765
-8.94306 33.6008 -13.0472 -0.33678 0.801528 -0.494098
-8.40103 33.5853 -13.428 -0.318519 0.80492 -0.500621
-7.882 33.5811 -13.7572 -0.310995 0.805209 -0.504897
-7.43632 33.5766 -14.0294 -0.296517 0.807347 -0.510166
-6.9346 33.5815 -14.3061 -0.284329 0.811576 -0.510384
-6.45156 33.5769 -14.5775 -0.277452 0.811487 -0.514305
-5.89424 33.5551 -14.8959 -0.256335 0.814509 -0.520429
-5.45474 33.5095 -15.1748 -0.240476 0.816271 -0.525232
-5.05019 33.4219 -15.4931 -0.231049 0.816487 -0.529117
-4.61948 33.2271 -15.9839 -0.221815 0.824002 -0.521354
-4.2787 32.971 -16.5295 -0.21127 0.828166 -0.51914
-4.04643 32.7303 -17.0097 -0.208192 0.83098 -0.515876
-3.8992 32.4989 -17.4451 -0.206594 0.83404 -0.511563
-3.83976 32.2238 -17.9205 -0.205123 0.837135 -0.507079
-3.83533 31.9592 -18.3616 -0.204208 0.83976 -0.503092
-3.85567 31.6496 -18.8699 -0.207148 0.839545 -0.502249
-3.86635 31.3555 -19.3567 -0.207087 0.839107 -0.503005
-3.87204 31.0721 -19.8277 -0.208822 0.838997 -0.502471
-3.8634 30.8135 -20.2632 -0.208082 0.839016 -0.502747
-3.81972 30.4903 -20.8183 -0.20907 0.837125 -0.505481
-3.7398 30.2128 -21.3099 -0.209973 0.835397 -0.50796
-3.65725 29.9452 -21.7829 -0.209222 0.834206 -0.510223
-3.51768 29.6583 -22.3062 -0.206579 0.832842 -0.513517
-3.38855 29.4092 -22.7593 -0.204482 0.831181 -0.517033
-3.25497 29.1056 -23.2946 -0.195676 0.829251 -0.523502
-3.17407 28.8144 -23.7854 -0.19304 0.828652 -0.525418
-3.1404 28.4645 -24.346 -0.188879 0.826923 -0.529645
-3.13958 28.1808 -24.788 -0.184313 0.825814 -0.532972
-3.14961 27.8765 -25.2536 -0.183101 0.824812 -0.534939
-3.15578 27.5877 -25.6938 -0.178764 0.82282 -0.539454
-3.15607 27.3075 -26.1219 -0.176782 0.824289 -0.537862
-3.12699 27.0055 -26.5907 -0.174468 0.822278 -0.541682
-3.10658 26.7152 -27.0378 -0.173418 0.822875 -0.541113
-3.09127 26.3346 -27.6206 -0.166994 0.823009 -0.542921
-3.10981 26.0403 -28.0617 -0.164313 0.824877 -0.540901
-3.10201 25.7343 -28.5319 -0.157577 0.82484 -0.54296
-3.11108 25.442 -28.9753 -0.15139 0.827552 -0.540582
-3.11856 25.1585 -29.4094 -0.148424 0.828532 -0.539912
-3.14046 24.8543 -29.8709 -0.146987 0.830002 -0.53804
-3.17442 24.5386 -30.3487 -0.143709 0.830632 -0.537954
-3.1742 24.2339 -30.8196 -0.140269 0.830766 -0.538658
-3.14749 23.9559 -31.2567 -0.138098 0.832217 -0.536976
-3.09811 23.6827 -31.6939 -0.135036 0.835311 -0.532936
-3.08698 23.3432 -32.2323 -0.131353 0.839805 -0.526757
-3.10752 23.0334 -32.7193 -0.123995 0.839008 -0.529795
-3.14002 22.758 -33.1443 -0.123971 0.837214 -0.532638
-3.17019 22.4736 -33.5814 -0.121386 0.836036 -0.535079
-3.17736 22.1824 -34.0344 -0.122171 0.836291 -0.534499
-3.16518 21.8796 -34.5107 -0.11908 0.835293 -0.536755
-3.1705 21.5157 -35.0765 -0.118233 0.835845 -0.536083
-3.14292 21.2195 -35.5461 -0.116847 0.837123 -0.534389
-3.11795 20.939 -35.9916 -0.112714 0.837834 -0.534163
-3.10557 20.6608 -36.4311 -0.111541 0.838521 -0.53333
-3.09594 20.3775 -36.8799 -0.109824 0.839767 -0.531724
-3.12151 20.084 -37.3382 -0.109131 0.840183 -0.531208
-3.14643 19.7978 -37.7862 -0.109923 0.840745 -0.530156
-3.14924 19.5186 -38.2286 -0.108369 0.840306 -0.531167
-3.14362 19.1856 -38.7541 -0.107038 0.839137 -0.533285
-3.14496 18.8752 -39.2405 -0.103498 0.838279 -0.535327
-3.15262 18.508 -39.8079 -0.101887 0.83334 -0.543289
-3.1661 18.1538 -40.3461 -0.102126 0.830484 -0.5476
-3.17275 17.8308 -40.8326 -0.0987288 0.829701 -0.549408
-3.16168 17.5556 -41.2506 -0.0979402 0.829837 -0.549344
-3.14902 17.235 -41.7395 -0.0950152 0.832011 -0.546561
-3.11541 16.9605 -42.163 -0.0930591 0.832019 -0.546886
-3.09617 16.6017 -42.7128 -0.0919886 0.832683 -0.546055
-3.11336 16.286 -43.1912 -0.091453 0.832414 -0.546556
-3.12772 16.0016 -43.623 -0.089567 0.833434 -0.545311
-3.13742 15.7007 -44.0816 -0.0879228 0.83446 -0.54401
-3.13599 15.3877 -44.5612 -0.0854023 0.834411 -0.544485
-3.14253 15.0921 -45.0128 -0.0850906 0.834307 -0.544694
-3.15393 14.756 -45.5163 -0.0801952 0.830003 -0.551956
-3.12704 14.4804 -45.9328 -0.0761147 0.829304 -0.55359
-3.1297 14.1585 -46.4172 -0.0756039 0.831087 -0.55098
-3.13794 13.8121 -46.9412 -0.0749205 0.832574 -0.548824
-3.13028 13.5149 -47.3929 -0.0744735 0.832437 -0.549093
-3.12376 13.2335 -47.8208 -0.0738065 0.832025 -0.549805
-3.123 12.9336 -48.2744 -0.0723547 0.832646 -0.549059
-3.13445 12.6244 -48.7403 -0.0685328 0.832396 -0.549927
-3.14809 12.3436 -49.1631 -0.0612834 0.831888 -0.55155
-3.15732 11.9866 -49.7053 -0.0506727 0.83472 -0.548339
-3.15849 11.6448 -50.2267 -0.0533576 0.835511 -0.546877
-3.16862 11.3509 -50.6734 -0.0517231 0.836047 -0.546215
-3.1738 11.0597 -51.1187 -0.0499583 0.835219 -0.547636
-3.16883 10.7796 -51.5437 -0.0445279 0.83334 -0.550964
-3.1537 10.4355 -52.0627 -0.0423139 0.831391 -0.554071
-3.13036 10.1319 -52.5199 -0.0396757 0.83142 -0.554225
-3.14347 9.78067 -53.0486 -0.0401534 0.833701 -0.550754
-3.1292 9.44049 -53.5655 -0.038876 0.834269 -0.549984
-3.13565 9.12306 -54.0503 -0.0353729 0.835878 -0.547771
-3.15346 8.80405 -54.5365 -0.0322757 0.835831 -0.548036
-3.14486 8.51932 -54.9717 -0.029822 0.835596 -0.548533
-3.17252 8.13714 -55.5499 -0.0271428 0.835079 -0.549459
-3.22382 7.74015 -56.1504 -0.0247621 0.835678 -0.54866
-3.23385 7.43627 -56.6135 -0.024036 0.835765 -0.548561
-3.21549 7.11352 -57.103 -0.019121 0.833808 -0.551722
-3.20995 6.7895 -57.5892 -0.0165888 0.832381 -0.553943
-3.19887 6.44866 -58.102 -0.0123203 0.831473 -0.555425
-3.17919 6.16946 -58.5187 -0.00953396 0.8317 -0.555134
-3.17227 5.88692 -58.9428 -0.00632617 0.832547 -0.553917
-3.18224 5.59834 -59.3762 -0.00140851 0.832133 -0.554561
-3.17053 5.29291 -59.8354 0.00149042 0.831211 -0.555956
-3.16565 4.96071 -60.3296 0.00392874 0.827875 -0.56089
-3.17467 4.67531 -60.7479 0.0050463 0.825583 -0.564258
-3.16472 4.39107 -61.164 0.00691328 0.825677 -0.564101
-3.15883 4.10445 -61.5828 0.00716027 0.825596 -0.564216
-3.17399 3.79371 -62.0374 0.00597821 0.82507 -0.564999
-3.17869 3.45387 -62.5302 0.00663087 0.822691 -0.568436
-3.18776 3.08303 -63.0545 0.00701993 0.809581 -0.58696
-3.16332 2.72181 -63.5526 0.0123878 0.805411 -0.592586
-3.12791 2.36957 -64.0292 0.0123512 0.803485 -0.595197
-3.16289 2.04685 -64.4639 0.0128646 0.800658 -0.598983
-3.59765 1.93014 -64.6294 0.014768 0.799915 -0.599932
-4.10729 1.93073 -64.6403 0.0122499 0.800601 -0.599072
-4.61635 1.92723 -64.6558 0.0133582 0.800718 -0.598892
-5.25172 1.91775 -64.6829 0.0130706 0.800034 -0.59981
-5.88161 1.91155 -64.705 0.0119938 0.800156 -0.599673
-6.44767 1.90778 -64.7189 0.00605369 0.800035 -0.599923
-7.05713 1.89671 -64.7325 -0.00486086 0.798222 -0.602343
-7.62962 1.88811 -64.7352 -0.00994453 0.799201 -0.600982
-8.13446 1.88929 -64.7236 -0.0136341 0.800013 -0.599822
-8.64055 1.90085 -64.6937 -0.0172169 0.80065 -0.598885
-9.13963 1.91577 -64.656 -0.0237162 0.803533 -0.594786
-9.6886 1.93012 -64.615 -0.0238968 0.804124 -0.593981
-10.2733 1.92297 -64.5961 -0.0301016 0.802118 -0.596406
-10.778 1.93821 -64.5505 -0.0341962 0.802414 -0.595772
-11.391 1.94852 -64.4855 -0.0544252 0.802754 -0.593822
-11.9905 1.94483 -64.4336 -0.0610584 0.801234 -0.595201
-12.4993 1.93198 -64.3838 -0.0817832 0.806585 -0.585427
-13.1606 1.92067 -64.3047 -0.0820429 0.80839 -0.582902
-13.799 1.92026 -64.2117 -0.0877635 0.809053 -0.581144
-14.2952 1.92629 -64.122 -0.0985114 0.807618 -0.581419
-14.8253 1.91424 -64.0492 -0.0975501 0.805565 -0.584408
-15.3791 1.91501 -63.9531 -0.104364 0.803408 -0.586212
-15.9114 1.924 -63.8445 -0.109218 0.801954 -0.587318
-16.485 1.93301 -63.7253 -0.108544 0.802696 -0.586426
-17.0117 1.93778 -63.6203 -0.112824 0.805498 -0.58175
-17.6558 1.94818 -63.4743 -0.11945 0.802393 -0.58472
-18.2645 1.96168 -63.3182 -0.140936 0.794249 -0.591021
-18.8647 1.96446 -63.172 -0.149218 0.795142 -0.587759
-19.372 1.95949 -63.0488 -0.148858 0.797765 -0.584304
-19.8589 1.95383 -62.9245 -0.163924 0.794137 -0.585195
-20.4585 1.95081 -62.7561 -0.166619 0.795564 -0.582505
-20.9568 1.94847 -62.6178 -0.168618 0.797147 -0.57976
-21.4699 1.95184 -62.4634 -0.168833 0.794704 -0.583039
-22.0169 1.95491 -62.2978 -0.174204 0.794081 -0.582313
-22.6354 1.94896 -62.1124 -0.186667 0.789537 -0.584623
-23.2374 1.9536 -61.9065 -0.200666 0.791598 -0.577153
-23.8195 1.95513 -61.6978 -0.207459 0.791965 -0.574238
-24.3312 1.95313 -61.5144 -0.207319 0.796986 -0.567268
-24.9574 1.95203 -61.2887 -0.210077 0.801345 -0.560101
-25.4291 1.9605 -61.0971 -0.217675 0.799352 -0.560048
-25.8953 1.97381 -60.8939 -0.220577 0.803567 -0.552834
-26.397 1.96426 -60.7041 -0.226571 0.805541 -0.547511
-26.949 1.93365 -60.5199 -0.228445 0.802404 -0.551327
-27.5094 1.91902 -60.3128 -0.223938 0.804321 -0.550381
-28.0064 1.93032 -60.0987 -0.2289 0.807317 -0.543903
-28.5875 1.95686 -59.8116 -0.242042 0.799972 -0.548931
-29.0714 1.95715 -59.5817 -0.255893 0.797129 -0.546904
-29.6752 1.96673 -59.2777 -0.265377 0.797155 -0.542327
-30.1255 1.9774 -59.0474 -0.27264 0.793221 -0.544421
-30.5947 1.9784 -58.8078 -0.267738 0.798704 -0.538876
-31.1828 1.97974 -58.4964 -0.278191 0.80144 -0.529428
-31.6859 1.96379 -58.2488 -0.289478 0.795701 -0.532036
-32.2457 1.9456 -57.9755 -0.291696 0.788371 -0.541651
-32.7721 1.95085 -57.6828 -0.293892 0.788951 -0.539613
-33.3241 1.9643 -57.3606 -0.296355 0.787493 -0.540397
-33.8123 1.97016 -57.0823 -0.300667 0.785571 -0.540812
-34.2951 1.97659 -56.7965 -0.304344 0.789331 -0.533228
-34.8741 1.99372 -56.4292 -0.321942 0.78295 -0.532297
-35.4648 2.00002 -56.0468 -0.348729 0.78954 -0.504989
-35.9076 1.98813 -55.7632 -0.341916 0.790135 -0.508705
-36.3575 1.9789 -55.4659 -0.346819 0.794157 -0.499009
-36.7775 1.97446 -55.1839 -0.344674 0.79133 -0.504972
-37.2137 1.97674 -54.8821 -0.345196 0.79205 -0.503481
-37.64 1.97704 -54.5892 -0.345293 0.790996 -0.505072
-38.1552 1.97435 -54.2366 -0.34836 0.793307 -0.499309
-38.6823 1.98372 -53.8535 -0.347519 0.793137 -0.500147
-39.1177 1.99644 -53.5257 -0.356152 0.789059 -0.500542
-39.5391 2.00536 -53.2125 -0.354619 0.789384 -0.501117
-40.0306 2.00198 -52.8524 -0.375386 0.785409 -0.492156
-40.4911 2.00929 -52.4858 -0.3863 0.783799 -0.486241
-40.9994 2.01372 -52.0765 -0.385399 0.783411 -0.48758
-41.4413 2.01507 -51.7216 -0.386927 0.789243 -0.476832
-41.9567 1.98782 -51.3398 -0.393481 0.784768 -0.478865
-42.3725 1.97142 -51.0187 -0.404937 0.779029 -0.478681
-42.8414 1.97951 -50.6037 -0.40868 0.780459 -0.473137
-43.3176 1.98228 -50.1831 -0.413591 0.785568 -0.460122
-43.7179 1.96769 -49.8421 -0.416791 0.786695 -0.455404
-44.0841 1.97317 -49.4952 -0.421105 0.784626 -0.455
-44.5276 1.97746 -49.0788 -0.425794 0.781388 -0.456214
-44.9697 1.98047 -48.6611 -0.428048 0.780313 -0.455946
-45.3938 1.98892 -48.2485 -0.4278 0.78189 -0.45346
-45.8423 1.99757 -47.8076 -0.427775 0.782805 -0.451911
-46.2523 1.99887 -47.4142 -0.434291 0.783541 -0.44429
-46.731 2.00158 -46.9295 -0.445967 0.779237 -0.440344
-47.1441 2.01319 -46.4861 -0.440969 0.786506 -0.432382
-47.5424 2.0158 -46.0519 -0.460834 0.79097 -0.402489
-47.8862 2.00688 -45.67 -0.465496 0.788938 -0.401101
-48.2338 2.00449 -45.2693 -0.47776 0.781309 -0.401582
-48.6049 1.97724 -44.8706 -0.480924 0.781899 -0.39666
-48.9922 1.95432 -44.4472 -0.478964 0.783823 -0.39524
-49.3455 1.95923 -44.0036 -0.479908 0.786785 -0.388141
-49.7757 1.95592 -43.4627 -0.485163 0.789264 -0.376394
-50.1524 1.96642 -42.9571 -0.482333 0.79215 -0.373958
-50.4703 1.957 -42.5601 -0.481762 0.79473 -0.3692
-50.8086 1.93554 -42.1615 -0.484898 0.795085 -0.3643
-51.143 1.92481 -41.7381 -0.485884 0.795276 -0.362564
-51.4512 1.95156 -41.239 -0.491161 0.801112 -0.341968
-51.8043 1.95807 -40.7028 -0.500507 0.799316 -0.332546
-52.1514 1.94145 -40.2199 -0.499377 0.800687 -0.330942
-52.5076 1.92481 -39.6998 -0.510917 0.801184 -0.311558
-52.7643 1.93019 -39.2655 -0.512519 0.799193 -0.314031
-53.1186 1.92342 -38.6866 -0.518448 0.799331 -0.303778
-53.4385 1.92079 -38.1444 -0.521669 0.796467 -0.305782
-53.7073 1.9243 -37.6655 -0.527933 0.794609 -0.299806
-53.9428 1.94165 -37.1974 -0.532564 0.792768 -0.296471
-54.1995 1.94596 -36.7125 -0.538504 0.79092 -0.290617
-54.4914 1.94944 -36.1523 -0.543658 0.789429 -0.285021
-54.7371 1.98123 -35.5966 -0.54732 0.786104 -0.287196
-54.5494 2.27528 -35.1463 -0.545269 0.788384 -0.284834
-54.1098 2.67733 -34.8512 -0.529701 0.798983 -0.284681
-53.7457 2.98264 -34.6512 -0.515439 0.80941 -0.281387
-53.3724 3.28243 -34.4636 -0.508612 0.81595 -0.274843
-52.9919 3.58171 -34.2756 -0.504905 0.818786 -0.273241
-52.5928 3.89636 -34.0595 -0.493088 0.826028 -0.273022
-52.228 4.18195 -33.8533 -0.490986 0.826676 -0.274844
-51.8005 4.52039 -33.5984 -0.490046 0.826499 -0.277046
-51.4341 4.81512 -33.3601 -0.484215 0.829075 -0.279576
-51.0744 5.09943 -33.1345 -0.478801 0.832337 -0.27921
-50.6325 5.4404 -32.8696 -0.475098 0.834476 -0.279162
-50.501 5.53887 -32.7992 -0.475004 0.834181 -0.280201
-39.9602 9.25668 -37.3044 -0.390795 0.858802 -0.331269
-39.4951 9.43498 -37.3859 -0.38442 0.858592 -0.339176
-38.9735 9.63356 -37.477 -0.38102 0.8572 -0.346458
-38.3622 9.86049 -37.5815 -0.376284 0.857251 -0.35147
-37.8821 10.0371 -37.663 -0.373868 0.856984 -0.354685
-37.2926 10.2525 -37.7626 -0.373042 0.857519 -0.35426
-36.6511 10.4855 -37.8707 -0.370619 0.858 -0.355637
-36.1539 10.6653 -37.9544 -0.370163 0.858187 -0.35566
-35.6331 10.8536 -38.0422 -0.369851 0.858176 -0.356011
-35.1516 11.0266 -38.1233 -0.36982 0.857132 -0.358549
-34.6408 11.21 -38.2093 -0.363468 0.85376 -0.372806
-34.1179 11.3953 -38.2964 -0.363091 0.855528 -0.369103
-33.5325 11.5924 -38.3895 -0.348802 0.857518 -0.378152
-32.982 11.773 -38.4762 -0.340584 0.855745 -0.38949
-32.4857 11.9348 -38.5542 -0.33939 0.855607 -0.390833
-31.9514 12.1086 -38.6379 -0.339479 0.855492 -0.391009
-31.4691 12.265 -38.7137 -0.337704 0.856098 -0.391218
-30.9231 12.4409 -38.7992 -0.336615 0.856434 -0.391423
-30.2949 12.6418 -38.8973 -0.333424 0.857228 -0.392414
-29.8154 12.7932 -38.9713 -0.329356 0.856638 -0.39711
-29.3283 12.9405 -39.0436 -0.318049 0.856711 -0.406068
-28.7967 13.0974 -39.1211 -0.306994 0.855869 -0.416226
-28.2001 13.2663 -39.205 -0.295318 0.857387 -0.421514
-27.666 13.4122 -39.2781 -0.287758 0.861167 -0.419031
-27.0973 13.5642 -39.355 -0.286601 0.861765 -0.418593
-26.5328 13.7149 -39.4314 -0.287082 0.86058 -0.420697
-25.9018 13.8836 -39.5173 -0.287576 0.860455 -0.420616
-25.3889 14.0199 -39.5869 -0.274395 0.855975 -0.438195
-24.7784 14.1755 -39.6672 -0.27417 0.854417 -0.441365
-24.2947 14.2942 -39.7287 -0.256909 0.854439 -0.451588
-23.769 14.4187 -39.7931 -0.25703 0.852867 -0.454482
-23.2465 14.5414 -39.8573 -0.254646 0.853464 -0.454703
-22.7261 14.6619 -39.9213 -0.252944 0.851814 -0.458728
-22.0533 14.816 -40.0025 -0.250302 0.850353 -0.46287
-21.4333 14.9589 -40.0774 -0.253477 0.847343 -0.466648
-20.9494 15.0708 -40.1371 -0.253938 0.844746 -0.471083
-20.3846 15.1984 -40.2046 -0.243304 0.841442 -0.482471
-19.7747 15.3275 -40.2736 -0.226897 0.845674 -0.483066
-19.2504 15.4262 -40.3273 -0.205779 0.849971 -0.484979
-18.6384 15.5347 -40.3862 -0.19803 0.849911 -0.488298
-18.0121 15.6464 -40.4471 -0.199919 0.84754 -0.491639
-17.3508 15.7636 -40.5115 -0.195959 0.846097 -0.495702
-16.8078 15.8569 -40.5612 -0.182688 0.848425 -0.49679
-16.2898 15.9401 -40.6078 -0.180051 0.846703 -0.500675
-15.6541 16.0381 -40.6624 -0.17241 0.847876 -0.50138
-15.0976 16.1228 -40.7107 -0.171422 0.847554 -0.502261
-14.6005 16.1981 -40.7533 -0.159314 0.849685 -0.502648
-14.0028 16.2813 -40.7995 -0.155611 0.847229 -0.507925
-13.4913 16.3479 -40.8374 -0.142148 0.847258 -0.511808
-12.9191 16.4187 -40.8781 -0.140202 0.847544 -0.511872
-12.4188 16.4798 -40.9131 -0.139354 0.847324 -0.512466
-12.3427 13.4754 -45.8047 -0.114551 0.844211 -0.523628
-13.0172 13.4052 -45.7665 -0.119529 0.845034 -0.521182
-13.5333 13.3474 -45.7367 -0.122415 0.848697 -0.514517
-14.1567 13.2762 -45.7003 -0.133034 0.849943 -0.509803
-14.6548 13.2162 -45.6691 -0.135345 0.848434 -0.511705
-15.3008 13.1354 -45.6273 -0.141517 0.846326 -0.513522
-15.8301 13.0683 -45.5924 -0.14411 0.845213 -0.514633
-16.3814 12.9946 -45.5536 -0.155237 0.845764 -0.510475
-16.9194 12.9168 -45.5137 -0.165525 0.847987 -0.503507
-17.6108 12.812 -45.4613 -0.170057 0.851388 -0.496205
-18.1871 12.7223 -45.4147 -0.17228 0.850278 -0.49734
-18.7213 12.6389 -45.3722 -0.172274 0.850446 -0.497054
-19.2342 12.5568 -45.3311 -0.179486 0.850646 -0.494153
-19.7427 12.471 -45.2871 -0.192344 0.854281 -0.482917
-20.2803 12.3731 -45.2373 -0.208011 0.852435 -0.479674
-20.8159 12.27 -45.1853 -0.212917 0.855016 -0.472878
-21.3665 12.1623 -45.1313 -0.214352 0.854594 -0.472993
-21.8796 12.0614 -45.081 -0.214391 0.854832 -0.472545
-22.4009 11.9592 -45.0301 -0.213705 0.855171 -0.472242
-22.9328 11.8531 -44.9777 -0.220099 0.855193 -0.469256
-23.4211 11.7515 -44.9276 -0.230851 0.851966 -0.46996
-23.9079 11.6457 -44.8753 -0.240997 0.852636 -0.463608
-24.4267 11.5289 -44.8175 -0.245042 0.852234 -0.462225
-24.9743 11.4043 -44.7567 -0.245373 0.852226 -0.462063
-25.4928 11.2862 -44.6989 -0.244302 0.854537 -0.458349
-26.003 11.169 -44.6414 -0.251779 0.852889 -0.45737
-26.4955 11.0545 -44.5868 -0.250285 0.857964 -0.448614
-27.1623 10.8964 -44.5113 -0.255026 0.858372 -0.445151
-27.6973 10.7684 -44.4503 -0.256548 0.859602 -0.44189
-28.3032 10.6222 -44.3813 -0.257575 0.860837 -0.438879
-28.848 10.491 -44.3198 -0.259469 0.861076 -0.437291
-29.3694 10.3626 -44.2598 -0.264006 0.861157 -0.434408
-29.9088 10.2221 -44.1947 -0.279205 0.86251 -0.422045
-30.4373 10.0796 -44.1291 -0.287505 0.862888 -0.41565
-30.9444 9.94117 -44.0648 -0.289044 0.862792 -0.414782
-31.4288 9.80786 -44.0028 -0.290412 0.865466 -0.408203
-31.9747 9.65548 -43.9328 -0.29721 0.866105 -0.401907
-32.4647 9.51659 -43.8695 -0.30058 0.866882 -0.397703
-32.971 9.36296 -43.7995 -0.319718 0.861204 -0.395105
-33.6251 9.15701 -43.7063 -0.334837 0.856319 -0.393194
-34.154 8.98586 -43.6286 -0.338267 0.859284 -0.383676
-34.7634 8.78304 -43.5371 -0.344663 0.857271 -0.382484
-35.3867 8.5733 -43.4439 -0.34614 0.856911 -0.381957
-35.9729 8.3757 -43.3568 -0.346269 0.856783 -0.382128
-36.4693 8.20747 -43.2828 -0.34743 0.856585 -0.381516
-36.9874 8.03143 -43.2057 -0.348299 0.856062 -0.381897
-37.4712 7.86597 -43.1325 -0.349125 0.857034 -0.378951
-37.984 7.69104 -43.056 -0.348196 0.858529 -0.376413
-38.5412 7.50159 -42.9739 -0.346043 0.859967 -0.375115
-39.1069 7.31083 -42.8923 -0.346243 0.861207 -0.372072
-39.6407 7.12828 -42.8148 -0.348127 0.86226 -0.367854
-39.848 7.05702 -42.7844 -0.354056 0.862179 -0.362342
-31.9579 7.05632 -49.1147 -0.284163 0.849524 -0.444477
-31.4769 7.18331 -49.1699 -0.26799 0.855927 -0.442233
-30.9728 7.31071 -49.2244 -0.263044 0.852837 -0.451085
-30.4675 7.43491 -49.2774 -0.250266 0.857116 -0.450244
-29.8751 7.57535 -49.3395 -0.251271 0.85879 -0.446479
-29.3085 7.71071 -49.3984 -0.251428 0.860284 -0.443504
-28.7544 7.84226 -49.4562 -0.250226 0.861468 -0.441882
-28.1191 7.99118 -49.5228 -0.246968 0.862773 -0.441169
-27.5939 8.11295 -49.5757 -0.240244 0.866009 -0.438533
-27.0766 8.23052 -49.6277 -0.239997 0.867217 -0.436275
-26.5286 8.35082 -49.6815 -0.229921 0.86565 -0.444732
-25.9316 8.4794 -49.7383 -0.22013 0.864631 -0.451616
-25.271 8.61481 -49.7989 -0.214028 0.863074 -0.457489
-24.6413 8.73972 -49.8564 -0.213117 0.861801 -0.460305
-24.075 8.85218 -49.9077 -0.213039 0.862858 -0.458356
-23.4893 8.96824 -49.96 -0.211524 0.863122 -0.458561
-22.8979 9.082 -50.0112 -0.206843 0.858724 -0.468838
-22.4071 9.17414 -50.0537 -0.195551 0.860158 -0.471049
-21.7925 9.28341 -50.1043 -0.183402 0.860589 -0.475133
-21.2586 9.36855 -50.1441 -0.166818 0.862795 -0.477239
-20.6911 9.45589 -50.1841 -0.165567 0.860614 -0.481593
-19.9899 9.56182 -50.2338 -0.165301 0.863656 -0.476208
-19.3923 9.65406 -50.2771 -0.163155 0.86057 -0.482493
-18.7656 9.74914 -50.3212 -0.165876 0.861249 -0.480349
-18.1571 9.83895 -50.3631 -0.153856 0.859602 -0.487251
-17.6241 9.91049 -50.3971 -0.138939 0.860363 -0.490379
-17.0429 9.98481 -50.4307 -0.133424 0.856862 -0.497982
-16.4106 10.0617 -50.4669 -0.132655 0.855096 -0.501212
-15.7729 10.1383 -50.5037 -0.130981 0.85479 -0.502174
-15.0675 10.2218 -50.5437 -0.129021 0.855453 -0.501552
-14.4759 10.2896 -50.5761 -0.123776 0.85629 -0.501444
-13.9756 10.3464 -50.6025 -0.123441 0.85625 -0.501595
-13.3662 10.4142 -50.6372 -0.123239 0.854757 -0.504185
-12.7817 10.4786 -50.6692 -0.11973 0.851963 -0.509728
-12.4071 10.5174 -50.689 -0.112899 0.852833 -0.509833
-12.5079 7.59855 -55.5704 -0.0916394 0.858454 -0.504637
-13.006 7.55498 -55.5519 -0.0938772 0.858341 -0.504418
-13.5403 7.50854 -55.5307 -0.0959142 0.857962 -0.504681
-14.055 7.46257 -55.5106 -0.0964789 0.857614 -0.505163
-14.5693 7.41356 -55.4893 -0.108694 0.857482 -0.502901
-15.1754 7.35142 -55.4619 -0.111829 0.858466 -0.50053
-15.7713 7.28608 -55.4333 -0.12032 0.857343 -0.500486
-16.2924 7.22665 -55.4076 -0.126307 0.854132 -0.504486
-16.8094 7.16555 -55.3807 -0.131653 0.852827 -0.505325
-17.4169 7.09119 -55.3467 -0.135152 0.851846 -0.506056
-17.9571 7.0227 -55.3176 -0.135617 0.851872 -0.505888
-18.5804 6.94369 -55.2837 -0.135255 0.851915 -0.505913
-12.3303 19.4571 -35.9662 -0.161287 0.853925 -0.494772
-12.9662 19.3646 -35.9106 -0.171413 0.85371 -0.491728
-13.4623 19.2908 -35.866 -0.171128 0.855543 -0.488632
-13.955 19.2148 -35.8202 -0.181885 0.856016 -0.483895
-14.5075 19.1263 -35.7691 -0.187667 0.859109 -0.476143
-15.0389 19.0362 -35.7174 -0.198158 0.860002 -0.470245
-15.5478 18.9444 -35.6651 -0.206381 0.857235 -0.471758
-16.1292 18.8324 -35.6013 -0.218979 0.852447 -0.474744
-16.6267 18.7343 -35.5448 -0.221249 0.854136 -0.470639
-17.1521 18.6292 -35.4847 -0.226985 0.856588 -0.463395
-17.7799 18.5004 -35.4113 -0.23257 0.857854 -0.458255
-18.4865 18.3533 -35.3281 -0.231681 0.85988 -0.454896
-18.9988 18.2458 -35.2674 -0.234908 0.862611 -0.448019
-19.5184 18.1344 -35.2046 -0.243383 0.861792 -0.44506
-20.1332 17.9977 -35.1274 -0.251682 0.863255 -0.437546
-20.7203 17.8625 -35.0506 -0.256803 0.862204 -0.436643
-21.3227 17.7225 -34.9732 -0.25721 0.861248 -0.438286
-21.8435 17.5994 -34.9053 -0.264516 0.859318 -0.437726
-22.3556 17.4719 -34.8355 -0.291418 0.856811 -0.425383
-22.8683 17.3301 -34.7581 -0.299033 0.853049 -0.427653
-23.3671 17.1919 -34.683 -0.305534 0.853256 -0.422615
-24.0199 17.0067 -34.5828 -0.307396 0.851783 -0.424234
-24.6323 16.8321 -34.489 -0.307791 0.851907 -0.423698
-25.1402 16.6864 -34.4113 -0.310205 0.851335 -0.423085
-25.7242 16.5157 -34.3206 -0.319833 0.847556 -0.423505
-26.2211 16.3643 -34.2407 -0.330282 0.846613 -0.417324
-26.7823 16.1903 -34.1491 -0.331614 0.846097 -0.417315
-27.2934 16.0307 -34.0654 -0.333272 0.846628 -0.414911
-27.8411 15.8569 -33.9746 -0.340839 0.849175 -0.403399
-28.3803 15.6831 -33.8841 -0.343352 0.851871 -0.395505
-28.8775 15.5185 -33.7989 -0.351669 0.852015 -0.387815
-29.3787 15.3509 -33.7126 -0.353122 0.852235 -0.386006
-29.9298 15.1654 -33.6177 -0.35363 0.852109 -0.385819
-30.4533 14.9896 -33.5282 -0.350737 0.85504 -0.381955
-31.0691 14.7838 -33.4233 -0.346237 0.857612 -0.380293
-31.5809 14.6143 -33.3368 -0.34747 0.858006 -0.378273
-32.1038 14.4411 -33.2484 -0.351154 0.857314 -0.376434
-32.6062 14.2689 -33.161 -0.363885 0.851978 -0.376459
-32.7718 14.2103 -33.1317 -0.369455 0.850606 -0.374129
-25.9017 18.9401 -28.9934 -0.346167 0.851978 -0.392813
-25.4026 19.1015 -29.0815 -0.342589 0.850536 -0.399025
-24.9037 19.2616 -29.1687 -0.341739 0.849778 -0.401363
-24.4204 19.4155 -29.2537 -0.34116 0.850143 -0.401081
-23.8242 19.6034 -29.3581 -0.333611 0.852145 -0.403179
-23.3386 19.7528 -29.4398 -0.326699 0.856055 -0.400546
-22.7857 19.9204 -29.53 -0.324196 0.856062 -0.40256
-22.1778 20.1011 -29.6314 -0.313194 0.854309 -0.414808
-21.4989 20.2951 -29.7409 -0.302682 0.853897 -0.423371
-20.8928 20.4586 -29.8346 -0.283089 0.856827 -0.430939
-20.3261 20.5992 -29.9149 -0.271731 0.856156 -0.439499
-19.8047 20.7276 -29.9882 -0.271449 0.853303 -0.445184
-19.3153 20.8482 -30.0592 -0.274217 0.851153 -0.447598
-18.6246 21.0184 -30.1591 -0.273279 0.847228 -0.455548
-18.0896 21.1484 -30.2358 -0.263693 0.849257 -0.457415
-17.6008 21.2643 -30.3035 -0.264037 0.84587 -0.463453
-17.062 21.3863 -30.3755 -0.25165 0.849939 -0.4629
-16.5042 21.5108 -30.4495 -0.246371 0.851017 -0.463758
-15.961 21.6288 -30.5189 -0.241771 0.852772 -0.462954
-15.4268 21.7419 -30.5867 -0.237066 0.853762 -0.463562
-14.9269 21.844 -30.6493 -0.227974 0.855289 -0.465304
-14.2418 21.9745 -30.728 -0.210839 0.859944 -0.464804
-13.7284 22.0668 -30.7812 -0.194338 0.861684 -0.468758
-13.1736 22.1605 -30.8379 -0.192991 0.859655 -0.47302
-12.6631 22.2494 -30.893 -0.204489 0.852199 -0.481602
-12.2269 22.3238 -30.9394 -0.198834 0.849983 -0.487846
-12.4218 25.1848 -25.8927 -0.234623 0.848838 -0.473736
-12.9174 25.0808 -25.8277 -0.247818 0.845668 -0.472685
-13.433 24.9673 -25.7574 -0.252205 0.848241 -0.465704
-13.9369 24.8526 -25.6858 -0.26532 0.847179 -0.460319
-14.4928 24.7223 -25.6052 -0.265537 0.847927 -0.458814
-14.9773 24.608 -25.5358 -0.265582 0.848373 -0.457962
-15.5116 24.4804 -25.4588 -0.267821 0.851792 -0.450248
-16.0099 24.3602 -25.3854 -0.270406 0.855046 -0.442466
-16.4987 24.2417 -25.3129 -0.275061 0.854839 -0.43999
-17.0902 24.0978 -25.2259 -0.276113 0.856951 -0.435196
-17.7161 23.941 -25.1305 -0.284952 0.853751 -0.435788
-18.222 23.8082 -25.0507 -0.29599 0.85502 -0.42583
-18.5582 23.7155 -24.9955 -0.310386 0.851518 -0.422584
-18.7361 23.6653 -24.9656 -0.314875 0.850901 -0.420501
