32.963 23.5513 3.14997 0.538078 0.840167 0.0677053
33.0758 23.519 2.62023 0.536898 0.841682 0.0575263
33.2993 23.4138 2.00702 0.54099 0.839715 0.0469993
33.539 23.2847 1.52381 0.542737 0.838759 0.0437557
33.7807 23.1531 1.03544 0.545172 0.837303 0.0413726
33.9889 23.0364 0.583033 0.54487 0.838097 0.0266582
34.1766 22.9265 0.124682 0.542713 0.839808 0.0129812
34.3644 22.809 -0.390754 0.546606 0.83739 -0.000503205
34.5345 22.695 -0.905099 0.548699 0.835984 -0.00776848
34.6855 22.5889 -1.38577 0.550061 0.834997 -0.0145726
34.8638 22.46 -1.91488 0.546521 0.837213 -0.0197046
35.0543 22.3227 -2.37054 0.542801 0.839484 -0.0251453
35.369 22.0992 -2.99034 0.540813 0.840597 -0.0303002
35.596 21.9348 -3.40774 0.54016 0.840411 -0.0439928
35.83 21.7587 -3.8332 0.542277 0.838386 -0.0551825
36.0633 21.5741 -4.27334 0.546591 0.834757 -0.0664801
36.2781 21.3958 -4.71165 0.549223 0.832664 -0.0708923
36.4867 21.2179 -5.1818 0.549785 0.832219 -0.0717481
36.6721 21.056 -5.64038 0.549982 0.8321 -0.0716149
36.8785 20.8663 -6.21433 0.552662 0.829718 -0.0783065
37.0289 20.7169 -6.69261 0.553768 0.827691 -0.0909286
37.1646 20.5733 -7.17606 0.551931 0.828746 -0.0924756
37.2933 20.4243 -7.73853 0.550859 0.82934 -0.0935281
37.4091 20.2861 -8.28782 0.549973 0.830055 -0.0923948
37.6018 20.0864 -8.93265 0.548261 0.831095 -0.0932126
37.7575 19.9103 -9.53524 0.548007 0.829589 -0.107103
37.8933 19.7535 -10.0447 0.537682 0.834429 -0.120941
38.0504 19.5711 -10.5627 0.541858 0.830119 -0.131502
38.2638 19.328 -11.1498 0.542691 0.827119 -0.146136
38.6645 18.9909 -11.5755 0.53581 0.831044 -0.149247
39.0314 18.7135 -11.8119 0.532617 0.83373 -0.14565
39.4596 18.4015 -12.0542 0.526248 0.838025 -0.144141
39.8703 18.1048 -12.2839 0.522708 0.840432 -0.143008
40.3845 17.735 -12.5796 0.521968 0.840764 -0.143755
40.7943 17.4411 -12.8088 0.521989 0.840338 -0.14615
41.2065 17.1415 -13.0567 0.523528 0.839306 -0.146574
41.6748 16.8055 -13.3098 0.524849 0.838071 -0.148856
42.1736 16.4435 -13.5634 0.525953 0.83427 -0.16543
42.6706 16.0787 -13.8349 0.52204 0.837041 -0.16382
43.0339 15.8077 -14.0566 0.523388 0.834905 -0.170218
43.5484 15.4185 -14.364 0.518852 0.834312 -0.186325
44.0741 15.0259 -14.6609 0.512338 0.836901 -0.192633
44.471 14.7353 -14.8825 0.507238 0.84125 -0.187086
44.8561 14.4633 -15.078 0.50175 0.844527 -0.187117
45.2503 14.1785 -15.2859 0.510507 0.840633 -0.180836
45.6558 13.8839 -15.5175 0.511756 0.83972 -0.181594
46.0703 13.5799 -15.7623 0.511254 0.840926 -0.177378
46.4998 13.2669 -15.9974 0.510113 0.839098 -0.188941
46.9688 12.9215 -16.2579 0.511864 0.836938 -0.193728
47.3725 12.6226 -16.4913 0.504999 0.841288 -0.192856
47.8012 12.3067 -16.7587 0.4962 0.845715 -0.196345
48.1628 12.037 -17.0015 0.497911 0.844042 -0.199194
48.578 11.7288 -17.2599 0.499004 0.842628 -0.202419
48.9913 11.4255 -17.5035 0.499518 0.84228 -0.202597
49.5433 11.0322 -17.7727 0.496925 0.842944 -0.206181
50.0441 10.6652 -18.0506 0.499271 0.839513 -0.214343
50.4931 10.3385 -18.2966 0.490651 0.845178 -0.211977
50.9622 10.0026 -18.5553 0.487579 0.847014 -0.211739
51.3434 9.72923 -18.767 0.489879 0.846838 -0.207063
51.805 9.39838 -19.029 0.487612 0.846685 -0.212976
52.2744 9.05952 -19.2953 0.48777 0.846847 -0.211946
52.8109 8.67465 -19.6046 0.486125 0.847143 -0.214547
53.3134 8.31614 -19.8796 0.486122 0.846498 -0.217086
53.6957 8.03602 -20.1166 0.483777 0.847208 -0.219532
54.0626 7.77126 -20.3344 0.480178 0.84899 -0.220555
54.5739 7.41245 -20.6058 0.477466 0.850926 -0.218977
54.9646 7.1386 -20.8134 0.478276 0.849501 -0.222709
55.3402 6.8728 -21.0129 0.483312 0.846265 -0.224154
55.83 6.51435 -21.2986 0.48635 0.843446 -0.228171
56.2339 6.21178 -21.5486 0.485325 0.842747 -0.232886
56.6468 5.90289 -21.7973 0.489148 0.839725 -0.235785
57.08 5.59826 -21.9854 0.485536 0.841334 -0.237511
57.4287 5.53166 -21.5045 0.48484 0.841939 -0.236786
57.699 5.52842 -20.9514 0.484908 0.845117 -0.225008
57.9806 5.52833 -20.329 0.493285 0.843856 -0.210912
58.2018 5.52218 -19.8042 0.500828 0.842391 -0.198867
58.4053 5.5147 -19.2906 0.504531 0.843484 -0.1843
58.6012 5.51857 -18.7389 0.510268 0.839512 -0.186672
58.7633 5.53842 -18.1986 0.51483 0.837755 -0.181977
58.9337 5.55121 -17.6555 0.515831 0.837189 -0.181743
59.1104 5.55872 -17.1079 0.518953 0.836289 -0.176931
59.2713 5.56338 -16.6051 0.51992 0.836606 -0.172543
59.4632 5.56559 -15.9917 0.524064 0.836294 -0.161148
59.6368 5.56755 -15.4137 0.52238 0.837959 -0.157913
59.7692 5.57735 -14.921 0.523541 0.837406 -0.157022
59.9579 5.5739 -14.3002 0.528789 0.835812 -0.14765
60.1065 5.56893 -13.8123 0.527895 0.835143 -0.154464
60.2453 5.5586 -13.332 0.533167 0.835851 -0.13071
60.4092 5.55086 -12.7024 0.528083 0.839835 -0.125719
60.53 5.55512 -12.157 0.530574 0.83874 -0.122503
60.669 5.55407 -11.5682 0.530014 0.838831 -0.124291
60.7688 5.56639 -11.0642 0.529995 0.838577 -0.126072
60.8755 5.57918 -10.5295 0.530259 0.838465 -0.125709
60.996 5.58002 -10.0164 0.529965 0.8386 -0.126043
61.1008 5.59751 -9.44682 0.535236 0.835409 -0.12496
61.1823 5.61627 -8.88105 0.54239 0.834081 -0.100302
61.2578 5.63817 -8.28244 0.547609 0.831741 -0.0912652
61.3622 5.63667 -7.66366 0.549233 0.830879 -0.0893375
61.4694 5.62998 -7.05074 0.550081 0.830725 -0.0854765
61.5609 5.62163 -6.51743 0.549857 0.831701 -0.077008
61.6564 5.61909 -5.84031 0.549212 0.832895 -0.0680121
61.7056 5.62451 -5.33138 0.550358 0.832781 -0.0598467
61.7561 5.62928 -4.79459 0.546212 0.835708 -0.056955
61.8275 5.62276 -4.20155 0.545937 0.836396 -0.0484247
61.8811 5.61337 -3.69212 0.54146 0.839719 -0.0410154
61.9223 5.61031 -3.07356 0.538611 0.84206 -0.0288271
61.9372 5.61785 -2.55357 0.537246 0.843002 -0.0266889
61.9597 5.61865 -2.04305 0.53938 0.841888 -0.0171435
61.9733 5.62154 -1.41256 0.541829 0.840398 -0.0123353
62.0006 5.60924 -0.807656 0.542098 0.840307 -0.00374338
61.9977 5.61277 -0.287727 0.541647 0.840605 -0.00141103
62.0106 5.60532 0.368411 0.542183 0.840259 -0.000204924
62.0106 5.6035 1.12465 0.541246 0.840862 0.00201845
62.0345 5.58228 1.70573 0.541927 0.840337 0.0120963
62.0412 5.56883 2.3391 0.538292 0.84259 0.0168851
62.0281 5.56615 2.89275 0.538492 0.842463 0.0168132
62.0218 5.55901 3.42972 0.537366 0.84316 0.0178596
62.0023 5.55896 4.00105 0.534272 0.845017 0.0223455
61.9591 5.56733 4.6397 0.532953 0.845702 0.0273473
61.9296 5.56662 5.20514 0.53433 0.84466 0.0322579
61.8749 5.58123 5.73452 0.534772 0.844405 0.0315955
61.8227 5.59234 6.27422 0.543329 0.838671 0.0377458
61.7754 5.59651 6.77838 0.542814 0.838289 0.0512277
61.696 5.60407 7.41582 0.534269 0.843259 0.0589116
61.6296 5.60597 7.92566 0.534746 0.842206 0.068765
61.5593 5.60317 8.44138 0.533969 0.841976 0.077156
61.4908 5.5897 9.02216 0.527701 0.844457 0.0917172
61.3865 5.58803 9.60874 0.526812 0.843771 0.102565
61.2775 5.581 10.1908 0.5299 0.840303 0.114441
61.1393 5.57859 10.7956 0.532453 0.836102 0.132006
61.0132 5.57991 11.2947 0.530031 0.8377 0.131621
60.8866 5.58145 11.7948 0.526754 0.839886 0.130829
60.7589 5.57938 12.32 0.522642 0.842508 0.13045
60.6406 5.57056 12.8366 0.521272 0.842624 0.135132
60.4927 5.55685 13.4686 0.517757 0.843674 0.141918
60.3635 5.54231 14.0009 0.518761 0.841446 0.151172
60.2432 5.52882 14.4873 0.520338 0.840072 0.153374
60.1077 5.5204 14.9863 0.522969 0.837927 0.156145
59.9638 5.51862 15.4788 0.521152 0.83869 0.158093
59.8063 5.51828 15.9929 0.521935 0.837248 0.163037
59.625 5.51925 16.5599 0.518405 0.83906 0.165022
59.4682 5.51884 17.0496 0.518103 0.838869 0.166937
59.2538 5.52779 17.6481 0.513188 0.840594 0.173316
59.0444 5.52817 18.2307 0.501698 0.846327 0.178907
58.8576 5.53173 18.7378 0.49696 0.848812 0.180401
58.6608 5.52763 19.2735 0.490475 0.850611 0.189458
58.4527 5.52999 19.8197 0.497933 0.845011 0.194701
58.2461 5.52419 20.3183 0.485657 0.848975 0.208239
58.0119 5.531 20.8403 0.484432 0.847737 0.215978
57.7739 5.53817 21.3352 0.483185 0.847115 0.221198
57.5428 5.5445 21.8114 0.479161 0.847195 0.229445
57.2267 5.63233 22.1512 0.48591 0.844098 0.226694
56.8187 5.92374 21.9302 0.479536 0.848362 0.224318
56.4229 6.21079 21.6845 0.479343 0.848509 0.224184
56.0057 6.50927 21.4458 0.482367 0.847098 0.22304
55.5419 6.84055 21.1911 0.483822 0.846434 0.222407
55.1576 7.11642 20.979 0.484974 0.845861 0.222078
54.7432 7.40787 20.7719 0.484103 0.846273 0.222407
54.3143 7.72477 20.4932 0.479936 0.849621 0.218647
53.8086 8.09347 20.1648 0.477676 0.851303 0.217042
53.3791 8.39143 19.9257 0.471912 0.856475 0.20915
52.955 8.67899 19.6993 0.4693 0.857914 0.209145
52.5605 8.94746 19.4908 0.473177 0.856185 0.207483
52.1242 9.25009 19.2413 0.475123 0.854885 0.208397
51.7418 9.51429 19.0314 0.480815 0.851817 0.207907
51.2868 9.82463 18.815 0.484354 0.849638 0.208607
50.8891 10.1086 18.591 0.491036 0.845222 0.210909
50.4319 10.4353 18.3458 0.491016 0.845305 0.210625
49.9176 10.8065 18.0632 0.494429 0.843907 0.208225
49.4867 11.1256 17.7908 0.495693 0.843284 0.20775
49.1182 11.3952 17.5762 0.4959 0.842986 0.208466
48.7268 11.6848 17.34 0.496243 0.842205 0.210792
48.3302 11.9792 17.0942 0.495612 0.842624 0.2106
47.9529 12.2519 16.8896 0.499572 0.840446 0.209939
47.586 12.5245 16.6716 0.502021 0.841266 0.200595
47.1341 12.8693 16.3643 0.504376 0.839832 0.200687
46.7491 13.1585 16.1207 0.50423 0.839033 0.204393
46.2923 13.5007 15.8369 0.507354 0.839593 0.194103
45.9119 13.7849 15.6186 0.507088 0.839582 0.194841
45.5337 14.0639 15.4126 0.512792 0.836412 0.193526
45.0875 14.3944 15.1608 0.511448 0.837599 0.191957
44.6481 14.7162 14.9174 0.506496 0.841401 0.188398
44.2672 14.9874 14.7175 0.502889 0.844361 0.184816
43.8474 15.2848 14.4989 0.503603 0.845739 0.176356
43.4546 15.5665 14.2723 0.508542 0.842336 0.178476
42.9889 15.9019 14.0342 0.520637 0.835906 0.173661
42.6092 16.1802 13.833 0.524743 0.835332 0.163766
42.1525 16.52 13.5353 0.520678 0.838912 0.158498
41.6735 16.8721 13.2244 0.512764 0.843653 0.159112
41.2686 17.1632 13.0009 0.514129 0.841756 0.16467
40.8767 17.442 12.8015 0.520001 0.838378 0.163443
40.3881 17.7996 12.5202 0.519101 0.839294 0.161605
39.9682 18.1056 12.2728 0.522599 0.83822 0.155815
39.4547 18.4745 11.9836 0.515772 0.843882 0.147793
39.0791 18.741 11.7793 0.522138 0.842256 0.133948
38.716 19.0034 11.5549 0.527852 0.839739 0.127248
38.3366 19.2816 11.3266 0.538572 0.833209 0.12525
37.828 19.6455 11.0661 0.534128 0.83722 0.117326
37.3488 19.9814 10.8114 0.521629 0.844916 0.118405
36.9587 20.2519 10.5989 0.520681 0.845346 0.119504
36.5109 20.5783 10.2504 0.523005 0.844265 0.116898
36.2123 20.8102 9.90167 0.524959 0.842811 0.118693
35.9501 21.0316 9.47894 0.529298 0.841396 0.109074
35.7248 21.2292 9.05145 0.529709 0.841012 0.110032
35.4367 21.4755 8.55389 0.529867 0.841124 0.108406
35.149 21.7226 8.03542 0.528052 0.842408 0.107286
34.8872 21.9401 7.60945 0.526411 0.843842 0.10402
34.5914 22.1867 7.09464 0.523569 0.84605 0.100373
34.3386 22.4006 6.59157 0.523874 0.846823 0.0919034
34.083 22.6122 6.02514 0.517579 0.851564 0.0833096
33.8682 22.7841 5.54911 0.521099 0.850457 0.0719455
33.6759 22.9395 5.11238 0.523139 0.849224 0.0717058
33.4499 23.1209 4.60566 0.526929 0.847183 0.068028
33.237 23.2958 4.11272 0.532799 0.843361 0.0697509
33.0568 23.4511 3.6302 0.536776 0.840657 0.0718679
32.9668 23.5391 3.26532 0.537406 0.840381 0.0703829
27.5924 26.961 3.23931 0.541212 0.838561 0.0624863
27.5902 27.0081 2.5841 0.541734 0.838781 0.054447
27.6076 27.03 2.06953 0.537028 0.84176 0.0551453
27.7324 26.9817 1.56202 0.537241 0.84199 0.0491996
27.9239 26.8875 0.950118 0.542247 0.839455 0.0358254
28.1072 26.7857 0.434405 0.540442 0.841136 0.0188357
28.3156 26.6593 -0.0728733 0.538542 0.842515 0.0118941
28.5343 26.5253 -0.546645 0.539128 0.842186 0.00803684
28.823 26.344 -1.11062 0.539353 0.842064 7.44998e-05
29.1255 26.1421 -1.72401 0.537956 0.842687 -0.0219281
29.348 25.9864 -2.2459 0.534264 0.845014 -0.0226613
29.5506 25.8432 -2.78393 0.535986 0.843695 -0.0295354
29.7583 25.6852 -3.39947 0.539475 0.841259 -0.0353584
29.9131 25.5562 -4.00671 0.54322 0.838418 -0.0442942
30.0371 25.4458 -4.54203 0.543587 0.837936 -0.048735
30.2609 25.263 -5.11814 0.547641 0.834874 -0.0554469
30.5732 25.0219 -5.65131 0.546019 0.835616 -0.0600771
30.8018 24.8409 -6.06226 0.546584 0.834688 -0.0673873
31.1035 24.5967 -6.6171 0.547097 0.833868 -0.0731416
31.3924 24.3544 -7.16828 0.548806 0.831849 -0.0826962
31.6194 24.1566 -7.62358 0.550109 0.829852 -0.0933522
31.811 23.9794 -8.06953 0.546879 0.831329 -0.0989908
32.03 23.7627 -8.65401 0.545944 0.831209 -0.105058
32.1895 23.5809 -9.24798 0.54552 0.830683 -0.11122
32.2979 23.4437 -9.73116 0.544837 0.829809 -0.120705
32.4239 23.2754 -10.3139 0.54324 0.830323 -0.12431
32.5492 23.0931 -10.9549 0.541005 0.830278 -0.133973
32.674 22.9158 -11.5358 0.541472 0.828957 -0.140134
32.8241 22.7269 -12.0661 0.54311 0.827047 -0.144981
32.9533 22.5595 -12.5228 0.54417 0.824622 -0.154523
33.0882 22.3795 -13.003 0.544441 0.823667 -0.158608
33.2587 22.1431 -13.6157 0.541955 0.823002 -0.170153
33.4346 21.9065 -14.1919 0.538017 0.823532 -0.179812
33.5659 21.7226 -14.6425 0.535502 0.824733 -0.181804
33.7119 21.4839 -15.2946 0.53567 0.824561 -0.182088
33.9111 21.247 -15.779 0.535126 0.824691 -0.183099
34.2664 20.9485 -16.0836 0.534519 0.823935 -0.188195
34.6847 20.621 -16.3339 0.533222 0.824871 -0.187762
35.0836 20.3022 -16.5876 0.5336 0.822911 -0.195162
35.4774 19.9835 -16.8472 0.536239 0.820336 -0.198736
35.9124 19.64 -17.0998 0.531979 0.82327 -0.198044
36.2785 19.3572 -17.2914 0.530322 0.824086 -0.1991
36.7635 18.9708 -17.5941 0.530677 0.823077 -0.202301
37.1706 18.6521 -17.8215 0.53069 0.822636 -0.204053
37.5611 18.3465 -18.0386 0.530111 0.823088 -0.203737
38.0208 17.9778 -18.3282 0.530882 0.821382 -0.208537
38.3787 17.6894 -18.5534 0.529338 0.821198 -0.21314
38.7643 17.3885 -18.751 0.530282 0.81979 -0.216203
39.2451 17.0118 -18.9972 0.530079 0.819219 -0.218855
39.6549 16.6937 -19.1955 0.530034 0.819347 -0.218481
40.1433 16.3122 -19.4471 0.52575 0.822103 -0.21848
40.5069 16.0239 -19.6639 0.521441 0.824733 -0.218889
41.0334 15.609 -19.9762 0.518802 0.825669 -0.221621
41.4022 15.3068 -20.239 0.518835 0.825586 -0.221852
41.8069 14.9945 -20.4522 0.518509 0.825513 -0.222882
42.1822 14.7023 -20.6593 0.517503 0.825379 -0.225699
42.5975 14.3781 -20.8944 0.516259 0.825418 -0.228382
43.0331 14.0415 -21.1302 0.513385 0.826838 -0.229727
43.5007 13.6772 -21.3953 0.511867 0.826497 -0.234295
44.0118 13.2768 -21.6884 0.51092 0.825245 -0.240688
44.3707 12.9926 -21.9003 0.511103 0.823926 -0.244786
44.7429 12.6847 -22.1651 0.506534 0.825303 -0.249597
45.1009 12.3933 -22.4073 0.50153 0.828413 -0.249396
45.4737 12.1029 -22.6233 0.498836 0.829576 -0.250931
45.9947 11.7008 -22.9116 0.497772 0.829022 -0.25484
46.453 11.3514 -23.1505 0.495101 0.82812 -0.262845
46.8618 11.0375 -23.3724 0.491401 0.829598 -0.265109
47.2403 10.7485 -23.5795 0.489293 0.83049 -0.266231
47.6545 10.4302 -23.8125 0.485457 0.832826 -0.265955
48.0599 10.1162 -24.0504 0.48815 0.831337 -0.265675
48.4941 9.77597 -24.3253 0.481638 0.835196 -0.265466
48.9509 9.43789 -24.566 0.477693 0.83801 -0.26372
49.3359 9.15369 -24.7721 0.475934 0.837984 -0.266965
49.7113 8.87651 -24.9744 0.474582 0.838152 -0.268837
50.1787 8.5231 -25.2503 0.4739 0.838084 -0.27025
50.5641 8.23519 -25.4675 0.473001 0.83821 -0.271429
51.0994 7.83695 -25.7644 0.472753 0.838281 -0.271643
51.4731 7.55704 -25.9774 0.472968 0.838254 -0.271351
51.8789 7.24619 -26.2294 0.473569 0.838039 -0.270967
52.2531 6.95454 -26.4754 0.474464 0.837458 -0.271198
52.7102 6.60894 -26.7423 0.474769 0.8371 -0.27177
53.1551 6.27349 -26.998 0.475369 0.836742 -0.271822
53.598 5.9403 -27.2475 0.47614 0.836339 -0.271713
53.9631 5.66547 -27.451 0.477674 0.835335 -0.272109
54.3588 5.36583 -27.6717 0.48016 0.832578 -0.276153
54.7169 5.08516 -27.8964 0.480498 0.832726 -0.275115
55.1287 4.7595 -28.1467 0.482598 0.826531 -0.289723
55.5144 4.46153 -28.3553 0.485061 0.824405 -0.291657
55.9252 4.13036 -28.5985 0.487031 0.822247 -0.294446
56.3814 3.7599 -28.8627 0.493944 0.8146 -0.304033
56.7733 3.43328 -29.0978 0.495963 0.810582 -0.311397
57.1748 3.09238 -29.3255 0.506439 0.801753 -0.31735
57.6261 2.69478 -29.5967 0.510573 0.796118 -0.324825
58.0451 2.32807 -29.8282 0.516613 0.791114 -0.327488
58.5251 2.02104 -29.8051 0.519734 0.786617 -0.333331
58.8242 2.00008 -29.39 0.519331 0.785595 -0.336358
59.0981 1.99776 -28.9715 0.520125 0.785508 -0.335332
59.4819 1.98973 -28.3808 0.523733 0.787359 -0.325222
59.7578 1.99035 -27.9402 0.525047 0.78751 -0.322672
60.0435 1.98692 -27.4731 0.522796 0.791413 -0.316777
60.3146 1.99005 -27.0074 0.530668 0.790813 -0.304971
60.6348 1.9786 -26.465 0.529377 0.796448 -0.292283
60.8957 1.99371 -25.9482 0.533242 0.794465 -0.290651
61.1487 2.01865 -25.4123 0.537539 0.791606 -0.290538
61.4544 2.01271 -24.8377 0.538888 0.801323 -0.25977
61.7036 1.99504 -24.3703 0.541473 0.800969 -0.255452
61.9274 1.98546 -23.9142 0.547846 0.799892 -0.245027
62.1614 1.98845 -23.3688 0.552867 0.797222 -0.24239
62.4132 1.99431 -22.775 0.548809 0.801799 -0.236461
62.621 1.99522 -22.2826 0.548594 0.803223 -0.232114
62.8304 1.98984 -21.8059 0.54672 0.806327 -0.225573
63.0356 1.99252 -21.2863 0.548706 0.806682 -0.219468
63.2694 1.99297 -20.6742 0.552567 0.805556 -0.21389
63.4768 1.99891 -20.0937 0.559779 0.803242 -0.203592
63.6456 2.00705 -19.6134 0.564499 0.800732 -0.200175
63.8616 2.00663 -18.9803 0.560495 0.8035 -0.200581
64.0297 2.00742 -18.4729 0.562819 0.807193 -0.177973
64.1975 2.00441 -17.9511 0.56292 0.807867 -0.17456
64.3791 2.0049 -17.3511 0.574267 0.800601 -0.171044
64.5346 2.01121 -16.804 0.583039 0.794802 -0.168372
64.7045 1.99521 -16.2808 0.582647 0.795902 -0.164508
64.8846 1.99088 -15.6628 0.587707 0.792471 -0.162993
65.0388 1.98623 -15.1262 0.591163 0.789687 -0.164074
65.193 2.00129 -14.4964 0.591176 0.790239 -0.161334
65.3593 2.00986 -13.8301 0.588352 0.793294 -0.156554
65.5022 2.00242 -13.3052 0.586934 0.797592 -0.139124
65.6215 2.01013 -12.7291 0.601906 0.788661 -0.125356
65.7249 2.03122 -12.0858 0.599604 0.79082 -0.122796
65.8207 2.03813 -11.568 0.601682 0.789759 -0.119383
65.9363 2.03592 -10.9992 0.599851 0.79117 -0.119278
66.0595 2.03507 -10.3927 0.599086 0.791477 -0.121029
66.1688 2.03349 -9.83699 0.59787 0.7932 -0.115669
66.2824 2.04331 -9.16639 0.596345 0.796361 -0.100834
66.3697 2.04818 -8.62294 0.595609 0.796266 -0.105876
66.448 2.05831 -8.0474 0.599389 0.796764 -0.0768153
66.5252 2.05698 -7.46052 0.604319 0.793365 -0.0729163
66.6181 2.04894 -6.82514 0.614418 0.785136 -0.0777927
66.688 2.04611 -6.30767 0.612452 0.786328 -0.081181
66.7282 2.0675 -5.69452 0.618576 0.783351 -0.0610386
66.788 2.07142 -5.04018 0.613538 0.78725 -0.0617141
66.8502 2.06136 -4.50415 0.612227 0.789103 -0.0499527
66.9017 2.05371 -3.99938 0.619237 0.783756 -0.0476676
66.9435 2.05692 -3.45082 0.617573 0.784977 -0.0490363
67.0046 2.04954 -2.7626 0.619374 0.783649 -0.0476418
67.0501 2.04335 -2.21331 0.621974 0.782044 -0.0394318
67.0534 2.0683 -1.54567 0.630544 0.77566 -0.0276382
67.0806 2.06114 -1.04094 0.629295 0.776863 -0.0217032
67.1091 2.05048 -0.508764 0.633306 0.773745 -0.0155585
67.1192 2.04519 0.107751 0.628829 0.777538 -0.0030432
67.1202 2.04848 0.743828 0.629332 0.777128 -0.00287763
67.1412 2.03178 1.2589 0.627219 0.778814 0.00471932
67.1298 2.03387 1.85838 0.622919 0.782173 0.0133105
67.1071 2.04218 2.49813 0.62182 0.783078 0.011298
67.0803 2.05467 3.01833 0.622632 0.782201 0.0219181
67.0521 2.06151 3.59578 0.623813 0.781301 0.0200419
67.0419 2.05303 4.12863 0.623423 0.781477 0.0251677
67.0364 2.0411 4.664 0.625822 0.779619 0.0232563
67.0211 2.03557 5.17954 0.628051 0.777104 0.0386094
66.9714 2.04147 5.73473 0.634567 0.771366 0.0481477
66.9162 2.0327 6.47066 0.635142 0.770255 0.0574527
66.8725 2.02666 7.00663 0.634128 0.770197 0.0678892
66.7901 2.03079 7.66728 0.629842 0.773261 0.0732521
66.7145 2.04247 8.17495 0.621519 0.778906 0.0831344
66.6371 2.03673 8.77727 0.613355 0.784996 0.087039
66.5619 2.03504 9.304 0.616274 0.782236 0.0910246
66.4905 2.02091 9.86151 0.614483 0.782038 0.104036
66.3671 2.02995 10.5123 0.611555 0.784318 0.104141
66.2378 2.04206 11.1636 0.617348 0.778618 0.112411
66.1223 2.06172 11.6661 0.617626 0.778552 0.111335
66.0053 2.07743 12.162 0.599388 0.791271 0.120903
65.8671 2.06848 12.8674 0.614267 0.77853 0.128713
65.7441 2.04985 13.5149 0.600907 0.786803 0.140893
65.6146 2.05102 14.0182 0.5984 0.784239 0.163916
65.4463 2.04328 14.6558 0.579217 0.799991 0.156593
65.3298 2.02754 15.1424 0.574299 0.800368 0.172021
65.2166 2.00298 15.6332 0.587731 0.790154 0.173864
65.0495 1.98205 16.278 0.586297 0.789968 0.179461
64.8889 1.98519 16.8047 0.588515 0.789452 0.174336
64.6971 1.99837 17.3842 0.591033 0.786957 0.177141
64.484 2.01656 18.0052 0.588903 0.78781 0.180415
64.3159 2.01194 18.5577 0.587996 0.785829 0.191638
64.1611 2.00464 19.0553 0.584483 0.787092 0.197106
63.9594 2.01312 19.6082 0.578103 0.79086 0.200831
63.7816 2.01501 20.0861 0.581827 0.784538 0.214421
63.5931 2.01317 20.5823 0.579703 0.783452 0.22393
63.4049 2.01039 21.0663 0.573967 0.785543 0.231267
63.1714 1.99933 21.6791 0.570376 0.787033 0.235056
62.9735 1.98397 22.2047 0.568173 0.787739 0.238003
62.7639 1.97895 22.7108 0.561201 0.789955 0.246994
62.5475 1.98289 23.1813 0.557916 0.790855 0.251542
62.3161 1.97701 23.7039 0.55447 0.791493 0.257094
62.1015 1.97167 24.1739 0.550268 0.793219 0.260784
61.8765 1.97382 24.6447 0.551191 0.791025 0.265457
61.6334 1.98449 25.1118 0.546903 0.789085 0.279716
61.362 1.99627 25.6077 0.549264 0.785011 0.286474
61.064 1.98499 26.1959 0.5439 0.785368 0.295583
60.8066 1.96298 26.7094 0.52677 0.793226 0.305459
60.4998 1.96756 27.2132 0.523292 0.793471 0.310757
60.2259 1.97493 27.6471 0.518408 0.791519 0.323652
59.8559 1.98333 28.2221 0.521083 0.790265 0.322417
59.4753 1.99787 28.8019 0.522045 0.788909 0.324178
59.1667 2.00378 29.2809 0.523399 0.785414 0.330422
58.8846 2.00219 29.7285 0.522644 0.784248 0.334363
58.4308 2.18433 30.0112 0.522303 0.783839 0.335849
57.9907 2.58081 29.7535 0.513379 0.793255 0.327397
57.6094 2.91355 29.5418 0.508833 0.794398 0.331694
57.2244 3.24013 29.3321 0.499162 0.802305 0.327324
56.804 3.58751 29.1157 0.492674 0.80764 0.323995
56.427 3.89777 28.9102 0.486872 0.81392 0.316922
56.0138 4.23267 28.6677 0.48014 0.822815 0.30404
55.5491 4.6098 28.3792 0.479353 0.823828 0.302535
55.192 4.89763 28.157 0.480077 0.82522 0.297554
54.7793 5.21132 27.9493 0.479906 0.82713 0.292481
54.3656 5.5293 27.7292 0.479898 0.828458 0.288713
54.0004 5.81311 27.5231 0.480644 0.829325 0.284958
53.6371 6.10463 27.2874 0.480375 0.830046 0.283308
53.2231 6.42973 27.0305 0.474416 0.83542 0.277493
52.8335 6.71879 26.8264 0.474051 0.836931 0.273536
52.4688 6.99413 26.6159 0.474142 0.838211 0.269428
52.0259 7.33683 26.3279 0.476336 0.837878 0.266578
51.649 7.63058 26.0723 0.474904 0.839443 0.2642
51.2681 7.91072 25.8648 0.475879 0.840569 0.25881
50.903 8.18299 25.6469 0.473057 0.842478 0.257773
50.4383 8.52502 25.3804 0.473802 0.842586 0.256045
50.0035 8.84249 25.1398 0.474934 0.842422 0.254485
49.6271 9.11263 24.945 0.475542 0.843614 0.24935
49.2529 9.38209 24.745 0.474217 0.846339 0.242543
48.8092 9.69889 24.5082 0.475894 0.844773 0.244713
48.4149 9.98285 24.2948 0.4777 0.844168 0.243276
48.0371 10.2588 24.0801 0.478521 0.843562 0.243762
47.5502 10.6162 23.7967 0.47629 0.844564 0.244662
47.1804 10.8864 23.5909 0.480529 0.842075 0.244946
46.8083 11.1604 23.3817 0.483036 0.840376 0.245845
46.4298 11.4408 23.1674 0.484768 0.840086 0.243423
46.0402 11.7292 22.9495 0.48665 0.838953 0.243577
45.6812 12.0016 22.7292 0.489826 0.837446 0.242394
45.2741 12.3102 22.4877 0.491128 0.836389 0.243406
44.8472 12.6321 22.2439 0.492428 0.83576 0.242936
44.4594 12.9327 22.0008 0.494296 0.834314 0.244112
44.0676 13.2378 21.7562 0.497201 0.832274 0.245173
43.6937 13.5345 21.5165 0.499926 0.829555 0.248822
43.2314 13.9048 21.2168 0.503713 0.827167 0.249133
42.7709 14.2588 20.9718 0.505499 0.826986 0.246098
42.3404 14.5873 20.7534 0.506308 0.826371 0.246501
41.9542 14.886 20.5468 0.510469 0.825406 0.241096
41.4758 15.2688 20.2508 0.511839 0.824599 0.240951
41.0316 15.6262 19.9725 0.515358 0.822959 0.23905
40.6424 15.9298 19.7663 0.517946 0.822215 0.235996
40.1984 16.278 19.5293 0.518609 0.821827 0.235892
39.8106 16.5777 19.3266 0.512151 0.826409 0.233972
39.3501 16.9309 19.075 0.509536 0.830505 0.225021
38.9751 17.2211 18.8475 0.507018 0.83288 0.221909
38.6121 17.4988 18.6387 0.509445 0.83094 0.223616
38.0951 17.9031 18.3247 0.513078 0.828423 0.224645
37.6949 18.2196 18.0837 0.51847 0.824966 0.224988
37.1824 18.625 17.7804 0.520748 0.82404 0.223113
36.7868 18.9343 17.556 0.518356 0.827643 0.215205
36.3531 19.2736 17.3054 0.524683 0.82392 0.214156
35.9235 19.6063 17.0681 0.520465 0.828316 0.207384
35.5534 19.8898 16.8642 0.520381 0.828394 0.207285
35.1213 20.2211 16.6187 0.519198 0.830835 0.200363
34.7066 20.5374 16.3825 0.521827 0.830072 0.196666
34.3371 20.8161 16.1739 0.516107 0.834394 0.193435
33.8708 21.1647 15.9071 0.517379 0.835161 0.186615
33.4146 21.5078 15.6323 0.517494 0.836143 0.181827
32.964 21.8426 15.3761 0.520777 0.835404 0.17576
32.6003 22.1205 15.1195 0.516604 0.839562 0.168093
32.2387 22.4348 14.6573 0.519453 0.838644 0.163844
32.0067 22.6611 14.2272 0.52083 0.838592 0.159677
31.7824 22.8762 13.8211 0.519597 0.840195 0.155214
31.5558 23.0936 13.3928 0.524244 0.839116 0.145012
31.2626 23.3772 12.8329 0.529415 0.835227 0.148711
31.0482 23.585 12.4242 0.528877 0.83607 0.145864
30.8318 23.7943 12.0032 0.537488 0.831637 0.139595
30.5246 24.0846 11.4452 0.536457 0.832904 0.135957
30.2488 24.3349 10.9958 0.536834 0.832871 0.134663
30.0145 24.5502 10.591 0.537109 0.833312 0.130786
29.7863 24.7627 10.171 0.536498 0.833854 0.129837
29.5601 24.9851 9.66339 0.533644 0.836266 0.126027
29.3943 25.1596 9.19321 0.530635 0.839052 0.120079
29.1807 25.3705 8.66485 0.531475 0.838411 0.120836
28.9872 25.5564 8.20003 0.535505 0.837248 0.110685
28.7953 25.7351 7.76716 0.534408 0.838954 0.102785
28.5535 25.9529 7.23895 0.536095 0.838498 0.0975785
28.3205 26.1568 6.75849 0.538672 0.837397 0.0927269
28.0663 26.3777 6.23959 0.540707 0.836123 0.0923595
27.8851 26.5479 5.76146 0.543404 0.834525 0.090998
27.7243 26.6983 5.30715 0.544338 0.834779 0.0826843
27.5948 26.834 4.76142 0.541816 0.837118 0.075199
27.5697 26.907 4.09568 0.542289 0.837235 0.0704222
27.5807 26.943 3.57287 0.541979 0.837622 0.0681773
27.5908 26.9589 3.28235 0.541212 0.838561 0.0624876
35.9208 21.6746 3.30864 0.530552 0.845901 0.0544629
36.3482 21.4081 3.30096 0.529433 0.846436 0.0569781
36.8016 21.1245 3.2934 0.530417 0.845838 0.0567096
37.2372 20.8523 3.28204 0.530531 0.845727 0.0572949
37.7517 20.5302 3.27162 0.529472 0.846441 0.0565427
38.2451 20.2232 3.2636 0.527382 0.847689 0.0573666
38.6801 19.9533 3.25607 0.527001 0.847804 0.0591567
39.2288 19.6142 3.24631 0.524961 0.848983 0.0603606
39.7463 19.2914 3.23969 0.526273 0.848181 0.0602069
40.285 18.9548 3.22961 0.528256 0.848124 0.0403922
40.8698 18.5911 3.21829 0.517969 0.854577 0.0374923
41.3035 18.3278 3.21054 0.52244 0.851612 0.0425808
41.8606 17.9843 3.20057 0.525656 0.849668 0.0418234
42.3336 17.6913 3.19244 0.527613 0.848221 0.0463123
42.7812 17.4132 3.18503 0.527783 0.848134 0.0459748
43.228 17.1357 3.17775 0.52741 0.84837 0.0458955
43.6825 16.8544 3.17078 0.524886 0.850006 0.0445499
44.1248 16.5827 3.16472 0.521931 0.851828 0.0444678
44.6549 16.2574 3.15824 0.524194 0.850545 0.0423424
45.1967 15.9241 3.14968 0.526793 0.849164 0.037538
45.6337 15.6515 3.14336 0.530348 0.847037 0.0354843
46.2339 15.2732 3.13445 0.532707 0.845789 0.0293879
46.6678 15.0018 3.12923 0.525097 0.850661 0.0254678
47.2268 14.6566 3.12251 0.525392 0.850509 0.024425
47.7911 14.3079 3.11566 0.526358 0.849934 0.023642
48.2165 14.0436 3.11061 0.527887 0.849031 0.0219325
48.6535 13.7717 3.10567 0.529331 0.84819 0.0195563
49.094 13.4985 3.1008 0.524531 0.851163 0.0197059
49.6179 13.1783 3.09476 0.517553 0.855487 0.016779
50.067 12.9074 3.08984 0.515515 0.856695 0.0178329
50.579 12.5994 3.08448 0.515435 0.856724 0.0187223
51.0129 12.3362 3.07951 0.518172 0.855134 0.015634
51.4803 12.0521 3.07393 0.520675 0.853643 0.013854
52.0479 11.706 3.0675 0.520304 0.853781 0.0184764
52.5595 11.393 3.06181 0.52284 0.852168 0.0211615
53.0434 11.096 3.05666 0.524243 0.851322 0.020497
53.4692 10.8337 3.05251 0.525788 0.850029 0.0315891
53.9457 10.5384 3.04661 0.524203 0.850777 0.0372874
54.4368 10.24 3.04028 0.515671 0.855806 0.0409788
54.9431 9.93509 3.03489 0.515255 0.856039 0.0413478
55.4584 9.62547 3.02853 0.514961 0.856195 0.0417703
55.9582 9.32443 3.02312 0.515959 0.855617 0.0413042
56.4086 9.05269 3.01949 0.516918 0.855019 0.0416954
56.8419 8.79118 3.01602 0.517092 0.85489 0.0421853
57.3665 8.47216 3.0094 0.519271 0.853785 0.0375503
57.809 8.19948 3.00396 0.526267 0.849567 0.0357611
58.3433 7.87012 2.99994 0.525808 0.84996 0.0330663
58.8687 7.54489 2.99427 0.526081 0.849882 0.0306648
59.2998 7.27926 2.9902 0.52407 0.851126 0.0305762
59.2657 7.31921 -2.81878 0.536175 0.843771 -0.023809
58.7452 7.64835 -2.82678 0.533526 0.845453 -0.0236312
58.3187 7.91618 -2.83128 0.529797 0.847863 -0.0210606
57.8578 8.20508 -2.83746 0.524103 0.851455 -0.0184527
57.4249 8.46876 -2.84364 0.521547 0.852893 -0.0237236
56.991 8.73124 -2.84979 0.514528 0.857256 -0.0192967
56.5119 9.01634 -2.85602 0.511066 0.859333 -0.0189346
55.9681 9.33954 -2.86245 0.51096 0.8594 -0.0187676
55.495 9.62099 -2.86836 0.51204 0.858756 -0.0187873
54.9042 9.9733 -2.87619 0.512257 0.858635 -0.0184301
54.4494 10.2444 -2.88217 0.514234 0.857411 -0.0202651
53.8527 10.6025 -2.88904 0.512811 0.858302 -0.018478
53.3414 10.9069 -2.89522 0.512105 0.858544 -0.0255126
52.8215 11.2119 -2.90117 0.514168 0.857022 -0.0338244
52.3652 11.4833 -2.90621 0.505362 0.862041 -0.0386654
51.829 11.8025 -2.91334 0.516564 0.854827 -0.0493161
51.3998 12.0637 -2.91831 0.525299 0.850126 -0.0366915
50.9003 12.3795 -2.9248 0.532721 0.84544 -0.0379535
50.3505 12.7244 -2.93255 0.529718 0.847062 -0.0434248
49.9085 13.0008 -2.93876 0.530712 0.846387 -0.0444292
49.4782 13.2696 -2.94507 0.528511 0.847766 -0.044371
49.0444 13.5397 -2.95102 0.528751 0.847577 -0.0451185
48.5725 13.8324 -2.95599 0.524428 0.850167 -0.0468134
48.0724 14.1395 -2.96022 0.523192 0.850633 -0.051896
47.5885 14.4365 -2.9641 0.526393 0.848112 -0.0601338
47.141 14.7128 -2.96857 0.524339 0.849095 -0.0640843
46.5505 15.0772 -2.97517 0.524925 0.848723 -0.0642044
46.1122 15.348 -2.98031 0.52485 0.848807 -0.0637095
45.6628 15.626 -2.98551 0.524599 0.848876 -0.0648583
45.1651 15.9321 -2.99002 0.52509 0.849078 -0.0578473
44.6527 16.2469 -2.99387 0.518848 0.852781 -0.0596739
44.1847 16.5296 -2.99805 0.513553 0.855718 -0.0633239
43.672 16.8353 -3.00404 0.509289 0.858611 -0.0584103
43.2218 17.1015 -3.00929 0.507998 0.859426 -0.0576609
42.687 17.4172 -3.017 0.508383 0.859211 -0.0574805
42.172 17.723 -3.02185 0.510926 0.857833 -0.0554796
41.5833 18.0789 -3.0275 0.526654 0.848366 -0.0539493
40.9918 18.4482 -3.03338 0.532813 0.844331 -0.0566961
40.5134 18.7524 -3.03828 0.535671 0.842581 -0.0558016
40.072 19.0303 -3.04483 0.531053 0.846274 -0.0424545
39.5731 19.3452 -3.04996 0.536623 0.842915 -0.0391054
39.0939 19.6537 -3.05413 0.547007 0.836146 -0.0405338
38.5186 20.0335 -3.0586 0.552871 0.832269 -0.040757
38.5032 20.0437 -3.0587 0.554479 0.831218 -0.0403592
40.8461 17.9532 -9.28357 0.528334 0.843434 -0.0973756
41.4174 17.5986 -9.26384 0.526909 0.843583 -0.103611
41.9236 17.282 -9.24423 0.530652 0.840652 -0.108224
42.3992 16.9841 -9.22399 0.531891 0.839573 -0.110497
42.9703 16.6279 -9.19827 0.529009 0.841272 -0.111403
43.4708 16.3177 -9.18002 0.523562 0.844755 -0.110783
44.0719 15.9475 -9.16298 0.523073 0.844974 -0.111419
44.6057 15.6203 -9.14189 0.522287 0.845613 -0.11025
45.0642 15.342 -9.12681 0.515066 0.849766 -0.112271
45.5739 15.0398 -9.10622 0.506007 0.854864 -0.114736
46.0329 14.7689 -9.09093 0.508298 0.853215 -0.116861
46.5214 14.4814 -9.07442 0.506911 0.853121 -0.123395
46.9566 14.2244 -9.05786 0.509348 0.851563 -0.124115
47.4333 13.9413 -9.03766 0.511957 0.849907 -0.12473
47.9601 13.6266 -9.01852 0.512462 0.849682 -0.124189
48.4905 13.3093 -9.0013 0.512371 0.849725 -0.12427
48.9359 13.0422 -8.98702 0.512972 0.849693 -0.121995
49.4819 12.7136 -8.97072 0.515414 0.848441 -0.120399
50.0411 12.3771 -8.95136 0.522428 0.844697 -0.116428
50.5896 12.0422 -8.93443 0.515893 0.848892 -0.115057
51.0586 11.7583 -8.91648 0.521818 0.844503 -0.120504
51.5911 11.4324 -8.8952 0.522205 0.844469 -0.119057
52.167 11.0791 -8.87007 0.523034 0.843888 -0.119535
52.7015 10.7517 -8.84727 0.519855 0.845885 -0.119284
53.1552 10.4785 -8.82925 0.510206 0.85194 -0.117851
53.6607 10.1808 -8.81047 0.504487 0.855288 -0.118218
54.2628 9.83258 -8.78975 0.497857 0.858965 -0.119657
54.7139 9.57381 -8.77482 0.496918 0.85968 -0.118413
55.173 9.31055 -8.75891 0.496224 0.860146 -0.117942
55.6909 9.01392 -8.73879 0.49922 0.859001 -0.113567
56.2327 8.69835 -8.72091 0.505014 0.855656 -0.113197
56.7356 8.40478 -8.70262 0.511597 0.851253 -0.116772
57.233 8.10637 -8.68771 0.513359 0.850195 -0.116752
57.8382 7.74064 -8.66939 0.516844 0.849011 -0.109785
58.2798 7.47324 -8.65113 0.519035 0.847658 -0.109908
58.5837 7.28842 -8.63819 0.521262 0.846479 -0.108441
57.1506 7.24255 -14.4874 0.500426 0.852517 -0.150956
56.6922 7.50704 -14.5128 0.500504 0.852292 -0.151966
56.0705 7.86503 -14.5504 0.499584 0.852885 -0.151664
55.4849 8.19897 -14.589 0.497975 0.853461 -0.153702
54.9448 8.50744 -14.6169 0.496324 0.853906 -0.156551
54.4819 8.772 -14.6426 0.496542 0.85387 -0.156053
53.9005 9.10463 -14.6785 0.497841 0.852238 -0.160762
53.4354 9.37391 -14.7047 0.502174 0.849173 -0.163481
52.9791 9.64237 -14.7313 0.507365 0.845672 -0.165592
52.5105 9.91665 -14.76 0.504624 0.847276 -0.165767
52.0536 10.1855 -14.7882 0.509246 0.846088 -0.157495
51.5184 10.5024 -14.8191 0.508925 0.843955 -0.169512
51.0675 10.7713 -14.8486 0.512043 0.841181 -0.173858
50.8536 10.8978 -14.8631 0.509624 0.842416 -0.174981
58.7807 7.24372 8.79689 0.502295 0.860792 0.0820787
58.2247 7.56614 8.81559 0.501843 0.860812 0.0845975
57.646 7.90225 8.83668 0.502144 0.860456 0.0864129
57.1785 8.17403 8.85121 0.502752 0.860169 0.0857334
56.6515 8.47923 8.86803 0.500363 0.860972 0.0914501
56.1869 8.74793 8.88246 0.499609 0.861243 0.0930101
55.6209 9.07564 8.90052 0.502394 0.859496 0.0941617
55.0184 9.42709 8.9207 0.505668 0.85749 0.0949304
54.4668 9.75359 8.94089 0.510087 0.854382 0.0992125
53.8643 10.1161 8.96269 0.518761 0.848268 0.106435
53.3594 10.4222 8.97947 0.518339 0.847609 0.113504
52.9133 10.6953 8.99491 0.52389 0.844454 0.111523
52.3923 11.0173 9.01369 0.525876 0.843331 0.110666
51.943 11.2957 9.02745 0.525387 0.844277 0.105663
51.3923 11.6358 9.0493 0.525011 0.844183 0.108249
50.8452 11.9706 9.06949 0.523314 0.845403 0.106941
50.3086 12.3034 9.08579 0.527878 0.84212 0.110361
49.8076 12.6148 9.1067 0.528818 0.842435 0.103222
49.3691 12.8833 9.12346 0.519658 0.847983 0.104313
48.7475 13.2595 9.14314 0.513428 0.849756 0.11961
48.2376 13.559 9.15877 0.497902 0.858401 0.123454
47.74 13.8406 9.17176 0.49674 0.859666 0.119263
47.1773 14.1713 9.19086 0.509857 0.851463 0.122702
46.6206 14.5085 9.21012 0.521672 0.84461 0.120386
46.0667 14.8468 9.23085 0.517787 0.847643 0.115749
45.5187 15.1804 9.24936 0.51986 0.846877 0.112002
45.0065 15.4903 9.26561 0.518745 0.847532 0.112222
44.4864 15.807 9.28509 0.520563 0.846955 0.108085
44.0063 16.099 9.30386 0.518358 0.84818 0.109068
43.493 16.4122 9.32156 0.523384 0.845266 0.107674
43.0196 16.7036 9.33985 0.526129 0.842211 0.117762
42.5445 16.9987 9.36005 0.524522 0.843808 0.113423
42.028 17.3192 9.38387 0.533555 0.838006 0.114303
41.568 17.6023 9.40458 0.524638 0.843356 0.116218
41.3167 17.76 9.41629 0.533342 0.838062 0.114881
50.9083 10.9324 14.9861 0.496534 0.848617 0.182492
51.3839 10.6601 14.9608 0.495297 0.849429 0.182077
51.8754 10.3785 14.9324 0.500133 0.848271 0.17408
52.414 10.0701 14.9043 0.492568 0.853122 0.17193
52.8608 9.81753 14.8816 0.492044 0.854565 0.166167
53.3188 9.56004 14.8586 0.493352 0.856046 0.154235
53.8328 9.26937 14.8339 0.49224 0.85731 0.150728
54.3216 8.99042 14.8099 0.501692 0.850381 0.15861
54.8369 8.69179 14.7774 0.5053 0.848962 0.15471
55.2994 8.41821 14.7486 0.507194 0.847253 0.157851
55.7448 8.15767 14.7242 0.497572 0.853609 0.154188
56.2116 7.89178 14.6976 0.492578 0.856641 0.153404
56.7095 7.61188 14.6679 0.49131 0.857831 0.150799
57.2638 7.29902 14.641 0.491485 0.857384 0.152761
57.353 7.24879 14.636 0.491919 0.857224 0.152257
