-47.7356 5.5504 38.528 -0.439052 0.833548 0.335294
-47.4653 5.82917 38.1888 -0.436619 0.835753 0.332987
-47.0209 6.16108 37.9261 -0.429349 0.837569 0.337786
-46.5818 6.47209 37.6987 -0.416199 0.845156 0.335351
-46.2006 6.74844 37.4672 -0.417524 0.845581 0.332656
-45.7528 7.07474 37.1929 -0.408896 0.849968 0.332203
-45.3144 7.38046 36.9578 -0.413401 0.846793 0.334691
-44.8524 7.70221 36.6945 -0.408423 0.851728 0.328253
-44.3904 8.01939 36.4432 -0.406367 0.852986 0.327536
-43.9464 8.32272 36.2008 -0.404116 0.854095 0.327432
-43.5588 8.58995 35.9888 -0.407355 0.852871 0.326607
-43.1297 8.88091 35.7597 -0.400767 0.85559 0.327645
-42.6651 9.19832 35.5007 -0.395095 0.85506 0.335816
-42.1588 9.55498 35.183 -0.39168 0.856886 0.335161
-41.7969 9.81533 34.9382 -0.389582 0.857831 0.33519
-41.4096 10.0902 34.685 -0.38931 0.857757 0.335694
-40.9354 10.4144 34.41 -0.389689 0.855967 0.339799
-40.508 10.6996 34.1844 -0.392317 0.853648 0.342595
-40.0951 10.9742 33.9735 -0.391923 0.853541 0.343312
-39.6948 11.242 33.7663 -0.392671 0.852615 0.344756
-39.3094 11.5032 33.558 -0.391329 0.853153 0.34495
-38.8978 11.7794 33.3409 -0.390107 0.853884 0.344527
-38.4367 12.0929 33.0856 -0.389791 0.854052 0.344469
-38.0496 12.372 32.8342 -0.391501 0.852155 0.347211
-37.6617 12.6624 32.5619 -0.393533 0.85002 0.350139
-37.2837 12.9482 32.2935 -0.394537 0.849353 0.350628
-36.8265 13.283 31.9955 -0.393555 0.849915 0.35037
-36.4058 13.5855 31.7302 -0.387015 0.851528 0.353723
-35.9757 13.8872 31.4681 -0.382101 0.855091 0.350454
-35.5924 14.1526 31.2388 -0.378725 0.855342 0.353494
-35.2065 14.4134 31.0222 -0.380557 0.854685 0.353115
-34.8286 14.6751 30.7994 -0.383804 0.852923 0.353859
-34.3651 15.0013 30.5252 -0.387237 0.849222 0.358983
-33.9748 15.2923 30.2591 -0.387907 0.848753 0.35937
-33.5572 15.5917 30.0004 -0.386547 0.848457 0.361528
-33.1542 15.8676 29.7797 -0.37524 0.851661 0.36588
-32.6959 16.1747 29.5423 -0.38174 0.845554 0.373239
-32.236 16.4884 29.3114 -0.389755 0.838864 0.379998
-31.7667 16.8144 29.0652 -0.383582 0.840612 0.382399
-31.3748 17.0914 28.8567 -0.382338 0.840531 0.383817
-30.8844 17.4366 28.5933 -0.387382 0.83639 0.387798
-30.3933 17.7859 28.3219 -0.386953 0.838481 0.383689
-29.9595 18.1008 28.0748 -0.386151 0.837389 0.386867
-29.5476 18.4026 27.8364 -0.38625 0.836225 0.389277
-29.083 18.7395 27.5709 -0.385718 0.837189 0.387733
-28.6668 19.0373 27.3417 -0.385795 0.837215 0.387599
-28.2828 19.3166 27.1187 -0.383831 0.838607 0.386538
-27.8808 19.604 26.8874 -0.373155 0.842986 0.387465
-27.494 19.8763 26.6656 -0.369548 0.844846 0.386871
-27.0272 20.2069 26.3925 -0.369675 0.841885 0.393136
-26.6138 20.4974 26.1632 -0.370851 0.8393 0.397547
-26.2285 20.7684 25.9514 -0.370412 0.839118 0.398341
-25.8403 21.0419 25.7353 -0.369206 0.839799 0.398025
-25.3908 21.3541 25.4928 -0.368503 0.840142 0.397953
-25.0063 21.6184 25.2923 -0.367613 0.838403 0.402418
-24.6076 21.8912 25.0921 -0.37093 0.833995 0.408482
-24.1989 22.1761 24.8843 -0.370604 0.833053 0.410702
-23.7439 22.4296 24.7812 -0.36862 0.833134 0.412313
-23.2692 22.6438 24.7699 -0.364582 0.835507 0.411097
-22.6773 22.8987 24.7698 -0.355381 0.84142 0.407084
-22.2097 23.0998 24.7642 -0.346683 0.837262 0.422851
-21.7361 23.3135 24.7251 -0.340641 0.840891 0.420555
-21.2776 23.5174 24.6811 -0.334881 0.837447 0.431899
-20.8221 23.7217 24.6288 -0.322408 0.838815 0.438683
-20.1971 23.9975 24.5606 -0.322141 0.839081 0.43837
-19.7307 24.1835 24.547 -0.319442 0.839485 0.439569
-19.252 24.3841 24.5112 -0.315475 0.840285 0.440904
-18.7449 24.5974 24.4694 -0.317695 0.83853 0.442649
-18.1247 24.8574 24.4163 -0.313422 0.838812 0.445152
-17.4826 25.1204 24.3731 -0.313376 0.838661 0.44547
-16.9066 25.3646 24.3185 -0.313324 0.83857 0.445677
-16.4183 25.5755 24.2632 -0.309156 0.839356 0.4471
-15.8614 25.8145 24.1912 -0.296357 0.843773 0.447458
-15.3346 26.0511 24.0905 -0.289258 0.84255 0.454355
-14.7065 26.2304 24.1486 -0.278788 0.842808 0.460381
-14.5311 26.0077 24.6632 -0.277255 0.844771 0.457701
-14.3851 25.775 25.1825 -0.272098 0.846765 0.457098
-14.241 25.5682 25.6504 -0.270828 0.846463 0.458425
-14.0223 25.3033 26.2651 -0.264182 0.846649 0.461933
-13.7952 25.0627 26.8281 -0.259312 0.843174 0.470972
-13.5695 24.8356 27.3565 -0.256792 0.842261 0.473977
-13.3247 24.6237 27.8538 -0.246724 0.836134 0.489905
-13.0916 24.4496 28.2711 -0.248685 0.838676 0.484539
-12.834 24.267 28.7123 -0.244316 0.834815 0.493339
-12.5505 24.0742 29.1733 -0.236935 0.833307 0.499458
-12.2598 23.883 29.6267 -0.235258 0.830763 0.504447
-11.9008 23.6731 30.1357 -0.231024 0.830253 0.507253
-11.5871 23.4798 30.5848 -0.20716 0.831514 0.515418
-11.3059 23.3102 30.9737 -0.213619 0.832732 0.510808
-11.042 23.1308 31.366 -0.194083 0.83488 0.515079
-10.7505 22.9044 31.8396 -0.188217 0.834136 0.518451
-10.4917 22.7143 32.2364 -0.183311 0.83259 0.522677
-10.1712 22.4836 32.7138 -0.176854 0.831833 0.526096
-9.87281 22.2688 33.1535 -0.177024 0.831454 0.526637
-9.61087 22.0765 33.5461 -0.176459 0.833187 0.524081
-9.38442 21.8724 33.9463 -0.172618 0.834516 0.523245
-9.28864 21.6119 34.3951 -0.169732 0.836521 0.520983
-9.2888 21.3087 34.883 -0.167338 0.837386 0.520367
-9.2792 21.0108 35.3653 -0.167013 0.838692 0.518366
-9.27906 20.728 35.8197 -0.161167 0.83581 0.524831
-9.2936 20.4356 36.2842 -0.160393 0.837773 0.52193
-9.27882 20.1411 36.7579 -0.149072 0.836346 0.527539
-9.27516 19.8161 37.2756 -0.144692 0.838186 0.525841
-9.27391 19.53 37.7327 -0.143808 0.838839 0.525041
-9.26533 19.202 38.2584 -0.142815 0.838524 0.525815
-9.25046 18.9056 38.7344 -0.141924 0.837866 0.527102
-9.2495 18.6238 39.182 -0.141521 0.838024 0.526961
-9.24046 18.335 39.6435 -0.138447 0.838612 0.526839
-9.24727 18.0623 40.0801 -0.135379 0.841466 0.523074
-9.26608 17.6994 40.6628 -0.1315 0.843564 0.520679
-9.27879 17.4009 41.1421 -0.130168 0.842807 0.522237
-9.30516 17.0948 41.6289 -0.129618 0.842368 0.523083
-9.32104 16.7707 42.1459 -0.128786 0.842228 0.523514
-9.32623 16.4697 42.6314 -0.128867 0.846274 0.516928
-9.32768 16.174 43.1199 -0.122611 0.851778 0.509332
-9.31656 15.8853 43.6086 -0.11987 0.852696 0.508469
-9.31257 15.5856 44.1106 -0.109241 0.853787 0.509032
-9.33268 15.3183 44.5415 -0.108422 0.846128 0.521827
-9.35114 14.9492 45.1327 -0.0969314 0.846365 0.523709
-9.36366 14.6417 45.6294 -0.0938453 0.848574 0.520687
-9.3635 14.3278 46.1392 -0.0987451 0.845994 0.523969
-9.35131 14.0079 46.6623 -0.10169 0.844746 0.525418
-9.33021 13.7015 47.1577 -0.0859828 0.843611 0.530027
-9.32652 13.381 47.664 -0.0861628 0.839816 0.535989
-9.32688 13.0649 48.1635 -0.0829578 0.842413 0.532405
-9.30623 12.7888 48.6032 -0.0811386 0.842769 0.532125
-9.3012 12.4444 49.1503 -0.0804191 0.844011 0.530261
-9.31315 12.14 49.634 -0.0787584 0.844993 0.528944
-9.3174 11.8122 50.1585 -0.0782015 0.846065 0.527312
-9.30871 11.534 50.6061 -0.0774794 0.84586 0.527749
-9.30601 11.2516 51.0569 -0.0768429 0.844005 0.530802
-9.31778 10.9531 51.5259 -0.0733073 0.840474 0.536871
-9.336 10.6445 52.0072 -0.0709653 0.840609 0.536974
-9.35445 10.3378 52.4896 -0.0662018 0.844558 0.531348
-9.34346 10.0635 52.9304 -0.0654313 0.847037 0.527491
-9.31086 9.74107 53.4532 -0.0654989 0.847744 0.526346
-9.30509 9.39273 54.0169 -0.0655498 0.848773 0.524678
-9.34787 9.04014 54.5845 -0.0668096 0.850183 0.522231
-9.34683 8.75862 55.0441 -0.0682856 0.85069 0.521214
-9.34898 8.49414 55.4742 -0.0663706 0.849648 0.523157
-9.34712 8.20222 55.9468 -0.0655568 0.847696 0.526416
-9.34059 7.90038 56.4339 -0.0646951 0.847892 0.526206
-9.33797 7.62011 56.8832 -0.0645267 0.84592 0.529392
-9.33216 7.34037 57.3309 -0.063451 0.845874 0.529596
-9.3198 7.06064 57.7797 -0.0644156 0.846453 0.528552
-9.31689 6.75061 58.2777 -0.0631625 0.847176 0.527543
-9.32947 6.40501 58.8322 -0.0616665 0.848362 0.525811
-9.31807 6.07585 59.3643 -0.0630742 0.848163 0.525966
-9.33913 5.77491 59.8449 -0.0558897 0.848162 0.526777
-9.44676 5.50854 60.259 -0.0553126 0.84551 0.531084
-9.95686 5.46422 60.2725 -0.0643895 0.846961 0.52774
-10.559 5.45265 60.2168 -0.065778 0.84812 0.525704
-11.1238 5.45277 60.1442 -0.0730622 0.848794 0.523651
-11.6854 5.44842 60.0697 -0.084823 0.847391 0.524146
-12.2642 5.44809 59.9769 -0.0905993 0.844708 0.527473
-12.8348 5.44576 59.8767 -0.0979358 0.844086 0.527189
-13.4036 5.44691 59.7693 -0.0984867 0.84456 0.526327
-13.9673 5.43359 59.6851 -0.098768 0.844588 0.526228
-14.569 5.42351 59.5895 -0.0981279 0.843306 0.528396
-15.1105 5.41863 59.4963 -0.0978149 0.842065 0.530433
-15.6238 5.42154 59.3964 -0.100522 0.839821 0.533467
-16.1279 5.4339 59.2817 -0.100229 0.838211 0.536056
-16.7546 5.4599 59.1242 -0.0984482 0.836371 0.539251
-17.2757 5.48482 58.9876 -0.10361 0.836343 0.538326
-17.7654 5.50101 58.8643 -0.110364 0.838362 0.533825
-18.2562 5.49777 58.7624 -0.121829 0.839434 0.52963
-18.7569 5.50291 58.6395 -0.121321 0.842452 0.524934
-19.3058 5.51837 58.4825 -0.125883 0.844209 0.521022
-19.8696 5.50574 58.3605 -0.135933 0.845086 0.517048
-20.4481 5.52121 58.1785 -0.14482 0.843143 0.517776
-21.0191 5.53044 57.9952 -0.157509 0.840911 0.517738
-21.5062 5.53575 57.8345 -0.163425 0.840661 0.516315
-22.0582 5.53578 57.6518 -0.174551 0.840816 0.512407
-22.5834 5.53896 57.4662 -0.174951 0.842817 0.508971
-23.0587 5.53927 57.2973 -0.179575 0.843997 0.505393
-23.5504 5.54017 57.1199 -0.183334 0.845799 0.501007
-24.0476 5.53789 56.9383 -0.183599 0.850249 0.493323
-24.6102 5.54034 56.7165 -0.18618 0.852699 0.488082
-25.2118 5.53866 56.4859 -0.190748 0.85546 0.48146
-25.6859 5.53839 56.2953 -0.197899 0.853866 0.481402
-26.2233 5.55227 56.0481 -0.200289 0.853923 0.480311
-26.7841 5.5586 55.8024 -0.207096 0.849156 0.485818
-27.2416 5.56064 55.5976 -0.216682 0.847638 0.484302
-27.7779 5.55817 55.3601 -0.224803 0.845434 0.484464
-28.344 5.56308 55.0725 -0.242083 0.845141 0.476583
-28.8249 5.55893 54.8321 -0.257941 0.842915 0.472187
-29.3173 5.5464 54.5869 -0.255436 0.842881 0.473607
-29.7639 5.53542 54.3622 -0.261113 0.844332 0.467892
-30.212 5.53293 54.1171 -0.260362 0.844146 0.468646
-30.6912 5.53396 53.8468 -0.259753 0.847259 0.463336
-31.149 5.52286 53.5991 -0.270629 0.849288 0.453288
-31.6186 5.52511 53.3176 -0.270914 0.846792 0.457765
-32.0568 5.53631 53.0328 -0.276235 0.846763 0.454627
-32.5482 5.5312 52.7429 -0.277092 0.846486 0.454623
-32.9807 5.53674 52.4682 -0.283246 0.844841 0.453883
-33.4111 5.54069 52.1897 -0.287602 0.844135 0.452454
-33.87 5.54765 51.8794 -0.295465 0.842479 0.450477
-34.3326 5.5504 51.569 -0.297185 0.843512 0.447402
-34.8268 5.54053 51.2587 -0.297012 0.844674 0.445318
-35.3349 5.5479 50.8979 -0.30453 0.846753 0.436201
-35.8477 5.54525 50.5405 -0.31006 0.845956 0.433845
-36.2561 5.54501 50.2414 -0.313686 0.847929 0.427337
-36.6772 5.55326 49.9084 -0.31924 0.848243 0.422575
-37.1914 5.57431 49.4728 -0.325455 0.845865 0.4226
-37.7546 5.58691 49.0013 -0.335993 0.839661 0.426693
-38.1801 5.57856 48.6762 -0.347477 0.836162 0.424351
-38.6967 5.5752 48.2504 -0.351257 0.837256 0.419071
-39.0978 5.57908 47.9046 -0.353227 0.837179 0.417565
-39.5087 5.58282 47.5406 -0.36001 0.837413 0.411256
-39.9142 5.57793 47.1853 -0.368726 0.838495 0.401197
-40.3411 5.56372 46.8193 -0.368582 0.841754 0.394446
-40.7269 5.55239 46.48 -0.369559 0.842945 0.390986
-41.1095 5.541 46.1365 -0.376856 0.844492 0.380544
-41.53 5.53615 45.728 -0.378266 0.845733 0.376364
-42.017 5.52867 45.252 -0.380445 0.84573 0.374169
-42.382 5.52762 44.8814 -0.382234 0.845053 0.373876
-42.8378 5.52253 44.4173 -0.38582 0.847894 0.363584
-43.2436 5.52813 43.9613 -0.393454 0.84855 0.353776
-43.6126 5.51579 43.5775 -0.397311 0.846415 0.354577
-44.0109 5.50288 43.1605 -0.39681 0.847652 0.352175
-44.3894 5.5057 42.7255 -0.400628 0.846361 0.350954
-44.7341 5.49595 42.3538 -0.401373 0.846455 0.349876
-45.0933 5.49135 41.9524 -0.400939 0.847837 0.347014
-45.5136 5.5009 41.441 -0.401511 0.847871 0.346272
-45.8449 5.51413 41.0232 -0.404355 0.846927 0.345271
-46.2689 5.52941 40.481 -0.409505 0.851331 0.327934
-46.6283 5.53082 40.0215 -0.42672 0.839416 0.336587
-47.0735 5.51444 39.4901 -0.433542 0.837179 0.333426
-47.395 5.51009 39.0795 -0.437907 0.835512 0.331901
-47.7218 5.54217 38.5669 -0.440138 0.834 0.33275
-52.0543 2.01464 41.3385 -0.50613 0.785473 0.356175
-52.3765 2.00499 40.8906 -0.514247 0.784155 0.347331
-52.7295 2.00731 40.3559 -0.515785 0.786672 0.339284
-53.0949 2.00606 39.7968 -0.515485 0.7907 0.330223
-53.4509 2.02543 39.1776 -0.52969 0.787489 0.315102
-53.7184 2.0386 38.6977 -0.531228 0.78445 0.320054
-54.0672 2.04099 38.097 -0.539669 0.783605 0.307725
-54.3288 2.03492 37.6565 -0.548062 0.776479 0.310943
-54.6538 2.05423 37.0282 -0.547925 0.777452 0.308784
-54.8754 2.07362 36.5781 -0.555258 0.773686 0.305119
-55.1254 2.08411 36.0935 -0.55631 0.772458 0.30631
-55.2148 2.22215 35.58 -0.563015 0.771411 0.296544
-54.8608 2.56454 35.3586 -0.556898 0.772482 0.305183
-54.4913 2.90299 35.1613 -0.544638 0.783653 0.298749
-53.989 3.35758 34.8735 -0.54052 0.787542 0.295998
-53.6203 3.67857 34.6537 -0.513368 0.803753 0.300725
-53.2239 4.01192 34.4293 -0.509375 0.810419 0.28941
-52.8533 4.31965 34.2102 -0.49592 0.816604 0.295333
-52.4794 4.62377 33.9944 -0.493731 0.818351 0.294161
-52.0711 4.9492 33.771 -0.479855 0.820353 0.311064
-51.7169 5.23874 33.554 -0.477009 0.821536 0.312297
-51.2579 5.61663 33.2577 -0.474217 0.82231 0.314522
-50.8789 5.92629 33.0209 -0.473781 0.821563 0.317123
-50.4249 6.29392 32.7458 -0.47184 0.821837 0.319292
-50.0047 6.62484 32.5121 -0.468686 0.823296 0.320179
-49.4733 7.03037 32.245 -0.461249 0.825608 0.324935
-49.0259 7.37272 31.996 -0.453288 0.833585 0.315698
-48.6247 7.67402 31.7695 -0.442701 0.838839 0.316805
-48.2625 7.94549 31.5555 -0.441119 0.839954 0.316055
-47.8086 8.28746 31.2816 -0.438977 0.840402 0.317826
-47.3978 8.58672 31.0511 -0.435163 0.84047 0.322855
-46.9897 8.88141 30.8239 -0.423229 0.845993 0.324293
-46.5517 9.19248 30.5797 -0.420152 0.847372 0.324704
-46.1335 9.49426 30.3324 -0.419557 0.847692 0.324638
-45.7047 9.8119 30.0578 -0.419932 0.847238 0.325337
-45.2332 10.1658 29.7468 -0.420748 0.846357 0.326575
-44.8418 10.4457 29.5274 -0.421499 0.845442 0.327973
-44.3868 10.7771 29.2567 -0.420269 0.846248 0.327473
-44.0149 11.0429 29.0468 -0.416032 0.846126 0.333148
-43.5575 11.3771 28.7681 -0.415557 0.845483 0.335354
-43.1389 11.6753 28.5363 -0.413807 0.844748 0.339358
-42.612 12.0381 28.2806 -0.415027 0.843126 0.341894
-42.1705 12.346 28.0569 -0.41481 0.843433 0.341399
-41.7425 12.6434 27.841 -0.414231 0.843855 0.34106
-41.3622 12.9296 27.5915 -0.412207 0.845166 0.340263
-40.9431 13.2468 27.3112 -0.411967 0.845086 0.340754
-40.4812 13.5917 27.0142 -0.410763 0.845247 0.341807
-40.1028 13.8787 26.7605 -0.407518 0.845519 0.345002
-39.6613 14.207 26.479 -0.406579 0.845175 0.346949
-39.2082 14.5315 26.2198 -0.404853 0.84505 0.349262
-38.7611 14.8441 25.9817 -0.404546 0.845044 0.349634
-38.3464 15.1289 25.773 -0.40417 0.845043 0.35007
-37.9672 15.3918 25.5767 -0.405436 0.844234 0.350557
-37.5929 15.6659 25.3506 -0.407335 0.842975 0.351385
-37.238 15.9406 25.1045 -0.406575 0.841752 0.355177
-36.8334 16.2468 24.844 -0.40814 0.840562 0.3562
-36.4063 16.5537 24.6101 -0.408272 0.840209 0.356878
-35.8712 16.9368 24.3201 -0.408836 0.840017 0.356686
-35.5042 17.2059 24.1063 -0.408201 0.840605 0.356027
-35.0639 17.5198 23.8705 -0.408695 0.840293 0.356196
-34.6698 17.8011 23.6616 -0.409742 0.839155 0.35767
-34.2478 18.0958 23.454 -0.410525 0.838241 0.358915
-33.8522 18.3744 23.2571 -0.410899 0.838183 0.358625
-33.4198 18.689 23.016 -0.408928 0.838884 0.359239
-33.0568 18.9619 22.7934 -0.409241 0.837675 0.361689
-32.6116 19.2978 22.5224 -0.411401 0.836165 0.362737
-32.1543 19.6292 22.2817 -0.412817 0.833826 0.366493
-31.6479 20.005 21.9978 -0.412834 0.832292 0.369936
-31.2765 20.2923 21.7696 -0.416925 0.829924 0.370674
-30.8313 20.6388 21.4968 -0.418985 0.828158 0.372298
-30.457 20.9317 21.2633 -0.415012 0.830173 0.37226
-30.0279 21.2615 21.0053 -0.414762 0.830842 0.371044
-29.5975 21.5875 20.7565 -0.406173 0.831205 0.379633
-29.2222 21.8675 20.5449 -0.406011 0.832119 0.377801
-28.8549 22.1411 20.3389 -0.40852 0.830644 0.378341
-28.4668 22.4309 20.1233 -0.40634 0.829398 0.383389
-28.0225 22.7737 19.8569 -0.409869 0.827362 0.384029
-27.6495 23.0691 19.6192 -0.411104 0.825377 0.386971
-27.2711 23.3648 19.3899 -0.407057 0.826087 0.389723
-26.8742 23.6704 19.1597 -0.409846 0.824282 0.390622
-26.4465 23.9934 18.9288 -0.409051 0.821638 0.396974
-26.0113 24.2523 18.8424 -0.408453 0.821082 0.398731
-25.5422 24.4509 18.9141 -0.409471 0.819623 0.400688
-24.999 24.6684 19.0158 -0.400053 0.82207 0.405157
-24.4931 24.889 19.0643 -0.396069 0.82212 0.408959
-24.0159 25.1001 19.1016 -0.395049 0.822547 0.409088
-23.5008 25.3406 19.1125 -0.390458 0.823539 0.411486
-22.9364 25.6143 19.087 -0.377784 0.831132 0.408041
-22.3595 25.8936 19.0496 -0.37289 0.83152 0.411727
-21.8438 26.1483 18.9952 -0.36611 0.832969 0.414879
-21.265 26.4311 18.9331 -0.355029 0.836514 0.417371
-20.7672 26.661 18.8949 -0.353106 0.835897 0.42023
-20.1307 26.9297 18.8905 -0.34962 0.833992 0.426875
-19.6131 27.1467 18.8884 -0.34599 0.834346 0.429125
-19.0838 27.373 18.8756 -0.343962 0.834052 0.431332
-18.6269 27.5781 18.839 -0.338101 0.836061 0.432076
-18.0597 27.8508 18.7533 -0.331806 0.836873 0.435366
-17.4915 28.1234 18.6568 -0.323596 0.839943 0.435639
-17.0241 28.3405 18.5885 -0.322249 0.837443 0.441404
-16.4777 28.5983 18.4921 -0.316077 0.839525 0.441919
-15.9485 28.87 18.355 -0.316536 0.838314 0.443886
-15.5185 29.1184 18.193 -0.315954 0.837882 0.445115
-15.1014 29.3548 18.0445 -0.315406 0.837746 0.445758
-14.6836 29.5919 17.8949 -0.316073 0.83681 0.447043
-14.244 29.8378 17.7447 -0.313659 0.836098 0.450066
-13.7765 30.0724 17.6367 -0.31502 0.834376 0.452305
-13.2711 30.2016 17.7495 -0.31243 0.833639 0.455449
-12.805 30.2641 17.9547 -0.312741 0.832024 0.458178
-12.3402 30.33 18.1505 -0.310205 0.83222 0.459545
-11.8642 30.4043 18.3344 -0.308716 0.831464 0.46191
-11.4027 30.4113 18.627 -0.297607 0.832548 0.467218
-11.0505 30.3124 19.034 -0.302556 0.832399 0.464281
-10.8129 30.121 19.5087 -0.288387 0.830368 0.476784
-10.5555 29.9083 20.0304 -0.276599 0.830098 0.484179
-10.2908 29.7093 20.5225 -0.275142 0.831245 0.483036
-10.0453 29.5483 20.9386 -0.272829 0.831758 0.48347
-9.75595 29.3746 21.3991 -0.267158 0.83293 0.484616
-9.5145 29.2061 21.8225 -0.260644 0.834005 0.486312
-9.29148 29.0187 22.2635 -0.258167 0.834366 0.487013
-9.11595 28.7943 22.7428 -0.251446 0.838793 0.482909
-8.99082 28.5369 23.2515 -0.246587 0.839054 0.484956
-8.83667 28.2962 23.7494 -0.244136 0.840641 0.483432
-8.71331 28.0724 24.1924 -0.2411 0.834158 0.496036
-8.52302 27.7958 24.7439 -0.234161 0.832599 0.501943
-8.36768 27.5705 25.1845 -0.231143 0.829548 0.508353
-8.14579 27.3002 25.7215 -0.221684 0.829825 0.512093
-7.9169 27.0912 26.1592 -0.215408 0.830378 0.513854
-7.62032 26.8642 26.648 -0.209407 0.831251 0.514939
-7.33895 26.6742 27.0673 -0.203783 0.832659 0.514927
-7.04509 26.4883 27.4792 -0.196196 0.830697 0.520994
-6.76516 26.3081 27.8687 -0.189191 0.832272 0.52108
-6.46126 26.1385 28.2431 -0.185267 0.827451 0.530082
-6.13772 25.9182 28.6948 -0.173806 0.825843 0.536446
-5.84231 25.6855 29.1445 -0.167448 0.824958 0.539819
-5.56705 25.4546 29.5789 -0.164735 0.822334 0.544635
-5.24786 25.1789 30.0901 -0.160793 0.822433 0.545664
-4.87916 24.9065 30.6068 -0.156796 0.822622 0.546542
-4.55635 24.6823 31.0348 -0.151802 0.822084 0.548757
-4.23133 24.4656 31.4491 -0.148776 0.822053 0.549631
-3.90575 24.2576 31.848 -0.146651 0.821209 0.551459
-3.58027 24.0424 32.2538 -0.146292 0.821063 0.551773
-3.31931 23.8206 32.6537 -0.142163 0.821522 0.552169
-3.17538 23.5023 33.1671 -0.139901 0.824855 0.54776
-3.13478 23.2075 33.6195 -0.130166 0.825357 0.549402
-3.13222 22.929 34.0385 -0.130163 0.825331 0.549442
-3.1185 22.6283 34.4936 -0.125074 0.826367 0.549067
-3.10419 22.3532 34.9115 -0.123438 0.827808 0.547263
-3.12687 22.0429 35.3755 -0.123121 0.829284 0.545087
-3.15794 21.6797 35.9227 -0.117101 0.830416 0.544699
-3.14384 21.3405 36.4426 -0.114626 0.830137 0.54565
-3.17712 21.0616 36.859 -0.111866 0.828879 0.548129
-3.16642 20.7592 37.3193 -0.110214 0.828703 0.548726
-3.14812 20.4591 37.775 -0.109125 0.828342 0.549492
-3.13223 20.1799 38.2004 -0.10694 0.82972 0.547837
-3.13984 19.8906 38.6381 -0.103566 0.831389 0.545954
-3.13202 19.6077 39.0662 -0.0993729 0.830479 0.548095
-3.12521 19.3124 39.5133 -0.0934754 0.829507 0.550618
-3.13702 19.014 39.9589 -0.087837 0.828984 0.552322
-3.14577 18.6904 40.4473 -0.0877869 0.83275 0.546644
-3.16067 18.3746 40.9285 -0.0868025 0.835672 0.542326
-3.17516 18.0761 41.3854 -0.0878084 0.8352 0.542891
-3.179 17.7793 41.8407 -0.0853716 0.833813 0.545401
-3.17808 17.467 42.316 -0.0820584 0.831959 0.548736
-3.1737 17.1776 42.7535 -0.0833195 0.830347 0.550982
-3.16686 16.8293 43.278 -0.0799077 0.829993 0.55202
-3.15361 16.5338 43.7229 -0.0746498 0.827827 0.555994
-3.15235 16.2042 44.2151 -0.0731826 0.829235 0.554087
-3.15824 15.8183 44.7887 -0.068156 0.828645 0.555609
-3.16503 15.4649 45.3178 -0.0703138 0.83116 0.551568
-3.17396 15.126 45.8275 -0.0670672 0.832636 0.549745
-3.18916 14.8335 46.2665 -0.0654569 0.830811 0.552692
-3.2001 14.5196 46.7379 -0.0620117 0.830904 0.552949
-3.18203 14.139 47.3151 -0.0590557 0.833228 0.549766
-3.18171 13.8622 47.7338 -0.0579626 0.832988 0.550246
-3.18355 13.5784 48.165 -0.0552662 0.833951 0.549064
-3.20749 13.2405 48.6771 -0.0523028 0.835216 0.547429
-3.19314 12.9435 49.1313 -0.0519976 0.835019 0.547759
-3.18167 12.6519 49.5762 -0.0510818 0.834657 0.548397
-3.15117 12.3064 50.1054 -0.049761 0.835214 0.54767
-3.13339 11.9211 50.6962 -0.0458856 0.836942 0.545365
-3.13267 11.6256 51.1508 -0.0425969 0.838406 0.543378
-3.15187 11.3534 51.5699 -0.0390329 0.839365 0.542165
-3.14898 11.0479 52.0426 -0.0380025 0.839039 0.542743
-3.14625 10.7341 52.5287 -0.0356622 0.839911 0.541551
-3.15157 10.4368 52.9903 -0.034484 0.84104 0.539872
-3.16162 10.1495 53.4383 -0.0344714 0.842238 0.538002
-3.18102 9.83137 53.9357 -0.0353856 0.842828 0.537018
-3.19859 9.5354 54.3999 -0.0351721 0.843379 0.536167
-3.21861 9.24726 54.8518 -0.0345344 0.843565 0.535916
-3.22455 8.89916 55.3999 -0.0346501 0.84428 0.53478
-3.22476 8.61514 55.8483 -0.0355446 0.844534 0.534322
-3.20754 8.32192 56.3132 -0.0350639 0.844834 0.533878
-3.20648 8.03973 56.7592 -0.0328918 0.843402 0.536275
-3.21937 7.72151 57.2566 -0.0318936 0.839745 0.542044
-3.20919 7.43282 57.7048 -0.0297391 0.838554 0.543995
-3.15599 7.07115 58.2611 -0.0293669 0.83645 0.547255
-3.13019 6.69871 58.8317 -0.0293594 0.836334 0.547434
-3.12862 6.39911 59.2883 -0.0289645 0.834929 0.549593
-3.16191 5.96073 59.9496 -0.023077 0.833604 0.551871
-3.18383 5.65888 60.4057 -0.0195848 0.833431 0.552275
-3.21111 5.28323 60.9698 -0.0153781 0.832694 0.55352
-3.21614 5.00186 61.3899 -0.0105445 0.830368 0.557116
-3.18687 4.69177 61.8414 -0.0120036 0.822615 0.568471
-3.19959 4.35875 62.32 -0.0112262 0.819151 0.573468
-3.21014 3.95591 62.8943 -0.0086458 0.818122 0.57498
-3.20946 3.62877 63.3541 -0.00364699 0.81097 0.585077
-3.21556 3.29152 63.8185 -0.00269803 0.806148 0.591708
-3.22657 2.95645 64.2699 -0.00442222 0.801388 0.598127
-3.22552 2.63184 64.7005 -0.00187658 0.79528 0.606222
-3.2224 2.29938 65.1313 0.0024484 0.790574 0.612361
-3.51608 2.00837 65.5105 0.00631368 0.792146 0.610299
-4.18524 1.98471 65.5477 0.00674968 0.793673 0.608307
-4.87314 1.97335 65.5666 0.00219571 0.794729 0.606961
-5.41245 1.96489 65.5786 -0.000326637 0.794944 0.606681
-6.01257 1.97222 65.5701 0.00119092 0.796872 0.604147
-6.63036 1.98441 65.5489 -0.0115369 0.79451 0.607142
-7.21314 1.99077 65.5278 -0.0196373 0.797051 0.603585
-7.83842 1.96558 65.5347 -0.0319476 0.796779 0.603426
-8.53945 1.95497 65.4995 -0.0457549 0.797951 0.600972
-9.04331 1.95164 65.4605 -0.0522599 0.798433 0.599811
-9.64288 1.94917 65.4106 -0.0515918 0.800089 0.597659
-10.2254 1.95085 65.3578 -0.0522897 0.799801 0.597983
-10.7372 1.95711 65.3049 -0.0526429 0.800338 0.597233
-11.3695 1.94806 65.2603 -0.0579095 0.799796 0.597462
-11.9233 1.94517 65.2022 -0.0776035 0.801863 0.592447
-12.4608 1.94253 65.1365 -0.0752955 0.805423 0.587898
-12.9916 1.95183 65.0506 -0.0801093 0.806826 0.585326
-13.5248 1.96552 64.9598 -0.0803642 0.805246 0.587469
-14.108 1.97438 64.8674 -0.0804384 0.80149 0.592573
-14.6622 1.9934 64.7631 -0.0848411 0.805815 0.586058
-15.1579 2.00011 64.6792 -0.093063 0.7967 0.597167
-15.6911 1.99658 64.5992 -0.0971317 0.797553 0.595373
-16.2932 1.98852 64.5047 -0.105498 0.794196 0.598432
-16.844 1.98932 64.3949 -0.121651 0.801806 0.585052
-17.5382 2.004 64.232 -0.124109 0.795761 0.592736
-18.0424 2.01148 64.1071 -0.134704 0.802281 0.581545
-18.5784 2.01425 63.977 -0.137321 0.803343 0.579468
-19.1453 2.01963 63.8335 -0.137262 0.796297 0.589127
-19.6996 2.01549 63.6958 -0.164908 0.806879 0.567232
-20.274 1.9998 63.5526 -0.166073 0.802596 0.572938
-20.7891 1.98178 63.4281 -0.164526 0.800498 0.576301
-21.2883 1.97559 63.2945 -0.16851 0.797774 0.578932
-21.8715 2.00013 63.088 -0.16613 0.79886 0.57812
-22.4625 2.01521 62.8915 -0.178467 0.800396 0.572291
-22.9496 2.01911 62.7349 -0.182623 0.798063 0.5742
-23.4701 2.01489 62.5704 -0.191145 0.794631 0.576217
-24.0291 2.01122 62.3846 -0.206828 0.793338 0.57257
-24.7197 2.01586 62.1295 -0.205134 0.793923 0.572369
-25.3113 2.01063 61.9133 -0.221608 0.790681 0.570708
-25.8306 2.00169 61.7269 -0.219642 0.789114 0.573634
-26.3096 1.99422 61.5547 -0.21649 0.787618 0.57688
-26.8551 1.99628 61.3448 -0.225986 0.786939 0.574158
-27.3549 2.0157 61.1229 -0.225087 0.784722 0.577536
-27.9277 2.03461 60.8614 -0.241336 0.792939 0.559468
-28.3979 2.03213 60.6573 -0.252401 0.786567 0.563561
-28.8815 2.02881 60.4461 -0.249722 0.787337 0.563683
-29.3515 2.01711 60.2482 -0.260841 0.787916 0.557804
-29.9256 2.00225 59.9974 -0.264954 0.78748 0.556482
-30.4046 2.01374 59.7483 -0.271352 0.786751 0.554426
-30.8937 2.01386 59.5031 -0.276248 0.788001 0.550211
-31.3808 2.0127 59.2631 -0.276983 0.786689 0.551703
-31.888 2.02271 58.9902 -0.281135 0.785227 0.551707
-32.4484 2.02116 58.7041 -0.284174 0.785653 0.549539
-33.0058 2.0099 58.4264 -0.293226 0.78761 0.541931
-33.4668 2.02039 58.1591 -0.29622 0.788063 0.539639
-33.9152 2.02481 57.8911 -0.313928 0.791274 0.524723
-34.3613 2.02027 57.6325 -0.322381 0.790734 0.520395
-34.8307 2.01827 57.3451 -0.321875 0.78916 0.52309
-35.3724 2.01364 57.0202 -0.319194 0.791157 0.521714
-35.861 2.01739 56.7069 -0.327854 0.790995 0.516565
-36.3109 2.02908 56.3985 -0.338916 0.790149 0.510655
-36.9025 2.01926 56.0171 -0.342727 0.788362 0.510904
-37.4323 2.02662 55.6502 -0.341505 0.784651 0.517395
-37.8796 2.04003 55.3338 -0.345992 0.782143 0.51821
-38.3596 2.03663 55.0154 -0.346454 0.783823 0.515348
-38.9166 2.03658 54.6346 -0.352023 0.79931 0.487014
-39.3219 2.03734 54.3307 -0.366539 0.799945 0.475117
-39.7272 2.04465 54.007 -0.375585 0.792598 0.480155
-40.1668 2.04599 53.6449 -0.384727 0.798513 0.462992
-40.5996 2.04153 53.3094 -0.385655 0.791974 0.473337
-41.0914 2.03417 52.9137 -0.393395 0.790882 0.46877
-41.4811 2.03906 52.5822 -0.387867 0.794029 0.468039
-41.8663 2.04281 52.2547 -0.395094 0.791556 0.466196
-42.3052 2.04685 51.8847 -0.388726 0.794023 0.467342
-42.774 2.05733 51.4727 -0.386516 0.797496 0.463255
-43.2272 2.03615 51.1111 -0.412351 0.790536 0.45279
-43.6418 2.03322 50.7463 -0.413634 0.793193 0.446937
-44.0315 2.03638 50.3827 -0.4086 0.793392 0.451126
-44.4037 2.03528 50.0475 -0.405463 0.801162 0.440158
-44.8516 2.03339 49.6418 -0.429589 0.783301 0.4493
-45.2625 2.0207 49.26 -0.426298 0.799383 0.423362
-45.6984 2.02204 48.8144 -0.430943 0.797051 0.423082
-46.1492 2.02633 48.3455 -0.440031 0.789302 0.428223
-46.5314 2.02256 47.967 -0.433882 0.794164 0.425383
-46.9747 2.03388 47.4818 -0.443183 0.787821 0.427699
-47.3927 2.03187 47.0263 -0.448976 0.800652 0.396708
-47.775 2.03118 46.5954 -0.453206 0.800139 0.392832
-48.1906 1.99692 46.1815 -0.456565 0.796499 0.396388
-48.5668 1.97245 45.8018 -0.451053 0.800027 0.39558
-48.9585 1.97262 45.3515 -0.457275 0.795337 0.397917
-49.4197 1.98468 44.7996 -0.45459 0.801527 0.388449
-49.7417 2.0034 44.3827 -0.456728 0.793303 0.40257
-50.1458 2.02104 43.868 -0.47489 0.792907 0.381786
-50.5069 2.02431 43.4144 -0.49144 0.786005 0.375076
-50.8725 2.02523 42.9322 -0.494155 0.784541 0.374575
-51.1908 2.01139 42.54 -0.498961 0.783523 0.370264
-51.6209 1.99854 41.9809 -0.498863 0.787004 0.362988
-51.9143 2.00712 41.5524 -0.505603 0.784876 0.358239
-51.9414 2.00812 41.512 -0.505603 0.784876 0.358239
-41.0688 8.83696 38.2409 -0.388375 0.853741 0.34683
-40.4775 9.06299 38.3442 -0.386762 0.854602 0.346511
-39.9446 9.26491 38.4386 -0.383985 0.856388 0.345187
-39.4712 9.44288 38.5226 -0.380914 0.857593 0.345598
-38.9973 9.61945 38.6049 -0.378821 0.858834 0.344816
-38.5195 9.79652 38.6878 -0.377147 0.860016 0.343704
-38.0299 9.97453 38.7738 -0.369316 0.861339 0.348858
-37.3778 10.2047 38.8831 -0.353233 0.867323 0.350681
-36.8005 10.4016 38.9774 -0.352698 0.867148 0.351652
-36.2966 10.573 39.058 -0.350754 0.86756 0.352578
-35.7884 10.7444 39.1405 -0.349895 0.867429 0.353751
-35.2765 10.9176 39.2232 -0.35073 0.867107 0.353716
-34.7297 11.1027 39.3116 -0.352631 0.865616 0.355472
-34.2113 11.2786 39.3971 -0.351539 0.864662 0.358859
-33.707 11.4486 39.4789 -0.341167 0.864575 0.368938
-33.1116 11.6368 39.5698 -0.32345 0.86623 0.380824
-32.599 11.7912 39.6454 -0.310617 0.870819 0.38104
-32.1135 11.9329 39.7156 -0.309174 0.870244 0.383518
-31.6276 12.0748 39.7863 -0.31086 0.869816 0.383127
-31.1374 12.2172 39.8575 -0.307595 0.871592 0.381722
-30.6502 12.3592 39.9287 -0.310811 0.869839 0.383115
-30.169 12.4998 39.9995 -0.310031 0.867356 0.389326
-29.608 12.6633 40.0813 -0.309995 0.866032 0.392291
-29.1288 12.8026 40.1517 -0.309984 0.864273 0.396159
-28.5892 12.9568 40.23 -0.302571 0.865292 0.399651
-28.0666 13.1055 40.3053 -0.305432 0.862858 0.402726
-27.5488 13.2512 40.379 -0.298471 0.865006 0.403335
-27.0719 13.3867 40.4478 -0.306117 0.862434 0.403113
-26.5634 13.5299 40.5216 -0.299374 0.864794 0.403121
-26.0373 13.6751 40.5959 -0.293889 0.866387 0.403736
-25.2974 13.8712 40.6976 -0.286526 0.855764 0.430779
-24.7801 13.9997 40.7647 -0.265495 0.856523 0.442585
-24.1041 14.1634 40.8505 -0.262107 0.856086 0.44544
-23.45 14.3209 40.9339 -0.2634 0.854149 0.448385
-22.8993 14.4536 41.0044 -0.263222 0.854306 0.44819
-22.197 14.6224 41.0946 -0.261383 0.85347 0.450852
-21.6995 14.7384 41.1569 -0.249497 0.854922 0.454818
-21.1303 14.8658 41.2256 -0.243989 0.855386 0.456929
-20.6083 14.9765 41.2855 -0.231249 0.856045 0.462288
-20.104 15.0805 41.342 -0.227796 0.855613 0.464797
-19.6076 15.1826 41.3975 -0.227942 0.855624 0.464705
-18.9427 15.3184 41.4715 -0.22742 0.853799 0.468303
-18.355 15.4361 41.5364 -0.220078 0.854475 0.470572
-17.8114 15.5396 41.5936 -0.205512 0.853845 0.478241
-17.3072 15.629 41.644 -0.191008 0.855536 0.481221
-16.6651 15.7301 41.7017 -0.174372 0.857319 0.484354
-16.092 15.8172 41.7513 -0.170544 0.859906 0.481121
-15.5681 15.8955 41.7948 -0.167795 0.861016 0.4801
-15.0135 15.9758 41.8406 -0.162934 0.861148 0.481535
-14.3671 16.0675 41.8937 -0.161029 0.861421 0.481688
-13.8725 16.1372 41.9344 -0.161338 0.861249 0.481892
-13.2416 16.2264 41.9868 -0.160557 0.858035 0.48785
-12.6327 16.3103 42.0346 -0.150129 0.859675 0.488282
-12.4846 16.3298 42.0459 -0.153328 0.856286 0.493218
-12.5418 13.4115 46.9161 -0.127544 0.845565 0.518414
-13.0752 13.3512 46.8819 -0.130086 0.845191 0.518392
-13.6045 13.2881 46.848 -0.135627 0.84752 0.513143
-14.2059 13.2122 46.8085 -0.147252 0.847716 0.509602
-14.7445 13.1408 46.7707 -0.151437 0.848792 0.506576
-15.368 13.057 46.7259 -0.151912 0.850399 0.503731
-15.8725 12.9866 46.6896 -0.158035 0.850733 0.501276
-16.4526 12.901 46.6457 -0.171432 0.84721 0.502838
-17.0826 12.801 46.5909 -0.181453 0.848228 0.497577
-17.5961 12.7169 46.5453 -0.183401 0.847509 0.498089
-18.1344 12.6282 46.4979 -0.183588 0.847766 0.497582
-18.7021 12.5341 46.4483 -0.185974 0.847505 0.497141
-19.223 12.4464 46.4011 -0.191105 0.846527 0.496861
-19.7667 12.3515 46.3508 -0.195049 0.84791 0.492955
-20.2697 12.2606 46.3037 -0.199621 0.847952 0.491049
-20.9453 12.1386 46.2393 -0.199075 0.848303 0.490665
-21.4357 12.0503 46.1929 -0.199075 0.849255 0.489015
-21.9531 11.9564 46.1449 -0.19866 0.851239 0.485722
-22.4985 11.8553 46.0945 -0.205399 0.854047 0.477928
-23.0556 11.7449 46.0397 -0.227356 0.854116 0.467755
-23.5529 11.6379 45.9867 -0.240362 0.854557 0.460389
-24.1308 11.5084 45.9227 -0.24485 0.855645 0.455983
-24.666 11.3871 45.8631 -0.244851 0.855643 0.455985
-25.1927 11.2679 45.8047 -0.241773 0.856942 0.455188
-25.7489 11.1447 45.7444 -0.236973 0.859655 0.452589
-26.2443 11.0371 45.6918 -0.231763 0.86177 0.451263
-26.8167 10.9116 45.63 -0.244491 0.863129 0.441851
-27.3318 10.7952 45.5729 -0.257162 0.864033 0.432799
-27.8317 10.674 45.5136 -0.264093 0.865396 0.425846
-28.3161 10.5532 45.4548 -0.270442 0.863863 0.424972
-28.856 10.4166 45.3884 -0.271703 0.863111 0.425696
-29.4081 10.2756 45.3203 -0.273744 0.86258 0.425465
-29.9724 10.1305 45.2506 -0.276064 0.862491 0.424144
-30.5306 9.98406 45.1807 -0.284649 0.86273 0.417939
-31.1347 9.82015 45.1027 -0.296074 0.861784 0.41191
-31.6553 9.6727 45.0333 -0.298945 0.862239 0.408872
-32.1596 9.53005 44.9665 -0.298516 0.862997 0.407584
-32.6788 9.38311 44.8979 -0.297834 0.863751 0.406485
-33.2281 9.22831 44.8258 -0.29708 0.864376 0.405706
-33.709 9.09157 44.7625 -0.299966 0.863302 0.40587
-34.2437 8.9383 44.6918 -0.30272 0.8631 0.40425
-34.9085 8.74574 44.6037 -0.30509 0.862922 0.402846
-35.4417 8.58938 44.5324 -0.310517 0.862403 0.3998
-36.0124 8.41762 44.4544 -0.317964 0.856866 0.405808
-36.639 8.21515 44.3632 -0.343747 0.851601 0.395744
-37.1684 8.03691 44.2826 -0.348391 0.855847 0.382294
-37.6559 7.8734 44.2091 -0.341455 0.858619 0.382337
-38.1276 7.71313 44.1375 -0.352735 0.856078 0.377766
-38.8066 7.4742 44.031 -0.361735 0.855652 0.370145
-39.4655 7.2327 43.9238 -0.375245 0.855207 0.357508
-39.5647 7.19589 43.9075 -0.375827 0.855185 0.356949
-31.4421 7.23336 50.2266 -0.267052 0.860469 0.433909
-30.8716 7.37297 50.2896 -0.254962 0.854234 0.453078
-30.3561 7.49457 50.3445 -0.246209 0.859142 0.448617
-29.835 7.61628 50.3972 -0.246937 0.85814 0.450131
-29.3123 7.73801 50.4515 -0.246782 0.859233 0.448126
-28.794 7.85849 50.5063 -0.24745 0.859564 0.447122
-28.2618 7.98215 50.5627 -0.246743 0.859884 0.446898
-27.5678 8.13798 50.6334 -0.234556 0.864588 0.444378
-27.0647 8.24786 50.6836 -0.230677 0.86671 0.442269
-26.5288 8.36182 50.7362 -0.224999 0.867351 0.443935
-26.0411 8.46335 50.7832 -0.220824 0.868742 0.443311
-25.4034 8.59098 50.8431 -0.210748 0.867603 0.450389
-24.8892 8.68885 50.889 -0.200683 0.86944 0.451442
-24.311 8.79607 50.9389 -0.199448 0.86949 0.451893
-23.7716 8.89565 50.9853 -0.199127 0.869663 0.451702
-23.127 9.0142 51.0409 -0.198256 0.870357 0.450747
-22.4381 9.13986 51.1001 -0.195701 0.87099 0.450641
-21.8881 9.2378 51.1463 -0.189664 0.87071 0.453754
-21.3763 9.32452 51.187 -0.17688 0.86852 0.463019
-20.7044 9.43119 51.237 -0.168736 0.865686 0.471292
-20.1115 9.52045 51.2804 -0.164735 0.865682 0.472712
-19.5361 9.60795 51.3217 -0.165752 0.866042 0.471696
-19.0001 9.68832 51.3593 -0.161457 0.862308 0.479955
-18.359 9.782 51.4043 -0.158046 0.859672 0.485784
-17.7293 9.86596 51.4456 -0.143549 0.856234 0.496244
-17.2097 9.93261 51.4785 -0.143336 0.85712 0.494772
-16.6459 10.0063 51.5144 -0.141014 0.856386 0.496708
-16.1458 10.0703 51.5464 -0.141002 0.857641 0.49454
-15.5932 10.1399 51.5808 -0.136223 0.858511 0.494371
-14.9898 10.2126 51.6182 -0.133015 0.85812 0.495921
-14.4516 10.2763 51.6497 -0.128379 0.857924 0.497478
-13.8808 10.3399 51.6819 -0.119186 0.85689 0.501531
-13.3195 10.3975 51.7119 -0.112603 0.858319 0.500609
-12.7046 10.4583 51.7431 -0.109486 0.856267 0.504796
-12.4078 10.4874 51.7577 -0.108521 0.856314 0.504926
-12.4749 7.56928 56.5642 -0.0683901 0.843852 0.532199
-13.0977 7.52485 56.5476 -0.0780829 0.84158 0.534459
-13.7351 7.47203 56.5243 -0.0988115 0.844558 0.526269
-14.2478 7.42541 56.5016 -0.10121 0.846783 0.522221
-14.9076 7.36121 56.4719 -0.110314 0.847924 0.518513
-15.4423 7.30543 56.4468 -0.112659 0.850732 0.513385
-16.011 7.24552 56.4202 -0.113774 0.851032 0.512641
-16.5677 7.18614 56.3947 -0.114644 0.851432 0.511781
-17.0371 7.13592 56.3729 -0.114086 0.852241 0.510559
-12.3516 19.2904 37.1791 -0.165162 0.839461 0.517713
-12.8801 19.2125 37.1313 -0.172006 0.841432 0.512255
-13.4823 19.1208 37.0744 -0.179956 0.843838 0.505523
-14.003 19.0376 37.0225 -0.189461 0.843761 0.502167
-14.6394 18.9303 36.957 -0.192098 0.842511 0.503262
-15.3191 18.8142 36.888 -0.195179 0.844959 0.497945
-15.8877 18.7153 36.8297 -0.204048 0.844385 0.495357
-16.4079 18.6181 36.7724 -0.221539 0.840583 0.494308
-17.042 18.4863 36.6944 -0.245695 0.837206 0.48859
-17.5953 18.3633 36.6222 -0.249824 0.841466 0.479086
-18.1366 18.2423 36.5519 -0.24862 0.842864 0.47725
-18.6312 18.1342 36.4892 -0.242139 0.844774 0.477206
-19.1297 18.0265 36.4277 -0.2443 0.846004 0.473915
-19.6245 17.917 36.3653 -0.250628 0.849141 0.464914
-20.1607 17.7927 36.2943 -0.268532 0.846492 0.45972
-20.7863 17.6398 36.2074 -0.275021 0.848198 0.452685
-21.3156 17.5078 36.1332 -0.272889 0.851866 0.447052
-21.8002 17.3878 36.0661 -0.272367 0.852434 0.446288
-22.3778 17.2454 35.9865 -0.273238 0.852943 0.44478
-22.914 17.1102 35.9113 -0.284343 0.851457 0.440646
-23.4066 16.9776 35.8381 -0.306659 0.848718 0.430857
-23.9835 16.8111 35.7468 -0.315524 0.847618 0.4266
-24.5807 16.6347 35.6507 -0.318817 0.847281 0.424818
-25.1026 16.4807 35.5675 -0.317385 0.847835 0.424785
-25.6602 16.3168 35.4794 -0.315808 0.84871 0.424213
-26.2372 16.1482 35.3891 -0.319337 0.850812 0.417303
-26.7663 15.9905 35.3052 -0.32006 0.852128 0.414053
-27.2518 15.8438 35.2277 -0.322689 0.85483 0.406371
-27.7514 15.6927 35.1483 -0.32485 0.853763 0.406892
-28.3668 15.5058 35.0504 -0.322738 0.855076 0.405814
-28.9939 15.3145 34.951 -0.327024 0.854974 0.402585
-29.5265 15.1481 34.8632 -0.33676 0.853027 0.398671
-30.0693 14.9736 34.7712 -0.349063 0.85117 0.392001
-30.6558 14.7798 34.6696 -0.350691 0.855656 0.380617
-31.1475 14.6155 34.5838 -0.351624 0.857038 0.376626
-31.6478 14.448 34.4968 -0.352791 0.857259 0.375027
-32.2026 14.2618 34.4006 -0.352816 0.857209 0.375119
-32.7206 14.0876 34.3111 -0.353551 0.856869 0.375203
-33.3228 13.8826 34.207 -0.357204 0.855653 0.374517
-33.9534 13.6642 34.0972 -0.364164 0.85232 0.375414
-34.1728 13.5874 34.0584 -0.367177 0.852089 0.372996
-27.2444 18.4209 30.029 -0.359826 0.839719 0.40669
-26.7441 18.5911 30.1216 -0.353079 0.836423 0.419205
-26.1951 18.7734 30.2208 -0.353703 0.836006 0.41951
-25.6274 18.9618 30.3246 -0.355761 0.830831 0.427965
-25.1457 19.1221 30.4149 -0.35739 0.830335 0.42757
-24.6127 19.2959 30.5121 -0.345642 0.833842 0.430393
-24.1255 19.4472 30.5978 -0.318869 0.841444 0.436227
-23.597 19.5979 30.6843 -0.306103 0.851538 0.425657
-23.0181 19.7592 30.7767 -0.30359 0.85086 0.4288
-22.5368 19.8919 30.8546 -0.304389 0.850571 0.428808
-21.8876 20.0722 30.9596 -0.310369 0.846076 0.43339
-21.3788 20.2154 31.0414 -0.301266 0.845396 0.441072
-20.798 20.3739 31.1335 -0.297234 0.842888 0.448544
-20.2939 20.5092 31.2126 -0.295464 0.842656 0.450147
-19.8147 20.6367 31.2876 -0.294307 0.842939 0.450375
-19.2039 20.7949 31.381 -0.284221 0.84565 0.451768
-18.6527 20.933 31.4626 -0.278082 0.846776 0.453476
-18.1536 21.0572 31.5366 -0.278195 0.846806 0.45335
-17.592 21.193 31.619 -0.262152 0.849391 0.458052
-16.9781 21.3313 31.7032 -0.249669 0.848084 0.467353
-16.4748 21.4363 31.7672 -0.226532 0.853179 0.469861
-15.805 21.5694 31.8504 -0.229412 0.853124 0.46856
-15.306 21.6697 31.9132 -0.229264 0.851805 0.471027
-14.7798 21.7773 31.9808 -0.230145 0.848639 0.476282
-14.2143 21.8885 32.0497 -0.225794 0.845665 0.483598
-14.1392 21.9034 32.0588 -0.225794 0.845664 0.483601
-14.0532 21.9203 32.0694 -0.221005 0.846673 0.484047
