-13.3886 4.30461 -64.8211 -0.0938282 0.813597 -0.573809
-12.7427 4.28761 -64.9441 -0.0793787 0.814103 -0.57527
-12.2329 4.27706 -65.023 -0.06423 0.815388 -0.575341
-11.7174 4.25963 -65.1008 -0.053204 0.813784 -0.578726
-11.1828 4.24661 -65.1653 -0.0461274 0.813644 -0.579531
-10.6828 4.23949 -65.2136 -0.0427891 0.814098 -0.579149
-9.96951 4.22385 -65.2841 -0.0358759 0.811904 -0.582672
-9.45066 4.22494 -65.3158 -0.0358125 0.813206 -0.580872
-8.81418 4.21975 -65.3581 -0.02697 0.813077 -0.581532
-8.26996 4.23146 -65.3623 -0.0162656 0.81457 -0.579837
-7.71862 4.239 -65.3645 -0.00619826 0.810684 -0.585444
-7.19375 4.22517 -65.3904 -0.00415415 0.813564 -0.581368
-6.73471 4.30116 -65.2783 0.00990661 0.813233 -0.581853
-6.666 4.62782 -64.8198 0.0145572 0.81567 -0.578334
-6.68018 5.00485 -64.2833 0.0096376 0.820863 -0.571018
-6.7002 5.40623 -63.7052 0.00032312 0.823727 -0.566986
-6.70292 5.69489 -63.2854 0.000745329 0.824567 -0.565763
-6.72318 5.99744 -62.8434 0.001225 0.825508 -0.564389
-6.73515 6.28649 -62.4172 0.000339661 0.828457 -0.560051
-6.7441 6.57377 -61.9871 -0.0001718 0.832879 -0.55345
-6.75537 6.85637 -61.5519 -0.00365466 0.838647 -0.544663
-6.76686 7.13503 -61.1166 -0.00880182 0.841499 -0.540184
-6.77201 7.40777 -60.6873 -0.0141785 0.844016 -0.536128
-6.76938 7.68127 -60.2555 -0.0153839 0.846698 -0.531845
-6.76325 7.94718 -59.831 -0.0193351 0.846735 -0.53166
-6.74885 8.21401 -59.407 -0.0232325 0.845046 -0.534187
-6.72402 8.48437 -58.9802 -0.0251396 0.844801 -0.534489
-6.69326 8.81962 -58.4512 -0.0261046 0.845295 -0.533662
-6.95521 8.86977 -58.3579 -0.029173 0.845282 -0.533523
-7.395 8.57601 -58.8006 -0.0285942 0.845607 -0.533039
-7.813 8.32817 -59.1743 -0.0277458 0.847469 -0.53012
-8.23976 8.06575 -59.5716 -0.0288011 0.849396 -0.526969
-8.64093 7.79465 -59.9867 -0.0289431 0.850963 -0.524422
-8.95974 7.53897 -60.3864 -0.0293088 0.855665 -0.516699
-9.25797 7.26707 -60.8175 -0.0288563 0.852755 -0.521513
-9.57483 6.99637 -61.2399 -0.0401764 0.850753 -0.524028
-9.92871 6.73135 -61.6428 -0.0407801 0.850783 -0.523932
-10.2799 6.47102 -62.0297 -0.0548069 0.83981 -0.540107
-10.6181 6.20353 -62.4079 -0.0505141 0.836202 -0.546091
-10.9531 5.95779 -62.7487 -0.0701322 0.831778 -0.550643
-11.3475 5.69473 -63.0931 -0.0689715 0.831804 -0.550767
-11.8171 5.38101 -63.4957 -0.078274 0.820424 -0.566372
-12.2407 5.09264 -63.8633 -0.0767265 0.820432 -0.566573
-12.6109 4.85198 -64.1581 -0.0803756 0.814977 -0.573893
-12.9841 4.60577 -64.4583 -0.08421 0.817103 -0.570265
-13.2789 4.40164 -64.7014 -0.0938364 0.813605 -0.573796
-16.2551 6.05441 -61.8812 -0.0804483 0.818447 -0.568919
-16.6616 5.84156 -62.1291 -0.0845098 0.814272 -0.57425
-17.2642 5.60592 -62.358 -0.104104 0.806937 -0.58139
-17.7517 5.46326 -62.4606 -0.119495 0.803173 -0.583638
-18.2648 5.33345 -62.5313 -0.126994 0.801522 -0.584315
-18.8492 5.16207 -62.6311 -0.142467 0.801659 -0.580557
-19.4404 5.00293 -62.703 -0.14818 0.799845 -0.581627
-20.0604 4.81639 -62.7935 -0.158711 0.800518 -0.577911
-20.585 4.65511 -62.8716 -0.161667 0.799199 -0.578916
-21.1135 4.50523 -62.9303 -0.164097 0.798 -0.579886
-21.681 4.36113 -62.9661 -0.172634 0.795235 -0.581201
-22.1791 4.24217 -62.9798 -0.174501 0.79392 -0.582444
-22.7762 4.13597 -62.9437 -0.178633 0.792661 -0.582905
-23.3092 4.06609 -62.874 -0.182135 0.790759 -0.584403
-23.9308 4.00404 -62.7586 -0.190307 0.789675 -0.583263
-24.5176 3.94565 -62.6443 -0.194518 0.790725 -0.580445
-25.1009 3.88441 -62.5283 -0.200801 0.792501 -0.575865
-25.6477 3.83736 -62.3959 -0.211379 0.790089 -0.575393
-26.1596 3.81037 -62.243 -0.218849 0.790656 -0.57181
-26.7021 3.79401 -62.0539 -0.22894 0.790763 -0.567697
-27.294 3.81846 -61.7753 -0.240287 0.787475 -0.567578
-27.73 3.86251 -61.5293 -0.244548 0.78567 -0.568259
-28.1748 3.9232 -61.2529 -0.245279 0.78945 -0.562678
-28.6245 4.00046 -60.9452 -0.251241 0.789324 -0.560217
-29.037 4.08224 -60.6415 -0.260904 0.789792 -0.555119
-29.4746 4.12988 -60.3667 -0.264221 0.790827 -0.552068
-30.0623 4.14755 -60.0614 -0.265832 0.787966 -0.555376
-30.6732 4.06545 -59.885 -0.268194 0.784708 -0.558843
-31.3545 3.93937 -59.7304 -0.274262 0.783466 -0.557639
-31.8383 3.85388 -59.6097 -0.283422 0.778615 -0.559849
-32.4544 3.76708 -59.4163 -0.288058 0.780265 -0.555157
-32.9466 3.72729 -59.2137 -0.288549 0.781791 -0.552759
-33.4502 3.7028 -58.9744 -0.302137 0.781603 -0.545718
-33.9795 3.71449 -58.6622 -0.312473 0.783289 -0.537419
-34.4393 3.73674 -58.3637 -0.310363 0.78355 -0.53826
-34.9853 3.76898 -57.9836 -0.327423 0.781906 -0.530488
-35.4568 3.7961 -57.6444 -0.332158 0.786067 -0.521315
-35.959 3.85321 -57.2368 -0.334076 0.785392 -0.521108
-36.4322 3.92458 -56.8218 -0.341178 0.783209 -0.51979
-36.8381 3.96198 -56.4982 -0.342219 0.783456 -0.518732
-37.2902 3.90643 -56.2829 -0.343653 0.782478 -0.51926
-37.7805 3.8048 -56.1094 -0.347596 0.78052 -0.519582
-38.2531 3.72312 -55.9162 -0.349584 0.780836 -0.51776
-38.8468 3.62817 -55.6524 -0.356737 0.779438 -0.51499
-39.3813 3.56001 -55.3756 -0.36966 0.774017 -0.514052
-39.8893 3.49744 -55.1012 -0.373278 0.775585 -0.509049
-40.4147 3.4801 -54.7364 -0.378842 0.773106 -0.50871
-40.9031 3.44278 -54.4265 -0.38754 0.771501 -0.504579
-41.3197 3.41717 -54.1458 -0.389272 0.770168 -0.505281
-41.8028 3.38243 -53.8254 -0.391196 0.769981 -0.504079
-42.2188 3.35515 -53.5419 -0.393924 0.771895 -0.499001
-42.6725 3.35189 -53.1866 -0.395549 0.772467 -0.496825
-43.0599 3.36973 -52.8459 -0.401385 0.772209 -0.492521
-43.5112 3.4138 -52.4023 -0.408417 0.771127 -0.488425
-43.877 3.45257 -52.0309 -0.413784 0.771074 -0.48397
-44.2704 3.49508 -51.6182 -0.418103 0.773037 -0.47707
-44.6231 3.57271 -51.1783 -0.421568 0.777428 -0.466748
-44.9597 3.66682 -50.7095 -0.426217 0.780116 -0.457995
-45.2609 3.76994 -50.2513 -0.429401 0.78019 -0.454882
-45.5955 3.91203 -49.6876 -0.431719 0.781318 -0.450733
-45.8263 4.0331 -49.2558 -0.432495 0.781727 -0.449278
-46.1903 4.16878 -48.6655 -0.434308 0.783806 -0.443874
-46.6626 4.11768 -48.2942 -0.43324 0.785302 -0.442272
-47.2286 4.02886 -47.8917 -0.442787 0.782782 -0.437246
-47.7453 3.9692 -47.4721 -0.444535 0.788033 -0.425828
-48.2111 3.91565 -47.0724 -0.456215 0.784464 -0.420101
-48.6332 3.88385 -46.6727 -0.456924 0.784661 -0.41896
-49.0895 3.87756 -46.1841 -0.455875 0.787241 -0.415247
-49.4234 3.91832 -45.7329 -0.466851 0.784665 -0.407861
-49.7313 3.95706 -45.2845 -0.472434 0.791467 -0.387789
-50.0142 4.04297 -44.7592 -0.477118 0.791232 -0.382489
-50.2496 4.13967 -44.2579 -0.479222 0.791874 -0.378525
-50.4969 4.24951 -43.7069 -0.478302 0.795316 -0.372425
-50.7302 4.34027 -43.2127 -0.476439 0.797038 -0.371129
-50.9793 4.41661 -42.7251 -0.477374 0.797822 -0.36823
-51.2468 4.50634 -42.1653 -0.485582 0.798028 -0.356878
-51.4511 4.6074 -41.6498 -0.4887 0.80335 -0.340295
-51.6265 4.76466 -41.0163 -0.494146 0.806005 -0.325739
-51.6778 4.95085 -40.4576 -0.493227 0.81268 -0.310288
-51.6504 5.14899 -39.9728 -0.48949 0.817694 -0.302945
-51.547 5.38199 -39.5095 -0.496191 0.815545 -0.297745
-51.3871 5.63808 -39.0627 -0.489987 0.822848 -0.28781
-51.1997 5.91471 -38.588 -0.491124 0.824112 -0.2822
-50.9805 6.23274 -38.0381 -0.487088 0.827032 -0.280647
-50.7481 6.55313 -37.4914 -0.484575 0.829824 -0.27673
-50.4695 6.89109 -36.9584 -0.479718 0.833491 -0.27416
-50.2472 7.14773 -36.5592 -0.47627 0.836884 -0.2698
-49.9601 7.48827 -36.0038 -0.475553 0.838993 -0.264463
-49.7146 7.78011 -35.5166 -0.474606 0.84004 -0.262834
-49.4805 8.03556 -35.12 -0.472236 0.841206 -0.263373
-49.142 8.37515 -34.6388 -0.465686 0.844285 -0.265178
-48.8435 8.66493 -34.2395 -0.464889 0.844351 -0.266357
-48.6325 8.91538 -33.8109 -0.462881 0.845821 -0.265193
-48.5012 9.1356 -33.342 -0.460925 0.846158 -0.267513
-48.4389 9.32294 -32.8578 -0.459499 0.846513 -0.268843
-48.3914 9.49734 -32.391 -0.459219 0.846318 -0.269934
-48.3569 9.67057 -31.9087 -0.458726 0.846013 -0.27172
-48.4536 9.79447 -31.3621 -0.459886 0.844716 -0.273788
-48.675 9.84816 -30.827 -0.459728 0.84441 -0.274993
-49.2022 9.49791 -31.0186 -0.461941 0.843318 -0.274636
-49.5827 9.21683 -31.2397 -0.463247 0.842656 -0.274467
-49.9558 8.93503 -31.4756 -0.463398 0.842741 -0.273954
-50.3645 8.6256 -31.7355 -0.464521 0.842257 -0.273538
-50.8795 8.24391 -32.0318 -0.467687 0.840279 -0.274225
-51.2504 7.95861 -32.2686 -0.47244 0.837463 -0.274694
-51.6378 7.66643 -32.4898 -0.475207 0.835712 -0.275253
-52.0259 7.37781 -32.6944 -0.476608 0.834735 -0.275794
-52.3946 7.09406 -32.9127 -0.479533 0.832675 -0.276949
-52.7643 6.80424 -33.1422 -0.479853 0.831784 -0.279062
-53.1275 6.52147 -33.3575 -0.482609 0.829888 -0.279954
-53.5434 6.19957 -33.5901 -0.485631 0.82747 -0.28188
-53.926 5.90135 -33.8042 -0.487555 0.826222 -0.282217
-54.2856 5.61558 -34.0076 -0.500398 0.815924 -0.289603
-54.6722 5.29859 -34.2236 -0.507688 0.810875 -0.291093
-55.0586 4.97584 -34.4363 -0.51548 0.805635 -0.291946
-55.4164 4.67569 -34.6165 -0.527956 0.797581 -0.291751
-55.7875 4.35955 -34.8078 -0.539281 0.792071 -0.285993
-56.2696 3.91774 -35.1199 -0.547981 0.788031 -0.280577
-56.6388 3.57867 -35.3477 -0.554541 0.785549 -0.274584
-57.0304 3.21618 -35.5786 -0.568204 0.776505 -0.272368
-57.4179 2.85805 -35.789 -0.56925 0.775098 -0.274186
-57.7574 2.53917 -35.9774 -0.576021 0.769083 -0.276967
-58.1548 2.15322 -36.2142 -0.588463 0.764001 -0.264601
-58.5113 1.7941 -36.4322 -0.599731 0.75353 -0.269287
-58.6366 1.55008 -36.8396 -0.598756 0.755533 -0.265822
-58.4425 1.52989 -37.3356 -0.593003 0.756983 -0.274242
-58.2358 1.49338 -37.8615 -0.585209 0.759346 -0.284473
-58.0107 1.48113 -38.3518 -0.57948 0.761796 -0.289557
-57.7138 1.47097 -38.9648 -0.574188 0.765092 -0.291447
-57.4649 1.45757 -39.4842 -0.56959 0.766931 -0.295605
-57.1975 1.46709 -39.9608 -0.561353 0.769622 -0.304238
-56.8732 1.49647 -40.4784 -0.554063 0.773636 -0.307397
-56.5631 1.49973 -41.0027 -0.550395 0.769117 -0.324846
-56.267 1.5108 -41.477 -0.536974 0.771744 -0.340626
-55.9267 1.51367 -42.0019 -0.543519 0.764555 -0.346467
-55.6465 1.52294 -42.4183 -0.542679 0.763053 -0.351059
-55.2574 1.51059 -43.0256 -0.534876 0.763198 -0.362538
-54.9756 1.50166 -43.457 -0.535344 0.758682 -0.371224
-54.5683 1.51213 -43.9991 -0.514911 0.763049 -0.39067
-54.2395 1.52348 -44.4073 -0.513111 0.759228 -0.400362
-53.9146 1.52349 -44.8235 -0.51297 0.759736 -0.399578
-53.5393 1.52188 -45.3025 -0.507225 0.760807 -0.404839
-53.1303 1.5142 -45.8233 -0.5059 0.757235 -0.413083
-52.7699 1.52261 -46.2462 -0.505375 0.755688 -0.416572
-52.371 1.53281 -46.7129 -0.505246 0.754574 -0.41873
-52.0262 1.53583 -47.1154 -0.500647 0.753123 -0.426801
-51.623 1.53556 -47.5859 -0.495755 0.754487 -0.430089
-51.2742 1.52777 -47.9976 -0.494917 0.751121 -0.436891
-50.8574 1.54007 -48.4372 -0.484103 0.753158 -0.445409
-50.4729 1.5544 -48.8319 -0.482186 0.754551 -0.445134
-50.1217 1.56527 -49.1877 -0.48215 0.751865 -0.4497
-49.7223 1.55403 -49.6313 -0.474968 0.754087 -0.453605
-49.269 1.53406 -50.1336 -0.46776 0.753469 -0.462027
-48.9201 1.51876 -50.5068 -0.465496 0.752762 -0.465464
-48.4352 1.53284 -50.9683 -0.461056 0.752768 -0.469859
-48.02 1.55276 -51.3404 -0.455669 0.754208 -0.472797
-47.6137 1.55053 -51.7336 -0.45478 0.751472 -0.47798
-47.2547 1.54165 -52.0858 -0.450858 0.750683 -0.482911
-46.8201 1.53756 -52.487 -0.439946 0.753911 -0.487908
-46.3979 1.53765 -52.8665 -0.436605 0.756317 -0.487197
-45.9737 1.5361 -53.2411 -0.426138 0.75573 -0.497272
-45.5877 1.53903 -53.5688 -0.429069 0.755065 -0.495759
-45.1391 1.52925 -53.9656 -0.41923 0.757549 -0.500347
-44.6354 1.51973 -54.3976 -0.416863 0.754991 -0.506176
-44.1331 1.53392 -54.7858 -0.408742 0.759886 -0.505473
-43.6202 1.546 -55.1773 -0.40902 0.755899 -0.511194
-43.114 1.54808 -55.5705 -0.403998 0.753219 -0.519082
-42.7098 1.55491 -55.8758 -0.398276 0.757049 -0.517914
-42.1961 1.56791 -56.2442 -0.39502 0.75337 -0.525728
-41.7922 1.56622 -56.5499 -0.394805 0.753271 -0.526032
-41.3095 1.55432 -56.9262 -0.389444 0.753096 -0.530255
-40.8489 1.56112 -57.2523 -0.382417 0.755325 -0.532205
-40.3089 1.54255 -57.6647 -0.380149 0.753306 -0.536673
-39.886 1.54362 -57.9616 -0.377679 0.753899 -0.537583
-39.4552 1.54727 -58.2546 -0.369345 0.756278 -0.540026
-38.9944 1.54464 -58.5729 -0.368382 0.756635 -0.540183
-38.499 1.53197 -58.9235 -0.369266 0.756008 -0.540457
-37.989 1.53249 -59.2611 -0.357978 0.755884 -0.548144
-37.513 1.54287 -59.5544 -0.348359 0.757227 -0.552497
-37.037 1.53104 -59.8694 -0.347133 0.755246 -0.555969
-36.5727 1.5209 -60.1746 -0.345244 0.75804 -0.553315
-36.0876 1.53926 -60.4447 -0.339851 0.758194 -0.556448
-35.5235 1.53792 -60.7862 -0.335025 0.755368 -0.56318
-35.0637 1.5227 -61.0742 -0.318716 0.758859 -0.567937
-34.5979 1.51913 -61.3407 -0.31992 0.757985 -0.568425
-34.1575 1.5241 -61.58 -0.312319 0.758883 -0.571432
-33.7048 1.53076 -61.8129 -0.301423 0.760985 -0.574496
-33.2635 1.52644 -62.051 -0.302973 0.760172 -0.574756
-32.7939 1.53183 -62.2847 -0.297113 0.760436 -0.577452
-32.2691 1.53476 -62.5466 -0.290325 0.756886 -0.585514
-31.7965 1.54 -62.7744 -0.290076 0.759003 -0.582897
-31.1941 1.54594 -63.063 -0.286852 0.754718 -0.590006
-30.6903 1.53412 -63.3119 -0.272935 0.758782 -0.591402
-30.0743 1.53699 -63.5904 -0.26926 0.758912 -0.592914
-29.5757 1.56024 -63.7862 -0.26648 0.76112 -0.591342
-29.1148 1.54685 -64.01 -0.263063 0.759869 -0.594403
-28.6212 1.5369 -64.2344 -0.252449 0.762459 -0.595756
-28.1238 1.5432 -64.4334 -0.243609 0.757412 -0.60579
-27.6238 1.53972 -64.641 -0.249609 0.759416 -0.600819
-26.973 1.54414 -64.8928 -0.235645 0.758712 -0.607312
-26.4621 1.55853 -65.0734 -0.235711 0.758825 -0.607145
-25.9151 1.5627 -65.2743 -0.218572 0.762488 -0.608965
-25.4118 1.55186 -65.4651 -0.210604 0.762427 -0.611842
-24.7485 1.53575 -65.7117 -0.208011 0.760709 -0.614861
-24.2266 1.54801 -65.8704 -0.203167 0.75932 -0.618188
-23.6506 1.55241 -66.0501 -0.190969 0.765913 -0.613928
-23.1636 1.55629 -66.1995 -0.200337 0.754447 -0.62504
-22.6732 1.55904 -66.3505 -0.193474 0.754367 -0.627295
-21.998 1.53241 -66.5827 -0.178206 0.758831 -0.626433
-21.3442 1.51918 -66.7772 -0.163313 0.764443 -0.623662
-20.815 1.51025 -66.9267 -0.165513 0.762462 -0.625506
-20.2233 1.53297 -67.0558 -0.164361 0.76076 -0.627868
-19.6672 1.52584 -67.2068 -0.158167 0.764242 -0.625233
-19.0708 1.52237 -67.355 -0.145712 0.760702 -0.632535
-18.4222 1.51795 -67.5095 -0.14216 0.762613 -0.631039
-17.7918 1.51099 -67.6572 -0.138857 0.760012 -0.634902
-17.1609 1.51796 -67.7818 -0.131095 0.762159 -0.633977
-16.6314 1.53027 -67.875 -0.121249 0.760138 -0.638342
-16.0976 1.537 -67.9678 -0.121203 0.761609 -0.636602
-15.5409 1.54872 -68.057 -0.116316 0.761397 -0.637766
-15.0233 1.54558 -68.1568 -0.114428 0.764099 -0.634845
-14.4883 1.54644 -68.246 -0.0911255 0.760323 -0.643121
-13.8539 1.54364 -68.3391 -0.0848428 0.765788 -0.637472
-13.3018 1.52392 -68.436 -0.0836499 0.767186 -0.635946
-12.7958 1.51677 -68.5074 -0.0642605 0.762916 -0.643296
-12.247 1.52042 -68.5652 -0.0747146 0.765133 -0.639505
-11.7208 1.52147 -68.6166 -0.0694178 0.768215 -0.636418
-11.1209 1.51314 -68.6828 -0.0413037 0.768326 -0.638725
-10.5176 1.48978 -68.751 -0.0403076 0.76562 -0.642009
-10.0033 1.49078 -68.7832 -0.0405834 0.767512 -0.639749
-9.40979 1.50214 -68.8048 -0.0375316 0.760078 -0.648747
-8.87771 1.5109 -68.8214 -0.0282481 0.762938 -0.645854
-8.3167 1.5106 -68.8403 -0.0167064 0.764215 -0.644743
-7.80001 1.49808 -68.8673 -0.0146866 0.762712 -0.646569
-7.29313 1.49084 -68.8848 -0.00529624 0.761884 -0.647662
-6.67404 1.4939 -68.8837 -0.0035465 0.766445 -0.6423
-6.11866 1.48681 -68.8889 0.0081044 0.766656 -0.642007
-5.49248 1.47857 -68.8909 0.010474 0.764699 -0.644302
-4.97336 1.47678 -68.8799 0.0232406 0.767243 -0.640936
-4.43864 1.48553 -68.8468 0.0299718 0.77125 -0.635826
-3.81481 1.50575 -68.7874 0.0433573 0.762982 -0.644964
-3.30754 1.50516 -68.7551 0.0475059 0.764732 -0.642584
-2.77284 1.51958 -68.6978 0.0476822 0.76009 -0.648057
-2.33735 1.70912 -68.4394 0.05194 0.767594 -0.638828
-2.32297 2.1254 -67.9349 0.0459853 0.771419 -0.634664
-2.31242 2.52724 -67.4386 0.0375229 0.781488 -0.62279
-2.29158 2.8391 -67.0467 0.0311736 0.78252 -0.621844
-2.28995 3.24036 -66.5394 0.0270933 0.784861 -0.619079
-2.29916 3.64931 -66.0121 0.0227573 0.793115 -0.608647
-2.2952 3.97168 -65.5828 0.015294 0.803126 -0.595613
-2.30108 4.29076 -65.1497 0.0120637 0.807211 -0.590137
-2.3096 4.62478 -64.6915 0.00992479 0.809509 -0.587024
-2.31078 4.92131 -64.2796 0.00816249 0.814073 -0.580705
-2.29495 5.31155 -63.7312 0.00819235 0.814874 -0.57958
-2.29043 5.72447 -63.1465 0.00890624 0.818232 -0.57482
-2.3055 6.03123 -62.7092 0.00370101 0.819957 -0.572414
-2.30318 6.4082 -62.1637 0.00433327 0.824434 -0.565941
-2.31174 6.72315 -61.7026 0.00215386 0.826879 -0.562376
-2.31645 7.07986 -61.1785 0.00146483 0.826678 -0.562673
-2.3093 7.39303 -60.7182 0.000483219 0.827504 -0.561457
-2.30248 7.67787 -60.2974 -0.00214391 0.828712 -0.559666
-2.30957 7.99505 -59.8257 -0.00634828 0.83162 -0.555308
-2.30267 8.34654 -59.2999 -0.00968689 0.832301 -0.55424
-2.28747 8.67953 -58.8007 -0.0111837 0.831852 -0.554885
-2.28781 8.99569 -58.3268 -0.0117405 0.832086 -0.554523
-2.27494 9.31109 -57.8541 -0.0137406 0.831845 -0.554836
-2.27646 9.60295 -57.4158 -0.0160745 0.832536 -0.553735
-2.27044 9.95069 -56.8921 -0.0237332 0.832848 -0.552992
-2.27873 10.28 -56.3962 -0.0271475 0.831698 -0.554564
-2.28615 10.6217 -55.882 -0.0282695 0.832216 -0.55373
-2.27949 10.9448 -55.3965 -0.0299559 0.832675 -0.55295
-2.26883 11.2829 -54.8864 -0.0324997 0.833309 -0.551852
-2.29238 11.623 -54.3704 -0.0335286 0.834315 -0.550267
-2.47307 11.9827 -53.8148 -0.0345003 0.833308 -0.551731
-2.95811 12.0328 -53.709 -0.0345536 0.833102 -0.552039
-3.72733 12.0388 -53.6515 -0.0344748 0.832159 -0.553465
-4.27161 12.0327 -53.6257 -0.0356884 0.832061 -0.553535
-4.80472 12.0283 -53.5979 -0.0362261 0.831674 -0.55408
-5.31971 12.035 -53.554 -0.0443324 0.831542 -0.553671
-5.83825 12.0213 -53.5283 -0.0532009 0.832128 -0.552025
-6.42335 11.9692 -53.5475 -0.0633082 0.830876 -0.552834
-6.94043 11.9142 -53.5689 -0.0587321 0.834405 -0.548012
-7.59359 11.8403 -53.6077 -0.065627 0.837172 -0.54297
-8.24382 11.6782 -53.7883 -0.0596252 0.847574 -0.527317
-8.78448 11.5024 -54.0109 -0.0580624 0.848128 -0.5266
-9.3377 11.2632 -54.3344 -0.058966 0.848726 -0.525534
-9.66233 10.9894 -54.7403 -0.0600391 0.84926 -0.52455
-9.88948 10.7346 -55.1293 -0.0574367 0.850204 -0.52331
-10.143 10.4568 -55.552 -0.0575715 0.84983 -0.523903
-10.3984 10.2119 -55.9215 -0.0572525 0.850442 -0.522944
-10.7017 9.97989 -56.2663 -0.0559016 0.850359 -0.523225
-11.0378 9.76459 -56.5787 -0.0579734 0.852988 -0.518701
-11.4041 9.55653 -56.8783 -0.0623878 0.852768 -0.51855
-11.8117 9.31019 -57.2349 -0.0601279 0.852104 -0.519908
-12.2388 9.02946 -57.6466 -0.0623001 0.852996 -0.518187
-12.6058 8.71277 -58.1239 -0.060113 0.852333 -0.519534
-12.9191 8.39192 -58.6104 -0.0607667 0.850108 -0.523091
-13.1602 8.14755 -58.9797 -0.0602126 0.850112 -0.523148
-13.4861 7.87383 -59.3867 -0.0606502 0.850026 -0.523237
-13.8583 7.61448 -59.7631 -0.0620952 0.848847 -0.524978
-14.2627 7.33654 -60.1597 -0.066128 0.844613 -0.531277
-14.6133 7.12389 -60.455 -0.0628182 0.843142 -0.534008
-14.9816 6.89212 -60.7744 -0.0610417 0.838404 -0.54162
-15.3249 6.66898 -61.0773 -0.065163 0.834373 -0.547334
-15.6969 6.42263 -61.4077 -0.0634704 0.830155 -0.553909
-16.0432 6.18511 -61.7172 -0.0757729 0.825954 -0.558622
-16.0468 6.18278 -61.7202 -0.0757728 0.825954 -0.558622
-16.2346 6.06669 -61.8663 -0.0772583 0.822359 -0.563664
