-24.4413 10.6406 -25.8328 -0.365027 0.846601 -0.387328
-24.1231 10.52 -26.3757 -0.349076 0.850471 -0.393495
-23.7526 10.4686 -26.8137 -0.341783 0.853027 -0.394371
-23.324 10.4152 -27.2904 -0.322339 0.859734 -0.396175
-22.9598 10.3666 -27.6783 -0.31327 0.85635 -0.410488
-22.5513 10.3196 -28.0793 -0.306723 0.856333 -0.41547
-22.1202 10.2868 -28.4642 -0.305287 0.856629 -0.415915
-21.7315 10.2717 -28.7806 -0.304733 0.856883 -0.415798
-21.2394 10.2788 -29.1259 -0.30325 0.856263 -0.418146
-20.6565 10.3143 -29.4688 -0.297839 0.854871 -0.424838
-20.1339 10.3526 -29.759 -0.301326 0.851785 -0.428553
-19.628 10.3998 -30.0213 -0.303953 0.849618 -0.430996
-19.1652 10.4446 -30.2611 -0.305087 0.848202 -0.432983
-18.7108 10.5023 -30.4661 -0.300975 0.849798 -0.432729
-18.2144 10.5735 -30.669 -0.29115 0.852266 -0.434597
-17.7161 10.6511 -30.8502 -0.282783 0.854784 -0.435098
-17.044 10.7348 -31.0897 -0.260138 0.855198 -0.44829
-16.4316 10.7982 -31.3181 -0.250463 0.857853 -0.448723
-15.9237 10.8557 -31.4908 -0.250378 0.857103 -0.450206
-15.411 10.9217 -31.6476 -0.245913 0.855573 -0.455529
-14.8352 10.9969 -31.8075 -0.229468 0.854226 -0.466521
-14.2139 11.0761 -31.9622 -0.221826 0.85329 -0.4719
-13.6732 11.1408 -32.0848 -0.197605 0.856357 -0.47708
-13.165 11.1961 -32.1908 -0.18929 0.853034 -0.486316
-12.6701 11.2617 -32.2602 -0.170018 0.856481 -0.487375
-12.1245 11.3433 -32.3062 -0.167861 0.855004 -0.490705
-11.6035 11.4225 -32.3512 -0.175348 0.848647 -0.499051
-11.0659 11.4977 -32.4063 -0.164737 0.849586 -0.501064
-10.4644 11.5829 -32.4575 -0.159712 0.847657 -0.505923
-10.0898 11.8541 -32.1231 -0.160333 0.846943 -0.506933
-10.0976 12.1308 -31.6578 -0.15995 0.847418 -0.50626
-10.0905 12.3935 -31.2226 -0.164169 0.84568 -0.507812
-10.0944 12.7391 -30.6442 -0.168972 0.845403 -0.506698
-10.1222 13.0716 -30.0734 -0.16995 0.848517 -0.501135
-10.1377 13.4141 -29.4821 -0.175789 0.850965 -0.49493
-10.1089 13.6877 -29.017 -0.180971 0.852037 -0.491204
-10.0893 13.9953 -28.4898 -0.187636 0.853577 -0.486002
-10.0905 14.2494 -28.0431 -0.1898 0.852466 -0.487106
-10.0796 14.5263 -27.5607 -0.197512 0.852719 -0.48359
-10.0705 14.8106 -27.0607 -0.198792 0.855276 -0.478523
-10.079 15.0683 -26.5972 -0.204079 0.856072 -0.474811
-10.0852 15.3406 -26.1055 -0.209739 0.853018 -0.477878
-10.0735 15.595 -25.6469 -0.21737 0.85743 -0.466438
-10.0435 15.8701 -25.1589 -0.224149 0.860208 -0.458039
-10.0179 16.1216 -24.7044 -0.2234 0.856254 -0.465748
-9.99103 16.4517 -24.1061 -0.224413 0.857319 -0.463292
-9.9874 16.7023 -23.6477 -0.221547 0.855308 -0.468364
-10.0006 16.992 -23.1126 -0.222212 0.855745 -0.467246
-10.0155 17.2586 -22.6173 -0.223582 0.854826 -0.468277
-10.0244 17.5195 -22.1388 -0.232596 0.852791 -0.467597
-10.0381 17.773 -21.6722 -0.235306 0.848636 -0.47376
-10.0222 18.0581 -21.1682 -0.238167 0.848639 -0.472323
-10.0152 18.3164 -20.7054 -0.244032 0.848654 -0.469291
-9.99548 18.6355 -20.1378 -0.243631 0.849143 -0.468615
-9.94409 18.9121 -19.6641 -0.252063 0.849877 -0.462783
-9.89701 19.1711 -19.2158 -0.255289 0.846486 -0.467214
-9.8193 19.474 -18.7052 -0.262575 0.847407 -0.461471
-9.72009 19.7427 -18.2735 -0.266773 0.842389 -0.468201
-9.60674 20.0778 -17.7386 -0.269153 0.839641 -0.471749
-9.49322 20.3822 -17.2623 -0.273566 0.837628 -0.472802
-9.38997 20.6582 -16.835 -0.27396 0.835639 -0.476081
-9.19456 21.002 -16.3464 -0.275875 0.834066 -0.477728
-8.95881 21.3304 -15.9156 -0.279985 0.828505 -0.484947
-8.84277 21.6305 -15.4757 -0.282818 0.822778 -0.493002
-8.56622 21.9644 -15.0774 -0.282945 0.821496 -0.495062
-8.46837 22.2832 -14.6051 -0.28315 0.820717 -0.496235
-8.13273 22.5557 -14.3491 -0.283492 0.817373 -0.501531
-7.95953 22.8423 -13.9853 -0.283162 0.813639 -0.507746
-7.67839 23.1445 -13.6563 -0.291788 0.81513 -0.500405
-7.44001 23.4484 -13.3055 -0.288593 0.812125 -0.506977
-7.14314 23.7817 -12.9353 -0.279702 0.810782 -0.514198
-6.85472 24.0964 -12.6018 -0.284068 0.808981 -0.514637
-6.46146 24.4473 -12.2794 -0.287403 0.797549 -0.530391
-5.99056 24.8431 -11.9484 -0.271128 0.789508 -0.550604
-5.56019 25.2257 -11.6136 -0.272714 0.784129 -0.557466
-5.18251 25.5236 -11.3742 -0.255776 0.788186 -0.559769
-4.8249 25.806 -11.1405 -0.248324 0.785771 -0.56648
-4.42144 26.1184 -10.8775 -0.237359 0.790415 -0.564716
-4.0041 26.4208 -10.6288 -0.231758 0.791314 -0.565782
-3.50232 26.7301 -10.3962 -0.220598 0.792212 -0.568971
-3.03068 27.0186 -10.1761 -0.215408 0.791852 -0.571449
-2.53594 27.2946 -9.98145 -0.210901 0.787798 -0.578701
-2.05378 27.5335 -9.81261 -0.187377 0.789063 -0.584995
-1.54108 27.7877 -9.62014 -0.159956 0.79437 -0.585995
-1.01729 28.0228 -9.44054 -0.141677 0.789133 -0.597509
-0.445115 28.2308 -9.27634 -0.117779 0.791988 -0.599069
0.184865 28.4315 -9.09012 -0.0616893 0.794608 -0.603978
0.703987 28.5557 -8.95466 -0.00825729 0.795107 -0.60619
1.20185 28.6311 -8.81442 0.0652049 0.787781 -0.612479
1.68458 28.7012 -8.66708 0.0916732 0.797693 -0.595334
2.15747 28.7354 -8.49981 0.154814 0.804841 -0.572922
2.6423 28.7755 -8.29379 0.191961 0.795271 -0.574885
3.09769 28.8117 -8.084 0.207216 0.805165 -0.555468
3.55148 28.8373 -7.86458 0.22655 0.811694 -0.538234
4.00374 28.8684 -7.61365 0.259716 0.823752 -0.503964
4.5007 28.8875 -7.31016 0.288662 0.80885 -0.512285
5.02275 28.8544 -6.97399 0.376467 0.800435 -0.466451
5.45495 28.8263 -6.66479 0.386546 0.802378 -0.454721
5.86083 28.7995 -6.35516 0.416826 0.804546 -0.422014
6.33538 28.7219 -5.98157 0.455219 0.809708 -0.370336
6.72507 28.6421 -5.66384 0.467496 0.812695 -0.347814
7.10142 28.5517 -5.32065 0.514052 0.797069 -0.316856
7.62133 28.3968 -4.83709 0.52401 0.802832 -0.284385
8.04957 28.2329 -4.45671 0.543092 0.801437 -0.250271
8.50143 28.029 -4.04928 0.572889 0.793078 -0.206593
8.92553 27.8087 -3.65289 0.596171 0.782132 -0.181246
9.28841 27.5961 -3.32075 0.610805 0.777589 -0.149235
9.6809 27.3555 -2.99054 0.607898 0.78192 -0.13752
10.0539 27.1095 -2.70028 0.61713 0.778095 -0.11661
10.4465 26.8474 -2.39719 0.61114 0.785816 -0.0933763
10.8108 26.5813 -2.13333 0.61425 0.784482 -0.0839259
11.2948 26.2297 -1.85432 0.618065 0.783815 -0.0602413
11.7911 25.8582 -1.58072 0.609412 0.791028 -0.0528987
12.2184 25.5435 -1.35754 0.60751 0.79341 -0.0378461
12.7385 25.1675 -1.10902 0.595774 0.802533 -0.0315253
13.1456 24.8772 -0.939545 0.58467 0.81066 -0.0314852
13.6896 24.4879 -0.726063 0.587308 0.809216 -0.0154523
14.0896 24.1982 -0.576195 0.579609 0.814869 -0.00568123
14.4958 23.9081 -0.43091 0.58011 0.814456 0.0114819
14.9507 23.5834 -0.312999 0.574425 0.818427 0.0143798
15.3968 23.2708 -0.240347 0.572764 0.819571 0.0154829
15.8234 22.9697 -0.175407 0.576255 0.817162 0.0130947
16.2354 22.6796 -0.142361 0.576367 0.817086 0.0128417
16.6446 22.3924 -0.17656 0.569226 0.822143 0.00731695
17.0878 22.0845 -0.137223 0.568474 0.822689 0.00443293
17.5929 21.7365 -0.133395 0.564065 0.825701 0.00587933
18.0126 21.4528 -0.149093 0.561865 0.827201 0.00672419
18.4552 21.152 -0.14834 0.563643 0.82583 0.0176352
18.8794 20.8602 -0.249766 0.57163 0.820372 0.0151617
19.2911 20.575 -0.284414 0.559192 0.829025 0.00442586
19.7006 20.3001 -0.434363 0.556645 0.830735 0.00466912
20.2678 19.9233 -0.608142 0.553808 0.83262 0.00636342
20.7555 19.6013 -0.759895 0.553617 0.832734 0.00758662
21.2808 19.252 -0.944773 0.556677 0.83069 0.00796642
21.7474 18.9428 -1.14573 0.550748 0.834642 0.00660726
22.1541 18.6749 -1.33759 0.55784 0.829948 0.000982206
22.5667 18.3978 -1.54168 0.55679 0.830615 -0.00798514
23.1661 17.9948 -1.86387 0.551582 0.83404 -0.0115221
23.6603 17.6636 -2.13476 0.551361 0.834138 -0.0146879
24.0435 17.4019 -2.3379 0.561053 0.827416 -0.0245543
24.5141 17.0781 -2.59368 0.55756 0.82968 -0.0275331
24.868 16.8325 -2.84759 0.55535 0.83105 -0.0306519
25.3258 16.5158 -3.1234 0.554516 0.831597 -0.0309624
25.8015 16.1896 -3.38541 0.551091 0.833739 -0.0343203
26.2163 15.9078 -3.60602 0.547611 0.836094 -0.0326757
26.6457 15.6169 -3.84868 0.546542 0.836713 -0.0346854
27.1392 15.2834 -4.1414 0.544113 0.838319 -0.0340488
27.587 14.9864 -4.36839 0.54248 0.839219 -0.0374285
27.9951 14.7153 -4.58003 0.540122 0.840758 -0.0373296
28.3817 14.453 -4.79445 0.543514 0.838054 -0.0473433
28.7764 14.1813 -5.02582 0.54197 0.838364 -0.0584302
29.2186 13.8786 -5.28047 0.538881 0.840256 -0.0598097
29.6392 13.5927 -5.51433 0.537083 0.841355 -0.0605314
30.0322 13.3264 -5.72853 0.536523 0.841682 -0.060947
30.4122 13.0688 -5.93884 0.536357 0.841747 -0.0614988
30.8972 12.7652 -5.86609 0.536905 0.841383 -0.0616991
31.1121 12.6712 -5.27993 0.536493 0.841642 -0.0617572
31.2766 12.6007 -4.78678 0.535927 0.842436 -0.0555308
31.4356 12.5307 -4.26039 0.539437 0.840649 -0.048099
31.6343 12.4308 -3.74577 0.542419 0.839166 -0.0393847
31.8181 12.3307 -3.26256 0.543379 0.838976 -0.0293042
31.9958 12.2351 -2.74333 0.544592 0.837939 -0.0357357
32.1199 12.1772 -2.14422 0.543511 0.838841 -0.0306637
32.1527 12.1701 -1.63502 0.541276 0.840631 -0.0181983
32.1317 12.1912 -1.06868 0.541842 0.840451 -0.00696012
32.08 12.2277 -0.472788 0.541522 0.840679 -0.00326458
32.0579 12.2416 0.124632 0.538366 0.842711 0.00101399
31.9927 12.2775 0.735048 0.537476 0.843146 0.0144915
31.9161 12.3121 1.25501 0.53361 0.845304 0.0267202
31.8344 12.3454 1.74739 0.53302 0.845254 0.0374808
31.7615 12.366 2.25617 0.534953 0.843758 0.0435587
31.6631 12.3966 2.87523 0.534973 0.843763 0.0432159
31.5942 12.4117 3.43084 0.534066 0.844313 0.0436958
31.5333 12.4238 3.93168 0.532663 0.845105 0.045469
31.4623 12.4319 4.59571 0.532925 0.844542 0.0521064
31.3166 12.4786 5.20448 0.53204 0.843397 0.0749292
31.0935 12.5584 5.83001 0.533574 0.841358 0.0860947
30.6873 12.7906 6.08002 0.536276 0.839513 0.0873317
30.2524 13.0913 5.86065 0.539033 0.838245 0.0823989
29.8156 13.3969 5.61066 0.538952 0.838868 0.0760776
29.3841 13.6912 5.34933 0.535558 0.842114 0.0634132
28.9425 13.9917 5.07155 0.532533 0.844401 0.0582762
28.5617 14.2484 4.85716 0.538483 0.840586 0.0585447
28.1408 14.5326 4.63179 0.534807 0.842824 0.0597451
27.6772 14.8433 4.36775 0.536535 0.84205 0.0553594
27.2911 15.1059 4.13606 0.532422 0.844459 0.0584049
26.8718 15.3892 3.9018 0.543858 0.837221 0.0572644
26.4655 15.6678 3.66573 0.543222 0.837962 0.0522473
26.0318 15.9664 3.42456 0.549589 0.83401 0.0487392
25.532 16.3108 3.13794 0.54789 0.835229 0.0470017
25.1008 16.6071 2.90681 0.549105 0.834605 0.0438067
24.7208 16.8683 2.69711 0.549342 0.834454 0.0437014
24.2034 17.2263 2.37463 0.548763 0.834878 0.0428737
23.8303 17.4836 2.16296 0.553062 0.83236 0.03604
23.3565 17.8084 1.92227 0.549911 0.834263 0.0400538
22.9494 18.0849 1.72481 0.55188 0.833368 0.0303336
22.4597 18.4155 1.48647 0.550215 0.834601 0.0264424
22.0604 18.6872 1.27581 0.55403 0.832032 0.0277922
21.6237 18.9844 1.0803 0.557289 0.82992 0.0253055
21.1111 19.3355 0.88025 0.555801 0.830991 0.0230861
20.6903 19.6194 0.742482 0.555188 0.831493 0.0196373
20.1403 19.9912 0.563858 0.555631 0.831087 0.0238406
19.678 20.3024 0.41866 0.554138 0.832258 0.0166821
19.2078 20.6222 0.32592 0.560982 0.82757 0.0206675
18.7681 20.925 0.284274 0.571652 0.820211 0.0215898
18.1835 21.3321 0.204811 0.565304 0.824786 0.0125937
17.7421 21.6339 0.117381 0.561118 0.827722 0.00485637
17.2114 21.9963 0.133642 0.565028 0.825022 0.00904031
16.6428 22.39 0.156382 0.567189 0.823537 0.00914876
16.2091 22.69 0.240956 0.57364 0.818919 0.0175953
15.7656 22.9993 0.298669 0.573212 0.819157 0.0202512
15.3318 23.3008 0.372868 0.57386 0.818525 0.0264619
14.8989 23.6019 0.450346 0.574312 0.818205 0.0265824
14.4657 23.9032 0.547746 0.577167 0.816157 0.0275318
14.0364 24.2048 0.669892 0.580917 0.81349 0.0277323
13.6351 24.4905 0.809202 0.58974 0.807096 0.0283211
13.1275 24.8531 1.01585 0.596532 0.800908 0.0519187
12.6624 25.1935 1.23332 0.60206 0.797099 0.0464476
12.1765 25.5426 1.45262 0.604331 0.79399 0.0658622
11.8071 25.802 1.67247 0.598924 0.796951 0.0783313
11.329 26.1331 1.95875 0.603434 0.791582 0.0960817
10.9103 26.42 2.23732 0.608106 0.787 0.104
10.5534 26.6663 2.49003 0.614023 0.78158 0.109738
10.1148 26.9532 2.82051 0.594481 0.791332 0.141349
9.71852 27.1647 3.14704 0.549317 0.812774 0.191872
9.33075 27.3378 3.4936 0.558215 0.801728 0.213519
8.88129 27.5282 3.88647 0.552473 0.794674 0.251447
8.51719 27.6759 4.20241 0.543369 0.797962 0.260781
8.05219 27.8405 4.62157 0.538025 0.783706 0.309839
7.56903 27.9545 5.0877 0.500332 0.787953 0.358885
7.19711 28.0108 5.45788 0.478506 0.792723 0.377418
6.80442 28.0599 5.83225 0.461196 0.796666 0.390667
6.38906 28.0977 6.21699 0.439524 0.792707 0.422186
5.86516 28.1196 6.6756 0.40282 0.785178 0.470352
5.45429 28.1257 7.00547 0.381021 0.789752 0.480745
4.94304 28.1227 7.38807 0.351975 0.787897 0.505305
4.32095 28.1028 7.78589 0.276895 0.793622 0.541288
3.68769 28.0919 8.08416 0.229343 0.789802 0.568596
3.23037 28.069 8.29208 0.197989 0.795702 0.572415
2.75132 28.0517 8.45915 0.153036 0.787853 0.596547
2.25629 28.0348 8.60002 0.128783 0.796817 0.590337
1.74154 27.9992 8.74154 0.0891541 0.789289 0.607496
1.25743 27.9543 8.86027 0.0703458 0.784934 0.615573
0.594931 27.8397 9.0445 0.0181978 0.79329 0.608572
0.100128 27.7359 9.17487 -0.0324616 0.78767 0.615242
-0.469748 27.5939 9.31857 -0.0618687 0.790048 0.609916
-1.12862 27.3645 9.50415 -0.121736 0.785643 0.606585
-1.69452 27.1275 9.67724 -0.165198 0.787225 0.594127
-2.18931 26.8986 9.83039 -0.19989 0.781858 0.590544
-2.70623 26.6241 10.0208 -0.201823 0.791917 0.576311
-3.12782 26.3851 10.1937 -0.215275 0.790142 0.573874
-3.70445 26.0306 10.4633 -0.222615 0.795399 0.56372
-4.08277 25.7746 10.6686 -0.235133 0.79383 0.560843
-4.52527 25.4771 10.8991 -0.256894 0.793711 0.55133
-4.90728 25.1937 11.1277 -0.262815 0.800492 0.538643
-5.26295 24.8929 11.4013 -0.280351 0.793489 0.539886
-5.61811 24.5989 11.644 -0.289824 0.797346 0.529379
-6.04536 24.2415 11.9546 -0.302487 0.803881 0.51213
-6.3859 23.9144 12.2721 -0.301654 0.808128 0.505885
-6.69264 23.5878 12.6125 -0.295816 0.808812 0.508245
-6.98487 23.2618 12.9615 -0.300241 0.807047 0.508457
-7.29712 22.9317 13.3038 -0.295946 0.808697 0.508355
-7.72484 22.5238 13.7112 -0.29011 0.814075 0.503108
-8.0038 22.1588 14.1463 -0.286267 0.819029 0.497229
-8.24817 21.8238 14.5608 -0.285681 0.822506 0.491803
-8.44885 21.5356 14.9259 -0.285374 0.822233 0.492438
-8.67729 21.2138 15.3314 -0.283082 0.824083 0.490656
-8.92588 20.8184 15.8561 -0.282852 0.825704 0.488065
-9.13422 20.478 16.3097 -0.275616 0.825033 0.493312
-9.27673 20.1888 16.719 -0.273332 0.831314 0.483931
-9.40068 19.8502 17.2387 -0.27282 0.836383 0.47543
-9.50071 19.5629 17.6872 -0.273011 0.836706 0.47475
-9.61552 19.2513 18.1696 -0.265819 0.837095 0.478131
-9.72748 18.9165 18.6899 -0.268731 0.834716 0.480657
-9.84298 18.5401 19.288 -0.268343 0.838984 0.47339
-9.9057 18.2703 19.7365 -0.262322 0.844865 0.466227
-9.951 17.9499 20.2958 -0.257642 0.847005 0.464977
-9.97056 17.6843 20.7657 -0.250605 0.845911 0.470778
-9.9945 17.3866 21.2922 -0.24403 0.84759 0.471212
-10.0131 17.0839 21.8235 -0.234357 0.846635 0.477793
-10.0143 16.8013 22.3217 -0.240245 0.845748 0.476438
-9.98979 16.5079 22.8501 -0.235466 0.844 0.481891
-9.97175 16.258 23.2912 -0.241044 0.838489 0.488698
-9.96944 15.968 23.7914 -0.232837 0.841981 0.486655
-9.95262 15.6992 24.2598 -0.23218 0.840885 0.488865
-9.98128 15.3519 24.8423 -0.243275 0.836811 0.490465
-9.99284 15.0923 25.2838 -0.237511 0.843112 0.482442
-10.0114 14.8382 25.719 -0.239179 0.842914 0.481965
-10.0317 14.5734 26.1766 -0.233287 0.847502 0.476779
-10.1909 14.3233 26.5427 -0.233577 0.846928 0.477655
-10.6888 14.2656 26.3985 -0.238722 0.846839 0.475264
-11.1545 14.2414 26.2064 -0.240331 0.847462 0.473338
-11.6688 14.2281 25.9668 -0.2436 0.846747 0.472947
-12.2634 14.2135 25.6864 -0.244263 0.846329 0.473352
-12.8437 14.1981 25.4135 -0.247724 0.846302 0.471592
-13.2981 14.1845 25.1959 -0.251416 0.847253 0.467922
-13.7963 14.1637 24.9654 -0.254284 0.847186 0.466489
-14.288 14.1354 24.736 -0.258565 0.854617 0.450272
-14.8185 14.0982 24.4922 -0.270139 0.853474 0.445653
-15.3139 14.052 24.2802 -0.273949 0.855627 0.439085
-15.7761 13.9997 24.0866 -0.27974 0.858246 0.430283
-16.2298 13.9559 23.8741 -0.292637 0.854149 0.429871
-16.6979 13.9119 23.6404 -0.299705 0.852418 0.428439
-17.1949 13.897 23.3097 -0.310164 0.856229 0.413123
-17.5714 13.9767 22.8533 -0.316157 0.856783 0.40739
-17.8567 14.0902 22.4009 -0.313982 0.850205 0.422569
-17.9144 14.28 21.9784 -0.312019 0.848898 0.426633
-17.5094 14.5637 21.7105 -0.312343 0.847425 0.429317
-17.0295 14.8882 21.4226 -0.315833 0.844063 0.433368
-16.6479 15.1528 21.1869 -0.315494 0.841966 0.437673
-16.1726 15.4749 20.9113 -0.316541 0.841061 0.438654
-15.7912 15.7411 20.671 -0.306212 0.843323 0.441633
-15.3588 16.0207 20.4386 -0.308661 0.840963 0.44442
-14.8778 16.3466 20.1569 -0.307149 0.837705 0.451565
-14.4721 16.6295 19.9101 -0.309894 0.835476 0.453812
-14.0231 16.9426 19.6386 -0.309014 0.837295 0.451051
-13.571 17.2598 19.3582 -0.308333 0.838477 0.449317
-13.1021 17.5855 19.0669 -0.300257 0.840045 0.451852
-12.6441 17.9079 18.7652 -0.29156 0.839876 0.457822
-12.2065 18.2262 18.4594 -0.28786 0.838938 0.461856
-11.7929 18.5283 18.171 -0.282989 0.836701 0.46888
-11.4317 18.8006 17.9038 -0.28206 0.83575 0.471131
-11.0412 19.1135 17.5822 -0.283136 0.836352 0.469412
-10.5854 19.4965 17.1721 -0.278203 0.83704 0.471134
-10.2713 19.7745 16.8657 -0.279826 0.833889 0.475738
-9.97858 20.0565 16.5454 -0.280098 0.829249 0.483624
-9.67526 20.3725 16.1809 -0.278425 0.825826 0.490399
-9.42124 20.6643 15.8318 -0.285119 0.828481 0.482002
-9.0994 21.0142 15.4237 -0.283443 0.825598 0.487901
-8.86652 21.3141 15.0535 -0.29035 0.821235 0.491193
-8.60309 21.6746 14.6036 -0.286554 0.823136 0.490239
-8.42565 21.9563 14.2369 -0.288056 0.819809 0.494911
-8.23332 22.2429 13.8754 -0.290541 0.816828 0.498376
-8.02212 22.5619 13.4771 -0.291714 0.814764 0.501061
-7.86954 22.8695 13.068 -0.29562 0.812198 0.502935
-7.7508 23.2016 12.5992 -0.307086 0.814019 0.493022
-7.62467 23.5305 12.1346 -0.308614 0.813394 0.493097
-7.50726 23.8363 11.7013 -0.317396 0.810729 0.491871
-7.41494 24.1458 11.2538 -0.321432 0.811639 0.487775
-7.31925 24.5022 10.7312 -0.330701 0.804698 0.493051
-7.26245 24.8513 10.2165 -0.345546 0.791553 0.504024
-7.23619 25.1325 9.79597 -0.355321 0.788342 0.50226
-7.22551 25.4697 9.27776 -0.358187 0.784748 0.505834
-7.23943 25.8369 8.693 -0.376346 0.785618 0.491004
-7.26695 26.0985 8.25387 -0.387534 0.777096 0.495922
-7.32079 26.3738 7.76985 -0.409103 0.770315 0.489131
-7.39958 26.6238 7.30248 -0.420197 0.770099 0.479957
-7.51817 26.9257 6.69924 -0.438193 0.772 0.460438
-7.62989 27.1321 6.22605 -0.452228 0.778835 0.43458
-7.75516 27.3735 5.64173 -0.478198 0.782102 0.399167
-7.87475 27.5627 5.11187 -0.491352 0.777373 0.392765
-8.00596 27.7142 4.61237 -0.512174 0.777641 0.364626
-8.13089 27.8588 4.09033 -0.533523 0.776796 0.334575
-8.23633 27.9918 3.57604 -0.547709 0.781327 0.299238
-8.34234 28.0953 3.09723 -0.568962 0.774312 0.276988
-8.4594 28.1971 2.51729 -0.58007 0.777245 0.24365
-8.55563 28.2638 2.0232 -0.579684 0.791321 0.192467
-8.61571 28.3175 1.50115 -0.591997 0.797373 0.117198
-8.63286 28.3775 0.932874 -0.595627 0.799252 0.0801606
-8.63432 28.4228 0.322552 -0.59423 0.802837 0.048407
-8.63427 28.4448 -0.199809 -0.581956 0.812854 0.0144822
-8.62684 28.4367 -0.782815 -0.591314 0.805473 -0.0395164
-8.55415 28.4504 -1.36147 -0.590277 0.804852 -0.0615339
-8.46626 28.4461 -1.88478 -0.562761 0.818499 -0.114284
-8.37491 28.4236 -2.38074 -0.547683 0.81964 -0.168029
-8.26444 28.384 -2.91603 -0.537529 0.824232 -0.178055
-8.12807 28.3133 -3.54421 -0.512116 0.828221 -0.227566
-8.01636 28.233 -4.03767 -0.503087 0.821481 -0.268019
-7.88423 28.1128 -4.61882 -0.497122 0.819109 -0.286234
-7.78091 27.9921 -5.10461 -0.486407 0.809115 -0.32976
-7.63534 27.7959 -5.74817 -0.472976 0.801527 -0.365852
-7.5571 27.6209 -6.21864 -0.463995 0.80088 -0.378548
-7.4699 27.401 -6.77516 -0.455643 0.801117 -0.388057
-7.37546 27.1526 -7.36648 -0.445544 0.794412 -0.412795
-7.30182 26.9209 -7.86742 -0.428149 0.784325 -0.448913
-7.22882 26.6597 -8.3761 -0.406525 0.77974 -0.476176
-7.17024 26.3653 -8.9003 -0.392267 0.779766 -0.487879
-7.15706 26.1015 -9.33221 -0.37938 0.780427 -0.496987
-7.16962 25.8271 -9.75919 -0.381734 0.784844 -0.488159
-7.19329 25.5378 -10.1936 -0.36682 0.779473 -0.507778
-7.23154 25.2193 -10.6644 -0.342422 0.786469 -0.51399
-7.28841 24.8781 -11.1421 -0.3433 0.783709 -0.517634
-7.36394 24.537 -11.6198 -0.326736 0.79445 -0.51195
-7.43639 24.248 -12.0272 -0.307535 0.804306 -0.508442
-7.55244 23.9259 -12.4707 -0.298465 0.807539 -0.508724
-7.71291 23.5828 -12.9286 -0.301129 0.810912 -0.501739
-7.90153 23.2239 -13.3974 -0.294543 0.813162 -0.502007
-8.1001 22.9194 -13.7803 -0.295121 0.814746 -0.499078
-8.32126 22.5719 -14.2157 -0.28778 0.818052 -0.497948
-8.53605 22.2963 -14.5448 -0.28526 0.819752 -0.496617
-8.73877 22.0037 -14.9126 -0.285817 0.822301 -0.492066
-9.03764 21.6707 -15.2947 -0.291342 0.823111 -0.487451
-9.2898 21.2812 -15.8086 -0.279979 0.828506 -0.484949
-9.57225 21.0002 -16.13 -0.277798 0.832563 -0.479227
-9.85475 20.7282 -16.4418 -0.286973 0.835107 -0.469281
-10.1326 20.4501 -16.7703 -0.280214 0.83591 -0.471925
-10.5713 20.0798 -17.1689 -0.282969 0.840468 -0.462106
-11.0127 19.7238 -17.554 -0.273241 0.844444 -0.46071
-11.4731 19.3492 -17.9592 -0.288729 0.843074 -0.453721
-11.8911 19.0157 -18.3179 -0.288218 0.845509 -0.449486
-12.3586 18.6732 -18.6709 -0.283367 0.851542 -0.441111
-12.9093 18.2974 -19.0446 -0.285853 0.852492 -0.437659
-13.2952 18.0466 -19.2797 -0.28861 0.851407 -0.437961
-13.6839 17.8027 -19.4999 -0.29649 0.854069 -0.427388
-14.1775 17.4864 -19.7807 -0.299237 0.850204 -0.433132
-14.6724 17.1641 -20.0731 -0.299689 0.848944 -0.435294
-15.1035 16.8803 -20.3298 -0.300858 0.849587 -0.433229
-15.5184 16.6161 -20.5639 -0.297843 0.852253 -0.430063
-16.0256 16.2913 -20.8589 -0.295998 0.853598 -0.428667
-16.4801 16.0012 -21.1235 -0.296441 0.853659 -0.428238
-16.875 15.7511 -21.3463 -0.302262 0.852389 -0.426693
-17.3631 15.4536 -21.5934 -0.308902 0.852982 -0.420689
-17.7486 15.2113 -21.8017 -0.315922 0.851033 -0.419438
-18.1719 14.9239 -22.0625 -0.321766 0.850292 -0.416467
-18.5599 14.6612 -22.2924 -0.328755 0.850134 -0.411329
-19.0043 14.3626 -22.5565 -0.326975 0.85148 -0.409962
-19.4036 14.0932 -22.7979 -0.326406 0.851779 -0.409795
-19.8209 13.8179 -23.0341 -0.33082 0.849226 -0.411549
-20.2159 13.5623 -23.2448 -0.328977 0.849564 -0.412328
-20.6809 13.2472 -23.5139 -0.337629 0.845175 -0.41435
-21.0735 12.9724 -23.7535 -0.339392 0.846018 -0.411178
-21.4709 12.6961 -23.9937 -0.340356 0.844303 -0.413892
-21.8445 12.4369 -24.2155 -0.340475 0.845771 -0.41079
-22.2659 12.1377 -24.4858 -0.340926 0.848867 -0.403968
-22.7617 11.8073 -24.7663 -0.338194 0.853455 -0.396533
-23.2028 11.52 -25.0094 -0.339212 0.856165 -0.389764
-23.6171 11.2383 -25.264 -0.345368 0.85385 -0.389438
-24.0503 10.9343 -25.5441 -0.347956 0.851949 -0.391292
-24.421 10.6643 -25.8002 -0.365027 0.846601 -0.387328
-28.1622 11.3511 -20.2277 -0.414386 0.837853 -0.355367
-28.6103 11.0179 -20.4929 -0.414653 0.838889 -0.352603
-29.024 10.7151 -20.7263 -0.418413 0.83847 -0.349139
-29.4327 10.411 -20.9683 -0.417021 0.84014 -0.346777
-29.9733 10.0269 -21.2455 -0.423292 0.839116 -0.341627
-30.4582 9.66547 -21.5345 -0.422469 0.84033 -0.339656
-30.817 9.39206 -21.7628 -0.425378 0.840446 -0.335715
-31.1905 9.11491 -21.9868 -0.422915 0.842593 -0.333435
-31.5556 8.8431 -22.2096 -0.423927 0.842521 -0.332328
-31.968 8.53934 -22.4525 -0.42628 0.841854 -0.33101
-32.3659 8.25047 -22.6735 -0.428809 0.840974 -0.329979
-32.7774 7.94989 -22.907 -0.42683 0.842322 -0.329106
-33.0834 7.6579 -23.2618 -0.425426 0.844223 -0.326037
-32.8744 7.54105 -23.8351 -0.424724 0.843365 -0.329155
-32.6136 7.46004 -24.3762 -0.421871 0.844217 -0.330639
-32.4024 7.38951 -24.8252 -0.420019 0.845064 -0.330833
-32.1551 7.29511 -25.3834 -0.418239 0.847387 -0.327126
-31.8928 7.17218 -26.0361 -0.416311 0.848185 -0.327517
-31.669 7.06852 -26.583 -0.415151 0.846623 -0.332985
-31.3658 7.03146 -27.0494 -0.409166 0.848545 -0.335479
-30.9619 7.02588 -27.5374 -0.39991 0.850461 -0.341742
-30.5824 7.03091 -27.9616 -0.394648 0.851859 -0.344369
-30.2091 7.05576 -28.3236 -0.392052 0.851028 -0.349343
-29.7836 7.10604 -28.6769 -0.381527 0.855944 -0.348952
-29.4328 7.10565 -29.0551 -0.376702 0.855469 -0.355315
-28.9999 7.10173 -29.5053 -0.365402 0.854658 -0.368832
-28.6477 7.08586 -29.8812 -0.353584 0.854552 -0.380386
-28.2513 7.03872 -30.342 -0.345063 0.852893 -0.391798
-27.8322 6.99691 -30.802 -0.341884 0.855389 -0.389133
-27.3751 6.9491 -31.3036 -0.336768 0.857015 -0.390017
-26.8844 6.90728 -31.8114 -0.326858 0.858497 -0.395153
-26.4203 6.86286 -32.2869 -0.32216 0.858565 -0.398844
-26.0114 6.81959 -32.7011 -0.314321 0.859041 -0.404043
-25.5986 6.79366 -33.0771 -0.314896 0.858016 -0.40577
-25.129 6.78581 -33.4589 -0.316113 0.857814 -0.40525
-24.6749 6.80011 -33.7835 -0.31506 0.857457 -0.406818
-24.1705 6.83764 -34.0917 -0.312885 0.857576 -0.408249
-23.6687 6.87115 -34.3764 -0.291682 0.853406 -0.431993
-23.206 6.90314 -34.6205 -0.281269 0.856198 -0.433355
-22.726 6.92892 -34.8765 -0.278152 0.855567 -0.43662
-22.2182 6.95449 -35.1509 -0.279223 0.856676 -0.433752
-21.6731 6.99487 -35.416 -0.273943 0.856242 -0.437955
-21.2042 7.03085 -35.6256 -0.254091 0.853391 -0.45515
-20.7077 7.05477 -35.8566 -0.251502 0.851943 -0.459282
-20.1951 7.09349 -36.0696 -0.254258 0.851024 -0.459462
-19.7239 7.13496 -36.2503 -0.249244 0.850582 -0.463014
-19.193 7.17934 -36.454 -0.248673 0.847497 -0.468947
-18.6259 7.24336 -36.6265 -0.230835 0.849998 -0.473513
-18.081 7.29495 -36.7959 -0.226394 0.850293 -0.475128
-17.4088 7.35474 -37.0067 -0.223621 0.850629 -0.47584
-16.8983 7.40384 -37.1577 -0.217467 0.852023 -0.476197
-16.3557 7.45167 -37.3162 -0.210283 0.853569 -0.476656
-15.866 7.47874 -37.4804 -0.203609 0.853755 -0.479213
-15.1934 7.52897 -37.6688 -0.196544 0.852875 -0.48371
-14.6595 7.59345 -37.7557 -0.179842 0.849496 -0.495985
-14.071 7.6524 -37.8602 -0.172678 0.849835 -0.497949
-13.5151 7.71785 -37.9363 -0.167159 0.847972 -0.502992
-12.9247 7.7894 -38.0033 -0.153201 0.845771 -0.511025
-12.4213 7.83663 -38.0692 -0.143883 0.844865 -0.515257
-11.8242 7.88647 -38.1499 -0.136247 0.845555 -0.516208
-11.1961 7.95176 -38.2077 -0.132435 0.844582 -0.518788
-10.4761 8.03715 -38.2442 -0.122295 0.843778 -0.522572
-9.84397 8.09772 -38.2897 -0.116205 0.842857 -0.525441
-9.25826 8.14813 -38.3388 -0.115858 0.843216 -0.52494
-8.72539 8.19493 -38.3804 -0.111682 0.842442 -0.527085
-8.15811 8.25794 -38.3963 -0.103869 0.843502 -0.526988
-7.48975 8.3103 -38.4408 -0.0995888 0.84374 -0.527432
-6.89398 8.35004 -38.4903 -0.0969786 0.841306 -0.531789
-6.37047 8.37729 -38.542 -0.0969124 0.83963 -0.534438
-5.8463 8.39822 -38.6034 -0.09389 0.838009 -0.537518
-5.33967 8.41099 -38.6719 -0.0949037 0.837072 -0.538795
-4.82166 8.41882 -38.7471 -0.0882218 0.835134 -0.542923
-4.19015 8.42269 -38.8397 -0.0815821 0.836647 -0.541633
-3.55935 8.46138 -38.8734 -0.0802154 0.83372 -0.54633
-3.46609 8.73593 -38.4694 -0.0829342 0.832487 -0.547802
-3.43538 9.02113 -38.0406 -0.0828082 0.833103 -0.546883
-3.40975 9.30986 -37.6033 -0.0849087 0.833367 -0.546159
-3.41224 9.64047 -37.0979 -0.0845458 0.83388 -0.545432
-3.40461 10.0039 -36.5417 -0.0858931 0.835247 -0.543122
-3.41509 10.2871 -36.105 -0.0857401 0.833845 -0.545298
-3.42285 10.6493 -35.5494 -0.087962 0.834441 -0.544033
-3.43119 11.0302 -34.9623 -0.088256 0.835394 -0.54252
-3.44021 11.3339 -34.4929 -0.0939982 0.836996 -0.539075
-3.44617 11.6773 -33.9593 -0.0952092 0.835902 -0.540559
-3.42599 12.0308 -33.4134 -0.0945898 0.837968 -0.537459
-3.40272 12.381 -32.871 -0.0978608 0.838663 -0.535787
-3.41064 12.6964 -32.3769 -0.0967412 0.838005 -0.537019
-3.39986 12.9674 -31.9542 -0.100081 0.838804 -0.535155
-3.40124 13.2384 -31.5286 -0.101908 0.839665 -0.533457
-3.41957 13.527 -31.0713 -0.104053 0.839835 -0.532776
-3.43856 13.8219 -30.6023 -0.105842 0.840867 -0.530792
-3.45868 14.1259 -30.1154 -0.10785 0.841613 -0.529201
-3.46015 14.4233 -29.6426 -0.111782 0.841821 -0.528054
-3.45093 14.7311 -29.1537 -0.112716 0.841128 -0.528961
-3.47206 15.0495 -28.6379 -0.117059 0.843837 -0.523676
-3.46553 15.389 -28.092 -0.125403 0.8436 -0.522122
-3.44523 15.655 -27.6667 -0.126843 0.843301 -0.52226
-3.44688 15.918 -27.2392 -0.126836 0.845336 -0.51896
-3.42946 16.1926 -26.7948 -0.130236 0.845441 -0.517946
-3.42508 16.4811 -26.3252 -0.133017 0.846081 -0.516182
-3.44994 16.7401 -25.8915 -0.137273 0.845803 -0.515521
-3.42596 17.0084 -25.4558 -0.140291 0.845782 -0.514751
-3.40863 17.3073 -24.9693 -0.142398 0.845416 -0.514776
-3.3949 17.6096 -24.4751 -0.145879 0.845112 -0.514295
-3.39408 17.9023 -23.9944 -0.150687 0.846077 -0.511313
-3.40074 18.2113 -23.4788 -0.152918 0.847493 -0.508303
-3.40694 18.5343 -22.9378 -0.157949 0.847126 -0.507373
-3.39411 18.7957 -22.5075 -0.160346 0.844647 -0.510744
-3.39931 19.0814 -22.0337 -0.16441 0.844409 -0.509846
-3.40427 19.3633 -21.5663 -0.165267 0.843059 -0.511798
-3.39328 19.6322 -21.1286 -0.167111 0.842389 -0.512303
-3.34341 19.9614 -20.6085 -0.170144 0.839747 -0.51563
-3.25033 20.2579 -20.1594 -0.171497 0.836783 -0.519979
-3.13371 20.5848 -19.6746 -0.170585 0.834379 -0.52413
-2.98015 20.8987 -19.2261 -0.174372 0.832487 -0.52589
-2.81156 21.2056 -18.7969 -0.173557 0.83173 -0.527354
-2.65036 21.4851 -18.4103 -0.16894 0.830861 -0.530217
-2.40308 21.8543 -17.913 -0.169701 0.829017 -0.532853
-2.09662 22.2052 -17.4658 -0.162526 0.826091 -0.539592
-1.77905 22.5468 -17.0392 -0.160485 0.824803 -0.542166
-1.36258 22.9306 -16.5777 -0.152406 0.822524 -0.54793
-1.04261 23.1948 -16.2691 -0.150305 0.821792 -0.549597
-0.647556 23.4925 -15.9291 -0.139759 0.822132 -0.551874
-0.265886 23.7381 -15.6601 -0.134402 0.821331 -0.554391
0.11015 23.9633 -15.4098 -0.121267 0.823302 -0.554498
0.593424 24.2105 -15.1336 -0.097514 0.832531 -0.545328
1.09328 24.4268 -14.8878 -0.0824288 0.832386 -0.54795
1.54636 24.5928 -14.6955 -0.0626113 0.837798 -0.542129
2.0688 24.7426 -14.4942 -0.0256302 0.843836 -0.535926
2.57798 24.8538 -14.3262 0.00552051 0.850157 -0.5265
3.12759 24.9585 -14.1396 0.0223387 0.852428 -0.522367
3.71869 25.0137 -13.9783 0.0727898 0.863596 -0.498814
4.23971 25.054 -13.825 0.0957323 0.860738 -0.499965
4.72441 25.0938 -13.6578 0.103911 0.868894 -0.483969
5.18945 25.1474 -13.4521 0.130101 0.864584 -0.485354
5.7043 25.1918 -13.2195 0.15551 0.870002 -0.467882
6.23158 25.2199 -12.9742 0.180555 0.878114 -0.443076
6.67856 25.2394 -12.7328 0.215803 0.881189 -0.420637
7.18851 25.2555 -12.4283 0.22603 0.882232 -0.413009
7.62055 25.2738 -12.1363 0.240191 0.885951 -0.396678
8.03215 25.2842 -11.8523 0.264806 0.884565 -0.383491
8.51968 25.2718 -11.5057 0.301437 0.88009 -0.366848
8.95788 25.2434 -11.208 0.330554 0.874572 -0.354019
9.41776 25.1957 -10.8564 0.35893 0.8791 -0.313612
9.80514 25.1525 -10.5213 0.399019 0.871347 -0.28552
10.2565 25.0701 -10.1261 0.425456 0.862094 -0.275284
10.7027 24.9647 -9.72895 0.44111 0.860336 -0.255414
11.098 24.8566 -9.37159 0.457658 0.857058 -0.236512
11.4989 24.7223 -9.02844 0.487818 0.8437 -0.223847
11.9528 24.5459 -8.66871 0.506268 0.837565 -0.205224
12.3987 24.3442 -8.3614 0.520523 0.83179 -0.192813
12.7967 24.1476 -8.12567 0.52771 0.829129 -0.184575
13.2899 23.8875 -7.86821 0.53416 0.826703 -0.176683
13.8265 23.5927 -7.58647 0.542375 0.824172 -0.163002
14.312 23.3155 -7.35704 0.546031 0.823781 -0.15243
14.74 23.0609 -7.19708 0.545715 0.824867 -0.147597
15.2056 22.7717 -7.08082 0.548169 0.82391 -0.143815
15.733 22.4332 -7.01035 0.548925 0.824693 -0.136247
16.2091 22.1261 -6.95683 0.544645 0.828211 -0.132013
16.6586 21.8357 -6.91975 0.547195 0.827905 -0.123084
17.1677 21.4983 -6.93902 0.544916 0.830032 -0.118794
17.616 21.2032 -6.96325 0.542012 0.832643 -0.113697
18.1035 20.8817 -6.99535 0.539761 0.83412 -0.113587
18.5189 20.6041 -7.07029 0.534241 0.837468 -0.115041
19.0018 20.2752 -7.22182 0.533638 0.837885 -0.114794
19.4046 19.9996 -7.37009 0.531986 0.839036 -0.114054
19.8399 19.6995 -7.54884 0.529772 0.840555 -0.113172
20.3101 19.3734 -7.77289 0.527477 0.841763 -0.114884
20.7004 19.1001 -7.98962 0.524602 0.843085 -0.118325
21.0756 18.8354 -8.20702 0.526656 0.841705 -0.119022
21.4693 18.5576 -8.42897 0.525988 0.842059 -0.119471
21.9494 18.2109 -8.74246 0.533992 0.836506 -0.12292
22.3338 17.9331 -8.9635 0.536019 0.835667 -0.119769
22.729 17.6471 -9.1777 0.540022 0.833013 -0.120275
23.111 17.3654 -9.40908 0.541269 0.832147 -0.120659
23.4969 17.0783 -9.652 0.540453 0.832202 -0.123893
23.8702 16.8068 -9.84821 0.539705 0.832132 -0.127533
24.2615 16.5219 -10.0455 0.53823 0.832264 -0.132806
24.7236 16.1762 -10.3182 0.543078 0.828229 -0.138218
25.1119 15.8862 -10.5348 0.539987 0.830052 -0.139384
25.5708 15.5435 -10.8015 0.538748 0.830631 -0.140724
25.9581 15.2546 -11.0319 0.537155 0.831208 -0.143379
26.4345 14.897 -11.3168 0.538852 0.829743 -0.145477
26.8913 14.5539 -11.5746 0.539291 0.828982 -0.148162
27.3546 14.2026 -11.8468 0.539222 0.828131 -0.153096
27.7658 13.8877 -12.1067 0.537683 0.829067 -0.153444
28.1445 13.6019 -12.3242 0.53715 0.829392 -0.153552
28.5141 13.3264 -12.5179 0.536189 0.829413 -0.156751
29.0177 12.9484 -12.7981 0.53202 0.830459 -0.165202
29.398 12.6552 -13.0344 0.537006 0.826261 -0.170051
29.7961 12.3465 -13.2705 0.539787 0.823927 -0.172551
30.3283 11.9408 -13.5467 0.538235 0.824705 -0.173678
30.8086 11.5749 -13.8054 0.532133 0.828269 -0.175462
31.229 11.26 -14.0241 0.529509 0.828669 -0.181453
31.6797 10.9195 -14.2751 0.523237 0.831244 -0.18774
32.1336 10.5653 -14.5739 0.524282 0.829661 -0.191809
32.5366 10.2468 -14.8383 0.525787 0.827113 -0.198563
32.8987 9.96761 -15.0479 0.525311 0.827637 -0.197628
33.2953 9.77376 -14.7998 0.524846 0.828113 -0.196891
33.5025 9.75976 -14.3009 0.526543 0.827776 -0.193752
33.7259 9.74367 -13.7454 0.531076 0.827393 -0.18264
33.9659 9.71538 -13.1563 0.528996 0.83174 -0.16844
34.1737 9.68467 -12.6497 0.528745 0.83257 -0.165091
34.415 9.62762 -12.1599 0.525357 0.835839 -0.159288
34.6604 9.56893 -11.6555 0.523128 0.838084 -0.154768
34.9158 9.50481 -11.1237 0.521927 0.840118 -0.14762
35.1347 9.44214 -10.677 0.518964 0.84391 -0.135963
35.3553 9.38031 -10.224 0.516402 0.84533 -0.136911
35.5504 9.33358 -9.76574 0.514554 0.847138 -0.132629
35.771 9.29029 -9.19034 0.513282 0.848118 -0.131292
35.9545 9.26314 -8.64209 0.513937 0.848122 -0.128676
36.1254 9.22651 -8.16268 0.513861 0.851051 -0.107973
36.295 9.18363 -7.68646 0.504848 0.85757 -0.0984985
36.4771 9.12443 -7.19719 0.508738 0.857359 -0.0782378
36.6908 9.04576 -6.68822 0.50517 0.859756 -0.0749824
36.8944 8.97021 -6.18791 0.503379 0.860694 -0.0762628
37.1242 8.88587 -5.63326 0.494658 0.865709 -0.076556
37.3231 8.81319 -5.15637 0.495496 0.865592 -0.07235
37.5325 8.73363 -4.66104 0.490134 0.869576 -0.0600551
37.8028 8.62186 -4.02639 0.47583 0.878575 -0.0411234
37.9019 8.58125 -3.51383 0.485599 0.873928 -0.0210426
37.9295 8.57888 -2.97827 0.495747 0.868213 -0.0206499
37.917 8.60312 -2.34018 0.491927 0.870174 -0.0283647
37.8992 8.62728 -1.71926 0.494236 0.869108 -0.0192787
37.8715 8.65751 -1.02197 0.500805 0.865514 -0.00773191
37.8187 8.69004 -0.388695 0.49993 0.866061 0.000731717
37.764 8.71399 0.161628 0.494961 0.868816 0.0131244
37.7205 8.73174 0.663799 0.490283 0.871524 0.00812404
37.6657 8.75726 1.21598 0.491956 0.870562 0.010007
37.6065 8.78597 1.74163 0.486905 0.873429 0.00669729
37.5388 8.81873 2.26185 0.488297 0.872628 0.00927046
37.4581 8.84855 2.91098 0.493854 0.869008 0.0305494
37.3911 8.86028 3.6017 0.503198 0.863299 0.03883
37.3232 8.86958 4.1838 0.50405 0.8624 0.046887
37.246 8.88304 4.72001 0.504219 0.861822 0.0550108
37.1347 8.90191 5.43146 0.4971 0.8659 0.0557557
37.0551 8.91123 5.9503 0.493349 0.867806 0.0593087
36.9484 8.9288 6.56457 0.495319 0.866318 0.0644441
36.7521 8.98131 7.25552 0.491009 0.867448 0.0802763
36.564 9.03164 7.74484 0.501564 0.856568 0.121348
36.3112 9.10059 8.31129 0.504283 0.855112 0.120341
36.0923 9.1606 8.80738 0.504475 0.855237 0.118632
35.8771 9.22064 9.28434 0.504534 0.854893 0.120844
35.6317 9.29034 9.81677 0.506088 0.853276 0.125681
35.3959 9.35914 10.2999 0.506395 0.853052 0.125962
35.114 9.43777 10.8465 0.507778 0.849596 0.142558
34.8689 9.50058 11.332 0.509998 0.846926 0.150394
34.6457 9.551 11.7963 0.510342 0.846344 0.152481
34.4273 9.59147 12.2752 0.508508 0.844296 0.169068
34.205 9.62436 12.7763 0.50912 0.843086 0.173211
33.9497 9.66454 13.3258 0.509017 0.842193 0.177802
33.6807 9.70888 13.8668 0.510932 0.838369 0.189964
33.444 9.74904 14.3224 0.512032 0.836705 0.19429
33.1781 9.80611 14.7688 0.518294 0.830432 0.204337
32.6672 10.0884 14.8967 0.509947 0.833226 0.213747
32.1799 10.4685 14.5917 0.514008 0.831592 0.210346
31.7169 10.8188 14.3331 0.517523 0.830372 0.206522
31.1952 11.2109 14.0582 0.51651 0.831656 0.203879
30.7467 11.5453 13.8326 0.516177 0.831899 0.203722
30.2944 11.8865 13.5726 0.514484 0.834054 0.199147
29.8975 12.185 13.3472 0.517249 0.833448 0.194459
29.5161 12.476 13.1037 0.516291 0.835524 0.187994
29.1462 12.7525 12.889 0.517168 0.835865 0.183997
28.7841 13.0235 12.6675 0.521395 0.834657 0.177438
28.3806 13.3263 12.4181 0.522583 0.835146 0.171568
27.9868 13.6186 12.1953 0.523353 0.835511 0.167387
27.5806 13.9194 11.97 0.526533 0.833702 0.16644
27.1711 14.2271 11.724 0.52807 0.83311 0.16452
26.7982 14.5037 11.5148 0.527586 0.834644 0.158187
26.4176 14.7918 11.2632 0.524721 0.838186 0.148702
25.9277 15.1549 10.9481 0.526619 0.8377 0.144676
25.4087 15.5293 10.6636 0.523269 0.839547 0.146117
24.8936 15.8919 10.4112 0.521617 0.841421 0.141143
24.3933 16.2512 10.1156 0.521336 0.842545 0.135323
23.9212 16.5875 9.84014 0.523979 0.840907 0.135358
23.5 16.8911 9.57266 0.523592 0.841973 0.130121
23.1188 17.1632 9.34324 0.522729 0.842275 0.131627
22.6399 17.498 9.10103 0.52162 0.843098 0.130761
22.2606 17.7636 8.90052 0.520685 0.843602 0.131235
21.8344 18.0674 8.63442 0.520142 0.844324 0.128721
21.4232 18.3596 8.37791 0.520991 0.843835 0.128496
21.0129 18.6439 8.17465 0.520958 0.844141 0.126605
20.6224 18.917 7.95762 0.5219 0.844141 0.122658
20.1563 19.2404 7.73089 0.524028 0.842099 0.127522
19.7591 19.5132 7.56712 0.526966 0.840329 0.127096
19.2395 19.8703 7.36558 0.529048 0.838952 0.127542
18.817 20.1574 7.2341 0.529012 0.83775 0.135359
18.3937 20.4442 7.11521 0.52967 0.837363 0.135177
17.9167 20.7599 7.03438 0.532289 0.835171 0.138409
17.3397 21.138 6.97857 0.532377 0.834068 0.144588
16.8795 21.4377 6.97245 0.540957 0.827393 0.150952
16.4228 21.7371 6.97883 0.544803 0.82323 0.159633
15.9633 22.0363 7.01572 0.540976 0.823327 0.17169
15.5131 22.3184 7.08526 0.544566 0.820031 0.176029
15.0576 22.6003 7.17298 0.541843 0.821277 0.178634
14.6046 22.8677 7.29652 0.53694 0.820465 0.196299
14.091 23.1587 7.48751 0.532352 0.821282 0.20512
13.652 23.3945 7.66757 0.528286 0.81937 0.22257
13.1826 23.6329 7.89001 0.507213 0.830052 0.231784
12.7093 23.8419 8.16522 0.503032 0.831182 0.236845
12.1993 24.0334 8.5258 0.485993 0.830702 0.27142
11.7207 24.1723 8.90355 0.457566 0.846501 0.272156
11.2161 24.2826 9.35424 0.432403 0.853082 0.292026
10.849 24.3426 9.70571 0.394292 0.856829 0.332191
10.4185 24.3732 10.1329 0.382243 0.854997 0.35043
10.0034 24.4041 10.4951 0.371905 0.856973 0.35677
9.6291 24.4025 10.8448 0.334517 0.862547 0.379619
9.17725 24.388 11.2527 0.322308 0.857096 0.401874
8.7442 24.3962 11.5772 0.320416 0.855498 0.406765
8.3034 24.3978 11.8926 0.312931 0.845067 0.433482
7.78028 24.374 12.2983 0.298007 0.836981 0.458972
7.27012 24.3659 12.6065 0.234139 0.849159 0.473267
6.82242 24.3455 12.8465 0.218888 0.847876 0.482902
6.33252 24.3161 13.106 0.206782 0.844118 0.494677
5.88118 24.2983 13.3251 0.20681 0.845894 0.491622
5.32851 24.2997 13.5435 0.19561 0.84553 0.496803
4.83841 24.2944 13.7422 0.189543 0.849703 0.492015
4.20673 24.2834 13.949 0.135202 0.852902 0.50426
3.68938 24.279 14.0794 0.089144 0.852935 0.514237
3.10646 24.2512 14.227 0.0805329 0.858326 0.506745
2.4697 24.1881 14.3942 0.0341273 0.851669 0.522968
1.96039 24.1056 14.5449 -0.00474271 0.859927 0.509931
1.48965 23.9934 14.7079 -0.0447386 0.852345 0.520937
1.03704 23.8498 14.8943 -0.0577142 0.850454 0.522862
0.517429 23.6435 15.1526 -0.0806671 0.843393 0.531161
0.101708 23.4376 15.3943 -0.10521 0.836687 0.537478
-0.288822 23.209 15.6569 -0.130431 0.833935 0.536225
-0.666392 22.9621 15.9435 -0.14462 0.832334 0.535075
-1.06807 22.6818 16.2659 -0.154371 0.829027 0.537479
-1.41554 22.4053 16.5931 -0.164015 0.828986 0.534678
-1.73078 22.1001 16.9694 -0.176647 0.828296 0.531716
-2.05026 21.748 17.4146 -0.177689 0.82955 0.529404
-2.35377 21.3612 17.9204 -0.178212 0.830882 0.527139
-2.6603 20.9723 18.4284 -0.189167 0.832897 0.520094
-2.86501 20.6686 18.8432 -0.18974 0.83572 0.515336
-3.00078 20.3946 19.2396 -0.189844 0.837994 0.511591
-3.11763 20.1072 19.6679 -0.187318 0.838598 0.511532
-3.21858 19.8207 20.1017 -0.182967 0.839569 0.511514
-3.28312 19.5308 20.5548 -0.183774 0.839548 0.511258
-3.34786 19.2275 21.0257 -0.181114 0.837618 0.515354
-3.42216 18.8501 21.6101 -0.179865 0.836446 0.517694
-3.44287 18.5399 22.1036 -0.177538 0.836579 0.518282
-3.44119 18.2472 22.5786 -0.176092 0.837603 0.517117
-3.4251 17.9868 23.0057 -0.174763 0.838241 0.516537
-3.39362 17.6749 23.5201 -0.168847 0.835802 0.52242
-3.37517 17.3611 24.0257 -0.168209 0.834343 0.524935
-3.38251 17.0215 24.5582 -0.161471 0.832683 0.529685
-3.39783 16.6977 25.0573 -0.161549 0.827005 0.538484
-3.40985 16.4168 25.4879 -0.154638 0.830703 0.534809
-3.40592 16.0945 25.9902 -0.150746 0.83242 0.533248
-3.39365 15.7657 26.506 -0.145692 0.831825 0.535573
-3.39084 15.4843 26.9444 -0.144405 0.831533 0.536377
-3.41338 15.1418 27.4703 -0.140946 0.832488 0.535815
-3.4133 14.8064 27.991 -0.136572 0.832482 0.536956
-3.38593 14.5345 28.4206 -0.132574 0.832981 0.537179
-3.3783 14.1486 29.0183 -0.127606 0.831929 0.54001
-3.39186 13.8541 29.4681 -0.120134 0.831906 0.541756
-3.41357 13.4724 30.0484 -0.1196 0.83151 0.542483
-3.40498 13.1995 30.4676 -0.115772 0.831248 0.543713
-3.37498 12.8337 31.0326 -0.113545 0.831367 0.544
-3.38819 12.556 31.4543 -0.110055 0.830772 0.545624
-3.41214 12.2752 31.876 -0.106511 0.830842 0.54622
-3.39417 11.9072 32.4381 -0.1042 0.830002 0.54794
-3.41137 11.5326 33.0042 -0.100431 0.833157 0.543833
-3.44143 11.1703 33.5563 -0.0956572 0.833606 0.544013
-3.80999 10.9804 33.7827 -0.0981387 0.834978 0.54146
-4.46523 10.9889 33.6496 -0.104378 0.835521 0.539453
-4.99962 11.0014 33.5217 -0.114318 0.836232 0.536328
-5.50156 11 33.4141 -0.119862 0.840538 0.528326
-6.14009 10.986 33.2867 -0.126406 0.840955 0.526133
-6.66641 10.9696 33.1858 -0.127997 0.842371 0.523474
-7.22517 10.958 33.0658 -0.134073 0.840967 0.524189
-7.74221 10.9434 32.9516 -0.14542 0.842165 0.519241
-8.40686 10.9292 32.7878 -0.146262 0.842428 0.518577
-9.03613 10.9008 32.6515 -0.148976 0.849768 0.505668
-9.58622 10.8567 32.5538 -0.160265 0.8503 0.501285
-10.2172 10.7976 32.4484 -0.164046 0.85614 0.490006
-10.7601 10.7527 32.3441 -0.165433 0.857554 0.487066
-11.2757 10.7272 32.2118 -0.176848 0.857524 0.48306
-11.8274 10.7043 32.0475 -0.189358 0.852483 0.48709
-12.3788 10.6747 31.8681 -0.209988 0.853197 0.477446
-12.8946 10.6737 31.6444 -0.20986 0.852203 0.479279
-13.4307 10.679 31.3966 -0.212904 0.852179 0.477976
-13.9159 10.6893 31.1653 -0.210717 0.852483 0.478403
-14.3831 10.6965 30.9438 -0.211675 0.856241 0.47121
-14.9892 10.689 30.679 -0.221467 0.857161 0.465
-15.5166 10.6818 30.4335 -0.227394 0.859043 0.458617
-16.032 10.6621 30.2045 -0.237854 0.858358 0.454585
-16.5362 10.642 29.9745 -0.241498 0.857667 0.453966
-17.0028 10.6116 29.7809 -0.239841 0.86096 0.448579
-17.5344 10.5721 29.5648 -0.261192 0.854488 0.44903
-18.0388 10.5307 29.3435 -0.268269 0.85638 0.441186
-18.6362 10.465 29.0867 -0.28473 0.858604 0.426295
-19.2205 10.3956 28.8334 -0.284009 0.860013 0.42393
-19.7993 10.327 28.5829 -0.286185 0.85932 0.423872
-20.2949 10.2644 28.3659 -0.302472 0.858163 0.41481
-20.7481 10.207 28.1512 -0.306506 0.86165 0.40449
-21.2814 10.2101 27.7321 -0.318409 0.857386 0.404358
-21.5888 10.2868 27.3216 -0.324108 0.853993 0.407001
-21.942 10.3849 26.8328 -0.327987 0.853601 0.404697
-22.2172 10.4785 26.4123 -0.333958 0.852064 0.403061
-22.4889 10.57 25.9918 -0.339526 0.851598 0.399376
-22.7993 10.6991 25.4508 -0.340149 0.851791 0.398435
-23.1094 10.7967 24.977 -0.342593 0.85095 0.398131
-23.5201 10.8931 24.4117 -0.350411 0.849271 0.394906
-23.9197 10.9336 23.9656 -0.352309 0.851148 0.389133
-24.2991 10.9397 23.5983 -0.363632 0.852523 0.37535
-24.7512 10.9202 23.1917 -0.381777 0.847138 0.369598
-25.1747 10.881 22.8378 -0.388695 0.844991 0.367295
-25.6468 10.8386 22.4309 -0.39329 0.841504 0.370397
-26.0447 10.8119 22.0671 -0.395011 0.841735 0.368034
-26.544 10.7678 21.6222 -0.40165 0.839459 0.366012
-26.9979 10.7086 21.2519 -0.40885 0.837966 0.36145
-27.4619 10.6484 20.8604 -0.412357 0.837187 0.359276
-27.8426 10.6112 20.5105 -0.412778 0.837578 0.357872
-27.8872 10.7605 20.1095 -0.414574 0.836752 0.357736
-27.4367 11.0967 19.8463 -0.415852 0.835807 0.35846
-26.9895 11.4243 19.6027 -0.416332 0.835259 0.359181
-26.4961 11.8009 19.2938 -0.412411 0.836732 0.360274
-26.1187 12.0801 19.0759 -0.410598 0.838015 0.359359
-25.7441 12.3718 18.823 -0.40893 0.838639 0.359806
-25.3286 12.6703 18.6043 -0.410447 0.834453 0.367725
-24.873 13.0101 18.3412 -0.408323 0.833552 0.372103
-24.4816 13.3122 18.0934 -0.405894 0.833753 0.374301
-24.0968 13.6091 17.8472 -0.404011 0.834346 0.375022
-23.7248 13.8969 17.6073 -0.403241 0.833677 0.377332
-23.3136 14.2068 17.3626 -0.400058 0.833697 0.380649
-22.8499 14.5442 17.1109 -0.398526 0.832558 0.384739
-22.4768 14.8136 16.912 -0.391438 0.834053 0.388757
-21.9788 15.1734 16.6391 -0.389017 0.834817 0.389546
-21.5049 15.521 16.3737 -0.388012 0.83625 0.38747
-21.0744 15.8292 16.1409 -0.386533 0.833606 0.394579
-20.6357 16.1465 15.8897 -0.378522 0.838199 0.392612
-20.2266 16.4421 15.6529 -0.375314 0.836611 0.399024
-19.7221 16.8145 15.3492 -0.371525 0.835013 0.40586
-19.1918 17.2079 15.0254 -0.370287 0.833986 0.40909
-18.8162 17.4935 14.7753 -0.362907 0.836528 0.41051
-18.334 17.8346 14.5077 -0.36166 0.835983 0.412716
-17.9294 18.1242 14.2751 -0.361515 0.8363 0.4122
-17.5112 18.427 14.0261 -0.358089 0.837926 0.411887
-17.1224 18.7001 13.8087 -0.358727 0.837855 0.411477
-16.7226 18.9962 13.5483 -0.354267 0.841074 0.408766
-16.3437 19.2942 13.263 -0.355882 0.84075 0.408027
-16.0061 19.5616 13.0062 -0.354864 0.840304 0.409829
-15.5926 19.9053 12.6596 -0.356987 0.840038 0.40853
-15.2871 20.1833 12.3566 -0.359832 0.838301 0.409601
-14.9314 20.5398 11.9407 -0.363009 0.837372 0.408695
-14.6354 20.8655 11.5425 -0.368198 0.834082 0.410776
-14.3874 21.1587 11.1724 -0.370294 0.831363 0.414388
-14.1892 21.4312 10.8007 -0.375602 0.83129 0.40973
-14.003 21.7187 10.3906 -0.381247 0.830005 0.407113
-13.8366 22.0076 9.96165 -0.387729 0.826393 0.408323
-13.6353 22.3699 9.41849 -0.390571 0.825643 0.407146
-13.5319 22.68 8.89217 -0.403802 0.82276 0.399984
-13.4717 22.9552 8.38427 -0.412116 0.824476 0.387815
-13.4394 23.2118 7.87429 -0.418562 0.823057 0.383906
-13.4339 23.429 7.40815 -0.427326 0.822596 0.375139
-13.441 23.6469 6.91178 -0.433807 0.826587 0.358501
-13.4734 23.8784 6.3181 -0.437192 0.833322 0.338283
-13.5494 24.0442 5.7986 -0.44648 0.835435 0.320476
-13.6588 24.182 5.27532 -0.448318 0.837806 0.311594
-13.7804 24.3015 4.75571 -0.45358 0.845527 0.281257
-13.8965 24.3925 4.26653 -0.464838 0.845082 0.264122
-14.0154 24.4756 3.76886 -0.469692 0.850896 0.2353
-14.1386 24.5717 3.15502 -0.472974 0.853006 0.220575
-14.2626 24.662 2.4862 -0.486482 0.854301 0.182897
-14.338 24.7128 1.9904 -0.496753 0.855681 0.145073
-14.4082 24.7487 1.49486 -0.509857 0.851751 0.120686
-14.4331 24.7972 0.953033 -0.507749 0.858046 0.0753683
-14.4175 24.8473 0.285063 -0.518451 0.854188 0.039635
-14.3928 24.8719 -0.37431 -0.491118 0.870971 -0.0110101
-14.3466 24.881 -0.979606 -0.490899 0.870622 -0.0321926
-14.3212 24.8727 -1.4885 -0.48897 0.871061 -0.0464789
-14.2905 24.8541 -2.0355 -0.48703 0.870376 -0.0724344
-14.2117 24.8481 -2.58932 -0.485894 0.869939 -0.0843138
-14.0952 24.854 -3.12862 -0.478659 0.86966 -0.118531
-13.9327 24.8366 -3.74989 -0.460863 0.873003 -0.159596
-13.7985 24.7886 -4.30123 -0.4599 0.864041 -0.204758
-13.6759 24.7089 -4.85378 -0.459053 0.857109 -0.233741
-13.5526 24.623 -5.3659 -0.444478 0.855317 -0.266206
-13.448 24.4681 -6.01464 -0.43474 0.852041 -0.291594
-13.3789 24.2553 -6.70293 -0.417105 0.855474 -0.306899
-13.353 24.0804 -7.1779 -0.412653 0.84334 -0.344231
-13.3677 23.8336 -7.7455 -0.394518 0.840144 -0.372162
-13.3872 23.6077 -8.22179 -0.393296 0.835393 -0.383974
-13.4386 23.3637 -8.69641 -0.392092 0.834242 -0.387689
-13.5355 23.1126 -9.13479 -0.392395 0.831975 -0.392224
-13.6534 22.8556 -9.54781 -0.385601 0.829121 -0.404797
-13.8504 22.5048 -10.0807 -0.379811 0.829725 -0.409008
-14.0603 22.1799 -10.5441 -0.373565 0.831368 -0.411433
-14.2802 21.8768 -10.9592 -0.36911 0.833143 -0.411863
-14.4996 21.5942 -11.3361 -0.364471 0.834841 -0.412554
-14.7643 21.2853 -11.7307 -0.359293 0.837055 -0.412607
-15.0796 20.9574 -12.1248 -0.356721 0.839119 -0.410645
-15.4488 20.6172 -12.5042 -0.353379 0.84204 -0.407544
-15.8025 20.292 -12.8706 -0.3507 0.84294 -0.407998
-16.1572 19.9919 -13.1876 -0.349834 0.844032 -0.40648
-16.5863 19.667 -13.4952 -0.347383 0.84479 -0.407006
-16.9655 19.3972 -13.733 -0.347286 0.846535 -0.403447
-17.4693 19.0487 -14.0318 -0.348722 0.847048 -0.401126
-17.9733 18.7004 -14.3297 -0.352082 0.847545 -0.397122
-18.3988 18.4008 -14.5901 -0.356705 0.846842 -0.394484
-18.8489 18.0882 -14.8533 -0.361461 0.846007 -0.391938
-19.2804 17.7854 -15.108 -0.36525 0.84488 -0.390859
-19.7386 17.4799 -15.3393 -0.368371 0.844061 -0.389695
-20.2523 17.1109 -15.6526 -0.372369 0.843344 -0.387444
-20.6463 16.8179 -15.9112 -0.373012 0.843018 -0.387534
-21.0739 16.5112 -16.1679 -0.372388 0.843579 -0.38691
-21.5298 16.1956 -16.4148 -0.377031 0.841426 -0.387095
-22.0423 15.845 -16.6789 -0.379244 0.842743 -0.382046
-22.4797 15.5348 -16.9239 -0.382622 0.841498 -0.381411
-22.9195 15.2074 -17.1985 -0.391847 0.838519 -0.378604
-23.4239 14.846 -17.4789 -0.391448 0.840121 -0.375453
-23.7992 14.5797 -17.6771 -0.396793 0.838728 -0.372946
-24.2281 14.2755 -17.9054 -0.398336 0.838549 -0.371705
-24.6669 13.9544 -18.1615 -0.396879 0.839731 -0.370593
-25.0435 13.6723 -18.3968 -0.400917 0.839819 -0.366019
-25.5194 13.3289 -18.6654 -0.401988 0.840452 -0.363382
-25.9245 13.0261 -18.9114 -0.406907 0.836618 -0.366738
-26.2982 12.7572 -19.108 -0.411104 0.835623 -0.364319
-26.6749 12.4837 -19.3116 -0.410221 0.836573 -0.363132
-27.0428 12.2042 -19.5352 -0.414153 0.834892 -0.362537
-27.4148 11.9204 -19.7635 -0.414524 0.834689 -0.36258
-27.7732 11.6456 -19.9882 -0.41401 0.837053 -0.357685
-28.1282 11.3766 -20.2071 -0.414165 0.837732 -0.35591
-14.8129 15.0717 -24.048 -0.280191 0.849208 -0.447592
-14.3323 15.196 -24.1112 -0.276591 0.85132 -0.445816
-13.8263 15.3235 -24.1759 -0.264961 0.852374 -0.450837
-13.3416 15.4399 -24.2354 -0.257241 0.85587 -0.44868
-5.2447 30.3583 -3.42156 -0.579702 0.756334 -0.303157
-4.82672 30.6275 -3.47893 -0.498237 0.811538 -0.30523
-4.2244 30.9623 -3.55041 -0.475861 0.817392 -0.324694
-3.71654 31.2224 -3.59959 -0.440935 0.850099 -0.287938
-3.21471 31.4412 -3.66175 -0.368692 0.874933 -0.313938
-2.7425 31.6172 -3.70883 -0.336094 0.861334 -0.380977
-2.27101 31.7808 -3.7332 -0.193259 0.853287 -0.484306
-1.7415 31.8867 -3.73619 -0.108186 0.828874 -0.548874
-1.10924 31.9496 -3.75562 -0.087413 0.86233 -0.498744
-0.56203 31.9602 -3.76046 -0.0183021 0.88365 -0.467789
-0.0597208 31.9657 -3.77727 0.0214264 0.903778 -0.427466
0.534911 31.934 -3.77844 0.0931741 0.892593 -0.441131
1.24629 31.8667 -3.76694 0.111099 0.863847 -0.491351
1.78908 31.7609 -3.75314 0.191553 0.854718 -0.482456
2.30364 31.6508 -3.74539 0.21612 0.837834 -0.501324
2.81466 31.5251 -3.7231 0.238218 0.827099 -0.509076
3.32014 31.3748 -3.6988 0.297051 0.825776 -0.479431
3.87311 31.1746 -3.67883 0.389127 0.821563 -0.41667
4.48222 30.8977 -3.65634 0.350569 0.857966 -0.375494
4.85464 30.7141 -3.62871 0.500419 0.802527 -0.324856
4.88633 30.2056 4.02439 0.475163 0.767798 0.429775
4.45063 30.4508 4.07951 0.460821 0.765455 0.449135
3.91071 30.7256 4.14737 0.439519 0.774111 0.455604
3.32044 30.9968 4.20766 0.365385 0.78094 0.506583
2.80974 31.2034 4.26539 0.325421 0.817794 0.474672
2.29161 31.3108 4.28813 0.210198 0.823982 0.526186
1.77775 31.402 4.30736 0.116967 0.868328 0.482002
1.25393 31.4633 4.31486 0.0880755 0.865095 0.493815
0.557268 31.5103 4.32387 0.0295586 0.878832 0.476214
0.0443618 31.5173 4.32217 -0.00634396 0.886494 0.462697
-0.504715 31.5021 4.31185 -0.0785811 0.870979 0.484996
-1.04831 31.4548 4.29923 -0.0893191 0.863882 0.495712
-1.54684 31.381 4.26433 -0.206606 0.850512 0.483677
-2.08634 31.2724 4.22897 -0.223472 0.861685 0.455586
-2.62843 31.1196 4.19928 -0.286844 0.83672 0.466497
-3.24441 30.9157 4.16818 -0.339691 0.810607 0.476996
-3.73349 30.7321 4.11724 -0.352791 0.811163 0.466426
-4.21076 30.534 4.05436 -0.401613 0.818346 0.411117
-4.67507 30.322 3.99056 -0.469094 0.770162 0.432205
-5.16456 30.0623 3.9211 -0.507355 0.75324 0.418593
-5.28953 29.9859 3.90075 -0.524645 0.752157 0.398758
-5.44638 29.889 3.87719 -0.524646 0.752156 0.398758
