-35.6534 5.31363 -32.5256 -0.407797 0.845307 -0.345192
-35.3747 5.2575 -32.9891 -0.40464 0.846985 -0.344794
-34.9459 5.24165 -33.5078 -0.3896 0.851 -0.352153
-34.5372 5.23267 -33.9781 -0.385884 0.852119 -0.353535
-34.1415 5.24331 -34.3854 -0.383893 0.853392 -0.352622
-33.7783 5.24373 -34.7769 -0.378943 0.855144 -0.353724
-33.409 5.2389 -35.1777 -0.372787 0.855122 -0.360267
-33.0047 5.24041 -35.5877 -0.361645 0.855115 -0.371366
-32.6213 5.24121 -35.9481 -0.359423 0.851377 -0.382043
-32.2468 5.24477 -36.2877 -0.35176 0.853367 -0.38472
-31.8669 5.2399 -36.6322 -0.338611 0.859598 -0.382662
-31.4717 5.24178 -36.9878 -0.341571 0.85706 -0.38571
-31.0029 5.23528 -37.4142 -0.339931 0.857439 -0.386322
-30.505 5.23038 -37.8495 -0.333804 0.85444 -0.39813
-30.106 5.23199 -38.1712 -0.328235 0.851187 -0.409564
-29.6254 5.22649 -38.5655 -0.335062 0.846135 -0.414474
-29.1676 5.23895 -38.9095 -0.335445 0.845735 -0.41498
-28.7542 5.2383 -39.241 -0.334654 0.842884 -0.421371
-28.3399 5.24701 -39.5451 -0.316702 0.848573 -0.423648
-27.8398 5.24745 -39.9007 -0.301188 0.852134 -0.427964
-27.4056 5.25098 -40.1942 -0.294976 0.850403 -0.435664
-26.8985 5.26961 -40.5011 -0.291597 0.850077 -0.438544
-26.3123 5.27712 -40.8645 -0.280278 0.851859 -0.44246
-25.8891 5.2765 -41.131 -0.272764 0.853423 -0.44415
-25.4069 5.27647 -41.427 -0.270929 0.855583 -0.441108
-24.9056 5.27337 -41.7342 -0.263958 0.858664 -0.439342
-24.3462 5.26965 -42.0602 -0.24947 0.857334 -0.45027
-23.899 5.27133 -42.3021 -0.245047 0.857124 -0.45309
-23.4375 5.27515 -42.5423 -0.241907 0.857337 -0.454372
-22.9655 5.27336 -42.7838 -0.228478 0.852992 -0.469257
-22.4754 5.26712 -43.0312 -0.224726 0.852539 -0.471885
-22.0014 5.26222 -43.2627 -0.218076 0.854595 -0.471285
-21.539 5.25319 -43.4917 -0.216102 0.85426 -0.4728
-21.0841 5.24241 -43.7139 -0.207956 0.854668 -0.475707
-20.5526 5.23513 -43.9518 -0.199245 0.852814 -0.48271
-19.9598 5.23618 -44.1904 -0.193167 0.854571 -0.482074
-19.3506 5.24276 -44.4185 -0.189636 0.853691 -0.485026
-18.8698 5.23632 -44.6156 -0.18614 0.852635 -0.488224
-18.3684 5.21887 -44.8324 -0.177703 0.851715 -0.492953
-17.8235 5.22264 -45.0187 -0.171536 0.852647 -0.493526
-17.2873 5.2361 -45.1815 -0.172438 0.852927 -0.492728
-16.6717 5.2548 -45.3609 -0.168092 0.853902 -0.492541
-16.1293 5.28083 -45.4905 -0.155777 0.854999 -0.494682
-15.575 5.30428 -45.6192 -0.146108 0.854129 -0.499115
-15.004 5.31648 -45.7626 -0.142443 0.854073 -0.500269
-14.4839 5.32322 -45.8982 -0.142261 0.85263 -0.502777
-13.9841 5.33342 -46.0104 -0.128974 0.850858 -0.509319
-13.4279 5.34415 -46.1242 -0.115857 0.853252 -0.508467
-12.9006 5.33634 -46.2537 -0.106455 0.853278 -0.510474
-12.3704 5.33233 -46.371 -0.106306 0.849314 -0.517065
-11.7142 5.33337 -46.497 -0.0951171 0.846858 -0.523245
-11.1822 5.32446 -46.6066 -0.0925668 0.846689 -0.523974
-10.5 5.3482 -46.6853 -0.0883726 0.846505 -0.524995
-10.2729 5.60129 -46.317 -0.0906353 0.844884 -0.527215
-10.2767 5.92266 -45.8027 -0.0908719 0.843479 -0.52942
-10.2767 6.26826 -45.252 -0.0935499 0.84334 -0.529172
-10.2704 6.53797 -44.8243 -0.0924902 0.844393 -0.527677
-10.2792 6.83522 -44.3466 -0.0939372 0.844148 -0.527817
-10.2552 7.1845 -43.7951 -0.0957001 0.842124 -0.530724
-10.2377 7.5067 -43.2876 -0.0985432 0.842637 -0.52938
-10.2633 7.85514 -42.7325 -0.10152 0.839064 -0.534476
-10.2791 8.20147 -42.1851 -0.105202 0.838867 -0.534074
-10.2579 8.53206 -41.6703 -0.109168 0.839151 -0.532831
-10.254 8.83095 -41.2001 -0.11043 0.839583 -0.531889
-10.2289 9.11314 -40.7597 -0.110459 0.839881 -0.531412
-10.2192 9.39864 -40.3111 -0.112057 0.838989 -0.532485
-10.2308 9.68095 -39.8634 -0.113896 0.838401 -0.533021
-10.2151 9.99838 -39.3676 -0.114915 0.8377 -0.533904
-10.1904 10.2764 -38.9369 -0.114697 0.837398 -0.534425
-10.1878 10.5672 -38.4837 -0.120414 0.836691 -0.534232
-10.1728 10.8514 -38.0378 -0.117431 0.840244 -0.52934
-10.1523 11.1246 -37.6134 -0.119733 0.837397 -0.53332
-10.164 11.4622 -37.0748 -0.127392 0.841365 -0.525138
-10.1771 11.7966 -36.5424 -0.137781 0.838218 -0.527632
-10.205 12.0736 -36.0889 -0.136666 0.842955 -0.520335
-10.226 12.4189 -35.5281 -0.144245 0.840536 -0.5222
-10.2225 12.707 -35.0579 -0.145987 0.846196 -0.512485
-10.2239 13.0124 -34.553 -0.15745 0.847132 -0.507499
-10.2179 13.3104 -34.052 -0.159663 0.850066 -0.501893
-10.2105 13.6041 -33.5411 -0.154049 0.857325 -0.491185
-10.2263 13.8687 -33.07 -0.152919 0.86093 -0.485196
-10.2292 14.1404 -32.59 -0.154773 0.858298 -0.489254
-10.2397 14.4268 -32.0839 -0.159203 0.857071 -0.489984
-10.229 14.6851 -31.6339 -0.162625 0.856815 -0.489307
-10.1973 15.0308 -31.0367 -0.168649 0.857617 -0.48585
-10.1714 15.346 -30.4881 -0.174464 0.855918 -0.486793
-10.152 15.6223 -30.0079 -0.1749 0.856892 -0.484919
-10.1528 15.8801 -29.5506 -0.189849 0.857363 -0.47842
-10.1595 16.2194 -28.9495 -0.194802 0.850827 -0.488001
-10.1778 16.5545 -28.3498 -0.205075 0.85262 -0.480608
-10.183 16.8829 -27.7679 -0.209071 0.849796 -0.483876
-10.1661 17.1568 -27.2922 -0.213301 0.849627 -0.482323
-10.1385 17.4746 -26.7461 -0.21974 0.847409 -0.483334
-10.1272 17.7519 -26.2671 -0.220756 0.845173 -0.486774
-10.1402 18.0102 -25.8109 -0.222636 0.84721 -0.482357
-10.1563 18.2549 -25.373 -0.22272 0.847907 -0.481091
-10.1519 18.5184 -24.9122 -0.224786 0.846772 -0.482127
-10.1498 18.7746 -24.4633 -0.228322 0.844938 -0.483682
-10.1611 19.1015 -23.8825 -0.221338 0.849528 -0.478865
-10.1536 19.3742 -23.3955 -0.232515 0.852204 -0.468706
-10.1605 19.655 -22.878 -0.242614 0.852802 -0.462457
-10.1777 19.9129 -22.3921 -0.2429 0.853873 -0.460326
-10.1666 20.2154 -21.8402 -0.244121 0.851775 -0.463557
-10.1596 20.5146 -21.2987 -0.246544 0.848872 -0.467578
-10.1579 20.7766 -20.828 -0.24961 0.846667 -0.469946
-10.1278 21.08 -20.2995 -0.251777 0.844454 -0.472764
-10.0902 21.3407 -19.851 -0.259238 0.843771 -0.469942
-10.0395 21.5976 -19.4137 -0.263195 0.845724 -0.464193
-9.97843 21.8698 -18.9553 -0.264137 0.843861 -0.467045
-9.9073 22.1405 -18.5081 -0.267634 0.842955 -0.466689
-9.81993 22.413 -18.0758 -0.275922 0.835629 -0.474965
-9.66536 22.7711 -17.5388 -0.278503 0.833402 -0.477365
-9.53829 23.0802 -17.0719 -0.283388 0.832288 -0.476428
-9.40157 23.3815 -16.6282 -0.284037 0.832163 -0.476264
-9.3922 23.656 -16.1598 -0.28604 0.826925 -0.484125
-9.07115 23.8966 -15.9395 -0.287502 0.825319 -0.485995
-8.88987 24.173 -15.578 -0.287067 0.822479 -0.491041
-8.78911 24.442 -15.1864 -0.287391 0.822378 -0.49102
-8.54575 24.7495 -14.814 -0.287472 0.821629 -0.492224
-8.36625 25.0423 -14.4326 -0.289545 0.818864 -0.495603
-8.50055 24.8957 -14.5969 -0.288538 0.82035 -0.49373
-8.75565 24.5968 -14.9467 -0.287466 0.822208 -0.491261
-9.03552 24.2547 -15.3559 -0.287127 0.822628 -0.490756
-9.25332 23.9717 -15.7045 -0.286106 0.82453 -0.488153
-9.47039 23.6657 -16.0972 -0.287089 0.826734 -0.483829
-9.76411 23.3851 -16.4051 -0.285167 0.831772 -0.476273
-10.0457 23.1067 -16.7235 -0.28367 0.832751 -0.475455
-10.4032 22.7801 -17.0837 -0.283081 0.833636 -0.474252
-10.7274 22.4904 -17.4012 -0.281127 0.8355 -0.472129
-11.0711 22.1866 -17.7363 -0.279513 0.837263 -0.469961
-11.5307 21.8287 -18.1089 -0.27923 0.843193 -0.459396
-11.9485 21.527 -18.4148 -0.276541 0.848223 -0.451688
-12.2957 21.2677 -18.6881 -0.277037 0.849955 -0.448137
-12.6537 21.0157 -18.942 -0.279219 0.847652 -0.451135
-13.1426 20.6655 -19.2948 -0.283607 0.850266 -0.443406
-13.5306 20.4125 -19.5314 -0.28729 0.85216 -0.437353
-13.9225 20.1623 -19.765 -0.284324 0.853397 -0.43689
-14.3096 19.9196 -19.9855 -0.288275 0.853393 -0.434302
-14.6972 19.6717 -20.2156 -0.288094 0.853399 -0.43441
-15.1363 19.4037 -20.4538 -0.290058 0.855788 -0.428361
-15.5731 19.122 -20.7206 -0.289366 0.855751 -0.428893
-15.9757 18.8734 -20.9419 -0.29484 0.855778 -0.425103
-16.3621 18.6327 -21.1586 -0.292787 0.856147 -0.425777
-16.7562 18.3877 -21.3794 -0.292262 0.854482 -0.429468
-17.2175 18.0903 -21.6547 -0.297401 0.850222 -0.434339
-17.6184 17.8209 -21.9096 -0.298025 0.852247 -0.42995
-17.9936 17.5713 -22.1389 -0.307405 0.851272 -0.425238
-18.4965 17.2383 -22.4404 -0.316387 0.851749 -0.41764
-18.884 16.9669 -22.6961 -0.321995 0.849887 -0.417141
-19.2895 16.6861 -22.9532 -0.328206 0.84968 -0.412704
-19.7162 16.3948 -23.213 -0.32987 0.851 -0.408638
-20.1079 16.1426 -23.4223 -0.330585 0.852445 -0.405033
-20.5443 15.8607 -23.6556 -0.336179 0.850248 -0.405045
-20.9747 15.5744 -23.89 -0.342184 0.843927 -0.413156
-21.4837 15.2336 -24.1603 -0.348015 0.841297 -0.413632
-21.8982 14.9512 -24.3805 -0.346259 0.845869 -0.405722
-22.3266 14.6513 -24.6409 -0.346402 0.846648 -0.403971
-22.8393 14.2974 -24.9545 -0.349596 0.850034 -0.39398
-23.2936 13.9999 -25.1923 -0.352399 0.851352 -0.388588
-23.6887 13.734 -25.4111 -0.359087 0.848241 -0.389287
-24.115 13.4334 -25.6727 -0.36167 0.848555 -0.386198
-24.5499 13.1234 -25.9529 -0.354825 0.853364 -0.381904
-24.9152 12.8685 -26.1875 -0.362806 0.853183 -0.374759
-25.4151 12.5183 -26.4987 -0.361774 0.852818 -0.376592
-25.8262 12.2397 -26.7324 -0.364253 0.85149 -0.377207
-26.2505 11.9549 -26.9631 -0.375474 0.85198 -0.364897
-26.6958 11.6465 -27.2255 -0.375923 0.852839 -0.362418
-27.156 11.3293 -27.4923 -0.373135 0.853271 -0.364279
-27.5885 11.042 -27.7203 -0.380113 0.852688 -0.358382
-27.9995 10.7728 -27.9263 -0.378407 0.853988 -0.357088
-28.3974 10.5061 -28.1418 -0.379211 0.853521 -0.357354
-28.7934 10.2386 -28.3583 -0.379845 0.851984 -0.360334
-29.3174 9.8603 -28.6895 -0.385394 0.846809 -0.366587
-29.771 9.51347 -29.0067 -0.388817 0.843988 -0.369466
-30.1366 9.24579 -29.2334 -0.387566 0.845323 -0.367722
-30.565 8.93881 -29.4871 -0.386403 0.846928 -0.365248
-30.9849 8.65274 -29.7069 -0.386152 0.848886 -0.360943
-31.4421 8.32904 -29.9792 -0.386049 0.849034 -0.360704
-31.9421 7.97869 -30.269 -0.386355 0.849562 -0.35913
-32.3864 7.66932 -30.5243 -0.385459 0.850221 -0.358533
-32.7665 7.40633 -30.7424 -0.382975 0.851937 -0.357118
-33.2432 7.07437 -31.0244 -0.383579 0.852055 -0.356183
-33.7375 6.72657 -31.3224 -0.385002 0.851369 -0.356293
-34.1147 6.45169 -31.5711 -0.389557 0.850754 -0.352765
-34.5259 6.15907 -31.8094 -0.404264 0.846416 -0.346627
-34.9573 5.85106 -32.0502 -0.413243 0.84082 -0.349645
-35.4789 5.46768 -32.3546 -0.413903 0.840122 -0.350542
-35.6272 5.33706 -32.4992 -0.407795 0.845309 -0.345191
-39.2697 5.76166 -26.7472 -0.443035 0.839401 -0.314843
-39.6579 5.47202 -26.9712 -0.44498 0.839052 -0.313024
-40.1238 5.13575 -27.2129 -0.442442 0.84085 -0.311793
-40.5348 4.8403 -27.4282 -0.441766 0.841898 -0.309919
-40.9201 4.56424 -27.6325 -0.440333 0.84336 -0.307977
-41.3951 4.21754 -27.9037 -0.438816 0.843978 -0.30845
-41.847 3.88486 -28.17 -0.440646 0.843704 -0.306585
-42.2908 3.56586 -28.4115 -0.439545 0.845101 -0.304308
-42.7273 3.24817 -28.661 -0.442021 0.843789 -0.304364
-43.1351 2.94444 -28.9092 -0.44515 0.843954 -0.299301
-43.5101 2.66469 -29.1403 -0.452403 0.84127 -0.295966
-43.8883 2.37595 -29.3902 -0.451553 0.843694 -0.290291
-44.2782 2.08418 -29.6294 -0.454771 0.842767 -0.287969
-44.3703 1.89077 -30.0521 -0.452221 0.844288 -0.28753
-44.1082 1.87081 -30.5205 -0.450378 0.844826 -0.288842
-43.7891 1.86192 -31.0337 -0.445148 0.845666 -0.294434
-43.5047 1.8532 -31.4844 -0.43515 0.851598 -0.292276
-43.2465 1.83101 -31.9306 -0.43102 0.85269 -0.295197
-42.9764 1.79996 -32.4168 -0.430164 0.853714 -0.293478
-42.7024 1.7779 -32.8788 -0.428753 0.853522 -0.296094
-42.348 1.75922 -33.4437 -0.426868 0.854044 -0.297308
-42.007 1.75541 -33.9377 -0.424094 0.853434 -0.302976
-41.646 1.76443 -34.4106 -0.42124 0.852392 -0.309813
-41.3199 1.77303 -34.8251 -0.415368 0.853867 -0.313658
-40.899 1.78129 -35.3495 -0.408979 0.8551 -0.318654
-40.5583 1.78714 -35.765 -0.401808 0.857563 -0.321131
-40.2473 1.78039 -36.1649 -0.39876 0.856495 -0.327729
-39.9257 1.75885 -36.6091 -0.396487 0.854191 -0.336382
-39.5873 1.73703 -37.0596 -0.391033 0.854769 -0.341242
-39.2509 1.72766 -37.4648 -0.384462 0.858326 -0.339777
-38.8232 1.73597 -37.9184 -0.374551 0.86086 -0.344429
-38.3806 1.74797 -38.3706 -0.373075 0.862145 -0.342813
-37.9753 1.7477 -38.809 -0.367829 0.86314 -0.345956
-37.5753 1.74703 -39.2257 -0.361667 0.863613 -0.351238
-37.1271 1.74264 -39.6905 -0.356791 0.863186 -0.357222
-36.7667 1.74028 -40.0546 -0.352583 0.863945 -0.359544
-36.376 1.74357 -40.4219 -0.341657 0.868514 -0.359101
-35.9551 1.74163 -40.8234 -0.33811 0.869082 -0.361078
-35.5556 1.74217 -41.1909 -0.332792 0.868227 -0.367985
-35.1614 1.73138 -41.5652 -0.32902 0.866269 -0.37593
-34.6727 1.73047 -41.9947 -0.328321 0.865861 -0.377478
-34.2706 1.74391 -42.3135 -0.328363 0.865321 -0.378677
-33.7529 1.76016 -42.7232 -0.328664 0.864459 -0.38038
-33.3432 1.77026 -43.046 -0.323378 0.864472 -0.384857
-32.9352 1.77394 -43.3631 -0.310444 0.861867 -0.400997
-32.5516 1.75126 -43.7022 -0.304059 0.862798 -0.403889
-32.1476 1.74876 -44.0085 -0.30028 0.863871 -0.40442
-31.6251 1.76499 -44.3582 -0.295798 0.863998 -0.407438
-31.1112 1.77271 -44.7113 -0.294967 0.863267 -0.40959
-30.6879 1.77646 -45.0016 -0.286709 0.861137 -0.419811
-30.1014 1.77554 -45.3965 -0.281614 0.858855 -0.427857
-29.6227 1.78036 -45.69 -0.271097 0.858403 -0.435487
-29.1621 1.76862 -45.9972 -0.266351 0.858389 -0.438436
-28.6526 1.75997 -46.3238 -0.266867 0.85779 -0.439294
-28.2002 1.75726 -46.5977 -0.255035 0.860087 -0.441823
-27.6675 1.77266 -46.8744 -0.254215 0.859825 -0.442804
-27.1405 1.77717 -47.1564 -0.242393 0.861737 -0.445706
-26.5881 1.75573 -47.4918 -0.236904 0.862227 -0.447706
-26.1307 1.73555 -47.7708 -0.235734 0.861731 -0.449277
-25.6808 1.73264 -48.0115 -0.233458 0.862133 -0.449693
-25.104 1.7388 -48.298 -0.231148 0.861839 -0.451447
-24.6188 1.74326 -48.5329 -0.219945 0.863876 -0.453148
-24.1514 1.74558 -48.7494 -0.212003 0.863886 -0.456897
-23.6118 1.73749 -49.0076 -0.204013 0.863867 -0.460557
-22.9058 1.72618 -49.34 -0.199767 0.863908 -0.462336
-22.2107 1.73175 -49.6268 -0.194553 0.861518 -0.468966
-21.5448 1.75302 -49.8551 -0.182319 0.86212 -0.472767
-20.9601 1.7493 -50.0784 -0.168798 0.860834 -0.480075
-20.395 1.73394 -50.3 -0.162894 0.860736 -0.482285
-19.8542 1.74035 -50.4705 -0.161753 0.860059 -0.483874
-19.1932 1.7377 -50.692 -0.156114 0.857313 -0.490524
-18.576 1.74087 -50.8756 -0.146346 0.85966 -0.489456
-18.0148 1.74695 -51.031 -0.143234 0.861873 -0.486477
-17.3185 1.7551 -51.2134 -0.134956 0.861794 -0.488976
-16.6238 1.77647 -51.3542 -0.121022 0.861661 -0.492843
-16.0418 1.77794 -51.4933 -0.12031 0.860163 -0.495626
-15.3915 1.77324 -51.6517 -0.111288 0.861402 -0.495574
-14.8692 1.7687 -51.7729 -0.105351 0.861066 -0.497452
-14.2554 1.7798 -51.8782 -0.100735 0.860452 -0.499474
-13.6488 1.75493 -52.0401 -0.0938417 0.862256 -0.497692
-13.1515 1.74929 -52.1405 -0.0844035 0.859937 -0.503374
-12.6419 1.75465 -52.2164 -0.0835427 0.860143 -0.503164
-12.0959 1.74922 -52.3141 -0.0816362 0.859341 -0.504845
-11.579 1.74686 -52.3995 -0.0787745 0.858037 -0.50751
-11.072 1.76927 -52.4385 -0.0746423 0.857857 -0.508435
-10.3772 1.77236 -52.5268 -0.0645656 0.856128 -0.512704
-9.79482 1.77037 -52.6034 -0.0669936 0.857987 -0.509283
-9.18359 1.78339 -52.6584 -0.0598644 0.856458 -0.512717
-8.65286 1.79754 -52.6938 -0.0576411 0.854424 -0.516369
-8.08522 1.79482 -52.7541 -0.0463919 0.852053 -0.521392
-7.50306 1.81261 -52.7749 -0.0443337 0.851803 -0.521983
-6.99228 1.83966 -52.7714 -0.0413406 0.850905 -0.523691
-6.4488 1.85907 -52.7821 -0.0427582 0.847506 -0.529061
-5.88654 1.85529 -52.8256 -0.0335114 0.844501 -0.534504
-5.33658 1.86118 -52.8477 -0.0282292 0.842617 -0.537766
-4.7957 1.862 -52.8723 -0.0245589 0.841565 -0.539595
-4.27682 1.8635 -52.8932 -0.0236339 0.840542 -0.541229
-3.67311 1.88661 -52.8798 -0.019634 0.841163 -0.540425
-3.50496 2.14568 -52.4838 -0.0214257 0.840393 -0.541553
-3.511 2.44086 -52.0245 -0.0253035 0.840248 -0.541599
-3.5052 2.71606 -51.6031 -0.0323241 0.835711 -0.548214
-3.4891 3.0476 -51.0992 -0.0346903 0.835849 -0.547862
-3.47562 3.34931 -50.6392 -0.0357361 0.836621 -0.546614
-3.4843 3.72899 -50.0584 -0.0388652 0.834857 -0.549093
-3.50614 4.085 -49.5143 -0.0416251 0.835172 -0.548411
-3.49725 4.47524 -48.9255 -0.0449755 0.831609 -0.553537
-3.47755 4.75276 -48.5101 -0.0459621 0.831271 -0.553963
-3.49043 5.06286 -48.0397 -0.0509661 0.832839 -0.55116
-3.48226 5.34563 -47.6108 -0.0550527 0.83356 -0.549677
-3.47113 5.7461 -47.0016 -0.0604515 0.834082 -0.548318
-3.45956 6.07582 -46.5027 -0.0608828 0.833023 -0.549879
-3.41947 6.41118 -45.9995 -0.0612184 0.832707 -0.550319
-3.4325 6.74448 -45.4948 -0.0608302 0.830844 -0.55317
-3.4613 7.03137 -45.0611 -0.0619463 0.830752 -0.553186
-3.47803 7.39239 -44.5199 -0.0630003 0.82858 -0.556315
-3.48156 7.74516 -43.9929 -0.0646921 0.829787 -0.554319
-3.47293 8.10065 -43.4626 -0.067032 0.829342 -0.554705
-3.4763 8.40351 -43.0085 -0.0728648 0.829691 -0.553447
-3.48162 8.79437 -42.4195 -0.0729237 0.831732 -0.550367
-3.50427 9.18374 -41.8305 -0.0792556 0.830712 -0.55103
-3.51593 9.45872 -41.4129 -0.077718 0.830433 -0.551665
-3.51916 9.7399 -40.9912 -0.077114 0.831769 -0.549729
-3.50335 10.0406 -40.5352 -0.0793405 0.832752 -0.547929
-3.47896 10.3432 -40.0808 -0.076936 0.834229 -0.546
-3.47613 10.6234 -39.6461 -0.0770472 0.837803 -0.540507
-3.47738 10.904 -39.2106 -0.0800493 0.836972 -0.541355
-3.46032 11.193 -38.7662 -0.0835401 0.836306 -0.541858
-3.44222 11.4746 -38.3353 -0.0825258 0.837244 -0.540566
-3.46005 11.7565 -37.8946 -0.0830074 0.838143 -0.539097
-3.47202 12.0411 -37.4523 -0.0847915 0.837017 -0.540567
-3.48545 12.3908 -36.9095 -0.0880368 0.836023 -0.541582
-3.46895 12.7277 -36.3939 -0.0896221 0.835505 -0.542124
-3.46919 13.0025 -35.9693 -0.0959633 0.836001 -0.540272
-3.46645 13.3465 -35.434 -0.094468 0.838386 -0.536829
-3.46291 13.6902 -34.8978 -0.0963711 0.838994 -0.535538
-3.48833 13.9623 -34.4676 -0.096979 0.838111 -0.536811
-3.49699 14.316 -33.9139 -0.100388 0.837294 -0.537453
-3.48561 14.5892 -33.4919 -0.103859 0.837091 -0.537115
-3.4702 14.9018 -33.0079 -0.102823 0.836814 -0.537745
-3.4593 15.1953 -32.5494 -0.103815 0.839713 -0.533013
-3.4631 15.4846 -32.0905 -0.109912 0.842038 -0.528096
-3.48032 15.8509 -31.5031 -0.116396 0.842417 -0.526103
-3.47322 16.129 -31.06 -0.117369 0.842182 -0.526264
-3.46669 16.4008 -30.6277 -0.125518 0.842507 -0.523854
-3.46067 16.6885 -30.1668 -0.127002 0.841223 -0.525559
-3.44147 17.0196 -29.6431 -0.129883 0.83987 -0.527019
-3.44616 17.2927 -29.2061 -0.129925 0.840956 -0.525273
-3.46487 17.5926 -28.7195 -0.133903 0.841984 -0.522621
-3.47746 17.9085 -28.2101 -0.136052 0.840527 -0.524401
-3.44923 18.2106 -27.7324 -0.135008 0.841334 -0.523384
-3.42915 18.4949 -27.2777 -0.13764 0.845073 -0.51663
-3.43202 18.7768 -26.8157 -0.139826 0.845174 -0.515878
-3.45724 19.1091 -26.2655 -0.147039 0.843315 -0.516914
-3.47143 19.4191 -25.7588 -0.152402 0.839701 -0.521219
-3.46535 19.7112 -25.2888 -0.155134 0.839069 -0.521438
-3.46826 20.0295 -24.7747 -0.155361 0.838404 -0.522433
-3.46556 20.3454 -24.2682 -0.160328 0.8388 -0.520298
-3.45651 20.6291 -23.815 -0.163905 0.837576 -0.521154
-3.46508 21.001 -23.2153 -0.163322 0.837331 -0.52173
-3.47006 21.2735 -22.7766 -0.166943 0.836183 -0.522424
-3.45639 21.6176 -22.2305 -0.168183 0.836464 -0.521577
-3.45348 21.9517 -21.6971 -0.178286 0.833701 -0.522644
-3.43637 22.2377 -21.246 -0.179262 0.834177 -0.52155
-3.39132 22.5443 -20.7728 -0.181205 0.832179 -0.524064
-3.3255 22.8312 -20.3394 -0.182424 0.83232 -0.523417
-3.23249 23.1326 -19.8932 -0.182754 0.831386 -0.524784
-3.1108 23.4282 -19.4674 -0.184226 0.830959 -0.524944
-2.96817 23.7107 -19.072 -0.186932 0.829742 -0.525909
-2.80216 24.0243 -18.636 -0.18863 0.829085 -0.526343
-2.60118 24.3362 -18.2165 -0.187812 0.829881 -0.52538
-2.36935 24.6714 -17.7716 -0.187219 0.828354 -0.527995
-2.04968 25.0396 -17.3075 -0.176216 0.828085 -0.532186
-1.75471 25.3352 -16.9445 -0.174593 0.830824 -0.528439
-1.46179 25.6081 -16.6121 -0.169526 0.829593 -0.532011
-1.13478 25.8986 -16.2601 -0.163221 0.831589 -0.530865
-0.774702 26.1489 -15.9818 -0.157443 0.828925 -0.536734
-0.389759 26.3921 -15.7202 -0.148794 0.82776 -0.540935
0.0548866 26.6467 -15.4414 -0.126916 0.826522 -0.548395
0.514529 26.884 -15.1773 -0.100066 0.837234 -0.537611
1.0027 27.0921 -14.9344 -0.0798419 0.841501 -0.5343
1.55475 27.2862 -14.6951 -0.0448325 0.847579 -0.528772
2.05186 27.4229 -14.5113 -0.0311867 0.843963 -0.535494
2.52916 27.5304 -14.3614 0.00347557 0.844686 -0.534998
3.11636 27.6217 -14.1799 0.0430332 0.859413 -0.509468
3.59664 27.6829 -14.0278 0.0565518 0.861125 -0.505145
4.08589 27.7489 -13.8552 0.0791218 0.857097 -0.508934
4.66269 27.803 -13.6571 0.10317 0.858724 -0.501911
5.14076 27.8351 -13.4854 0.141671 0.864361 -0.482504
5.79403 27.8591 -13.2213 0.175144 0.866987 -0.466476
6.2877 27.8716 -13.0019 0.191954 0.871295 -0.451526
6.7498 27.885 -12.7667 0.201776 0.872295 -0.445408
7.19501 27.9053 -12.5021 0.227521 0.874932 -0.427432
7.73733 27.9221 -12.1567 0.255825 0.875385 -0.410188
8.27132 27.9287 -11.7811 0.286902 0.87784 -0.383306
8.7407 27.9156 -11.4227 0.334177 0.869202 -0.364381
9.20245 27.8819 -11.0639 0.347341 0.869538 -0.35108
9.66484 27.8379 -10.6852 0.371625 0.866151 -0.334183
10.1053 27.7858 -10.2901 0.397912 0.863367 -0.310232
10.5569 27.7143 -9.88522 0.417479 0.862428 -0.286038
10.9829 27.6291 -9.47631 0.439575 0.864386 -0.243948
11.3885 27.5087 -9.10242 0.496783 0.839645 -0.219552
11.7923 27.3591 -8.74587 0.502183 0.845531 -0.181356
12.2451 27.165 -8.39245 0.500689 0.849572 -0.165946
12.6651 26.9648 -8.09376 0.520687 0.838662 -0.159786
13.0603 26.7623 -7.83362 0.53479 0.833572 -0.138368
13.5253 26.5034 -7.58888 0.535259 0.832787 -0.141296
13.9622 26.2506 -7.41667 0.538609 0.831696 -0.13484
14.4188 25.9804 -7.25196 0.542973 0.829491 -0.130862
14.9661 25.646 -7.09835 0.545186 0.828592 -0.12725
15.48 25.3272 -6.97054 0.54374 0.830804 -0.118754
15.9186 25.0504 -6.89035 0.543488 0.831679 -0.113682
16.4436 24.7101 -6.85833 0.545768 0.830767 -0.109378
16.9352 24.3836 -6.88309 0.548091 0.829845 -0.104657
17.363 24.1017 -6.89744 0.546758 0.830576 -0.105752
17.8201 23.7948 -6.93845 0.54651 0.830312 -0.109127
18.2563 23.4984 -7.0102 0.546348 0.829994 -0.112315
18.7961 23.1275 -7.13944 0.54357 0.832402 -0.10785
19.2127 22.8384 -7.27419 0.542828 0.832424 -0.111389
19.6499 22.5304 -7.43909 0.543838 0.830988 -0.117037
20.058 22.2384 -7.6189 0.54251 0.831758 -0.117733
20.5284 21.8973 -7.86917 0.540225 0.833296 -0.117367
20.926 21.6082 -8.09196 0.540036 0.833663 -0.11562
21.4065 21.2595 -8.36506 0.538427 0.83455 -0.116716
21.7882 20.9887 -8.55181 0.535351 0.836787 -0.114826
22.1721 20.7102 -8.78677 0.532952 0.837831 -0.11833
22.6023 20.4019 -9.02315 0.535078 0.835988 -0.121721
22.9755 20.1318 -9.23905 0.533962 0.836792 -0.121089
23.416 19.8132 -9.48739 0.535128 0.835393 -0.12552
23.8874 19.4669 -9.76724 0.536902 0.834108 -0.12649
24.3249 19.1449 -10.0323 0.537685 0.833643 -0.12623
24.6947 18.8689 -10.2706 0.539113 0.832185 -0.129711
25.0844 18.58 -10.5016 0.539832 0.83165 -0.130151
25.6179 18.1859 -10.8081 0.538166 0.832622 -0.130838
26.0144 17.8972 -11.0213 0.534529 0.834711 -0.132422
26.4284 17.5898 -11.28 0.536009 0.833283 -0.135401
26.9279 17.2207 -11.5644 0.539715 0.830508 -0.137685
27.3072 16.9385 -11.7744 0.540909 0.829502 -0.139085
27.6744 16.6607 -11.9948 0.542494 0.828184 -0.140754
28.0769 16.3541 -12.2436 0.542877 0.827688 -0.142186
28.4775 16.0515 -12.4704 0.541544 0.82774 -0.146886
28.9162 15.7233 -12.7031 0.542867 0.826199 -0.150568
29.4098 15.3461 -12.9974 0.541916 0.827084 -0.149188
29.8004 15.0498 -13.2108 0.541347 0.825976 -0.157134
30.2006 14.7383 -13.4761 0.53975 0.826615 -0.159301
30.5616 14.4598 -13.6815 0.545246 0.821636 -0.16618
31.012 14.1147 -13.9057 0.545052 0.821416 -0.167912
31.3778 13.8316 -14.1039 0.538905 0.824372 -0.17318
31.7634 13.5344 -14.3178 0.538169 0.824616 -0.174299
32.2014 13.2025 -14.5509 0.532738 0.827671 -0.176451
32.625 12.8715 -14.8175 0.529573 0.827916 -0.184679
33.0558 12.5293 -15.1138 0.531545 0.825552 -0.189538
33.436 12.2326 -15.3364 0.530967 0.82477 -0.194493
33.8193 11.9359 -15.5433 0.533733 0.822812 -0.195216
34.1855 11.6505 -15.7417 0.531697 0.822547 -0.201777
34.5848 11.3355 -15.9697 0.533756 0.820887 -0.2031
34.9679 11.0282 -16.2081 0.529458 0.823133 -0.205247
35.3907 10.6927 -16.468 0.52562 0.825849 -0.204196
35.8044 10.3768 -16.6847 0.52278 0.826936 -0.207069
36.2539 10.0266 -16.9518 0.520977 0.828223 -0.20647
36.6189 9.74679 -17.1477 0.522474 0.826228 -0.210627
37.094 9.38331 -17.3861 0.525814 0.825123 -0.206622
37.4815 9.08423 -17.5919 0.523326 0.82406 -0.216923
37.8461 8.79593 -17.8015 0.52709 0.821117 -0.21896
38.26 8.46612 -18.0407 0.524555 0.821861 -0.222229
38.7428 8.08441 -18.3188 0.519938 0.823974 -0.225231
39.1124 7.79359 -18.5326 0.518012 0.82477 -0.226756
39.4745 7.51008 -18.7376 0.517107 0.82542 -0.226454
39.8984 7.16501 -19.0256 0.516411 0.825208 -0.228803
40.259 6.87412 -19.2581 0.515221 0.825356 -0.230939
40.674 6.55323 -19.4749 0.516706 0.823446 -0.234419
41.1277 6.20325 -19.7081 0.510364 0.824537 -0.244267
41.5713 5.85867 -19.951 0.505979 0.827632 -0.242908
42.0152 5.51242 -20.2068 0.502743 0.828238 -0.247531
42.39 5.2216 -20.4223 0.499328 0.830184 -0.24792
42.9094 4.82258 -20.7189 0.494657 0.833065 -0.247621
43.3821 4.46017 -20.9899 0.495573 0.830852 -0.253164
43.762 4.16843 -21.2098 0.489429 0.832273 -0.260349
44.2644 3.77778 -21.513 0.488792 0.833008 -0.259183
44.7573 3.40102 -21.798 0.485669 0.833333 -0.263973
45.1474 3.09755 -22.0387 0.48593 0.833364 -0.263393
45.5853 2.7534 -22.324 0.483794 0.834529 -0.263637
45.9827 2.4491 -22.5655 0.477705 0.837442 -0.265487
46.363 2.16271 -22.7901 0.474125 0.840018 -0.26377
46.8565 1.89564 -22.7542 0.472631 0.841004 -0.26331
47.1868 1.8782 -22.2135 0.475374 0.840502 -0.259953
47.4791 1.87157 -21.6933 0.475866 0.84149 -0.255811
47.719 1.86998 -21.2433 0.476514 0.842971 -0.249667
47.9898 1.85036 -20.7867 0.476052 0.84433 -0.245926
48.3086 1.84433 -20.1813 0.476797 0.845478 -0.240482
48.5924 1.83805 -19.6138 0.481604 0.846038 -0.228629
48.8094 1.84579 -19.1226 0.482347 0.846676 -0.224675
49.0294 1.85758 -18.6021 0.482541 0.847719 -0.220269
49.2903 1.85138 -18.0431 0.483969 0.848432 -0.214327
49.5822 1.83906 -17.4239 0.482316 0.850876 -0.208271
49.85 1.83579 -16.8183 0.479287 0.85337 -0.204999
50.0634 1.8307 -16.3303 0.485429 0.85124 -0.199348
50.2775 1.81339 -15.8786 0.484124 0.853303 -0.193611
50.4823 1.80303 -15.3998 0.486657 0.853194 -0.187686
50.7109 1.79053 -14.8549 0.485218 0.855194 -0.182226
50.9507 1.78539 -14.2343 0.485984 0.855538 -0.178529
51.1469 1.78289 -13.6979 0.487208 0.856513 -0.170333
51.3769 1.77131 -13.0911 0.491189 0.855235 -0.16524
51.5611 1.75532 -12.6247 0.491439 0.855977 -0.160577
51.7631 1.74544 -12.0529 0.490635 0.856808 -0.158612
51.9722 1.74733 -11.3686 0.492331 0.857423 -0.149785
52.1254 1.75842 -10.7972 0.49385 0.85753 -0.144037
52.2744 1.76716 -10.2127 0.497625 0.856535 -0.136792
52.4067 1.77152 -9.6908 0.503766 0.854094 -0.129397
52.5352 1.77403 -9.1458 0.503023 0.855831 -0.120508
52.655 1.77153 -8.64603 0.505281 0.855355 -0.114276
52.771 1.77555 -8.08927 0.507451 0.854626 -0.110036
52.8671 1.78363 -7.52186 0.513762 0.85291 -0.0926984
52.9599 1.78197 -6.97405 0.510252 0.855965 -0.0834654
53.0534 1.77675 -6.40996 0.509649 0.857122 -0.0748333
53.1986 1.75465 -5.64676 0.509846 0.85765 -0.0668982
53.2815 1.74435 -5.11672 0.508268 0.859025 -0.0611046
53.328 1.75087 -4.60555 0.510171 0.858482 -0.0522299
53.3585 1.76279 -4.08578 0.510068 0.85879 -0.0480485
53.3934 1.77138 -3.5552 0.511209 0.858307 -0.0442736
53.4389 1.76973 -3.02014 0.509244 0.859834 -0.0365614
53.4712 1.76927 -2.49235 0.510179 0.85956 -0.029565
53.4912 1.77472 -1.97596 0.510682 0.859349 -0.0268506
53.5137 1.7766 -1.4562 0.510382 0.859634 -0.0231815
53.5407 1.77385 -0.939632 0.508576 0.860735 -0.0220197
53.5643 1.7716 -0.438882 0.510744 0.859553 -0.0175585
53.5803 1.7727 0.0639791 0.508933 0.860634 -0.017002
53.5811 1.78166 0.658934 0.515122 0.856965 -0.0161663
53.5638 1.79488 1.19939 0.508429 0.861084 0.00596138
53.5612 1.78529 1.85713 0.514494 0.857178 0.0232876
53.5603 1.7693 2.40045 0.516509 0.855785 0.0291809
53.5417 1.76141 2.92023 0.512761 0.857756 0.0364831
53.5124 1.75308 3.47891 0.511531 0.858049 0.0456932
53.4799 1.74489 3.98812 0.511232 0.858076 0.0484355
53.4288 1.73653 4.64082 0.509057 0.858839 0.0568661
53.3713 1.7283 5.2404 0.503651 0.861614 0.0627768
53.3054 1.72338 5.79864 0.502365 0.861563 0.0729898
53.2252 1.72323 6.32993 0.501145 0.861958 0.076694
53.1361 1.7298 6.82991 0.499802 0.862411 0.0802436
53.043 1.73564 7.32531 0.499827 0.861602 0.0883526
52.9499 1.73732 7.8195 0.499289 0.861534 0.0920233
52.854 1.73829 8.31368 0.500942 0.860149 0.0959187
52.7477 1.74217 8.81993 0.499498 0.860136 0.10321
52.6337 1.74523 9.32966 0.501044 0.85829 0.110767
52.4958 1.74344 9.95124 0.49243 0.86222 0.118696
52.3771 1.73891 10.4745 0.493071 0.861771 0.119287
52.2622 1.73386 10.9752 0.491468 0.862245 0.122394
52.0898 1.75322 11.5088 0.492039 0.86059 0.131435
51.9301 1.75993 12.0302 0.487392 0.860299 0.149205
51.7642 1.76036 12.5407 0.477721 0.863885 0.15964
51.5906 1.76191 13.0525 0.478025 0.863802 0.159168
51.424 1.76363 13.5359 0.477014 0.863587 0.163322
51.2111 1.75786 14.1839 0.478229 0.862252 0.16679
50.9792 1.7584 14.8479 0.477294 0.862451 0.168404
50.8044 1.7584 15.3286 0.473376 0.862728 0.17775
50.5977 1.75719 15.8685 0.47189 0.861098 0.189198
50.3944 1.75601 16.3651 0.471539 0.859866 0.195655
50.1855 1.75256 16.8745 0.469485 0.859897 0.200401
49.9742 1.75861 17.3498 0.472193 0.858908 0.19827
49.7193 1.76762 17.9139 0.47383 0.856784 0.20348
49.4706 1.76563 18.4975 0.475942 0.854481 0.208187
49.2212 1.76316 19.0649 0.476492 0.852505 0.21492
49.0138 1.75821 19.5323 0.474362 0.852129 0.221037
48.6691 1.80046 20.109 0.473772 0.852191 0.222057
48.4313 1.81269 20.5655 0.471925 0.852498 0.224797
48.2021 1.82039 21.0115 0.477458 0.84613 0.236852
47.9601 1.82749 21.4666 0.473175 0.846577 0.243747
47.7151 1.83536 21.9125 0.472891 0.845239 0.248888
47.4163 1.84052 22.462 0.472445 0.845046 0.250384
47.1634 1.85231 22.8993 0.473299 0.843889 0.252666
46.7501 2.07289 22.9398 0.47506 0.843489 0.250679
46.3489 2.35458 22.7508 0.475764 0.843694 0.248656
45.8936 2.6867 22.4929 0.475179 0.844297 0.247726
45.3746 3.06751 22.1888 0.474848 0.844811 0.246605
44.9717 3.37187 21.9298 0.478075 0.843574 0.244591
44.572 3.66144 21.7157 0.481403 0.842136 0.24302
44.1794 3.94903 21.5053 0.487494 0.838414 0.243736
43.7225 4.29773 21.2249 0.489201 0.837506 0.243443
43.2336 4.6736 20.914 0.488481 0.837738 0.244094
42.7864 5.01088 20.6516 0.490166 0.836373 0.245392
42.3741 5.32014 20.4239 0.493804 0.834876 0.243187
41.9244 5.66212 20.1695 0.495381 0.833142 0.24591
41.4762 6.00149 19.9222 0.49849 0.83107 0.246637
41.0573 6.32219 19.6843 0.49883 0.833476 0.237667
40.6245 6.65781 19.4237 0.50413 0.830018 0.238586
40.2457 6.95761 19.1753 0.50112 0.832201 0.237315
39.8423 7.26675 18.9472 0.503624 0.831182 0.235582
39.4454 7.56822 18.733 0.505152 0.830335 0.235294
39.074 7.85323 18.5266 0.504001 0.830634 0.236702
38.6954 8.1422 18.3155 0.502824 0.831489 0.236208
38.3016 8.45055 18.0666 0.504594 0.83178 0.231356
37.8646 8.78963 17.809 0.509039 0.828841 0.232161
37.4103 9.14091 17.5584 0.512056 0.826842 0.232659
36.9551 9.49765 17.2905 0.511891 0.827218 0.231686
36.5704 9.79213 17.0916 0.513472 0.826007 0.232503
36.0824 10.1708 16.8094 0.508691 0.830034 0.228639
35.7269 10.4528 16.5796 0.507085 0.832483 0.223121
35.3402 10.7497 16.353 0.511743 0.831582 0.215847
34.9585 11.0347 16.1536 0.507606 0.83351 0.218135
34.5272 11.3622 15.9171 0.513483 0.830382 0.216336
34.1375 11.6642 15.6831 0.514278 0.830069 0.215647
33.7098 11.9978 15.4114 0.5143 0.830996 0.211992
33.3155 12.2976 15.1858 0.51637 0.832804 0.199498
32.9353 12.582 14.9817 0.515776 0.832032 0.204189
32.5329 12.8773 14.7933 0.516978 0.831767 0.202229
32.1387 13.176 14.5671 0.518056 0.832144 0.197876
31.6862 13.5286 14.2675 0.519197 0.832739 0.192276
31.2745 13.8416 14.0178 0.519743 0.833249 0.188579
30.9051 14.1191 13.8046 0.517964 0.834212 0.18921
30.4647 14.4472 13.5603 0.511952 0.839747 0.180914
30.0158 14.7798 13.2907 0.515485 0.838473 0.176745
29.6295 15.0685 13.0486 0.519416 0.83707 0.171814
29.1466 15.4221 12.7853 0.522232 0.836016 0.168379
28.643 15.7882 12.5225 0.521352 0.836978 0.16629
28.2492 16.0762 12.3147 0.52461 0.835409 0.163938
27.8333 16.378 12.1015 0.526718 0.835038 0.158996
27.3992 16.6972 11.8622 0.524774 0.836033 0.16019
27.0299 16.9722 11.6321 0.528369 0.834929 0.15401
26.6467 17.2602 11.3803 0.525372 0.837046 0.152758
26.2197 17.5746 11.1069 0.52098 0.841387 0.143678
25.8577 17.8395 10.8732 0.521825 0.841936 0.13727
25.4804 18.1074 10.6672 0.522523 0.841695 0.136083
25.0809 18.3871 10.4718 0.523659 0.841319 0.134023
24.6996 18.6555 10.2716 0.522586 0.842087 0.13339
24.3336 18.919 10.0472 0.52414 0.841498 0.130991
23.9613 19.1871 9.81663 0.525291 0.840955 0.129863
23.5217 19.4972 9.58203 0.527022 0.840289 0.127129
23.1349 19.774 9.35582 0.527054 0.840325 0.12676
22.7487 20.0498 9.13586 0.528645 0.839414 0.126168
22.3262 20.3525 8.89414 0.530058 0.838569 0.125853
21.8937 20.6644 8.6448 0.53228 0.8371 0.126259
21.4128 21.0139 8.3567 0.532246 0.836987 0.127152
20.9815 21.3274 8.0995 0.533704 0.836096 0.126903
20.5818 21.614 7.8942 0.534243 0.835745 0.126946
20.1437 21.9283 7.6665 0.534367 0.835403 0.128663
19.657 22.2736 7.44188 0.534462 0.835761 0.125913
19.12 22.6513 7.21844 0.535041 0.835199 0.127174
18.7074 22.9352 7.0982 0.537437 0.833505 0.128181
18.1879 23.2921 6.95967 0.538552 0.832815 0.127987
17.7505 23.5819 6.91692 0.53993 0.831987 0.127564
17.1854 23.9566 6.86208 0.540649 0.831176 0.129761
16.697 24.2743 6.86022 0.539169 0.830779 0.138212
16.1861 24.5995 6.89632 0.537345 0.831828 0.138995
15.7032 24.9023 6.95223 0.533588 0.832715 0.147867
15.268 25.1692 7.02211 0.53225 0.832901 0.151589
14.8276 25.4284 7.14105 0.529441 0.833376 0.158564
14.3595 25.6917 7.30095 0.522808 0.835844 0.167441
13.9004 25.9392 7.50011 0.522878 0.834051 0.175945
13.4293 26.182 7.72878 0.514088 0.836529 0.189558
12.9911 26.3934 7.97556 0.513788 0.833647 0.202621
12.555 26.582 8.27016 0.507967 0.829391 0.232549
12.1424 26.7366 8.57814 0.481825 0.837981 0.256189
11.7496 26.8625 8.89214 0.47014 0.844133 0.257696
11.308 26.983 9.27699 0.449946 0.849731 0.274666
10.9339 27.0573 9.62664 0.426265 0.856825 0.290084
10.4595 27.1388 10.0732 0.416579 0.855033 0.308738
10.045 27.2022 10.432 0.39954 0.855448 0.329508
9.57631 27.2613 10.8299 0.394694 0.850792 0.346944
9.16159 27.2863 11.1831 0.350201 0.857089 0.377575
8.76045 27.2955 11.5157 0.340159 0.847184 0.40813
8.28767 27.3021 11.867 0.297573 0.848823 0.436978
7.85299 27.3011 12.1532 0.277077 0.852776 0.44272
7.3534 27.2921 12.4701 0.26319 0.84928 0.457663
6.91749 27.2762 12.7478 0.25735 0.84991 0.459809
6.43203 27.2706 13.0126 0.236837 0.840073 0.488043
5.88066 27.2619 13.2773 0.213527 0.851184 0.47947
5.32066 27.2358 13.5409 0.150347 0.864457 0.479562
4.70723 27.2096 13.7479 0.0932445 0.854784 0.510333
4.13297 27.1739 13.8975 0.0635199 0.863624 0.500119
3.58361 27.1293 14.0319 0.0414509 0.857841 0.512241
3.06686 27.0532 14.1793 0.00189372 0.854939 0.518726
2.5826 26.9718 14.3095 -0.0156394 0.856633 0.515639
1.98635 26.8655 14.4568 -0.031388 0.856067 0.51591
1.40945 26.7235 14.6411 -0.0544101 0.853901 0.517584
0.887612 26.5534 14.8603 -0.0742722 0.854858 0.513332
0.316759 26.2882 15.1903 -0.107139 0.84565 0.522874
-0.171427 26.0209 15.5108 -0.120479 0.844276 0.52209
-0.672302 25.7232 15.8618 -0.147162 0.838746 0.524259
-1.02086 25.4833 16.1478 -0.15062 0.839442 0.522158
-1.4006 25.2077 16.4729 -0.160392 0.83633 0.524234
-1.70086 24.9426 16.7938 -0.174269 0.833236 0.524731
-2.00163 24.6224 17.2037 -0.175376 0.832785 0.525084
-2.24495 24.3486 17.5534 -0.183938 0.832604 0.522435
-2.48118 24.0721 17.908 -0.198132 0.827981 0.524586
-2.71345 23.7209 18.3796 -0.199079 0.830614 0.520038
-2.86768 23.4319 18.7799 -0.195646 0.82957 0.523005
-3.03262 23.1111 19.2286 -0.203726 0.829926 0.519345
-3.17313 22.822 19.6336 -0.198311 0.830481 0.520551
-3.27582 22.534 20.0533 -0.198702 0.82945 0.522043
-3.349 22.1486 20.6404 -0.199049 0.831429 0.518753
-3.38653 21.8674 21.075 -0.193528 0.8318 0.520244
-3.40729 21.5921 21.5088 -0.191613 0.832647 0.519597
-3.42689 21.2451 22.0577 -0.187316 0.833153 0.52034
-3.44807 20.9383 22.5362 -0.187521 0.829666 0.525823
-3.4838 20.6444 22.9884 -0.183999 0.833426 0.521101
-3.46172 20.3658 23.4383 -0.17318 0.833088 0.525331
-3.45696 20.0388 23.9585 -0.168043 0.832345 0.528169
-3.46009 19.74 24.4284 -0.166892 0.831965 0.529131
-3.48026 19.417 24.9301 -0.164448 0.832181 0.529558
-3.47945 19.0941 25.4365 -0.160821 0.831861 0.531173
-3.48338 18.8145 25.874 -0.158474 0.83359 0.529163
-3.48064 18.524 26.3275 -0.152781 0.831835 0.533582
-3.46916 18.2107 26.8183 -0.150518 0.832096 0.533817
-3.47612 17.9148 27.2737 -0.147422 0.829351 0.538927
-3.47701 17.5892 27.7729 -0.144019 0.828821 0.540661
-3.47497 17.2538 28.2887 -0.142685 0.830151 0.538969
-3.48007 16.9177 28.8058 -0.137264 0.831437 0.538395
-3.4832 16.6156 29.2722 -0.136291 0.831735 0.538184
-3.48783 16.3011 29.7588 -0.1324 0.832682 0.53769
-3.46553 15.9976 30.2344 -0.128305 0.833545 0.537346
-3.45354 15.7041 30.6909 -0.126024 0.833036 0.538674
-3.46757 15.4225 31.1238 -0.12337 0.83266 0.539868
-3.45524 15.0794 31.6549 -0.117234 0.832852 0.540938
-3.46147 14.7467 32.164 -0.116728 0.831549 0.543047
-3.48636 14.423 32.6521 -0.113176 0.830421 0.54552
-3.49014 14.1336 33.0948 -0.109594 0.832228 0.54349
-3.48798 13.8511 33.5265 -0.108355 0.832637 0.543114
-3.48901 13.5679 33.9599 -0.103223 0.833629 0.542583
-3.48859 13.2406 34.4649 -0.0994814 0.834122 0.542532
-3.4906 12.9637 34.8897 -0.0954705 0.833712 0.543883
-3.49077 12.616 35.4209 -0.0948296 0.832235 0.546253
-3.49682 12.3326 35.8502 -0.0920904 0.830718 0.549024
-3.48662 12.0235 36.3201 -0.0898861 0.831538 0.548147
-3.47823 11.6928 36.8234 -0.0902859 0.831562 0.548044
-3.48504 11.3845 37.2869 -0.0851507 0.831257 0.549328
-3.49804 11.0924 37.7268 -0.0860998 0.830112 0.550907
-3.48117 10.801 38.1658 -0.079051 0.829458 0.552945
-3.47795 10.5105 38.6064 -0.0771149 0.832767 0.548219
-3.49118 10.1269 39.1877 -0.0720022 0.833845 0.547282
-3.47972 9.75169 39.762 -0.0714097 0.834907 0.545739
-3.49271 9.41749 40.2721 -0.0690235 0.835241 0.545534
-3.5036 9.14188 40.6924 -0.0683853 0.834601 0.546593
-3.50001 8.82585 41.1754 -0.0651277 0.834273 0.547491
-3.48148 8.54311 41.6069 -0.0603955 0.833535 0.549155
-3.45905 8.21534 42.1062 -0.0609177 0.833024 0.549872
-3.47334 7.91555 42.5595 -0.0565948 0.8345 0.548091
-3.47308 7.57096 43.0852 -0.0536739 0.834925 0.54774
-3.47474 7.19327 43.6615 -0.052904 0.835217 0.547369
-3.48801 6.80323 44.2558 -0.0518581 0.83551 0.547023
-3.49549 6.42385 44.8352 -0.0512213 0.836169 0.546075
-3.48686 6.13416 45.28 -0.050787 0.836395 0.545769
-3.47495 5.81376 45.7742 -0.0502047 0.838086 0.543222
-3.46543 5.52361 46.2232 -0.0463273 0.838691 0.542632
-3.45549 5.18794 46.7434 -0.0467824 0.838362 0.543103
-3.4836 4.90146 47.1835 -0.0451046 0.839227 0.541906
-3.49877 4.58843 47.6675 -0.0426452 0.839836 0.541162
-3.47659 4.22336 48.2357 -0.0417718 0.84001 0.54096
-3.46731 3.95171 48.6583 -0.0387606 0.84022 0.540859
-3.46802 3.67808 49.0834 -0.0388827 0.84023 0.540834
-3.47747 3.37147 49.5597 -0.0364758 0.841452 0.539099
-3.49713 3.07746 50.0179 -0.0362252 0.842302 0.537786
-3.47964 2.8028 50.4502 -0.0344105 0.843389 0.5362
-3.44959 2.51303 50.9071 -0.0306457 0.842749 0.537433
-3.43646 2.17067 51.4453 -0.0294571 0.843004 0.537099
-3.53827 1.87672 51.9015 -0.0287268 0.843424 0.53648
-4.046 1.85558 51.9076 -0.0292088 0.84377 0.53591
-4.55435 1.85632 51.8755 -0.0327622 0.844683 0.534263
-5.07885 1.84421 51.8614 -0.0359157 0.845063 0.533459
-5.60069 1.834 51.8423 -0.0360244 0.845206 0.533224
-6.28249 1.83813 51.786 -0.0430222 0.845636 0.532024
-6.96034 1.83744 51.7281 -0.0476758 0.846929 0.529565
-7.47287 1.82447 51.6987 -0.0514343 0.849301 0.525395
-8.09953 1.81457 51.6521 -0.0533649 0.850536 0.523202
-8.70476 1.8136 51.5908 -0.0561443 0.851458 0.521408
-9.3224 1.81984 51.5131 -0.0575025 0.851309 0.521504
-9.82654 1.82692 51.442 -0.0685091 0.852983 0.517423
-10.3651 1.8275 51.3682 -0.0768313 0.853919 0.514703
-10.8824 1.81657 51.3074 -0.0846149 0.853589 0.51403
-11.4901 1.79113 51.248 -0.0879316 0.853171 0.514167
-12.1323 1.77863 51.1577 -0.0894018 0.853105 0.514022
-12.6253 1.77744 51.0699 -0.0941297 0.855359 0.50941
-13.2025 1.77181 50.9653 -0.108105 0.858116 0.501946
-13.7208 1.76416 50.866 -0.109233 0.859414 0.499475
-14.2678 1.76236 50.7483 -0.111527 0.8601 0.497785
-14.768 1.75968 50.6396 -0.112805 0.860206 0.497314
-15.4333 1.75795 50.4857 -0.124003 0.861511 0.492363
-15.9916 1.77144 50.3164 -0.128703 0.863946 0.486859
-16.5779 1.76866 50.1593 -0.134356 0.864985 0.483476
-17.1762 1.75251 50.0218 -0.134338 0.865522 0.482519
-17.827 1.75279 49.8356 -0.139598 0.865279 0.48146
-18.3724 1.75097 49.6718 -0.150038 0.865437 0.478016
-18.8561 1.75804 49.4994 -0.157049 0.86647 0.473882
-19.3722 1.76149 49.3215 -0.163155 0.866372 0.471983
-19.8481 1.75424 49.1674 -0.169943 0.863706 0.474455
-20.3293 1.74405 49.0072 -0.18529 0.865815 0.464792
-20.8091 1.73604 48.8302 -0.191834 0.866183 0.461433
-21.2955 1.73101 48.6352 -0.196085 0.865841 0.460287
-21.776 1.72202 48.4433 -0.199942 0.86589 0.458539
-22.4449 1.7102 48.1733 -0.200839 0.866864 0.456301
-23.0885 1.69437 47.9164 -0.204284 0.868278 0.452063
-23.6364 1.68761 47.6772 -0.20708 0.869667 0.448104
-24.2104 1.69844 47.3831 -0.213745 0.871001 0.442347
-24.6978 1.69875 47.1418 -0.220609 0.870538 0.439882
-25.165 1.6967 46.9094 -0.224362 0.869744 0.439554
-25.6352 1.69928 46.6629 -0.226198 0.869877 0.438348
-26.0972 1.70712 46.408 -0.228528 0.868859 0.439158
-26.6557 1.71015 46.1019 -0.239392 0.867513 0.436019
-27.1242 1.71444 45.8269 -0.248349 0.868829 0.428321
-27.5716 1.71308 45.5631 -0.258743 0.865762 0.428379
-28.0567 1.70606 45.2822 -0.262215 0.864946 0.427916
-28.4903 1.71192 45.0018 -0.265481 0.866631 0.422457
-28.9241 1.72152 44.704 -0.272701 0.866376 0.418363
-29.4565 1.71788 44.3622 -0.273352 0.868462 0.413584
-29.9046 1.71038 44.0764 -0.283392 0.867698 0.408385
-30.3539 1.71155 43.7567 -0.291988 0.866759 0.404316
-30.7657 1.71232 43.4537 -0.298408 0.8655 0.402321
-31.1925 1.71198 43.1323 -0.302261 0.867094 0.395964
-31.7465 1.70408 42.7169 -0.303298 0.871079 0.386304
-32.2259 1.69592 42.3488 -0.312028 0.869921 0.381935
-32.704 1.69246 41.9638 -0.316589 0.867762 0.383093
-33.1285 1.68694 41.6157 -0.325412 0.868051 0.374945
-33.5596 1.67535 41.2632 -0.328126 0.869036 0.370284
-34.035 1.67497 40.8401 -0.331621 0.868708 0.367932
-34.4571 1.68107 40.4419 -0.334368 0.868592 0.365712
-34.8252 1.69385 40.0697 -0.340556 0.868118 0.361098
-35.1903 1.70712 39.6917 -0.342112 0.868282 0.359229
-35.5517 1.71278 39.328 -0.350714 0.865045 0.358743
-35.9022 1.7197 38.9692 -0.349408 0.865415 0.359125
-36.3685 1.72463 38.4993 -0.351788 0.865806 0.355843
-36.7747 1.71794 38.1015 -0.361043 0.86454 0.349584
-37.1333 1.7135 37.7417 -0.360212 0.866933 0.344476
-37.5683 1.70653 37.3029 -0.359029 0.868837 0.340909
-37.9196 1.70155 36.9446 -0.357346 0.870445 0.33857
-38.2734 1.70641 36.5537 -0.36647 0.868254 0.334405
-38.699 1.70883 36.0723 -0.374181 0.866961 0.329191
-39.0407 1.72227 35.6472 -0.375045 0.866527 0.329349
-39.3789 1.73509 35.2247 -0.37744 0.866331 0.327123
-39.7416 1.753 34.7556 -0.380238 0.865896 0.325028
-40.1739 1.76628 34.2131 -0.387246 0.862397 0.326055
-40.6156 1.76449 33.6906 -0.391923 0.860648 0.325088
-40.9554 1.76778 33.2716 -0.39341 0.859912 0.325238
-41.2722 1.77609 32.8609 -0.39804 0.859743 0.320009
-41.5949 1.78642 32.4275 -0.40676 0.8555 0.320417
-41.9155 1.79516 31.991 -0.411613 0.85529 0.314727
-42.2097 1.8017 31.5856 -0.415905 0.854278 0.311819
-42.5343 1.81916 31.1049 -0.416838 0.853645 0.31231
-42.8845 1.83893 30.5729 -0.42412 0.850745 0.310412
-43.1814 1.84459 30.1476 -0.431905 0.847615 0.308231
-43.5531 1.84604 29.626 -0.433922 0.845339 0.31163
-43.646 1.95635 29.1984 -0.434078 0.845201 0.311787
-43.204 2.2858 28.9169 -0.428111 0.848445 0.311199
-42.6842 2.65427 28.6256 -0.424115 0.846987 0.320498
-42.3114 2.92018 28.4225 -0.426412 0.84401 0.325297
-41.9056 3.21456 28.1935 -0.428521 0.841926 0.327919
-41.447 3.54536 27.9428 -0.427928 0.842271 0.327806
-41.0482 3.82478 27.7408 -0.422175 0.845507 0.326934
-40.6305 4.12549 27.5021 -0.419076 0.846317 0.32882
-40.207 4.44306 27.2251 -0.419207 0.845673 0.330308
-39.804 4.74454 26.9653 -0.419544 0.845007 0.331581
-39.3332 5.09501 26.6705 -0.42056 0.844136 0.332512
-38.9097 5.40616 26.4152 -0.419029 0.84484 0.332655
-38.529 5.68115 26.1953 -0.416583 0.845585 0.333834
-38.1332 5.96091 25.9773 -0.412442 0.847503 0.334113
-37.7488 6.23146 25.7665 -0.411484 0.846737 0.337219
-37.2427 6.58402 25.4978 -0.409779 0.846488 0.339912
-36.7986 6.88742 25.2788 -0.410512 0.845785 0.340774
-36.4168 7.1654 25.0515 -0.412031 0.844746 0.341517
-36.0236 7.45043 24.8232 -0.41305 0.843834 0.342539
-35.5916 7.77328 24.5528 -0.41348 0.842646 0.344936
-35.0559 8.15406 24.2655 -0.414339 0.842153 0.345111
-34.5052 8.54502 23.9718 -0.412067 0.842432 0.347145
-34.0826 8.84897 23.7388 -0.416732 0.840008 0.347441
-33.6572 9.17223 23.4647 -0.415381 0.841668 0.345041
-33.2768 9.46923 23.1987 -0.416232 0.84191 0.343419
-32.9049 9.74306 22.9709 -0.410129 0.845253 0.342552
-32.5059 10.0212 22.7643 -0.407671 0.844759 0.346679
-32.0271 10.3603 22.5019 -0.410505 0.8432 0.34713
-31.5725 10.6907 22.2379 -0.410979 0.842702 0.347779
-31.2117 10.9625 22.0114 -0.412002 0.840771 0.351224
-30.6491 11.3839 21.6655 -0.413283 0.838702 0.35465
-30.1929 11.7122 21.4214 -0.414017 0.838326 0.354682
-29.8061 11.9983 21.2009 -0.41665 0.835397 0.358485
-29.4305 12.2819 20.975 -0.41537 0.835796 0.359044
-29.0084 12.5903 20.7451 -0.414224 0.835356 0.361386
-28.5409 12.9349 20.489 -0.416804 0.83389 0.361797
-28.0487 13.314 20.1858 -0.417991 0.832579 0.36344
-27.6475 13.6114 19.9621 -0.415436 0.833676 0.363865
-27.2206 13.933 19.7113 -0.413007 0.83565 0.362097
-26.8229 14.2337 19.4695 -0.41117 0.836141 0.363053
-26.4082 14.5297 19.2533 -0.406712 0.836127 0.368064
-26.0197 14.8065 19.0573 -0.408828 0.834009 0.370525
-25.6276 15.1053 18.8167 -0.406185 0.833484 0.374589
-25.2278 15.4184 18.5537 -0.404078 0.833374 0.377105
-24.8164 15.7378 18.2872 -0.402365 0.834111 0.377308
-24.4297 16.0177 18.0789 -0.396345 0.835291 0.38105
-24.0251 16.3108 17.8545 -0.392559 0.838004 0.378993
-23.6415 16.5922 17.6327 -0.390313 0.835684 0.386375
-23.2631 16.8693 17.4132 -0.385812 0.838162 0.385517
-22.7081 17.2515 17.1362 -0.385419 0.836482 0.389552
-22.292 17.5501 16.9049 -0.377848 0.835163 0.399668
-21.9226 17.8309 16.6688 -0.379533 0.833694 0.401135
-21.4739 18.1557 16.417 -0.373917 0.834122 0.405495
-21.0627 18.4496 16.1928 -0.376133 0.832333 0.407119
-20.6538 18.7534 15.9486 -0.373768 0.832805 0.40833
-20.2146 19.0924 15.6574 -0.369578 0.834358 0.40896
-19.8377 19.3656 15.438 -0.367177 0.834855 0.410119
-19.4521 19.6468 15.2103 -0.365878 0.834824 0.411342
-19.0391 19.9471 14.9679 -0.364375 0.834929 0.412462
-18.6543 20.233 14.7286 -0.362965 0.834646 0.414273
-18.2465 20.5197 14.5078 -0.362631 0.835112 0.413627
-17.8316 20.8149 14.2752 -0.361215 0.834003 0.417088
-17.406 21.1199 14.0318 -0.358469 0.835772 0.415914
-17.0319 21.3939 13.8043 -0.356164 0.835586 0.418262
-16.6363 21.702 13.5263 -0.356675 0.835113 0.418771
-16.283 21.9724 13.2862 -0.355661 0.836662 0.416535
-15.9069 22.2686 13.0118 -0.35475 0.837021 0.416591
-15.5483 22.5818 12.6901 -0.355551 0.835943 0.418072
-15.2545 22.8631 12.3804 -0.357249 0.833859 0.420775
-14.9087 23.2236 11.9613 -0.360345 0.832281 0.421258
-14.6427 23.5288 11.5881 -0.36296 0.830254 0.423011
-14.3815 23.8511 11.1789 -0.366907 0.829038 0.421989
-14.1757 24.1285 10.8125 -0.371204 0.827831 0.420599
-13.9165 24.5101 10.2931 -0.374415 0.827214 0.418951
-13.7601 24.7976 9.86064 -0.379307 0.827358 0.414251
-13.6105 25.0863 9.41977 -0.38226 0.827148 0.411949
-13.5013 25.3512 8.98712 -0.38847 0.826236 0.407952
-13.4253 25.5971 8.55853 -0.393841 0.826209 0.402824
-13.3755 25.8374 8.1104 -0.399874 0.826191 0.396874
-13.3406 26.0757 7.64203 -0.404446 0.829544 0.385071
-13.3411 26.2978 7.1569 -0.412294 0.830877 0.373707
-13.3785 26.5227 6.60144 -0.414254 0.836717 0.358187
-13.4594 26.7194 6.03388 -0.421591 0.838884 0.344286
-13.5744 26.9031 5.42783 -0.423679 0.846286 0.322949
-13.6873 27.0465 4.89052 -0.421412 0.853879 0.305453
-13.8116 27.1605 4.36627 -0.456925 0.844096 0.280573
-13.9571 27.2558 3.79283 -0.455296 0.856736 0.242216
-14.084 27.3367 3.24378 -0.468927 0.85768 0.210935
-14.1956 27.4039 2.7065 -0.467669 0.861916 0.195924
-14.2621 27.4702 2.15376 -0.480073 0.866841 0.134574
-14.3373 27.5045 1.5721 -0.477701 0.871788 0.108565
-14.4167 27.5328 0.902784 -0.48413 0.87175 0.0753021
-14.4256 27.5668 0.364809 -0.484821 0.872738 0.0572503
-14.4219 27.5878 -0.206984 -0.480545 0.876717 0.021073
-14.3905 27.6077 -0.717459 -0.480795 0.876709 -0.0147668
-14.3286 27.6243 -1.33577 -0.482488 0.875157 -0.0361348
-14.2807 27.6199 -1.83598 -0.475203 0.876773 -0.0738272
-14.1982 27.6098 -2.396 -0.444493 0.890642 -0.0958277
-14.0906 27.5916 -2.92699 -0.445929 0.886871 -0.120516
-13.9496 27.5628 -3.55736 -0.448279 0.881051 -0.150812
-13.8167 27.535 -4.05463 -0.446129 0.875457 -0.185494
-13.6815 27.4874 -4.54891 -0.431404 0.871208 -0.234282
-13.5555 27.4045 -5.08006 -0.4173 0.874954 -0.245595
-13.4679 27.2849 -5.60898 -0.419725 0.862412 -0.282977
-13.4056 27.1377 -6.13658 -0.421664 0.857495 -0.294791
-13.3588 26.9763 -6.62909 -0.402206 0.853005 -0.332333
-13.3403 26.7886 -7.11029 -0.386085 0.847585 -0.363778
-13.3372 26.5794 -7.58058 -0.384838 0.841954 -0.37817
-13.353 26.3592 -8.05355 -0.384204 0.839899 -0.383324
-13.4159 26.1032 -8.54552 -0.38277 0.836976 -0.391076
-13.523 25.8251 -9.03053 -0.377698 0.837538 -0.394784
-13.6504 25.5219 -9.54423 -0.372207 0.834559 -0.406155
-13.8047 25.2428 -9.97834 -0.365777 0.836212 -0.408593
-14.0478 24.8394 -10.58 -0.36392 0.834801 -0.413118
-14.3257 24.4614 -11.098 -0.361678 0.83379 -0.417108
-14.5401 24.1781 -11.4757 -0.35956 0.833752 -0.419011
-14.8588 23.8253 -11.9061 -0.354167 0.835792 -0.419545
-15.1535 23.5321 -12.2414 -0.353873 0.835619 -0.420137
-15.4678 23.2477 -12.5457 -0.350302 0.838023 -0.418335
-15.8582 22.9031 -12.9066 -0.350343 0.837951 -0.418443
-16.3173 22.52 -13.2911 -0.351449 0.837383 -0.418655
-16.6608 22.2487 -13.5491 -0.349299 0.840135 -0.414925
-17.1011 21.9264 -13.8327 -0.350381 0.840777 -0.412703
-17.4923 21.6386 -14.087 -0.348928 0.840768 -0.413955
-17.8868 21.3485 -14.3454 -0.348125 0.843412 -0.409223
-18.2614 21.0824 -14.5723 -0.353469 0.842648 -0.406206
-18.6976 20.7849 -14.8135 -0.353672 0.844025 -0.403157
-19.1037 20.5012 -15.0515 -0.355394 0.844452 -0.400743
-19.5022 20.2176 -15.2944 -0.35788 0.843577 -0.400371
-19.9753 19.8945 -15.5522 -0.359274 0.843781 -0.398693
-20.4011 19.6017 -15.7842 -0.368681 0.841138 -0.395669
-20.8218 19.303 -16.0302 -0.367847 0.842839 -0.392824
-21.2562 18.9911 -16.2846 -0.377661 0.839619 -0.390399
-21.6794 18.6874 -16.526 -0.379776 0.838268 -0.39125
-22.1103 18.3762 -16.7774 -0.380344 0.839731 -0.387544
-22.4661 18.1107 -17.0074 -0.379222 0.842911 -0.381696
-22.9018 17.7901 -17.2822 -0.382639 0.843905 -0.376049
-23.3465 17.4771 -17.5268 -0.388144 0.841196 -0.376472
-23.8525 17.1232 -17.7925 -0.391804 0.840274 -0.374738
-24.3585 16.7688 -18.0581 -0.391999 0.840291 -0.374497
-24.8428 16.4249 -18.3214 -0.396171 0.840165 -0.370368
-25.3038 16.0957 -18.5778 -0.396956 0.841152 -0.367259
-25.7976 15.7286 -18.878 -0.402334 0.838906 -0.366556
-26.1694 15.4539 -19.0977 -0.40379 0.838545 -0.365782
-26.6325 15.1115 -19.3714 -0.406131 0.838188 -0.364004
-27.0377 14.8268 -19.5765 -0.4057 0.838928 -0.362777
-27.4555 14.5246 -19.8076 -0.407038 0.838594 -0.36205
-27.9046 14.1892 -20.0843 -0.404381 0.840714 -0.360105
-28.2911 13.9078 -20.3114 -0.408246 0.840377 -0.356508
-28.7077 13.5868 -20.5912 -0.404352 0.843761 -0.352939
-29.109 13.2855 -20.8388 -0.421221 0.833144 -0.358391
-29.552 12.9397 -21.1216 -0.421809 0.834162 -0.355302
-29.9845 12.6201 -21.3618 -0.425858 0.835595 -0.347025
-30.4515 12.2824 -21.6062 -0.424466 0.83734 -0.344513
-30.8726 11.9789 -21.8259 -0.42497 0.837761 -0.342866
-31.2995 11.658 -22.0823 -0.423067 0.839146 -0.341832
-31.7427 11.3351 -22.3284 -0.422289 0.841552 -0.336841
-32.189 11.0247 -22.5471 -0.421329 0.842748 -0.335046
-32.5753 10.7523 -22.749 -0.42079 0.844405 -0.331536
-32.9857 10.4518 -22.9877 -0.426794 0.84148 -0.331299
-33.4019 10.1341 -23.2593 -0.428555 0.841416 -0.329181
-33.8017 9.83313 -23.5115 -0.426654 0.842898 -0.327856
-34.2189 9.5308 -23.746 -0.426005 0.8432 -0.327922
-34.6205 9.23905 -23.9737 -0.430343 0.841381 -0.32693
-35.0738 8.90003 -24.2508 -0.429601 0.842357 -0.325389
-35.4488 8.6203 -24.4766 -0.432765 0.841635 -0.323057
-35.8897 8.28731 -24.7489 -0.434565 0.83948 -0.326232
-36.3113 7.97167 -24.9976 -0.436047 0.839223 -0.324909
-36.8116 7.59536 -25.301 -0.435452 0.839627 -0.324665
-37.2145 7.29991 -25.5258 -0.436838 0.839689 -0.322637
-37.6407 6.98121 -25.7797 -0.437823 0.840278 -0.319756
-38.0349 6.68398 -26.0207 -0.439123 0.839633 -0.319669
-38.4444 6.38222 -26.2511 -0.440538 0.839482 -0.318114
-38.8142 6.10757 -26.4645 -0.441628 0.840074 -0.315026
-39.125 5.87192 -26.6564 -0.442595 0.839595 -0.314945
-8.16591 25.3851 -13.9891 -0.294137 0.813261 -0.502085
-7.88917 25.7638 -13.5401 -0.296958 0.812009 -0.502452
-7.67587 26.1569 -13.0418 -0.301111 0.806026 -0.50956
-7.60958 26.4874 -12.557 -0.31936 0.797338 -0.512114
-7.50424 26.7774 -12.1624 -0.310807 0.806777 -0.502504
-7.37029 27.0948 -11.728 -0.320759 0.811443 -0.488542
-7.26397 27.4113 -11.2729 -0.332407 0.806787 -0.488467
-7.20312 27.6944 -10.8452 -0.333365 0.810284 -0.481961
-7.14811 27.9924 -10.3768 -0.333419 0.813554 -0.476397
-7.11891 28.2829 -9.9084 -0.344221 0.808011 -0.478153
-7.09983 28.5845 -9.41578 -0.346764 0.804034 -0.482994
-7.10278 28.8689 -8.93922 -0.348404 0.804444 -0.481128
-7.1278 29.1768 -8.40362 -0.370575 0.801388 -0.469373
-7.19969 29.4823 -7.82479 -0.394217 0.793054 -0.46439
-7.25717 29.7103 -7.3727 -0.429384 0.790163 -0.437346
-7.34786 29.9685 -6.82637 -0.456657 0.771489 -0.442893
-7.44072 30.2076 -6.28683 -0.478647 0.774045 -0.414429
-7.54636 30.4417 -5.71857 -0.491478 0.774028 -0.399161
-7.64255 30.6141 -5.2439 -0.496586 0.786065 -0.368109
-7.7474 30.7657 -4.7686 -0.512637 0.780913 -0.356899
-7.86671 30.9113 -4.24547 -0.522734 0.790638 -0.318802
-8.01841 31.042 -3.64516 -0.556478 0.785846 -0.266029
-8.16431 31.1154 -2.99998 -0.55649 0.807507 -0.195581
-8.27425 31.1644 -2.44092 -0.557285 0.812654 -0.170373
-8.40094 31.1841 -1.87613 -0.564833 0.812574 -0.14383
-8.50752 31.1902 -1.35768 -0.562427 0.819055 -0.113249
-8.57637 31.2073 -0.759641 -0.568878 0.819083 -0.0740308
-8.61684 31.1975 -0.160772 -0.603041 0.797672 -0.00779574
-8.63079 31.1679 0.385936 -0.59591 0.801857 0.0430629
-8.59979 31.1261 1.00495 -0.600128 0.794434 0.0933854
-8.56514 31.083 1.51945 -0.60783 0.787022 0.105539
-8.49793 31.0373 2.0409 -0.609063 0.774821 0.168923
-8.40093 30.9661 2.54955 -0.600185 0.760304 0.247835
-8.292 30.8731 3.076 -0.569891 0.772936 0.278915
-8.1477 30.7485 3.66844 -0.547528 0.769454 0.328867
-7.97328 30.5804 4.30291 -0.526186 0.772208 0.355842
-7.81114 30.4326 4.82362 -0.501211 0.773571 0.387722
-7.67393 30.2724 5.31482 -0.486049 0.778957 0.396055
-7.56704 30.0896 5.77578 -0.454761 0.782173 0.425887
-7.45014 29.8715 6.29653 -0.428937 0.783127 0.45025
-7.34581 29.6336 6.80456 -0.417041 0.780318 0.466027
-7.26393 29.3635 7.32383 -0.418509 0.773294 0.476306
-7.20606 29.1027 7.78636 -0.381807 0.775786 0.502374
-7.15699 28.7942 8.29929 -0.386278 0.775422 0.499476
-7.12914 28.5123 8.75907 -0.366919 0.787304 0.495503
-7.11024 28.177 9.31199 -0.352175 0.793386 0.496498
-7.10549 27.8854 9.78191 -0.342167 0.793637 0.503052
-7.11224 27.6017 10.2234 -0.324149 0.798787 0.506821
-7.1431 27.3159 10.6509 -0.325123 0.795753 0.510951
-7.19789 27.0032 11.1056 -0.325656 0.797274 0.508233
-7.27637 26.6891 11.553 -0.3175 0.803586 0.503417
-7.39457 26.3438 12.0323 -0.309344 0.805728 0.505082
-7.53425 26.027 12.4544 -0.307303 0.808417 0.502023
-7.65032 25.7412 12.8426 -0.306491 0.80782 0.503475
-7.82782 25.3838 13.3126 -0.302533 0.811091 0.500605
-7.76231 25.3355 13.4305 -0.300771 0.813263 0.498123
-7.47757 25.6183 13.1418 -0.297605 0.809751 0.505665
-7.16883 25.9059 12.8682 -0.29502 0.806783 0.511915
-6.82041 26.2775 12.4851 -0.303725 0.804638 0.510201
-6.48425 26.5755 12.215 -0.298919 0.802639 0.516128
-6.16573 26.8614 11.9505 -0.293749 0.804509 0.516213
-5.72551 27.2465 11.6016 -0.285428 0.803525 0.522377
-5.28585 27.6147 11.2781 -0.288605 0.801134 0.524301
-4.85845 27.9452 11.0108 -0.279722 0.794655 0.538776
-4.45084 28.2443 10.777 -0.270924 0.797859 0.538536
-4.0533 28.5375 10.5384 -0.244363 0.791771 0.559809
-3.61023 28.8612 10.2699 -0.229638 0.792845 0.564502
-3.13093 29.152 10.0581 -0.220413 0.786215 0.577294
-2.67237 29.3917 9.90039 -0.210409 0.784518 0.583302
-2.18787 29.6507 9.71027 -0.181143 0.780274 0.598518
-1.73392 29.8842 9.53584 -0.170416 0.780093 0.602008
-1.24514 30.1006 9.38168 -0.131505 0.777038 0.615278
-0.729278 30.2876 9.24092 -0.112728 0.777576 0.618602
-0.104934 30.4788 9.09029 -0.0752295 0.772863 0.630098
0.382576 30.5945 8.99002 -0.00751766 0.788159 0.615404
0.906407 30.6941 8.86798 0.0123809 0.79214 0.610213
1.521 30.7997 8.71054 0.0495276 0.784204 0.618524
2.0135 30.8586 8.58059 0.092458 0.796271 0.597833
2.50836 30.8948 8.43903 0.122363 0.795283 0.593728
3.00747 30.9242 8.25536 0.209709 0.795748 0.56804
3.53121 30.9496 8.01122 0.232655 0.794256 0.561275
3.96754 30.9791 7.76749 0.26938 0.799399 0.537025
4.54152 31.0093 7.42581 0.287714 0.803697 0.520631
5.009 31.0229 7.11304 0.324339 0.815978 0.478522
5.51884 31.0078 6.73586 0.380827 0.817971 0.431154
6.04973 30.9531 6.30326 0.447589 0.803567 0.392357
6.42996 30.8906 5.97741 0.46828 0.802249 0.370234
6.92205 30.7962 5.52375 0.494541 0.803691 0.330921
7.32216 30.6992 5.13905 0.522096 0.79336 0.313041
7.71127 30.5821 4.76977 0.521496 0.808507 0.272686
8.16249 30.4232 4.34212 0.540313 0.805282 0.244097
8.54638 30.2702 3.98551 0.547714 0.808519 0.215186
8.9442 30.1033 3.56602 0.557564 0.805614 0.200266
9.29596 29.9274 3.2288 0.58852 0.789571 0.173021
9.71605 29.6811 2.86525 0.592201 0.791858 0.148733
10.2348 29.3658 2.48635 0.585219 0.799877 0.133102
10.6294 29.1138 2.22659 0.590756 0.79987 0.104984
11.0493 28.8351 1.96212 0.589949 0.802391 0.0900851
11.4743 28.5551 1.71515 0.578008 0.812066 0.0802071
11.8717 28.2954 1.49229 0.570392 0.818234 0.0717323
12.2741 28.0352 1.27458 0.571468 0.818188 0.0631874
12.7043 27.7525 1.05814 0.565314 0.823275 0.0513596
13.1785 27.4345 0.821864 0.582496 0.811482 0.0466611
13.5661 27.1628 0.657884 0.589685 0.805886 0.0527283
14.0478 26.8141 0.540853 0.596062 0.802255 0.0331192
14.4982 26.4842 0.416777 0.594249 0.803627 0.0322573
15.0441 26.0918 0.303652 0.583972 0.811327 0.0269173
15.4596 25.7971 0.24519 0.578005 0.815649 0.0250543
15.6742 25.6509 0.0750871 0.575987 0.817045 0.0259965
15.2737 25.9394 -0.0617091 0.582002 0.812705 0.0279852
14.729 26.3346 -0.164294 0.58842 0.808509 0.00826256
14.2417 26.6895 -0.290128 0.585942 0.810326 0.00243551
13.8069 27.0126 -0.448718 0.597344 0.801832 -0.00898814
13.3603 27.3323 -0.618897 0.579148 0.815164 -0.00976488
12.9687 27.6111 -0.788017 0.590171 0.806861 -0.02595
12.5725 27.8927 -0.977727 0.586459 0.809427 -0.0298961
12.0743 28.2458 -1.19996 0.58599 0.810108 -0.0184604
11.6667 28.5425 -1.40323 0.597047 0.802034 -0.0166529
11.2258 28.8664 -1.66785 0.604635 0.79577 -0.034156
10.8657 29.1265 -1.91477 0.602061 0.797406 -0.0407753
10.4792 29.4007 -2.17607 0.59869 0.799101 -0.0548416
10.1218 29.6475 -2.4266 0.595254 0.800183 -0.0733506
9.75061 29.8984 -2.7129 0.59604 0.797644 -0.0919735
9.37481 30.1452 -2.99711 0.611725 0.78333 -0.110378
8.9766 30.3888 -3.3564 0.604148 0.78381 -0.143679
8.58414 30.6083 -3.74546 0.576308 0.7995 -0.169232
8.23327 30.7836 -4.07235 0.561819 0.800214 -0.209801
7.77867 30.9819 -4.49971 0.530543 0.814325 -0.23537
7.29991 31.1491 -4.95433 0.522841 0.810216 -0.264928
6.81631 31.2856 -5.44239 0.481472 0.82141 -0.305729
6.4049 31.3748 -5.84267 0.48287 0.816777 -0.315772
6.03988 31.4429 -6.18422 0.463735 0.816759 -0.343299
5.47821 31.5122 -6.64589 0.399419 0.830429 -0.388396
5.03082 31.5427 -6.98244 0.366812 0.819463 -0.440374
4.52257 31.5503 -7.33621 0.332991 0.812814 -0.477929
4.05251 31.556 -7.62803 0.292106 0.815712 -0.498664
3.53543 31.5384 -7.89784 0.230231 0.805688 -0.545329
2.98392 31.5056 -8.15339 0.209603 0.804157 -0.556235
2.48917 31.482 -8.34438 0.176331 0.796985 -0.577685
2.00184 31.4379 -8.50049 0.0838411 0.810897 -0.579151
1.34368 31.3291 -8.72653 0.0333301 0.812796 -0.581299
0.817287 31.222 -8.89178 -0.00291092 0.816943 -0.576464
0.213433 31.0887 -9.04709 -0.0453326 0.812892 -0.580648
-0.323236 30.9293 -9.18674 -0.0969898 0.796184 -0.597228
-0.821121 30.7595 -9.32991 -0.126139 0.793103 -0.595756
-1.38513 30.5473 -9.47819 -0.151238 0.789799 -0.594428
-1.86025 30.3295 -9.64403 -0.16765 0.794159 -0.584128
-2.289 30.1052 -9.81154 -0.209204 0.790447 -0.575697
-2.72194 29.8631 -9.98382 -0.250755 0.789557 -0.560108
-3.15745 29.5891 -10.1755 -0.250168 0.791319 -0.55788
-3.6084 29.2872 -10.3943 -0.27062 0.789876 -0.550327
-4.00848 29.0147 -10.5954 -0.271905 0.796963 -0.539359
-4.44758 28.718 -10.8183 -0.270182 0.804655 -0.528669
-4.86194 28.4212 -11.0546 -0.2763 0.804281 -0.526109
-5.23529 28.1372 -11.294 -0.276823 0.805616 -0.523764
-5.7034 27.7798 -11.5989 -0.277777 0.809115 -0.517855
-6.0887 27.4609 -11.8938 -0.276008 0.811683 -0.514772
-6.40637 27.1719 -12.1792 -0.278913 0.811513 -0.513462
-6.83377 26.7537 -12.5986 -0.294942 0.805091 -0.514624
-7.1349 26.4341 -12.9238 -0.300031 0.80356 -0.514074
-7.42578 26.119 -13.2492 -0.299991 0.806691 -0.509171
-7.7358 25.7979 -13.5764 -0.30188 0.809167 -0.5041
-8.039 25.4958 -13.8843 -0.297045 0.811542 -0.503155
-8.05289 25.4802 -13.9012 -0.295593 0.812403 -0.502617
15.9377 25.4693 -0.0253321 0.572487 0.819617 0.0216144
16.3474 25.1798 0.0790676 0.572809 0.81923 0.0274236
15.9985 25.4268 -0.0292426 0.573092 0.819308 0.017305
16.6623 24.9604 0.0379737 0.572959 0.819294 0.0217483
16.669 24.9565 0.00968312 0.572379 0.819742 0.0201361
16.9853 24.7378 -0.0476565 0.568502 0.822417 0.0208441
17.4844 24.3905 0.0880931 0.564094 0.825421 0.021841
17.0713 24.6767 0.0131366 0.568328 0.822511 0.0218859
17.5772 24.328 0.0515011 0.564306 0.825298 0.0210228
18.0613 23.9975 0.108249 0.560706 0.827755 0.0207696
17.693 24.2526 -0.0928684 0.561708 0.827041 0.0220882
17.6376 24.2902 -0.084095 0.564307 0.825297 0.0210193
18.1011 23.9707 0.105038 0.560566 0.827848 0.0208152
18.4356 23.7481 -0.0734101 0.560646 0.827879 0.0170488
18.9553 23.4002 -0.189215 0.558099 0.829615 0.0162797
19.4177 23.0903 -0.263566 0.558605 0.829283 0.0157872
19.8276 22.8182 -0.367048 0.553275 0.832853 0.0155454
20.3137 22.4999 -0.52817 0.550768 0.834477 0.0174033
20.7749 22.2028 -0.669684 0.543571 0.839151 0.0188578
21.3886 21.8055 -0.884926 0.541639 0.840568 0.00847001
21.8069 21.5333 -1.04412 0.547457 0.836825 -0.00384298
22.2034 21.2748 -1.21564 0.542899 0.839796 -0.0015181
22.6753 20.9676 -1.44333 0.541629 0.840526 -0.0124263
23.1154 20.6793 -1.68252 0.542309 0.840136 -0.00842854
23.6458 20.331 -1.97761 0.541616 0.840386 -0.0197525
24.1275 20.0092 -2.23554 0.548097 0.836019 -0.0257371
24.5335 19.7348 -2.44675 0.551279 0.833876 -0.0271117
24.9099 19.4775 -2.66501 0.551036 0.833818 -0.0332675
25.3532 19.1732 -2.94561 0.551037 0.833787 -0.0340196
25.7935 18.8715 -3.20381 0.551221 0.833639 -0.0346654
26.2242 18.5759 -3.46076 0.550735 0.833907 -0.035932
26.6152 18.3075 -3.7038 0.549546 0.834679 -0.0361991
27.0068 18.0398 -3.92808 0.549428 0.83474 -0.0365902
27.4968 17.7059 -4.18906 0.548873 0.835021 -0.0384486
27.8795 17.4454 -4.40065 0.546855 0.836403 -0.0371576
28.2723 17.1789 -4.63096 0.545614 0.837186 -0.0377388
28.6467 16.9239 -4.85254 0.545819 0.836604 -0.0466393
29.1335 16.5892 -5.15301 0.547305 0.834972 -0.0569439
29.5843 16.2737 -5.39462 0.549217 0.833568 -0.0593698
30.0073 15.9791 -5.6403 0.544057 0.83672 -0.0624664
30.4492 15.6721 -5.91242 0.540267 0.838845 -0.0667107
30.9102 15.3546 -6.17806 0.539469 0.839458 -0.0654516
31.3085 15.0812 -6.40846 0.538093 0.840382 -0.0649161
31.7036 14.8115 -6.62536 0.53789 0.840517 -0.0648537
32.1212 14.5255 -6.85459 0.535037 0.841705 -0.0725844
32.5782 14.2098 -7.10385 0.535754 0.840097 -0.0847571
32.9783 13.9346 -7.32048 0.540344 0.836194 -0.0925107
33.3762 13.6477 -7.54419 0.538182 0.836211 -0.105411
33.8507 13.3029 -7.81679 0.538814 0.834621 -0.114351
34.2612 13.0076 -8.04705 0.534057 0.837049 -0.118852
34.6478 12.7311 -8.26494 0.531041 0.83885 -0.119687
35.14 12.378 -8.56198 0.530522 0.839044 -0.120626
35.5886 12.0511 -8.84546 0.534979 0.835309 -0.126712
35.9965 11.7488 -9.10875 0.536236 0.833693 -0.131933
36.3803 11.4615 -9.34921 0.535326 0.833795 -0.134954
36.7791 11.1686 -9.58112 0.532078 0.835693 -0.136048
37.2336 10.8396 -9.82554 0.528474 0.83773 -0.137561
37.6962 10.508 -10.0689 0.527774 0.838153 -0.137672
38.0939 10.2226 -10.2817 0.527773 0.838154 -0.137671
38.4841 9.94177 -10.4944 0.52796 0.837805 -0.139072
38.8671 9.66631 -10.7003 0.527783 0.837917 -0.139072
39.3736 9.30009 -10.9636 0.529251 0.835919 -0.14536
39.7575 9.02716 -11.147 0.523335 0.838439 -0.152119
40.1988 8.7162 -11.3631 0.516347 0.842419 -0.153976
40.6656 8.38537 -11.6197 0.513157 0.844545 -0.153017
41.0338 8.12138 -11.8402 0.513353 0.844174 -0.154397
41.4068 7.85138 -12.0751 0.513917 0.84378 -0.154677
41.9438 7.4697 -12.3769 0.510622 0.84556 -0.155857
42.4297 7.12931 -12.632 0.505793 0.847864 -0.159062
42.8053 6.86454 -12.8417 0.505867 0.846908 -0.163845
43.2797 6.52841 -13.1127 0.506942 0.846286 -0.163739
43.7253 6.21692 -13.3442 0.506437 0.846452 -0.164441
44.1052 5.94508 -13.5657 0.506424 0.845543 -0.16909
44.4776 5.67971 -13.7904 0.506084 0.845172 -0.171882
44.9497 5.42292 -13.6717 0.502261 0.846927 -0.174467
45.1664 5.38742 -13.1869 0.504095 0.848657 -0.160214
45.3826 5.3672 -12.6118 0.504635 0.84848 -0.159455
45.5874 5.33721 -12.1225 0.504315 0.848668 -0.159463
45.7959 5.3134 -11.5828 0.504579 0.849019 -0.156738
46.0044 5.30534 -10.9449 0.504565 0.849791 -0.152542
46.2042 5.29078 -10.3639 0.504721 0.849878 -0.151538
46.3657 5.29374 -9.8079 0.504481 0.850116 -0.151004
46.5173 5.29105 -9.31334 0.50588 0.84965 -0.148929
46.6678 5.29327 -8.70986 0.518419 0.847578 -0.11337
46.788 5.28803 -8.17535 0.513814 0.8519 -0.1013
46.9054 5.27642 -7.6546 0.514129 0.852614 -0.093383
47.0392 5.2643 -7.02527 0.515362 0.852005 -0.092132
47.1526 5.26729 -6.33718 0.515175 0.853081 -0.0827467
47.2459 5.26844 -5.66796 0.516011 0.853843 -0.0684434
47.318 5.26344 -5.13834 0.514977 0.855072 -0.0604074
47.4041 5.25634 -4.51549 0.513688 0.855741 -0.0619078
47.4718 5.26179 -3.85724 0.511895 0.857137 -0.0572223
47.5253 5.26066 -3.35915 0.513346 0.857192 -0.0412137
47.5714 5.2585 -2.77602 0.517849 0.854883 -0.0317324
47.6112 5.25853 -2.10114 0.515442 0.856364 -0.0310012
47.636 5.26265 -1.57649 0.519747 0.853843 -0.0285439
47.6629 5.26418 -1.04169 0.519836 0.853776 -0.0289394
47.7081 5.25435 -0.428297 0.519795 0.85414 -0.0135084
47.7392 5.23712 0.206321 0.517823 0.855476 0.00443952
47.728 5.24038 0.777934 0.522066 0.852873 0.00738312
47.7239 5.2375 1.41611 0.527817 0.84931 0.00908054
47.7087 5.23688 2.0531 0.521946 0.852854 0.0145647
47.7032 5.22982 2.58957 0.521685 0.852964 0.0172713
47.6846 5.21776 3.1917 0.513415 0.857318 0.0374019
47.6664 5.19984 3.78949 0.520659 0.852415 0.0477155
47.6158 5.19577 4.31518 0.519766 0.852143 0.060653
47.5455 5.19507 4.88122 0.520878 0.850978 0.0672287
47.48 5.18869 5.43206 0.515361 0.853774 0.0739563
47.3865 5.18846 6.04851 0.512721 0.854625 0.0820585
47.2906 5.1955 6.57072 0.512508 0.854724 0.0823503
47.1748 5.20604 7.17113 0.512032 0.854574 0.0867481
47.0677 5.2114 7.71115 0.508883 0.854912 0.100813
46.8961 5.22584 8.40013 0.508349 0.85334 0.115729
46.7558 5.23598 8.9312 0.511896 0.850189 0.123051
46.6495 5.22958 9.42474 0.512574 0.8501 0.120824
46.5056 5.23888 9.96743 0.516719 0.84593 0.131926
46.3245 5.25204 10.582 0.514063 0.84687 0.136203
46.1698 5.26306 11.0694 0.50869 0.847659 0.150696
46.0007 5.27979 11.543 0.506997 0.848353 0.152484
45.8215 5.2985 12.0258 0.510917 0.8446 0.160048
45.5904 5.30824 12.684 0.505344 0.84622 0.168939
45.4073 5.31502 13.1884 0.504685 0.845736 0.173271
45.2071 5.32885 13.6991 0.503907 0.845713 0.175635
44.8671 5.47721 13.9648 0.506505 0.844412 0.174416
44.4447 5.77495 13.7479 0.505642 0.845134 0.173422
43.9771 6.10072 13.5216 0.50477 0.845929 0.172074
43.5775 6.38609 13.2858 0.507361 0.844519 0.171338
43.1471 6.69732 13.0322 0.509231 0.844079 0.16797
42.7752 6.96951 12.8116 0.517606 0.83973 0.164128
42.3649 7.26714 12.5907 0.522645 0.838413 0.154596
41.9867 7.54097 12.3889 0.522044 0.840389 0.145657
41.6109 7.81233 12.1825 0.526317 0.838648 0.140193
41.1868 8.11838 11.9344 0.524489 0.840224 0.137576
40.7894 8.4002 11.7234 0.524546 0.840618 0.134953
40.3776 8.69261 11.5061 0.526021 0.839789 0.134378
40.0008 8.96513 11.2837 0.528457 0.838044 0.135701
39.6281 9.23188 11.0697 0.520973 0.842383 0.137762
39.1467 9.57609 10.7992 0.525897 0.839224 0.138318
38.6982 9.89889 10.5275 0.521754 0.842055 0.136807
38.2521 10.2171 10.2422 0.520503 0.84455 0.125743
37.8653 10.4883 10.0174 0.518518 0.846043 0.123892
37.4364 10.7886 9.75859 0.51654 0.847497 0.122209
37.0035 11.0893 9.49733 0.514592 0.849048 0.119634
36.586 11.3753 9.26144 0.513776 0.84955 0.119581
36.2046 11.6359 9.05071 0.514033 0.849454 0.119158
35.8015 11.9115 8.83221 0.518205 0.846909 0.1192
35.3815 12.201 8.60753 0.522281 0.844458 0.118798
34.87 12.5549 8.33219 0.523162 0.845087 0.110137
34.4565 12.8434 8.10142 0.52559 0.844646 0.101606
34.0776 13.1043 7.88129 0.523574 0.845774 0.102647
33.6823 13.3756 7.6571 0.524905 0.845311 0.0996119
33.2951 13.6415 7.44061 0.52576 0.84534 0.0947393
32.8873 13.92 7.22217 0.527704 0.844066 0.0952953
32.4486 14.2201 6.9953 0.528713 0.84339 0.0956863
32.0292 14.5099 6.76204 0.530868 0.842091 0.0951946
31.635 14.787 6.52107 0.535023 0.839974 0.0905248
31.2429 15.0644 6.27079 0.538954 0.837677 0.0883718
30.729 15.4253 5.96244 0.534401 0.841428 0.0800927
30.3405 15.6915 5.74658 0.534243 0.841834 0.0768095
29.9601 15.9495 5.54317 0.528603 0.845457 0.076031
29.5613 16.2195 5.32987 0.532337 0.842795 0.0794651
29.086 16.5443 5.08441 0.532533 0.842402 0.0822092
28.7172 16.7984 4.86021 0.531921 0.842743 0.0827202
28.2855 17.0971 4.60122 0.536236 0.840213 0.0805756
27.804 17.425 4.34625 0.530113 0.84461 0.0749292
27.4051 17.6977 4.12449 0.534976 0.841979 0.0698001
26.899 18.0428 3.83435 0.537489 0.841066 0.0609382
26.497 18.3142 3.60261 0.534962 0.843227 0.0527692
25.9813 18.6626 3.30772 0.539986 0.839817 0.0558377
25.46 19.0196 3.00441 0.543009 0.837872 0.0557904
24.9915 19.3403 2.73252 0.540499 0.83941 0.0570235
24.5847 19.6206 2.49256 0.544748 0.836685 0.0565483
24.1113 19.9458 2.22679 0.545265 0.836542 0.0536963
23.6029 20.2957 1.93685 0.549535 0.834303 0.0441533
23.1959 20.5716 1.73001 0.548165 0.835555 0.0368554
22.7125 20.8968 1.4968 0.543673 0.838637 0.0332429
22.312 21.163 1.2797 0.541198 0.840339 0.0305257
21.8853 21.445 1.07568 0.540882 0.840624 0.0282364
21.4786 21.7139 0.890607 0.541966 0.839872 0.029807
20.9873 22.0346 0.680155 0.541961 0.840086 0.0229726
20.5497 22.3219 0.550113 0.544863 0.838247 0.0216043
20.104 22.618 0.426452 0.549296 0.835385 0.0194598
19.643 22.9278 0.301272 0.556469 0.830646 0.0191694
19.2039 23.2249 0.204642 0.558467 0.829342 0.017509
18.7121 23.5575 0.133991 0.558725 0.829188 0.0165158
18.2719 23.8558 0.0762037 0.560566 0.827848 0.0208152
-8.92261 23.7112 15.4311 -0.294345 0.821378 0.488558
-9.09444 23.3626 15.9161 -0.296471 0.823742 0.483273
-8.95218 23.6466 15.5218 -0.291391 0.821695 0.489804
-8.95163 23.6477 15.5204 -0.29139 0.821695 0.489805
-9.293 23.1883 16.0931 -0.290659 0.827843 0.479785
-9.68586 22.9245 16.3145 -0.283909 0.832431 0.475871
-10.0553 22.5539 16.7475 -0.286026 0.835063 0.469956
-10.4045 22.2268 17.1197 -0.281649 0.838708 0.466092
-10.7234 21.948 17.4269 -0.28394 0.83694 0.467877
-11.0832 21.6556 17.7363 -0.284027 0.839901 0.462488
-11.4683 21.3557 18.0389 -0.290138 0.835813 0.466087
-11.81 21.0768 18.3286 -0.29907 0.836165 0.459764
-12.2551 20.7246 18.6784 -0.300839 0.837746 0.455718
-12.6607 20.4249 18.9592 -0.304307 0.836457 0.455782
-13.0893 20.1242 19.2254 -0.305414 0.83659 0.454794
-13.5426 19.8088 19.4999 -0.308041 0.836596 0.45301
-13.9928 19.5083 19.7484 -0.309483 0.836448 0.452299
-14.36 19.2469 19.981 -0.309496 0.836986 0.451295
-14.7987 18.9435 20.244 -0.30873 0.838642 0.448737
-15.2394 18.6559 20.4788 -0.308547 0.839577 0.447113
-15.626 18.3921 20.709 -0.311701 0.839651 0.44478
-16.0939 18.074 20.9824 -0.313653 0.841014 0.440805
-16.4894 17.8004 21.2203 -0.317137 0.839655 0.440912
-16.8832 17.5168 21.475 -0.320318 0.83877 0.440296
-17.2628 17.2515 21.7055 -0.321472 0.839809 0.437467
-17.6399 16.9977 21.9188 -0.31694 0.842668 0.435269
-18.0625 16.722 22.1482 -0.314689 0.844835 0.432692
-18.4862 16.4371 22.4005 -0.312976 0.847708 0.428296
-18.9085 16.1519 22.6566 -0.313737 0.84831 0.426538
-19.3385 15.8705 22.902 -0.313005 0.850091 0.423524
-19.8179 15.5624 23.1659 -0.315847 0.851306 0.41895
-20.2159 15.3053 23.388 -0.316578 0.85246 0.416028
-20.7048 14.9911 23.6468 -0.328047 0.848781 0.414675
-21.0892 14.7296 23.8702 -0.339121 0.844121 0.415266
-21.5242 14.4259 24.1287 -0.339779 0.84166 0.419712
-21.9153 14.1445 24.3716 -0.347626 0.840095 0.41641
-22.3007 13.8766 24.5893 -0.348968 0.839201 0.417089
-22.6916 13.5949 24.8284 -0.350061 0.838743 0.417094
-23.0924 13.3075 25.0702 -0.350719 0.838981 0.416062
-23.4881 13.0247 25.3078 -0.35073 0.839793 0.414411
-23.8891 12.7377 25.5503 -0.350282 0.840133 0.414101
-24.3003 12.4574 25.7718 -0.353899 0.840835 0.409575
-24.7061 12.1833 25.9877 -0.351709 0.843115 0.406766
-25.1491 11.8675 26.2579 -0.356594 0.845284 0.397913
-25.5325 11.5941 26.4936 -0.360492 0.843325 0.398557
-25.9572 11.3008 26.734 -0.359952 0.848126 0.388738
-26.3558 11.0195 26.9705 -0.368921 0.84318 0.391081
-26.7237 10.7487 27.2107 -0.367898 0.846503 0.384816
-27.1225 10.454 27.4728 -0.367316 0.843565 0.391761
-27.5355 10.1673 27.7064 -0.370072 0.847347 0.380854
-28.0046 9.84188 27.9687 -0.37395 0.844771 0.382784
-28.4149 9.55586 28.1999 -0.373016 0.845798 0.381425
-28.8627 9.24914 28.4437 -0.370724 0.84716 0.380635
-29.2652 8.96244 28.6883 -0.370315 0.84634 0.382851
-29.6537 8.69113 28.9141 -0.370192 0.84548 0.384849
-30.0711 8.38662 29.1758 -0.373407 0.844187 0.384597
-30.4891 8.08137 29.4315 -0.378998 0.838759 0.390951
-30.9026 7.79682 29.6443 -0.378076 0.838831 0.39169
-31.3149 7.51219 29.8586 -0.378116 0.841164 0.386614
-31.6967 7.23891 30.0895 -0.372894 0.846511 0.379959
-32.0826 6.95662 30.3448 -0.37045 0.849812 0.374948
-32.4697 6.68196 30.5855 -0.370333 0.850172 0.374248
-32.8665 6.40741 30.8167 -0.370287 0.850217 0.374191
-33.2398 6.15116 31.0295 -0.370276 0.850175 0.374297
-33.673 5.86029 31.2617 -0.370173 0.85044 0.373797
-34.0577 5.60535 31.4609 -0.370681 0.85033 0.373543
-34.5225 5.28392 31.7387 -0.370016 0.854381 0.364851
-34.3941 5.15685 32.1701 -0.366624 0.858086 0.359541
-33.9526 5.13848 32.6663 -0.366585 0.858716 0.358081
-33.6038 5.13406 33.0347 -0.366111 0.859448 0.356808
-33.2118 5.13568 33.433 -0.36542 0.859513 0.357357
-32.8451 5.13915 33.7984 -0.363202 0.85955 0.359517
-32.4866 5.14143 34.1503 -0.358679 0.857806 0.368098
-32.0365 5.13821 34.5843 -0.346224 0.860798 0.373037
-31.65 5.13248 34.954 -0.343083 0.861089 0.37526
-31.2718 5.12562 35.3155 -0.343033 0.861208 0.375033
-30.8489 5.11856 35.7184 -0.342697 0.861346 0.375021
-30.399 5.11193 36.1423 -0.338044 0.861719 0.378374
-29.8852 5.10647 36.608 -0.328628 0.860274 0.38968
-29.412 5.09835 37.0012 -0.307626 0.863122 0.400482
-28.9418 5.09383 37.3704 -0.300949 0.866329 0.398627
-28.4999 5.09114 37.7101 -0.301083 0.866499 0.398156
-27.9815 5.0863 38.1119 -0.300446 0.86677 0.398047
-27.5018 5.07858 38.4896 -0.299572 0.866658 0.398949
-27.0179 5.06361 38.8736 -0.287885 0.864861 0.411264
-26.5963 5.04202 39.2099 -0.28208 0.863929 0.417197
-26.1401 5.0452 39.5101 -0.2815 0.863277 0.41894
-25.6422 5.03912 39.8587 -0.276599 0.866382 0.415747
-25.1948 5.03625 40.1551 -0.265274 0.86823 0.419272
-24.6319 5.04341 40.4876 -0.262613 0.863864 0.429853
-24.1608 5.05013 40.7597 -0.260591 0.863385 0.43204
-23.652 5.06045 41.0458 -0.260311 0.863511 0.431957
-23.0718 5.07658 41.3633 -0.260101 0.863848 0.43141
-22.5284 5.09185 41.6586 -0.258992 0.863394 0.432982
-22.0399 5.09878 41.9203 -0.233475 0.864351 0.445407
-21.5852 5.09765 42.1565 -0.222742 0.861565 0.45617
-21.0963 5.09516 42.3944 -0.214028 0.861461 0.460518
-20.5713 5.09417 42.6366 -0.209355 0.862645 0.46045
-20.0303 5.10498 42.8613 -0.208268 0.862645 0.460942
-19.5316 5.12962 43.042 -0.20995 0.859938 0.465217
-19.0029 5.14454 43.2532 -0.208794 0.86051 0.46468
-18.5126 5.15298 43.4484 -0.198989 0.857129 0.475095
-17.9863 5.15866 43.6498 -0.190263 0.856661 0.479511
-17.4494 5.17519 43.83 -0.186646 0.854833 0.484173
-16.8336 5.20775 44.0123 -0.190292 0.854021 0.484187
-16.3524 5.23038 44.1562 -0.186792 0.852497 0.488219
-15.6962 5.24344 44.3658 -0.16444 0.853072 0.495196
-15.0485 5.26352 44.5388 -0.15584 0.851104 0.50133
-14.5042 5.28543 44.6683 -0.152784 0.851006 0.502439
-13.8457 5.29271 44.8464 -0.140444 0.852067 0.504239
-13.3126 5.30974 44.962 -0.132835 0.849987 0.50978
-12.7045 5.32172 45.1007 -0.132758 0.849663 0.51034
-12.18 5.33398 45.2136 -0.126646 0.84719 0.515974
-11.6353 5.344 45.3282 -0.122625 0.845182 0.520221
-10.9681 5.37332 45.4314 -0.115132 0.845085 0.522087
-10.438 5.42761 45.4602 -0.108858 0.847177 0.520001
-10.2692 5.68098 45.084 -0.107015 0.845693 0.52283
-10.2641 6.03751 44.5085 -0.107559 0.846071 0.522105
-10.2764 6.34798 44.0045 -0.108232 0.845953 0.522154
-10.2768 6.65738 43.5002 -0.107342 0.847906 0.519165
-10.2656 6.96839 42.9922 -0.110191 0.848828 0.517054
-10.2699 7.28534 42.4715 -0.11483 0.848635 0.516362
-10.2387 7.57351 42.0065 -0.114224 0.847492 0.518371
-10.2066 7.92313 41.4412 -0.117253 0.848221 0.5165
-10.1985 8.19248 41.0017 -0.120601 0.846894 0.517903
-10.2024 8.4693 40.5487 -0.127481 0.846867 0.516293
-10.2022 8.75092 40.0882 -0.132844 0.847868 0.513295
-10.2192 9.03031 39.621 -0.136147 0.850352 0.508296
-10.236 9.32048 39.1254 -0.140598 0.853086 0.502463
-10.234 9.59246 38.6656 -0.146867 0.851527 0.503318
-10.23 9.85295 38.2294 -0.146905 0.846526 0.511669
-10.2433 10.1478 37.7399 -0.150057 0.844956 0.513354
-10.2736 10.5167 37.1236 -0.152392 0.846089 0.510783
-10.2826 10.793 36.6596 -0.160883 0.847903 0.505151
-10.2561 11.0871 36.1793 -0.161669 0.845246 0.509336
-10.2192 11.3955 35.6778 -0.166657 0.844987 0.508156
-10.2086 11.7373 35.1135 -0.167266 0.844464 0.508825
-10.21 12.0062 34.6658 -0.167187 0.845378 0.507331
-10.2122 12.2686 34.2258 -0.167906 0.847251 0.503958
-10.193 12.5716 33.7191 -0.169297 0.849324 0.499984
-10.1689 12.85 33.2519 -0.170612 0.850291 0.497892
-10.162 13.1554 32.7429 -0.183112 0.844235 0.503723
-10.1513 13.4169 32.3142 -0.19255 0.837956 0.510636
-10.1552 13.6935 31.862 -0.19864 0.833811 0.515074
-10.1831 14.056 31.2713 -0.199534 0.827292 0.525142
-10.2085 14.3821 30.7501 -0.202098 0.824808 0.528061
-10.217 14.667 30.2985 -0.206542 0.82395 0.527677
-10.205 14.9846 29.8042 -0.221036 0.827535 0.516071
-10.2018 15.3488 29.2097 -0.222592 0.835413 0.502526
-10.2116 15.6635 28.6852 -0.228484 0.836072 0.498778
-10.213 15.9202 28.254 -0.229772 0.836558 0.497369
-10.2175 16.2313 27.7195 -0.231021 0.842619 0.486439
-10.2256 16.4868 27.27 -0.225129 0.846609 0.482249
-10.2262 16.7556 26.7965 -0.240821 0.842787 0.48136
-10.203 17.0103 26.3641 -0.233892 0.841779 0.486497
-10.1741 17.3148 25.8574 -0.237826 0.835537 0.495294
-10.1619 17.5782 25.4188 -0.242813 0.833231 0.496758
-10.1709 17.8544 24.9411 -0.237462 0.838647 0.490158
-10.1554 18.1369 24.4697 -0.233239 0.836759 0.495412
-10.1332 18.446 23.953 -0.227788 0.843153 0.487037
-10.1307 18.7049 23.5093 -0.224975 0.840021 0.493711
-10.1357 18.9888 23.0199 -0.225574 0.844441 0.485835
-10.1366 19.2593 22.5523 -0.231563 0.842015 0.487226
-10.1328 19.515 22.112 -0.240798 0.840699 0.485017
-10.1029 19.847 21.554 -0.251791 0.837086 0.485668
-10.0506 20.1652 21.0312 -0.255665 0.841657 0.475656
-10.0326 20.4747 20.4924 -0.262126 0.840908 0.473458
-9.99266 20.7333 20.0541 -0.260608 0.843975 0.468797
-9.97233 21.0114 19.5644 -0.263827 0.84163 0.471227
-9.93275 21.3189 19.0284 -0.267906 0.84446 0.463788
-9.85269 21.6392 18.5001 -0.272174 0.840672 0.468179
-9.76582 21.964 17.972 -0.276074 0.838285 0.470169
-9.64707 22.3053 17.4321 -0.276201 0.838172 0.470299
-9.47702 22.6612 16.9008 -0.27866 0.834941 0.474565
-9.33831 22.9362 16.5013 -0.283905 0.832766 0.475288
-9.26543 23.0909 16.278 -0.290664 0.828069 0.479392
-13.5764 15.2104 27.8005 -0.24897 0.842121 0.478378
-14.1813 15.0742 27.7246 -0.250743 0.842232 0.477256
-14.798 14.9331 27.6463 -0.254084 0.842054 0.4758
-15.3193 14.812 27.58 -0.256419 0.842627 0.473528
-15.8295 14.6926 27.5151 -0.257498 0.842562 0.473058
-16.3691 14.566 27.4468 -0.257559 0.842496 0.473142
-16.8668 14.4485 27.3831 -0.264491 0.843155 0.468118
-17.484 14.2956 27.3002 -0.277316 0.842893 0.461115
-17.9789 14.1664 27.2306 -0.299012 0.840838 0.451201
-18.4969 14.0209 27.1527 -0.306835 0.838768 0.4498
-19.0636 13.8567 27.0651 -0.310074 0.841583 0.442259
-19.5407 13.7174 26.9912 -0.313117 0.846703 0.430177
-19.7309 13.662 26.9619 -0.309871 0.847989 0.429993
-13.5389 12.347 32.8226 -0.215961 0.845104 0.48904
-14.1781 12.2231 32.7558 -0.215798 0.847817 0.484393
-14.7674 12.1068 32.6938 -0.217984 0.849013 0.48131
-15.3048 11.997 32.636 -0.226807 0.852147 0.471597
-15.9096 11.8701 32.5693 -0.232956 0.85267 0.467637
-16.483 11.7471 32.5054 -0.237814 0.85344 0.463773
-17.0254 11.6292 32.4446 -0.238101 0.85402 0.462556
-17.6067 11.5024 32.3794 -0.238254 0.853972 0.462566
-18.1266 11.3888 32.3212 -0.239604 0.853599 0.462556
-18.6639 11.2684 32.2598 -0.258624 0.849191 0.460422
-19.2442 11.1284 32.1883 -0.266815 0.85251 0.449485
-19.937 10.9491 32.0973 -0.285801 0.844322 0.453254
-20.4546 10.8102 32.0275 -0.288081 0.842454 0.455281
-20.9587 10.6742 31.9593 -0.28962 0.841928 0.455277
-21.7009 10.4696 31.8591 -0.293369 0.84302 0.450834
-22.2221 10.3207 31.7862 -0.318831 0.835995 0.446609
-22.734 10.1646 31.7096 -0.332192 0.835505 0.437699
-23.2231 10.0086 31.6334 -0.337689 0.835459 0.433561
-23.8351 9.81262 31.5373 -0.33478 0.83613 0.434521
-24.3763 9.64083 31.4541 -0.329625 0.840893 0.42924
-24.8864 9.48173 31.3769 -0.325312 0.843159 0.428083
-25.3769 9.3288 31.3033 -0.327947 0.846843 0.418697
-25.9032 9.1616 31.2233 -0.336299 0.845238 0.415302
-26.4613 8.9803 31.1372 -0.340269 0.84545 0.411621
-26.7465 8.88688 31.0933 -0.340803 0.845324 0.411438
-25.0544 6.85141 36.5414 -0.309044 0.849578 0.427445
-24.5516 6.99638 36.6067 -0.291684 0.851589 0.435564
-24.0523 7.13274 36.6681 -0.281555 0.851576 0.442205
-23.5537 7.26569 36.7284 -0.279569 0.851566 0.443482
-23.0514 7.39859 36.7893 -0.279133 0.851904 0.443108
-22.5436 7.53269 36.8512 -0.279025 0.852 0.442991
-22.0364 7.6666 36.9136 -0.279562 0.851771 0.443092
-21.5289 7.80006 36.9762 -0.277164 0.850604 0.446825
-21.0295 7.92909 37.037 -0.269569 0.84715 0.457897
-20.5288 8.05277 37.0953 -0.257115 0.85008 0.459626
-19.951 8.1842 37.1578 -0.237253 0.849315 0.471568
-19.3951 8.30559 37.2168 -0.230929 0.850981 0.471703
-18.8863 8.41646 37.2704 -0.240364 0.850949 0.467023
-18.2375 8.55825 37.3388 -0.233214 0.853693 0.465639
-17.6047 8.69488 37.4058 -0.230828 0.857203 0.460349
-17.0014 8.82053 37.4683 -0.221456 0.853598 0.471516
-16.4278 8.93558 37.5261 -0.225607 0.851522 0.473299
-15.8698 9.05053 37.5846 -0.227921 0.846804 0.480599
-15.3098 9.16765 37.6446 -0.229647 0.845471 0.482121
-14.7432 9.28407 37.7044 -0.216167 0.84969 0.480935
-14.162 9.38979 37.7578 -0.178126 0.851855 0.492559
-13.7543 9.45435 37.7893 -0.168163 0.852827 0.494376
-5.51298 32.8113 3.03613 -0.474825 0.832085 0.286664
-5.02903 33.0552 3.07934 -0.404528 0.857866 0.316897
-4.37892 33.3221 3.12636 -0.363739 0.879314 0.307409
-3.83848 33.504 3.15629 -0.302822 0.863831 0.402611
-3.32694 33.6555 3.18251 -0.238731 0.878065 0.414741
-2.7801 33.7989 3.21954 -0.259108 0.865278 0.429136
-2.13532 33.9691 3.26585 -0.246154 0.873253 0.420521
-1.64794 34.0913 3.294 -0.248305 0.864877 0.436272
-1.13087 34.1988 3.32036 -0.183212 0.902492 0.389796
-0.549882 34.2934 3.35043 -0.136161 0.899172 0.415873
-0.0417906 34.3559 3.37143 -0.133023 0.922324 0.362798
0.485918 34.3893 3.37923 0.00304642 0.914168 0.405324
1.05437 34.4001 3.38495 0.0138144 0.898762 0.438218
1.72104 34.3372 3.41158 0.175126 0.906335 0.384562
2.32488 34.2365 3.4031 0.17427 0.891032 0.419155
2.90618 34.0769 3.37671 0.296621 0.908566 0.29415
3.48595 33.8611 3.34139 0.363971 0.862989 0.350392
4.00542 33.6669 3.30015 0.366075 0.859402 0.356956
4.55837 33.3974 3.2362 0.484838 0.789376 0.376586
5.03424 33.1044 3.18016 0.528626 0.789512 0.311809
5.4449 32.8407 3.13553 0.555464 0.776792 0.296737
4.02009 33.3608 -4.17326 0.475952 0.817812 -0.323502
3.53811 33.5878 -4.20677 0.433358 0.838704 -0.329814
3.02447 33.8145 -4.25923 0.35825 0.8612 -0.360543
2.53495 33.9846 -4.29501 0.300932 0.880082 -0.36728
1.95304 34.1582 -4.34467 0.29483 0.900001 -0.321052
1.45591 34.2472 -4.36279 0.139073 0.931115 -0.337171
0.938021 34.3339 -4.3748 0.0766818 0.928296 -0.363851
0.414303 34.3454 -4.36764 -0.0670677 0.8747 -0.480001
-0.209203 34.2972 -4.33614 -0.0810997 0.904637 -0.418396
-0.801898 34.235 -4.32419 -0.168518 0.893897 -0.415392
-1.33591 34.1612 -4.30534 -0.100198 0.914381 -0.39226
-1.83573 34.0855 -4.29014 -0.198132 0.925992 -0.321375
-2.42796 33.9599 -4.24975 -0.267098 0.877308 -0.398735
-2.9424 33.7898 -4.19981 -0.380306 0.837221 -0.392975
-3.46467 33.5729 -4.1483 -0.39233 0.831183 -0.393971
-3.94652 33.3704 -4.10113 -0.382655 0.830934 -0.403885
-4.47467 33.1272 -4.03972 -0.434803 0.820639 -0.370806
-4.94338 32.8886 -3.98373 -0.452747 0.815097 -0.361437
-13.642 18.2091 -23.6631 -0.263645 0.850454 -0.455212
-13.9248 18.1414 -23.6254 -0.264321 0.85035 -0.455015
-13.4968 15.5087 -28.7974 -0.228058 0.866639 -0.443763
-14.0371 15.397 -28.7376 -0.22588 0.869712 -0.438838
-14.5279 15.2963 -28.6828 -0.227903 0.869448 -0.438315
-15.1619 15.1574 -28.6078 -0.252931 0.863759 -0.435827
-15.6834 15.035 -28.5422 -0.259926 0.862629 -0.433946
-16.266 14.8936 -28.4663 -0.266658 0.859318 -0.436424
-16.9261 14.7308 -28.3793 -0.270668 0.85781 -0.436923
-17.4601 14.598 -28.3082 -0.275101 0.859576 -0.430638
-17.9628 14.4698 -28.2401 -0.283737 0.85729 -0.429589
-18.648 14.2863 -28.1429 -0.292253 0.855435 -0.427574
-19.2696 14.1164 -28.0536 -0.296932 0.853486 -0.428244
-19.8091 13.9675 -27.9757 -0.297402 0.853047 -0.428792
-20.4249 13.7962 -27.8852 -0.304778 0.851239 -0.427204
-20.9206 13.6537 -27.811 -0.310114 0.850701 -0.424427
-21.0796 13.6076 -27.7871 -0.313026 0.850115 -0.423461
-28.1487 8.89632 -31.9853 -0.35527 0.850275 -0.388349
-27.5176 9.10903 -32.0841 -0.343834 0.852169 -0.394445
-27.0461 9.26573 -32.1568 -0.345706 0.849894 -0.397703
-26.5727 9.42324 -32.2302 -0.343474 0.850378 -0.3986
-26.0692 9.58657 -32.3064 -0.331619 0.852994 -0.403027
-25.4685 9.77443 -32.3953 -0.326021 0.851619 -0.410433
-24.953 9.9291 -32.4687 -0.314738 0.854401 -0.413447
-24.4714 10.0723 -32.5369 -0.312792 0.855447 -0.412762
-23.9946 10.2138 -32.6049 -0.312837 0.855464 -0.412691
-23.4274 10.3812 -32.6855 -0.309895 0.856044 -0.413708
-22.8299 10.5485 -32.7666 -0.293223 0.859273 -0.41913
-22.1604 10.7309 -32.8556 -0.288421 0.859651 -0.42168
-21.6785 10.8615 -32.9197 -0.290619 0.857673 -0.424191
-21.0515 11.0327 -33.0041 -0.291681 0.857125 -0.42457
-20.4073 11.2076 -33.091 -0.291246 0.855459 -0.428212
-19.8742 11.3485 -33.1615 -0.279899 0.855999 -0.434652
-19.2005 11.5253 -33.2502 -0.28254 0.848896 -0.446707
-18.6107 11.6833 -33.3309 -0.28397 0.844433 -0.454196
-18.0229 11.8332 -33.4075 -0.272993 0.845548 -0.458828
-17.4464 11.9754 -33.4799 -0.261221 0.849491 -0.458397
-16.93 12.0935 -33.5398 -0.249918 0.850781 -0.462291
-16.342 12.2231 -33.6075 -0.223492 0.851494 -0.474352
-15.742 12.3451 -33.6702 -0.219184 0.846548 -0.485093
-15.1894 12.452 -33.7259 -0.209284 0.849858 -0.483675
-14.5912 12.5602 -33.7823 -0.183752 0.853895 -0.486927
-13.9963 12.659 -33.8344 -0.180609 0.851705 -0.491914
-13.6576 12.7136 -33.863 -0.178079 0.852133 -0.492095
-13.5969 9.78794 -38.8118 -0.162211 0.842963 -0.512933
-14.0907 9.7142 -38.7747 -0.169378 0.844047 -0.508819
-14.6265 9.6294 -38.7321 -0.175794 0.844855 -0.505289
-15.3037 9.51674 -38.6767 -0.181983 0.845525 -0.501966
-15.8424 9.42451 -38.6313 -0.197628 0.849968 -0.488362
-16.3683 9.32596 -38.5842 -0.20518 0.843939 -0.495649
-16.9473 9.21492 -38.5309 -0.210617 0.841588 -0.497363
-17.507 9.10525 -38.478 -0.2116 0.842275 -0.49578
-18.1038 8.98579 -38.4211 -0.2163 0.845063 -0.488961
-18.6265 8.87859 -38.3708 -0.221886 0.844422 -0.487563
-19.1422 8.77062 -38.3201 -0.224977 0.844904 -0.485307
-19.6752 8.65466 -38.2655 -0.233865 0.846561 -0.478165
-20.2203 8.53258 -38.2082 -0.239371 0.848185 -0.472528
-20.8099 8.39565 -38.1456 -0.245981 0.849202 -0.467279
-21.4747 8.24249 -38.0736 -0.247217 0.848576 -0.467764
-22.0413 8.10872 -38.013 -0.254309 0.847585 -0.465753
-22.5698 7.98138 -37.9541 -0.261949 0.849124 -0.458663
-23.098 7.84715 -37.8914 -0.270205 0.849687 -0.452793
-23.6762 7.6983 -37.8247 -0.272847 0.850623 -0.449439
-24.189 7.56411 -37.7645 -0.278358 0.851074 -0.445184
-24.7043 7.42399 -37.7015 -0.291569 0.847879 -0.442819
-25.2832 7.26013 -37.6291 -0.296919 0.849846 -0.435431
-25.8639 7.09468 -37.5548 -0.299239 0.852741 -0.428122
-26.1237 7.02026 -37.5214 -0.301895 0.853184 -0.425367
34.1324 13.4496 -4.07386 0.535326 0.843195 -0.0494823
34.5596 13.1805 -4.06844 0.530054 0.846671 -0.0468054
34.9862 12.9132 -4.06152 0.53069 0.846041 -0.0508178
35.4314 12.634 -4.05475 0.531122 0.84567 -0.0524489
35.8598 12.3663 -4.04873 0.529221 0.847051 -0.0492938
36.2869 12.0991 -4.04224 0.527522 0.848063 -0.0500978
36.7764 11.7945 -4.03442 0.534703 0.84319 -0.0558918
37.2068 11.5259 -4.02728 0.523218 0.850191 -0.0584617
37.6744 11.2307 -4.01986 0.533414 0.843679 -0.060626
38.161 10.9302 -4.0126 0.526147 0.848253 -0.0602975
38.7282 10.5849 -4.00395 0.514143 0.855678 -0.0589289
39.2033 10.297 -3.99585 0.515609 0.855403 -0.0493311
39.6898 10.0019 -3.98674 0.516364 0.854248 -0.0602279
40.1775 9.70778 -3.97658 0.519751 0.852269 -0.0591307
40.6393 9.42633 -3.96632 0.52132 0.8513 -0.0592781
41.0998 9.14537 -3.95827 0.519915 0.852192 -0.0588014
41.5552 8.86666 -3.94847 0.521552 0.851172 -0.0590695
42.0059 8.58981 -3.93933 0.524452 0.849472 -0.0578468
42.4452 8.31905 -3.93122 0.524204 0.849678 -0.0570813
42.9282 8.02143 -3.92283 0.523829 0.849956 -0.0563754
43.3738 7.74771 -3.91475 0.52303 0.85044 -0.056501
43.9222 7.41202 -3.90176 0.520893 0.851668 -0.0577264
44.3969 7.12266 -3.89092 0.520211 0.852078 -0.0578277
44.5297 7.04182 -3.88783 0.519268 0.852627 -0.0581984
44.7276 7.01371 2.41291 0.509612 0.859902 0.0294011
44.265 7.28748 2.41777 0.507934 0.860954 0.0275998
43.8205 7.55006 2.42346 0.509515 0.860148 0.0232349
43.2185 7.90602 2.43104 0.508838 0.860553 0.0230757
42.7061 8.21117 2.4367 0.512545 0.858304 0.0247566
42.1306 8.55609 2.44367 0.515358 0.856618 0.0247443
41.6965 8.81753 2.44914 0.516579 0.855868 0.0252105
41.1268 9.16157 2.45626 0.515582 0.856299 0.0304619
40.691 9.42297 2.46133 0.513894 0.857304 0.0307026
40.1695 9.73533 2.4677 0.515577 0.856282 0.0310136
39.7187 10.0087 2.473 0.523137 0.851681 0.0311035
39.2336 10.3092 2.47831 0.528474 0.848475 0.0283913
38.7647 10.6014 2.48332 0.529144 0.848066 0.0281131
38.3247 10.8757 2.48792 0.528601 0.848406 0.0280811
37.8711 11.158 2.49256 0.528719 0.848348 0.0276191
37.439 11.4271 2.4968 0.528427 0.848554 0.0268536
36.8701 11.7834 2.5023 0.532436 0.846032 0.0272208
36.4445 12.0529 2.50635 0.536673 0.843429 0.0246807
35.9467 12.371 2.51114 0.53833 0.842364 0.0249786
35.4593 12.6819 2.51576 0.536316 0.843495 0.0296789
34.9545 13.001 2.52025 0.530927 0.84674 0.0338888
34.4327 13.329 2.52509 0.531742 0.845956 0.0401148
34.0049 13.595 2.52898 0.527823 0.848143 0.0453372
33.5749 13.8627 2.53312 0.528712 0.847532 0.0464085
33.105 14.1564 2.53653 0.529732 0.846849 0.0472342
32.6604 14.4351 2.53984 0.530874 0.846234 0.0453982
32.1294 14.7684 2.54543 0.532612 0.845147 0.0452918
31.5497 15.1316 2.5505 0.5311 0.846449 0.0381582
42.4815 7.80891 8.79708 0.505073 0.856706 0.104669
42.9526 7.53382 8.77724 0.504627 0.85691 0.105155
43.491 7.21919 8.75448 0.505636 0.856211 0.105999
43.7018 7.0958 8.74552 0.506146 0.855873 0.10629
43.7164 7.08723 8.74487 0.505459 0.856151 0.107316
