-39.565 6.05231 -36.0422 -0.389307 0.859884 -0.33021
-39.191 6.35319 -35.7001 -0.390165 0.859728 -0.329605
-38.6671 6.70222 -35.4117 -0.391737 0.858906 -0.329883
-38.2485 6.9837 -35.1769 -0.392585 0.858522 -0.329875
-37.7911 7.29609 -34.9082 -0.392659 0.858342 -0.330253
-37.3698 7.58812 -34.6505 -0.392394 0.858321 -0.330625
-36.8266 7.96978 -34.3095 -0.391337 0.855588 -0.338843
-36.4373 8.24294 -34.0745 -0.388935 0.854095 -0.345286
-36.0071 8.53804 -33.8333 -0.386141 0.853958 -0.348784
-35.5891 8.81671 -33.6102 -0.382768 0.855606 -0.348464
-35.1977 9.07637 -33.4008 -0.381669 0.856386 -0.347752
-34.8144 9.32945 -33.1984 -0.38208 0.856038 -0.348157
-34.3839 9.61429 -32.973 -0.383892 0.853274 -0.352917
-33.9004 9.94587 -32.7065 -0.384878 0.84935 -0.361204
-33.4363 10.2787 -32.4251 -0.382728 0.847089 -0.368726
-32.9806 10.6068 -32.1433 -0.380696 0.848689 -0.367142
-32.6176 10.8664 -31.9178 -0.378431 0.848476 -0.36997
-32.2216 11.1405 -31.6932 -0.376697 0.849221 -0.370031
-31.759 11.4442 -31.4655 -0.371411 0.850554 -0.372274
-31.302 11.7399 -31.2303 -0.359262 0.855204 -0.373555
-30.9142 12.0184 -30.9678 -0.356028 0.852814 -0.382036
-30.5475 12.291 -30.7021 -0.358297 0.852319 -0.38102
-30.1466 12.582 -30.4269 -0.359437 0.85275 -0.378975
-29.6992 12.8989 -30.14 -0.357552 0.85436 -0.377117
-29.2049 13.2368 -29.8458 -0.362755 0.853035 -0.375155
-28.7935 13.5127 -29.6155 -0.365277 0.850545 -0.378347
-28.3886 13.7823 -29.4013 -0.365998 0.849371 -0.380281
-27.9153 14.0975 -29.1545 -0.363745 0.848064 -0.385325
-27.4665 14.3993 -28.9095 -0.359411 0.850009 -0.385107
-27.0773 14.6644 -28.6895 -0.361312 0.849243 -0.38502
-26.682 14.9337 -28.4642 -0.359419 0.849938 -0.385257
-26.3066 15.1939 -28.2427 -0.361207 0.849096 -0.385442
-25.9409 15.4508 -28.0171 -0.359681 0.849217 -0.386596
-25.5254 15.7457 -27.7558 -0.355336 0.84966 -0.38962
-25.0917 16.0472 -27.4927 -0.353544 0.848078 -0.394677
-24.6891 16.3208 -27.2624 -0.349556 0.850381 -0.393273
-24.2199 16.6366 -27.0022 -0.352892 0.848518 -0.394312
-23.8298 16.8961 -26.7882 -0.351847 0.848086 -0.396172
-23.3242 17.229 -26.5219 -0.345711 0.851506 -0.394236
-22.9102 17.5003 -26.3031 -0.350235 0.848482 -0.396755
-22.506 17.7697 -26.0813 -0.344816 0.84976 -0.39876
-22.0964 18.0392 -25.8626 -0.344946 0.848557 -0.401202
-21.6885 18.3055 -25.6471 -0.334221 0.849542 -0.408135
-21.223 18.6203 -25.3748 -0.329978 0.848476 -0.413767
-20.757 18.9444 -25.0724 -0.324494 0.854157 -0.40635
-20.2797 19.2721 -24.7572 -0.319144 0.858015 -0.402439
-19.8974 19.5287 -24.5149 -0.322547 0.85749 -0.400843
-19.491 19.7996 -24.2649 -0.321768 0.8564 -0.403773
-19.02 20.1007 -23.9972 -0.321248 0.857354 -0.402168
-18.64 20.3493 -23.7718 -0.320401 0.856435 -0.404797
-18.1937 20.6386 -23.5104 -0.310268 0.856918 -0.411598
-17.7483 20.9273 -23.252 -0.316251 0.851902 -0.417431
-17.3585 21.1784 -23.0256 -0.299962 0.85748 -0.418032
-16.9823 21.427 -22.794 -0.292222 0.856409 -0.425639
-16.5313 21.7192 -22.5163 -0.291596 0.856119 -0.426645
-15.9833 22.0606 -22.2053 -0.289992 0.855632 -0.428716
-15.5553 22.3392 -21.9558 -0.30252 0.845982 -0.439085
-15.0487 22.6776 -21.6593 -0.305542 0.842602 -0.443471
-14.6485 22.9524 -21.4125 -0.301839 0.843875 -0.443583
-14.2424 23.2114 -21.194 -0.295941 0.846346 -0.442852
-13.7933 23.5133 -20.9164 -0.293943 0.847181 -0.442585
-13.4233 23.775 -20.6611 -0.292361 0.847633 -0.442766
-13.0616 24.0307 -20.4098 -0.289842 0.846882 -0.44585
-12.614 24.3233 -20.1478 -0.290782 0.84525 -0.448329
-12.2376 24.5718 -19.9187 -0.279315 0.845254 -0.455554
-11.8338 24.835 -19.6793 -0.278191 0.844121 -0.458321
-11.4639 25.089 -19.4278 -0.269814 0.847832 -0.456487
-11.1203 25.1745 -19.4714 -0.264212 0.846115 -0.462906
-11.1455 24.9138 -19.9346 -0.263054 0.847843 -0.460396
-11.1479 24.6239 -20.4698 -0.261247 0.850416 -0.456659
-11.1693 24.3643 -20.9408 -0.263295 0.849636 -0.456939
-11.1944 24.115 -21.3888 -0.2602 0.851059 -0.456045
-11.2226 23.8232 -21.9127 -0.249979 0.847703 -0.467873
-11.212 23.5755 -22.3662 -0.251894 0.847179 -0.4678
-11.2334 23.2622 -22.9141 -0.242208 0.847388 -0.472471
-11.2465 22.9769 -23.4179 -0.242484 0.844397 -0.477689
-11.2366 22.7231 -23.8737 -0.234333 0.846199 -0.478575
-11.2348 22.4549 -24.3518 -0.233952 0.848642 -0.474413
-11.213 22.1811 -24.8509 -0.228362 0.847845 -0.478548
-11.2315 21.9275 -25.289 -0.22823 0.846106 -0.48168
-11.2626 21.6356 -25.7859 -0.224802 0.845492 -0.484362
-11.3044 21.303 -26.3474 -0.222327 0.846937 -0.482979
-11.2886 21.0264 -26.834 -0.214137 0.846085 -0.488138
-11.2749 20.7521 -27.3113 -0.212949 0.842219 -0.495298
-11.2665 20.4455 -27.8367 -0.211792 0.842473 -0.495362
-11.2675 20.1273 -28.3778 -0.209826 0.843198 -0.494964
-11.2833 19.8688 -28.8121 -0.208934 0.844032 -0.493919
-11.2901 19.5456 -29.3673 -0.198938 0.85111 -0.485834
-11.2738 19.241 -29.9073 -0.189285 0.855216 -0.482469
-11.2836 18.9389 -30.4402 -0.180083 0.857129 -0.482596
-11.2926 18.6302 -30.9821 -0.18034 0.854301 -0.487484
-11.2756 18.3058 -31.5509 -0.178947 0.849913 -0.495606
-11.276 17.9873 -32.0946 -0.166108 0.851666 -0.497065
-11.2759 17.7191 -32.5611 -0.160526 0.855504 -0.492286
-11.2953 17.3838 -33.1497 -0.151334 0.862338 -0.483189
-11.3007 17.1312 -33.5935 -0.153181 0.859554 -0.487547
-11.3077 16.8792 -34.0351 -0.150924 0.859068 -0.489104
-11.3075 16.5818 -34.5559 -0.15322 0.856718 -0.4925
-11.3055 16.3201 -35.0123 -0.153632 0.857417 -0.491155
-11.2862 16.0704 -35.449 -0.154555 0.851131 -0.501685
-11.2827 15.8142 -35.8865 -0.153246 0.853003 -0.4989
-11.3003 15.5349 -36.3436 -0.146397 0.844663 -0.51489
-11.3089 15.2523 -36.8028 -0.140721 0.843788 -0.517899
-11.3286 14.9152 -37.3459 -0.139126 0.843595 -0.518643
-11.3495 14.6375 -37.7924 -0.141113 0.845211 -0.515466
-11.3425 14.3264 -38.3053 -0.139775 0.84638 -0.51391
-11.331 14.057 -38.7526 -0.139054 0.847037 -0.513023
-11.3227 13.788 -39.1988 -0.139305 0.846646 -0.5136
-11.3441 13.4785 -39.7012 -0.136825 0.845329 -0.516429
-11.3314 13.1764 -40.1957 -0.140214 0.84111 -0.522374
-11.323 12.9056 -40.632 -0.137051 0.838879 -0.526782
-11.2955 12.5798 -41.1577 -0.137607 0.838431 -0.52735
-11.2773 12.2874 -41.6256 -0.133676 0.836536 -0.531355
-11.2762 12.0115 -42.0633 -0.131532 0.840168 -0.526134
-11.2707 11.7242 -42.5222 -0.12402 0.840625 -0.527228
-11.2689 11.3852 -43.066 -0.123371 0.843171 -0.523299
-11.2799 11.025 -43.6447 -0.118428 0.84384 -0.52336
-11.3003 10.7522 -44.0802 -0.116292 0.845121 -0.521773
-11.3074 10.4785 -44.5197 -0.115077 0.843841 -0.524109
-11.3028 10.2043 -44.9631 -0.114368 0.844902 -0.522553
-11.3421 9.84395 -45.5428 -0.1124 0.849587 -0.515326
-11.3596 9.53988 -46.0423 -0.106096 0.853583 -0.510039
-11.3806 9.24936 -46.525 -0.102497 0.854501 -0.509237
-11.3841 8.9243 -47.0688 -0.103436 0.85431 -0.509366
-11.3791 8.60645 -47.6028 -0.102631 0.851543 -0.514135
-11.3702 8.30589 -48.1045 -0.106832 0.854813 -0.507821
-11.3822 7.95363 -48.6906 -0.106954 0.852285 -0.512027
-11.3896 7.67515 -49.1514 -0.108799 0.851554 -0.512853
-11.4044 7.38849 -49.6228 -0.114115 0.849059 -0.515826
-11.4002 7.06006 -50.1645 -0.114034 0.849134 -0.515721
-11.3876 6.76789 -50.6484 -0.113942 0.849161 -0.515697
-11.3826 6.50195 -51.0874 -0.111213 0.850731 -0.513699
-11.4104 6.19165 -51.5946 -0.109351 0.849508 -0.516118
-11.917 6.04638 -51.7367 -0.104062 0.856389 -0.505731
-12.4933 6.02221 -51.6597 -0.104645 0.857531 -0.503677
-13.0084 6.01799 -51.5609 -0.102816 0.859372 -0.500907
-13.5387 6.01143 -51.4618 -0.105904 0.858046 -0.502535
-14.0791 5.99531 -51.3728 -0.110733 0.85819 -0.501246
-14.679 5.98115 -51.2615 -0.11442 0.857361 -0.501835
-15.2264 5.97563 -51.1467 -0.115148 0.856914 -0.502434
-15.7172 5.98729 -51.0135 -0.119626 0.859572 -0.496809
-16.2394 5.99583 -50.8705 -0.121143 0.856979 -0.500904
-16.8333 5.98935 -50.7218 -0.136748 0.85988 -0.491828
-17.3826 5.97978 -50.5801 -0.148126 0.858101 -0.491647
-17.9865 5.96408 -50.4245 -0.148672 0.859256 -0.489464
-18.5396 5.96577 -50.2533 -0.148727 0.859644 -0.488767
-19.0805 5.97111 -50.0766 -0.152397 0.861601 -0.484168
-19.5893 5.97273 -49.9126 -0.163361 0.858154 -0.486707
-20.1598 5.98671 -49.6937 -0.166854 0.859373 -0.483352
-20.6467 5.98057 -49.5338 -0.17414 0.858049 -0.483129
-21.2581 5.96745 -49.3309 -0.180303 0.857329 -0.482159
-21.7972 5.96696 -49.1155 -0.19532 0.858356 -0.47441
-22.3153 5.96708 -48.8905 -0.203739 0.86005 -0.467761
-22.7843 5.96632 -48.6877 -0.205104 0.860965 -0.46548
-23.3364 5.97257 -48.4387 -0.199832 0.863492 -0.463085
-23.9294 5.98099 -48.1655 -0.19944 0.865853 -0.458827
-24.4688 5.98931 -47.9031 -0.212931 0.865173 -0.45402
-25.0046 6.0014 -47.6178 -0.226607 0.867619 -0.442512
-25.4644 5.99214 -47.3917 -0.234834 0.864533 -0.444332
-26.0807 5.98753 -47.0707 -0.238954 0.865067 -0.441091
-26.6579 5.97159 -46.7848 -0.244062 0.863074 -0.442196
-27.1798 5.9679 -46.4981 -0.250621 0.86086 -0.442841
-27.6937 5.96989 -46.2018 -0.252065 0.861511 -0.440752
-28.1984 5.96622 -45.9197 -0.251911 0.862607 -0.438692
-28.6305 5.97115 -45.6599 -0.25652 0.862618 -0.435984
-29.0839 5.99154 -45.3464 -0.263026 0.861739 -0.433845
-29.5488 6.00351 -45.0357 -0.269828 0.859978 -0.433164
-30.013 6.00345 -44.7423 -0.273736 0.859029 -0.432593
-30.5885 6.00988 -44.3584 -0.282955 0.857677 -0.429333
-31.0845 6.0159 -44.0214 -0.281193 0.85708 -0.431677
-31.5215 6.01712 -43.7029 -0.31038 0.855211 -0.415065
-31.9207 6.01783 -43.4013 -0.312162 0.854168 -0.415874
-32.3547 6.0196 -43.0584 -0.322525 0.856714 -0.402515
-32.8505 6.02391 -42.6427 -0.335737 0.856111 -0.392879
-33.293 6.02105 -42.2713 -0.335003 0.856236 -0.393233
-33.7681 6.00093 -41.8997 -0.341623 0.857026 -0.385746
-34.2806 6.00316 -41.4401 -0.340864 0.857722 -0.38487
-34.6617 6.00783 -41.0916 -0.342632 0.857236 -0.384383
-35.1316 6.01451 -40.6548 -0.344245 0.857939 -0.381359
-35.5845 6.00186 -40.2726 -0.343236 0.859187 -0.379456
-36.0148 6.00463 -39.873 -0.346479 0.858876 -0.377205
-36.4984 6.00453 -39.4294 -0.348828 0.859098 -0.374511
-36.944 6.00056 -39.0116 -0.361689 0.856714 -0.367725
-37.3651 5.99927 -38.5932 -0.366157 0.856797 -0.36308
-37.7377 5.99824 -38.2167 -0.367715 0.857005 -0.36101
-38.0917 6.00178 -37.8451 -0.371827 0.856268 -0.358539
-38.4319 6.01075 -37.4612 -0.38003 0.857594 -0.346562
-38.8023 6.00982 -37.0501 -0.38838 0.858807 -0.334085
-39.2048 6.02396 -36.5413 -0.389571 0.859805 -0.330107
-39.4862 6.0424 -36.1609 -0.389258 0.859992 -0.329986
-44.124 2.08303 -40.729 -0.418012 0.843291 -0.337822
-43.7659 2.08204 -41.1717 -0.413907 0.843372 -0.342614
-43.4401 2.0743 -41.5748 -0.400502 0.84873 -0.345289
-43.0986 2.07584 -41.9639 -0.403664 0.84615 -0.347973
-42.7255 2.08259 -42.3528 -0.378631 0.849245 -0.367936
-42.3128 2.0945 -42.7516 -0.377721 0.845115 -0.378258
-41.9291 2.08115 -43.1582 -0.374458 0.846552 -0.378327
-41.5669 2.07073 -43.5409 -0.37633 0.845762 -0.378236
-41.1803 2.07451 -43.9177 -0.378697 0.844659 -0.378339
-40.764 2.08443 -44.3058 -0.370351 0.84641 -0.382662
-40.3934 2.09183 -44.6435 -0.365058 0.846384 -0.387771
-39.8901 2.09838 -45.091 -0.361392 0.842454 -0.399583
-39.5002 2.09029 -45.4436 -0.349955 0.841337 -0.411924
-39.1272 2.07992 -45.7806 -0.346755 0.841271 -0.414744
-38.736 2.07669 -46.1107 -0.339093 0.84345 -0.416627
-38.1957 2.0677 -46.5573 -0.331488 0.843195 -0.423246
-37.7595 2.0604 -46.9121 -0.330801 0.842625 -0.424916
-37.3223 2.0549 -47.2587 -0.327092 0.843694 -0.425666
-36.914 2.04309 -47.5939 -0.324333 0.844374 -0.426426
-36.4646 2.04136 -47.9382 -0.324183 0.844309 -0.42667
-36.018 2.04222 -48.2741 -0.322481 0.845304 -0.425986
-35.5546 2.05387 -48.6023 -0.320695 0.846335 -0.42529
-35.0194 2.05079 -49.0043 -0.31351 0.846189 -0.430893
-34.574 2.04142 -49.3426 -0.310467 0.844327 -0.436716
-34.0084 2.05418 -49.7216 -0.311554 0.844403 -0.435795
-33.5911 2.06524 -49.9983 -0.310585 0.843744 -0.43776
-33.0699 2.06699 -50.364 -0.3084 0.843945 -0.438915
-32.6438 2.06428 -50.661 -0.301396 0.841164 -0.449003
-32.0978 2.05736 -51.0342 -0.294565 0.84302 -0.450055
-31.6761 2.05843 -51.3056 -0.28503 0.843599 -0.455079
-31.1126 2.06008 -51.6539 -0.281547 0.844091 -0.456335
-30.6676 2.06252 -51.9175 -0.271827 0.843896 -0.462546
-30.0491 2.07174 -52.2605 -0.269145 0.844586 -0.462853
-29.599 2.08601 -52.4925 -0.26406 0.846098 -0.463023
-29.0915 2.09686 -52.7613 -0.262584 0.846894 -0.462408
-28.5469 2.08943 -53.0796 -0.254539 0.849619 -0.461906
-28.1035 2.09174 -53.3122 -0.248444 0.847749 -0.468613
-27.6041 2.09926 -53.5531 -0.238002 0.844804 -0.47921
-27.0865 2.08752 -53.8264 -0.233512 0.842623 -0.48524
-26.6246 2.07721 -54.057 -0.217602 0.840653 -0.495915
-26.1378 2.06783 -54.2815 -0.212424 0.841187 -0.497273
-25.5976 2.04697 -54.5439 -0.208629 0.841252 -0.498764
-25.0939 2.04353 -54.7586 -0.205415 0.840794 -0.500866
-24.4174 2.05201 -55.0119 -0.191827 0.842745 -0.502975
-23.9113 2.06255 -55.1857 -0.187509 0.844427 -0.50178
-23.3828 2.06497 -55.3771 -0.185184 0.844472 -0.502567
-22.9111 2.06511 -55.5466 -0.180642 0.844561 -0.504069
-22.4042 2.06202 -55.7285 -0.175184 0.846443 -0.502836
-21.7542 2.05138 -55.97 -0.171318 0.847301 -0.502723
-21.2709 2.04981 -56.1372 -0.172064 0.846596 -0.503656
-20.6731 2.06326 -56.3191 -0.172247 0.844696 -0.506773
-20.1191 2.07657 -56.4853 -0.169611 0.843502 -0.509634
-19.5912 2.08894 -56.6348 -0.164526 0.843364 -0.511534
-19.0773 2.0987 -56.7735 -0.153578 0.842821 -0.515816
-18.5573 2.10842 -56.9121 -0.148725 0.843803 -0.515599
-18.0485 2.07513 -57.0978 -0.1316 0.848386 -0.51276
-17.4362 2.05599 -57.2838 -0.128612 0.852421 -0.506788
-16.82 2.04917 -57.4446 -0.116713 0.851617 -0.511005
-16.3164 2.0568 -57.5454 -0.113916 0.847947 -0.517696
-15.6327 2.06656 -57.6676 -0.0986157 0.851256 -0.515398
-14.9754 2.06959 -57.7828 -0.0893349 0.84802 -0.522381
-14.3215 2.07514 -57.8835 -0.0838492 0.848008 -0.523303
-13.7318 2.06973 -57.9824 -0.0770626 0.847327 -0.52545
-13.1026 2.06723 -58.0752 -0.0716398 0.845845 -0.528595
-12.5124 2.06218 -58.1626 -0.0695779 0.846061 -0.528526
-11.9496 2.06719 -58.2245 -0.0617938 0.843294 -0.533888
-11.4239 2.06796 -58.2829 -0.0581642 0.844366 -0.5326
-10.9049 2.08326 -58.3114 -0.0494825 0.845132 -0.532263
-10.3802 2.08088 -58.3653 -0.0501129 0.843153 -0.535333
-9.75173 2.07283 -58.4367 -0.0498992 0.843028 -0.53555
-9.24878 2.07394 -58.4806 -0.0468375 0.843248 -0.535481
-8.59884 2.07064 -58.5398 -0.0421305 0.844065 -0.534584
-8.04295 2.08162 -58.5611 -0.0344154 0.842346 -0.537832
-7.49528 2.10537 -58.5526 -0.026605 0.842756 -0.537638
-6.9391 2.13205 -58.5329 -0.015832 0.837623 -0.546019
-6.31179 2.1338 -58.5466 -0.0120661 0.835114 -0.549944
-5.70651 2.13354 -58.557 -0.00779141 0.83462 -0.550771
-5.16964 2.13538 -58.5607 -0.00417745 0.833184 -0.552976
-4.60942 2.13483 -58.5638 -0.00130936 0.832633 -0.553823
-4.03783 2.15823 -58.5293 0.00112099 0.832339 -0.554266
-3.85347 2.47696 -58.0503 -0.00123989 0.832367 -0.554221
-3.88659 2.86955 -57.4611 -0.0051221 0.831357 -0.555707
-3.86305 3.16069 -57.0244 -0.0128183 0.832592 -0.553739
-3.8567 3.49875 -56.5131 -0.018386 0.834055 -0.551374
-3.87783 3.81583 -56.0319 -0.0206089 0.834733 -0.550269
-3.88236 4.12628 -55.5603 -0.0218793 0.835471 -0.549099
-3.88622 4.46319 -55.047 -0.0222328 0.835883 -0.548456
-3.88778 4.74397 -54.6178 -0.0279594 0.836804 -0.546787
-3.88269 5.01931 -54.1939 -0.0270737 0.839472 -0.542728
-3.85581 5.29871 -53.7645 -0.0257114 0.838415 -0.544425
-3.85382 5.67779 -53.1832 -0.0284073 0.836592 -0.547087
-3.83851 6.04501 -52.6231 -0.0322993 0.834769 -0.549652
-3.84751 6.35546 -52.1518 -0.0319326 0.83429 -0.550401
-3.86694 6.63409 -51.7265 -0.0342864 0.835493 -0.548431
-3.88839 6.94388 -51.2531 -0.0390217 0.836881 -0.545992
-3.88938 7.28614 -50.7291 -0.0394384 0.836178 -0.547039
-3.88757 7.64763 -50.1751 -0.04418 0.835991 -0.546961
-3.87506 7.93361 -49.7377 -0.0465078 0.838224 -0.54333
-3.85088 8.29451 -49.1822 -0.0545523 0.838354 -0.542388
-3.84338 8.582 -48.7373 -0.0619662 0.838089 -0.541997
-3.84443 8.9024 -48.241 -0.0664892 0.837719 -0.542033
-3.85705 9.24215 -47.7165 -0.0683757 0.836405 -0.543831
-3.88152 9.53514 -47.2628 -0.0690615 0.836434 -0.543699
-3.9134 9.80815 -46.8399 -0.0686685 0.83543 -0.54529
-3.90555 10.1923 -46.254 -0.0697429 0.833983 -0.547364
-3.88758 10.5318 -45.7405 -0.0702678 0.832925 -0.548906
-3.8688 10.8658 -45.2364 -0.0703717 0.832594 -0.549395
-3.86842 11.1497 -44.8062 -0.0711776 0.832688 -0.549148
-3.86598 11.503 -44.2703 -0.0737181 0.832438 -0.549192
-3.85665 11.7933 -43.8312 -0.0786086 0.833626 -0.546707
-3.85566 12.1088 -43.3522 -0.0808993 0.831715 -0.549272
-3.84908 12.4709 -42.8022 -0.0848942 0.832947 -0.546801
-3.83824 12.7666 -42.3505 -0.0883245 0.833582 -0.545285
-3.84569 13.0689 -41.8866 -0.0922072 0.83426 -0.543607
-3.85634 13.3811 -41.405 -0.0917245 0.834407 -0.543463
-3.85639 13.6968 -40.9204 -0.0924437 0.834266 -0.543556
-3.8358 14.0395 -40.3982 -0.0915092 0.834395 -0.543517
-3.86543 14.3874 -39.8596 -0.0919446 0.833893 -0.544214
-3.85876 14.7381 -39.3243 -0.0949818 0.833213 -0.544732
-3.8413 15.0384 -38.8688 -0.0973159 0.831951 -0.546248
-3.83656 15.3634 -38.3746 -0.100882 0.832872 -0.544184
-3.83404 15.7126 -37.836 -0.101938 0.835866 -0.539384
-3.82599 16.0998 -37.2324 -0.106857 0.839265 -0.533119
-3.79396 16.3865 -36.7856 -0.109321 0.840604 -0.530503
-3.80862 16.6959 -36.2928 -0.111341 0.840349 -0.530487
-3.83738 16.968 -35.8558 -0.111116 0.840246 -0.530697
-3.84033 17.3156 -35.3049 -0.111082 0.840138 -0.530876
-3.84974 17.6125 -34.8328 -0.112567 0.839603 -0.531409
-3.84213 17.9634 -34.2781 -0.120664 0.840309 -0.528507
-3.84252 18.2529 -33.8232 -0.119466 0.838414 -0.531777
-3.84578 18.6131 -33.2544 -0.131073 0.836422 -0.532182
-3.83719 18.9707 -32.6952 -0.13197 0.835528 -0.533364
-3.81585 19.3272 -32.1438 -0.136329 0.834504 -0.533865
-3.80975 19.6507 -31.6366 -0.137387 0.837418 -0.529007
-3.82448 19.9173 -31.2109 -0.14492 0.837384 -0.527036
-3.82332 20.2057 -30.7494 -0.142424 0.839668 -0.524092
-3.82867 20.5129 -30.2537 -0.143408 0.841345 -0.521126
-3.83078 20.7836 -29.8163 -0.142102 0.841025 -0.522
-3.84111 21.0545 -29.3783 -0.147217 0.840473 -0.521471
-3.84074 21.3268 -28.9409 -0.148809 0.839315 -0.522882
-3.83236 21.6112 -28.4904 -0.15261 0.835868 -0.527289
-3.81985 21.9663 -27.9305 -0.152812 0.835428 -0.527929
-3.82609 22.2477 -27.4841 -0.158386 0.833562 -0.529234
-3.83682 22.517 -27.0567 -0.159149 0.833047 -0.529815
-3.84625 22.8819 -26.4819 -0.161147 0.832101 -0.530695
-3.82934 23.1841 -26.0152 -0.164364 0.829646 -0.533545
-3.82027 23.5125 -25.5096 -0.165036 0.828319 -0.535397
-3.82164 23.8563 -24.9701 -0.171661 0.830831 -0.529387
-3.81802 24.2214 -24.3947 -0.176777 0.832018 -0.525828
-3.81428 24.5396 -23.8915 -0.176308 0.832927 -0.524545
-3.83866 24.8389 -23.405 -0.183986 0.833797 -0.520503
-3.82869 25.1479 -22.9154 -0.187845 0.832835 -0.520672
-3.8225 25.4766 -22.3912 -0.192474 0.832335 -0.519772
-3.80093 25.8116 -21.8638 -0.19789 0.832472 -0.517523
-3.78528 26.0995 -21.4063 -0.199397 0.831944 -0.517794
-3.72747 26.4529 -20.8599 -0.201502 0.832379 -0.516273
-3.66969 26.7665 -20.3746 -0.20471 0.834538 -0.511509
-3.59049 27.0948 -19.8715 -0.203596 0.834483 -0.512041
-3.45238 27.4152 -19.404 -0.207525 0.833149 -0.512636
-3.31261 27.6999 -18.9968 -0.205694 0.834685 -0.510869
-3.1414 28.0386 -18.5118 -0.204085 0.834964 -0.511062
-2.91041 28.3868 -18.0392 -0.203706 0.834572 -0.511837
-2.66485 28.7272 -17.583 -0.199425 0.833176 -0.515794
-2.44403 29.0151 -17.2007 -0.198973 0.834294 -0.514162
-2.0921 29.3887 -16.731 -0.197195 0.832626 -0.51754
-1.70641 29.7426 -16.3065 -0.189295 0.830767 -0.523444
-1.39005 29.9976 -16.0122 -0.179033 0.831787 -0.525431
-0.982917 30.2941 -15.6749 -0.15489 0.833272 -0.530722
-0.636602 30.5318 -15.4024 -0.149241 0.834059 -0.531105
-0.240793 30.7817 -15.1175 -0.136281 0.8336 -0.535293
0.25026 31.0522 -14.8169 -0.131888 0.834905 -0.534353
0.711196 31.26 -14.5954 -0.113917 0.841348 -0.528352
1.19567 31.447 -14.3935 -0.0930985 0.839583 -0.535194
1.68266 31.6067 -14.2072 -0.0518826 0.846368 -0.530066
2.14898 31.7316 -14.0466 -0.0389926 0.848412 -0.527898
2.71869 31.8481 -13.8564 0.00922894 0.863244 -0.504698
3.21951 31.9263 -13.6914 0.0570209 0.86695 -0.495122
3.80069 31.978 -13.5211 0.0766964 0.862565 -0.500099
4.37691 32.0007 -13.3457 0.12593 0.863461 -0.488443
5.02626 32.0105 -13.1327 0.163075 0.863321 -0.477503
5.5927 32.0082 -12.9143 0.195579 0.863718 -0.464479
6.08604 32.0154 -12.6813 0.209339 0.863871 -0.458153
6.6875 32.0361 -12.3401 0.233569 0.86316 -0.447662
7.23523 32.0569 -11.9903 0.26316 0.860929 -0.435304
7.79082 32.059 -11.6351 0.278165 0.862909 -0.421914
8.25659 32.0517 -11.3365 0.287277 0.862177 -0.41728
8.74036 32.0338 -10.9856 0.322571 0.877096 -0.35588
9.23348 32.0008 -10.57 0.354516 0.874401 -0.331272
9.70082 31.9433 -10.1512 0.392346 0.872611 -0.290886
10.0786 31.8865 -9.79175 0.414752 0.869339 -0.268333
10.4689 31.8056 -9.40666 0.440064 0.86793 -0.230127
10.842 31.7057 -9.05406 0.444663 0.870982 -0.208346
11.223 31.5802 -8.70591 0.464065 0.867191 -0.18062
11.6269 31.4314 -8.35663 0.477767 0.863471 -0.161728
12.0052 31.2753 -8.04592 0.48545 0.861625 -0.148123
12.4546 31.0701 -7.73438 0.496654 0.857543 -0.133995
12.8631 30.8697 -7.49244 0.49875 0.857298 -0.127623
13.3415 30.6232 -7.24054 0.508769 0.85291 -0.117041
13.8224 30.357 -7.03746 0.518567 0.848409 -0.106259
14.3671 30.0411 -6.85503 0.528379 0.844048 -0.0916465
14.895 29.7302 -6.68845 0.527148 0.84563 -0.0838105
15.3576 29.4498 -6.58988 0.529102 0.844781 -0.0799742
15.9174 29.1053 -6.52092 0.530646 0.843764 -0.0804782
16.3796 28.8155 -6.4911 0.536107 0.840963 -0.0732898
16.8485 28.5163 -6.48679 0.537721 0.839988 -0.0726411
17.3761 28.1708 -6.50771 0.546416 0.834827 -0.0670369
17.9239 27.8066 -6.56905 0.54791 0.833745 -0.0682946
18.359 27.5121 -6.65669 0.550249 0.831883 -0.0720907
18.8399 27.1831 -6.78275 0.549959 0.832015 -0.072773
19.3596 26.8247 -6.95087 0.550201 0.831743 -0.0740378
19.8021 26.5166 -7.12787 0.549696 0.831788 -0.077217
20.2712 26.1857 -7.34843 0.549358 0.831681 -0.080693
20.663 25.9051 -7.56815 0.550437 0.830278 -0.0874993
21.1823 25.5341 -7.82664 0.547284 0.831459 -0.0956877
21.5678 25.2599 -8.01619 0.544838 0.832789 -0.0979921
22.006 24.9443 -8.26346 0.543592 0.833448 -0.0993489
22.4437 24.6252 -8.51941 0.543851 0.832453 -0.105993
22.8089 24.3565 -8.73788 0.547681 0.829479 -0.109588
23.2784 24.0086 -9.02027 0.547526 0.828971 -0.11411
23.7507 23.658 -9.30162 0.546532 0.82945 -0.115398
24.1234 23.3823 -9.52341 0.544546 0.830765 -0.115316
24.4926 23.1105 -9.73733 0.543175 0.831633 -0.115528
24.8902 22.8199 -9.95926 0.543439 0.831292 -0.116725
25.2672 22.5436 -10.1734 0.541254 0.832549 -0.117923
25.6823 22.2396 -10.4133 0.540311 0.833066 -0.118597
26.0621 21.9647 -10.6042 0.541192 0.831752 -0.123691
26.5985 21.5788 -10.854 0.539736 0.832513 -0.124919
27.0414 21.2502 -11.1057 0.536547 0.832838 -0.135979
27.4682 20.9328 -11.3696 0.536891 0.832214 -0.138446
27.9165 20.5942 -11.6627 0.536419 0.832456 -0.138811
28.3366 20.2755 -11.9366 0.538586 0.830261 -0.143494
28.8468 19.8884 -12.2576 0.539527 0.829058 -0.146878
29.2133 19.6116 -12.4731 0.539859 0.828117 -0.150909
29.5986 19.3203 -12.6939 0.539554 0.828331 -0.150827
30.1333 18.915 -12.9893 0.540538 0.826378 -0.157852
30.6147 18.5492 -13.2626 0.54112 0.825906 -0.158318
30.9806 18.2686 -13.4724 0.54079 0.825771 -0.160153
31.4952 17.8799 -13.7394 0.53692 0.827577 -0.163795
31.8595 17.5966 -13.9672 0.530167 0.82943 -0.17598
32.2549 17.2982 -14.1627 0.539261 0.822872 -0.179109
32.6463 17.0019 -14.3708 0.531621 0.827263 -0.1817
33.1813 16.5931 -14.6632 0.532594 0.825939 -0.184845
33.5374 16.3117 -14.8879 0.53603 0.823088 -0.18761
34.0342 15.9176 -15.1984 0.535012 0.823552 -0.188478
34.4413 15.5929 -15.4511 0.537694 0.821761 -0.188663
34.8565 15.2725 -15.6689 0.534046 0.824197 -0.1884
35.3343 14.909 -15.9074 0.526655 0.826922 -0.197066
35.717 14.6153 -16.1172 0.527411 0.826596 -0.196408
36.1853 14.243 -16.4063 0.530791 0.822374 -0.204848
36.6128 13.9004 -16.6803 0.525778 0.82458 -0.208866
37.0695 13.5423 -16.9488 0.520559 0.826954 -0.212524
37.4707 13.23 -17.1811 0.5201 0.827081 -0.21315
37.8751 12.916 -17.41 0.52228 0.825497 -0.213954
38.2692 12.6061 -17.6345 0.525924 0.822233 -0.217568
38.7381 12.2327 -17.9103 0.525773 0.822428 -0.217195
39.1405 11.9061 -18.1749 0.52225 0.823683 -0.220907
39.5784 11.5554 -18.4496 0.518713 0.82514 -0.223786
39.9376 11.2743 -18.6551 0.517637 0.826033 -0.222982
40.4037 10.9194 -18.8918 0.515798 0.827112 -0.223244
40.8951 10.5375 -19.1652 0.513834 0.827432 -0.226564
41.3985 10.1444 -19.4493 0.516183 0.825265 -0.229109
41.8042 9.82438 -19.6908 0.511772 0.826816 -0.233378
42.18 9.52283 -19.9362 0.510324 0.82729 -0.234864
42.6609 9.14357 -20.2315 0.506944 0.829287 -0.23514
43.0292 8.86096 -20.4353 0.505284 0.830248 -0.235319
43.4915 8.51011 -20.6815 0.503235 0.831067 -0.236815
43.9892 8.12338 -20.9796 0.499918 0.829859 -0.247825
44.3489 7.84369 -21.191 0.493517 0.832634 -0.25132
44.7636 7.52994 -21.4155 0.493635 0.831254 -0.255583
45.2443 7.16198 -21.6747 0.495713 0.83 -0.255657
45.6286 6.8702 -21.8803 0.493888 0.830586 -0.257297
46.0837 6.51915 -22.1401 0.491849 0.831209 -0.259185
46.4675 6.22402 -22.3597 0.489136 0.831373 -0.263751
46.8164 5.94502 -22.5927 0.488296 0.831843 -0.263823
47.2542 5.60765 -22.8454 0.487187 0.832915 -0.262481
47.6918 5.27696 -23.0899 0.481701 0.836182 -0.26222
48.0876 4.97646 -23.3221 0.478574 0.837928 -0.262381
48.5249 4.6532 -23.5574 0.477827 0.838114 -0.263147
48.8989 4.37305 -23.7728 0.477158 0.838787 -0.262215
49.2863 4.08511 -23.9894 0.477282 0.838786 -0.261992
49.7195 3.76232 -24.2336 0.476401 0.83939 -0.261659
50.0994 3.47658 -24.4554 0.476262 0.838195 -0.265714
50.4672 3.19914 -24.6714 0.47527 0.838654 -0.266038
50.96 2.8319 -24.9462 0.475272 0.836692 -0.272144
51.3294 2.55324 -25.1547 0.478914 0.835159 -0.270464
51.7032 2.27827 -25.3439 0.476495 0.836067 -0.271928
52.1529 2.11347 -25.0607 0.478903 0.835357 -0.269865
52.5002 2.10859 -24.4548 0.477469 0.837808 -0.264766
52.8122 2.1055 -23.8966 0.476833 0.839715 -0.259824
53.1178 2.09619 -23.3659 0.474187 0.841741 -0.258106
53.3865 2.08644 -22.9024 0.474573 0.842259 -0.255694
53.6628 2.0731 -22.4308 0.476038 0.842193 -0.253178
53.9395 2.06071 -21.9474 0.479032 0.841317 -0.250426
54.2073 2.0585 -21.4399 0.479916 0.841679 -0.2475
54.4687 2.05572 -20.9364 0.480487 0.843486 -0.240132
54.7211 2.05057 -20.4431 0.480313 0.845508 -0.233271
54.9516 2.0416 -19.9939 0.487727 0.842368 -0.229215
55.2049 2.03271 -19.4805 0.49165 0.841362 -0.224478
55.437 2.02716 -18.9876 0.491206 0.843298 -0.218095
55.667 2.02576 -18.4729 0.486939 0.847263 -0.212215
55.8932 2.02936 -17.9229 0.497439 0.843248 -0.203685
56.0678 2.03909 -17.4455 0.501678 0.842944 -0.194329
56.2783 2.05657 -16.8088 0.505034 0.843932 -0.180818
56.4901 2.05748 -16.1874 0.5023 0.848338 -0.167386
56.7072 2.05454 -15.5481 0.501959 0.848813 -0.165991
56.8539 2.0633 -15.0584 0.501382 0.849423 -0.164603
57.062 2.05913 -14.4352 0.503043 0.849543 -0.158821
57.2219 2.07499 -13.832 0.50649 0.848345 -0.154192
57.3586 2.0819 -13.3383 0.50867 0.847473 -0.151805
57.5263 2.07659 -12.7952 0.511097 0.847435 -0.143537
57.6716 2.06809 -12.3126 0.518352 0.844298 -0.135767
57.8124 2.06335 -11.7773 0.52 0.844935 -0.125234
57.9499 2.05956 -11.231 0.517042 0.847284 -0.121561
58.0705 2.06295 -10.6879 0.514495 0.849623 -0.115916
58.2073 2.04779 -10.1801 0.516124 0.849451 -0.109767
58.3352 2.03566 -9.66666 0.517085 0.849276 -0.106552
58.4429 2.04025 -9.10302 0.518964 0.84833 -0.104944
58.5109 2.06039 -8.58866 0.519277 0.848755 -0.0998309
58.5954 2.06533 -8.08972 0.52057 0.848528 -0.0948973
58.691 2.0702 -7.49516 0.523514 0.847341 -0.0891392
58.7904 2.07127 -6.85223 0.526644 0.846858 -0.0740096
58.8777 2.07092 -6.21724 0.529738 0.845314 -0.069348
58.9656 2.05812 -5.62528 0.528945 0.846761 -0.0566842
59.0301 2.05342 -5.05037 0.535135 0.843252 -0.0505695
59.0739 2.05876 -4.47649 0.536172 0.842812 -0.0467652
59.1076 2.06306 -3.9647 0.534426 0.844267 -0.0400049
59.1382 2.06761 -3.44023 0.535582 0.843629 -0.0379772
59.1898 2.05822 -2.87433 0.538116 0.842181 -0.0341001
59.2164 2.06234 -2.3481 0.539114 0.841609 -0.0324033
59.2375 2.06673 -1.84554 0.538404 0.84221 -0.0283339
59.2576 2.0721 -1.27518 0.539327 0.841868 -0.0190776
59.2872 2.06374 -0.654362 0.538609 0.842453 -0.0130604
59.2917 2.06907 -0.0396356 0.54107 0.840934 -0.00853609
59.3049 2.06548 0.493535 0.54158 0.840611 -0.00794275
59.3066 2.06777 1.06242 0.541544 0.840662 -0.00417604
59.3054 2.06675 1.58994 0.537331 0.843321 0.00893708
59.3138 2.05107 2.20416 0.535862 0.844139 0.0167444
59.3235 2.03201 2.83204 0.533822 0.845391 0.0186635
59.3055 2.02851 3.34979 0.532246 0.846063 0.0298694
59.2614 2.03444 3.91288 0.529304 0.84756 0.0384606
59.2036 2.04626 4.43944 0.531322 0.846207 0.0403863
59.1556 2.04986 4.98308 0.531791 0.845856 0.0415498
59.1286 2.04034 5.49436 0.531076 0.845963 0.0478966
59.0832 2.03466 6.06391 0.528518 0.84712 0.0552356
59.0035 2.05021 6.56849 0.528837 0.846705 0.0584965
58.9392 2.05027 7.13254 0.529868 0.84571 0.0633159
58.8925 2.03958 7.63881 0.526048 0.847523 0.0704893
58.8216 2.03114 8.25269 0.521897 0.849908 0.072666
58.7498 2.03004 8.74906 0.522203 0.848828 0.0824275
58.6479 2.03853 9.29883 0.515696 0.852463 0.0858131
58.5322 2.04814 9.86309 0.515706 0.850026 0.107253
58.4268 2.04277 10.4107 0.517731 0.848462 0.109852
58.3183 2.03811 10.9516 0.523186 0.844353 0.115517
58.1934 2.04178 11.4783 0.524054 0.842939 0.121742
58.0567 2.05363 11.9848 0.51993 0.845819 0.119428
57.9089 2.0719 12.4738 0.520155 0.843041 0.136821
57.7468 2.08212 12.9997 0.514359 0.844721 0.147925
57.6045 2.08007 13.4956 0.512343 0.845201 0.152115
57.4627 2.07127 14.0085 0.507154 0.847711 0.1555
57.3273 2.05602 14.5053 0.501836 0.848893 0.165945
57.1858 2.03958 15.011 0.501227 0.848465 0.169939
57.0009 2.03522 15.5783 0.501066 0.848571 0.169881
56.7958 2.04807 16.1126 0.499018 0.849174 0.172873
56.5671 2.0623 16.6906 0.496494 0.849056 0.180548
56.4004 2.05182 17.1792 0.489374 0.851228 0.189522
56.1503 2.05282 17.8104 0.491821 0.8482 0.196628
55.9657 2.04567 18.2959 0.491156 0.847403 0.201665
55.7021 2.04408 18.933 0.491201 0.845839 0.208034
55.4833 2.0502 19.4179 0.489487 0.844674 0.216618
55.2601 2.05441 19.8978 0.490002 0.843677 0.219311
54.9847 2.07108 20.4471 0.487378 0.843971 0.223956
54.7699 2.06789 20.9087 0.481752 0.844672 0.233322
54.5229 2.06017 21.4355 0.479293 0.842468 0.246021
54.2494 2.05757 21.9759 0.478185 0.842645 0.247561
53.9879 2.05219 22.4962 0.475989 0.843371 0.249319
53.7297 2.05368 22.9831 0.475595 0.843329 0.250211
53.4781 2.06126 23.4364 0.476006 0.842812 0.251169
53.1783 2.08688 23.9177 0.476075 0.842421 0.252346
52.8662 2.09303 24.4828 0.474515 0.842074 0.25641
52.5307 2.12634 24.9824 0.472619 0.840118 0.266122
52.1608 2.17165 25.4891 0.472974 0.836406 0.276985
51.723 2.45444 25.3893 0.480462 0.834505 0.269681
51.3412 2.75044 25.1561 0.481269 0.835695 0.264564
50.8592 3.11547 24.8795 0.483165 0.835864 0.260543
50.4567 3.41212 24.665 0.481242 0.838587 0.255301
50.0438 3.71649 24.4438 0.481094 0.838666 0.255319
49.6452 4.01733 24.2062 0.481024 0.838951 0.254513
49.185 4.36085 23.9388 0.478151 0.840762 0.25395
48.7796 4.66356 23.6971 0.477136 0.842244 0.250922
48.4186 4.93267 23.4766 0.475702 0.843383 0.249826
47.916 5.29367 23.2143 0.475514 0.843587 0.249494
47.4543 5.62555 22.9712 0.474749 0.844316 0.248483
47.0711 5.90471 22.7531 0.473923 0.844956 0.247886
46.6741 6.19413 22.5245 0.473319 0.845568 0.24695
46.2672 6.49196 22.2874 0.47688 0.843741 0.246336
45.8851 6.77627 22.0545 0.479982 0.842668 0.243974
45.517 7.06031 21.8069 0.484017 0.840601 0.24314
45.1202 7.35359 21.5892 0.488309 0.837787 0.244267
44.728 7.65641 21.3325 0.487594 0.838643 0.242756
44.3667 7.92989 21.1196 0.491313 0.836448 0.242829
43.9866 8.21062 20.9225 0.491641 0.835929 0.243952
43.5122 8.55687 20.7011 0.496797 0.833129 0.243067
43.1337 8.84976 20.4658 0.495828 0.834196 0.241395
42.7318 9.16078 20.2211 0.498721 0.83293 0.239803
42.263 9.52305 19.9395 0.500316 0.831899 0.240058
41.8932 9.8077 19.7225 0.501843 0.832396 0.235096
41.4208 10.178 19.4161 0.499181 0.833815 0.235732
41.0359 10.4768 19.1828 0.50237 0.831122 0.238456
40.6686 10.7616 18.9644 0.503251 0.830801 0.237713
40.2601 11.084 18.7032 0.504153 0.830424 0.23712
39.7967 11.442 18.4402 0.507644 0.828247 0.237284
39.4281 11.7241 18.2467 0.510031 0.82676 0.237354
39.0058 12.0462 18.0326 0.510682 0.826703 0.236148
38.6244 12.3362 17.8395 0.509197 0.828186 0.23415
38.1101 12.7405 17.5282 0.510811 0.82833 0.230077
37.6769 13.0718 17.293 0.512564 0.827722 0.228356
37.2972 13.358 17.1027 0.512736 0.829854 0.220099
36.8148 13.7267 16.8401 0.516552 0.828849 0.214831
36.4336 14.0167 16.6223 0.511023 0.833274 0.210973
35.9916 14.3556 16.3598 0.516107 0.831417 0.205861
35.6323 14.6338 16.1419 0.51981 0.828983 0.206361
35.1477 15.0058 15.8579 0.518917 0.830623 0.201967
34.7686 15.2985 15.6376 0.522443 0.828983 0.199592
34.3087 15.651 15.3663 0.519606 0.831294 0.19738
33.9316 15.9335 15.1712 0.520321 0.83067 0.198128
33.4352 16.3046 14.9059 0.51575 0.833763 0.197084
33.0576 16.5928 14.6747 0.515738 0.833826 0.196845
32.6554 16.9021 14.4124 0.515159 0.83582 0.189777
32.2159 17.2354 14.1431 0.51996 0.832766 0.190112
31.8029 17.5468 13.8941 0.517769 0.836049 0.181489
31.4083 17.8409 13.6529 0.51278 0.84077 0.173581
31.0268 18.1166 13.4451 0.517552 0.838484 0.170544
30.589 18.4334 13.2048 0.513857 0.841402 0.167312
30.1701 18.7396 12.9642 0.515932 0.840653 0.164658
29.7715 19.0286 12.7327 0.515838 0.841274 0.161765
29.3994 19.2987 12.5128 0.521899 0.838684 0.15562
28.934 19.6381 12.2306 0.522384 0.839579 0.149069
28.466 19.98 11.9611 0.527405 0.836979 0.145978
27.9824 20.3321 11.6857 0.529322 0.835994 0.144681
27.4472 20.7155 11.4079 0.524091 0.839489 0.143483
27.0215 21.0186 11.1957 0.527004 0.83784 0.14243
26.6075 21.3195 10.959 0.526651 0.838328 0.140864
26.1108 21.6783 10.6691 0.524826 0.839721 0.139377
25.7326 21.9524 10.4384 0.524861 0.840028 0.137384
25.3156 22.2553 10.1818 0.527524 0.838735 0.135031
24.8525 22.5924 9.91068 0.533863 0.835273 0.131562
24.4672 22.8772 9.66687 0.536674 0.833665 0.13032
24.0555 23.1755 9.44996 0.535224 0.834881 0.128488
23.6342 23.479 9.23247 0.535525 0.834929 0.126913
23.2208 23.7793 9.0027 0.537322 0.834175 0.124245
22.8524 24.0479 8.78609 0.536295 0.835382 0.120519
22.4124 24.3666 8.53078 0.536951 0.835272 0.118341
22.0155 24.6514 8.32001 0.537461 0.835193 0.116565
21.6033 24.9475 8.09749 0.537814 0.835169 0.115107
21.1286 25.29 7.83186 0.538723 0.834818 0.113379
20.6429 25.6429 7.54425 0.538931 0.834845 0.112189
20.2316 25.9381 7.32034 0.541249 0.834434 0.103775
19.767 26.2655 7.1087 0.540893 0.834741 0.103162
19.257 26.6197 6.91717 0.540055 0.835106 0.104584
18.7005 26.9972 6.77016 0.539696 0.83511 0.106394
18.1441 27.374 6.63052 0.5391 0.835652 0.105156
17.6865 27.6828 6.52666 0.539284 0.835834 0.102696
17.239 27.9751 6.48241 0.537556 0.836702 0.104698
16.8135 28.2512 6.46334 0.535882 0.837696 0.105338
16.378 28.5326 6.44569 0.537261 0.836594 0.107053
15.8671 28.8493 6.51822 0.534402 0.837417 0.114662
15.3961 29.1392 6.60363 0.53752 0.835091 0.117018
14.9189 29.4264 6.72563 0.53233 0.837242 0.1251
14.4526 29.702 6.8531 0.526826 0.839167 0.135108
14.0197 29.955 6.98222 0.523459 0.8399 0.143258
13.5892 30.1894 7.16916 0.519686 0.840988 0.150511
13.0189 30.4857 7.4607 0.516047 0.841065 0.162165
12.594 30.6955 7.70398 0.507579 0.843553 0.175446
12.1814 30.8874 7.951 0.495833 0.846997 0.191692
11.7699 31.0594 8.22856 0.478244 0.855097 0.200228
11.3646 31.205 8.55046 0.462755 0.862112 0.206445
10.9914 31.3115 8.90054 0.444914 0.865656 0.229545
10.6015 31.4056 9.27431 0.434477 0.86622 0.246766
10.1759 31.4895 9.65713 0.39989 0.877886 0.263447
9.79571 31.5563 9.98622 0.381376 0.883248 0.272736
9.26546 31.6268 10.4547 0.346728 0.890303 0.295196
8.74812 31.6808 10.8849 0.349503 0.879769 0.322264
8.3537 31.6987 11.2172 0.287743 0.883957 0.368479
7.94201 31.7044 11.5166 0.274678 0.886332 0.372785
7.50504 31.7024 11.821 0.238299 0.88415 0.401861
7.05982 31.6911 12.0958 0.223953 0.879808 0.419264
6.61828 31.6843 12.3351 0.196627 0.886786 0.417767
6.05114 31.6545 12.6314 0.167433 0.887056 0.430231
5.5557 31.6386 12.8393 0.134168 0.891348 0.433009
5.07563 31.608 13.0406 0.117525 0.892964 0.434514
4.59257 31.5622 13.2237 0.0720009 0.892577 0.445036
4.04408 31.5046 13.4077 0.0227821 0.889537 0.456295
3.46351 31.424 13.5899 0.0233809 0.881819 0.471007
2.74328 31.3069 13.7857 -0.0188214 0.864424 0.502411
2.24926 31.217 13.9076 -0.0498222 0.862879 0.502948
1.77076 31.0949 14.0608 -0.0738658 0.856192 0.51135
1.20861 30.9039 14.2871 -0.0995631 0.854432 0.5099
0.582243 30.676 14.5365 -0.123928 0.853676 0.505843
0.115845 30.4528 14.7927 -0.143811 0.850261 0.506329
-0.299161 30.2143 15.0732 -0.148883 0.849039 0.506903
-0.686858 29.9653 15.3709 -0.160931 0.848128 0.50475
-1.08481 29.6972 15.6924 -0.168934 0.846804 0.504365
-1.49394 29.3888 16.0716 -0.17538 0.84592 0.503648
-1.78291 29.1259 16.411 -0.18186 0.845461 0.502119
-2.11755 28.7881 16.858 -0.184971 0.845111 0.501571
-2.37641 28.506 17.2357 -0.192497 0.842262 0.503524
-2.69223 28.1782 17.6629 -0.198181 0.842892 0.500245
-2.93836 27.8544 18.1081 -0.201471 0.841883 0.500641
-3.14208 27.582 18.4769 -0.206173 0.838641 0.504149
-3.30446 27.2778 18.9177 -0.210457 0.837272 0.504651
-3.45667 26.9779 19.3508 -0.207586 0.837603 0.505302
-3.5928 26.6476 19.8433 -0.205961 0.837541 0.506063
-3.68081 26.3609 20.2794 -0.205638 0.83603 0.508692
-3.7478 26.0599 20.7474 -0.20694 0.834172 0.511204
-3.79356 25.6912 21.3251 -0.20512 0.82955 0.519397
-3.81179 25.4193 21.7529 -0.201494 0.830483 0.519325
-3.82568 25.1455 22.1867 -0.194953 0.832547 0.518516
-3.7923 24.8228 22.7141 -0.193668 0.830424 0.522387
-3.79749 24.4801 23.2554 -0.194101 0.827283 0.52717
-3.81112 24.1849 23.7105 -0.190545 0.826335 0.529966
-3.81652 23.8315 24.2569 -0.183508 0.824173 0.535782
-3.81835 23.5464 24.6947 -0.180042 0.82356 0.537898
-3.84826 23.2091 25.2046 -0.179202 0.826331 0.533913
-3.85298 22.9296 25.635 -0.174287 0.827496 0.533737
-3.84547 22.6567 26.0601 -0.166881 0.825726 0.53882
-3.79978 22.3858 26.4916 -0.162793 0.827396 0.537506
-3.77282 22.0435 27.0264 -0.160649 0.828192 0.536924
-3.76232 21.7603 27.4676 -0.15674 0.828056 0.538281
-3.79757 21.4464 27.9399 -0.154178 0.829178 0.537301
-3.8083 21.1304 28.4214 -0.150285 0.827802 0.540513
-3.80552 20.8297 28.8803 -0.143114 0.827114 0.543506
-3.80294 20.5044 29.3764 -0.142187 0.827069 0.543819
-3.8415 20.1455 29.9126 -0.141733 0.8275 0.543282
-3.8216 19.8606 30.352 -0.137909 0.828551 0.542664
-3.81582 19.556 30.8197 -0.135949 0.830159 0.540697
-3.83909 19.1577 31.4269 -0.131246 0.830851 0.540793
-3.82135 18.7942 31.993 -0.129134 0.832481 0.538794
-3.82014 18.483 32.4742 -0.128341 0.832613 0.53878
-3.82123 18.1855 32.9334 -0.125624 0.832117 0.540184
-3.83023 17.9051 33.3648 -0.122502 0.833404 0.538915
-3.83352 17.6169 33.809 -0.120141 0.831952 0.541684
-3.82461 17.3311 34.252 -0.113849 0.833074 0.541316
-3.81462 17.0448 34.6912 -0.111989 0.83073 0.545294
-3.83366 16.6594 35.2764 -0.109942 0.832007 0.543762
-3.86046 16.3753 35.7053 -0.109248 0.831421 0.544796
-3.87976 16.0369 36.2203 -0.107852 0.833206 0.542342
-3.87969 15.7578 36.6491 -0.107165 0.832714 0.543233
-3.87387 15.4757 37.0822 -0.106928 0.831688 0.544849
-3.85627 15.179 37.5403 -0.102869 0.831884 0.545326
-3.8569 14.8625 38.0233 -0.096829 0.830718 0.548188
-3.85947 14.5688 38.4695 -0.0971403 0.832347 0.545675
-3.8522 14.2324 38.9867 -0.0913965 0.834336 0.543627
-3.84364 13.9497 39.4199 -0.0803197 0.833379 0.546835
-3.83002 13.5289 40.059 -0.0809328 0.830025 0.551822
-3.82556 13.2489 40.4797 -0.0814407 0.829111 0.553121
-3.83433 12.9678 40.902 -0.0775935 0.830195 0.552047
-3.84699 12.6766 41.3398 -0.0755566 0.831383 0.550539
-3.84804 12.3058 41.8995 -0.0743548 0.831147 0.551058
-3.83882 11.9307 42.4658 -0.0725566 0.830708 0.551959
-3.82264 11.588 42.9861 -0.0704689 0.833027 0.548725
-3.84353 11.2504 43.4996 -0.065074 0.835399 0.545778
-3.84605 10.8883 44.0563 -0.0636483 0.837102 0.543331
-3.83157 10.611 44.485 -0.0631591 0.836626 0.544121
-3.82266 10.2746 45.0029 -0.0622092 0.836741 0.544054
-3.81511 9.96749 45.4756 -0.0595975 0.836596 0.544568
-3.81572 9.59845 46.0439 -0.0587046 0.837834 0.542758
-3.82365 9.32366 46.4669 -0.0550588 0.837642 0.543438
-3.8378 8.95437 47.0359 -0.0537843 0.838654 0.542003
-3.84111 8.66516 47.484 -0.053642 0.839482 0.540734
-3.81647 8.36465 47.9524 -0.0519557 0.839809 0.54039
-3.83011 8.08806 48.3816 -0.0515458 0.840727 0.539001
-3.86475 7.7895 48.842 -0.0455038 0.84065 0.539663
-3.86833 7.47805 49.3264 -0.045034 0.84006 0.540621
-3.86449 7.19527 49.7663 -0.0446903 0.84009 0.540602
-3.86033 6.90005 50.2277 -0.0452197 0.841509 0.538344
-3.85138 6.61116 50.6795 -0.0418586 0.843295 0.535818
-3.8449 6.34092 51.1044 -0.0379472 0.841447 0.539006
-3.84289 6.01794 51.6091 -0.0383663 0.842081 0.537985
-3.84513 5.63247 52.2125 -0.0313313 0.842877 0.537194
-3.85734 5.34482 52.6637 -0.0278494 0.844033 0.535568
-3.85719 5.06407 53.1055 -0.0278874 0.843971 0.535663
-3.86345 4.77867 53.5556 -0.0271582 0.843531 0.536389
-3.86542 4.47219 54.0353 -0.0275692 0.841993 0.538783
-3.85854 4.1031 54.611 -0.0273547 0.839832 0.542156
-3.85189 3.72591 55.1933 -0.0307439 0.838453 0.544105
-3.85621 3.43105 55.6468 -0.0297578 0.837738 0.545261
-3.87558 3.06818 56.2012 -0.028425 0.836211 0.547671
-3.87955 2.71155 56.7451 -0.0272373 0.835912 0.548187
-3.85891 2.39877 57.2231 -0.0265823 0.836064 0.547987
-4.0711 2.14365 57.6024 -0.0262614 0.836402 0.547487
-4.58707 2.1152 57.6211 -0.0264862 0.836652 0.547095
-5.18373 2.10937 57.6011 -0.0261541 0.837311 0.5461
-5.70538 2.11356 57.5679 -0.0305133 0.837732 0.545224
-6.35598 2.10407 57.5436 -0.0341624 0.839664 0.542031
-6.93287 2.0773 57.548 -0.0358765 0.840318 0.540905
-7.51452 2.05768 57.5401 -0.035366 0.841313 0.539389
-8.12758 2.05435 57.501 -0.0401545 0.841978 0.538016
-8.67002 2.04839 57.4669 -0.0453708 0.841741 0.537971
-9.19387 2.05017 57.4191 -0.0491489 0.842749 0.536048
-9.75514 2.06391 57.343 -0.0564562 0.844597 0.532389
-10.4085 2.05848 57.2763 -0.0651662 0.842452 0.534816
-10.9345 2.0564 57.2139 -0.0687996 0.842716 0.533944
-11.61 2.05048 57.1356 -0.0692624 0.843233 0.533067
-12.1477 2.06042 57.0489 -0.0763024 0.843102 0.532312
-12.7064 2.06479 56.9622 -0.0766008 0.847219 0.525692
-13.2642 2.06355 56.8742 -0.088764 0.848484 0.521722
-13.8783 2.06103 56.7707 -0.0941303 0.849882 0.518494
-14.4948 2.05635 56.6644 -0.0963717 0.851644 0.515183
-15.0575 2.04604 56.5728 -0.10351 0.8506 0.515512
-15.5884 2.04105 56.4699 -0.109094 0.848575 0.517705
-16.2813 2.0469 56.3042 -0.118919 0.848458 0.51573
-16.8446 2.04556 56.1741 -0.123756 0.846646 0.517567
-17.4109 2.04699 56.0322 -0.130181 0.847246 0.515002
-17.9027 2.03101 55.9329 -0.133202 0.847556 0.513717
-18.5278 2.01341 55.7962 -0.139747 0.846114 0.514356
-19.0901 2.02628 55.6201 -0.142716 0.846003 0.513722
-19.6097 2.03499 55.4603 -0.1458 0.847075 0.511076
-20.0977 2.04228 55.3048 -0.151033 0.846808 0.510005
-20.6026 2.04696 55.144 -0.158507 0.845975 0.509113
-21.0958 2.04587 54.9836 -0.174688 0.844381 0.506441
-21.6286 2.04644 54.7948 -0.178068 0.846978 0.500911
-22.2471 2.0506 54.5588 -0.184897 0.847526 0.497504
-22.8728 2.06355 54.306 -0.183584 0.847039 0.498814
-23.4964 2.05293 54.0846 -0.193972 0.847885 0.493423
-24.0746 2.04833 53.8659 -0.196302 0.851714 0.485832
-24.6386 2.04405 53.638 -0.204604 0.849749 0.485864
-25.1114 2.0384 53.4464 -0.20595 0.851877 0.481549
-25.6348 2.02459 53.2465 -0.205763 0.853694 0.478401
-26.13 2.00638 53.0629 -0.209453 0.854409 0.475515
-26.609 1.9961 52.8652 -0.213952 0.854078 0.474105
-27.1466 2.00217 52.6032 -0.227757 0.854452 0.46694
-27.666 2.01559 52.3243 -0.235086 0.852878 0.466191
-28.1168 2.02715 52.0736 -0.242403 0.850768 0.466298
-28.6673 2.04051 51.7613 -0.248952 0.847756 0.46833
-29.1066 2.04369 51.5134 -0.263652 0.846606 0.462318
-29.6198 2.0408 51.2224 -0.266648 0.847634 0.458711
-30.0876 2.04046 50.9502 -0.268125 0.847922 0.457315
-30.5658 2.03465 50.6767 -0.273795 0.847472 0.454783
-31.0552 2.03024 50.3775 -0.285216 0.847584 0.447495
-31.5249 2.02964 50.0721 -0.289474 0.849493 0.441097
-32.0054 2.01062 49.7909 -0.290637 0.850354 0.438667
-32.4564 1.99896 49.5119 -0.294547 0.849942 0.436848
-32.8956 1.992 49.2273 -0.296639 0.850287 0.43476
-33.3365 1.99083 48.9282 -0.299223 0.849025 0.435453
-33.7755 1.98928 48.6279 -0.299694 0.850069 0.433089
-34.2201 1.99839 48.2988 -0.30817 0.851867 0.423502
-34.6846 2.02043 47.9147 -0.310587 0.851896 0.421675
-35.1569 2.03428 47.5272 -0.318437 0.854099 0.411233
-35.5536 2.03663 47.2143 -0.320443 0.853915 0.410052
-35.9555 2.03548 46.9003 -0.322336 0.85411 0.408161
-36.3645 2.03026 46.5874 -0.333496 0.851112 0.405449
-36.8549 2.03379 46.175 -0.335012 0.850941 0.404556
-37.237 2.03778 45.8481 -0.338998 0.85027 0.402642
-37.6318 2.0403 45.5019 -0.345367 0.85189 0.393706
-38.1025 2.03607 45.0893 -0.356552 0.850747 0.386089
-38.5881 2.0308 44.6427 -0.361173 0.850137 0.383173
-39.1543 2.01746 44.1323 -0.360983 0.853349 0.376139
-39.5407 2.00593 43.7838 -0.362969 0.853848 0.373091
-39.9317 1.99978 43.4158 -0.363639 0.854121 0.371811
-40.3027 2.0043 43.0423 -0.364525 0.853983 0.37126
-40.7138 2.01387 42.6088 -0.37412 0.853515 0.362693
-41.0855 2.01633 42.2137 -0.381543 0.851049 0.360751
-41.4454 2.01204 41.8343 -0.389745 0.848255 0.358556
-41.812 2.00311 41.4547 -0.391529 0.847541 0.358302
-42.1756 2.00825 41.0419 -0.393164 0.847741 0.35603
-42.5705 2.01588 40.5863 -0.393642 0.848078 0.354697
-42.9908 2.01467 40.1094 -0.401422 0.847859 0.346394
-43.4079 2.01604 39.6152 -0.408812 0.846302 0.34153
-43.7878 2.01885 39.1522 -0.407002 0.847783 0.340016
-44.1628 2.04426 38.6368 -0.413174 0.844122 0.341655
-44.5154 2.05192 38.186 -0.417808 0.842492 0.340064
-44.8948 2.05717 37.6982 -0.421593 0.843505 0.332804
-45.264 2.06242 37.2116 -0.431079 0.840747 0.327574
-45.5591 2.06808 36.8035 -0.432978 0.841431 0.323299
-45.8519 2.07921 36.3815 -0.435776 0.839486 0.324594
-46.1515 2.09438 35.9336 -0.442795 0.8365 0.322802
-46.4667 2.11144 35.4387 -0.446628 0.839065 0.310618
-46.774 2.10588 35.0068 -0.448974 0.839034 0.307315
-47.0722 2.12036 34.5278 -0.451404 0.838531 0.305123
-47.4065 2.12547 34.0187 -0.455521 0.83562 0.306985
-47.6841 2.13263 33.5839 -0.457268 0.836001 0.303325
-47.9782 2.14462 33.0996 -0.465384 0.832808 0.299744
-48.2006 2.17901 32.6574 -0.46611 0.832546 0.299349
-48.0283 2.41357 32.2759 -0.464936 0.831885 0.302987
-47.6424 2.72574 32.0096 -0.464026 0.832357 0.303089
-47.183 3.08413 31.7255 -0.459329 0.832448 0.309914
-46.8072 3.37414 31.4983 -0.452276 0.836265 0.310011
-46.3705 3.70921 31.2343 -0.449644 0.835285 0.316416
-45.793 4.1282 30.9451 -0.446944 0.836521 0.316977
-45.4372 4.41089 30.7029 -0.445612 0.836292 0.319444
-45.0632 4.69989 30.465 -0.443272 0.837318 0.320013
-44.6655 4.99969 30.2266 -0.434678 0.840439 0.3236
-44.2342 5.32906 29.9461 -0.43166 0.842518 0.322231
-43.8052 5.62586 29.7365 -0.426366 0.845174 0.322324
-43.4076 5.90847 29.5237 -0.42617 0.844054 0.325503
-43.0401 6.17689 29.3091 -0.426404 0.843879 0.32565
-42.6688 6.45567 29.0723 -0.422256 0.844909 0.328372
-42.2488 6.76358 28.819 -0.420906 0.845735 0.327979
-41.8751 7.03321 28.6029 -0.420502 0.846144 0.327441
-41.4601 7.33116 28.3684 -0.422529 0.84468 0.32861
-41.0812 7.60521 28.153 -0.422075 0.844092 0.330699
-40.6868 7.89291 27.9246 -0.42195 0.843292 0.332892
-40.2368 8.22404 27.6533 -0.417116 0.844236 0.336571
-39.8149 8.52968 27.4021 -0.410798 0.848673 0.333165
-39.428 8.80427 27.1808 -0.407199 0.849026 0.336666
-39.0162 9.09898 26.936 -0.407761 0.848446 0.337446
-38.6414 9.37353 26.6998 -0.408835 0.847296 0.339031
-38.1971 9.69463 26.4359 -0.410101 0.846228 0.34017
-37.7789 9.9972 26.1869 -0.408298 0.847053 0.340284
-37.3243 10.3332 25.8949 -0.406793 0.847594 0.34074
-36.9411 10.6039 25.6783 -0.404613 0.847844 0.342707
-36.5435 10.882 25.4614 -0.405084 0.846845 0.344614
-36.1301 11.1706 25.2397 -0.405775 0.846205 0.345375
-35.714 11.4551 25.0316 -0.4062 0.845845 0.345755
-35.2774 11.7552 24.811 -0.406381 0.845404 0.346621
-34.8308 12.0912 24.5172 -0.408191 0.843891 0.348178
-34.4374 12.3867 24.2615 -0.406644 0.844328 0.348928
-34.0102 12.6904 24.0253 -0.406581 0.843693 0.350534
-33.5968 12.9917 23.7812 -0.40764 0.842895 0.351222
-33.1218 13.3307 23.5198 -0.409138 0.842309 0.350887
-32.7215 13.6135 23.308 -0.409482 0.842139 0.350895
-32.2817 13.9359 23.048 -0.409761 0.841535 0.352014
-31.7921 14.2869 22.7813 -0.410583 0.84032 0.353953
-31.4262 14.5599 22.5598 -0.411811 0.838584 0.356635
-30.8961 14.9582 22.2413 -0.412686 0.83669 0.360049
-30.4824 15.2617 22.0089 -0.411555 0.836662 0.361412
-29.9331 15.6681 21.6942 -0.411646 0.835307 0.36443
-29.4069 16.0698 21.374 -0.416304 0.831379 0.368097
-28.9861 16.3866 21.1363 -0.414945 0.831345 0.36971
-28.6132 16.6603 20.9372 -0.411338 0.832518 0.3711
-28.1829 16.9642 20.7291 -0.409138 0.835024 0.367887
-27.7836 17.2564 20.5088 -0.408084 0.834965 0.369189
-27.3712 17.5685 20.2621 -0.40982 0.833127 0.371411
-27.0135 17.8559 20.0125 -0.410343 0.83253 0.372173
-26.6322 18.1443 19.7864 -0.409785 0.83278 0.372226
-26.2319 18.4422 19.5582 -0.405107 0.83475 0.372932
-25.8572 18.7183 19.3486 -0.404882 0.833553 0.375839
-25.4541 19.0101 19.1381 -0.405459 0.832538 0.37747
-25.0495 19.317 18.8974 -0.401043 0.833056 0.381027
-24.6684 19.606 18.6635 -0.392814 0.83469 0.38597
-24.2286 19.9373 18.3989 -0.392033 0.834545 0.387098
-23.7353 20.2971 18.13 -0.390403 0.830397 0.397526
-23.3759 20.5706 17.9141 -0.390778 0.82903 0.400002
-22.8959 20.9421 17.6104 -0.38801 0.831044 0.398515
-22.5056 21.2358 17.3762 -0.384667 0.831312 0.401188
-22.1251 21.5202 17.1507 -0.38204 0.832109 0.402045
-21.7498 21.7892 16.9506 -0.378789 0.832027 0.405277
-21.3867 22.0596 16.7353 -0.37561 0.832567 0.407123
-21.0162 22.3285 16.5282 -0.37485 0.830631 0.41175
-20.6114 22.6164 16.3152 -0.373388 0.830748 0.412842
-20.1716 22.9321 16.08 -0.373891 0.829319 0.41525
-19.7713 23.2327 15.8374 -0.371763 0.830644 0.414516
-19.3601 23.5306 15.601 -0.362704 0.834483 0.414831
-18.8821 23.8779 15.3186 -0.358999 0.836035 0.414928
-18.3778 24.2417 15.0233 -0.354079 0.834871 0.421448
-17.8754 24.6056 14.7268 -0.35057 0.834502 0.425094
-17.4832 24.884 14.505 -0.351047 0.833638 0.426396
-16.9612 25.2816 14.1537 -0.346316 0.834537 0.4285
-16.509 25.6221 13.8542 -0.343787 0.833625 0.432297
-16.1387 25.9051 13.601 -0.337675 0.835844 0.432828
-15.6765 26.2763 13.247 -0.338272 0.835919 0.432213
-15.3008 26.5982 12.9151 -0.335445 0.83764 0.431087
-14.9749 26.8869 12.6072 -0.333889 0.838208 0.431191
-14.6298 27.2114 12.2448 -0.335513 0.837491 0.431323
-14.3659 27.4894 11.911 -0.336834 0.836798 0.431637
-14.1103 27.7802 11.5473 -0.338542 0.83648 0.430917
-13.8636 28.0849 11.1502 -0.340946 0.835664 0.430603
-13.639 28.3952 10.7259 -0.344134 0.835115 0.429127
-13.4533 28.6825 10.3171 -0.346823 0.834445 0.428268
-13.2604 29.0206 9.81567 -0.350792 0.833932 0.426031
-13.114 29.3329 9.32529 -0.359017 0.832329 0.422298
-13.0165 29.649 8.77716 -0.365135 0.833616 0.414415
-12.9915 29.8897 8.31373 -0.368303 0.835132 0.408543
-12.9634 30.1559 7.79344 -0.382972 0.830053 0.405395
-12.9354 30.4028 7.3068 -0.388908 0.834873 0.389478
-12.9199 30.6198 6.8497 -0.393952 0.835776 0.382462
-12.9835 30.8099 6.35708 -0.399582 0.841378 0.363735
-13.0264 30.9986 5.85926 -0.412424 0.843542 0.343735
-13.1306 31.1366 5.37841 -0.408299 0.853039 0.324775
-13.2441 31.2631 4.88152 -0.426775 0.854804 0.295236
-13.3896 31.3995 4.25395 -0.447587 0.852354 0.270479
-13.537 31.4866 3.72265 -0.451455 0.85759 0.245949
-13.6847 31.5571 3.15181 -0.47249 0.860691 0.189624
-13.8056 31.6104 2.58686 -0.473066 0.863601 0.174361
-13.8785 31.6615 2.08059 -0.478928 0.866408 0.141299
-13.9236 31.7308 1.43234 -0.475682 0.8717 0.11775
-13.943 31.7814 0.862883 -0.47782 0.873846 0.0898662
-13.9721 31.8062 0.362548 -0.483244 0.873324 0.0604959
-13.954 31.8456 -0.208532 -0.476556 0.878123 0.0423674
-13.9328 31.8739 -0.773658 -0.471819 0.881685 0.00422614
-13.8795 31.8829 -1.48328 -0.467971 0.88157 -0.0591419
-13.7757 31.8699 -2.17033 -0.470239 0.875942 -0.107707
-13.6685 31.8533 -2.71702 -0.466799 0.874941 -0.128703
-13.5396 31.8026 -3.33593 -0.457458 0.869622 -0.185657
-13.4146 31.7481 -3.86877 -0.444083 0.868127 -0.221688
-13.2734 31.6742 -4.42158 -0.446462 0.861435 -0.242079
-13.1207 31.5478 -5.1018 -0.425941 0.861599 -0.275747
-13.0265 31.432 -5.58519 -0.41547 0.858997 -0.29897
-12.9687 31.2729 -6.1027 -0.4072 0.856303 -0.317631
-12.9304 31.0881 -6.63147 -0.401903 0.850839 -0.338449
-12.8958 30.8753 -7.18838 -0.390288 0.850295 -0.353089
-12.8842 30.6327 -7.76029 -0.381327 0.847513 -0.369201
-12.9341 30.4007 -8.22453 -0.375218 0.843304 -0.38476
-13.0171 30.1577 -8.66188 -0.369778 0.840542 -0.395919
-13.1388 29.8153 -9.26678 -0.363423 0.838692 -0.405601
-13.2774 29.5442 -9.70223 -0.360031 0.838763 -0.408471
-13.4775 29.1851 -10.2597 -0.356049 0.837003 -0.415517
-13.6778 28.8985 -10.6668 -0.350677 0.836933 -0.4202
-13.9106 28.5814 -11.1054 -0.346765 0.838621 -0.420081
-14.1672 28.2419 -11.5733 -0.342474 0.839841 -0.421162
-14.4081 27.9599 -11.9418 -0.337915 0.841491 -0.42155
-14.6762 27.6767 -12.2914 -0.337531 0.841112 -0.422615
-15.0211 27.3429 -12.68 -0.336621 0.840978 -0.423606
-15.3336 27.0617 -12.9899 -0.336882 0.840857 -0.423638
-15.711 26.7601 -13.2879 -0.338665 0.8404 -0.423124
-16.1717 26.3951 -13.6425 -0.339067 0.83979 -0.424011
-16.5295 26.1314 -13.8777 -0.340768 0.839427 -0.423367
-16.9789 25.795 -14.1829 -0.341202 0.839434 -0.423002
-17.3404 25.5285 -14.4203 -0.343761 0.839127 -0.421538
-17.7566 25.2373 -14.66 -0.346823 0.838335 -0.420605
-18.1334 24.975 -14.872 -0.34603 0.83745 -0.423015
-18.6096 24.6379 -15.1447 -0.351677 0.836989 -0.419253
-18.9982 24.3593 -15.3714 -0.355919 0.835287 -0.419067
-19.3939 24.0717 -15.6119 -0.354079 0.837186 -0.41683
-19.812 23.769 -15.8608 -0.359372 0.83501 -0.416666
-20.2012 23.4915 -16.0817 -0.360023 0.835882 -0.414349
-20.586 23.2218 -16.2897 -0.36169 0.83574 -0.413181
-20.9902 22.9338 -16.517 -0.363564 0.836967 -0.409032
-21.3728 22.6578 -16.7415 -0.365828 0.837012 -0.406917
-21.8072 22.3431 -16.9983 -0.368761 0.83726 -0.403747
-22.2231 22.0451 -17.2382 -0.371295 0.838157 -0.39954
-22.7058 21.695 -17.5244 -0.37496 0.837727 -0.397011
-23.1533 21.3569 -17.814 -0.377307 0.836817 -0.396707
-23.5346 21.0727 -18.0504 -0.377736 0.837242 -0.395401
-23.9148 20.7888 -18.2885 -0.377105 0.83887 -0.392541
-24.3768 20.4514 -18.5661 -0.377692 0.839937 -0.389686
-24.751 20.1794 -18.7886 -0.37975 0.840829 -0.385741
-25.1331 19.9086 -19.0024 -0.381578 0.840928 -0.383713
-25.5123 19.6372 -19.2206 -0.385711 0.84111 -0.379119
-25.8838 19.3695 -19.4299 -0.393422 0.838492 -0.377008
-26.2642 19.0871 -19.667 -0.396665 0.840481 -0.369113
-26.6602 18.8051 -19.8808 -0.398985 0.839315 -0.369271
-27.0953 18.4999 -20.1064 -0.401789 0.839793 -0.365121
-27.5686 18.1707 -20.3424 -0.401404 0.839674 -0.365817
-27.9647 17.8958 -20.5388 -0.402542 0.840288 -0.363148
-28.3726 17.6066 -20.7556 -0.402815 0.841126 -0.360898
-28.7923 17.2986 -21.006 -0.402455 0.841895 -0.359503
-29.1922 17.004 -21.2504 -0.400975 0.843243 -0.357994
-29.5963 16.7041 -21.5042 -0.401523 0.842999 -0.357954
-29.9629 16.427 -21.7443 -0.406216 0.841037 -0.357269
-30.4084 16.1113 -21.9819 -0.408861 0.841076 -0.354146
-30.7821 15.8359 -22.2039 -0.409923 0.841576 -0.351729
-31.1668 15.542 -22.4519 -0.41544 0.839321 -0.350643
-31.6203 15.2092 -22.7124 -0.41506 0.839916 -0.349666
-32.0453 14.905 -22.9386 -0.415388 0.841154 -0.34628
-32.5131 14.5577 -23.2264 -0.413303 0.843347 -0.343434
-32.9222 14.2654 -23.452 -0.412875 0.843976 -0.342403
-33.3193 13.9837 -23.6628 -0.416639 0.842265 -0.342054
-33.7329 13.6787 -23.9092 -0.420553 0.840391 -0.34185
-34.1793 13.3425 -24.1856 -0.422135 0.841659 -0.336766
-34.7096 12.953 -24.4992 -0.418722 0.844016 -0.335125
-35.1208 12.6582 -24.7256 -0.42193 0.842877 -0.333966
-35.5625 12.3427 -24.9635 -0.422449 0.842704 -0.333746
-36.0163 12.0091 -25.2302 -0.426058 0.842798 -0.328887
-36.4057 11.7178 -25.4663 -0.431519 0.838694 -0.33224
-36.7701 11.4443 -25.6827 -0.435519 0.837724 -0.329455
-37.2843 11.0609 -25.9793 -0.434854 0.83849 -0.328384
-37.7558 10.7027 -26.2699 -0.435203 0.838286 -0.328444
-38.159 10.4007 -26.5059 -0.435494 0.83786 -0.329142
-38.6749 10.011 -26.8176 -0.433436 0.83889 -0.329236
-39.1509 9.66965 -27.0632 -0.436389 0.840837 -0.320246
-39.5382 9.392 -27.268 -0.436482 0.842515 -0.315659
-39.9128 9.11182 -27.4947 -0.43929 0.841713 -0.313916
-40.2917 8.82923 -27.7195 -0.441842 0.840194 -0.314404
-40.6963 8.53217 -27.9447 -0.443536 0.840013 -0.312498
-41.0791 8.24467 -28.1743 -0.443543 0.840002 -0.312517
-41.4361 7.97053 -28.4049 -0.443603 0.840155 -0.31202
-41.8239 7.67877 -28.6424 -0.441983 0.842229 -0.308708
-42.2197 7.38834 -28.8689 -0.441815 0.843232 -0.306202
-42.5858 7.11453 -29.099 -0.438845 0.845539 -0.304103
-43.0589 6.77231 -29.3685 -0.438475 0.845886 -0.303673
-43.5438 6.4393 -29.596 -0.438504 0.845924 -0.303524
-44.0372 6.08962 -29.8568 -0.440323 0.845486 -0.302108
-44.4156 5.81652 -30.0679 -0.441738 0.845067 -0.30121
-44.7749 5.54808 -30.296 -0.441217 0.845858 -0.299753
-45.1505 5.27119 -30.5191 -0.447791 0.845194 -0.291771
-45.5305 4.98865 -30.7533 -0.448831 0.844783 -0.291363
-45.9312 4.6904 -31.0016 -0.448857 0.844939 -0.290871
-46.436 4.3114 -31.3169 -0.453349 0.843234 -0.288834
-46.9006 3.97784 -31.556 -0.460777 0.84119 -0.282991
-47.3486 3.64492 -31.8087 -0.466707 0.838055 -0.282569
-47.7102 3.36358 -32.0488 -0.46606 0.840106 -0.277497
-48.1248 3.04837 -32.3006 -0.471605 0.83646 -0.279141
-48.5249 2.75496 -32.5008 -0.478592 0.833104 -0.277286
-48.9179 2.45075 -32.7328 -0.482495 0.830501 -0.278327
-49.1821 2.15304 -33.1597 -0.483737 0.82897 -0.280727
-48.9446 2.12087 -33.6619 -0.481106 0.830763 -0.279947
-48.5906 2.11206 -34.2953 -0.477635 0.83253 -0.28063
-48.2852 2.09744 -34.8487 -0.47147 0.836391 -0.279583
-48.0416 2.08294 -35.2899 -0.457754 0.840292 -0.290467
-47.6972 2.07381 -35.8595 -0.450939 0.843615 -0.291492
-47.3692 2.0768 -36.3532 -0.449437 0.843042 -0.295445
-47.0249 2.07708 -36.8664 -0.443706 0.844593 -0.299644
-46.7143 2.08157 -37.3073 -0.442488 0.84265 -0.306833
-46.3521 2.07781 -37.8363 -0.440781 0.842659 -0.309253
-45.9972 2.08092 -38.3223 -0.433905 0.842268 -0.319862
-45.672 2.08025 -38.7595 -0.428036 0.842918 -0.325998
-45.312 2.07642 -39.2397 -0.426753 0.842842 -0.32787
-44.9825 2.06719 -39.688 -0.424219 0.84216 -0.332874
-44.6778 2.05563 -40.1056 -0.423962 0.842303 -0.332839
-44.3261 2.06663 -40.5188 -0.419282 0.842754 -0.337592
-44.146 2.08128 -40.706 -0.419236 0.842997 -0.337041
-7.21931 34.6821 -5.92442 -0.495934 0.753262 -0.432008
-6.83016 34.7046 -6.31464 -0.481174 0.742506 -0.465543
-6.40852 34.7151 -6.6992 -0.445804 0.740129 -0.503456
-5.92578 34.7189 -7.10488 -0.425158 0.727901 -0.537959
-5.51788 34.7206 -7.41084 -0.405338 0.726078 -0.555438
-4.97365 34.7043 -7.8019 -0.378944 0.718972 -0.58265
-4.46795 34.7085 -8.11449 -0.362982 0.71734 -0.594699
-3.91283 34.7288 -8.39686 -0.324493 0.724191 -0.608483
-3.45212 34.7509 -8.60033 -0.276084 0.723137 -0.633126
-2.86662 34.748 -8.84902 -0.244955 0.725727 -0.642825
-2.21848 34.7373 -9.08891 -0.21416 0.733428 -0.645094
-1.64976 34.7424 -9.25864 -0.18612 0.740501 -0.645769
-1.14191 34.7449 -9.39565 -0.171696 0.747528 -0.641656
-0.597389 34.7439 -9.52773 -0.142012 0.757393 -0.63716
0.0509101 34.7475 -9.64415 -0.0995328 0.752689 -0.65081
0.688844 34.7595 -9.7147 -0.0700434 0.762361 -0.643201
1.32559 34.7652 -9.74644 -0.00941553 0.756876 -0.65349
2.03044 34.7832 -9.71289 0.0176656 0.762419 -0.646542
2.64839 34.8258 -9.60267 0.105988 0.763324 -0.635951
3.1319 34.8491 -9.46229 0.18999 0.780428 -0.595682
3.67758 34.8739 -9.24152 0.252631 0.774676 -0.579544
4.19158 34.8901 -8.98426 0.29426 0.770797 -0.565051
4.63568 34.9039 -8.72299 0.327256 0.776413 -0.53858
5.1247 34.9 -8.40774 0.371498 0.772674 -0.514746
5.68447 34.8555 -8.00905 0.41023 0.793998 -0.448642
6.10594 34.8126 -7.63277 0.47929 0.790101 -0.382129
6.42995 34.7974 -7.2492 0.486245 0.790656 -0.372055
6.73022 34.7975 -6.84041 0.494263 0.794311 -0.353234
7.00778 34.7969 -6.42009 0.52211 0.79021 -0.320889
7.26822 34.7992 -5.97995 0.569362 0.761795 -0.309024
7.53326 34.7925 -5.48147 0.599414 0.755934 -0.263184
7.79775 34.7927 -4.84906 0.625677 0.744352 -0.233383
8.00093 34.7928 -4.26127 0.611631 0.767213 -0.193111
8.1854 34.7775 -3.68489 0.631385 0.757751 -0.164824
8.33318 34.7668 -3.12302 0.663931 0.734739 -0.139119
8.44817 34.7493 -2.62472 0.65837 0.743675 -0.116177
8.55561 34.7273 -2.1277 0.648478 0.754781 -0.0986238
8.64651 34.7094 -1.59221 0.652139 0.754639 -0.0723512
8.71043 34.7023 -0.995107 0.654588 0.754653 -0.0448685
8.72578 34.7127 -0.464998 0.649826 0.759855 -0.0185795
8.71622 34.7239 0.134167 0.653259 0.756249 0.0320601
8.66601 34.7224 0.770058 0.642752 0.763522 0.0619281
8.58287 34.7314 1.41069 0.646139 0.758792 0.0820931
8.46862 34.7473 2.02662 0.641542 0.759243 0.109341
8.30904 34.7793 2.62798 0.639735 0.756578 0.13487
8.14179 34.8177 3.13123 0.645219 0.746418 0.16295
7.96141 34.8372 3.59926 0.612234 0.75313 0.240273
7.70522 34.8462 4.18354 0.598865 0.744466 0.295179
7.41843 34.8373 4.76133 0.580094 0.75376 0.308768
7.13807 34.8221 5.26444 0.539417 0.769685 0.340846
6.84089 34.7965 5.74726 0.508727 0.778242 0.368152
6.54469 34.7861 6.15768 0.488142 0.781725 0.388103
6.18935 34.8047 6.54569 0.463374 0.782564 0.415785
5.77189 34.8332 6.93608 0.446117 0.777722 0.442765
5.33591 34.8501 7.32013 0.408422 0.783746 0.467903
4.85811 34.8697 7.67056 0.379417 0.777173 0.50204
4.43993 34.866 7.948 0.328787 0.770341 0.546215
3.90757 34.8551 8.23272 0.249565 0.774035 0.581214
3.4444 34.8294 8.45235 0.232624 0.756199 0.611321
2.82501 34.8017 8.66004 0.135009 0.761985 0.632818
2.27843 34.7768 8.78163 0.0556829 0.777333 0.626621
1.6718 34.7548 8.85401 0.0345175 0.764545 0.643644
1.07006 34.7295 8.88257 -0.0316246 0.754714 0.655291
0.439214 34.7139 8.85719 -0.0557313 0.745339 0.664352
-0.123174 34.7199 8.78963 -0.0827094 0.735051 0.672824
-0.678769 34.7222 8.70278 -0.128749 0.731662 0.669397
-1.21296 34.7059 8.61186 -0.150242 0.729777 0.666973
-1.72539 34.6879 8.50646 -0.173982 0.725695 0.665646
-2.23736 34.6765 8.36899 -0.210792 0.722764 0.658067
-2.7294 34.6848 8.18315 -0.240728 0.717401 0.653747
-3.22702 34.6968 7.9669 -0.272363 0.714649 0.644277
-3.74147 34.6978 7.72704 -0.303096 0.719294 0.625079
-4.29105 34.6932 7.45077 -0.340856 0.722521 0.601482
-4.7724 34.6979 7.16147 -0.363153 0.7331 0.575052
-5.21613 34.6877 6.88864 -0.378346 0.722776 0.578316
-5.69445 34.6769 6.56649 -0.410291 0.729988 0.546389
-6.09498 34.6618 6.26719 -0.443657 0.729913 0.519928
-6.48538 34.6554 5.94559 -0.440223 0.733354 0.518064
-6.92111 34.6722 5.52892 -0.456898 0.735794 0.499692
-7.29894 34.679 5.1419 -0.488973 0.746235 0.451705
-7.64245 34.6804 4.75671 -0.511626 0.74118 0.434616
-7.98364 34.6955 4.29925 -0.54901 0.736203 0.395718
-8.25675 34.7191 3.84971 -0.564809 0.744431 0.356108
-8.48317 34.7545 3.39923 -0.572124 0.753335 0.324217
-8.70233 34.7842 2.91288 -0.58107 0.765873 0.275031
-8.9041 34.8061 2.39338 -0.616521 0.752823 0.230564
-9.09823 34.8111 1.81614 -0.607073 0.771546 0.190209
-9.24005 34.8027 1.33366 -0.624933 0.766362 0.148824
-9.37109 34.8115 0.649896 -0.62268 0.775461 0.102389
-9.42358 34.806 0.149208 -0.62728 0.77878 -0.00469884
-9.42912 34.7934 -0.361177 -0.624426 0.780348 -0.0338921
-9.41127 34.7728 -0.874705 -0.617112 0.781621 -0.090785
-9.32522 34.7637 -1.49039 -0.612926 0.782716 -0.107737
-9.21151 34.7602 -2.03297 -0.59893 0.787938 -0.142507
-9.07148 34.7558 -2.55459 -0.590487 0.781084 -0.202969
-8.91111 34.7459 -3.04572 -0.588187 0.778364 -0.219142
-8.70852 34.7395 -3.50689 -0.578375 0.769322 -0.271312
-8.49571 34.728 -3.969 -0.573014 0.760595 -0.305205
-8.264 34.7095 -4.42152 -0.556916 0.756767 -0.342268
-8.0044 34.6927 -4.86999 -0.5388 0.764186 -0.354563
-7.67796 34.6848 -5.36215 -0.526811 0.762887 -0.374799
-7.35637 34.6786 -5.77186 -0.49623 0.754966 -0.428697
-11.0508 24.7928 19.2491 -0.276114 0.846343 0.455482
-11.5296 24.5063 19.4871 -0.281826 0.843829 0.456641
-11.9168 24.2342 19.751 -0.287824 0.846044 0.44874
-12.3752 23.9043 20.0825 -0.2839 0.849847 0.44402
-12.883 23.5702 20.3973 -0.289664 0.847873 0.444079
-13.3746 23.2435 20.687 -0.299217 0.839072 0.454342
-13.767 22.9849 20.903 -0.300919 0.83593 0.458987
-14.1674 22.7295 21.1064 -0.299519 0.837407 0.457198
-14.5615 22.4684 21.3248 -0.304031 0.8373 0.454412
-14.9862 22.1799 21.5746 -0.30222 0.83937 0.451796
-15.3802 21.9194 21.7963 -0.301591 0.840165 0.450739
-15.7723 21.6523 22.034 -0.301469 0.841243 0.448806
-16.1942 21.3706 22.2845 -0.300391 0.844645 0.443103
-16.5726 21.1198 22.5052 -0.300096 0.844191 0.444167
-17.0173 20.8302 22.7529 -0.302072 0.843585 0.443978
-17.4543 20.5468 22.9927 -0.306721 0.843678 0.440601
-17.9445 20.2051 23.3034 -0.314289 0.842306 0.437884
-18.4276 19.8618 23.6133 -0.317325 0.840972 0.438257
-18.9052 19.5305 23.9067 -0.316411 0.843563 0.433919
-19.298 19.2616 24.1441 -0.316061 0.845335 0.430706
-19.6707 19.0104 24.3641 -0.316574 0.845792 0.429438
-20.1168 18.7067 24.6346 -0.319176 0.848644 0.421817
-20.5182 18.4333 24.8792 -0.321657 0.845987 0.425256
-20.9417 18.1452 25.1334 -0.32603 0.847704 0.418451
-21.4416 17.8066 25.4214 -0.334038 0.842566 0.42248
-21.8477 17.5162 25.6637 -0.343752 0.838041 0.423694
-22.2133 17.2492 25.8934 -0.349541 0.836277 0.422422
-22.652 16.9335 26.1528 -0.35236 0.837982 0.416688
-23.0543 16.646 26.3923 -0.352774 0.839319 0.413635
-23.45 16.3695 26.62 -0.351033 0.84176 0.410142
-23.9058 16.0542 26.8809 -0.348856 0.842934 0.409588
-24.3638 15.7334 27.1503 -0.35063 0.844039 0.405771
-24.8938 15.3893 27.4051 -0.351462 0.842274 0.408717
-25.2766 15.1272 27.6157 -0.356206 0.842404 0.404317
-25.7575 14.792 27.8848 -0.36301 0.841516 0.400094
-26.144 14.5206 28.1043 -0.360678 0.840101 0.405139
-26.6679 14.1549 28.3952 -0.365853 0.837565 0.405754
-27.053 13.8869 28.603 -0.368073 0.842513 0.393312
-27.5012 13.5745 28.8494 -0.37219 0.841976 0.390577
-27.949 13.2541 29.1144 -0.368438 0.842467 0.393056
-28.3129 12.9911 29.3395 -0.376951 0.844096 0.381324
-28.7437 12.6801 29.6036 -0.376146 0.845057 0.379991
-29.1625 12.3792 29.8586 -0.376074 0.845125 0.379911
-29.5748 12.0852 30.1041 -0.376669 0.845532 0.378412
-29.9816 11.8011 30.3402 -0.370866 0.8487 0.377049
-30.3854 11.5267 30.5691 -0.361787 0.854826 0.371999
-30.7846 11.2603 30.7947 -0.359976 0.856011 0.371029
-31.1929 10.99 31.0221 -0.359599 0.856368 0.370571
-31.6317 10.7039 31.2579 -0.359661 0.85653 0.370136
-32.1028 10.3974 31.5094 -0.359854 0.856554 0.369892
-32.5577 10.0965 31.7621 -0.361154 0.855844 0.370269
-32.9474 9.83096 31.9955 -0.362012 0.855621 0.369945
-33.3486 9.55163 32.2483 -0.362606 0.855382 0.369917
-33.7539 9.26785 32.507 -0.362713 0.855332 0.369928
-34.159 8.98715 32.7582 -0.364095 0.855413 0.368379
-34.5535 8.71786 32.994 -0.363951 0.855405 0.36854
-34.944 8.45376 33.2214 -0.364579 0.855809 0.366977
-35.3198 8.19816 33.4397 -0.371069 0.855844 0.360325
-35.7418 7.91566 33.682 -0.369928 0.85858 0.354955
-36.1619 7.63911 33.9087 -0.375137 0.860103 0.345679
-36.5828 7.3511 34.1614 -0.384595 0.858792 0.338472
-37.0162 7.04967 34.4234 -0.390522 0.854709 0.342003
-37.4413 6.76705 34.6462 -0.390374 0.855361 0.340537
-37.9556 6.41947 34.9277 -0.391735 0.854497 0.341143
-38.3682 6.11003 35.2274 -0.392568 0.853997 0.341437
-38.2725 5.97977 35.6637 -0.39228 0.853754 0.342374
-37.9311 5.96657 36.0856 -0.391124 0.853488 0.344355
-37.5537 5.95302 36.5438 -0.386898 0.853793 0.348351
-37.1541 5.95523 36.9774 -0.380031 0.856634 0.348932
-36.7861 5.94106 37.4078 -0.372563 0.858378 0.35268
-36.3342 5.92583 37.9204 -0.371993 0.857893 0.354458
-35.9267 5.91881 38.3548 -0.366417 0.85865 0.358405
-35.4655 5.93062 38.7939 -0.357039 0.862239 0.35922
-35.0679 5.94791 39.1414 -0.35144 0.863986 0.360579
-34.6764 5.95489 39.4955 -0.347352 0.860334 0.373059
-34.2813 5.95246 39.8683 -0.336539 0.858934 0.385767
-33.8725 5.93778 40.242 -0.316692 0.86476 0.389738
-33.4135 5.92362 40.6414 -0.317684 0.861013 0.397157
-33.0142 5.91595 40.975 -0.317767 0.860027 0.399221
-32.5968 5.90997 41.3186 -0.315208 0.860782 0.399621
-32.162 5.91034 41.6576 -0.310106 0.863593 0.397543
-31.6771 5.89559 42.0573 -0.30019 0.864017 0.404179
-31.2298 5.88628 42.409 -0.297424 0.865808 0.402387
-30.7933 5.88761 42.7274 -0.296143 0.865894 0.403146
-30.3169 5.8831 43.0794 -0.288283 0.86719 0.406041
-29.8216 5.87388 43.4401 -0.279583 0.866866 0.412766
-29.369 5.86177 43.7711 -0.277583 0.867773 0.412211
-28.9009 5.86036 44.0871 -0.275285 0.867173 0.415004
-28.4671 5.86622 44.3574 -0.265917 0.871096 0.412893
-28.0047 5.86657 44.6421 -0.254048 0.871117 0.420256
-27.5707 5.8689 44.8913 -0.246119 0.872898 0.421277
-27.1458 5.85328 45.1695 -0.243574 0.873474 0.421562
-26.5942 5.84562 45.5045 -0.24433 0.872656 0.422817
-26.1653 5.8389 45.7642 -0.238826 0.8724 0.426473
-25.6223 5.83465 46.0742 -0.234201 0.872445 0.42894
-25.1592 5.84386 46.3014 -0.227909 0.868564 0.440061
-24.6707 5.85069 46.5352 -0.21903 0.868118 0.445417
-24.1848 5.8564 46.7642 -0.221459 0.867004 0.446385
-23.5912 5.85721 47.0558 -0.219521 0.867553 0.446277
-23.0755 5.86685 47.2857 -0.216878 0.865115 0.452252
-22.5488 5.88767 47.4939 -0.210823 0.864736 0.455835
-22.0622 5.89258 47.7043 -0.204095 0.863271 0.461635
-21.5708 5.89972 47.9027 -0.196292 0.864716 0.462313
-21.0497 5.90273 48.1148 -0.191851 0.865472 0.462766
-20.3773 5.91989 48.3502 -0.179097 0.868055 0.463039
-19.7189 5.91279 48.6161 -0.171703 0.86734 0.46712
-19.03 5.9043 48.8757 -0.167825 0.862529 0.477366
-18.5332 5.91268 49.0348 -0.168164 0.860803 0.480353
-17.8732 5.93796 49.2215 -0.169176 0.860622 0.480322
-17.3451 5.95003 49.379 -0.155296 0.860747 0.484731
-16.8314 5.96256 49.516 -0.152391 0.854415 0.496708
-16.254 5.96783 49.6752 -0.141339 0.855172 0.498687
-15.7615 5.97703 49.7935 -0.135486 0.854992 0.500632
-15.2561 5.99564 49.8983 -0.134696 0.855279 0.500354
-14.7676 6.00697 50.0102 -0.134199 0.854563 0.501709
-14.2534 6.01906 50.1261 -0.134167 0.853962 0.502739
-13.7462 6.02541 50.2463 -0.125446 0.853518 0.505713
-13.2457 6.03364 50.3506 -0.119569 0.84978 0.513397
-12.6656 6.05868 50.4337 -0.104734 0.852384 0.512316
-12.173 6.05858 50.532 -0.102128 0.852253 0.513064
-11.6671 6.06649 50.6162 -0.096372 0.850049 0.517812
-11.3718 6.29405 50.2965 -0.094668 0.851272 0.516112
-11.3656 6.55352 49.8693 -0.0957738 0.851232 0.515976
-11.3789 6.85917 49.3665 -0.0999147 0.848929 0.51897
-11.3916 7.15334 48.8858 -0.105319 0.846235 0.522297
-11.4041 7.46806 48.3733 -0.104469 0.846696 0.521721
-11.4029 7.75976 47.9022 -0.109909 0.844408 0.524305
-11.3805 8.06705 47.4171 -0.111763 0.839802 0.531264
-11.3878 8.34897 46.9687 -0.118174 0.841866 0.526588
-11.3959 8.65344 46.4836 -0.121543 0.840026 0.528717
-11.3936 8.96267 45.9781 -0.117414 0.848757 0.515582
-11.3639 9.31077 45.4107 -0.111184 0.848935 0.516661
-11.3451 9.57721 44.9793 -0.11307 0.846183 0.520758
-11.3422 9.91126 44.438 -0.119589 0.844307 0.522344
-11.3569 10.2776 43.8413 -0.118364 0.846368 0.519277
-11.3528 10.6191 43.2831 -0.131442 0.845689 0.517236
-11.3459 10.8829 42.8504 -0.135321 0.849033 0.510716
-11.3459 11.206 42.3144 -0.136485 0.847713 0.512595
-11.3546 11.4685 41.87 -0.138235 0.854279 0.501087
-11.3401 11.7636 41.3678 -0.146138 0.856002 0.495887
-11.3453 12.0384 40.894 -0.154593 0.853662 0.497353
-11.3523 12.3169 40.4163 -0.155852 0.851652 0.500395
-11.332 12.577 39.9783 -0.157545 0.852672 0.498126
-11.3113 12.9066 39.4191 -0.160362 0.853846 0.495208
-11.3309 13.1698 38.9581 -0.166991 0.852697 0.494996
-11.3416 13.4433 38.4862 -0.172002 0.849378 0.498972
-11.3309 13.8045 37.8805 -0.174773 0.846271 0.50327
-11.3267 14.0637 37.4475 -0.175073 0.845205 0.504954
-11.313 14.3271 37.012 -0.176771 0.844079 0.506244
-11.3229 14.6437 36.4848 -0.173251 0.841057 0.512445
-11.3318 14.9558 35.9752 -0.17306 0.836319 0.520213
-11.3351 15.2475 35.5046 -0.171214 0.837205 0.519397
-11.3391 15.5161 35.0698 -0.169403 0.838272 0.518268
-11.3161 15.8317 34.5658 -0.172822 0.838135 0.51736
-11.2806 16.138 34.0795 -0.171561 0.840069 0.514636
-11.2849 16.403 33.6451 -0.171933 0.841242 0.512588
-11.2897 16.7069 33.1409 -0.179687 0.838981 0.513638
-11.2806 16.9826 32.6894 -0.188741 0.844243 0.501629
-11.2738 17.2578 32.2335 -0.188692 0.840147 0.508475
-11.276 17.5536 31.7367 -0.197417 0.842706 0.500871
-11.2827 17.867 31.2096 -0.197893 0.840596 0.504219
-11.2941 18.1812 30.6832 -0.198785 0.839197 0.506194
-11.3016 18.5213 30.1146 -0.20534 0.839115 0.503708
-11.283 18.7986 29.6595 -0.202971 0.839755 0.503601
-11.2688 19.0793 29.1911 -0.207951 0.841897 0.497953
-11.2492 19.436 28.5984 -0.216209 0.839094 0.499124
-11.2338 19.7386 28.0932 -0.229626 0.841616 0.48883
-11.2166 20.0402 27.5999 -0.235498 0.831227 0.503576
-11.1984 20.339 27.1001 -0.22422 0.84077 0.492776
-11.1906 20.6254 26.6186 -0.217917 0.84665 0.485471
-11.2143 20.8747 26.1685 -0.232341 0.845691 0.480437
-11.203 21.2148 25.5696 -0.222763 0.849162 0.478849
-11.211 21.5118 25.0341 -0.238243 0.847327 0.474624
-11.2298 21.8314 24.462 -0.241594 0.841951 0.482442
-11.2412 22.1554 23.8923 -0.247274 0.839013 0.484677
-11.24 22.4843 23.3197 -0.248926 0.841444 0.479586
-11.218 22.7387 22.8839 -0.254607 0.840094 0.478975
-11.219 23.0053 22.4161 -0.263017 0.839004 0.476329
-11.2039 23.3006 21.8963 -0.257999 0.842331 0.47319
-11.1831 23.6544 21.2728 -0.263193 0.844831 0.465822
-11.1706 23.9523 20.7305 -0.270105 0.847796 0.456379
-11.1373 24.2281 20.2399 -0.272499 0.846215 0.457892
-11.0956 24.4893 19.7813 -0.274705 0.843585 0.461413
-11.0781 24.7305 19.3482 -0.276112 0.846343 0.455484
22.2912 25.1637 0.0440556 0.538882 0.842052 0.0235387
22.722 24.8822 0.270492 0.539123 0.841879 0.024216
23.1149 24.6253 0.463674 0.537891 0.84264 0.0251205
23.5341 24.3525 0.670421 0.536324 0.843666 0.0241519
23.9223 24.1008 0.876842 0.533466 0.845328 0.0288821
24.3473 23.8272 1.09294 0.531098 0.846732 0.0311157
24.7589 23.5574 1.31664 0.533277 0.845328 0.0320675
25.1629 23.2925 1.56537 0.532069 0.845907 0.036618
25.678 22.9581 1.81159 0.530748 0.846601 0.0396617
26.1211 22.667 2.07164 0.534211 0.844334 0.0414244
26.5419 22.3884 2.3208 0.532774 0.845063 0.044876
26.9415 22.1236 2.53413 0.534584 0.84382 0.0467642
27.421 21.8048 2.79618 0.536104 0.842953 0.0449804
27.8209 21.5382 3.04353 0.533185 0.844847 0.0441298
28.2412 21.2598 3.28418 0.528004 0.847736 0.0504821
28.6557 20.9863 3.54216 0.528288 0.847375 0.053547
29.1092 20.6802 3.80107 0.537616 0.840643 0.0654837
29.4949 20.4213 4.00193 0.537032 0.841124 0.0638773
29.9191 20.1281 4.23988 0.538627 0.839417 0.0723677
30.3335 19.8443 4.46075 0.537143 0.840007 0.0765888
30.7401 19.5626 4.69094 0.536234 0.839919 0.0836045
31.1744 19.2591 4.95743 0.537925 0.839349 0.0782599
31.5628 18.9891 5.19386 0.536844 0.84051 0.0729568
31.999 18.6869 5.46057 0.533469 0.841502 0.0853496
32.4457 18.3771 5.72037 0.533674 0.841213 0.0869072
32.8197 18.1201 5.93284 0.529845 0.844201 0.0811133
33.2409 17.8298 6.18795 0.528163 0.843855 0.0946179
33.6907 17.5188 6.4464 0.529268 0.843145 0.0947678
34.1668 17.187 6.72815 0.531454 0.841578 0.0964568
34.5584 16.9191 6.9403 0.523086 0.846984 0.0948056
35.0071 16.6128 7.18587 0.523991 0.846071 0.0979674
35.4628 16.3015 7.43828 0.527941 0.844068 0.0939563
35.8855 16.0106 7.70707 0.529475 0.843647 0.08897
36.3872 15.67 7.9846 0.522902 0.847427 0.0918728
36.8297 15.378 8.22119 0.50087 0.860035 0.0973095
37.2724 15.0936 8.43765 0.504746 0.857098 0.103028
37.6769 14.8261 8.64385 0.515075 0.849528 0.114014
38.0986 14.5371 8.89622 0.513901 0.850272 0.11377
38.4923 14.2544 9.12902 0.534246 0.836673 0.120614
38.8677 13.9842 9.35168 0.527941 0.8413 0.115952
39.2896 13.6859 9.60376 0.527201 0.840995 0.121603
39.6839 13.4064 9.83549 0.510592 0.849836 0.13067
40.0881 13.1244 10.0485 0.523614 0.84068 0.138151
40.518 12.8276 10.2744 0.515164 0.84418 0.14821
40.9278 12.5377 10.5096 0.510855 0.847503 0.144107
41.3201 12.2619 10.7127 0.519628 0.840723 0.152224
41.7493 11.9545 10.9468 0.526861 0.838096 0.141433
42.1367 11.6762 11.1524 0.532831 0.834046 0.143033
42.5396 11.3804 11.3748 0.533548 0.833871 0.141372
42.9405 11.0875 11.5972 0.530146 0.836235 0.140204
43.3206 10.8105 11.814 0.527576 0.837522 0.142198
43.7439 10.499 12.0736 0.528518 0.836607 0.144073
44.1335 10.2137 12.3147 0.520595 0.840342 0.151009
44.5275 9.92633 12.557 0.513845 0.84275 0.160425
44.9202 9.64364 12.7899 0.510616 0.843361 0.167373
45.3657 9.3273 13.0437 0.503547 0.847775 0.166487
45.7372 9.06112 13.2689 0.504125 0.846611 0.170611
46.1279 8.78404 13.4888 0.504494 0.845781 0.173596
46.5442 8.4936 13.6928 0.503475 0.846025 0.175371
46.9254 8.22369 13.9011 0.501265 0.846463 0.179538
47.4175 7.87809 14.174 0.497879 0.849611 0.173976
47.8841 7.55172 14.441 0.493009 0.85186 0.176854
48.2754 7.27916 14.6706 0.492432 0.853122 0.172277
48.7477 6.94672 14.9479 0.494771 0.850476 0.178569
49.1621 6.65208 15.2078 0.495246 0.850474 0.177182
49.5607 6.36961 15.4501 0.491396 0.851432 0.183269
50.0077 6.07225 15.625 0.493309 0.849842 0.185513
50.2622 6.0093 15.2096 0.49627 0.851135 0.171107
50.4777 5.98693 14.6874 0.496786 0.851195 0.169326
50.6661 5.96953 14.2225 0.495218 0.852139 0.169172
50.892 5.95963 13.6112 0.494816 0.852395 0.169056
51.0499 5.97307 13.0792 0.493521 0.853329 0.168126
51.197 5.98226 12.6012 0.492579 0.853697 0.16902
51.3428 5.99117 12.105 0.493832 0.855649 0.154899
51.4691 6.00908 11.6013 0.493345 0.856098 0.153967
51.605 6.006 11.0731 0.499414 0.857607 0.122862
51.7572 5.98177 10.5905 0.503508 0.856244 0.115435
51.8955 5.97114 10.0575 0.504451 0.856098 0.112367
51.9969 5.98121 9.52075 0.504037 0.857471 0.103392
52.1197 5.97817 8.93994 0.50563 0.857586 0.0941414
52.2191 5.97407 8.41247 0.507176 0.857607 0.0853391
52.3184 5.97869 7.77495 0.504035 0.859581 0.0840799
52.3894 5.98448 7.27253 0.503935 0.86026 0.0774786
52.4789 5.98246 6.70437 0.5042 0.860379 0.0743668
52.5561 5.97907 6.20027 0.502617 0.861727 0.0693057
52.6331 5.97463 5.68883 0.503232 0.861536 0.067177
52.7279 5.97625 4.94462 0.501027 0.86292 0.0658849
52.8009 5.98486 4.25681 0.500341 0.863768 0.0597042
52.8609 5.98717 3.68431 0.506382 0.86073 0.052163
52.9128 5.98741 3.10606 0.508062 0.86024 0.0430712
52.9345 6.00537 2.44321 0.512019 0.858099 0.0387141
52.9566 6.01598 1.89436 0.513715 0.857304 0.0335687
52.9674 6.02648 1.31041 0.515041 0.856941 0.019626
52.9605 6.03688 0.774188 0.515471 0.856896 0.00415827
52.9423 6.04962 0.141926 0.516534 0.85626 -0.00306181
52.9172 6.06063 -0.359403 0.515495 0.856829 -0.0104469
52.8867 6.07048 -0.945355 0.514877 0.857158 -0.0134629
52.8607 6.07721 -1.48998 0.515068 0.857023 -0.0147132
52.8422 6.07968 -1.99168 0.515268 0.856896 -0.0150786
52.8182 6.0781 -2.59467 0.511646 0.858903 -0.02244
52.7968 6.07444 -3.09778 0.502874 0.863537 -0.0366808
52.7522 6.07353 -3.59777 0.501038 0.864134 -0.0472562
52.6785 6.06952 -4.33124 0.498198 0.865169 -0.0572789
52.6331 6.04468 -4.96508 0.50502 0.859459 -0.0787502
52.5515 6.04213 -5.50965 0.504484 0.85991 -0.0777426
52.472 6.04213 -6.02957 0.505501 0.859234 -0.0786365
52.3954 6.03618 -6.53055 0.510002 0.855777 -0.0868174
52.281 6.03589 -7.21027 0.50675 0.857217 -0.0914554
52.1833 6.03531 -7.72791 0.504767 0.857673 -0.0980181
52.037 6.04595 -8.33778 0.498086 0.860348 -0.108191
51.9097 6.05179 -8.84204 0.499448 0.858362 -0.11733
51.7863 6.05612 -9.33865 0.50103 0.857702 -0.115379
51.6593 6.05482 -9.87665 0.502752 0.855687 -0.122628
51.5106 6.03962 -10.5279 0.49949 0.854614 -0.141929
51.3657 6.03303 -11.0708 0.499104 0.854393 -0.144593
51.2155 6.03075 -11.6028 0.499117 0.854235 -0.145481
51.0743 6.02208 -12.1371 0.500261 0.853583 -0.14538
50.9279 6.01914 -12.6565 0.499203 0.854069 -0.14616
50.7514 6.0081 -13.3081 0.497701 0.853388 -0.154938
50.549 6.01215 -13.9052 0.499071 0.850116 -0.168021
50.3226 6.02562 -14.4803 0.502865 0.844009 -0.186484
50.1369 6.03195 -14.9449 0.501427 0.843997 -0.190366
49.9239 6.04887 -15.4289 0.500054 0.844396 -0.192201
49.4958 6.29892 -15.4401 0.497866 0.845057 -0.194952
49.0746 6.60517 -15.1923 0.498682 0.844403 -0.195706
48.6626 6.90616 -14.9358 0.504934 0.842832 -0.186215
48.27 7.18313 -14.7326 0.498995 0.847576 -0.180605
47.8672 7.4643 -14.532 0.501924 0.84615 -0.179173
47.4855 7.72848 -14.3413 0.496951 0.849627 -0.17656
47.0357 8.04403 -14.1001 0.500959 0.848767 -0.169214
46.5925 8.3589 -13.8419 0.50398 0.847167 -0.168241
46.1705 8.66144 -13.5843 0.507997 0.845125 -0.166439
45.7935 8.93322 -13.3571 0.5124 0.843009 -0.163652
45.3937 9.22369 -13.1103 0.511824 0.843653 -0.162125
45.0256 9.49218 -12.8813 0.514409 0.842169 -0.161663
44.6081 9.79612 -12.6315 0.516678 0.840629 -0.162436
44.2181 10.0782 -12.4097 0.518839 0.840006 -0.158734
43.7253 10.4352 -12.1237 0.516937 0.841419 -0.157449
43.3053 10.7289 -11.9161 0.513332 0.845013 -0.149805
42.9056 11.0088 -11.6946 0.510946 0.8473 -0.144968
42.4888 11.301 -11.4588 0.511249 0.846597 -0.147981
42.0726 11.5962 -11.219 0.515314 0.843934 -0.149088
41.6764 11.8878 -10.9702 0.529837 0.83469 -0.150165
41.2719 12.1879 -10.7441 0.532588 0.83274 -0.151309
40.7828 12.5527 -10.4485 0.53103 0.834504 -0.147003
40.356 12.8687 -10.1821 0.528645 0.83689 -0.141948
39.9002 13.2 -9.92671 0.528932 0.836687 -0.142077
39.5054 13.4876 -9.71014 0.532337 0.834477 -0.142355
39.0777 13.8026 -9.46622 0.537892 0.833308 -0.127553
38.6443 14.125 -9.21408 0.541158 0.829838 -0.135949
38.2329 14.427 -8.98221 0.536324 0.83406 -0.129232
37.741 14.7851 -8.70428 0.534468 0.837342 -0.114868
37.2714 15.1229 -8.46789 0.54024 0.835906 -0.0969615
36.7902 15.4647 -8.21787 0.548578 0.830967 -0.0925011
36.4053 15.7405 -8.01246 0.540646 0.836038 -0.0934985
35.993 16.0322 -7.78596 0.546597 0.832652 -0.0890054
35.5384 16.3521 -7.53508 0.537576 0.839651 -0.0774467
35.1336 16.6337 -7.29457 0.538008 0.839305 -0.0781931
34.7171 16.9205 -7.04336 0.53014 0.843545 -0.0859262
34.2682 17.2278 -6.78459 0.531505 0.843622 -0.0761877
33.8367 17.5236 -6.53629 0.532874 0.842588 -0.0780471
33.4486 17.7902 -6.29927 0.531934 0.843684 -0.0723964
33.0026 18.0957 -6.00845 0.530732 0.844379 -0.0731281
32.4607 18.4629 -5.68937 0.529494 0.845234 -0.0722216
32.026 18.7569 -5.44645 0.528156 0.846139 -0.071413
31.5337 19.0899 -5.16478 0.53014 0.844681 -0.0739283
31.1369 19.3573 -4.93934 0.531361 0.844627 -0.0651713
30.7342 19.6263 -4.70513 0.530627 0.845662 -0.0573635
30.2853 19.9235 -4.4411 0.529121 0.846972 -0.0516645
29.784 20.2544 -4.17532 0.532316 0.845048 -0.0503396
29.3721 20.5314 -3.94601 0.543269 0.837987 -0.0513368
28.936 20.8295 -3.71082 0.546324 0.835976 -0.051721
28.5577 21.0901 -3.50126 0.547112 0.83557 -0.0499204
28.1513 21.3676 -3.28077 0.542438 0.838651 -0.0492506
27.7371 21.6464 -3.05523 0.542078 0.83918 -0.0438977
27.3211 21.9265 -2.78489 0.540842 0.840289 -0.0374055
26.9337 22.1846 -2.55994 0.53796 0.842106 -0.038168
26.5138 22.4593 -2.34759 0.531977 0.846132 -0.032574
26.1201 22.7152 -2.14145 0.532905 0.845765 -0.026346
25.6971 22.9904 -1.88778 0.536875 0.843418 -0.0200479
25.1947 23.3178 -1.59822 0.535574 0.844321 -0.0167535
24.8196 23.5604 -1.36818 0.536126 0.844055 -0.0118434
24.2844 23.9044 -1.07117 0.534491 0.84513 -0.00513132
23.8178 24.2049 -0.84778 0.534948 0.844884 0.000882345
23.4177 24.4587 -0.633014 0.542845 0.839685 0.0157372
22.8784 24.7984 -0.352608 0.538976 0.84206 0.0209906
22.4264 25.0809 -0.0972977 0.538594 0.842289 0.0215632
22.2539 25.1897 -0.0300615 0.539326 0.841788 0.022798
34.7245 17.1402 2.69475 0.533101 0.84471 0.0476275
35.1664 16.8605 2.68914 0.534215 0.844153 0.0449443
35.7165 16.5128 2.68471 0.531846 0.845798 0.042021
36.1836 16.22 2.68074 0.529929 0.847042 0.0411583
36.6625 15.9213 2.6772 0.527562 0.848571 0.0400577
37.212 15.5805 2.67126 0.526867 0.84896 0.0409632
37.6645 15.2989 2.66616 0.527766 0.847891 0.0504412
38.1005 15.0265 2.66089 0.531994 0.845499 0.0459861
38.582 14.7265 2.65559 0.525386 0.850239 0.0326032
39.0152 14.4608 2.6521 0.519149 0.854089 0.0318784
39.4689 14.1884 2.64756 0.510184 0.859155 0.0395738
39.9226 13.9161 2.64307 0.519041 0.854061 0.0342834
40.3542 13.6567 2.6388 0.510583 0.859109 0.0351793
40.8647 13.3496 2.63206 0.520263 0.853126 0.0387752
41.3217 13.0763 2.6259 0.514793 0.856006 0.0473529
41.8102 12.7789 2.62132 0.523048 0.851522 0.0364973
42.2383 12.5183 2.61671 0.525386 0.850488 0.0252933
42.6646 12.2483 2.61176 0.534822 0.844564 0.0260458
43.0916 11.9765 2.60697 0.540573 0.840703 0.0316085
43.5585 11.6761 2.60116 0.542951 0.839313 0.0275329
44.1458 11.2992 2.59549 0.538035 0.842655 0.0212448
44.6767 10.9649 2.58984 0.530148 0.847509 0.0259192
45.1155 10.6925 2.58497 0.52344 0.851638 0.0268925
45.6556 10.3621 2.57826 0.521111 0.853048 0.0274349
46.2572 9.99748 2.57228 0.516421 0.855881 0.0278822
46.8619 9.6355 2.56665 0.512534 0.858073 0.0319253
47.31 9.36595 2.56131 0.516377 0.85562 0.0356244
47.874 9.0255 2.55518 0.518802 0.853934 0.0405177
48.3078 8.7622 2.5516 0.518684 0.85399 0.0408465
48.7951 8.46674 2.54666 0.515923 0.855597 0.0421576
49.2826 8.17423 2.54015 0.512897 0.857456 0.0413066
49.7054 7.92199 2.5349 0.512003 0.857992 0.0412686
49.4785 7.96354 -3.84128 0.511678 0.856237 -0.0710169
49.0338 8.22841 -3.84921 0.511317 0.856549 -0.0698518
48.5837 8.49811 -3.85696 0.515122 0.854321 -0.0691705
48.054 8.81987 -3.86479 0.524947 0.848031 -0.0726243
47.581 9.11718 -3.87299 0.535699 0.841536 -0.0695993
47.0516 9.45374 -3.88459 0.541286 0.83808 -0.0680612
46.6151 9.7276 -3.89362 0.527191 0.847788 -0.0576622
46.1812 9.99831 -3.90116 0.533869 0.844143 -0.0490686
45.6981 10.2981 -3.9123 0.519791 0.852952 -0.0478602
45.1525 10.6269 -3.92307 0.511903 0.857643 -0.0490215
44.6293 10.9385 -3.93186 0.511168 0.85801 -0.050264
44.1336 11.2332 -3.93957 0.514306 0.85607 -0.0513101
43.6161 11.546 -3.94827 0.522059 0.851256 -0.0530921
43.0005 11.931 -3.958 0.534988 0.842771 -0.0593708
42.4959 12.248 -3.96516 0.525228 0.848291 -0.0673683
42.0288 12.5354 -3.97084 0.514076 0.85506 -0.0678132
41.5235 12.8355 -3.97698 0.507604 0.858973 -0.067113
41.0066 13.1396 -3.98387 0.504902 0.86053 -0.0675484
40.5594 13.4022 -3.98871 0.508129 0.858831 -0.0649182
40.1275 13.6604 -3.9964 0.520474 0.8514 -0.0650019
39.6844 13.9351 -4.0022 0.530304 0.846117 -0.0535207
39.2195 14.231 -4.00808 0.538664 0.841043 -0.0498841
38.7427 14.5373 -4.0147 0.540805 0.839474 -0.0530428
38.261 14.8511 -4.02203 0.548933 0.834041 -0.0552124
37.8054 15.152 -4.02904 0.551766 0.832061 -0.0568198
37.3181 15.4742 -4.03623 0.549944 0.833205 -0.0577116
36.8805 15.7614 -4.04248 0.546551 0.835394 -0.0583057
47.92 8.20609 -10.2721 0.504127 0.852026 -0.141091
48.1336 8.08156 -10.2608 0.503805 0.85182 -0.143467
48.7445 7.95681 8.9269 0.50586 0.854522 0.11789
48.2774 8.23474 8.94694 0.514936 0.8493 0.116323
47.7604 8.54786 8.96871 0.517616 0.848116 0.113014
47.3009 8.82643 8.98864 0.519467 0.848072 0.104535
46.7926 9.13239 9.01059 0.514987 0.85113 0.101814
46.3282 9.41068 9.02951 0.513851 0.851837 0.101647
45.953 9.63467 9.04391 0.512202 0.852901 0.101041
-15.0155 18.4044 28.5269 -0.262468 0.844465 0.466893
-15.5863 18.2659 28.4478 -0.275363 0.844157 0.459972
-16.1561 18.1229 28.3668 -0.277043 0.844227 0.458833
-16.67 17.9946 28.2943 -0.275209 0.845246 0.45806
-17.1871 17.8657 28.2217 -0.274865 0.846147 0.456601
-17.6819 17.7426 28.1524 -0.278046 0.847259 0.452595
-18.2397 17.6005 28.0727 -0.281682 0.847627 0.449648
-18.474 17.5397 28.0389 -0.28829 0.848987 0.442843
-15.0521 15.5133 33.6191 -0.233014 0.830863 0.505343
-15.5474 15.4044 33.5584 -0.253271 0.832922 0.492031
-16.2002 15.255 33.4752 -0.253269 0.832921 0.492033
-16.6879 15.1451 33.4148 -0.245461 0.837909 0.487502
-17.1919 15.0337 33.3547 -0.241639 0.841473 0.483253
-17.7023 14.923 33.2957 -0.238056 0.8433 0.481844
-18.1999 14.8148 33.2377 -0.240764 0.843114 0.480824
-18.7232 14.6972 33.175 -0.250316 0.843921 0.474488
-19.3622 14.5505 33.0966 -0.254389 0.845263 0.469912
-20.0001 14.4019 33.018 -0.253921 0.841605 0.476682
-20.5947 14.263 32.9444 -0.256106 0.841025 0.476536
-21.2451 14.0945 32.8559 -0.289781 0.836365 0.465317
-21.8174 13.9252 32.7676 -0.321603 0.831718 0.452567
-22.3815 13.7532 32.6779 -0.329273 0.835046 0.44077
-22.957 13.574 32.5845 -0.331467 0.83473 0.439721
-23.5551 13.3874 32.4878 -0.331464 0.834856 0.439484
-24.1346 13.2062 32.3947 -0.331633 0.834918 0.43924
-24.7222 13.0221 32.3012 -0.331917 0.835474 0.437967
-25.2463 12.8577 32.2185 -0.334382 0.83652 0.434076
-25.7745 12.6918 32.1351 -0.333994 0.842131 0.423395
-32.8151 7.9865 36.4301 -0.352389 0.860734 0.367368
-32.2245 8.18728 36.5193 -0.346855 0.862322 0.368906
-31.5984 8.38728 36.609 -0.322808 0.871909 0.368198
-31.0287 8.55964 36.6867 -0.310462 0.874168 0.373423
-30.5447 8.70187 36.7519 -0.307289 0.875447 0.37305
-29.9371 8.88059 36.8332 -0.307347 0.875178 0.373633
-29.4002 9.03919 36.9059 -0.308976 0.872777 0.37788
-28.8151 9.21533 36.9874 -0.311244 0.865914 0.391561
-28.3281 9.35943 37.0546 -0.313043 0.860465 0.401999
-27.8182 9.50848 37.1246 -0.308623 0.855415 0.415954
-27.3157 9.65425 37.1934 -0.305411 0.855655 0.417825
-26.802 9.80224 37.2637 -0.303711 0.85577 0.418829
-26.3001 9.94657 37.3325 -0.303473 0.855914 0.418706
-25.7891 10.0935 37.4029 -0.303635 0.855678 0.41907
-25.296 10.2349 37.471 -0.303514 0.855998 0.418506
-24.7874 10.3803 37.5414 -0.300105 0.856153 0.420641
-24.3032 10.5153 37.6072 -0.291187 0.857985 0.423169
-23.816 10.6467 37.6715 -0.285458 0.856638 0.42975
-23.3311 10.7746 37.7341 -0.280132 0.855504 0.435475
-22.6741 10.9466 37.8188 -0.280456 0.855105 0.436049
-22.0402 11.1133 37.9013 -0.281787 0.854494 0.436391
-21.4278 11.2694 37.979 -0.262262 0.856598 0.444362
-20.9363 11.3888 38.0386 -0.259257 0.855388 0.448439
-20.442 11.503 38.0959 -0.238142 0.861034 0.449343
-19.8919 11.6238 38.1568 -0.237387 0.862299 0.447312
-19.3538 11.7371 38.2143 -0.229869 0.866995 0.442131
-18.7851 11.8534 38.2729 -0.216221 0.871749 0.439662
-18.2577 11.9563 38.3249 -0.21411 0.872728 0.438752
-17.6929 12.0659 38.3811 -0.218284 0.868305 0.445421
-17.1028 12.1835 38.4422 -0.21797 0.865736 0.450544
-16.4641 12.3117 38.5086 -0.223557 0.857527 0.463324
-15.8756 12.4307 38.5718 -0.213924 0.852714 0.476566
-15.348 12.5306 38.6245 -0.199802 0.850891 0.485864
-15.2061 12.5566 38.6381 -0.202027 0.852097 0.482822
-15.1541 9.69321 43.6673 -0.170658 0.843421 0.509428
-15.6777 9.61092 43.627 -0.180017 0.848775 0.497168
-16.3035 9.50699 43.5754 -0.186216 0.849015 0.494467
-16.899 9.40441 43.5255 -0.189406 0.84872 0.493761
-17.4336 9.31199 43.4795 -0.189312 0.848411 0.494328
-17.9306 9.22472 43.4367 -0.193612 0.848328 0.492802
-18.4406 9.13221 43.3917 -0.202392 0.851178 0.484286
-18.9767 9.02849 43.3411 -0.216727 0.847898 0.483837
-19.5116 8.91953 43.2881 -0.221994 0.84746 0.482213
-20.0432 8.80951 43.235 -0.223992 0.847249 0.48166
-20.5812 8.6977 43.1814 -0.224292 0.847559 0.480975
-21.0997 8.58993 43.1302 -0.223656 0.848437 0.479721
-21.6024 8.4851 43.0809 -0.22249 0.850022 0.477452
-22.0963 8.38168 43.0321 -0.229211 0.85403 0.467007
-22.6726 8.25585 42.9745 -0.230222 0.856957 0.46111
-23.3434 8.09748 42.902 -0.248429 0.861906 0.442042
-23.882 7.9693 42.8427 -0.256869 0.863779 0.433478
-24.4362 7.83391 42.7805 -0.259776 0.862896 0.433506
-24.7002 7.76924 42.7509 -0.260402 0.862909 0.433103
-19.7981 17.4203 -28.843 -0.277095 0.855764 -0.436905
-19.2455 17.5572 -28.9197 -0.270984 0.857454 -0.437425
-18.5608 17.7303 -29.0161 -0.277745 0.852994 -0.44188
-18.0142 17.867 -29.0934 -0.275995 0.848645 -0.451252
-17.4999 17.9947 -29.1653 -0.267884 0.845938 -0.461115
-16.9378 18.13 -29.2408 -0.261473 0.848208 -0.460625
-16.322 18.2753 -29.3232 -0.262338 0.848877 -0.458898
-15.8042 18.3957 -29.3909 -0.255842 0.850285 -0.459958
-15.2075 18.5314 -29.4676 -0.25179 0.853268 -0.456657
-15.1687 18.5401 -29.4726 -0.248322 0.854684 -0.455908
-15.1808 15.7365 -34.6112 -0.212999 0.853337 -0.475864
-15.6901 15.6351 -34.5557 -0.22454 0.851448 -0.47394
-16.2593 15.5201 -34.4929 -0.22696 0.853771 -0.468576
-16.7632 15.4165 -34.436 -0.22905 0.853922 -0.467282
-17.4307 15.2764 -34.3592 -0.232307 0.859009 -0.456221
-17.932 15.1689 -34.3017 -0.236369 0.860162 -0.451942
-18.4699 15.0536 -34.24 -0.24047 0.861653 -0.44691
-18.9829 14.9398 -34.179 -0.250535 0.859584 -0.445362
-19.5094 14.8173 -34.1135 -0.257823 0.860553 -0.43929
-20.1401 14.6664 -34.033 -0.263839 0.859309 -0.438152
-20.6342 14.5465 -33.9699 -0.264601 0.858536 -0.439206
-21.1895 14.4098 -33.8985 -0.274127 0.854263 -0.441688
-21.6757 14.2855 -33.8338 -0.284396 0.853765 -0.436124
-22.3656 14.0958 -33.7355 -0.303715 0.851967 -0.426508
-22.9316 13.9334 -33.6515 -0.31037 0.850997 -0.423644
-23.4431 13.7849 -33.5752 -0.310195 0.850955 -0.423858
-24.0456 13.6094 -33.4858 -0.31072 0.850732 -0.42392
-24.5858 13.4509 -33.4054 -0.313034 0.851078 -0.421517
-25.0725 13.3043 -33.3312 -0.323133 0.846792 -0.422526
-25.6818 13.1153 -33.2362 -0.33353 0.845807 -0.416375
-26.2576 12.9327 -33.1449 -0.334748 0.845391 -0.416243
-26.8095 12.7572 -33.0575 -0.335528 0.845663 -0.415061
-27.2437 12.6186 -32.9887 -0.335656 0.846561 -0.413122
-33.822 8.00768 -37.3686 -0.35615 0.854738 -0.377597
-33.242 8.20689 -37.4552 -0.348029 0.853571 -0.387675
-32.7455 8.37425 -37.5284 -0.341515 0.854766 -0.390824
-32.168 8.56449 -37.6125 -0.336785 0.857059 -0.389904
-31.6371 8.73773 -37.6896 -0.335724 0.8575 -0.38985
-31.0855 8.91767 -37.7702 -0.337349 0.856562 -0.390509
-30.6023 9.07513 -37.8415 -0.336444 0.856193 -0.392096
-30.1013 9.23807 -37.9159 -0.335609 0.855593 -0.394116
-29.54 9.41838 -37.9988 -0.329807 0.854674 -0.400949
-29.0496 9.57037 -38.069 -0.314869 0.85666 -0.408645
-28.496 9.73762 -38.1467 -0.30971 0.853587 -0.41889
-27.9156 9.90884 -38.2257 -0.305338 0.853907 -0.42144
-27.4181 10.0523 -38.292 -0.298771 0.856359 -0.421171
-26.8412 10.215 -38.3684 -0.294741 0.85861 -0.419425
-26.3292 10.3566 -38.4356 -0.288903 0.861254 -0.418063
-25.792 10.5024 -38.5048 -0.288058 0.858821 -0.423614
-25.1918 10.6658 -38.5828 -0.2829 0.85484 -0.43499
-24.6768 10.8022 -38.6477 -0.280466 0.855426 -0.435413
-24.1726 10.9328 -38.7107 -0.276287 0.854575 -0.439736
-23.6851 11.0553 -38.7704 -0.260907 0.852744 -0.452499
-23.1684 11.1805 -38.8319 -0.259553 0.852566 -0.453611
-22.5836 11.321 -38.9011 -0.256876 0.852572 -0.455121
-21.9997 11.4594 -38.9697 -0.256129 0.853632 -0.453553
-21.4992 11.5755 -39.0267 -0.251388 0.853579 -0.456296
-21.0097 11.6894 -39.0838 -0.248886 0.852275 -0.46009
-20.4466 11.8196 -39.1496 -0.251496 0.84885 -0.464977
-19.8587 11.9575 -39.2196 -0.245512 0.848131 -0.469465
-19.3591 12.0652 -39.274 -0.222589 0.849721 -0.477942
-18.6885 12.1963 -39.3399 -0.199544 0.853117 -0.482051
-18.1617 12.2926 -39.3881 -0.197353 0.850844 -0.486947
-17.6551 12.3836 -39.4344 -0.197122 0.850762 -0.487182
-17.0826 12.4868 -39.487 -0.199254 0.849637 -0.488277
-16.5427 12.5828 -39.5355 -0.196951 0.84549 -0.496344
-15.9541 12.6823 -39.5863 -0.181284 0.844913 -0.503248
-15.4196 12.7683 -39.6318 -0.175791 0.844605 -0.505707
-15.0702 12.8237 -39.6609 -0.176602 0.844463 -0.505662
-15.1361 9.83498 -44.6204 -0.141828 0.846105 -0.5138
-15.6661 9.76442 -44.5873 -0.147747 0.847444 -0.509911
-16.183 9.693 -44.555 -0.157732 0.849164 -0.504025
-16.6937 9.61816 -44.5202 -0.16092 0.849032 -0.503239
-17.2778 9.53076 -44.4783 -0.166243 0.850489 -0.499031
-17.8302 9.44693 -44.4377 -0.164097 0.851859 -0.497401
-18.3743 9.36542 -44.4005 -0.161135 0.852771 -0.496808
-18.9448 9.27516 -44.3593 -0.174233 0.855846 -0.487001
-19.5484 9.17141 -44.3097 -0.204309 0.85474 -0.477155
-20.1588 9.05437 -44.2546 -0.209 0.856656 -0.471656
-20.7517 8.93765 -44.2004 -0.21173 0.857292 -0.469276
-21.2694 8.83571 -44.1527 -0.211972 0.857218 -0.469304
-21.8027 8.72993 -44.1043 -0.218815 0.856169 -0.468075
-22.3258 8.6201 -44.0548 -0.231526 0.856913 -0.460539
-22.8188 8.51106 -44.0035 -0.242552 0.852549 -0.462957
-23.3569 8.38853 -43.9442 -0.246607 0.852012 -0.461802
-24.0153 8.23647 -43.875 -0.24416 0.854955 -0.457644
-24.5751 8.1069 -43.817 -0.24479 0.855722 -0.45587
-25.1074 7.98442 -43.7619 -0.248031 0.858697 -0.448463
-25.3236 7.93323 -43.7388 -0.250194 0.858855 -0.446958
-25.538 7.88281 -43.7161 -0.250415 0.859397 -0.44579
