44.9025 3.56161 -121.51 0.0939176 0.785378 -0.611851
44.9261 3.57856 -121.485 0.0939307 0.785355 -0.611878
45.1762 3.63828 -121.37 0.0936356 0.78526 -0.612045
50.0183 3.28969 -121.207 0.087475 0.818095 -0.568392
54.9514 3.06171 -120.295 0.180724 0.824273 -0.536564
59.6739 2.9875 -118.63 0.237537 0.833824 -0.498311
63.953 3.04188 -115.747 0.330607 0.828742 -0.451538
67.6566 3.19033 -112.383 0.392971 0.828132 -0.399683
70.6971 3.39662 -108.763 0.423928 0.809995 -0.405207
66.4927 4.21174 -111.407 0.39627 0.828416 -0.39585
62.1229 4.83707 -113.791 0.330484 0.829737 -0.449698
57.6033 5.05449 -116.163 0.220641 0.831881 -0.5092
53.0829 4.7305 -118.335 0.156491 0.825876 -0.541701
48.4827 4.12849 -120.23 0.0866809 0.817872 -0.568834
45.3711 3.64805 -121.328 0.0934593 0.785122 -0.612249
43.8997 5.86563 -118.698 0.101867 0.797541 -0.594535
48.5898 6.43577 -116.957 0.0978737 0.813281 -0.573581
53.1436 7.01881 -114.874 0.194492 0.822928 -0.533819
57.6795 7.1093 -112.675 0.2776 0.830176 -0.483467
62.1281 6.73434 -110.311 0.347514 0.823451 -0.44851
66.465 6.06075 -107.723 0.403447 0.816404 -0.413178
70.6514 4.96534 -105.092 0.530433 0.80005 -0.280287
74.6341 3.27676 -102.284 0.538061 0.787605 -0.300179
78.2361 1.28871 -99.6475 0.621175 0.752178 -0.219932
76.4018 1.2532 -104.375 0.589343 0.769791 -0.245142
74.3372 1.16752 -108.956 0.530585 0.799694 -0.281015
71.2607 1.10062 -112.898 0.426515 0.821635 -0.378155
67.9665 1.0311 -116.681 0.322019 0.847943 -0.421055
63.7534 1.04272 -119.725 0.309746 0.846494 -0.433018
59.2536 1.03645 -122.169 0.165134 0.844073 -0.510168
54.442 1.04382 -123.72 0.166671 0.837838 -0.519854
49.2919 1.1295 -124.228 0.0418739 0.806257 -0.590081
44.2799 1.25057 -124.471 -0.0473797 0.765744 -0.641238
39.324 1.32193 -123.789 -0.119569 0.747232 -0.653718
34.3487 1.39311 -122.624 -0.226994 0.706743 -0.670066
36.0419 3.13613 -121.303 -0.141633 0.709755 -0.690063
40.5263 4.785 -119.858 -0.0551653 0.765227 -0.641393
43.6572 5.81214 -118.795 0.0544672 0.779538 -0.623982
43.7992 5.84667 -118.74 0.0739198 0.789665 -0.608477
