-26.6781 104.305 -0.462834 -0.401141 0.914677 -0.0422689
-26.4139 103.751 4.49229 -0.374931 0.869827 0.320669
-25.6224 101.818 9.15803 -0.350635 0.790449 0.50224
-24.8425 99.172 13.3573 -0.354983 0.736065 0.576364
-22.2082 100.262 13.5688 -0.345674 0.740552 0.576271
-18.2677 103.127 12.2902 -0.358278 0.739671 0.56967
-14.2476 105.98 11.2149 -0.373275 0.723216 0.581055
-9.67341 107.988 11.6796 -0.354717 0.694765 0.625681
-5.10228 108.122 13.7157 -0.255131 0.690594 0.676745
-1.48668 106.32 16.909 -0.199827 0.749184 0.6315
0.0865486 103.619 20.8836 -0.23396 0.775933 0.585825
0.607909 100.714 24.9996 -0.259393 0.772311 0.579866
1.44414 98.7099 28.0362 -0.276172 0.764692 0.582217
5.66149 101.062 26.5898 -0.206937 0.816653 0.538753
10.0981 102.524 24.8668 0.0358692 0.889967 0.454612
14.4735 102.866 22.4032 0.283887 0.900318 0.329596
18.444 101.696 19.4388 0.496623 0.853104 0.1598
21.5466 99.8715 16.3606 0.625034 0.779282 0.0452978
17.7804 102.899 14.6722 0.585151 0.803184 0.111776
14.2608 105.804 12.6354 0.546057 0.807124 0.224392
11.6196 108.635 9.44088 0.601119 0.756386 0.257946
10.5778 110.957 5.11289 0.686765 0.69334 0.218033
8.22084 111.55 8.45525 0.532997 0.751094 0.389579
3.94144 111.706 11.1377 0.179149 0.738006 0.650579
-1.17157 111.443 11.57 -0.140458 0.692189 0.707916
-5.89534 111.462 9.96847 -0.316287 0.692065 0.648851
-9.76521 112.116 6.74279 -0.446238 0.727896 0.520189
-11.9788 112.722 2.16871 -0.550469 0.814284 0.184183
-11.859 112.69 -2.80584 -0.538707 0.802233 -0.256567
-9.38085 111.954 -7.10671 -0.416652 0.722286 -0.551689
-8.20898 111.013 -8.94857 -0.350372 0.680405 -0.643646
-12.7369 108.843 -8.60194 -0.404022 0.71447 -0.571226
-16.6786 105.871 -9.69589 -0.394038 0.750218 -0.530937
-20.16 102.763 -11.4964 -0.366107 0.740437 -0.563666
-23.5639 99.6136 -13.4373 -0.357899 0.734526 -0.576524
-25.1685 100.457 -11.3246 -0.356699 0.752678 -0.553391
-26.1281 102.801 -6.96526 -0.367278 0.846957 -0.384409
-26.5964 104.12 -2.04601 -0.4143 0.897228 -0.152765
-26.6761 104.296 -0.601307 -0.401658 0.91326 -0.0680201
-32.0892 102.15 -0.642875 -0.339572 0.938366 -0.0643483
-31.6891 101.082 -5.55005 -0.357342 0.871791 -0.335011
-30.7902 98.871 -9.9852 -0.33301 0.75794 -0.56092
-30.2077 95.9236 -14.0003 -0.35455 0.711815 -0.60631
-30.7914 92.443 -17.5342 -0.386195 0.674511 -0.629196
-32.2664 88.6579 -20.6123 -0.428683 0.666332 -0.610104
-30.0362 89.454 -21.285 -0.417555 0.678387 -0.604515
-26.071 92.4787 -20.4356 -0.376387 0.702484 -0.604026
-22.42 95.6425 -18.9214 -0.3475 0.717352 -0.603862
-18.8966 98.7608 -17.1652 -0.33007 0.725374 -0.604058
-15.5209 101.999 -15.1227 -0.323513 0.720895 -0.612903
-11.9294 105.051 -13.4716 -0.317912 0.707642 -0.631008
-7.32367 107.096 -13.3797 -0.27339 0.692864 -0.667223
-2.8594 106.864 -15.2765 -0.218647 0.720907 -0.657637
-1.51411 104.049 -19.0569 -0.238195 0.756736 -0.608779
-2.1617 100.849 -22.9112 -0.274032 0.764289 -0.583754
-2.95069 97.6334 -26.7226 -0.295578 0.75488 -0.585481
-3.64754 94.3588 -30.5236 -0.301156 0.740855 -0.600366
-3.78858 91.0543 -34.4053 -0.298216 0.7239 -0.622122
-3.41573 87.8694 -38.2529 -0.284642 0.721523 -0.631177
-2.776 85.3113 -41.4441 -0.280104 0.72048 -0.63439
-1.62782 88.7626 -38.0394 -0.285096 0.717748 -0.635261
0.600649 92.2708 -35.0741 -0.291733 0.72117 -0.628335
3.81149 95.4394 -32.7939 -0.276125 0.745684 -0.606392
7.97635 97.9002 -31.3324 -0.199666 0.797262 -0.569647
12.4927 99.6853 -29.5979 -0.045599 0.906172 -0.420139
16.9285 100.08 -27.2784 0.208656 0.923659 -0.321351
21.0326 99.2016 -24.4517 0.44736 0.872687 -0.19566
24.5628 97.2457 -21.3154 0.6276 0.773734 -0.086336
27.9284 94.5307 -18.8402 0.684004 0.727346 -0.0557349
31.453 91.151 -17.7419 0.711076 0.700498 -0.060609
35.0063 87.4959 -17.7753 0.715861 0.693098 -0.0846047
33.0045 89.8063 -15.1611 0.708039 0.703667 -0.05944
30.06 92.9012 -12.5156 0.694363 0.718539 -0.0395145
26.6604 96.1955 -10.4965 0.67998 0.732605 -0.0302867
23.2825 99.3669 -8.56128 0.669762 0.742149 -0.0251712
19.8779 102.517 -6.48378 0.673359 0.738844 -0.0263944
16.7024 105.571 -3.90723 0.689278 0.724121 -0.0232311
14.7847 107.463 0.118173 0.715128 0.698063 0.0360438
15.0377 106.631 5.03979 0.685669 0.718087 0.119164
17.6437 103.824 8.15106 0.655343 0.750504 0.0852606
21.0922 100.657 9.94072 0.656107 0.752949 0.0508981
24.6317 97.4591 11.483 0.665412 0.745976 0.0272823
28.137 94.2216 13.0998 0.681211 0.731716 0.0233088
31.4132 91.0119 15.114 0.701815 0.711441 0.0361575
34.181 88.0208 17.7151 0.721943 0.688614 0.0678969
30.6696 91.6409 17.877 0.712657 0.701161 0.0221878
27.2217 95.0034 19.1587 0.678381 0.73465 -0.00883802
23.9161 97.8806 21.7104 0.614684 0.788724 -0.00878994
20.4861 99.8985 24.7599 0.392135 0.912048 0.119965
16.3886 100.685 27.5717 0.15907 0.961771 0.222919
11.8707 99.9976 29.8488 -0.0451886 0.910467 0.411106
7.31755 98.1842 31.4709 -0.24706 0.807839 0.535124
3.31841 95.5301 33.0307 -0.29153 0.740015 0.606125
0.247547 92.2518 35.3804 -0.301897 0.710923 0.635174
-1.7198 88.6984 38.345 -0.279043 0.701704 0.655551
-2.88496 85.3292 41.4457 -0.260863 0.697663 0.667245
-4.0782 88.3933 37.6502 -0.285975 0.70877 0.644874
-4.8056 91.6116 33.6711 -0.303273 0.723194 0.620497
-4.84137 94.8235 29.8154 -0.305044 0.737275 0.602805
-4.87958 97.9595 25.8795 -0.300777 0.748168 0.591421
-5.17817 101.008 21.8891 -0.289482 0.746959 0.598542
-6.68663 103.712 17.8966 -0.288143 0.726397 0.623956
-11.054 103.703 15.7619 -0.326202 0.716099 0.617083
-15.2329 100.937 16.7642 -0.335192 0.726035 0.600433
-19.2169 98.0112 18.0648 -0.340814 0.725719 0.597643
-22.794 94.8475 19.8525 -0.347052 0.723285 0.597003
-26.2883 91.6972 21.5888 -0.365343 0.717917 0.592552
-29.8209 88.4075 23.2403 -0.394462 0.702309 0.592589
-33.7187 85.2996 24.1985 -0.426367 0.685881 0.589726
-35.7746 84.1579 24.0197 -0.43604 0.681169 0.588113
-33.1517 87.7802 21.7173 -0.413633 0.689452 0.594612
-31.2369 91.458 18.7846 -0.381926 0.693846 0.610499
-30.2903 95.0066 15.2747 -0.347382 0.7127 0.60941
-30.4187 98.1747 11.3212 -0.326232 0.75555 0.568081
-31.4292 100.59 7.03031 -0.339223 0.825048 0.45191
-31.9831 102.025 2.16232 -0.378915 0.91134 0.160345
-32.0893 102.151 -0.639093 -0.343438 0.93708 -0.0627031
-7.35643 115.908 0.0697344 -0.565322 0.824218 -0.0227984
-5.66394 115.603 -4.51607 -0.407605 0.786222 -0.46445
-1.4017 115.371 -7.07907 -0.146122 0.765022 -0.627208
3.58327 115.478 -6.38366 0.280948 0.789972 -0.544943
6.77853 115.219 -2.4972 0.61714 0.766969 -0.175187
6.73093 115.117 2.58032 0.617406 0.762008 0.194407
3.46955 115.308 6.41962 0.327218 0.801846 0.499878
-1.40028 115.33 7.12018 -0.126018 0.778658 0.614664
-5.75918 115.674 4.51316 -0.428167 0.765638 0.480068
-7.34749 115.914 0.265537 -0.561554 0.827374 -0.00543969
-0.905795 111.256 -11.3485 -0.161164 0.664037 -0.730118
2.5598 109.039 -14.2479 -0.072062 0.754512 -0.652318
4.08471 106.17 -18.0341 -0.0660014 0.799082 -0.597588
3.87524 103.204 -22.1107 -0.173798 0.811405 -0.558047
3.07564 100.259 -26.069 -0.235878 0.792363 -0.562575
5.7178 100.459 -26.659 -0.149161 0.828676 -0.539489
10.1791 102.036 -24.8232 0.00494427 0.870047 -0.492945
14.6572 102.469 -22.4212 0.21483 0.891712 -0.398369
18.7886 101.596 -19.5816 0.48411 0.857867 -0.171925
22.3935 99.5533 -16.4127 0.623474 0.776907 -0.0877304
21.446 100.594 -13.9549 0.626221 0.775458 -0.0806879
18.0132 103.591 -11.8629 0.613432 0.778446 -0.132945
14.7362 106.614 -9.4376 0.609634 0.772453 -0.17794
12.2145 109.512 -6.20305 0.659462 0.730682 -0.176675
10.575 111.419 -4.70249 0.687482 0.702409 -0.184364
7.83828 111.865 -8.89739 0.47109 0.760186 -0.447428
3.44304 111.731 -11.2627 0.0839222 0.721581 -0.687224
-0.773482 111.248 -11.385 -0.162266 0.661901 -0.731817
6.1171 108.437 -14.8136 0.124234 0.814182 -0.567162
10.9634 107.174 -14.4634 0.358932 0.83901 -0.408938
15.5522 104.907 -13.8648 0.524973 0.81535 -0.244146
15.7565 104.785 -13.8358 0.523932 0.815151 -0.247031
13.9936 103.697 -19.7918 0.324973 0.883176 -0.338221
8.98319 104.81 -19.8875 0.125693 0.892753 -0.432659
7.08493 104.994 -19.8537 0.0380153 0.860791 -0.507536
-18.3776 106.43 -7.40576 -0.418374 0.796881 -0.435824
-22.9847 104.252 -6.93521 -0.395758 0.835941 -0.380235
-23.3906 104.075 -6.89623 -0.401769 0.836907 -0.37171
-24.0105 105.402 -1.48281 -0.424171 0.895652 -0.13374
-19.6225 107.802 -1.61269 -0.510799 0.852875 -0.108119
-15.3725 110.514 -1.78354 -0.541594 0.831213 -0.12554
-14.5447 111.09 -1.83236 -0.555566 0.820133 -0.136848
-13.5829 110.669 4.93484 -0.529954 0.7584 0.379445
-17.8967 108.137 4.42551 -0.450725 0.828151 0.333185
-22.3206 105.798 4.11378 -0.445225 0.867934 0.220149
-23.6452 105.172 4.03495 -0.419859 0.863367 0.279849
-22.8918 103.039 9.18167 -0.390046 0.784562 0.482003
-18.7342 104.819 9.69149 -0.383655 0.756781 0.529236
1.64913 106.852 17.1158 -0.119239 0.785927 0.606713
6.72488 106.831 17.3584 0.114919 0.867656 0.483702
11.6027 105.756 17.1393 0.277575 0.900968 0.333479
15.479 104.061 16.7811 0.515214 0.826678 0.226179
8.67275 103.788 22.5696 0.000784298 0.875921 0.482454
3.60228 103.607 22.1628 -0.171804 0.807428 0.564397
3.23348 103.558 22.1142 -0.184681 0.804871 0.563982
7.44467 109.863 12.0272 0.319651 0.804965 0.499855
9.65822 108.976 11.7247 0.456058 0.798848 0.39224
9.70265 108.955 11.7174 0.457701 0.797384 0.393305
