-61.1286 58.07 45.5909 -0.483125 0.61864 0.619577
-56.7136 60.225 46.8414 -0.475209 0.625461 0.61885
-52.2783 61.9834 48.4307 -0.466025 0.629449 0.621783
-47.8345 63.0974 50.5371 -0.450148 0.629871 0.632953
-43.3157 64.1824 52.6438 -0.440555 0.621627 0.64768
-38.9582 64.6207 55.0944 -0.419018 0.632602 0.651336
-34.5304 64.8998 57.6199 -0.379724 0.643524 0.664595
-30.3189 64.5479 60.3967 -0.374119 0.638721 0.672362
-26.3413 63.6598 63.4306 -0.356163 0.639542 0.681274
-22.3917 62.5092 66.4819 -0.338218 0.644268 0.68595
-18.8164 60.9308 69.7137 -0.33107 0.64297 0.690638
-15.0666 59.5441 72.7694 -0.324287 0.644593 0.692342
-11.9461 57.4595 76.1287 -0.319503 0.63772 0.700878
-9.07125 55.0824 79.581 -0.320334 0.632859 0.704894
-8.74411 58.4289 76.6964 -0.317243 0.639503 0.70028
-8.85136 62.1546 73.2173 -0.314576 0.644776 0.696639
-8.82842 65.9047 69.7176 -0.316452 0.650081 0.690835
-8.81339 69.5803 66.2637 -0.309924 0.652598 0.691421
-8.89355 73.3027 62.683 -0.303435 0.660353 0.686921
-8.89384 76.8971 59.1731 -0.295135 0.673493 0.677718
-8.84622 80.5163 55.6059 -0.286555 0.675955 0.678949
-8.84747 84.147 51.9635 -0.286629 0.683633 0.671185
-8.95484 87.6523 48.3407 -0.28966 0.685818 0.667646
-9.00784 91.1775 44.6714 -0.300785 0.696118 0.651842
-8.86724 94.565 40.9526 -0.305914 0.711622 0.632464
-8.0499 98.0404 37.2885 -0.296809 0.728624 0.617261
-6.45415 101.46 33.9389 -0.298883 0.739359 0.603338
-4.08847 104.748 31.0248 -0.289523 0.746716 0.598825
-0.930341 107.855 28.6244 -0.284957 0.757479 0.587379
2.97611 110.531 26.8932 -0.250699 0.786577 0.564289
7.24388 112.638 25.2705 -0.104029 0.865732 0.489578
11.8001 113.536 23.0541 0.0671241 0.931081 0.358585
16.1112 113.217 20.4202 0.371071 0.920598 0.121676
19.8244 111.513 17.5593 0.537129 0.840848 0.0668369
23.1961 109.103 14.7631 0.640621 0.766802 0.0399917
26.7284 106.155 12.7254 0.660991 0.74932 0.0401214
30.4266 102.901 11.6296 0.669378 0.741948 0.0380257
34.1728 99.4881 11.342 0.681121 0.731389 0.033815
37.7646 96.0566 12.0351 0.696013 0.716857 0.0410052
41.1813 92.6492 13.556 0.700638 0.710853 0.0614198
44.4356 89.146 15.3866 0.719131 0.691122 0.0721136
47.6043 85.6011 17.2052 0.727288 0.680407 0.0899915
50.6933 82.0311 18.9728 0.72948 0.677481 0.094223
53.7888 78.4512 20.7803 0.728814 0.677246 0.100836
56.9218 74.831 22.4886 0.729498 0.675739 0.105872
60.0202 71.1658 24.3915 0.735787 0.669203 0.103847
63.0882 67.487 26.0714 0.740168 0.662539 0.114859
66.0504 63.8375 27.8476 0.743815 0.658417 0.115006
69.0751 60.1308 29.5545 0.742913 0.659367 0.115393
72.0546 56.4619 31.2825 0.744272 0.656915 0.120509
75.0136 52.7652 32.9766 0.749379 0.649387 0.129332
73.8619 54.8446 28.917 0.744381 0.657011 0.119305
72.6268 57.0179 24.5146 0.74349 0.659408 0.111365
72.1573 58.3742 19.5273 0.74597 0.657435 0.106343
71.6887 59.5402 14.677 0.746807 0.660483 0.0777143
71.4972 60.268 9.65521 0.742011 0.66798 0.0567148
71.8834 60.2565 4.54697 0.748729 0.660606 0.0548138
72.4816 59.9566 -0.465714 0.743132 0.668387 0.0318485
73.5899 58.8389 -5.31422 0.736553 0.676205 0.0153344
75.0903 57.2718 -9.94049 0.734362 0.678748 -0.00361724
76.5802 55.6305 -14.495 0.734022 0.678985 -0.0136791
78.5203 53.406 -18.5765 0.73431 0.678474 -0.0214931
80.5817 51.0423 -22.4849 0.734114 0.67857 -0.0248901
82.6097 48.7021 -26.4117 0.733112 0.679362 -0.0318387
84.6867 46.2682 -30.4071 0.733765 0.678573 -0.0335852
87.1279 43.4465 -33.8293 0.735801 0.67628 -0.0352394
89.6374 40.517 -37.1333 0.739406 0.672356 -0.0348858
92.0806 37.6422 -40.5132 0.743669 0.667604 -0.0355074
94.4442 34.7872 -44.0465 0.748911 0.661334 -0.0420736
91.7085 37.9256 -42.8838 0.743866 0.667272 -0.0375703
88.5611 41.5017 -41.0762 0.740135 0.671598 -0.0339988
85.416 45.0344 -39.2068 0.735459 0.676699 -0.0343287
82.2657 48.5381 -37.4258 0.733513 0.678853 -0.0334227
79.0867 52.0545 -35.6051 0.732185 0.680312 -0.0328791
75.9304 55.5359 -33.7439 0.728833 0.683743 -0.0360288
72.7587 59.0158 -31.8705 0.728858 0.683548 -0.0390928
69.5677 62.5087 -30.0194 0.725034 0.687663 -0.0380115
66.3436 65.9945 -28.1498 0.721616 0.691331 -0.0364925
63.0927 69.492 -26.2674 0.718401 0.694436 -0.040736
59.8969 72.9377 -24.4078 0.716776 0.695327 -0.0524717
56.6909 76.388 -22.5952 0.719277 0.692294 -0.0580472
53.4676 79.869 -20.6463 0.71279 0.698928 -0.0585618
50.2414 83.2918 -18.8092 0.712296 0.699708 -0.0551587
47.0493 86.7017 -16.9285 0.704552 0.707274 -0.0580343
43.84 90.0778 -15.1135 0.71166 0.700679 -0.0508505
40.5866 93.4958 -13.2779 0.699267 0.713223 -0.0476839
37.1574 96.8964 -11.8835 0.693831 0.719242 -0.035887
33.5264 100.373 -11.3173 0.681939 0.73106 -0.0225875
29.7994 103.819 -11.7459 0.673656 0.738317 -0.0327914
26.1519 106.995 -13.0615 0.657351 0.75156 -0.0551953
22.6573 109.768 -15.4044 0.632573 0.771741 -0.065319
19.2739 112.045 -18.3714 0.541882 0.834677 -0.0983773
15.3841 113.41 -21.2415 0.316468 0.922079 -0.22275
10.9844 113.539 -23.7946 -0.00173055 0.904401 -0.426679
6.50524 112.028 -25.706 -0.183577 0.831957 -0.523591
2.24029 109.736 -27.1525 -0.281233 0.769865 -0.572894
-1.47345 106.917 -29.0153 -0.287365 0.75499 -0.589417
-4.53048 103.774 -31.5115 -0.29119 0.748356 -0.595963
-6.83779 100.476 -34.483 -0.298123 0.740256 -0.602613
-8.28806 97.0776 -37.8983 -0.302024 0.734214 -0.608039
-8.86943 93.7582 -41.5835 -0.305277 0.722525 -0.620293
-8.89254 90.3894 -45.4673 -0.314753 0.714253 -0.625119
-8.81025 87.005 -49.4017 -0.319796 0.715747 -0.620836
-8.71817 83.6982 -53.2279 -0.330775 0.711614 -0.619833
-8.71987 80.3516 -57.1125 -0.34026 0.713596 -0.612376
-8.63042 77.0689 -60.9031 -0.358083 0.703912 -0.613415
-8.60616 73.7868 -64.7047 -0.378036 0.693515 -0.613291
-8.5645 70.4783 -68.4504 -0.395933 0.692017 -0.603613
-8.50634 67.126 -72.2798 -0.399819 0.684428 -0.609674
-8.41528 63.8221 -76.0688 -0.422098 0.676222 -0.603785
-8.29974 60.4563 -79.9081 -0.433902 0.668155 -0.604399
-8.35793 57.0425 -83.6198 -0.443973 0.661406 -0.604507
-8.2811 53.6624 -87.3447 -0.454956 0.649928 -0.608777
-8.16837 50.241 -91.0846 -0.469186 0.64054 -0.607924
-8.18885 46.7371 -94.716 -0.474204 0.633184 -0.611726
-8.09861 43.2727 -98.3193 -0.483774 0.619605 -0.618104
-8.10474 39.6717 -101.902 -0.489275 0.612045 -0.621298
-8.01378 36.0687 -105.471 -0.497773 0.600716 -0.62559
-8.14818 32.7261 -108.552 -0.502019 0.594645 -0.627993
-9.32913 35.7223 -104.758 -0.497675 0.59966 -0.626679
-10.6011 38.6918 -100.898 -0.489586 0.607168 -0.625822
-11.9941 41.5443 -97.0057 -0.48148 0.616542 -0.622939
-13.0355 44.5911 -93.1627 -0.474507 0.622074 -0.62279
-14.1171 47.6511 -89.2466 -0.468157 0.628852 -0.620785
-15.4361 50.5277 -85.3076 -0.459262 0.637292 -0.61882
-17.1539 53.2052 -81.2999 -0.449586 0.642771 -0.620257
-18.8695 55.8839 -77.2957 -0.44263 0.650223 -0.617485
-20.708 58.3989 -73.3611 -0.437406 0.649452 -0.622003
-22.896 60.7337 -69.4043 -0.435054 0.648638 -0.624497
-25.3121 62.8665 -65.5247 -0.432064 0.649368 -0.625813
-27.7828 64.9124 -61.6869 -0.445209 0.641488 -0.624725
-30.6787 66.6157 -57.8534 -0.448079 0.642013 -0.622129
-34.0083 67.7793 -54.2299 -0.476507 0.62049 -0.622843
-37.5674 68.5519 -50.7097 -0.485312 0.61929 -0.617212
-41.6022 68.5301 -47.5182 -0.499807 0.611447 -0.613452
-45.4163 68.5674 -44.2447 -0.521657 0.614876 -0.59144
-49.4772 67.8833 -41.3244 -0.544595 0.596685 -0.589393
-49.7233 69.8793 -39.0816 -0.537588 0.597853 -0.594619
-47.0021 73.7863 -37.5507 -0.522879 0.608949 -0.596472
-44.2576 77.7072 -35.9272 -0.512973 0.615332 -0.598519
-41.4523 81.6084 -34.2618 -0.494841 0.642496 -0.58509
-38.4939 85.3466 -32.6459 -0.485049 0.631916 -0.604491
-35.6196 89.0678 -30.8505 -0.453004 0.653068 -0.606869
-32.5525 92.6698 -29.1057 -0.419965 0.677048 -0.604348
-29.6523 96.2042 -26.9944 -0.391278 0.699959 -0.597458
-27.2624 99.7318 -24.319 -0.361602 0.722072 -0.589794
-25.4874 103.256 -21.0915 -0.353394 0.722818 -0.593841
-24.4618 106.61 -17.5358 -0.347881 0.734015 -0.583267
-24.3347 109.795 -13.5338 -0.349167 0.747577 -0.564987
-25.0232 112.42 -9.29421 -0.331364 0.820503 -0.465803
-25.7146 114.345 -4.60678 -0.344632 0.903917 -0.252998
-25.8997 114.92 0.515758 -0.355936 0.933808 0.0362168
-25.6327 114.233 5.47752 -0.338138 0.90497 0.25825
-24.8603 112.195 10.091 -0.316172 0.78816 0.528052
-24.2961 109.325 14.2905 -0.355153 0.735042 0.577564
-24.5913 106.099 18.2169 -0.358569 0.735528 0.574828
-25.7747 102.723 21.7791 -0.357397 0.732788 0.579042
-27.6877 99.3165 24.9019 -0.362911 0.725512 0.584745
-30.2316 95.8786 27.4762 -0.375755 0.711368 0.593938
-33.3122 92.4946 29.5157 -0.397709 0.697335 0.596281
-36.512 89.04 31.3046 -0.429151 0.683034 0.591011
-39.5742 85.5049 33.1203 -0.438622 0.669735 0.599221
-42.6547 81.8046 34.9024 -0.448588 0.661831 0.600623
-45.7995 78.0635 36.5904 -0.456679 0.645028 0.612685
-48.7649 74.3457 38.3268 -0.458148 0.651335 0.604866
-51.6746 70.6452 40.0476 -0.46123 0.640393 0.614135
-54.5832 66.8755 41.7388 -0.466298 0.63084 0.620167
-57.4069 63.0603 43.4461 -0.475712 0.62468 0.619252
-60.3168 59.2269 45.07 -0.48109 0.619297 0.620503
-61.0915 58.1249 45.565 -0.483123 0.618649 0.619569
-65.1668 59.3538 41.1515 -0.487178 0.618254 0.616781
-68.0534 55.4456 42.7361 -0.492601 0.610274 0.620411
-70.8534 51.5007 44.3582 -0.502704 0.600973 0.621385
-72.7768 48.1741 46.0186 -0.507665 0.601853 0.616482
-68.3741 50.223 47.6048 -0.498973 0.604022 0.621437
-63.9947 52.2094 49.178 -0.495175 0.619825 0.608784
-59.545 54.4247 50.5001 -0.484294 0.624064 0.61319
-55.0292 56.6975 51.7206 -0.469208 0.636823 0.611801
-50.5894 58.0483 53.6197 -0.450539 0.645364 0.616863
-46.156 59.2001 55.6361 -0.45098 0.634247 0.62797
-41.6918 59.8133 58.0604 -0.425392 0.639667 0.640209
-37.2819 60.1532 60.6155 -0.421646 0.639867 0.642483
-33.077 59.8973 63.3475 -0.372892 0.64552 0.666524
-29.1018 59.0919 66.3205 -0.355551 0.651542 0.670132
-25.2114 57.7922 69.547 -0.333346 0.646987 0.685775
-21.496 56.283 72.7424 -0.330741 0.638054 0.69534
-17.8655 54.7241 75.8702 -0.322104 0.638481 0.698992
-15.0005 52.3697 79.3086 -0.32225 0.631114 0.705585
-12.1384 49.9735 82.7591 -0.320904 0.630952 0.706343
-9.24433 47.5823 86.2012 -0.319612 0.630077 0.707708
-6.70054 44.9159 89.6743 -0.315387 0.623338 0.715528
-4.12803 42.2414 93.1162 -0.319511 0.617009 0.719174
-2.89926 43.2612 92.7887 -0.321467 0.616908 0.718389
-2.98523 47.0955 89.4377 -0.323712 0.623188 0.711932
-2.99981 50.8968 86.0831 -0.322435 0.629821 0.706655
-3.0104 54.7182 82.6638 -0.322874 0.633169 0.703455
-3.00739 58.4299 79.2876 -0.317252 0.638297 0.701375
-2.98901 62.1642 75.8503 -0.311247 0.647843 0.695288
-3.04117 65.9384 72.2837 -0.311123 0.655813 0.687829
-2.9979 69.5681 68.8231 -0.298974 0.662279 0.687023
-2.9966 73.2207 65.2843 -0.291111 0.667129 0.685707
-3.02115 76.8654 61.6788 -0.281166 0.679945 0.677216
-2.98209 80.5037 58.0527 -0.270785 0.682842 0.678529
-3.02501 84.0798 54.4111 -0.269769 0.685364 0.676388
-3.03528 87.5966 50.8604 -0.270094 0.684784 0.676846
-3.04894 91.1108 47.2568 -0.255555 0.69929 0.667596
-3.07825 94.5537 43.5491 -0.263718 0.713957 0.648627
-2.471 98.0549 39.866 -0.275609 0.722893 0.633613
-0.885051 101.5 36.5808 -0.293315 0.731279 0.61579
1.66505 104.818 33.8209 -0.315673 0.743678 0.589317
5.32238 107.824 31.9233 -0.318911 0.766665 0.557232
9.53238 110.279 30.5644 -0.248041 0.838891 0.484488
13.9593 111.969 28.6459 -0.065009 0.957196 0.281024
18.3875 111.721 26.026 0.321094 0.945272 0.057968
22.1923 109.83 23.1028 0.572585 0.819639 -0.0182369
25.3666 107.212 20.1627 0.648454 0.760622 -0.0309928
28.8636 104.105 18.2325 0.668061 0.744102 -0.00244655
32.6149 100.66 17.4851 0.684555 0.728597 0.0230239
36.2123 97.2106 17.8782 0.693162 0.718851 0.0527192
39.667 93.6237 19.4264 0.714262 0.69505 0.0820622
42.8231 90.1001 21.1944 0.721796 0.685765 0.0934517
45.8996 86.5407 23.0253 0.725998 0.679014 0.108936
48.964 82.9877 24.769 0.723829 0.680206 0.115722
52.0395 79.4021 26.537 0.7266 0.676842 0.118053
55.1728 75.7271 28.3326 0.726385 0.675728 0.125524
58.214 72.1074 30.1371 0.730066 0.672043 0.123946
61.2813 68.4484 31.8354 0.732933 0.668777 0.124688
64.2911 64.7779 33.6255 0.738116 0.663471 0.122442
67.3148 61.0776 35.3009 0.743827 0.657088 0.122303
70.3005 57.3468 37.1031 0.745101 0.654097 0.130313
73.2769 53.5902 38.8177 0.750479 0.647928 0.130275
76.2648 49.7537 40.5088 0.755414 0.640929 0.136233
79.1167 45.9916 42.2241 0.759074 0.635077 0.143121
81.5997 42.8192 43.0705 0.759503 0.632154 0.153413
80.9112 44.7346 38.4384 0.750499 0.642377 0.155251
80.0079 46.7804 33.9588 0.749239 0.646886 0.142055
78.8332 49.0384 29.5983 0.746838 0.652803 0.1268
77.4895 51.3902 25.3595 0.742819 0.658347 0.12164
76.3999 53.3842 20.8607 0.73723 0.668263 0.0995691
75.9999 54.5253 15.9545 0.73171 0.675366 0.0920949
75.5545 55.6617 11.0689 0.73195 0.676139 0.0840013
75.8893 55.7373 6.01794 0.735804 0.674753 0.057462
76.436 55.5521 1.01452 0.730346 0.680997 0.0532712
77.6305 54.4297 -3.84806 0.733113 0.679989 0.0126661
79.1715 52.8727 -8.36111 0.729159 0.684208 0.0136685
80.813 51.095 -12.8842 0.730068 0.683237 -0.0133742
82.9068 48.7172 -16.9234 0.73221 0.680728 -0.021874
85.0335 46.2983 -20.8447 0.732816 0.680051 -0.022599
87.0964 43.9343 -24.8234 0.732959 0.679601 -0.0302174
89.3825 41.2695 -28.4153 0.739519 0.672122 -0.0369275
91.9305 38.2762 -31.7661 0.741162 0.670346 -0.0362698
94.3899 35.36 -35.2867 0.740724 0.670711 -0.0384053
96.8069 32.4839 -38.7557 0.744391 0.665965 -0.0487039
99.0129 29.73 -42.3546 0.748962 0.660489 -0.0530209
101.243 26.8943 -45.9207 0.754054 0.653863 -0.0621704
103.392 23.9933 -49.5423 0.762804 0.642691 -0.0712675
105.473 21.0753 -53.3059 0.768319 0.635482 -0.076478
107.339 18.2875 -57.0554 0.773066 0.627176 -0.0949691
109.322 15.2253 -60.6973 0.777345 0.619599 -0.108775
112.19 11.7549 -59.6235 0.785637 0.609191 -0.107987
114.279 9.79131 -55.453 0.785896 0.610656 -0.0973014
116.26 7.90169 -51.1767 0.785335 0.612612 -0.089195
118.058 6.17177 -46.8019 0.787012 0.612318 -0.0753518
119.775 4.48438 -42.3505 0.783525 0.617672 -0.0676024
121.252 2.98924 -37.7128 0.784664 0.618549 -0.0412324
121.483 2.51237 -40.4209 0.784728 0.61806 -0.0469455
121.106 2.45381 -45.4714 0.782207 0.619173 -0.0691135
120.602 2.45669 -50.614 0.778598 0.620909 -0.0908707
119.984 2.48747 -55.7299 0.78145 0.616809 -0.0942383
119.289 2.50249 -60.7811 0.779619 0.616299 -0.111221
118.568 2.4568 -65.8353 0.778437 0.615744 -0.122046
117.742 2.46671 -70.78 0.778296 0.614144 -0.130699
116.833 2.49471 -75.8035 0.779745 0.610288 -0.13981
115.916 2.51949 -80.8057 0.778089 0.612273 -0.140353
115.06 2.48677 -85.7788 0.774712 0.617308 -0.136941
114.201 2.47381 -90.8096 0.775595 0.618891 -0.12419
112.703 3.45244 -95.3312 0.764854 0.632181 -0.123874
109.871 6.15111 -98.5317 0.75447 0.640614 -0.142791
106.901 8.98489 -101.633 0.755905 0.643606 -0.119916
104.138 11.6104 -104.269 0.734923 0.657842 -0.164719
105.129 11.5811 -99.2243 0.754239 0.640709 -0.143581
106.071 11.5823 -94.2624 0.756444 0.637671 -0.145496
107.009 11.5924 -89.3101 0.757652 0.635853 -0.147156
108.035 11.5529 -84.2944 0.765351 0.625559 -0.151372
109.043 11.5166 -79.3669 0.772134 0.616788 -0.15291
110.031 11.4931 -74.3844 0.77789 0.611 -0.146853
110.3 12.3106 -69.3718 0.783033 0.607831 -0.131909
109.446 14.3447 -64.7087 0.783547 0.610621 -0.114873
107.8 17.1128 -60.8197 0.778126 0.620113 -0.0998999
105.393 20.5697 -57.8193 0.772714 0.628269 -0.0905019
102.591 24.2645 -55.7802 0.768973 0.634893 -0.0747796
99.5926 28.0386 -54.0811 0.763266 0.64304 -0.0626455
96.6072 31.7348 -52.3237 0.7613 0.645861 -0.0573192
93.5847 35.3344 -50.6029 0.750273 0.65954 -0.0457957
90.541 38.8999 -48.8546 0.745868 0.665296 -0.0325897
87.377 42.4932 -47.0797 0.738554 0.673397 -0.0327786
84.2628 45.9911 -45.196 0.736586 0.675546 -0.0328393
81.1144 49.4863 -43.4054 0.733024 0.679445 -0.032099
77.9469 52.9846 -41.5538 0.731802 0.680675 -0.0338775
74.6712 56.5706 -39.6896 0.727247 0.685537 -0.0339224
71.4391 60.0737 -37.7886 0.721689 0.691064 -0.03993
68.2383 63.5237 -35.9654 0.719879 0.69262 -0.0452892
64.9984 66.9972 -34.0592 0.716784 0.695536 -0.0494948
61.7999 70.4126 -32.2081 0.714693 0.697668 -0.0497303
58.5313 73.89 -30.3278 0.713449 0.698867 -0.050743
55.2238 77.4043 -28.4784 0.707459 0.703949 -0.0629017
52.0021 80.8087 -26.5547 0.70462 0.706181 -0.0694188
48.7592 84.23 -24.6495 0.705317 0.705185 -0.0723959
45.5456 87.6491 -22.8041 0.704885 0.70512 -0.0770856
42.3376 91.0603 -20.9774 0.706809 0.703176 -0.077233
39.1304 94.4497 -19.1189 0.701237 0.709271 -0.072113
35.715 97.9038 -17.7905 0.690581 0.720921 -0.0580572
32.0946 101.366 -17.517 0.68087 0.730611 -0.0512209
28.4275 104.667 -18.4266 0.665315 0.745642 -0.0370651
24.9859 107.557 -20.5882 0.640293 0.767666 -0.0266493
21.7015 109.939 -23.7039 0.559467 0.826936 -0.0563349
17.7936 111.397 -26.583 0.326184 0.924623 -0.196661
13.4519 111.21 -28.9966 -0.0273969 0.902653 -0.42914
9.07108 109.573 -30.7264 -0.235237 0.831226 -0.503712
4.91148 107.077 -32.1234 -0.313388 0.755097 -0.575861
1.42494 104.052 -34.1074 -0.305023 0.742175 -0.596772
-1.16084 100.688 -36.9423 -0.285911 0.736323 -0.613255
-2.64961 97.2783 -40.3117 -0.27353 0.732774 -0.623073
-3.05417 93.9586 -44.0498 -0.273697 0.730822 -0.62529
-3.01679 90.6898 -47.9176 -0.280715 0.734211 -0.618167
-3.01947 87.4577 -51.7584 -0.301035 0.730795 -0.612625
-2.94687 84.1778 -55.7444 -0.329095 0.726471 -0.603271
-2.94556 80.9892 -59.602 -0.342867 0.722255 -0.600657
-2.92992 77.7787 -63.4957 -0.365108 0.716989 -0.593821
-2.8978 74.5831 -67.3558 -0.384514 0.704312 -0.596736
-2.88689 71.2512 -71.2802 -0.394246 0.699628 -0.595894
-2.87879 67.8905 -75.2195 -0.405157 0.692551 -0.596841
-2.81903 64.6009 -79.0755 -0.418809 0.689109 -0.591375
-2.83251 61.2489 -82.9208 -0.429318 0.68269 -0.591287
-2.86785 57.8544 -86.7933 -0.451145 0.669685 -0.589904
-2.82196 54.4473 -90.6663 -0.458823 0.660394 -0.594441
-2.77446 51.0225 -94.4401 -0.470785 0.642258 -0.604869
-2.78977 47.5847 -98.0918 -0.487939 0.635084 -0.598818
-2.72022 44.0669 -101.807 -0.501475 0.616314 -0.607191
-2.69624 40.4484 -105.469 -0.50169 0.610704 -0.612656
-2.69668 36.7666 -109.104 -0.510183 0.600787 -0.615442
-2.72172 33.0987 -112.569 -0.512346 0.584834 -0.628865
-2.70415 29.2812 -116.084 -0.518722 0.569957 -0.637241
-2.64299 25.5248 -119.394 -0.527605 0.550081 -0.647336
-2.59277 21.6918 -122.652 -0.528125 0.540994 -0.654529
-1.65509 18.2614 -126.156 -0.522138 0.526783 -0.670725
0.189869 15.3052 -129.81 -0.511747 0.515811 -0.687061
2.92296 13.0111 -133.553 -0.507837 0.515895 -0.689894
6.29867 11.6057 -137.067 -0.502023 0.517811 -0.692708
10.2514 11.2773 -140.143 -0.491674 0.518417 -0.699643
14.4946 11.2864 -143.057 -0.467948 0.517644 -0.716288
18.786 11.3206 -145.733 -0.445727 0.521079 -0.727877
16.3922 8.13845 -146.654 -0.468273 0.543974 -0.69628
12.8647 4.50877 -146.981 -0.488262 0.525209 -0.696961
8.99441 2.67162 -145.633 -0.49403 0.521069 -0.696004
4.86608 2.67964 -142.692 -0.498682 0.52163 -0.692256
0.785304 2.68604 -139.725 -0.500683 0.51754 -0.693879
-3.37692 2.65504 -136.772 -0.493059 0.524532 -0.694089
-7.50846 2.70203 -133.774 -0.495821 0.528232 -0.689298
-11.6303 2.66261 -130.86 -0.493923 0.52729 -0.691379
-15.7574 2.70005 -127.938 -0.483007 0.537062 -0.69157
-18.2069 3.31835 -125.741 -0.481503 0.54183 -0.688894
-14.0919 6.27215 -126.291 -0.485662 0.542022 -0.685817
-10.1435 9.39306 -126.71 -0.497223 0.53363 -0.684111
-6.22967 12.7169 -126.999 -0.506097 0.52863 -0.681481
-5.55774 16.5977 -124.471 -0.518064 0.537819 -0.665103
-7.37821 19.4189 -120.711 -0.519283 0.54267 -0.660193
-9.19849 22.3445 -116.906 -0.497438 0.557312 -0.66479
-10.9242 25.2831 -113.081 -0.491549 0.571501 -0.65709
-12.4986 28.2359 -109.264 -0.500824 0.577692 -0.644552
-13.966 31.2335 -105.377 -0.492775 0.59703 -0.633031
-15.2144 34.2398 -101.57 -0.490386 0.599559 -0.632495
-16.6221 37.1744 -97.7187 -0.47226 0.61286 -0.63354
-17.7929 40.2457 -93.8583 -0.474523 0.614361 -0.630388
-18.9356 43.3247 -89.9894 -0.470318 0.621224 -0.626803
-20.0653 46.3589 -86.1276 -0.461212 0.628752 -0.626063
-21.7432 49.0303 -82.2177 -0.456933 0.630388 -0.627553
-23.3971 51.765 -78.27 -0.456197 0.629048 -0.62943
-25.3897 54.3659 -74.2637 -0.439645 0.63856 -0.631628
-27.4187 56.7587 -70.3725 -0.434932 0.646641 -0.62665
-29.8612 58.8702 -66.4476 -0.444386 0.646009 -0.620639
-32.3391 60.9124 -62.5426 -0.450116 0.645034 -0.617517
-35.313 62.5058 -58.6558 -0.461361 0.641084 -0.613316
-38.6347 63.5202 -55.0475 -0.470557 0.63539 -0.612255
-42.3928 63.7756 -51.7532 -0.498298 0.628451 -0.597285
-46.201 63.8011 -48.5052 -0.517795 0.616869 -0.592757
-50.1933 63.2945 -45.3748 -0.546046 0.604368 -0.580149
-54.2518 62.411 -42.4647 -0.548789 0.597517 -0.584639
-58.3366 61.0891 -39.8131 -0.577285 0.580939 -0.573805
-59.048 62.4714 -37.7064 -0.577934 0.57884 -0.575271
-56.4642 66.559 -36.1557 -0.567802 0.582999 -0.581131
-53.8741 70.5748 -34.5956 -0.548089 0.594434 -0.588427
-51.2062 74.5369 -33.0626 -0.537144 0.603669 -0.589119
-48.3697 78.5065 -31.4997 -0.526915 0.616508 -0.585045
-45.5673 82.4487 -29.82 -0.515474 0.619202 -0.592347
-42.7109 86.2729 -28.2411 -0.498834 0.627182 -0.59817
-39.8611 90.0549 -26.5266 -0.480818 0.647079 -0.591695
-36.8999 93.7131 -24.8073 -0.456884 0.658495 -0.598031
-34.0152 97.3076 -22.825 -0.415668 0.692283 -0.589886
-31.7551 100.951 -20.0526 -0.379914 0.707018 -0.596482
-30.4079 104.424 -16.7157 -0.349555 0.720032 -0.599469
-30.0543 107.679 -12.9186 -0.318384 0.743793 -0.587708
-30.9112 110.559 -8.69662 -0.295657 0.789773 -0.537443
-31.6235 112.604 -4.19505 -0.220275 0.917075 -0.332344
-31.8104 113.399 0.678874 -0.156682 0.986776 0.0408619
-31.4965 112.359 5.68281 -0.258863 0.897453 0.357154
-30.5247 109.873 10.0896 -0.283882 0.753094 0.593487
-29.988 106.843 14.0788 -0.322807 0.730214 0.602149
-30.7158 103.491 17.7595 -0.354509 0.726926 0.588135
-32.4076 99.9697 21.0565 -0.381607 0.720242 0.579334
-34.9794 96.5018 23.5961 -0.408644 0.707258 0.576885
-38.1017 93.0558 25.456 -0.432114 0.686561 0.584732
-41.1602 89.536 27.2754 -0.44436 0.681809 0.581103
-44.2638 85.9017 29.0576 -0.457651 0.670793 0.583602
-47.3431 82.2596 30.8068 -0.465191 0.661402 0.588341
-50.3223 78.5736 32.5565 -0.46617 0.655857 0.593748
-53.3666 74.8421 34.2715 -0.467426 0.654361 0.594412
-56.303 71.1534 35.9594 -0.476407 0.643439 0.599185
-59.2032 67.3883 37.662 -0.479715 0.637305 0.603088
-62.0847 63.5445 39.3419 -0.481528 0.625579 0.613826
-64.8951 59.7298 40.989 -0.487419 0.61871 0.616133
-65.1615 59.3611 41.1484 -0.487183 0.618245 0.616787
-9.99098 121.989 6.86273 -0.482169 0.775722 0.407147
-6.22936 121.402 10.1667 -0.282285 0.746572 0.602449
-1.5306 121.406 11.8006 -0.0998849 0.777072 0.621292
3.48578 121.519 11.4246 0.159576 0.809409 0.565148
7.84775 121.477 8.90252 0.429366 0.777984 0.45866
10.6967 121.294 4.7222 0.600922 0.764794 0.231495
11.6607 121.208 -0.217401 0.654638 0.755915 -0.00649593
10.5291 121.392 -5.18518 0.61113 0.768908 -0.187882
7.48679 121.553 -9.28033 0.359291 0.808756 -0.465644
3.02788 121.606 -11.5303 0.176641 0.790174 -0.586867
-1.9537 121.475 -11.6072 -0.14728 0.758386 -0.634914
-6.59135 121.532 -9.8017 -0.312665 0.753137 -0.578814
-10.3171 121.995 -6.3418 -0.447134 0.789903 -0.419672
-12.3248 122.499 -1.73756 -0.576641 0.797718 -0.176442
-11.8432 122.271 3.27502 -0.547308 0.8089 0.214772
-9.99833 121.99 6.85239 -0.482169 0.775722 0.407147
-5.95956 125.72 4.28094 -0.441456 0.766135 0.466206
-1.88117 125.386 6.98683 -0.154258 0.754176 0.638297
3.14035 125.404 6.45443 0.284156 0.730685 0.619823
6.52299 125.338 2.87068 0.639388 0.727617 0.248509
6.83807 125.356 -2.03301 0.671105 0.7177 -0.185808
3.78967 125.505 -6.08371 0.346689 0.762975 -0.545595
-1.14605 125.488 -7.09529 -0.112557 0.748825 -0.653126
-5.4826 125.701 -4.8152 -0.408751 0.761128 -0.503593
-7.43919 125.971 -0.304331 -0.588738 0.808238 -0.0117686
-6.00647 125.728 4.21868 -0.453913 0.776857 0.436296
-3.16116 9.91273 -131.416 -0.504351 0.523712 -0.686553
-3.69367 7.81355 -132.624 -0.501139 0.523537 -0.689034
-0.773264 8.27629 -134.399 -0.50285 0.520753 -0.689897
-3.10286 9.93623 -131.441 -0.504337 0.523726 -0.686553
114.13 7.39641 -69.2762 0.782081 0.609704 -0.128879
115.006 7.26174 -64.4485 0.782398 0.612071 -0.114989
113.741 8.74103 -65.1589 0.781778 0.611979 -0.119598
114.152 7.39685 -69.1388 0.782045 0.609754 -0.128862
83.1014 47.8741 -32.5515 0.733055 0.679325 -0.0338841
79.9011 51.3222 -32.6742 0.733188 0.679131 -0.0348824
79.111 52.5366 -24.9203 0.731707 0.681054 -0.0277469
75.6622 56.2384 -25.0215 0.731703 0.680996 -0.0292364
72.2208 59.9375 -25.0739 0.730723 0.681902 -0.0324514
68.7831 63.5918 -25.0881 0.726346 0.68656 -0.0325017
66.8559 65.625 -25.0915 0.724419 0.68831 -0.0380333
75.2009 57.0483 -17.3388 0.735721 0.676962 -0.0209288
71.7416 60.8036 -17.3748 0.734542 0.67814 -0.0239737
68.2469 64.556 -17.3729 0.725973 0.687029 -0.0309001
64.6667 68.3571 -17.3353 0.728226 0.684231 -0.0389316
61.2325 72.0183 -17.2797 0.728716 0.683339 -0.0449478
57.732 75.7016 -17.203 0.71697 0.696067 -0.0380122
54.2251 79.3407 -17.1406 0.719383 0.692842 -0.049584
53.2768 80.327 -17.0977 0.718367 0.693911 -0.049361
36.5949 97.5625 -8.64708 0.688079 0.725234 -0.0241454
40.2167 94.0472 -8.85356 0.701385 0.712321 -0.0256478
43.8998 90.3885 -9.03038 0.708316 0.704766 -0.039913
47.4384 86.7986 -9.15297 0.711981 0.70123 -0.0368646
50.9466 83.2103 -9.26908 0.716342 0.696645 -0.0392282
54.4886 79.4988 -9.37035 0.728861 0.684198 -0.0252119
57.9469 75.8067 -9.46405 0.729001 0.684295 -0.017259
61.3908 72.1033 -9.55504 0.732151 0.681071 -0.00991511
64.8033 68.4428 -9.64289 0.73484 0.678233 -0.00322584
68.2129 64.7638 -9.70148 0.733262 0.679945 -0.00111828
71.5934 61.0708 -9.74503 0.739231 0.673449 -0.00194069
72.6898 59.8709 -9.7519 0.735846 0.677142 -0.00299244
70.6788 62.0043 -2.15575 0.743734 0.668372 0.0117679
67.297 65.7137 -2.04233 0.735484 0.677465 0.0102619
63.8882 69.4104 -1.92915 0.739464 0.673193 0.00203317
60.5352 73.141 -1.81795 0.745402 0.666511 0.0117944
57.1196 76.9009 -1.69779 0.736367 0.67651 -0.00992115
53.6305 80.6174 -1.60131 0.726437 0.687184 0.00828146
50.088 84.292 -1.52051 0.71151 0.702499 0.0157839
46.5372 87.8928 -1.44808 0.71337 0.70077 0.00507768
42.955 91.4602 -1.38263 0.70986 0.704343 -0.000419554
39.3637 94.9886 -1.32611 0.689743 0.723984 0.0100923
35.6989 98.4592 -1.27444 0.687203 0.726459 0.00305344
32.049 101.936 -1.23258 0.686871 0.726622 0.0151039
28.3092 105.447 -1.20279 0.680963 0.732197 0.0132706
24.5744 108.959 -1.18881 0.686071 0.727257 0.0200742
20.9131 112.441 -1.22511 0.688531 0.724375 0.0347268
17.2657 115.978 -1.22374 0.682711 0.730583 0.0124188
13.8892 119.202 -1.28308 0.694089 0.71986 -0.00649098
12.6669 119.233 6.01621 0.64668 0.732245 0.213592
16.5554 115.975 5.73821 0.65839 0.746256 0.098106
20.293 112.527 5.63232 0.680956 0.728468 0.07505
24.0419 109.08 5.64315 0.675203 0.735708 0.053247
27.7798 105.643 5.75235 0.67476 0.73662 0.0457156
31.5908 102.123 5.90213 0.681163 0.731587 0.0282342
35.2813 98.6793 6.03654 0.687254 0.726053 0.0230211
38.9675 95.1902 6.15686 0.688366 0.724834 0.0277208
42.6027 91.6833 6.23345 0.702989 0.710935 0.0194581
46.1424 88.0855 6.2481 0.71597 0.697761 0.022723
49.6456 84.4405 6.23059 0.721391 0.691336 0.0406199
53.1394 80.7758 6.16905 0.726155 0.686073 0.0447608
56.6502 77.0408 6.06899 0.73595 0.67517 0.0502236
60.0528 73.3153 5.94287 0.742467 0.668008 0.0500828
63.4854 69.4953 5.78848 0.739787 0.671401 0.0440028
66.8969 65.7757 5.60576 0.739775 0.671155 0.047801
69.6771 62.6708 5.44336 0.746531 0.662757 0.0586924
69.4336 62.2024 13.0231 0.738687 0.669561 0.0776509
66.0866 65.9216 13.3091 0.743326 0.664677 0.0753053
62.6663 69.6948 13.5538 0.739958 0.668805 0.0718485
59.2422 73.4672 13.7443 0.739117 0.670231 0.0670505
55.7654 77.2796 13.9059 0.734448 0.674481 0.0752432
52.2621 81.0221 14.014 0.726134 0.6829 0.0798632
48.7135 84.8013 14.0527 0.733463 0.675546 0.0753018
48.0794 85.4847 14.0585 0.726935 0.682062 0.0797259
60.9124 70.622 21.4924 0.739696 0.665782 0.0979019
64.3575 66.8459 21.1925 0.740644 0.664447 0.0997829
67.7718 63.0706 20.8489 0.73811 0.666798 0.102826
70.1338 60.4779 20.5941 0.742453 0.660938 0.109198
31.7395 102.136 -8.34843 0.686435 0.726993 -0.0169851
28.0528 105.592 -8.13258 0.67778 0.73386 -0.0454207
24.2859 109.01 -7.9912 0.667102 0.74289 -0.0555879
20.5104 112.444 -7.96876 0.662383 0.744692 -0.0817493
16.7044 115.766 -8.07305 0.650266 0.746765 -0.139631
12.739 118.788 -8.40985 0.535129 0.788801 -0.302373
11.3996 119.622 -8.55188 0.505534 0.798099 -0.327831
19.5872 112.324 -14.4225 0.6104 0.785592 -0.101277
15.377 115.203 -14.4676 0.527726 0.822769 -0.211082
10.7558 117.183 -14.6216 0.337718 0.869174 -0.361224
5.90092 118.644 -14.8512 0.191524 0.828682 -0.525933
0.915478 119.181 -14.7796 -0.0462575 0.758121 -0.650471
-4.06399 118.664 -14.2517 -0.218343 0.727469 -0.650474
-8.91552 117.534 -13.4769 -0.343104 0.709549 -0.615484
-13.6018 115.904 -12.5351 -0.368277 0.723968 -0.583303
-18.321 114.133 -11.7214 -0.397242 0.726977 -0.560093
-21.8923 112.731 -11.0936 -0.366484 0.767985 -0.525251
-22.7105 115.083 -6.18293 -0.407388 0.845885 -0.344258
-18.2269 117.258 -6.76637 -0.432326 0.828306 -0.356376
-13.5868 119.472 -7.43666 -0.434575 0.793586 -0.42587
-12.3709 120.07 -7.63567 -0.464048 0.760885 -0.453556
-14.988 120.768 -1.123 -0.553556 0.824983 -0.113924
-19.4359 118.21 -1.01106 -0.494227 0.868928 -0.0265231
-23.0244 116.209 -0.914551 -0.47747 0.878446 -0.0188127
-22.7373 115.72 4.44643 -0.406596 0.873764 0.266862
-18.2081 117.857 4.82107 -0.467087 0.84155 0.271336
-13.8297 120.248 5.35262 -0.502879 0.804953 0.314902
-13.7838 120.273 5.35987 -0.502452 0.805284 0.314737
-7.56953 119.376 12.0055 -0.285515 0.75058 0.595911
-12.299 117.845 11.1772 -0.390785 0.740771 0.546393
-16.9977 115.883 10.328 -0.421739 0.764273 0.487877
-21.5791 113.963 9.58313 -0.351078 0.81001 0.469711
-22.027 113.801 9.5248 -0.358855 0.807768 0.46769
-21.3273 110.868 14.1802 -0.365347 0.735305 0.570831
-16.6665 112.545 15.0895 -0.366142 0.720936 0.58838
-11.945 114.143 16.0147 -0.343469 0.716351 0.607347
-7.06707 115.476 16.875 -0.264039 0.723738 0.637563
-2.04882 116.324 17.5431 -0.166992 0.746188 0.644451
3.15625 116.643 18.0219 -0.0472143 0.80974 0.584886
8.17698 116.235 18.2553 0.115326 0.895485 0.42989
13.035 115.005 18.292 0.401684 0.872119 0.27939
14.101 114.521 18.2854 0.392816 0.887544 0.240753
4.83373 113.508 23.1567 -0.121705 0.852249 0.508782
-0.136598 112.864 22.4708 -0.211159 0.777721 0.592083
-5.00501 111.982 21.7196 -0.246298 0.742426 0.623009
-9.88126 110.842 20.8752 -0.311545 0.719263 0.620968
-14.7218 109.474 19.9403 -0.332784 0.72579 0.602067
-19.4814 108.006 18.9586 -0.355853 0.73259 0.580242
-21.4486 107.378 18.5423 -0.357199 0.733337 0.578468
-22.7981 103.495 22.6387 -0.35635 0.731312 0.581547
-18.0738 104.874 23.6936 -0.334137 0.736017 0.588755
-13.3383 106.184 24.6745 -0.317972 0.735314 0.598504
-8.50491 107.424 25.6082 -0.297864 0.73571 0.608283
-3.55088 108.575 26.4975 -0.274738 0.749344 0.602496
-3.04729 108.687 26.5879 -0.274623 0.749547 0.602296
-7.58305 103.977 30.2942 -0.292287 0.743592 0.601365
-12.4506 102.769 29.3356 -0.307585 0.736108 0.602939
-17.2548 101.52 28.3342 -0.328375 0.732607 0.596203
-22.1431 100.152 27.2094 -0.341451 0.732092 0.589451
-25.0632 99.319 26.5011 -0.352743 0.727438 0.588563
-28.5505 94.6926 29.9783 -0.379639 0.70998 0.59313
-23.7662 96.0635 31.2088 -0.349903 0.721534 0.597459
-18.964 97.4037 32.3795 -0.343512 0.723767 0.598465
-14.1588 98.6681 33.4462 -0.309861 0.732513 0.606144
-10.1192 99.6715 34.292 -0.305395 0.735139 0.605231
-11.5803 95.5694 38.4446 -0.314459 0.723371 0.614695
-16.3537 94.3646 37.3921 -0.321823 0.718326 0.616796
-21.1364 93.126 36.292 -0.33666 0.722386 0.604002
-25.9032 91.7721 35.0679 -0.364859 0.707131 0.605676
-30.5798 90.3814 33.7702 -0.38533 0.696884 0.604875
-33.4254 89.4888 32.9179 -0.410483 0.689273 0.596997
-38.1761 84.0848 35.7065 -0.431948 0.667261 0.606781
-33.4772 85.6656 37.2363 -0.407948 0.679609 0.60968
-28.8201 87.1091 38.6059 -0.375411 0.693799 0.614581
-24.0733 88.4816 39.8851 -0.364304 0.691833 0.623418
-19.3166 89.8114 41.0989 -0.316123 0.693332 0.647577
-14.3812 91.0307 42.1947 -0.313108 0.699965 0.641882
-11.9318 91.6365 42.743 -0.317568 0.702394 0.637019
-11.9492 87.6325 46.993 -0.306165 0.685974 0.660078
-16.8413 86.4398 45.9005 -0.319811 0.686942 0.652558
-21.6555 85.231 44.781 -0.348411 0.67242 0.65304
-26.3286 83.9081 43.548 -0.36907 0.672311 0.641704
-31.0945 82.4897 42.2157 -0.398205 0.662532 0.634416
-35.8445 80.922 40.7232 -0.42811 0.658418 0.619038
-40.354 79.3598 39.2147 -0.443889 0.652531 0.614139
-42.8623 78.46 38.3433 -0.446813 0.649601 0.615123
-47.311 72.8306 41.0289 -0.457775 0.644791 0.612116
-42.7114 74.4963 42.6415 -0.44906 0.644864 0.618462
-38.1379 76.1241 44.1963 -0.430569 0.646751 0.629542
-33.5735 77.6325 45.6278 -0.401035 0.65845 0.636879
-28.9682 79.0871 46.9904 -0.375036 0.666264 0.644547
-24.2612 80.4395 48.2499 -0.3521 0.672425 0.651053
-19.5641 81.6968 49.4243 -0.343873 0.664596 0.663372
-14.7334 82.9322 50.5756 -0.316522 0.673886 0.667601
-11.7709 83.6268 51.2227 -0.296274 0.681707 0.668952
-11.9042 79.4782 55.3007 -0.299063 0.66913 0.680313
-16.6779 78.3364 54.2277 -0.32779 0.661254 0.674757
-21.4746 77.0919 53.0691 -0.341813 0.656464 0.672472
-26.3466 75.7703 51.8384 -0.355209 0.659125 0.662858
-31.1608 74.3387 50.5012 -0.39133 0.648681 0.652744
-35.7566 72.8229 49.1016 -0.418354 0.640804 0.6437
-40.2939 71.2631 47.6477 -0.431821 0.640359 0.635193
-44.9502 69.5949 46.0859 -0.445797 0.637422 0.628458
-49.413 67.9373 44.5207 -0.460286 0.6332 0.622249
-51.9145 66.9946 43.6188 -0.465231 0.629468 0.622359
-41.7551 66.6042 51.3269 -0.428744 0.634143 0.643461
-37.1533 68.2064 52.77 -0.418405 0.6337 0.650662
-32.5145 69.7624 54.1857 -0.402077 0.634706 0.659911
-27.8203 71.1939 55.4981 -0.369831 0.64034 0.673193
-23.0112 72.5305 56.7283 -0.337531 0.647366 0.683367
-18.3017 73.7614 57.8807 -0.33566 0.653691 0.678249
-13.506 74.9522 59.0003 -0.313808 0.666027 0.676707
-11.8573 75.3453 59.3748 -0.309604 0.665997 0.678671
-11.778 71.2049 63.4059 -0.307595 0.65154 0.693456
-16.6633 69.9998 62.2543 -0.33404 0.645678 0.686671
-21.4386 68.7548 61.0832 -0.336552 0.646562 0.68461
-26.187 67.4703 59.9073 -0.364565 0.638808 0.677508
-28.4051 66.814 59.3138 -0.370635 0.636178 0.676689
-20.6264 64.7842 65.2181 -0.337146 0.642757 0.687892
-15.8589 66.0095 66.3833 -0.3255 0.642976 0.693276
-11.7862 66.9988 67.3369 -0.314686 0.647847 0.693734
-11.812 62.8007 71.2493 -0.319377 0.648287 0.691174
-14.4357 62.1669 70.6196 -0.322256 0.645014 0.692899
21.8815 110.413 12.2614 0.653727 0.753639 0.0683284
17.9959 113.561 12.2108 0.600089 0.789559 0.128412
13.8401 116.5 12.3744 0.528758 0.809358 0.255647
9.34973 118.792 12.6892 0.294152 0.859036 0.418964
6.35524 119.666 12.8348 0.266381 0.809333 0.523471
11.2846 114.823 -20.2498 0.196581 0.918707 -0.342539
6.24939 115.389 -20.021 0.0160211 0.890938 -0.453843
1.19777 115.277 -19.5679 -0.168953 0.768081 -0.617662
-3.73587 114.568 -18.8723 -0.214563 0.727148 -0.652087
-8.61165 113.521 -18.0795 -0.304697 0.710412 -0.634408
-13.3449 112.165 -17.1958 -0.329853 0.712437 -0.61938
-18.1827 110.615 -16.2611 -0.344828 0.733284 -0.585993
-21.373 109.58 -15.6433 -0.350672 0.736601 -0.578315
-21.7981 105.952 -19.9236 -0.340689 0.729203 -0.593459
-16.8949 107.387 -20.9438 -0.321316 0.730542 -0.602548
-12.0757 108.696 -21.8792 -0.315437 0.72086 -0.617139
-7.16859 109.903 -22.7715 -0.273863 0.724702 -0.632302
-2.3441 110.93 -23.5972 -0.258814 0.741753 -0.618723
2.04271 111.754 -24.3405 -0.224212 0.781143 -0.582704
-4.76093 106.72 -27.6999 -0.282004 0.748922 -0.599657
-9.64554 105.581 -26.8032 -0.290579 0.743005 -0.602916
-14.4727 104.388 -25.8702 -0.305032 0.739414 -0.600185
-19.2523 103.114 -24.878 -0.336672 0.730091 -0.594659
-23.3581 101.958 -23.9439 -0.35 0.728028 -0.589471
-25.9683 97.5993 -27.6639 -0.36538 0.71658 -0.594147
-21.2177 98.9441 -28.8491 -0.341908 0.722445 -0.600976
-16.4777 100.21 -29.9158 -0.324048 0.728538 -0.603511
-11.6659 101.429 -30.9105 -0.303844 0.736441 -0.604429
-8.54025 102.195 -31.5219 -0.293103 0.74328 -0.601353
-10.7291 97.9755 -35.5838 -0.308435 0.734712 -0.604207
-15.4802 96.771 -34.5802 -0.315944 0.72768 -0.608819
-20.3008 95.4927 -33.4814 -0.342483 0.712099 -0.612879
-24.9821 94.17 -32.3013 -0.370871 0.697127 -0.613571
-29.6105 92.7584 -30.9785 -0.392496 0.684272 -0.614588
-29.894 92.6708 -30.8951 -0.393337 0.685125 -0.613098
-34.5532 87.1841 -33.6475 -0.445492 0.651017 -0.614584
-29.9448 88.7354 -35.1561 -0.416043 0.669241 -0.615649
-25.2242 90.2717 -36.595 -0.37524 0.697472 -0.610514
-20.5572 91.627 -37.8122 -0.357067 0.71299 -0.603447
-15.6825 92.9492 -38.9669 -0.32959 0.714068 -0.617639
-11.8088 93.9583 -39.831 -0.320533 0.722183 -0.612952
-11.9029 90.1127 -44.2402 -0.326082 0.712752 -0.621012
-16.727 88.844 -43.1548 -0.32955 0.708994 -0.623477
-21.4776 87.5 -41.9683 -0.371323 0.681614 -0.630493
-26.3186 85.9791 -40.5974 -0.396451 0.677797 -0.619208
-30.9478 84.3958 -39.1296 -0.430807 0.655891 -0.619849
-35.4744 82.7936 -37.5951 -0.455016 0.647937 -0.610851
-39.0016 81.4835 -36.3117 -0.478384 0.628861 -0.612929
-43.3536 75.5657 -38.9108 -0.515849 0.613176 -0.59826
-39.0072 77.3508 -40.6305 -0.478633 0.642764 -0.598135
-34.4608 79.1023 -42.2873 -0.456743 0.651347 -0.605915
-29.8905 80.7762 -43.8352 -0.428916 0.649642 -0.627691
-25.3347 82.311 -45.2293 -0.408119 0.660241 -0.630492
-20.7031 83.7389 -46.4953 -0.373876 0.683541 -0.626888
-16.0203 85.1257 -47.7009 -0.344107 0.700641 -0.625054
-11.7414 86.2866 -48.7023 -0.3262 0.708828 -0.625425
-11.6813 82.3994 -53.1252 -0.339743 0.704845 -0.62271
-16.4152 81.0516 -51.9748 -0.371236 0.686634 -0.625074
-21.0463 79.6227 -50.7375 -0.388487 0.675413 -0.626813
-25.7023 78.1044 -49.3973 -0.416798 0.665565 -0.619114
-30.2909 76.5346 -47.9952 -0.425537 0.65493 -0.624488
-34.9311 74.8218 -46.4547 -0.455085 0.635997 -0.623222
-39.4469 72.9956 -44.7921 -0.492609 0.612376 -0.61833
-43.8942 71.0731 -43.0201 -0.518677 0.607118 -0.601981
-43.9537 71.0467 -42.9956 -0.518675 0.607128 -0.601973
-34.6199 70.7331 -50.8136 -0.466404 0.62827 -0.62269
-30.1165 72.4651 -52.3369 -0.452012 0.639383 -0.621992
-25.4758 74.1069 -53.772 -0.414692 0.655516 -0.631133
-20.8627 75.6437 -55.1111 -0.405324 0.665754 -0.626485
-16.112 77.1736 -56.4303 -0.374658 0.696622 -0.61184
-11.5713 78.5355 -57.5903 -0.345937 0.704267 -0.619949
-11.6422 74.5451 -61.9717 -0.37768 0.69169 -0.615566
-16.3579 73.0684 -60.7073 -0.395068 0.671775 -0.62661
-21.0162 71.5244 -59.3751 -0.414209 0.656801 -0.630114
-25.7846 69.8784 -57.9461 -0.41746 0.652205 -0.632736
-28.6762 68.8361 -57.0377 -0.449483 0.632473 -0.630827
-24.5529 66.2036 -62.5951 -0.427873 0.648867 -0.629203
-19.962 67.8202 -64.0056 -0.414819 0.660477 -0.625856
-15.3499 69.3731 -65.3567 -0.401319 0.666404 -0.62837
-11.6286 70.5791 -66.3937 -0.384501 0.683472 -0.620504
-11.4323 66.6495 -70.8665 -0.413291 0.675446 -0.610707
-15.9856 65.0934 -69.5063 -0.413945 0.664915 -0.621721
-20.6504 63.4876 -68.0875 -0.420341 0.65716 -0.625663
-21.1575 63.3092 -67.9301 -0.424536 0.65496 -0.625137
-18.2235 60.257 -73.1628 -0.430452 0.658676 -0.617136
-13.6978 61.8491 -74.5912 -0.426914 0.662124 -0.615903
-11.1952 62.7278 -75.3714 -0.420272 0.671491 -0.610304
-11.1238 58.7061 -79.8144 -0.43239 0.663155 -0.610954
-15.7086 57.056 -78.3178 -0.44022 0.653015 -0.616261
-15.8762 56.9953 -78.2624 -0.440194 0.653049 -0.616244
-13.7927 53.6143 -83.312 -0.449323 0.643319 -0.619879
-11.1129 54.6071 -84.2299 -0.45145 0.647722 -0.613717
-10.9968 50.4903 -88.6702 -0.463733 0.638043 -0.614697
-11.7094 50.2193 -88.4144 -0.462603 0.637859 -0.615739
-11.8529 50.1648 -88.3631 -0.462603 0.637859 -0.615739
