-87.2208 33.3748 60.0505 -0.541129 0.566405 0.621583
-84.711 37.4365 58.52 -0.53293 0.569403 0.625912
-82.0435 41.5326 57.0436 -0.52485 0.570428 0.631779
-79.4869 45.6504 55.4451 -0.5176 0.576888 0.631895
-76.8159 49.7087 53.8718 -0.511362 0.585236 0.629292
-74.1102 53.6834 52.3675 -0.511818 0.588259 0.626094
-71.4045 57.6182 50.7758 -0.490624 0.607539 0.624647
-68.5257 61.5576 49.145 -0.484426 0.618874 0.618325
-65.7217 65.3733 47.5264 -0.480263 0.619886 0.620555
-62.8379 69.2167 45.8623 -0.470965 0.636169 0.611131
-59.8668 73.0534 44.1558 -0.469932 0.635702 0.61241
-56.8868 76.802 42.5021 -0.470987 0.643371 0.603526
-53.8781 80.5851 40.7488 -0.466607 0.652944 0.596609
-50.9173 84.2933 38.954 -0.458325 0.66313 0.591775
-47.8792 87.9262 37.2493 -0.460023 0.655957 0.598414
-44.8353 91.5515 35.5 -0.440661 0.681351 0.584447
-41.6316 95.124 33.7183 -0.431544 0.684876 0.587124
-38.5373 98.632 31.9108 -0.423894 0.687897 0.589162
-35.3279 102.096 30.0861 -0.3975 0.702318 0.590543
-32.0099 105.482 28.123 -0.376982 0.718418 0.584603
-29.0961 108.922 25.6777 -0.352127 0.739681 0.573479
-26.8925 112.294 22.6659 -0.351052 0.745192 0.566967
-25.3937 115.624 19.228 -0.350288 0.742521 0.570929
-24.7459 118.838 15.4533 -0.350479 0.743589 0.56942
-25.0004 121.895 11.3382 -0.323077 0.753789 0.572206
-25.7497 124.445 6.94956 -0.23699 0.860685 0.450619
-26.2615 126.107 2.25422 -0.245371 0.944804 0.215239
-26.2114 126.214 -2.71004 -0.307979 0.93822 -0.157773
-25.6805 124.484 -7.36778 -0.275381 0.821179 -0.499399
-24.9178 121.783 -11.5265 -0.312011 0.753742 -0.578378
-24.8156 118.685 -15.507 -0.3435 0.736217 -0.583088
-25.4611 115.329 -19.3677 -0.345849 0.736308 -0.581584
-27.0141 111.926 -22.785 -0.342995 0.741315 -0.576894
-29.2004 108.566 -25.7867 -0.347812 0.73969 -0.576095
-32.1093 105.229 -28.1158 -0.379028 0.717567 -0.584325
-35.3058 101.825 -30.043 -0.426335 0.689424 -0.585605
-38.4575 98.1744 -31.8441 -0.448746 0.65917 -0.603425
-41.5069 94.4458 -33.5695 -0.480421 0.637812 -0.601986
-44.3588 90.6287 -35.2909 -0.495745 0.635222 -0.592224
-47.1703 86.7854 -37.036 -0.504552 0.63093 -0.589368
-50.0617 82.8967 -38.5958 -0.517456 0.614621 -0.595383
-52.7857 79.0182 -40.187 -0.528582 0.610971 -0.589335
-55.5784 74.9463 -41.8585 -0.536137 0.601385 -0.592363
-58.2738 70.9307 -43.4506 -0.544341 0.596286 -0.590031
-60.9567 66.8725 -44.9762 -0.563475 0.582224 -0.586098
-63.5612 62.7592 -46.5346 -0.574735 0.574401 -0.582874
-66.1508 58.5944 -48.0343 -0.585094 0.566614 -0.580184
-68.6352 54.4763 -49.4625 -0.600715 0.546301 -0.583691
-71.0449 50.2812 -50.8892 -0.604548 0.545788 -0.580205
-70.6251 48.2359 -53.2558 -0.605698 0.546467 -0.578363
-66.912 48.5426 -56.8072 -0.588939 0.545325 -0.596465
-63.2195 48.7189 -60.3583 -0.572109 0.565635 -0.593926
-59.762 48.3709 -64.0462 -0.575513 0.570359 -0.586067
-56.5246 47.6789 -67.8564 -0.564798 0.578885 -0.588128
-53.1327 47.0958 -71.6008 -0.542228 0.589999 -0.598239
-50.1412 45.8748 -75.4499 -0.532326 0.589837 -0.607225
-47.2355 44.4685 -79.3343 -0.511476 0.593724 -0.621196
-44.2684 42.9397 -83.2369 -0.507456 0.595602 -0.622693
-41.6071 41.1907 -87.0752 -0.504782 0.596917 -0.623605
-39.1151 39.0887 -91.088 -0.499937 0.598236 -0.62624
-36.6046 36.9612 -95.0755 -0.495532 0.592552 -0.635083
-34.3521 34.6148 -99.0121 -0.493484 0.592215 -0.636989
-32.2783 32.1657 -102.888 -0.494287 0.591101 -0.637401
-30.2635 29.585 -106.865 -0.498789 0.589196 -0.635655
-28.1911 27.1437 -110.73 -0.499266 0.583286 -0.640708
-26.0026 24.7373 -114.562 -0.498768 0.574852 -0.648673
-23.8804 22.1438 -118.392 -0.491931 0.566631 -0.661009
-21.9964 19.2739 -122.194 -0.493395 0.556418 -0.668551
-21.5384 15.6203 -125.518 -0.490879 0.549983 -0.67569
-23.3946 11.4648 -127.527 -0.490078 0.54435 -0.680813
-27.0701 8.07771 -127.6 -0.488957 0.544607 -0.681413
-25.2288 7.25063 -129.581 -0.488445 0.544227 -0.682084
-21.1041 7.2865 -132.496 -0.486649 0.541946 -0.685177
-16.9665 7.26132 -135.45 -0.483801 0.538826 -0.68964
-12.715 7.3092 -138.403 -0.484411 0.533278 -0.693513
-8.46684 7.35188 -141.363 -0.488449 0.529291 -0.693735
-4.35389 7.9701 -143.787 -0.491776 0.522073 -0.696847
-3.31905 11.0717 -142.189 -0.494561 0.524113 -0.693336
-5.47656 13.9356 -138.468 -0.497647 0.524898 -0.690529
-6.90443 17.1972 -134.929 -0.50244 0.529993 -0.683126
-7.45076 21.0127 -131.551 -0.506878 0.532753 -0.677679
-7.40566 24.9718 -128.436 -0.51144 0.540458 -0.668082
-7.46419 28.9251 -125.143 -0.513055 0.5549 -0.654874
-7.44139 32.7485 -121.841 -0.507196 0.573674 -0.643155
-7.46185 36.5383 -118.417 -0.511313 0.581423 -0.632856
-7.48891 40.1939 -114.941 -0.505026 0.598249 -0.622131
-7.51586 43.8728 -111.348 -0.505556 0.609923 -0.610251
-7.52024 47.4579 -107.713 -0.49204 0.622514 -0.608582
-7.58607 50.9831 -103.998 -0.482565 0.633046 -0.605297
-7.66662 54.4623 -100.288 -0.472724 0.639888 -0.605866
-7.65224 57.9194 -96.5811 -0.456858 0.655767 -0.601041
-7.74935 61.2929 -92.8268 -0.445677 0.663477 -0.600974
-7.86594 64.5801 -89.0528 -0.437698 0.671007 -0.598473
-7.87872 67.9535 -85.2365 -0.424682 0.678147 -0.5998
-7.96381 71.2581 -81.4005 -0.415991 0.685991 -0.596966
-8.02607 74.5362 -77.5529 -0.400105 0.698027 -0.593864
-7.96843 77.8051 -73.727 -0.37413 0.711968 -0.594246
-8.13873 81.0804 -69.7166 -0.373073 0.709715 -0.597596
-8.14046 84.3204 -65.8711 -0.35279 0.716065 -0.602321
-8.22217 87.6366 -61.8965 -0.325576 0.72753 -0.603904
-8.30112 90.8275 -58.0465 -0.312245 0.730175 -0.60774
-8.26482 94.0951 -54.1505 -0.302641 0.732704 -0.609551
-8.41527 97.4045 -50.2434 -0.297246 0.723814 -0.622686
-8.43983 100.709 -46.3407 -0.286521 0.734734 -0.614875
-8.38743 104.054 -42.3957 -0.279864 0.73476 -0.617903
-7.82659 107.375 -38.5979 -0.281502 0.746608 -0.602771
-6.39083 110.742 -35.0879 -0.28463 0.747367 -0.600356
-4.18999 114.093 -31.9822 -0.286289 0.745704 -0.601634
-1.22956 117.363 -29.3617 -0.297619 0.74048 -0.602588
2.40818 120.304 -27.4117 -0.284239 0.775573 -0.563645
6.55399 122.813 -25.8057 -0.240251 0.839087 -0.48807
10.8799 124.561 -24.0513 -0.0845126 0.901627 -0.424058
15.2231 124.51 -21.6307 0.299211 0.941336 -0.156076
19.0493 122.858 -18.9002 0.529969 0.847186 -0.0372765
22.3938 120.346 -15.9644 0.638647 0.768701 -0.03505
25.9126 117.422 -13.6879 0.660247 0.749278 -0.0515304
29.6241 114.232 -12.3417 0.663894 0.746469 -0.0450383
33.3804 110.909 -12.013 0.665199 0.745891 -0.0340106
37.1432 107.524 -12.4491 0.667252 0.743854 -0.0381645
40.7307 104.145 -13.9404 0.684148 0.728088 -0.0427785
44.1154 100.797 -15.8539 0.692496 0.720254 -0.0410281
47.3763 97.4811 -17.7142 0.698693 0.71196 -0.0702912
50.7562 93.9523 -19.6636 0.703528 0.707218 -0.0699298
53.9674 90.5485 -21.5793 0.707772 0.703371 -0.0657883
57.2075 87.128 -23.4348 0.707314 0.704436 -0.0589679
60.449 83.6897 -25.3185 0.713051 0.698611 -0.0591718
63.694 80.2336 -27.1829 0.712899 0.699561 -0.0488833
66.9376 76.7856 -29.1495 0.716994 0.695565 -0.0459193
70.1735 73.3212 -30.9811 0.718844 0.693793 -0.043742
73.4185 69.8314 -32.8956 0.721826 0.69084 -0.0413135
76.6116 66.3872 -34.7854 0.721518 0.691246 -0.0398745
79.8344 62.894 -36.6722 0.725859 0.686862 -0.036739
83.02 59.4212 -38.4716 0.73038 0.682098 -0.0358787
86.1608 55.9857 -40.3174 0.729264 0.683593 -0.0295834
89.3104 52.5325 -42.1708 0.734194 0.678503 -0.0243391
92.5174 48.9598 -44.0467 0.738834 0.673134 -0.0318511
95.6615 45.426 -45.894 0.735431 0.676611 -0.0365921
98.7996 41.8001 -47.6484 0.750481 0.659571 -0.0417725
101.848 38.2096 -49.3405 0.754278 0.655384 -0.039207
104.852 34.6057 -51.122 0.759442 0.64905 -0.0445122
107.898 30.8306 -52.747 0.769202 0.635847 -0.0634599
110.838 27.0776 -54.4514 0.772635 0.631274 -0.0672914
113.739 23.2958 -56.1351 0.775292 0.625821 -0.0852603
116.503 19.5737 -58.0884 0.780134 0.618157 -0.0962957
118.918 16.0667 -60.8278 0.782902 0.613837 -0.101336
120.944 12.8994 -64.1506 0.783645 0.610496 -0.114866
122.31 10.3043 -68.3537 0.782678 0.60929 -0.127202
123.067 8.30514 -72.9858 0.781364 0.608024 -0.140631
124.352 6.91635 -71.8489 0.781265 0.608102 -0.140841
125.234 6.88239 -66.7767 0.783249 0.609532 -0.122441
126.014 6.84181 -61.7885 0.780745 0.614822 -0.111481
126.72 6.79292 -56.7608 0.781118 0.616107 -0.101326
127.212 6.8883 -51.6939 0.782704 0.61674 -0.0837045
127.735 6.83413 -46.6599 0.780923 0.620386 -0.0726725
128.159 6.80859 -41.6082 0.784038 0.61783 -0.05975
128.511 6.76592 -36.586 0.78348 0.619797 -0.0448379
128.69 6.83761 -31.522 0.78167 0.622881 -0.0318046
128.843 6.84945 -26.4483 0.784462 0.619884 -0.0190442
128.905 6.80253 -21.3233 0.782719 0.622367 0.00307736
127.95 8.01338 -24.4598 0.779509 0.626369 -0.00495058
125.763 10.6643 -28.0951 0.782651 0.622026 -0.023268
122.712 14.4311 -29.2468 0.777831 0.628221 -0.0178189
119.702 18.1288 -27.5765 0.773005 0.634369 -0.00622773
117.679 20.5734 -23.7395 0.766935 0.641724 -0.000635117
116.108 22.4526 -19.2784 0.767408 0.641159 -0.000179288
114.743 23.999 -14.6962 0.765783 0.642811 0.0192558
113.41 25.4058 -10.0671 0.765113 0.643031 0.033363
111.921 26.9054 -5.42067 0.760002 0.648767 0.0387137
110.768 27.904 -0.419155 0.75549 0.653221 0.0503704
110.047 28.3485 4.591 0.756876 0.651195 0.0555246
109.092 28.9145 9.59399 0.764538 0.640064 0.0761567
108.122 29.3333 14.4831 0.759567 0.640465 0.113417
107.642 28.9841 19.5782 0.761017 0.636627 0.124736
107.177 28.559 24.5842 0.758972 0.639127 0.124411
106.585 28.2248 29.5387 0.762743 0.632453 0.135006
106.336 27.4092 34.5497 0.770905 0.617046 0.157985
106.409 26.057 39.4001 0.768663 0.61638 0.170908
106.172 24.9021 44.3602 0.771467 0.60945 0.182783
105.986 23.6003 49.2661 0.772108 0.602347 0.202553
104.191 25.5445 50.3309 0.772571 0.601357 0.203723
101.493 29.5506 48.7139 0.774167 0.602491 0.194086
98.7023 33.5327 47.2214 0.76635 0.616095 0.182017
95.8998 37.4207 45.6596 0.764361 0.621372 0.172189
93.1298 41.2644 44.0434 0.768097 0.620446 0.158349
90.3239 45.09 42.4554 0.762636 0.628807 0.151615
87.4146 48.9673 40.8301 0.758562 0.634743 0.147262
84.5368 52.7646 39.1494 0.756154 0.638926 0.141439
81.5751 56.5808 37.4741 0.748428 0.649737 0.133033
78.6211 60.3166 35.7911 0.746799 0.653036 0.125842
75.6344 64.0488 34.0551 0.742839 0.658628 0.119996
72.6053 67.7838 32.2671 0.740808 0.662134 0.113053
69.5234 71.5239 30.5208 0.742304 0.661578 0.10629
66.4946 75.1541 28.7423 0.736169 0.66811 0.108089
63.4565 78.7343 26.9845 0.728544 0.676341 0.108565
60.4182 82.3152 25.2092 0.727726 0.676194 0.114785
57.3646 85.9051 23.3848 0.731715 0.673276 0.106264
54.2663 89.4839 21.6702 0.720223 0.683814 0.11695
51.0805 93.0784 19.8619 0.717552 0.690546 0.0909163
47.9455 96.5556 18.0018 0.711993 0.697514 0.0808731
44.7213 100.008 16.1438 0.704824 0.706774 0.0607772
41.4313 103.371 14.2965 0.691223 0.72154 0.0398854
37.9731 106.65 12.7913 0.674592 0.737143 0.0392859
34.2561 110.013 11.9559 0.660356 0.750146 0.034799
30.4613 113.355 12.1674 0.66745 0.74364 0.03886
26.7067 116.627 13.3255 0.658806 0.751221 0.0405176
23.1947 119.611 15.3489 0.648629 0.760944 0.0155725
19.8305 122.202 18.0002 0.569577 0.82184 -0.0126836
16.1674 124.249 20.8715 0.451394 0.889151 0.0751952
11.9333 125.11 23.5545 0.167607 0.953959 0.248738
7.51587 123.633 25.6153 -0.22707 0.856872 0.462827
3.29765 121.245 27.0777 -0.293081 0.775801 0.558595
-0.463566 118.388 28.9086 -0.288395 0.751929 0.592807
-3.5426 115.262 31.333 -0.282615 0.748819 0.599499
-5.93815 111.975 34.3192 -0.28553 0.748846 0.598082
-7.55638 108.63 37.7189 -0.287947 0.746016 0.600452
-8.31979 105.321 41.3812 -0.300488 0.720098 0.625433
-8.42619 101.976 45.2006 -0.279151 0.715299 0.64064
-8.4726 98.5138 48.9432 -0.283815 0.694966 0.660658
-8.37299 95.0611 52.6661 -0.287307 0.696669 0.657346
-8.42581 91.5533 56.2816 -0.275536 0.684927 0.674503
-8.36935 88.0489 59.865 -0.280252 0.682232 0.675292
-8.28462 84.5107 63.4383 -0.282867 0.675764 0.680683
-8.22344 80.9414 67.011 -0.283496 0.676456 0.679733
-8.29994 77.3115 70.5356 -0.294405 0.665561 0.685824
-8.28676 73.6366 74.0654 -0.310578 0.657705 0.686269
-8.17505 70.0232 77.5668 -0.311945 0.653383 0.689769
-8.28174 66.3541 80.9847 -0.310861 0.650042 0.693402
-8.18167 62.6848 84.4318 -0.316013 0.644777 0.695987
-8.2293 58.9067 87.8174 -0.32115 0.631927 0.705359
-8.16329 55.0813 91.2729 -0.324464 0.629604 0.705919
-8.20766 51.31 94.5821 -0.32396 0.62601 0.709339
-8.19632 47.4314 97.9272 -0.326302 0.613754 0.718911
-8.20042 43.4839 101.267 -0.326 0.604539 0.726812
-8.22948 39.4858 104.518 -0.325853 0.596219 0.733718
-8.24338 35.4883 107.736 -0.32603 0.591734 0.737262
-8.24302 31.5689 110.859 -0.315599 0.58663 0.74583
-8.29539 27.5329 113.981 -0.312639 0.579993 0.75224
-10.2402 26.6814 113.829 -0.312774 0.579858 0.752287
-13.8484 28.6438 110.768 -0.323536 0.586807 0.742282
-17.3199 30.5902 107.685 -0.325142 0.594168 0.735695
-20.6682 32.6187 104.505 -0.331708 0.599474 0.728424
-24.1873 34.5215 101.331 -0.337637 0.600914 0.724491
-27.9785 35.9311 98.3464 -0.346096 0.602035 0.719563
-31.8167 37.281 95.3613 -0.352066 0.603459 0.715463
-35.6277 38.5627 92.2637 -0.36743 0.612682 0.699725
-39.5427 39.5633 89.1779 -0.395178 0.607458 0.689078
-43.3957 40.4723 86.0966 -0.409343 0.605888 0.682157
-47.4032 41.1876 83.0546 -0.412126 0.60793 0.678655
-51.7338 41.036 80.4979 -0.422095 0.614403 0.666591
-56.0679 40.8835 77.8399 -0.435859 0.620809 0.65163
-60.2812 40.6217 75.0967 -0.465841 0.615335 0.63589
-64.5656 40.0771 72.4243 -0.481921 0.603956 0.634815
-68.7864 39.5166 69.71 -0.504128 0.592784 0.628061
-73.0239 38.5561 67.2052 -0.504958 0.593667 0.62656
-77.4743 36.792 65.1977 -0.520115 0.582449 0.624687
-81.8625 35.2086 62.9989 -0.532356 0.573571 0.622586
-86.0806 33.6572 60.781 -0.538556 0.566379 0.623837
-87.0803 33.3551 60.1908 -0.541112 0.566366 0.621633
-87.5899 28.9493 63.845 -0.540065 0.57823 0.61154
-91.8855 27.3602 61.4548 -0.558811 0.577956 0.594724
-95.8982 25.8537 58.8728 -0.601095 0.562541 0.56765
-93.5575 29.9204 57.3787 -0.587587 0.538311 0.604121
-91.0715 34.1719 55.846 -0.564385 0.548428 0.617006
-88.4931 38.4246 54.3594 -0.540093 0.562846 0.625703
-85.9185 42.516 52.896 -0.537315 0.562983 0.627967
-83.3477 46.6228 51.3638 -0.520796 0.573093 0.632721
-80.7045 50.6574 49.836 -0.511622 0.586844 0.62758
-77.9977 54.6458 48.2996 -0.50819 0.590816 0.62664
-75.309 58.5625 46.7314 -0.496448 0.605414 0.622102
-72.5154 62.4573 45.1035 -0.491613 0.614774 0.616741
-69.6396 66.3483 43.4694 -0.485948 0.624552 0.611383
-66.778 70.1801 41.7717 -0.475016 0.635166 0.609035
-63.8054 73.9785 40.1117 -0.479019 0.637564 0.603368
-60.8181 77.7207 38.4188 -0.474511 0.651347 0.592102
-57.8873 81.3935 36.6743 -0.466998 0.661702 0.586568
-54.8145 85.1271 34.9067 -0.47361 0.664303 0.578269
-51.7392 88.8305 33.1571 -0.468023 0.672238 0.57363
-48.6444 92.4854 31.3721 -0.468537 0.678004 0.566378
-45.5059 96.1057 29.5931 -0.459799 0.689637 0.559449
-42.3578 99.6448 27.7648 -0.45671 0.696948 0.552881
-39.1595 103.135 25.9241 -0.44247 0.709244 0.548811
-35.9281 106.57 24.0139 -0.42815 0.717979 0.548812
-33.1244 110.03 21.5842 -0.390117 0.729297 0.562073
-31.1885 113.518 18.4205 -0.342359 0.729763 0.591807
-30.2135 116.93 14.8394 -0.291777 0.729335 0.618808
-30.4043 120.137 11.0096 -0.226982 0.734779 0.639201
-31.3159 123.181 7.06455 -0.144198 0.806235 0.573753
-31.93 125.181 2.37738 -0.0668109 0.962081 0.264408
-31.8992 125.344 -2.6476 -0.0729834 0.974322 -0.213
-31.2857 123.152 -7.18047 -0.151054 0.791985 -0.591546
-30.41 120.106 -11.1036 -0.207118 0.733213 -0.647689
-30.2898 116.741 -14.9565 -0.285318 0.718379 -0.634449
-31.2246 113.295 -18.5284 -0.340251 0.723509 -0.600636
-33.1547 109.831 -21.6384 -0.375812 0.727389 -0.574166
-36.0492 106.256 -24.0988 -0.422421 0.713665 -0.558787
-39.2266 102.751 -25.9752 -0.45675 0.688209 -0.563674
-42.3357 99.1174 -27.739 -0.480536 0.661175 -0.576136
-45.4197 95.258 -29.4483 -0.503125 0.632521 -0.588881
-48.2074 91.4221 -31.1587 -0.514111 0.631479 -0.580452
-51.0579 87.5638 -32.8137 -0.521783 0.6288 -0.576501
-53.8645 83.6469 -34.4088 -0.538278 0.610418 -0.581074
-56.6491 79.6364 -36.0396 -0.535991 0.607324 -0.586406
-59.3446 75.6604 -37.6173 -0.550585 0.599447 -0.580963
-62.0073 71.6857 -39.1374 -0.560458 0.585352 -0.585875
-64.6619 67.5328 -40.6622 -0.575434 0.579808 -0.576799
-67.2071 63.4856 -42.1723 -0.579617 0.571966 -0.58043
-69.7794 59.3162 -43.6564 -0.590138 0.560812 -0.580712
-72.3503 55.0234 -45.0938 -0.608132 0.538977 -0.582812
-74.7853 50.6817 -46.5155 -0.624358 0.528856 -0.574882
-77.1468 46.3291 -47.9202 -0.636015 0.518553 -0.571479
-79.3374 42.0617 -49.3748 -0.647525 0.519118 -0.557876
-75.7354 42.8972 -52.739 -0.641467 0.531077 -0.553604
-72.0667 43.5442 -56.1787 -0.607105 0.546254 -0.577084
-68.4454 43.7998 -59.7087 -0.600638 0.547807 -0.582358
-64.8648 44.078 -63.2042 -0.593301 0.579798 -0.558416
-61.5907 43.5374 -67.0316 -0.564457 0.593263 -0.573958
-58.3324 42.9514 -70.817 -0.561158 0.588146 -0.582397
-55.0009 42.2276 -74.6918 -0.545667 0.590817 -0.594291
-52.1462 40.832 -78.6032 -0.536131 0.589082 -0.604604
-49.2596 39.3793 -82.5406 -0.523566 0.593208 -0.611541
-46.4523 37.7536 -86.4168 -0.507414 0.595241 -0.623072
-43.9934 35.7357 -90.3423 -0.507695 0.593277 -0.624712
-41.5504 33.7031 -94.2172 -0.507685 0.586991 -0.630632
-39.1301 31.5439 -98.1693 -0.496288 0.595367 -0.631851
-37.0731 29.047 -102.082 -0.492603 0.590562 -0.639201
-35.0749 26.4961 -105.952 -0.496061 0.584372 -0.642209
-33.0752 23.9865 -109.805 -0.498917 0.578515 -0.645293
-30.8565 21.4746 -113.736 -0.496492 0.57551 -0.649834
-28.6481 19.027 -117.514 -0.488463 0.563779 -0.666001
-26.6777 16.2207 -121.311 -0.487732 0.561629 -0.668349
-27.753 12.4549 -123.61 -0.48838 0.545091 -0.68144
-31.884 9.74729 -122.769 -0.49569 0.543892 -0.677106
-36.091 7.32004 -121.563 -0.510153 0.542216 -0.667642
-40.393 5.00509 -120.125 -0.530953 0.541117 -0.652136
-44.6378 2.60751 -118.65 -0.535302 0.539706 -0.649744
-40.9684 2.4978 -121.734 -0.525425 0.543546 -0.654576
-36.9272 2.48841 -124.844 -0.509237 0.541993 -0.668521
-32.9057 2.49826 -127.845 -0.494536 0.544032 -0.677837
-28.8458 2.51465 -130.778 -0.491354 0.545644 -0.678855
-24.7648 2.44815 -133.739 -0.483231 0.544669 -0.685437
-20.6184 2.49977 -136.62 -0.480157 0.542588 -0.689237
-16.4329 2.49383 -139.524 -0.476354 0.534346 -0.698256
-12.2312 2.49031 -142.419 -0.480233 0.529484 -0.699302
-8.01531 2.53717 -145.307 -0.487513 0.523404 -0.698841
-3.89543 3.0537 -147.801 -0.487156 0.525925 -0.697196
-0.176149 6.42924 -147.889 -0.491927 0.520138 -0.698186
3.50102 10.0419 -147.798 -0.491896 0.51738 -0.700255
3.8996 12.7176 -146.106 -0.494643 0.514965 -0.7001
0.990694 14.7552 -142.521 -0.501811 0.515472 -0.694604
-1.09636 17.5284 -138.929 -0.506507 0.518285 -0.68908
-2.34577 20.9918 -135.39 -0.5121 0.519827 -0.683764
-2.5566 24.93 -132.201 -0.518045 0.527058 -0.673676
-2.48979 28.9525 -129.037 -0.524196 0.540396 -0.658172
-2.5135 32.7866 -125.763 -0.526691 0.56016 -0.639389
-2.50788 36.609 -122.388 -0.533573 0.569651 -0.625138
-2.52739 40.2935 -118.919 -0.516433 0.592538 -0.61822
-2.52432 43.9759 -115.371 -0.514191 0.601752 -0.611149
-2.54902 47.497 -111.795 -0.507333 0.619539 -0.598986
-2.54719 50.9845 -108.11 -0.50025 0.631058 -0.592887
-2.56803 54.4437 -104.36 -0.483146 0.647136 -0.589731
-2.57551 57.8218 -100.644 -0.473104 0.653847 -0.590472
-2.62464 61.1437 -96.8777 -0.463991 0.66313 -0.587342
-2.62614 64.4562 -93.0755 -0.446411 0.6747 -0.58779
-2.71001 67.781 -89.1538 -0.430927 0.684922 -0.587523
-2.67406 71.0306 -85.3409 -0.41103 0.693466 -0.591742
-2.72732 74.2508 -81.5076 -0.405278 0.702388 -0.58515
-2.71758 77.4905 -77.5698 -0.393573 0.714643 -0.578261
-2.73046 80.7084 -73.5742 -0.366576 0.726121 -0.581696
-2.73647 83.8923 -69.6179 -0.359897 0.723598 -0.588965
-2.78832 87.107 -65.6212 -0.344822 0.736202 -0.582326
-2.78314 90.225 -61.6202 -0.298422 0.748667 -0.591973
-2.7644 93.3575 -57.7167 -0.292745 0.7426 -0.602365
-2.83196 96.519 -53.7719 -0.271457 0.740869 -0.614349
-2.8684 99.819 -49.8013 -0.251779 0.741581 -0.621824
-2.86743 103.13 -45.8652 -0.250916 0.738463 -0.62587
-2.77915 106.457 -42.0003 -0.271958 0.733335 -0.623103
-1.72897 109.856 -38.4416 -0.30157 0.736186 -0.605874
0.324228 113.268 -35.3188 -0.349563 0.735119 -0.580866
3.26541 116.548 -32.9855 -0.395055 0.741934 -0.541724
7.05004 119.675 -31.4247 -0.416965 0.775058 -0.474738
11.1419 122.4 -30.0686 -0.35721 0.855605 -0.373918
15.629 123.616 -27.9141 0.0689085 0.988075 -0.137695
19.6864 122.435 -25.2804 0.42114 0.905643 0.0495282
23.0892 120.027 -22.4241 0.609877 0.786212 0.0996044
26.2443 117.014 -19.7307 0.668646 0.741371 0.0572852
29.7793 113.848 -18.1345 0.661139 0.750233 -0.00669851
33.4826 110.534 -17.6837 0.671826 0.740126 -0.0293721
37.2311 107.071 -18.4054 0.677716 0.733019 -0.0581733
40.6581 103.698 -20.1879 0.682336 0.72702 -0.0765471
43.9861 100.333 -22.1413 0.68925 0.719702 -0.0834454
47.2708 96.9224 -23.991 0.696139 0.713437 -0.0799914
50.5638 93.4805 -25.9718 0.699657 0.710217 -0.0779277
53.7784 90.1143 -27.8136 0.698549 0.710898 -0.0815704
57.0196 86.7342 -29.6574 0.697525 0.71209 -0.0799168
60.2317 83.3486 -31.5747 0.704872 0.706063 -0.0680464
63.4655 79.9679 -33.409 0.705078 0.70657 -0.0602004
66.7576 76.4929 -35.3295 0.711094 0.700915 -0.0553466
70.0801 72.9935 -37.1755 0.712511 0.700226 -0.0448507
73.256 69.6212 -39.0781 0.718048 0.694683 -0.0426877
76.4753 66.1732 -40.9546 0.720894 0.692034 -0.0374303
79.6472 62.7662 -42.8333 0.724386 0.688573 -0.0336412
82.8927 59.2554 -44.6268 0.727759 0.685053 -0.032701
86.0356 55.8237 -46.4948 0.728562 0.684153 -0.0336419
89.2539 52.2909 -48.3457 0.730097 0.682459 -0.0347454
92.4511 48.7405 -50.2017 0.738988 0.672965 -0.0318652
95.5977 45.1698 -52.022 0.743026 0.668202 -0.0376719
98.7097 41.5523 -53.7619 0.751891 0.658255 -0.0368715
101.705 37.9383 -55.5278 0.759978 0.648096 -0.0490438
104.67 34.2627 -57.2221 0.76797 0.637047 -0.0662781
107.603 30.5004 -58.9134 0.774497 0.62772 -0.0782427
110.528 26.6754 -60.5894 0.775368 0.625286 -0.0884376
113.392 22.8319 -62.3153 0.778434 0.619771 -0.0996179
115.942 19.1925 -64.702 0.782601 0.61306 -0.108136
117.965 15.982 -68.0013 0.784345 0.607712 -0.124455
119.201 13.4665 -72.2433 0.782699 0.606498 -0.139794
119.544 11.8847 -77.009 0.781142 0.606124 -0.14977
118.763 11.6286 -81.9795 0.777022 0.610554 -0.15317
117.749 11.7001 -86.9769 0.774888 0.615738 -0.142882
118.18 10.7189 -88.9055 0.772231 0.620315 -0.13736
120.802 8.22037 -85.3015 0.780158 0.608595 -0.144796
123.398 5.79388 -81.6471 0.777956 0.610285 -0.149457
125.875 3.55601 -77.7934 0.780319 0.607883 -0.146903
127.626 2.34578 -73.4283 0.780162 0.60876 -0.144081
128.522 2.35695 -68.4705 0.774074 0.619413 -0.130908
129.349 2.32581 -63.3149 0.779924 0.615504 -0.113457
130.125 2.28513 -58.1955 0.775687 0.622876 -0.101657
130.7 2.30741 -53.1706 0.779418 0.620003 -0.0900217
131.197 2.30287 -48.0945 0.77992 0.622189 -0.0678557
131.646 2.30211 -42.9102 0.777905 0.625138 -0.0637694
131.993 2.30072 -37.8749 0.780344 0.623761 -0.0445555
132.245 2.32116 -32.8565 0.779429 0.625561 -0.0341086
132.398 2.31149 -27.847 0.783064 0.621727 -0.0163276
132.487 2.31648 -22.8302 0.782224 0.622975 0.00524199
132.417 2.30452 -17.818 0.783285 0.621498 0.0143134
132.27 2.29121 -12.8131 0.781223 0.623565 0.0292867
131.96 2.32036 -7.77919 0.786756 0.615834 0.0419342
131.634 2.30028 -2.61474 0.785986 0.61503 0.0629644
131.14 2.34083 2.52367 0.785756 0.614379 0.0715947
130.575 2.34003 7.62334 0.784429 0.6124 0.0981667
129.943 2.32179 12.6554 0.783489 0.611714 0.109325
129.192 2.31244 17.7806 0.784422 0.607467 0.12516
128.354 2.34927 22.8537 0.787845 0.599164 0.142452
127.407 2.37589 27.7824 0.782541 0.604888 0.147444
126.403 2.34622 32.811 0.777282 0.604339 0.174947
125.177 2.36292 37.8102 0.773448 0.599274 0.206515
123.927 2.36525 42.7669 0.782984 0.589834 0.197567
122.624 2.37618 47.6303 0.777257 0.591163 0.2154
121.155 2.45054 52.5003 0.777212 0.585595 0.23026
119.736 2.39809 57.3109 0.772967 0.583716 0.248593
118.112 2.40651 62.1048 0.767367 0.582931 0.267093
116.393 2.43165 66.8564 0.769047 0.573223 0.282812
114.683 2.40295 71.5776 0.768901 0.572746 0.284172
112.85 2.4168 76.3811 0.764267 0.573508 0.294929
111.027 2.41881 81.0635 0.760778 0.575716 0.299612
109.134 2.42451 85.827 0.755265 0.582128 0.301167
107.268 2.38043 90.4654 0.745409 0.589958 0.310345
105.355 2.30955 95.1801 0.735145 0.602359 0.310984
103.344 2.34661 99.7853 0.729007 0.606958 0.316466
101.321 2.31486 104.382 0.71461 0.617431 0.328803
99.1195 2.2492 108.883 0.688471 0.633841 0.352496
95.9969 3.51628 112.584 0.659254 0.645848 0.385051
92.2949 5.13184 115.556 0.618495 0.655678 0.43307
88.4247 6.55284 118.532 0.553214 0.681175 0.479536
84.3966 7.65454 121.408 0.529721 0.694719 0.486581
80.2984 8.48141 124.166 0.463611 0.699573 0.543748
76.0101 8.99109 126.871 0.404887 0.701301 0.586676
71.6513 9.25607 129.363 0.340092 0.719535 0.605478
67.0489 9.25682 131.796 0.303831 0.720972 0.622805
62.5524 9.14045 134.016 0.245488 0.699525 0.671118
57.8581 8.68969 136.11 0.226089 0.700843 0.676537
53.1027 7.9415 137.971 0.107823 0.693854 0.711995
48.5033 6.83496 139.602 0.0778082 0.69851 0.711357
43.9094 5.34483 141.181 0.0201793 0.661347 0.749803
39.3881 3.66625 142.632 -0.0537434 0.640402 0.766157
34.7371 2.29872 143.192 -0.0972324 0.624975 0.774566
29.6898 2.35186 142.44 -0.118122 0.621205 0.774694
24.6495 2.34973 141.625 -0.136053 0.605481 0.784144
19.7523 2.39664 140.559 -0.183508 0.588874 0.787116
14.8889 2.4112 139.35 -0.21527 0.566421 0.795503
9.95114 2.42705 137.989 -0.221965 0.566372 0.793697
5.07149 2.45714 136.539 -0.239223 0.557695 0.794826
0.277519 2.45725 135.087 -0.249117 0.56022 0.789997
-4.50467 2.45437 133.576 -0.255083 0.559809 0.788382
-9.28168 2.44419 131.971 -0.277005 0.56126 0.779907
-14.0798 2.40666 130.259 -0.273592 0.57185 0.77339
-18.7706 2.4154 128.5 -0.292862 0.574673 0.764188
-23.4176 2.42738 126.649 -0.309241 0.571589 0.760037
-28.1333 2.46998 124.68 -0.315377 0.571146 0.757846
-32.7345 2.4273 122.713 -0.338268 0.575459 0.744595
-32.1691 3.00877 122.522 -0.336997 0.573087 0.746997
-27.3472 4.19644 123.718 -0.315956 0.563949 0.762976
-22.5065 5.54628 124.69 -0.308695 0.563407 0.766342
-17.7897 7.04154 125.479 -0.301246 0.558148 0.773124
-13.0908 8.78087 126.018 -0.290355 0.557811 0.777523
-8.25496 10.6818 126.465 -0.277624 0.552652 0.785812
-3.94646 13.2876 126.119 -0.26977 0.548435 0.791482
-4.97333 16.8084 123.283 -0.281584 0.562228 0.777567
-8.3916 19.017 120.344 -0.297048 0.567488 0.767932
-11.8982 21.2734 117.308 -0.29837 0.574606 0.762102
-15.4094 23.442 114.174 -0.322629 0.583114 0.745579
-18.9191 25.3738 111.143 -0.322381 0.586538 0.742996
-22.3744 27.3674 108.055 -0.324451 0.59715 0.733582
-25.7077 29.5006 104.797 -0.328747 0.602535 0.727239
-29.4056 31.0108 101.792 -0.344982 0.604889 0.717703
-33.2789 32.3936 98.7335 -0.356994 0.597737 0.717819
-37.0683 33.751 95.7188 -0.34759 0.617756 0.705378
-40.9141 34.7918 92.6752 -0.391012 0.626434 0.674306
-44.8279 35.694 89.5388 -0.393774 0.631434 0.668007
-48.6737 36.5672 86.4464 -0.396063 0.629092 0.66886
-53.0368 36.5323 83.737 -0.41592 0.631657 0.654229
-57.3573 36.3782 81.1379 -0.429596 0.609017 0.666742
-61.5698 36.174 78.4524 -0.465012 0.621747 0.630224
-65.8047 35.6144 75.7575 -0.49374 0.60413 0.625491
-70.0521 35.0211 72.9616 -0.497143 0.602868 0.624018
-74.2679 33.9717 70.5046 -0.509257 0.592943 0.62376
-78.5767 32.192 68.6415 -0.521418 0.593992 0.612614
-82.8798 30.6937 66.3287 -0.536117 0.582738 0.610733
-87.1855 29.0872 64.0715 -0.539948 0.578196 0.611675
-87.4424 28.998 63.929 -0.539952 0.57824 0.61163
-106.563 3.10469 68.2725 -0.648517 0.526316 0.549925
-109.184 4.2442 64.0089 -0.656739 0.526818 0.53959
-111.584 5.57606 59.7012 -0.675181 0.519073 0.524112
-113.841 6.8802 55.3309 -0.684647 0.529612 0.50077
-115.829 8.25584 50.9497 -0.710949 0.531122 0.460935
-117.825 9.49289 46.3212 -0.733712 0.531991 0.422673
-119.517 10.4187 41.6904 -0.750448 0.54779 0.369802
-121.118 10.8802 36.9271 -0.788925 0.567538 0.235581
-122.53 10.8858 31.9486 -0.816992 0.547742 0.180284
-123.707 9.96253 27.1799 -0.818473 0.570905 0.0645752
-124.768 8.83829 22.4261 -0.815025 0.579009 -0.0216032
-125.534 7.44468 17.4876 -0.814639 0.578391 -0.0426963
-126.119 6.11679 12.5418 -0.813306 0.578776 -0.0595964
-126.495 5.13267 7.62913 -0.811395 0.582709 -0.0456923
-126.646 4.52544 2.48306 -0.814416 0.578138 -0.0498295
-126.614 4.09899 -2.61056 -0.818851 0.570935 -0.0593054
-126.431 3.7165 -7.76643 -0.820305 0.562654 -0.10184
-125.966 2.7884 -12.7052 -0.800679 0.549201 -0.239356
-126.949 2.42402 -10.0442 -0.801512 0.572066 -0.173787
-127.572 2.44941 -5.03185 -0.817872 0.570979 -0.071186
-127.99 2.41572 -0.05054 -0.813705 0.577286 -0.0680014
-128.308 2.41083 4.97822 -0.810887 0.58351 -0.0444442
-128.588 2.40697 10.0566 -0.813761 0.578964 -0.0509218
-128.949 2.39991 15.0447 -0.807773 0.586092 -0.0632424
-129.215 2.43223 20.0673 -0.815735 0.576795 -0.0434071
-129.169 2.39417 25.1371 -0.813302 0.580019 0.0460139
-128.828 2.3748 30.1929 -0.794719 0.597569 0.106451
-127.758 2.38441 35.0704 -0.780456 0.587088 0.214978
-126.256 2.40897 39.8604 -0.755565 0.574863 0.314068
-124.113 2.41695 44.3998 -0.751476 0.55818 0.351736
-121.673 2.44728 48.7589 -0.708778 0.552162 0.439032
-118.868 2.50318 52.9605 -0.703251 0.539387 0.46314
-115.971 2.4749 57.1056 -0.677947 0.532818 0.506452
-112.894 2.49384 61.1057 -0.661821 0.532275 0.527897
-109.767 2.49941 65.0086 -0.657518 0.528256 0.537229
-106.477 2.49929 68.9516 -0.646096 0.526466 0.552623
-106.48 3.0603 68.4122 -0.648535 0.52628 0.549938
-2.83227 36.4723 109.318 -0.322659 0.588276 0.7415
-2.80943 40.3962 106.205 -0.327426 0.596088 0.733124
-2.78768 44.3417 102.992 -0.328338 0.601402 0.728361
-2.78999 48.2627 99.6913 -0.328679 0.61605 0.715858
-2.80089 52.1571 96.3248 -0.327051 0.618053 0.714876
-2.76651 55.9216 93.0034 -0.326696 0.629137 0.705306
-2.7777 59.7761 89.5282 -0.323653 0.637676 0.699012
-2.78524 63.5739 86.0638 -0.317969 0.642099 0.69757
-2.81629 67.3335 82.524 -0.316533 0.651555 0.689407
-2.78147 71.0222 79.0267 -0.3056 0.660701 0.685625
-2.83316 74.6855 75.4751 -0.304158 0.664167 0.682913
-2.82471 78.2563 71.9383 -0.287706 0.680907 0.673491
-2.77326 81.9484 68.2674 -0.278252 0.678433 0.67993
-2.80942 85.4762 64.6987 -0.269336 0.683903 0.678037
-2.85776 88.9842 61.1212 -0.262194 0.691931 0.672671
-2.86518 92.5093 57.4858 -0.256814 0.692356 0.674307
-2.84224 96.1043 53.7491 -0.245634 0.703872 0.666505
-2.8908 99.6357 49.9784 -0.246137 0.709511 0.660311
-2.86297 103.126 46.2119 -0.244809 0.719019 0.650445
-2.76831 106.497 42.4639 -0.268233 0.72774 0.631226
-1.87547 109.932 38.8131 -0.292205 0.737684 0.608637
0.0844284 113.337 35.5998 -0.324803 0.746073 0.581273
3.03389 116.632 33.1279 -0.371898 0.742585 0.557008
6.66943 119.702 31.5468 -0.415661 0.759252 0.500735
10.734 122.301 30.2063 -0.293091 0.872231 0.39155
15.0912 123.711 28.2019 -0.0329803 0.991376 0.118275
19.2638 122.924 25.5799 0.340609 0.935206 -0.0921681
22.689 120.635 22.7218 0.591393 0.795367 -0.132833
25.7497 117.621 20.061 0.672059 0.735487 -0.0859417
29.1814 114.359 18.3193 0.672429 0.739645 -0.0276126
32.8389 111.039 17.6718 0.665937 0.745953 0.00877953
36.6412 107.575 18.2639 0.678695 0.733271 0.0410636
40.0377 104.233 19.8323 0.698214 0.711546 0.0787216
43.2499 100.836 21.7047 0.699693 0.70721 0.101405
46.4168 97.3637 23.4858 0.713795 0.690072 0.119574
49.6399 93.7005 25.3713 0.71538 0.688051 0.121726
52.6947 90.1708 27.1744 0.717967 0.685014 0.123614
55.7898 86.6115 28.8813 0.71584 0.685904 0.130802
58.8741 83.0059 30.7137 0.721036 0.680567 0.130138
61.9272 79.4372 32.472 0.724766 0.678436 0.120163
65.0268 75.8013 34.2457 0.729867 0.673363 0.117796
68.0648 72.1639 36.0485 0.733208 0.669008 0.121794
71.1207 68.4655 37.7959 0.743021 0.658417 0.120028
74.1771 64.6814 39.5589 0.745717 0.654568 0.124287
77.1803 60.9066 41.3179 0.749219 0.650456 0.124809
80.1552 57.121 43.0149 0.754909 0.642269 0.132675
83.0423 53.3562 44.6887 0.760808 0.63364 0.140259
85.962 49.4594 46.3436 0.763735 0.630262 0.139565
88.771 45.6362 47.9583 0.76708 0.623661 0.150451
91.6205 41.6914 49.6054 0.769465 0.618296 0.160104
94.4183 37.7396 51.2158 0.770968 0.612886 0.173146
97.1736 33.7563 52.8062 0.774113 0.602772 0.193425
99.866 29.7781 54.2831 0.776834 0.594741 0.20691
102.488 25.8039 55.8227 0.774597 0.593061 0.219722
105.034 21.8163 57.5363 0.774145 0.589438 0.230785
107.123 17.9776 60.1833 0.775144 0.583215 0.242924
108.337 14.7424 63.8421 0.776912 0.571828 0.263476
108.375 12.5261 68.374 0.774224 0.568314 0.278561
107.278 11.5864 73.1239 0.766613 0.568398 0.298711
105.43 11.5523 77.8135 0.75973 0.572038 0.309166
103.502 11.5724 82.4443 0.754862 0.572892 0.31934
101.461 11.589 87.0555 0.740316 0.580107 0.339718
99.314 11.6291 91.6643 0.734441 0.58637 0.341709
97.1627 11.6224 96.1868 0.717519 0.607999 0.339858
94.8894 11.6804 100.71 0.705001 0.61213 0.358149
92.332 11.6557 105.106 0.6522 0.630018 0.42156
89.5869 11.7637 109.373 0.62442 0.655792 0.424273
86.3995 11.8192 113.294 0.535367 0.690916 0.485812
83.0874 11.7983 117.043 0.521361 0.672148 0.525738
79.4459 11.8878 120.49 0.475779 0.704813 0.526187
75.5433 11.8854 123.702 0.40973 0.704845 0.579063
71.2207 11.8983 126.471 0.337833 0.718021 0.608534
66.8088 11.8454 128.962 0.308289 0.70265 0.64128
62.283 11.9092 131.092 0.305625 0.712368 0.631764
57.4904 11.8953 132.912 0.226036 0.700837 0.676561
52.6533 11.7765 134.217 0.18447 0.667925 0.720932
47.7514 11.7792 135.186 0.110858 0.655238 0.747244
42.7977 11.7165 135.928 0.0615861 0.643386 0.763061
37.6786 11.6683 135.839 -0.0253726 0.625642 0.779674
32.623 11.6333 135.687 -0.0763224 0.594604 0.800388
27.5877 11.6 135.099 -0.103487 0.590177 0.800613
22.5525 11.5356 134.429 -0.129351 0.575425 0.807561
17.6259 11.5693 133.499 -0.180582 0.563303 0.806275
12.7157 11.536 132.372 -0.200312 0.559128 0.804519
7.91821 11.6878 130.985 -0.227426 0.550417 0.803317
3.64453 13.0081 128.826 -0.250556 0.548169 0.797955
0.265509 15.5224 126.013 -0.266852 0.544124 0.795437
-1.87573 18.9004 122.898 -0.279508 0.557698 0.781567
-2.78549 22.7439 119.773 -0.297982 0.564292 0.769923
-2.85012 26.9468 116.632 -0.306941 0.57089 0.761493
-2.7953 30.9439 113.628 -0.312732 0.578979 0.752982
-2.80635 35.0291 110.472 -0.321016 0.58617 0.743877
-2.83158 36.4192 109.361 -0.322205 0.588289 0.741687
-1.15238 9.47697 129.718 -0.257796 0.55369 0.791814
2.83618 7.74949 132.188 -0.245675 0.552504 0.796482
1.34438 7.27692 132.052 -0.249539 0.552425 0.795335
-3.53059 7.24288 130.505 -0.260817 0.556271 0.78901
-1.40899 9.29831 129.759 -0.257797 0.553761 0.791764
-1.23832 9.42459 129.726 -0.257797 0.55369 0.791813
24.5298 6.97767 138.079 -0.129312 0.595996 0.792507
24.5524 6.98967 138.074 -0.127315 0.598003 0.791311
24.8911 7.03604 138.092 -0.12073 0.600305 0.790606
24.9655 7.04489 138.096 -0.12076 0.600303 0.790603
26.2143 6.89816 138.396 -0.116335 0.604987 0.787691
26.3582 6.90866 138.41 -0.116335 0.604987 0.787691
26.7966 7.02076 138.389 -0.1177 0.602567 0.789342
31.8724 7.06932 139.028 -0.0859731 0.620621 0.779383
35.172 6.84995 139.573 -0.092024 0.623966 0.776014
30.2025 6.86283 139.003 -0.0980194 0.617538 0.780409
26.8672 6.89606 138.495 -0.1177 0.602566 0.789342
94.7424 7.18647 108.377 0.663468 0.650801 0.369145
97.4023 6.66302 104.329 0.687731 0.63228 0.356718
99.5469 6.82524 99.7449 0.718194 0.609572 0.335586
100.255 7.07003 97.7964 0.718403 0.607527 0.338832
98.0897 7.10477 102.228 0.687114 0.626776 0.367459
95.7184 7.19153 106.609 0.671827 0.642669 0.368202
94.8172 7.24284 108.143 0.663469 0.650803 0.36914
100.794 7.06698 96.6576 0.721612 0.606378 0.334039
102.731 6.89339 92.6169 0.733722 0.597624 0.323262
101.065 6.93015 96.3154 0.725718 0.602501 0.332154
100.857 7.07168 96.5131 0.72161 0.606378 0.334045
102.911 6.89485 92.2074 0.733519 0.597764 0.323462
102.974 6.90112 92.052 0.733436 0.597886 0.323425
103.266 6.93584 91.3251 0.73341 0.597939 0.323386
103.307 6.98894 91.1352 0.733401 0.59795 0.323386
111.227 7.14776 71.3918 0.768827 0.570763 0.28833
111.262 7.1512 71.2918 0.768835 0.570752 0.288331
111.443 7.27717 70.5543 0.769873 0.570431 0.286189
113.195 7.11704 66.0449 0.774683 0.570195 0.273393
114.876 7.1054 61.2211 0.771266 0.579352 0.26363
112.972 8.63636 63.4691 0.776073 0.573136 0.263106
111.868 8.09096 67.7568 0.773465 0.569264 0.27873
111.507 7.27021 70.3969 0.769875 0.57043 0.286185
111.068 12.8179 59.919 0.777143 0.574121 0.257747
109.041 16.315 58.08 0.769971 0.590359 0.242119
109.194 17.9779 53.3515 0.77178 0.596172 0.221214
109.604 19.1908 48.4848 0.771266 0.602486 0.205324
109.848 20.4634 43.6552 0.764548 0.61256 0.200591
110.063 21.6629 38.7463 0.762518 0.621859 0.178482
110.001 23.0371 33.926 0.755666 0.632745 0.169124
110.326 23.9119 28.8977 0.753727 0.640659 0.146465
110.963 24.2689 23.7262 0.747603 0.651722 0.127861
111.454 24.6933 18.6659 0.747305 0.652227 0.127019
112.019 24.9343 13.6765 0.743689 0.659924 0.106894
113.027 24.3881 8.59122 0.756846 0.649172 0.0758919
113.995 23.8424 3.50168 0.754265 0.652544 0.0725892
114.827 23.2783 -1.46826 0.749551 0.660623 0.0418305
116.201 21.9424 -6.1015 0.753788 0.656415 0.0303756
117.567 20.5594 -10.7303 0.7584 0.651228 0.0270422
118.923 19.0809 -15.3274 0.756223 0.654161 0.0141556
120.494 17.2327 -19.7305 0.759879 0.649969 -0.0111282
122.474 14.8218 -23.4747 0.775447 0.631342 -0.00943653
124.96 11.7853 -21.1443 0.79095 0.611875 0.00224891
125.781 10.6989 -16.2218 0.788733 0.614127 0.027096
126.294 9.7848 -11.2105 0.786965 0.616122 0.0328642
126.651 8.99025 -6.26477 0.785152 0.616615 0.0576408
126.797 8.35455 -1.23658 0.786103 0.615579 0.0557071
126.701 7.86437 3.91506 0.786533 0.612713 0.0771285
126.451 7.44411 8.98122 0.789498 0.60554 0.100074
125.946 7.23938 13.9931 0.790088 0.602842 0.111098
125.303 7.10631 19.052 0.787905 0.603343 0.123217
124.453 7.16336 24.0609 0.784696 0.602777 0.144609
123.357 7.34161 29.0202 0.785876 0.598015 0.157405
122.094 7.65425 33.8943 0.785165 0.592866 0.178959
120.637 8.10783 38.6889 0.785579 0.587161 0.195211
119.008 8.63434 43.4857 0.782968 0.587169 0.205411
117.184 9.37884 48.1993 0.784606 0.579757 0.219716
115.153 10.3486 52.7919 0.781571 0.579961 0.229764
112.979 11.3719 57.3763 0.774998 0.577201 0.257328
111.194 12.6839 59.8374 0.777149 0.574113 0.257747
12.9442 128.856 7.85734 0.615768 0.747491 0.249166
14.5955 128.594 3.02169 0.681598 0.721498 0.121918
14.7147 128.588 -2.04961 0.680048 0.731009 -0.0561094
13.5519 128.759 -6.96132 0.638919 0.745768 -0.188712
11.0324 129.26 -11.2489 0.492312 0.818914 -0.294961
7.0061 129.513 -14.3288 0.238738 0.863853 -0.443578
2.12289 129.143 -15.4198 -0.0359121 0.790574 -0.611313
-2.85259 128.786 -14.9009 -0.191392 0.717227 -0.670041
-7.50526 128.717 -13.0381 -0.316846 0.727386 -0.608702
-11.6321 129.001 -10.2116 -0.381362 0.72977 -0.56732
-14.9431 129.669 -6.31637 -0.413936 0.809492 -0.416227
-16.611 130.22 -1.62994 -0.461631 0.881932 -0.0953504
-16.2071 130.104 3.3236 -0.45765 0.868102 0.192069
-13.896 129.547 7.84666 -0.44058 0.77709 0.449467
-10.3162 129.12 11.3054 -0.356943 0.729296 0.583709
-5.79915 128.976 13.7322 -0.262541 0.716698 0.646077
-0.950447 129.079 15.1444 -0.173762 0.762034 0.623788
4.06959 129.386 15.1789 0.0614077 0.818036 0.571879
8.66734 129.571 13.1062 0.376734 0.833362 0.404448
12.1176 128.986 9.46023 0.605695 0.748139 0.270965
12.889 128.868 7.9589 0.615038 0.747441 0.251118
9.18851 132.761 6.06678 0.63571 0.688326 0.349399
10.8074 132.665 1.329 0.74762 0.659468 0.0783681
10.362 132.68 -3.64596 0.731376 0.651129 -0.202309
7.91589 132.81 -8.03427 0.493941 0.724359 -0.480476
3.60747 132.877 -10.6897 0.177922 0.736947 -0.651971
-1.43102 132.737 -10.9978 -0.135511 0.685713 -0.715147
-6.10811 132.787 -9.19882 -0.37415 0.687333 -0.622563
-9.83315 132.949 -5.89437 -0.524326 0.745089 -0.412219
-11.7393 133.201 -1.2742 -0.533798 0.836527 -0.122593
-11.074 133.139 3.66711 -0.536106 0.799471 0.270713
-8.07908 132.963 7.62834 -0.44505 0.742611 0.500427
-3.71061 132.873 10.0435 -0.220614 0.710993 0.667696
1.1687 132.938 10.8741 -0.00812374 0.734795 0.678241
5.94207 132.987 9.38537 0.411056 0.739909 0.532511
9.18478 132.76 6.07367 0.635709 0.688317 0.349421
14.6556 127.054 9.38019 0.572558 0.799102 0.18334
18.5793 124.028 8.61825 0.636989 0.761859 0.117539
22.4074 120.823 8.07786 0.664671 0.743411 0.0745116
26.1606 117.466 7.60604 0.668025 0.742368 0.0513093
29.9266 114.102 7.14475 0.669008 0.74242 0.0352249
33.6756 110.76 6.66463 0.663918 0.747136 0.0316345
37.5117 107.328 6.14296 0.668442 0.743582 0.0164976
41.2495 103.917 5.62956 0.68292 0.730235 0.0194149
44.9188 100.471 5.09873 0.69069 0.722377 0.0334368
48.5251 96.9606 4.54706 0.70435 0.709388 0.0256747
52.0466 93.3754 4.00135 0.721276 0.692172 0.0256569
55.6002 89.7308 3.45841 0.717374 0.69628 0.0238716
59.1273 86.0684 2.8907 0.724574 0.688601 0.0286407
62.5653 82.4537 2.35852 0.736838 0.675988 0.0104866
66.0224 78.675 1.82037 0.740662 0.671781 0.0114456
69.3742 74.991 1.32554 0.741595 0.670566 0.019426
72.7532 71.3287 0.805881 0.731409 0.681319 0.0290678
76.2369 67.613 0.275249 0.736737 0.67553 0.029611
79.7032 63.8469 -0.23062 0.739272 0.672509 0.0347614
83.13 60.0294 -0.768735 0.744661 0.666925 0.0262968
86.4426 56.3005 -1.29785 0.753232 0.657395 0.0217539
89.7605 52.5342 -1.84815 0.749865 0.660907 0.0300518
93.0606 48.7994 -2.35124 0.752594 0.656931 0.0452132
96.3617 45.0186 -2.85508 0.755657 0.653024 0.0504132
99.6818 41.1934 -3.32584 0.760178 0.64856 0.0387095
102.924 37.3734 -3.74039 0.763998 0.643688 0.044413
106.246 33.4777 -4.12179 0.759986 0.648487 0.0434212
109.547 29.6297 -4.44604 0.761072 0.647119 0.0447785
109.571 29.6018 -4.4483 0.761308 0.646861 0.0445132
108.431 30.3535 3.03785 0.761721 0.645827 0.0518564
105.174 34.1502 3.45579 0.759549 0.648095 0.0552926
101.918 37.9937 3.93566 0.766731 0.63967 0.0542737
98.5273 41.9127 4.42987 0.75391 0.654311 0.0591404
95.1964 45.7386 4.93533 0.759673 0.648262 0.0515045
91.917 49.5381 5.46558 0.759057 0.648895 0.05261
88.5236 53.4144 6.03055 0.751371 0.656902 0.0626147
85.2027 57.1504 6.57957 0.74987 0.658532 0.0634896
81.8589 60.8736 7.10786 0.742308 0.667369 0.0599833
78.4639 64.644 7.64136 0.751756 0.657376 0.0521454
75.0882 68.4011 8.17419 0.74061 0.669699 0.0547633
71.6573 72.1488 8.69895 0.741497 0.6691 0.0498805
68.1685 75.8756 9.20588 0.731224 0.679216 0.0630634
64.7775 79.5315 9.70244 0.736917 0.672653 0.0670132
61.407 83.1936 10.2167 0.739937 0.669369 0.0666214
57.9619 86.8663 10.7163 0.724857 0.68687 0.0528485
54.474 90.4585 11.2235 0.718816 0.693219 0.0524493
50.9258 94.0776 11.7184 0.714505 0.698111 0.0460823
47.3299 97.6841 12.2062 0.711357 0.7009 0.0520594
44.1185 100.886 12.6343 0.698015 0.714989 0.0395628
54.7827 89.3766 18.7503 0.72027 0.687465 0.0927517
58.2586 85.7248 18.2808 0.731518 0.675054 0.0958306
61.6608 82.0789 17.8032 0.734294 0.672293 0.0939909
65.1043 78.3217 17.3071 0.743407 0.664106 0.07943
68.5209 74.6432 16.8224 0.735562 0.671392 0.0904455
72.0404 70.8563 16.3122 0.735743 0.671235 0.0901433
75.4423 67.175 15.8022 0.737555 0.669816 0.0857818
78.8219 63.4455 15.2727 0.75155 0.655531 0.0738408
82.1355 59.7178 14.7344 0.746962 0.659976 0.080496
85.4887 55.9945 14.18 0.747242 0.659268 0.0836369
88.8202 52.2787 13.6225 0.750253 0.656384 0.0792474
92.1804 48.4561 13.0396 0.759302 0.646008 0.0783163
95.5358 44.634 12.4755 0.759529 0.64492 0.0848111
98.8021 40.8222 11.9267 0.76169 0.641329 0.0923377
102.124 36.9593 11.3561 0.758417 0.645364 0.091156
105.43 33.1298 10.8245 0.759565 0.646078 0.0751291
106.906 31.4063 10.5959 0.764376 0.64028 0.0759691
105.912 31.3669 17.9711 0.76234 0.636834 0.11524
102.591 35.2555 18.6083 0.767234 0.631284 0.113283
99.3195 39.1099 19.2269 0.765318 0.634189 0.109971
96.0404 42.931 19.8848 0.76181 0.63783 0.113217
92.7653 46.7023 20.5166 0.754345 0.646277 0.115281
89.4713 50.436 21.1189 0.750829 0.651363 0.10946
86.1375 54.1857 21.72 0.750984 0.652517 0.101216
82.7875 57.9485 22.2969 0.750583 0.653041 0.100812
79.4538 61.6633 22.8472 0.742275 0.661021 0.109904
76.0105 65.4293 23.3833 0.742839 0.661086 0.105621
72.6373 69.1168 23.8927 0.735795 0.669674 0.100709
69.1906 72.8557 24.3891 0.739057 0.666543 0.097542
65.7734 76.5539 24.8615 0.735094 0.669977 0.103766
65.394 76.9622 24.9119 0.734853 0.670199 0.104035
75.9744 64.1946 31.0961 0.742846 0.660173 0.111134
79.3254 60.5131 30.5688 0.745493 0.655138 0.122619
82.7076 56.7551 29.9976 0.748799 0.651458 0.122075
86.0114 53.0217 29.3942 0.754474 0.645972 0.116147
89.4136 49.1393 28.7374 0.760348 0.637309 0.125334
92.7719 45.2773 28.0403 0.759167 0.637835 0.129735
96.0679 41.4751 27.3236 0.763489 0.633361 0.126249
99.3186 37.7085 26.5983 0.764531 0.633022 0.121554
102.635 33.8356 25.8333 0.767718 0.629105 0.121799
105.255 30.7454 25.2477 0.768215 0.628764 0.120426
104.467 30.164 32.5501 0.770478 0.622877 0.135604
101.236 33.9417 33.4228 0.763289 0.628277 0.150524
97.9219 37.7565 34.2883 0.762826 0.629296 0.148606
94.5764 41.6202 35.1287 0.764074 0.628549 0.145315
91.2814 45.4211 35.928 0.758534 0.636613 0.139107
88.0122 49.1601 36.6568 0.759734 0.635559 0.137364
86.3634 51.0589 37.0063 0.760734 0.634361 0.137366
95.7847 38.4526 42.3353 0.762678 0.626661 0.160058
99.0324 34.7125 41.3556 0.768306 0.620137 0.158544
102.301 30.9231 40.3229 0.769345 0.618726 0.159017
104.54 28.3283 39.6102 0.768407 0.619185 0.16174
104.257 26.6344 46.6965 0.774687 0.604522 0.185506
103.879 27.0719 46.8496 0.775359 0.603416 0.186302
112.002 27.1673 -12.2193 0.762649 0.646509 0.0198149
108.739 30.9856 -11.9586 0.761169 0.648383 0.0148736
105.409 34.9002 -11.6262 0.760545 0.648956 0.0206751
102.14 38.716 -11.2575 0.758777 0.651049 0.0198225
98.8334 42.4984 -10.8534 0.751341 0.659563 0.0215066
95.5085 46.2782 -10.4119 0.751396 0.659636 0.0168584
92.0807 50.1235 -9.92716 0.746659 0.665034 0.015164
88.6693 53.9491 -9.38602 0.750188 0.661057 0.014876
85.3587 57.6756 -8.84207 0.746567 0.665307 0.00206225
81.9643 61.4595 -8.34972 0.741172 0.671315 0.00104675
78.5456 65.2516 -7.83652 0.742015 0.670383 -0.000943925
75.1852 68.9212 -7.3184 0.736181 0.676765 0.0050816
71.7846 72.563 -6.78241 0.72818 0.685316 0.00978445
68.3529 76.2375 -6.25968 0.732516 0.680704 0.00782365
64.9454 79.8882 -5.72226 0.732872 0.68034 -0.00601669
61.4935 83.6116 -5.16491 0.732015 0.681269 -0.00508485
58.0172 87.3084 -4.62017 0.726885 0.686743 -0.00466078
54.4892 90.9815 -4.02469 0.715547 0.698535 -0.00644822
50.9108 94.6428 -3.39999 0.717838 0.696028 -0.015925
47.3439 98.2772 -2.78152 0.702835 0.7112 -0.0147161
43.6274 101.786 -2.14538 0.676379 0.736269 -0.0204661
39.9054 105.242 -1.50782 0.677282 0.735677 -0.00828743
36.2436 108.616 -0.910428 0.6759 0.736973 -0.00549275
32.5426 111.994 -0.27199 0.675723 0.737118 0.00749186
28.8152 115.384 0.286986 0.672517 0.739948 0.0140456
25.0674 118.83 0.813502 0.69234 0.721469 0.0121914
21.437 122.245 1.29311 0.671617 0.740833 0.00984006
17.7624 125.742 1.77521 0.694079 0.719338 0.0284183
16.9171 126.546 1.90729 0.687987 0.723671 0.054547
16.3709 126.607 -5.35639 0.658546 0.744208 -0.111677
20.2068 123.192 -5.50044 0.674846 0.735558 -0.0594689
23.9901 119.713 -5.93425 0.67484 0.737086 -0.0359888
27.6849 116.328 -6.49953 0.67495 0.736668 -0.0419877
31.4136 112.901 -7.18496 0.671328 0.74039 -0.0337791
35.1842 109.469 -7.91797 0.666118 0.74527 -0.0293131
38.966 106.029 -8.69167 0.682865 0.730262 -0.0203305
42.6402 102.519 -9.44305 0.687161 0.726252 -0.0191571
46.2589 99.0494 -10.1635 0.690667 0.722482 -0.0316052
49.8484 95.4915 -10.8521 0.704965 0.708505 -0.0323303
53.4351 91.8906 -11.5289 0.708252 0.705466 -0.0263876
56.8787 88.3128 -12.1658 0.718171 0.694449 -0.0444049
60.3299 84.6918 -12.7037 0.72402 0.688864 -0.0355244
63.7588 81.0625 -13.2429 0.724038 0.688918 -0.0340857
67.2141 77.3713 -13.8411 0.730665 0.682593 -0.0139535
70.6511 73.7529 -14.3916 0.720087 0.693785 -0.0117242
74.1602 70.0171 -14.9536 0.727769 0.685606 -0.0172416
77.6068 66.2477 -15.5122 0.738746 0.673904 -0.0103959
80.9732 62.5309 -16.0343 0.742401 0.669866 -0.0109303
84.3061 58.8136 -16.5258 0.745161 0.666779 -0.0118911
87.6201 55.0878 -17.0116 0.745864 0.666085 -0.00416042
90.9879 51.3551 -17.5229 0.742381 0.669972 -0.00297574
94.3283 47.6529 -18.0053 0.741874 0.67054 0.000505506
97.6854 43.9392 -18.4468 0.741921 0.670484 -0.00205612
100.99 40.2087 -18.8692 0.756408 0.654053 -0.00785077
104.295 36.3811 -19.2203 0.757734 0.652508 -0.00855067
107.572 32.5223 -19.5394 0.762218 0.64732 -0.000847898
110.819 28.7308 -19.821 0.759782 0.650148 0.0062539
114.151 24.7934 -20.0886 0.767099 0.641529 -0.000530846
114.196 24.7402 -20.0918 0.767074 0.641558 -0.000511786
117.334 20.9772 -28.0747 0.765174 0.643822 -0.00149805
114.108 24.8047 -27.868 0.767453 0.641062 -0.0074259
110.825 28.7293 -27.6272 0.765061 0.643852 -0.0116348
107.5 32.579 -27.3428 0.753118 0.657844 -0.00734718
104.158 36.4324 -27.0433 0.757534 0.652727 -0.00947001
100.804 40.2975 -26.6776 0.748051 0.663546 -0.0112272
97.4369 44.1161 -26.2808 0.749562 0.661794 -0.0136317
93.9922 47.9679 -25.8256 0.739365 0.673218 -0.0107757
90.6329 51.6602 -25.3132 0.741698 0.670685 -0.00810985
87.1904 55.4841 -24.7993 0.742966 0.669288 -0.00735629
83.8189 59.2056 -24.3168 0.730385 0.682737 -0.0202139
80.3354 62.9863 -23.8166 0.739179 0.673043 -0.0250434
76.916 66.693 -23.2604 0.729373 0.683249 -0.0344233
73.4149 70.4518 -22.6923 0.721745 0.690935 -0.0411465
69.9075 74.1343 -22.0955 0.720123 0.692581 -0.0418884
66.3251 77.9077 -21.5039 0.721374 0.691197 -0.0432035
62.8944 81.5096 -20.9209 0.718676 0.693223 -0.0542806
59.3488 85.2246 -20.3405 0.717286 0.69453 -0.0559358
56.3702 88.2909 -19.8048 0.710663 0.70072 -0.0628494
75.383 67.8925 -30.9403 0.722606 0.690049 -0.0408889
78.8645 64.1914 -31.4924 0.725913 0.68695 -0.0338976
82.2744 60.5508 -32.0519 0.727775 0.684818 -0.0369839
85.6833 56.88 -32.5466 0.733004 0.67944 -0.0326673
89.1063 53.1249 -33.0134 0.739922 0.672226 -0.0250746
92.5397 49.3792 -33.5442 0.734847 0.677867 -0.0222735
96.0401 45.5335 -34.0461 0.744701 0.666941 -0.0246921
99.4827 41.6554 -34.4587 0.748564 0.662706 -0.0217349
102.818 37.813 -34.8317 0.755099 0.655285 -0.0206443
106.145 33.986 -35.1546 0.750418 0.660581 -0.0224771
109.516 30.1327 -35.4275 0.757179 0.652987 -0.0169777
112.729 26.2782 -35.661 0.767974 0.640095 -0.0222285
115.965 22.4075 -35.8361 0.767103 0.640698 -0.032549
119.143 18.5345 -35.9591 0.778352 0.625983 -0.0481013
122.319 14.5795 -36.0274 0.778089 0.626366 -0.047362
125.513 10.5903 -36.0425 0.782056 0.621859 -0.0409871
126.75 9.03356 -36.0362 0.782906 0.620801 -0.0407927
126.135 9.16728 -43.6319 0.781544 0.6209 -0.0606031
122.962 13.1539 -43.7547 0.780527 0.622409 -0.0581839
119.817 17.0748 -43.8109 0.774929 0.629736 -0.0540096
116.552 21.1111 -43.7853 0.778551 0.625166 -0.0550166
113.371 25.0418 -43.6885 0.769265 0.636944 -0.0503334
110.089 29.0009 -43.5163 0.767464 0.638987 -0.0519035
106.861 32.812 -43.271 0.752993 0.656997 -0.0368478
103.558 36.6075 -42.9695 0.752079 0.658048 -0.0367491
100.278 40.3809 -42.5833 0.753534 0.65651 -0.0343706
96.937 44.2246 -42.1559 0.745752 0.665743 -0.0252968
93.8468 47.6161 -41.7559 0.736601 0.67582 -0.026195
111.693 26.3195 -51.8249 0.771927 0.63196 -0.0689656
114.864 22.4142 -51.8779 0.775632 0.627211 -0.0707207
118.121 18.3754 -51.842 0.779475 0.622572 -0.0694452
121.311 14.3842 -51.6999 0.778385 0.623792 -0.0707084
124.437 10.45 -51.4858 0.784974 0.614769 -0.0766549
125.438 9.18377 -51.3949 0.783693 0.61669 -0.0742908
124.57 9.09491 -59.3589 0.781778 0.61464 -0.105079
121.44 13.0401 -59.7498 0.782611 0.614711 -0.098232
121.069 13.5058 -59.7939 0.782627 0.614644 -0.0985339
-10.1488 50.718 -102.252 -0.479461 0.628796 -0.612154
-14.6192 48.9736 -100.6 -0.480011 0.622192 -0.618439
-19.069 47.2104 -98.9095 -0.487909 0.608336 -0.625996
-23.5572 45.4072 -97.175 -0.480921 0.607483 -0.632202
-27.9607 43.6454 -95.472 -0.487595 0.603266 -0.631127
-32.3281 41.8812 -93.7681 -0.489857 0.602365 -0.630236
-35.9458 40.405 -92.3556 -0.497591 0.602109 -0.624394
-32.8983 37.3509 -97.5883 -0.492077 0.59447 -0.635976
-28.4399 39.1488 -99.3541 -0.494151 0.595378 -0.633514
-24.0581 40.8996 -101.093 -0.491919 0.600754 -0.630166
-19.7104 42.6588 -102.834 -0.488794 0.608289 -0.625352
-15.2494 44.4394 -104.585 -0.488517 0.609209 -0.624673
-10.8709 46.1998 -106.308 -0.48716 0.616887 -0.618163
-10.0848 46.5117 -106.612 -0.48404 0.624018 -0.613439
-10.1702 42.1667 -110.854 -0.493915 0.606909 -0.622663
-14.5604 40.3969 -109.068 -0.493173 0.600761 -0.62918
-18.9992 38.6182 -107.266 -0.498134 0.59549 -0.630281
-23.3732 36.8586 -105.474 -0.498846 0.594096 -0.631033
-27.793 35.088 -103.672 -0.494125 0.594781 -0.634095
-30.1746 34.1329 -102.705 -0.499062 0.590385 -0.634336
-27.4829 30.8842 -107.845 -0.499729 0.589124 -0.634984
-23.1336 32.6097 -109.652 -0.497499 0.5913 -0.634712
-18.7394 34.3591 -111.488 -0.505712 0.587505 -0.631738
-14.2842 36.1338 -113.349 -0.497915 0.594942 -0.630972
-10.0719 37.8165 -115.113 -0.503091 0.595764 -0.626071
-10.0436 33.3482 -119.255 -0.506285 0.57259 -0.644838
-14.5015 31.5914 -117.339 -0.501062 0.575838 -0.646025
-18.8505 29.883 -115.479 -0.503724 0.572477 -0.646941
-23.214 28.1886 -113.642 -0.495168 0.574521 -0.651716
-24.6196 27.6419 -113.052 -0.499472 0.576531 -0.646637
-21.7774 24.2511 -118.15 -0.49215 0.566946 -0.660576
-17.3925 25.9299 -120.041 -0.499976 0.563515 -0.657628
-13.0333 27.605 -121.942 -0.503006 0.560879 -0.657571
-10.0124 28.7752 -123.277 -0.511434 0.557472 -0.653958
-10.0083 24.1015 -127.154 -0.505308 0.544259 -0.669661
-14.3382 22.4721 -125.226 -0.496578 0.547431 -0.673594
-18.7175 20.8466 -123.311 -0.497744 0.55209 -0.668915
-19.4722 20.5666 -122.982 -0.494983 0.553993 -0.66939
-19.0965 16.0901 -126.921 -0.494122 0.549594 -0.673639
-14.6334 17.7031 -128.878 -0.495882 0.543492 -0.677286
-10.2679 19.2938 -130.825 -0.497744 0.536922 -0.68115
-9.92671 19.4169 -130.977 -0.49888 0.536276 -0.680828
-9.10462 14.9712 -135.056 -0.497211 0.533605 -0.68414
-13.5372 13.399 -133.077 -0.492921 0.539289 -0.682785
-17.8972 11.8626 -131.167 -0.490372 0.54197 -0.682498
-21.5275 10.5767 -129.58 -0.489973 0.543713 -0.681398
-10.365 9.79034 -138.15 -0.48793 0.532774 -0.69143
-7.01784 10.9443 -139.641 -0.493717 0.527716 -0.691201
-10.2641 54.8661 -97.8675 -0.469064 0.638629 -0.610026
-14.7429 53.1371 -96.2686 -0.464175 0.63749 -0.614937
-19.1839 51.3966 -94.6442 -0.482079 0.625407 -0.613568
-23.6171 49.6532 -93.0059 -0.476656 0.619232 -0.62398
-28.0932 47.873 -91.3181 -0.485449 0.609103 -0.627162
-32.488 46.0847 -89.6214 -0.495091 0.601845 -0.626632
-36.9029 44.242 -87.8883 -0.496633 0.601847 -0.625409
-39.4436 43.1841 -86.8876 -0.497887 0.601799 -0.624456
-43.4927 45.7108 -81.2197 -0.508796 0.594256 -0.622886
-39.1314 47.5765 -82.9353 -0.500282 0.593449 -0.630504
-34.7131 49.4233 -84.6521 -0.497147 0.600293 -0.626493
-30.334 51.203 -86.3238 -0.479506 0.611443 -0.629452
-25.9257 52.9615 -87.965 -0.47534 0.619841 -0.624379
-21.4101 54.7271 -89.5975 -0.462202 0.634712 -0.619281
-16.9516 56.4429 -91.1712 -0.461772 0.639 -0.615179
-12.5002 58.1291 -92.711 -0.456533 0.647934 -0.60972
-10.4409 58.9098 -93.4183 -0.451361 0.654476 -0.606576
-10.5989 62.8951 -88.9422 -0.440279 0.664806 -0.603479
-15.1599 61.2274 -87.4505 -0.440185 0.660208 -0.608575
-19.7348 59.527 -85.9139 -0.447682 0.644825 -0.619501
-24.2685 57.8153 -84.3572 -0.464674 0.627284 -0.624975
-28.7848 56.0456 -82.7339 -0.473167 0.619174 -0.626687
-33.2412 54.286 -81.108 -0.47274 0.616861 -0.629285
-37.6284 52.4984 -79.4484 -0.490668 0.60142 -0.630506
-42.0066 50.6459 -77.7265 -0.509207 0.594494 -0.622322
-46.3078 48.7612 -75.9862 -0.523527 0.593293 -0.611492
-48.0602 47.9519 -75.2492 -0.529273 0.59192 -0.607866
-53.3516 49.7414 -68.7954 -0.542771 0.587128 -0.600567
-49.1424 51.7408 -70.636 -0.532514 0.58689 -0.60991
-44.838 53.6911 -72.4479 -0.513026 0.599705 -0.614132
-40.4604 55.5826 -74.2148 -0.502928 0.602441 -0.619781
-36.044 57.4168 -75.9386 -0.471719 0.618682 -0.628263
-31.5677 59.1717 -77.5623 -0.467361 0.622046 -0.628197
-27.0591 60.9128 -79.1591 -0.452975 0.638131 -0.622577
-22.5952 62.5869 -80.6814 -0.450374 0.639282 -0.623283
-17.9763 64.2515 -82.1904 -0.435115 0.655936 -0.616785
-13.4104 65.8939 -83.6472 -0.422232 0.674408 -0.605717
-10.5698 66.8919 -84.5216 -0.425238 0.673979 -0.60409
-10.7662 70.7632 -80.0225 -0.415579 0.680524 -0.603475
-15.3255 69.2052 -78.6719 -0.418186 0.669958 -0.613414
-19.894 67.6424 -77.2816 -0.424906 0.660838 -0.618667
-24.4794 66.0285 -75.8164 -0.427204 0.651345 -0.627094
-29.0894 64.3276 -74.2674 -0.453882 0.631074 -0.629076
-33.7496 62.5253 -72.5968 -0.4794 0.621735 -0.619372
-38.2146 60.7326 -70.9142 -0.492178 0.615033 -0.616032
-42.619 58.9064 -69.1929 -0.512184 0.603544 -0.611067
-46.9771 57.0333 -67.4133 -0.501558 0.593902 -0.629063
-51.3497 55.0154 -65.5088 -0.54199 0.579408 -0.608714
-55.5514 53.016 -63.619 -0.549024 0.581531 -0.600329
-59.5173 51.0246 -61.7231 -0.571393 0.566152 -0.594123
-68.5939 50.8564 -52.9049 -0.603317 0.548952 -0.578498
-64.4897 52.9897 -55.0601 -0.573565 0.565008 -0.593118
-60.3396 55.0405 -57.1064 -0.571387 0.566067 -0.59421
-56.1511 57.0718 -59.1261 -0.561133 0.578386 -0.592114
-51.9898 59.0616 -61.0766 -0.55476 0.579836 -0.596684
-47.5856 61.0703 -63.0282 -0.521716 0.600593 -0.605888
-43.1512 62.9351 -64.8258 -0.492244 0.608998 -0.621946
-38.7323 64.7134 -66.5271 -0.486025 0.615303 -0.62063
-34.3368 66.4796 -68.2035 -0.480811 0.621117 -0.618898
-29.8754 68.1865 -69.797 -0.441518 0.645769 -0.622932
-25.3604 69.7946 -71.2809 -0.426479 0.654819 -0.623962
-20.7713 71.3536 -72.697 -0.413445 0.666366 -0.6205
-16.0198 72.94 -74.099 -0.404285 0.684616 -0.606509
-11.3075 74.4832 -75.4355 -0.390875 0.694437 -0.604131
-10.7494 74.6631 -75.5899 -0.391627 0.694462 -0.603614
-10.7401 78.5036 -71.1465 -0.38426 0.704781 -0.596346
-15.462 77.0153 -69.8646 -0.383404 0.695101 -0.608141
-20.0789 75.5403 -68.5611 -0.395025 0.679625 -0.618114
-24.7942 73.9915 -67.1606 -0.410147 0.6675 -0.621469
-29.3703 72.4204 -65.704 -0.435322 0.658649 -0.61374
-34.026 70.7337 -64.1123 -0.474262 0.623284 -0.621766
-38.6244 68.94 -62.3945 -0.475613 0.622288 -0.621731
-43.1366 67.1617 -60.6651 -0.486625 0.615012 -0.620449
-47.5878 65.2955 -58.8248 -0.518054 0.602066 -0.607566
-51.8845 63.3797 -56.9081 -0.550995 0.588504 -0.591666
-56.1032 61.4416 -54.9358 -0.551427 0.584652 -0.595072
-60.2693 59.4762 -52.914 -0.565391 0.572385 -0.593892
-64.4643 57.4642 -50.8244 -0.582846 0.562215 -0.58669
-64.8527 57.2703 -50.6205 -0.587855 0.561349 -0.582507
-60.8706 63.5365 -48.3986 -0.565815 0.57961 -0.586434
-56.707 65.4573 -50.4479 -0.553848 0.583498 -0.593955
-52.494 67.3482 -52.4221 -0.538211 0.595275 -0.596638
-48.198 69.234 -54.3624 -0.521283 0.601664 -0.605198
-43.818 71.0376 -56.1854 -0.501398 0.617943 -0.605596
-39.3675 72.8037 -57.9393 -0.478623 0.622926 -0.618775
-34.858 74.4809 -59.576 -0.449403 0.639192 -0.624076
-30.3638 76.0808 -61.1076 -0.433098 0.656255 -0.617864
-25.7827 77.6531 -62.5811 -0.397395 0.670336 -0.626679
-21.1699 79.134 -63.9355 -0.388563 0.677733 -0.624257
-16.5237 80.5835 -65.2329 -0.372112 0.691104 -0.619602
-11.8638 81.9873 -66.448 -0.362262 0.704308 -0.610506
-10.8978 82.2704 -66.687 -0.354777 0.710276 -0.607982
-10.8925 86.0451 -62.2876 -0.343389 0.715506 -0.608387
-15.6803 84.6977 -61.1208 -0.361934 0.70628 -0.608418
-20.4195 83.2968 -59.8697 -0.385868 0.684212 -0.618838
-25.1625 81.8091 -58.499 -0.393776 0.67758 -0.621149
-29.8534 80.2802 -57.055 -0.426881 0.654616 -0.623899
-34.4231 78.7245 -55.5514 -0.438228 0.650986 -0.619817
-38.9075 77.08 -53.9301 -0.46028 0.642521 -0.612625
-43.2994 75.3962 -52.2348 -0.502716 0.610834 -0.611685
-47.7059 73.5775 -50.3726 -0.517465 0.613627 -0.596399
-52.0972 71.6888 -48.3886 -0.536067 0.607026 -0.586645
-56.3755 69.8023 -46.3617 -0.544442 0.600363 -0.585788
-56.9353 69.5582 -46.0917 -0.544563 0.600557 -0.585476
-53.1351 75.3304 -43.6754 -0.534253 0.605987 -0.589368
-48.8724 77.1517 -45.6154 -0.519831 0.613725 -0.594237
-44.5778 78.9514 -47.5001 -0.500024 0.623716 -0.600795
-40.2044 80.6396 -49.2447 -0.464456 0.639655 -0.612472
-35.644 82.3177 -50.9327 -0.453881 0.641274 -0.618676
-31.0865 83.8614 -52.4549 -0.429572 0.651716 -0.625087
-26.4462 85.3389 -53.8786 -0.391047 0.67456 -0.62614
-21.7289 86.7549 -55.2066 -0.365938 0.68496 -0.630015
-17.0642 88.0913 -56.4259 -0.345875 0.709053 -0.614503
-12.2 89.4185 -57.5941 -0.332372 0.714653 -0.615467
-11.14 89.7003 -57.8398 -0.333887 0.719113 -0.609422
-11.0004 93.4487 -53.5268 -0.306498 0.723773 -0.618233
-15.8218 92.2226 -52.4391 -0.332328 0.704592 -0.626983
-20.6494 90.9144 -51.2328 -0.35239 0.689012 -0.633312
-25.4392 89.5601 -49.956 -0.384942 0.678678 -0.625472
-30.1692 88.1432 -48.581 -0.38462 0.669809 -0.635156
-34.7967 86.6115 -47.0522 -0.439993 0.649981 -0.619622
-39.2584 84.9959 -45.4122 -0.46432 0.639579 -0.612655
-43.6952 83.3244 -43.6661 -0.49165 0.626554 -0.60474
-48.1352 81.5214 -41.7448 -0.522391 0.6137 -0.592013
-48.9972 81.1591 -41.3534 -0.526854 0.611644 -0.590183
-44.8339 86.8425 -39.0134 -0.517134 0.625136 -0.584617
-40.3519 88.5562 -40.8367 -0.472294 0.646589 -0.59905
-35.7504 90.2118 -42.5388 -0.43489 0.659689 -0.612928
-31.1493 91.731 -44.0687 -0.41494 0.66725 -0.618549
-26.4667 93.1342 -45.4618 -0.372536 0.689916 -0.620671
-21.7871 94.428 -46.7166 -0.354564 0.702812 -0.616717
-17.0239 95.6949 -47.8997 -0.323243 0.709241 -0.626491
-12.2437 96.8715 -48.9685 -0.311817 0.717826 -0.622492
-11.309 97.1001 -49.1733 -0.311736 0.718073 -0.622247
-11.3496 100.781 -44.8796 -0.303179 0.724481 -0.619039
-16.2188 99.6067 -43.798 -0.317248 0.723799 -0.612755
-20.9967 98.3929 -42.653 -0.342836 0.706062 -0.619629
-25.8338 97.069 -41.3675 -0.356979 0.703296 -0.614769
-30.5937 95.7234 -40.023 -0.383317 0.693016 -0.610571
-35.1563 94.274 -38.546 -0.41596 0.67724 -0.606896
-39.6358 92.7012 -36.9162 -0.479329 0.643136 -0.597177
-40.8943 92.2257 -36.4184 -0.479219 0.643156 -0.597243
-36.5068 97.6172 -33.8876 -0.443423 0.661 -0.605356
-31.8797 99.0745 -35.3943 -0.393399 0.684134 -0.614165
-27.235 100.427 -36.7563 -0.378142 0.692281 -0.614618
-22.5333 101.686 -37.9984 -0.337763 0.716037 -0.610907
-17.7579 102.895 -39.1619 -0.319429 0.71933 -0.616871
-12.9992 104.037 -40.2297 -0.303276 0.733871 -0.60783
-11.1694 104.459 -40.6153 -0.292232 0.736066 -0.610579
-10.2229 108.188 -36.4547 -0.28869 0.747655 -0.598056
-15.1118 107.084 -35.4253 -0.302308 0.741339 -0.599187
-20.0337 105.914 -34.2936 -0.323948 0.735432 -0.595144
-24.823 104.708 -33.1206 -0.332903 0.730709 -0.59602
-29.5877 103.447 -31.8621 -0.378808 0.691939 -0.614593
-31.8648 102.772 -31.1788 -0.379414 0.700981 -0.603879
-27.5361 107.516 -28.0906 -0.33738 0.735724 -0.587269
-22.7113 108.761 -29.3178 -0.327201 0.731871 -0.597749
-17.9124 109.926 -30.4368 -0.306419 0.74216 -0.596075
-13.0471 111.054 -31.5026 -0.300325 0.743143 -0.597949
-8.23553 112.114 -32.5134 -0.287097 0.744538 -0.602693
-4.98064 116.326 -28.8663 -0.283209 0.742929 -0.606506
-9.95467 115.26 -27.8254 -0.291568 0.74068 -0.605295
-14.7338 114.181 -26.8015 -0.307778 0.73851 -0.599897
-19.5578 113.017 -25.714 -0.323133 0.743603 -0.585354
-24.3688 111.773 -24.5427 -0.336279 0.740794 -0.581499
-24.5948 111.713 -24.4873 -0.337011 0.740928 -0.580903
-22.7532 115.629 -20.5957 -0.343633 0.737215 -0.581748
-18.0098 116.916 -21.7415 -0.3363 0.738994 -0.583772
-13.2472 118.105 -22.8253 -0.30152 0.729986 -0.613356
-8.45487 119.173 -23.8589 -0.276071 0.735245 -0.619031
-3.45551 120.159 -24.8635 -0.263694 0.742913 -0.615261
-0.00257836 120.829 -25.5813 -0.266119 0.766883 -0.584013
7.6102 124.964 -22.429 -0.1443 0.862594 -0.48488
2.62575 124.48 -21.622 -0.17507 0.807567 -0.563192
-2.32735 123.861 -20.7659 -0.232865 0.738097 -0.633235
-7.26107 123.031 -19.8121 -0.261881 0.739052 -0.620662
-12.1442 122.051 -18.8084 -0.342355 0.723364 -0.599615
-16.9992 120.703 -17.6148 -0.349635 0.734958 -0.581026
-21.7393 119.345 -16.4921 -0.346239 0.73776 -0.579508
-22.0573 119.254 -16.4185 -0.345121 0.738103 -0.579737
-22.1742 122.612 -12.0055 -0.348018 0.752982 -0.558481
-17.4344 124.063 -13.0134 -0.348017 0.748696 -0.564215
-12.7478 125.426 -14.1093 -0.33892 0.745133 -0.574378
-7.97172 126.607 -15.303 -0.285793 0.731138 -0.619484
-7.25807 126.744 -15.4707 -0.286461 0.730167 -0.620319
-16.2858 127.749 -8.40159 -0.378176 0.789068 -0.484103
-21.0249 126.083 -7.55118 -0.356435 0.804973 -0.474312
-22.7634 125.533 -7.30642 -0.29687 0.825636 -0.479784
-23.3461 127.275 -2.10032 -0.374998 0.920957 -0.105904
-19.2539 128.882 -2.36413 -0.391909 0.910638 -0.130944
-18.7323 128.747 3.68756 -0.437851 0.874722 0.207718
-23.3578 126.778 3.37907 -0.363485 0.886186 0.287321
-23.444 126.745 3.37412 -0.353034 0.888048 0.294511
-22.7508 124.698 8.55058 -0.331065 0.824814 0.458342
-18.0754 126.44 9.23509 -0.410452 0.781151 0.470459
-15.3285 127.568 9.74979 -0.410418 0.757446 0.507772
-22.0428 121.704 13.3918 -0.362714 0.745214 0.559548
-17.3949 123.339 14.2924 -0.370604 0.741038 0.559925
-12.6273 124.923 15.1497 -0.327995 0.74043 0.586671
-7.82775 126.334 15.9382 -0.270619 0.731763 0.62553
-5.01177 126.978 16.3418 -0.245296 0.742865 0.622881
-0.9142 120.477 26.0581 -0.268126 0.760013 0.592021
-5.79629 119.197 25.4614 -0.273376 0.744705 0.608835
-10.6249 117.906 24.775 -0.296406 0.738367 0.605771
-15.3844 116.573 23.9844 -0.325215 0.733978 0.596247
-20.1127 115.128 23.0691 -0.339676 0.737422 0.583806
-23.4101 114.123 22.4012 -0.342875 0.744352 0.573041
-22.1266 118.129 18.0041 -0.35697 0.73843 0.572096
-17.4065 119.672 18.9556 -0.351909 0.732252 0.583067
-12.5715 121.175 19.8514 -0.310587 0.737068 0.600223
-7.61864 122.538 20.5805 -0.278772 0.741211 0.61065
-2.72565 123.719 21.1789 -0.239355 0.754802 0.610724
2.15005 124.74 21.6229 -0.190221 0.808607 0.55675
7.15419 125.608 21.9214 -0.136854 0.865029 0.482697
8.79683 125.778 21.9655 -0.0915725 0.886304 0.45396
7.72221 128.196 16.704 0.0927393 0.91583 0.39071
12.5516 126.815 16.0626 0.422283 0.875464 0.235031
16.8907 124.322 15.3952 0.557714 0.824952 0.0917091
19.1204 122.809 15.1213 0.584775 0.809003 0.0596081
22.8336 120.213 -12.4223 0.654772 0.752808 -0.0674771
19.0409 123.472 -12.0339 0.634817 0.768188 -0.0830332
14.9412 126.498 -11.9481 0.535956 0.824231 -0.182741
13.4033 127.482 -12.0107 0.533627 0.819864 -0.207523
15.9353 124.832 -17.8472 0.472427 0.870957 -0.135083
11.2571 126.702 -17.6797 0.230644 0.9251 -0.301652
6.33885 127.711 -17.5502 0.00353099 0.853563 -0.520977
5.21541 127.768 -17.4492 -0.00433615 0.851944 -0.523614
-6.25562 115.26 30.0757 -0.278951 0.745565 0.605243
-11.0923 113.953 29.3768 -0.302231 0.743548 0.596484
-15.8631 112.65 28.5561 -0.310063 0.742827 0.593354
-20.6168 111.292 27.6628 -0.33122 0.738312 0.587528
-25.379 109.887 26.6862 -0.347625 0.740084 0.575703
-26.0499 109.682 26.5451 -0.346299 0.739582 0.577145
-30.0724 104.711 30.2941 -0.371083 0.718747 0.587964
-25.3498 106.155 31.3566 -0.345062 0.727936 0.592487
-20.5282 107.551 32.3519 -0.32485 0.734402 0.595925
-15.7408 108.882 33.3081 -0.311551 0.735444 0.601712
-10.8994 110.154 34.1824 -0.30081 0.741336 0.599945
-9.37578 110.575 34.4185 -0.292356 0.742661 0.602481
-10.9765 106.288 38.9269 -0.299293 0.733408 0.610358
-15.8166 105.021 38.0036 -0.313362 0.730654 0.606588
-20.7341 103.661 37.0412 -0.334442 0.724734 0.60242
-25.4519 102.291 35.9964 -0.350834 0.722852 0.595316
-30.1231 100.896 34.8863 -0.380938 0.71242 0.589358
-34.7523 99.3791 33.6739 -0.403608 0.693287 0.597037
-35.6759 99.0605 33.4196 -0.405226 0.689766 0.600012
-40.6856 93.4018 36.4231 -0.43204 0.684823 0.586821
-36.1475 95.0164 37.782 -0.415373 0.688011 0.595068
-31.5299 96.5721 39.0899 -0.399879 0.690948 0.602236
-26.8402 98.1026 40.347 -0.347293 0.70142 0.622412
-21.9938 99.3947 41.3801 -0.326365 0.717999 0.614787
-17.0758 100.709 42.4255 -0.317215 0.716031 0.621831
-12.3028 101.984 43.4106 -0.304013 0.718255 0.625848
-11.1793 102.248 43.6404 -0.296523 0.72448 0.622256
-11.2123 98.0627 48.2252 -0.288129 0.694817 0.658946
-16.0081 96.9187 47.2268 -0.301331 0.700869 0.646516
-20.7819 95.7025 46.2133 -0.322578 0.695672 0.64186
-25.5313 94.4232 45.1441 -0.35914 0.68945 0.629029
-30.2251 93.0173 43.9396 -0.382804 0.686963 0.617692
-34.9378 91.4953 42.6341 -0.402434 0.676595 0.616657
-39.5484 89.9253 41.2567 -0.420017 0.655144 0.62799
-44.1291 88.2245 39.7468 -0.448598 0.66149 0.600992
-45.7936 87.5994 39.1863 -0.450821 0.661679 0.599118
-50.3623 81.9429 41.9891 -0.457363 0.657009 0.599298
-45.8592 83.6074 43.5406 -0.442994 0.661958 0.604622
-41.3667 85.2291 45.0357 -0.436617 0.660976 0.610308
-36.8096 86.7813 46.4524 -0.411136 0.661697 0.626996
-32.2066 88.2788 47.8033 -0.397015 0.66163 0.636101
-27.4651 89.7045 49.0796 -0.359134 0.669306 0.650425
-22.7227 90.989 50.2335 -0.330351 0.67661 0.658078
-17.9852 92.2118 51.3058 -0.314462 0.686332 0.655791
-13.1472 93.368 52.3382 -0.30012 0.692674 0.655844
-11.266 93.8021 52.7308 -0.291656 0.69694 0.655142
-11.1658 89.5522 57.1662 -0.282415 0.686488 0.670057
-16.0564 88.4191 56.1454 -0.319967 0.673721 0.666124
-20.8103 87.231 55.0469 -0.333128 0.673709 0.659653
-25.6626 85.9357 53.8526 -0.341041 0.676548 0.652667
-30.3403 84.6467 52.6428 -0.378252 0.664188 0.644809
-35.0638 83.1908 51.2861 -0.398507 0.654555 0.642456
-39.6295 81.7005 49.8897 -0.424806 0.650995 0.629084
-44.2104 80.1318 48.4104 -0.427962 0.647267 0.630788
-48.7052 78.5201 46.8741 -0.449773 0.642304 0.620604
-53.2463 76.8506 45.2615 -0.465097 0.6453 0.60603
-54.9934 76.1931 44.6202 -0.466906 0.642992 0.607092
-59.5261 70.4218 47.1556 -0.470484 0.635081 0.612631
-55.0197 72.1144 48.8565 -0.463827 0.635957 0.616785
-50.5345 73.7281 50.4589 -0.451931 0.636559 0.624941
-45.9911 75.3501 52.0627 -0.433577 0.639536 0.634827
-41.4746 76.8846 53.5655 -0.429909 0.642345 0.634485
-36.7964 78.4054 55.046 -0.38993 0.655716 0.646522
-32.169 79.8387 56.421 -0.393913 0.653374 0.646478
-27.5149 81.1927 57.7414 -0.350793 0.665243 0.659087
-22.6919 82.4469 58.925 -0.324235 0.659147 0.678526
-17.8126 83.6668 60.0659 -0.322942 0.664069 0.67433
-12.9045 84.8408 61.175 -0.297772 0.672175 0.677874
-11.2009 85.2268 61.5167 -0.283018 0.677883 0.678509
-10.9433 80.8874 65.92 -0.291345 0.675773 0.677088
-15.7133 79.7897 64.8469 -0.319821 0.662708 0.67715
-20.5822 78.5731 63.6714 -0.331424 0.655597 0.678492
-25.3164 77.3913 62.5118 -0.329859 0.653528 0.681245
-29.9968 76.1353 61.2616 -0.369144 0.632909 0.680558
-34.7326 74.789 59.9083 -0.389269 0.636452 0.665882
-39.4813 73.3244 58.4602 -0.415351 0.635971 0.650403
-44.0796 71.8005 56.924 -0.430257 0.625879 0.650503
-48.706 70.2138 55.3268 -0.449382 0.626263 0.637064
-53.2112 68.6251 53.7196 -0.448439 0.625938 0.638047
-57.677 67.0021 52.0637 -0.470092 0.616964 0.631165
-62.138 65.3333 50.345 -0.481094 0.618892 0.620904
-63.8849 64.6683 49.6544 -0.481019 0.618961 0.620893
-68.1504 58.878 52.0906 -0.481941 0.611255 0.627774
-63.7338 60.5425 53.8527 -0.478541 0.610536 0.631066
-59.2321 62.2035 55.5895 -0.469067 0.613326 0.635459
-54.7795 63.8231 57.2635 -0.458464 0.618319 0.638352
-50.3065 65.4026 58.8858 -0.444884 0.62275 0.64363
-45.6804 66.9556 60.4849 -0.426588 0.625438 0.653338
-41.0891 68.4464 62.0202 -0.41613 0.627606 0.657987
-36.3147 69.9325 63.54 -0.380718 0.627856 0.67886
-31.6492 71.254 64.91 -0.369454 0.640134 0.673597
-27.0001 72.5455 66.2379 -0.363665 0.64001 0.676857
-22.1616 73.7868 67.4805 -0.335535 0.642609 0.688817
-17.3641 74.9711 68.6944 -0.328499 0.642105 0.692668
-12.5267 76.1491 69.8295 -0.311571 0.651252 0.69195
-11.1537 76.4607 70.1349 -0.297463 0.659009 0.690813
-10.9617 72.0509 74.3741 -0.31143 0.656447 0.687087
-15.732 70.9471 73.1975 -0.325934 0.651893 0.684692
-20.6127 69.7669 71.9886 -0.334928 0.643708 0.688086
-25.3943 68.5536 70.7403 -0.340498 0.636855 0.69172
-30.0766 67.3172 69.4838 -0.360259 0.634335 0.683983
-34.8449 66.0042 68.1145 -0.392291 0.626693 0.673323
-39.4431 64.6431 66.6713 -0.405536 0.626477 0.665633
-44.13 63.1786 65.14 -0.428665 0.626221 0.651224
-48.8173 61.6321 63.5285 -0.434454 0.616599 0.656548
-53.2931 60.057 61.8872 -0.456691 0.610405 0.647178
-57.9008 58.4134 60.1754 -0.461307 0.612712 0.641701
-62.3975 56.7878 58.4711 -0.475536 0.60975 0.634091
-66.9552 55.0816 56.6677 -0.480097 0.597598 0.642171
-71.3483 53.3883 54.8545 -0.494831 0.599531 0.62905
-72.2236 53.0459 54.4865 -0.501251 0.59269 0.630449
-76.2164 47.0837 56.7876 -0.51349 0.582174 0.630397
-71.893 48.8238 58.6614 -0.504769 0.582004 0.637557
-67.4573 50.5564 60.5018 -0.482925 0.593734 0.643633
-63.0298 52.2221 62.2567 -0.476738 0.597261 0.644981
-58.5366 53.9056 64.0178 -0.473186 0.60234 0.642869
-53.9792 55.5111 65.7004 -0.449135 0.61575 0.647402
-49.4762 57.0705 67.3395 -0.44327 0.611192 0.655711
-44.8665 58.6189 68.974 -0.416778 0.617143 0.667406
-40.301 60.0388 70.464 -0.403782 0.626157 0.666999
-35.6996 61.3892 71.9001 -0.392519 0.624886 0.674868
-31.058 62.6676 73.2785 -0.366249 0.636264 0.678992
-26.3005 63.9187 74.6251 -0.346609 0.641473 0.684378
-21.5938 65.0941 75.8963 -0.334029 0.644804 0.687497
-16.7527 66.2673 77.152 -0.333955 0.647366 0.685122
-12.021 67.38 78.3234 -0.31823 0.651564 0.688617
-11.0353 67.608 78.5588 -0.313038 0.653519 0.689145
-11.0689 63.1195 82.7498 -0.309391 0.643883 0.69978
-15.8155 62.049 81.5542 -0.33922 0.630372 0.698256
-20.5698 60.89 80.2776 -0.3379 0.631769 0.697633
-25.2797 59.7431 79.0026 -0.34867 0.631987 0.692114
-30.0214 58.5152 77.6179 -0.373527 0.621146 0.688953
-34.6878 57.2311 76.2032 -0.382797 0.615766 0.688694
-39.4717 55.8724 74.7229 -0.393053 0.605472 0.692035
-44.1907 54.4486 73.1973 -0.418968 0.607299 0.675021
-48.867 52.9377 71.5957 -0.443725 0.597698 0.667731
-53.3914 51.3773 69.9417 -0.449853 0.603048 0.658761
-57.871 49.7699 68.2535 -0.475863 0.589317 0.652886
-62.3559 48.1049 66.52 -0.475882 0.599099 0.643908
-66.8694 46.4053 64.7514 -0.475867 0.597628 0.645284
-71.3159 44.6514 62.9237 -0.503399 0.583119 0.637622
-75.7293 42.8711 61.0467 -0.515996 0.578825 0.631435
-80.0186 41.0908 59.136 -0.523709 0.578116 0.625708
-80.0905 41.0608 59.1035 -0.524025 0.578205 0.625361
-67.1592 41.9519 68.6929 -0.476449 0.600369 0.642303
-62.7095 43.6371 70.4151 -0.469345 0.606962 0.641336
-58.2762 45.2893 72.1141 -0.471675 0.606749 0.639827
-53.817 46.8559 73.7481 -0.433241 0.608108 0.665212
-49.3224 48.3597 75.3411 -0.442567 0.593413 0.672307
-44.6599 49.8823 77.0002 -0.415271 0.601005 0.682893
-39.9342 51.2553 78.5147 -0.395617 0.610117 0.686472
-35.261 52.601 80.0035 -0.392902 0.609499 0.688578
-30.5972 53.8952 81.4577 -0.375303 0.620545 0.688528
-25.8617 55.1169 82.8542 -0.358318 0.621738 0.696455
-21.1502 56.2356 84.1692 -0.342278 0.624148 0.702343
-16.3145 57.3674 85.4888 -0.337997 0.622692 0.7057
-11.4936 58.4355 86.7648 -0.3195 0.627027 0.710462
-10.9328 58.5598 86.9065 -0.316887 0.629261 0.709657
-10.9362 53.9885 90.9722 -0.325649 0.6275 0.707246
-15.6913 52.9389 89.705 -0.32727 0.625966 0.707857
-20.4052 51.8483 88.4033 -0.345261 0.617358 0.706869
-25.1171 50.7578 87.0597 -0.343717 0.616294 0.708548
-29.8093 49.5993 85.6666 -0.362557 0.612208 0.702676
-34.5949 48.3168 84.1598 -0.392656 0.605983 0.691813
-39.2419 47.0364 82.6818 -0.38373 0.623739 0.680956
-43.9281 45.6734 81.1302 -0.399862 0.605269 0.688302
-48.489 44.259 79.5694 -0.430682 0.605887 0.66889
-51.66 43.2421 78.4752 -0.423002 0.620327 0.660503
-40.4372 42.3311 86.2348 -0.41112 0.603566 0.683146
-35.7328 43.589 87.7442 -0.374816 0.623266 0.686333
-30.9581 44.8016 89.2533 -0.361756 0.612038 0.703237
-26.2598 45.9275 90.675 -0.3556 0.610481 0.707715
-21.5188 47.0062 92.0716 -0.347931 0.611786 0.710396
-16.6953 48.0999 93.4789 -0.342933 0.607958 0.716089
-11.9088 49.1422 94.7972 -0.323975 0.612532 0.721003
-10.9374 49.3483 95.0583 -0.323604 0.614224 0.719729
-11.074 44.5762 99.0426 -0.326893 0.609219 0.72249
-15.8779 43.5431 97.6988 -0.336767 0.599975 0.725685
-20.6099 42.5581 96.3018 -0.339721 0.602213 0.722446
-25.3107 41.5584 94.8879 -0.346059 0.610206 0.712665
-30.0054 40.5218 93.4549 -0.354948 0.61351 0.70542
-32.0178 40.0562 92.8345 -0.360197 0.612823 0.703353
-24.0617 37.2154 99.1493 -0.344694 0.601888 0.720359
-19.2811 38.1408 100.592 -0.332519 0.599119 0.728345
-14.5033 39.0769 102.007 -0.334509 0.596573 0.729524
-11.0618 39.766 103.022 -0.331583 0.596518 0.730903
-10.9956 34.8361 107.048 -0.325581 0.593483 0.736053
-15.85 34.014 105.537 -0.327716 0.597418 0.731911
-17.359 33.7554 105.072 -0.327412 0.599162 0.730621
-17.3621 33.7548 105.071 -0.3274 0.599166 0.730623
