-92.8975 27.791 64.234 -0.572628 0.557856 0.600745
-90.4023 32.025 62.7085 -0.562273 0.550925 0.616677
-87.854 36.12 61.2533 -0.544527 0.562837 0.621855
-85.2559 40.1815 59.8089 -0.532467 0.569435 0.626277
-82.6595 44.2969 58.2446 -0.525772 0.569053 0.632252
-80.1093 48.4168 56.6081 -0.514417 0.581093 0.630639
-77.356 52.4585 55.1174 -0.514532 0.585357 0.62659
-74.6692 56.4868 53.5427 -0.508932 0.59503 0.622034
-71.9368 60.365 51.9163 -0.489298 0.618049 0.615307
-69.1334 64.1961 50.2759 -0.483652 0.62002 0.617783
-66.2606 68.0318 48.6795 -0.480443 0.620733 0.619569
-63.3753 71.8253 47.0387 -0.472354 0.635771 0.610473
-60.4874 75.5991 45.3477 -0.472128 0.636222 0.610177
-57.4786 79.3064 43.713 -0.464581 0.650934 0.600375
-54.4437 83.0519 41.9863 -0.468386 0.655666 0.592213
-51.3428 86.7324 40.2832 -0.459624 0.666892 0.586516
-48.2705 90.4511 38.4889 -0.456836 0.662904 0.593177
-45.2799 94.0609 36.6214 -0.442155 0.688873 0.574415
-42.1178 97.5591 34.9044 -0.44763 0.683897 0.576118
-39.0222 101.076 33.0755 -0.440416 0.687478 0.577414
-35.8254 104.59 31.2664 -0.401812 0.697042 0.593868
-32.4872 108.021 29.2644 -0.380559 0.729718 0.568055
-29.4595 111.308 26.9972 -0.351471 0.735756 0.578903
-26.9314 114.666 24.22 -0.345499 0.743201 0.572959
-25.1652 118.081 20.8164 -0.34239 0.747231 0.569575
-24.115 121.351 17.1832 -0.347255 0.740235 0.57573
-23.9909 124.473 13.2835 -0.338856 0.742863 0.577325
-24.5674 127.297 9.08503 -0.307227 0.792135 0.527384
-25.2175 129.479 4.62755 -0.244067 0.903336 0.352299
-25.4758 130.191 -0.385051 -0.231987 0.972214 -0.0275087
-25.1622 129.083 -5.23125 -0.22905 0.89856 -0.374334
-24.4457 126.899 -9.67281 -0.280303 0.800809 -0.529207
-23.991 123.988 -13.7488 -0.32979 0.738722 -0.587817
-24.2964 120.809 -17.6281 -0.338658 0.741961 -0.578623
-25.316 117.504 -21.2505 -0.337203 0.74117 -0.580484
-27.2022 114.109 -24.5276 -0.346859 0.741075 -0.574889
-29.8249 110.726 -27.235 -0.366109 0.729854 -0.577302
-32.9455 107.346 -29.4757 -0.385853 0.711874 -0.586816
-36.0889 103.939 -31.3697 -0.406867 0.697769 -0.589556
-39.2136 100.307 -33.2513 -0.467832 0.662717 -0.584756
-42.2615 96.5785 -34.9847 -0.486916 0.640372 -0.594
-45.2577 92.785 -36.5758 -0.496505 0.63611 -0.590632
-48.0272 88.904 -38.4074 -0.503592 0.631819 -0.589237
-50.9592 85.0002 -40.0046 -0.513615 0.617027 -0.596219
-53.7543 81.0599 -41.6487 -0.529299 0.614449 -0.58506
-56.5416 77.1118 -43.2179 -0.537583 0.607777 -0.584476
-59.2284 73.1605 -44.8235 -0.541035 0.604006 -0.585198
-61.8074 69.1555 -46.4044 -0.561509 0.585713 -0.584506
-64.455 65.0956 -47.9142 -0.570442 0.580482 -0.581066
-67.134 60.9382 -49.3323 -0.582145 0.572979 -0.57689
-69.5739 56.81 -50.8022 -0.602718 0.549868 -0.578253
-72.0605 52.529 -52.2671 -0.605291 0.544428 -0.580706
-74.4524 48.2298 -53.7235 -0.6199 0.532714 -0.576141
-76.8322 43.9744 -55.0565 -0.639126 0.522131 -0.564709
-74.0377 43.5796 -58.495 -0.61631 0.541105 -0.57216
-70.5821 43.5452 -62.1798 -0.605524 0.538643 -0.585836
-67.0334 43.7221 -65.7173 -0.602943 0.559317 -0.568879
-63.7724 43.1864 -69.5027 -0.57739 0.569544 -0.585013
-60.6016 42.3706 -73.405 -0.568853 0.569854 -0.59302
-57.3611 41.5599 -77.3032 -0.567909 0.568951 -0.594789
-54.3925 40.3348 -81.2292 -0.558009 0.572075 -0.601128
-51.5079 38.9564 -85.1266 -0.543307 0.569445 -0.616888
-48.5558 37.4835 -89.0541 -0.531202 0.573077 -0.624025
-45.8893 35.6613 -92.9549 -0.522778 0.573893 -0.630357
-43.3538 33.6411 -96.8802 -0.513451 0.57596 -0.636112
-40.9733 31.4069 -100.842 -0.51302 0.579489 -0.633248
-38.4139 29.4271 -104.725 -0.510869 0.580305 -0.634239
-36.1644 27.0736 -108.683 -0.510234 0.576543 -0.638169
-33.9742 24.7292 -112.53 -0.507075 0.572085 -0.644665
-31.8437 22.2093 -116.394 -0.500452 0.566494 -0.6547
-29.7928 19.5872 -120.183 -0.500272 0.556192 -0.66361
-29.2985 15.9166 -123.602 -0.495366 0.54812 -0.673927
-31.0151 11.7765 -125.698 -0.497435 0.54515 -0.674811
-34.4577 8.2048 -126.047 -0.499032 0.546606 -0.67245
-30.8739 7.91331 -128.922 -0.497348 0.54508 -0.674931
-26.7408 7.92503 -131.93 -0.491331 0.542894 -0.681072
-22.582 7.93516 -134.901 -0.486893 0.540158 -0.686414
-18.4163 7.91478 -137.866 -0.482565 0.537351 -0.691654
-14.3073 7.9274 -140.737 -0.482404 0.534189 -0.69421
-10.165 8.66626 -143.073 -0.487055 0.531427 -0.693082
-6.4045 12.0247 -143.172 -0.493745 0.527203 -0.691573
-6.96991 15.3668 -140.218 -0.496597 0.526508 -0.690058
-7.94484 18.9274 -136.778 -0.500421 0.530822 -0.683963
-8.14067 22.8099 -133.609 -0.503551 0.533779 -0.67935
-8.11041 26.8165 -130.436 -0.515903 0.539189 -0.665671
-8.02362 30.7168 -127.271 -0.514027 0.548355 -0.659608
-8.06495 34.5093 -123.971 -0.51643 0.570637 -0.638491
-8.091 38.2385 -120.566 -0.51483 0.586317 -0.625445
-8.16914 41.9256 -117.053 -0.503769 0.598593 -0.622819
-8.15588 45.618 -113.478 -0.501461 0.610419 -0.613126
-8.22961 49.2115 -109.779 -0.494919 0.617357 -0.611494
-8.30861 52.6994 -106.126 -0.481243 0.632115 -0.607317
-8.38491 56.1295 -102.455 -0.470409 0.637911 -0.609742
-8.48303 59.4819 -98.7484 -0.462549 0.654764 -0.597771
-8.44282 62.9559 -94.9448 -0.447535 0.664795 -0.598129
-8.48333 66.2683 -91.1782 -0.435443 0.67196 -0.599048
-8.56599 69.6875 -87.2416 -0.42552 0.67835 -0.598977
-8.54153 73.0368 -83.4126 -0.413235 0.686378 -0.598432
-8.65741 76.2598 -79.5785 -0.399204 0.698991 -0.593336
-8.73996 79.5645 -75.6215 -0.371008 0.712777 -0.595233
-8.79878 82.7836 -71.7245 -0.370248 0.714057 -0.594171
-8.88711 86.0297 -67.834 -0.344298 0.718131 -0.60477
-8.9345 89.2664 -63.9277 -0.332685 0.72533 -0.602675
-9.03576 92.52 -59.956 -0.312348 0.731059 -0.606623
-9.07775 95.7617 -56.0557 -0.298857 0.733361 -0.610628
-9.14137 98.9988 -52.2332 -0.295236 0.72528 -0.621936
-9.13655 102.3 -48.3507 -0.289974 0.731854 -0.616688
-9.12908 105.543 -44.5178 -0.286994 0.734705 -0.61469
-8.92812 108.776 -40.7034 -0.284134 0.742822 -0.606204
-8.12089 112.081 -36.9939 -0.283426 0.750109 -0.5975
-6.42581 115.476 -33.5514 -0.286016 0.746309 -0.601014
-3.93631 118.81 -30.6275 -0.284514 0.737349 -0.612673
-0.863729 122.076 -28.2029 -0.306703 0.736673 -0.602696
2.86209 125 -26.5125 -0.321368 0.765998 -0.55656
7.00069 127.51 -24.9757 -0.246907 0.868748 -0.429317
11.381 128.738 -22.9196 0.0237505 0.954316 -0.297851
15.593 128.497 -20.3297 0.402275 0.906084 -0.1311
19.2181 126.389 -17.6333 0.602356 0.798187 -0.00510899
22.6192 123.67 -14.8144 0.656842 0.753678 -0.0229165
26.2046 120.64 -12.6659 0.656885 0.752899 -0.0405624
29.9609 117.398 -11.4984 0.659829 0.75003 -0.0456137
33.821 114.017 -11.2281 0.661236 0.749405 -0.0340417
37.5822 110.645 -11.8102 0.667015 0.744518 -0.0279773
41.1371 107.344 -13.244 0.678256 0.733787 -0.0390605
44.519 104.072 -15.1096 0.680294 0.731133 -0.0514231
47.835 100.761 -17.0763 0.700101 0.711491 -0.0603179
51.144 97.3307 -18.9825 0.696743 0.713482 -0.0741185
54.3627 93.9741 -20.8337 0.703822 0.707136 -0.0677763
57.5993 90.5561 -22.7715 0.705459 0.705405 -0.0687864
60.8222 87.1556 -24.6125 0.707439 0.703826 -0.064501
64.0163 83.7828 -26.506 0.708644 0.703047 -0.0595596
67.2529 80.3352 -28.4222 0.711857 0.700542 -0.0499972
70.4131 76.9284 -30.2723 0.718639 0.693484 -0.0513622
73.6188 73.4956 -32.1828 0.718543 0.694233 -0.0416608
76.8734 70.005 -33.9594 0.721163 0.691689 -0.0385893
80.0144 66.6193 -35.9024 0.723159 0.68964 -0.037922
83.1759 63.1917 -37.701 0.725735 0.68711 -0.0344625
86.3782 59.7105 -39.5914 0.730881 0.681775 -0.0315404
89.5669 56.1995 -41.4501 0.731367 0.681413 -0.0279083
92.7354 52.7026 -43.2306 0.735781 0.676708 -0.0263181
95.8363 49.2233 -45.0667 0.741802 0.669942 -0.0301243
98.9585 45.6747 -46.7813 0.747579 0.663283 -0.0343772
102.104 42.0234 -48.6681 0.753561 0.656493 -0.0340776
105.211 38.3286 -50.4444 0.757414 0.651418 -0.0444923
108.223 34.6779 -52.1139 0.762944 0.643229 -0.0645942
111.176 30.9794 -53.8226 0.77346 0.629832 -0.0712134
114.14 27.1524 -55.4996 0.774646 0.627621 -0.0775558
117.059 23.3234 -57.2246 0.777232 0.622912 -0.0888367
119.843 19.5213 -59.159 0.782663 0.61467 -0.0980777
122.314 15.9355 -61.8526 0.781711 0.614345 -0.107273
124.315 12.7659 -65.1959 0.783412 0.61022 -0.117888
125.816 10.0284 -69.2554 0.781638 0.61012 -0.129597
127.997 8.05529 -65.1905 0.778215 0.617364 -0.115077
129.14 7.45723 -60.4365 0.780418 0.616776 -0.102637
129.756 7.49864 -55.3581 0.780715 0.617791 -0.0939024
130.33 7.41702 -50.3062 0.782051 0.618918 -0.0730594
130.8 7.37317 -45.2863 0.781516 0.620656 -0.0633904
131.208 7.37845 -40.1882 0.785353 0.616587 -0.0551431
131.483 7.41015 -35.0411 0.784729 0.618747 -0.0367545
131.72 7.38586 -30.023 0.781793 0.623025 -0.0252785
131.822 7.3608 -24.9427 0.783465 0.621435 -0.000726099
131.777 7.38965 -19.8809 0.781762 0.623399 0.0149072
131.685 7.33098 -14.8472 0.779639 0.625742 0.0247092
131.464 7.35174 -9.81636 0.780506 0.624098 0.0362329
131.138 7.40197 -4.72866 0.782241 0.621285 0.04587
130.748 7.41849 0.268178 0.785964 0.614009 0.0724863
130.186 7.4911 5.34039 0.78588 0.612638 0.0840724
129.031 9.09429 4.46441 0.785898 0.612902 0.0819454
126.477 12.6127 2.04576 0.779945 0.621566 0.0730881
123.342 16.5207 2.12031 0.780312 0.621758 0.0673025
120.557 19.7017 4.69441 0.768754 0.635909 0.0680973
118.756 21.3531 9.0948 0.773644 0.627002 0.091331
117.784 21.7596 14.0706 0.768666 0.631236 0.103409
117.025 21.8339 19.0751 0.764278 0.634498 0.115283
116.372 21.6289 24.1855 0.762857 0.63425 0.125604
116.124 20.7635 29.1995 0.767436 0.623168 0.150675
117.25 18.3024 33.4659 0.770228 0.615029 0.168784
119.679 14.5509 35.8068 0.775595 0.604883 0.180468
122.794 10.6454 35.3616 0.778569 0.599887 0.184298
125.665 7.76466 32.5167 0.777586 0.601922 0.181793
124.684 7.57802 37.3523 0.777448 0.600569 0.186793
123.407 7.65427 42.3456 0.780357 0.594478 0.194008
122.118 7.64514 47.286 0.778809 0.592159 0.206893
120.7 7.70511 52.1643 0.778382 0.586667 0.223481
119.286 7.68998 56.9762 0.773373 0.585293 0.243532
117.687 7.73839 61.753 0.774465 0.576621 0.260216
116.032 7.75863 66.5085 0.772305 0.572688 0.274907
115.494 9.08635 65.2565 0.774786 0.571459 0.270447
114.947 11.7286 61.0209 0.77635 0.577844 0.251747
113.651 15.0142 57.4254 0.777256 0.580167 0.243475
111.727 18.6989 54.5703 0.777203 0.588284 0.223333
109.298 22.6796 52.4758 0.775751 0.591953 0.218635
106.646 26.6757 50.8439 0.772741 0.599994 0.207072
103.945 30.6383 49.3384 0.772193 0.607328 0.186729
101.207 34.5647 47.8057 0.770403 0.611532 0.180298
98.3999 38.5016 46.2478 0.764889 0.621765 0.168385
95.6214 42.3894 44.5123 0.768102 0.62039 0.15854
92.7043 46.3452 42.997 0.763514 0.627765 0.151518
89.8534 50.1664 41.3148 0.758586 0.634631 0.147616
86.9853 53.9437 39.6717 0.7558 0.639006 0.142962
84.0518 57.7267 38.0447 0.74891 0.648939 0.134211
81.0956 61.4858 36.2902 0.746914 0.652545 0.127692
78.1485 65.184 34.5044 0.741933 0.659676 0.119848
75.101 68.9191 32.8581 0.74179 0.660006 0.118909
72.1163 72.5458 31.1086 0.735444 0.667832 0.114549
69.0894 76.1558 29.3555 0.734144 0.669076 0.115631
66.0623 79.7381 27.6107 0.726995 0.678056 0.108255
62.9254 83.3982 25.8113 0.726171 0.678252 0.112473
59.8116 87.0189 23.9818 0.723357 0.681819 0.108983
56.6846 90.6138 22.217 0.721162 0.684559 0.106323
53.6175 94.1337 20.3513 0.722269 0.683255 0.107194
50.4842 97.6909 18.5005 0.706524 0.6996 0.106698
47.2438 101.149 16.7028 0.703494 0.705526 0.0856108
43.9521 104.52 14.942 0.69068 0.720253 0.064777
40.6463 107.794 13.0779 0.674604 0.73716 0.0387963
37.052 111.099 11.6779 0.66309 0.748024 0.0277724
33.3015 114.436 11.2258 0.663023 0.747909 0.0321343
29.5565 117.74 11.5864 0.659203 0.751092 0.0362166
25.8711 120.921 12.8563 0.66324 0.747628 0.0341339
22.3719 123.887 14.9815 0.647529 0.76164 0.024641
19.0196 126.48 17.6557 0.571161 0.820714 0.00955577
15.325 128.136 20.571 0.293284 0.951911 0.0886039
11.0384 128.5 23.0701 0.00344163 0.949328 0.314014
6.58033 127.032 25.0982 -0.188278 0.871585 0.452628
2.39769 124.737 26.6267 -0.283409 0.776988 0.562111
-1.3728 121.872 28.5169 -0.279956 0.750571 0.598555
-4.38432 118.727 31.0265 -0.286888 0.747677 0.598894
-6.72898 115.431 34.0458 -0.287649 0.749569 0.596158
-8.3021 112.111 37.4437 -0.291876 0.744607 0.600306
-9.04773 108.798 41.1219 -0.285603 0.736279 0.613453
-9.15235 105.521 44.9121 -0.284529 0.723232 0.629268
-9.08523 102.188 48.6761 -0.271996 0.711323 0.648103
-9.22087 98.5977 52.453 -0.283388 0.692677 0.66324
-9.21735 95.0357 56.1895 -0.279979 0.691648 0.665759
-9.13216 91.4262 59.9332 -0.276201 0.68491 0.674248
-9.21029 87.8312 63.5647 -0.278679 0.685886 0.672234
-9.05972 84.3242 67.1689 -0.279056 0.676669 0.681355
-9.07954 80.6943 70.7365 -0.291176 0.662711 0.689945
-8.96019 77.0125 74.3419 -0.301283 0.657104 0.690972
-8.90979 73.2854 77.9505 -0.309947 0.659911 0.684434
-8.97904 69.6084 81.4284 -0.310787 0.655045 0.688715
-8.95288 65.8147 84.9937 -0.310797 0.64583 0.697358
-8.95663 62.0676 88.4172 -0.323419 0.631061 0.705097
-8.8891 58.2883 91.8344 -0.324638 0.630907 0.704675
-8.86676 54.433 95.2597 -0.328328 0.624139 0.708979
-8.89261 50.5547 98.6539 -0.33123 0.616497 0.714296
-8.92601 46.6988 101.939 -0.326282 0.610067 0.722052
-8.98027 42.8279 105.15 -0.323909 0.596038 0.734726
-9.03915 38.9042 108.293 -0.32584 0.590134 0.738627
-9.0096 35.0039 111.419 -0.315842 0.586508 0.745823
-8.99608 31.0376 114.51 -0.314759 0.579883 0.75144
-9.01844 26.9554 117.623 -0.314167 0.570676 0.758702
-9.02276 22.9252 120.629 -0.305395 0.566501 0.765382
-8.70065 18.8052 123.782 -0.29855 0.565224 0.769019
-7.33838 15.1641 126.94 -0.28126 0.559442 0.77969
-4.92892 11.8427 130.181 -0.276364 0.55866 0.781999
-1.84375 9.18704 133.078 -0.257984 0.548992 0.795017
-1.68992 7.87722 134.031 -0.254555 0.548583 0.796404
-6.50125 7.82221 132.476 -0.266646 0.558451 0.785514
-11.2473 7.86851 130.75 -0.283659 0.560451 0.778096
-13.4078 8.78336 129.301 -0.286849 0.56238 0.77553
-10.3738 12.505 127.745 -0.288979 0.559344 0.776933
-9.53503 16.7086 125.008 -0.29355 0.563403 0.772273
-11.3433 20.0991 121.794 -0.299974 0.567794 0.766567
-14.7921 22.2953 118.742 -0.313109 0.573044 0.757353
-18.4886 24.0585 115.87 -0.323791 0.574554 0.751696
-22.0085 25.9596 112.835 -0.334775 0.584729 0.73893
-25.6129 27.6906 109.831 -0.333063 0.586941 0.73795
-29.5568 28.909 106.98 -0.349302 0.594305 0.724424
-33.3331 30.4031 103.927 -0.354934 0.596734 0.719674
-37.0902 31.7755 100.901 -0.362278 0.593725 0.718502
-41.0604 32.789 97.9168 -0.398502 0.602375 0.691621
-45.0495 33.6137 94.8598 -0.401885 0.602355 0.689678
-48.9354 34.5957 91.6807 -0.412961 0.599912 0.685251
-53.1551 34.7827 88.9461 -0.428135 0.597175 0.678294
-57.4777 34.8429 86.1603 -0.431191 0.588722 0.683726
-61.7723 34.8114 83.3702 -0.450454 0.59122 0.668992
-66.0531 34.499 80.5292 -0.485007 0.594584 0.641279
-70.3616 33.9758 77.7004 -0.495295 0.591416 0.636326
-74.5257 33.3767 74.9694 -0.510889 0.584319 0.630526
-78.7547 32.4474 72.3827 -0.522209 0.583768 0.621702
-83.038 30.9567 70.1274 -0.534556 0.576182 0.618276
-87.2694 29.4259 67.8651 -0.537874 0.575415 0.616108
-91.5186 28.1027 65.2593 -0.572818 0.5579 0.600523
-92.8917 27.7917 64.2389 -0.572637 0.557846 0.600745
-93.9659 22.7867 67.8456 -0.57798 0.554769 0.598473
-97.9377 21.6294 64.9985 -0.593285 0.556979 0.581195
-101.852 20.2598 62.0956 -0.630789 0.533506 0.563451
-99.455 24.2254 61.0406 -0.604896 0.535194 0.589634
-97.1072 28.4277 59.6307 -0.59453 0.533732 0.601384
-94.6274 32.6358 58.2312 -0.57071 0.546408 0.612967
-92.127 36.8972 56.761 -0.568891 0.544785 0.616095
-89.6027 40.9937 55.3562 -0.53903 0.560981 0.628289
-87.0904 45.0597 53.8515 -0.535709 0.564439 0.628032
-84.5048 49.1106 52.3399 -0.523588 0.573076 0.630428
-81.8958 53.0963 50.823 -0.512801 0.584426 0.628874
-79.1854 57.1072 49.2612 -0.50678 0.593317 0.625419
-76.4015 61.1066 47.6125 -0.493349 0.612501 0.617615
-73.6111 64.9565 46.0089 -0.485839 0.618054 0.618037
-70.7708 68.7757 44.3891 -0.485 0.625662 0.611001
-67.8462 72.6238 42.6904 -0.47453 0.639803 0.604544
-64.8583 76.4423 41.0211 -0.475112 0.644839 0.598708
-61.8833 80.1781 39.2773 -0.472108 0.658372 0.586225
-58.8316 83.8798 37.5438 -0.470361 0.66524 0.579836
-55.7629 87.5568 35.7935 -0.474895 0.666309 0.574896
-52.7699 91.1601 34.0494 -0.468112 0.676319 0.568738
-49.7483 94.72 32.2517 -0.463044 0.685822 0.56146
-46.6146 98.2509 30.5371 -0.46429 0.683766 0.562937
-43.4952 101.826 28.6973 -0.45974 0.69678 0.550578
-40.3093 105.313 26.8905 -0.450517 0.710904 0.540047
-37.1063 108.71 25.0388 -0.437304 0.718485 0.540874
-34.0544 112.128 22.9144 -0.406208 0.727138 0.553413
-31.6903 115.621 20.0446 -0.360614 0.729213 0.581555
-30.2527 119.023 16.6518 -0.300458 0.74221 0.599008
-29.8739 122.372 12.8716 -0.255851 0.723178 0.641525
-30.6266 125.526 8.96631 -0.177012 0.759568 0.625858
-31.4004 128.102 4.75449 -0.128519 0.897912 0.420995
-31.7153 129.137 -0.216405 -0.0959474 0.995173 -0.0204342
-31.3497 128.011 -5.17341 -0.0510871 0.897108 -0.438848
-30.5054 125.223 -9.42612 -0.164785 0.74533 -0.645979
-29.9051 121.988 -13.297 -0.23931 0.740472 -0.628032
-30.3842 118.633 -16.9954 -0.303842 0.729796 -0.612436
-31.8945 115.168 -20.3123 -0.355219 0.720894 -0.595089
-34.3075 111.669 -23.1132 -0.396486 0.719173 -0.570603
-37.3537 108.276 -25.1609 -0.426834 0.702352 -0.569658
-40.5725 104.668 -27.0516 -0.468451 0.684493 -0.558591
-43.6193 101.068 -28.7952 -0.47742 0.663412 -0.576154
-46.5861 97.3117 -30.5414 -0.50079 0.64388 -0.57847
-49.542 93.4741 -32.1564 -0.513038 0.633143 -0.579587
-52.3394 89.6145 -33.8821 -0.519762 0.629702 -0.577341
-55.1689 85.6871 -35.5033 -0.537996 0.61331 -0.578283
-57.9111 81.7955 -37.0754 -0.540163 0.611102 -0.578595
-60.6898 77.784 -38.6598 -0.558566 0.598511 -0.574273
-63.3516 73.7902 -40.1952 -0.564233 0.585931 -0.581658
-65.9525 69.6912 -41.7621 -0.577909 0.577083 -0.577057
-68.6099 65.5693 -43.2434 -0.577945 0.575843 -0.57826
-71.1503 61.4714 -44.6966 -0.589669 0.564502 -0.577606
-73.6239 57.3387 -46.0998 -0.601525 0.54439 -0.584629
-76.0143 53.1361 -47.5215 -0.610934 0.542094 -0.576956
-78.3699 48.8282 -48.9096 -0.63523 0.517483 -0.573318
-80.6985 44.4706 -50.2523 -0.639972 0.514654 -0.570585
-82.9595 40.0673 -51.5849 -0.659757 0.504463 -0.556984
-83.1482 37.447 -53.7539 -0.660205 0.511374 -0.550114
-79.6266 38.0573 -57.4022 -0.652041 0.527608 -0.544493
-76.2058 38.3363 -61.0468 -0.629076 0.53962 -0.55953
-72.8202 38.3679 -64.8442 -0.626764 0.543436 -0.55843
-69.3308 38.4384 -68.5339 -0.598386 0.562553 -0.570482
-66.044 37.8328 -72.4221 -0.583037 0.568492 -0.580417
-62.8388 37.1271 -76.3068 -0.577416 0.567913 -0.586571
-59.6393 36.2449 -80.2553 -0.558177 0.579252 -0.594059
-56.7914 34.8523 -84.1955 -0.547189 0.578361 -0.605048
-53.9311 33.4711 -88.0925 -0.547179 0.576688 -0.606651
-51.0526 31.9474 -92.0383 -0.520581 0.577407 -0.628951
-48.5622 29.9251 -95.9476 -0.525398 0.573914 -0.628156
-46.1917 27.837 -99.873 -0.524094 0.576973 -0.626439
-43.7751 25.7694 -103.754 -0.515055 0.579966 -0.631156
-41.3154 23.5783 -107.724 -0.507694 0.572191 -0.644084
-39.198 21.0824 -111.634 -0.511474 0.569722 -0.643282
-36.9784 18.7043 -115.468 -0.506428 0.565949 -0.650564
-34.8201 16.1951 -119.248 -0.496121 0.558034 -0.665178
-36.1012 12.2691 -121.536 -0.502361 0.541013 -0.674491
-40.3954 9.71225 -120.331 -0.516373 0.534797 -0.668842
-44.5925 7.44401 -118.81 -0.53144 0.541053 -0.651793
-48.7964 5.28604 -117.093 -0.549917 0.532759 -0.643241
-52.9791 3.18995 -115.247 -0.554099 0.532383 -0.639954
-50.7283 2.68383 -117.612 -0.547457 0.542174 -0.637446
-46.843 2.70889 -120.882 -0.534497 0.546001 -0.645132
-42.8938 2.69177 -124.133 -0.519195 0.548097 -0.655764
-38.8608 2.66492 -127.243 -0.507153 0.54649 -0.666442
-34.8093 2.69736 -130.264 -0.495309 0.550324 -0.672169
-30.6793 2.67336 -133.305 -0.491028 0.547921 -0.677255
-26.5321 2.69366 -136.268 -0.482276 0.546466 -0.684679
-22.3347 2.7218 -139.184 -0.476494 0.542586 -0.691774
-18.0575 2.69862 -142.161 -0.479044 0.53642 -0.694816
-13.8838 2.71657 -145.02 -0.4802 0.531281 -0.69796
-9.73703 3.30037 -147.43 -0.483347 0.527816 -0.698417
-5.94798 6.57594 -147.6 -0.48647 0.525779 -0.697784
-2.21197 9.97089 -147.671 -0.489625 0.521216 -0.699
1.42596 13.4189 -147.669 -0.493535 0.514198 -0.701444
-0.536553 16.2136 -144.215 -0.50086 0.51562 -0.69518
-2.15953 19.4244 -140.636 -0.506039 0.51812 -0.689548
-2.74204 23.3042 -137.268 -0.512041 0.520265 -0.683475
-2.75687 27.2759 -134.188 -0.51616 0.528719 -0.673821
-2.71824 31.2275 -131.059 -0.524687 0.541938 -0.656511
-2.69784 35.1304 -127.79 -0.527119 0.551293 -0.6467
-2.7094 38.8628 -124.445 -0.539004 0.564606 -0.625052
-2.73761 42.6022 -120.884 -0.517896 0.588592 -0.62076
-2.76864 46.2927 -117.272 -0.517069 0.605419 -0.605068
-2.77547 49.879 -113.609 -0.503153 0.622162 -0.599793
-2.81308 53.4292 -109.838 -0.500013 0.6325 -0.591549
-2.84245 56.8228 -106.117 -0.47994 0.651236 -0.587834
-2.87164 60.1636 -102.371 -0.465061 0.659971 -0.590048
-2.84415 63.5315 -98.563 -0.453455 0.670859 -0.586793
-2.84446 66.8108 -94.7717 -0.445416 0.679689 -0.582776
-2.88897 70.0888 -90.8976 -0.435204 0.687517 -0.581307
-2.9008 73.3359 -87.0371 -0.420648 0.694031 -0.584271
-2.89722 76.5828 -83.1361 -0.402711 0.709376 -0.578455
-2.92163 79.7943 -79.1562 -0.396462 0.716985 -0.573368
-3.00039 82.9853 -75.1008 -0.368141 0.727242 -0.579303
-3.05564 86.1762 -71.095 -0.359985 0.728714 -0.582568
-3.0263 89.3191 -67.1469 -0.327282 0.742088 -0.584972
-3.059 92.4457 -63.1253 -0.304343 0.750742 -0.586312
-3.06532 95.6288 -59.0949 -0.281897 0.750522 -0.597704
-3.12653 98.7664 -55.1634 -0.251594 0.754301 -0.606408
-3.11232 101.993 -51.2846 -0.246191 0.741429 -0.624238
-3.12524 105.284 -47.4012 -0.245279 0.736517 -0.630381
-3.06707 108.625 -43.5369 -0.261574 0.731309 -0.629894
-2.52034 112.015 -39.7829 -0.300265 0.734596 -0.608446
-0.886742 115.409 -36.4863 -0.331283 0.736877 -0.589292
1.69549 118.801 -33.7211 -0.386171 0.740168 -0.550476
5.11852 122.09 -31.7592 -0.426366 0.725457 -0.5403
8.93059 125.121 -30.5689 -0.396151 0.77705 -0.489139
13.209 127.298 -28.831 -0.209822 0.960257 -0.183911
17.563 127.513 -26.4353 0.245619 0.967548 0.0593438
21.2317 125.511 -23.6973 0.547882 0.825199 0.13703
24.2326 122.579 -20.9694 0.663263 0.740339 0.109451
27.5057 119.393 -18.7211 0.672129 0.738932 0.0468175
31.1934 116.09 -17.5803 0.662532 0.749034 4.56741e-05
35.0193 112.658 -17.5776 0.667749 0.743658 -0.0329067
38.6001 109.334 -18.7029 0.678272 0.732144 -0.0625013
41.9662 105.976 -20.6219 0.685698 0.723712 -0.0778369
45.2338 102.65 -22.531 0.689691 0.718593 -0.0891629
48.5175 99.2805 -24.4041 0.690874 0.718262 -0.0824135
51.7637 95.9274 -26.3047 0.693393 0.715737 -0.083222
55.0594 92.5035 -28.199 0.697555 0.711983 -0.0806052
58.2805 89.1575 -30.0842 0.695237 0.714685 -0.0766168
61.5965 85.6905 -32.0456 0.702457 0.708456 -0.0681402
64.947 82.1891 -33.9547 0.703477 0.70776 -0.0647752
68.166 78.7838 -35.8178 0.710263 0.701865 -0.0539646
71.3925 75.3906 -37.7208 0.705736 0.706893 -0.0473176
74.6227 71.9985 -39.5033 0.716014 0.696765 -0.0429299
77.8858 68.5221 -41.4459 0.717671 0.695386 -0.0372423
81.0688 65.1168 -43.2887 0.722883 0.690113 -0.0344028
84.243 61.6932 -45.1324 0.725862 0.687048 -0.0330022
87.4449 58.2103 -46.9822 0.727797 0.684918 -0.0346234
90.6014 54.751 -48.7949 0.731092 0.681411 -0.0343873
93.7291 51.2951 -50.6074 0.737488 0.674637 -0.0312376
96.8878 47.7098 -52.4058 0.745241 0.665811 -0.0362131
99.9588 44.16 -54.2073 0.75078 0.659639 -0.0347282
102.972 40.527 -55.9493 0.759573 0.648559 -0.0491866
105.997 36.8079 -57.644 0.765526 0.640918 -0.0565142
108.971 33.0215 -59.3467 0.772726 0.629739 -0.0795204
111.901 29.1755 -61.1016 0.776309 0.624893 -0.0827787
114.818 25.3023 -62.7593 0.777376 0.621375 -0.0978755
117.621 21.4474 -64.5856 0.78284 0.612819 -0.107774
119.997 17.9054 -67.3459 0.782826 0.610753 -0.119013
121.753 14.8798 -70.998 0.784085 0.606151 -0.133386
122.72 12.6081 -75.4064 0.782628 0.605067 -0.146243
122.606 11.5301 -80.3011 0.77947 0.60693 -0.155122
123.325 10.314 -81.4576 0.779124 0.607842 -0.153275
125.823 8.07927 -77.5528 0.780672 0.606815 -0.149423
128.271 5.9143 -73.5052 0.780014 0.608503 -0.145953
130.504 4.02884 -69.3824 0.775936 0.616289 -0.13458
132.386 2.55882 -64.9145 0.779869 0.614812 -0.117522
133.126 2.53843 -59.947 0.7742 0.623226 -0.110471
133.731 2.52584 -54.9793 0.78076 0.619446 -0.0818531
134.265 2.49383 -49.9431 0.776654 0.625735 -0.0725626
134.73 2.4845 -44.9038 0.777548 0.625259 -0.066863
135.113 2.50118 -39.8564 0.78094 0.623036 -0.0442621
135.405 2.50511 -34.6548 0.778375 0.626249 -0.0440931
135.604 2.50396 -29.4834 0.779791 0.62578 -0.0180395
135.708 2.49777 -24.3655 0.776183 0.630503 -0.00246786
135.657 2.51626 -19.285 0.779677 0.626024 0.0140429
135.532 2.52808 -14.2696 0.776794 0.629097 0.0287784
135.314 2.46378 -9.16444 0.780516 0.62317 0.0495378
134.969 2.51725 -4.07608 0.783767 0.618438 0.0567924
134.542 2.4852 1.02264 0.783374 0.617776 0.0684057
133.989 2.55108 6.05867 0.779556 0.6199 0.0895342
133.347 2.57356 11.1895 0.784453 0.612578 0.0968647
132.66 2.58095 16.1448 0.785473 0.606063 0.125376
131.86 2.58005 21.1071 0.784354 0.607204 0.126848
130.978 2.57265 26.0912 0.783287 0.604124 0.146616
130.046 2.55749 31.0181 0.777325 0.607168 0.164659
128.886 2.59606 35.9276 0.773537 0.60713 0.181749
127.653 2.58541 40.8138 0.776527 0.596695 0.202389
126.38 2.64361 45.6637 0.779391 0.59265 0.203261
125.047 2.59813 50.5662 0.775503 0.588297 0.229132
123.568 2.6238 55.4832 0.77403 0.588648 0.233175
121.996 2.65811 60.2943 0.770133 0.583185 0.258439
120.328 2.65999 65.1231 0.769861 0.57812 0.270354
118.554 2.6526 70.0177 0.768072 0.572442 0.287013
116.782 2.63033 74.7853 0.767044 0.572444 0.289741
114.958 2.63868 79.5268 0.765583 0.571543 0.29533
113.138 2.62679 84.1965 0.761754 0.573641 0.301108
111.256 2.61421 88.9073 0.749306 0.586775 0.306973
109.311 2.61589 93.6585 0.743952 0.593994 0.306115
107.445 2.53623 98.3003 0.735683 0.600578 0.313171
105.433 2.57332 102.895 0.735653 0.598166 0.317824
102.389 4.2015 106.615 0.69027 0.628113 0.359167
98.9201 6.2878 109.678 0.693784 0.629059 0.35064
95.3194 8.05935 112.915 0.625748 0.655422 0.42292
91.5297 9.61906 116.01 0.597936 0.661488 0.452665
87.512 10.9146 118.984 0.55819 0.682075 0.472438
86.4955 11.6349 119.104 0.535071 0.690422 0.486844
89.8675 11.5677 115.242 0.561156 0.680281 0.47151
92.908 11.5543 111.067 0.625763 0.655414 0.422911
95.5467 11.5123 106.733 0.662632 0.635705 0.395812
98.0393 11.4506 102.321 0.705961 0.611193 0.357844
100.408 11.5 97.6527 0.707379 0.620337 0.338816
102.525 11.4044 93.0185 0.736073 0.591265 0.329548
104.649 11.3411 88.3869 0.742769 0.583708 0.327986
106.646 11.3642 83.7626 0.752002 0.573878 0.324279
108.573 11.3654 79.1214 0.761242 0.57006 0.309098
110.428 11.3814 74.4245 0.765993 0.569267 0.298645
111.475 12.4017 69.6662 0.771435 0.569436 0.283955
111.34 14.7326 65.2037 0.776168 0.571841 0.265633
110.101 18.0139 61.5796 0.777569 0.577311 0.249196
108.06 21.8206 58.9897 0.775802 0.584721 0.237135
105.427 25.9559 57.2689 0.775363 0.589727 0.225906
102.777 30.0022 55.6882 0.776171 0.594392 0.21037
100.078 34.0453 54.1456 0.776122 0.601201 0.190243
97.3286 38.0475 52.6087 0.773218 0.607303 0.182529
94.6029 41.9612 50.9796 0.772604 0.612325 0.167746
91.8272 45.817 49.4149 0.766487 0.622289 0.158911
88.9068 49.8002 47.7814 0.765689 0.625874 0.148328
86.0915 53.591 46.1049 0.762862 0.63088 0.141532
83.1669 57.4381 44.4351 0.755752 0.640946 0.134269
80.2133 61.2422 42.7714 0.751541 0.646867 0.129419
77.263 64.9747 41.0158 0.747221 0.653046 0.123254
74.234 68.7268 39.2976 0.741448 0.659942 0.12137
71.1986 72.4089 37.6046 0.736819 0.665647 0.118374
68.2046 76.0201 35.7529 0.73063 0.672927 0.11554
65.0734 79.6972 34.0261 0.7229 0.680226 0.12128
61.9924 83.2835 32.2247 0.719301 0.683822 0.122441
58.9022 86.886 30.4129 0.712455 0.689703 0.129297
55.7409 90.5031 28.5755 0.714214 0.687792 0.12977
52.6394 94.0408 26.8349 0.714683 0.688412 0.123766
49.5176 97.6019 24.9886 0.7117 0.690707 0.128088
46.3507 101.146 23.1262 0.703085 0.700634 0.121586
43.1021 104.673 21.2907 0.695032 0.711474 0.103581
39.7989 108.076 19.4159 0.687013 0.722774 0.0749083
36.2568 111.501 17.8719 0.675185 0.73631 0.044399
32.5208 114.891 17.4135 0.670382 0.741917 0.0121156
28.7779 118.309 18.1568 0.665576 0.746016 -0.0216538
25.3807 121.543 19.9664 0.660682 0.741978 -0.113881
22.3161 124.583 22.6756 0.566363 0.811803 -0.142158
18.7872 126.701 25.6195 0.334473 0.941881 -0.0314367
14.5186 127.211 28.2083 -0.0452933 0.990145 0.132517
10.0841 125.76 30.1524 -0.304918 0.885634 0.350252
6.02936 123.041 31.4294 -0.41893 0.759975 0.496926
2.44352 119.911 33.1581 -0.370097 0.744941 0.555036
-0.416051 116.558 35.8204 -0.324778 0.740953 0.587798
-2.2618 113.171 39.0538 -0.299008 0.737494 0.605554
-3.0589 109.808 42.6767 -0.269167 0.73011 0.628084
-3.14535 106.434 46.4469 -0.245468 0.716581 0.652884
-3.06985 103.019 50.1967 -0.246089 0.71038 0.659389
-3.14621 99.5368 53.8804 -0.246191 0.705381 0.664701
-3.12651 96.0491 57.5695 -0.245354 0.698904 0.671814
-3.13084 92.4167 61.318 -0.260245 0.692036 0.67332
-3.14321 88.8899 64.9423 -0.267334 0.689563 0.673079
-3.10276 85.2694 68.6438 -0.274234 0.683129 0.676854
-3.07725 81.734 72.1955 -0.281638 0.678648 0.678318
-3.04085 78.1999 75.7692 -0.301275 0.670056 0.678423
-3.04866 74.5767 79.3211 -0.306979 0.66176 0.683987
-3.04787 70.9062 82.8579 -0.309516 0.655096 0.689238
-3.00776 67.277 86.329 -0.320398 0.655698 0.683665
-3.05032 63.5742 89.7458 -0.322225 0.637305 0.70001
-3.01991 59.7621 93.2387 -0.328405 0.630811 0.703013
-3.07119 55.9108 96.6456 -0.329511 0.624285 0.708301
-2.99386 52.1159 100.003 -0.328425 0.617101 0.715069
-3.02144 48.16 103.389 -0.329852 0.606808 0.723174
-3.04321 44.2782 106.605 -0.328409 0.599255 0.730096
-3.10089 40.284 109.779 -0.325287 0.589025 0.739755
-3.04371 36.3497 112.909 -0.318025 0.585142 0.745967
-3.05412 32.3481 115.985 -0.316471 0.577202 0.752784
-3.09198 28.2886 119.036 -0.305098 0.570136 0.762797
-3.07323 24.2085 122.045 -0.29908 0.558354 0.773817
-2.59532 20.2568 125.063 -0.286674 0.554619 0.781163
-0.961205 16.6652 128.162 -0.27276 0.548403 0.790478
1.89302 13.7577 131.119 -0.253214 0.548922 0.796596
5.85122 11.8837 133.618 -0.236992 0.550637 0.800396
10.4831 11.2996 135.344 -0.218798 0.554841 0.80267
15.446 11.369 136.556 -0.187967 0.562232 0.805335
20.4752 11.3879 137.625 -0.160673 0.573607 0.803218
25.5698 11.4408 138.463 -0.112781 0.587967 0.800984
30.6063 11.3672 139.113 -0.076806 0.591752 0.802453
35.6146 11.4301 139.444 -0.0199956 0.615474 0.787904
40.6285 11.5233 139.57 -0.0177442 0.631525 0.775153
45.659 11.5639 139.423 0.0988954 0.649307 0.754057
49.8011 11.369 138.996 0.106103 0.672792 0.732184
45.1589 10.2143 140.613 0.0674748 0.638635 0.766538
40.6453 8.58276 142.028 -0.0299504 0.653141 0.756644
36.0615 6.70924 143.26 -0.0992296 0.627732 0.772079
31.6084 4.64554 144.426 -0.0756436 0.624413 0.777423
27.1309 2.60674 145.293 -0.147809 0.593849 0.790882
22.0644 2.60871 144.345 -0.161898 0.588984 0.791762
17.1511 2.64746 143.145 -0.198324 0.576073 0.792974
12.2384 2.63753 141.845 -0.218127 0.564604 0.796017
7.4111 2.71462 140.408 -0.23425 0.557266 0.796606
2.61702 2.69207 138.986 -0.241541 0.556938 0.794656
-2.19325 2.6677 137.519 -0.251853 0.561186 0.788441
-7.01539 2.65218 135.982 -0.257774 0.565421 0.783487
-11.7516 2.65089 134.332 -0.277202 0.568498 0.774571
-16.561 2.65372 132.607 -0.284388 0.570366 0.770588
-21.3483 2.60873 130.841 -0.296344 0.573938 0.763393
-26.0357 2.64694 128.932 -0.312567 0.569942 0.759914
-30.7271 2.62335 127.014 -0.313691 0.573813 0.756529
-35.3374 2.63545 124.966 -0.33878 0.576849 0.743285
-40.0008 2.6724 122.78 -0.345166 0.573802 0.742705
-44.5724 2.63349 120.613 -0.373603 0.57541 0.727547
-49.0642 2.5804 118.279 -0.386606 0.583132 0.714487
-53.4378 2.66621 115.798 -0.398303 0.58417 0.707178
-57.8305 2.61354 113.269 -0.41286 0.584598 0.698419
-62.1337 2.61978 110.65 -0.433168 0.581017 0.689044
-60.4495 2.91001 111.459 -0.432303 0.575158 0.694476
-55.8335 3.36296 113.83 -0.415454 0.578509 0.701945
-51.1646 3.94053 116.039 -0.397947 0.573115 0.716361
-46.435 4.63944 118.036 -0.381178 0.574125 0.724627
-41.7202 5.47382 119.788 -0.360379 0.576943 0.732983
-36.9982 6.31637 121.364 -0.347168 0.571939 0.74321
-32.2085 7.43848 122.697 -0.336009 0.569829 0.749928
-27.4525 8.69877 123.819 -0.326242 0.567431 0.756035
-22.5909 10.0439 124.813 -0.303528 0.565231 0.767062
-17.8618 11.6364 125.515 -0.307325 0.554807 0.773137
-15.4794 15.1755 123.841 -0.297567 0.571142 0.765017
-18.5406 17.7073 120.729 -0.300848 0.582282 0.755273
-22.349 19.5487 117.7 -0.321498 0.584981 0.744604
-25.9973 21.4041 114.679 -0.321602 0.582174 0.746757
-29.6359 23.1781 111.616 -0.34158 0.597347 0.725603
-33.6586 24.4459 108.661 -0.353256 0.59928 0.718383
-37.5339 25.907 105.542 -0.356586 0.591602 0.723086
-41.2991 27.2734 102.535 -0.367376 0.602441 0.70859
-45.2714 28.1215 99.5439 -0.403096 0.600262 0.690796
-49.1716 28.9632 96.5257 -0.40459 0.604341 0.686352
-53.0705 29.8482 93.4187 -0.408961 0.606642 0.681715
-57.4547 29.7682 90.7201 -0.432973 0.601245 0.671594
-61.6136 29.7751 87.9559 -0.44691 0.59399 0.668915
-65.8143 29.7146 85.1662 -0.475613 0.596064 0.646916
-70.0191 29.194 82.4107 -0.499495 0.589125 0.635163
-74.2193 28.6323 79.6132 -0.503563 0.585926 0.634913
-78.4362 27.999 76.8256 -0.512519 0.587765 0.625979
-82.6808 26.51 74.5847 -0.537017 0.575214 0.617043
-86.9411 24.9996 72.2848 -0.537202 0.575347 0.616758
-91.1902 23.6092 69.7498 -0.569596 0.561196 0.600516
-93.8926 22.8063 67.8981 -0.577699 0.554912 0.598612
-104.746 6.97166 71.3312 -0.62268 0.534971 0.57103
-101.918 5.87092 75.3654 -0.613296 0.543161 0.573449
-98.8657 5.05221 79.298 -0.590174 0.546939 0.593762
-95.6012 4.27302 83.2024 -0.587095 0.54074 0.602429
-92.2628 3.67183 86.8873 -0.562104 0.555396 0.612841
-88.7424 3.12722 90.5761 -0.544222 0.558654 0.625874
-85.2119 2.77665 93.8926 -0.521907 0.575392 0.629711
-88.3125 2.65087 91.3814 -0.540072 0.572061 0.617307
-92.1123 2.63675 87.9771 -0.555595 0.569455 0.60583
-95.7834 2.64709 84.5337 -0.572067 0.568601 0.591128
-99.4965 2.6437 80.9295 -0.57997 0.562975 0.588807
-103.057 2.64927 77.252 -0.603932 0.555784 0.571288
-106.51 2.69532 73.4585 -0.635777 0.549433 0.542136
-109.814 2.73844 69.6433 -0.636647 0.535698 0.554715
-113.028 2.74638 65.7338 -0.656461 0.531321 0.535498
-116.165 2.72263 61.8231 -0.668418 0.536611 0.515038
-119.225 2.72707 57.7281 -0.680141 0.535537 0.500609
-122.128 2.66337 53.6537 -0.69742 0.535925 0.475805
-124.899 2.68763 49.4196 -0.708794 0.557753 0.431856
-127.217 2.64366 44.8411 -0.76213 0.560106 0.324711
-129.39 2.52525 40.1647 -0.720102 0.633133 0.283871
-130.86 2.54736 35.2603 -0.768038 0.595015 0.236762
-131.996 2.53213 30.3634 -0.783442 0.615697 0.0844682
-132.319 2.5347 25.3079 -0.797228 0.601871 0.0466802
-132.354 2.56776 20.2957 -0.805923 0.590827 -0.0375112
-132.141 2.59738 15.1871 -0.813285 0.580735 -0.0362549
-131.774 2.65246 10.1017 -0.814366 0.578295 -0.0488184
-131.487 2.60074 4.90938 -0.809608 0.584124 -0.0577406
-131.088 2.58393 -0.284647 -0.81332 0.577831 -0.0679815
-130.62 2.62766 -5.41719 -0.811458 0.579958 -0.0719985
-129.949 2.62286 -10.372 -0.810164 0.57247 -0.126146
-128.65 2.70932 -15.2249 -0.799755 0.543538 -0.25487
-126.813 2.79149 -19.9699 -0.789797 0.512874 -0.336423
-124.483 2.8846 -24.4662 -0.759016 0.480915 -0.438772
-125.075 5.15378 -20.4747 -0.774784 0.520667 -0.358421
-125.825 6.63898 -15.6574 -0.796276 0.546972 -0.258392
-126.317 7.66431 -10.7725 -0.808351 0.570477 -0.145345
-126.615 8.19786 -5.77623 -0.819327 0.56575 -0.0928634
-126.839 8.56737 -0.700993 -0.817618 0.572338 -0.0626328
-126.731 9.16203 4.26702 -0.812691 0.58071 -0.0480623
-126.537 9.88865 9.32213 -0.80995 0.583248 -0.0616717
-126.057 11.077 14.2731 -0.814547 0.577496 -0.0548764
-126.097 11.3341 19.2776 -0.823436 0.565838 -0.0422002
-126.196 11.3487 24.4612 -0.829808 0.556595 0.0402544
-125.886 11.345 29.4641 -0.824209 0.560431 0.0812185
-124.894 11.3268 34.4784 -0.801685 0.546749 0.241592
-123.359 11.3207 39.2446 -0.801638 0.535641 0.264703
-121.426 11.2725 43.8596 -0.750636 0.537877 0.383711
-119.037 11.2718 48.2929 -0.726622 0.527966 0.439625
-116.293 11.2398 52.6272 -0.707276 0.526912 0.471297
-113.346 11.3776 56.664 -0.684989 0.522231 0.508001
-111.018 10.1035 60.9868 -0.667209 0.52105 0.532296
-108.597 8.83039 65.1775 -0.655999 0.51957 0.547459
-106.068 7.50866 69.3494 -0.633905 0.528116 0.565029
-104.772 6.97951 71.2949 -0.626618 0.533614 0.567961
-84.8283 2.65901 94.3188 -0.522816 0.575164 0.629166
-84.7106 2.66797 94.4084 -0.522816 0.575164 0.629166
-83.2947 2.59732 95.6464 -0.521441 0.574228 0.631159
-83.1384 2.6228 95.7524 -0.52045 0.573888 0.632283
-82.698 2.60325 96.1312 -0.518781 0.574237 0.633338
-82.6875 2.59942 96.1433 -0.516457 0.574851 0.634677
-64.059 2.5829 109.45 -0.447017 0.579126 0.681746
-64.0015 2.58302 109.488 -0.444198 0.581257 0.681778
-63.7235 2.67094 109.594 -0.444153 0.578784 0.683913
-63.6676 2.60148 109.689 -0.444161 0.578777 0.683914
-10.0958 128.302 16.7076 -0.310162 0.721178 0.619437
-14.4202 128.549 13.9607 -0.350828 0.729696 0.586905
-18.2169 129.163 10.4836 -0.371611 0.784007 0.497231
-21.2225 130.085 6.47804 -0.340992 0.866622 0.364205
-22.9489 130.807 1.88265 -0.296929 0.944485 0.140646
-22.318 130.611 -3.16651 -0.29184 0.921544 -0.256097
-20.1795 129.623 -7.63592 -0.346617 0.829562 -0.437664
-16.9384 128.852 -11.4636 -0.366129 0.783545 -0.502002
-12.9371 128.38 -14.7003 -0.337023 0.726352 -0.599023
-8.60014 128.196 -17.2934 -0.293787 0.727508 -0.619995
-3.79401 128.434 -19.1443 -0.245919 0.739956 -0.626089
1.12421 128.953 -20.1788 -0.217158 0.803279 -0.554571
6.10068 129.892 -20.0885 -0.0707884 0.873858 -0.481
10.7406 130.292 -18.2887 0.132836 0.94611 -0.295349
14.4688 129.751 -15.0211 0.494826 0.849688 -0.182148
16.8876 128.805 -10.6535 0.622884 0.772019 -0.126498
18.2548 128.317 -5.74723 0.665058 0.741402 -0.0895577
18.8735 128.088 -0.783799 0.705983 0.70814 -0.0112314
18.4974 128.218 4.36627 0.675561 0.731979 0.0884536
17.2652 128.695 9.19433 0.613103 0.780404 0.122779
15.1806 129.373 13.7619 0.47829 0.862137 0.167205
11.7445 130.037 17.4739 0.30051 0.916999 0.261849
7.17682 129.816 19.7318 -0.00837051 0.912579 0.408288
2.11178 129.169 20.1824 -0.134601 0.808348 0.573097
-2.90628 128.544 19.527 -0.189088 0.753685 0.629448
-7.62507 128.358 17.8616 -0.296275 0.72907 0.616992
-9.92351 128.297 16.799 -0.310159 0.721162 0.619457
-7.99389 132.666 12.6659 -0.319462 0.709602 0.627948
-12.1246 132.787 9.80542 -0.427914 0.747464 0.50812
-15.3244 133.11 5.79525 -0.45009 0.823122 0.345384
-17.2194 133.35 1.24983 -0.515465 0.855057 0.047271
-16.231 133.085 -3.78142 -0.450312 0.850547 -0.27164
-13.6054 132.793 -8.01981 -0.458087 0.752666 -0.472778
-9.76897 132.672 -11.4556 -0.376182 0.697959 -0.609297
-5.30091 132.598 -13.8386 -0.284573 0.695854 -0.659392
-0.476098 132.7 -15.1307 -0.1298 0.74512 -0.654178
4.55496 132.964 -14.8128 0.0948735 0.824766 -0.55742
9.0662 133.075 -12.6301 0.331827 0.867837 -0.369796
12.4817 132.792 -8.77601 0.597626 0.752975 -0.275109
14.0636 132.604 -3.92364 0.700664 0.703235 -0.120543
14.5035 132.523 1.1563 0.736908 0.674076 0.0508625
13.4767 132.637 6.04188 0.694007 0.686368 0.217363
11.0843 132.711 10.5 0.530756 0.766187 0.362266
7.41847 133.082 13.8486 0.316497 0.811823 0.490686
2.55418 132.901 15.0724 0.0359677 0.776677 0.628831
-2.57882 132.634 14.7619 -0.170174 0.74787 0.641663
-7.38273 132.665 12.9638 -0.298536 0.715839 0.631229
-7.87896 132.667 12.7213 -0.311102 0.709376 0.632457
120.352 16.8913 23.6337 0.768216 0.628052 0.124071
120.25 15.7986 28.6375 0.764993 0.623612 0.160917
122.914 12.3049 29.1144 0.785526 0.596459 0.164863
124.563 11.3481 24.5452 0.789061 0.597225 0.143897
125.395 11.3185 19.5425 0.787388 0.603959 0.123503
126.075 11.3887 14.5747 0.788531 0.606943 0.0991921
126.273 11.9223 9.64158 0.789056 0.608881 0.0815777
123.721 15.3338 8.15144 0.779651 0.620571 0.0838823
122.063 16.7526 12.504 0.770303 0.629977 0.0987996
121.223 16.9651 17.48 0.767524 0.629932 0.118716
120.521 16.9057 22.4903 0.770015 0.626598 0.120215
120.357 16.8917 23.5999 0.768991 0.6272 0.123574
114.557 24.2354 22.0442 0.763338 0.633619 0.125865
111.229 28.1277 22.7366 0.767976 0.628747 0.122027
108.019 31.9255 23.3936 0.769016 0.627402 0.122398
104.831 35.7334 24.0391 0.771453 0.624939 0.119631
101.623 39.5307 24.6921 0.765813 0.631597 0.120893
98.3262 43.3992 25.3337 0.764511 0.632123 0.126268
95.0895 47.1771 25.9303 0.759107 0.637866 0.129939
91.8062 50.9428 26.4946 0.753877 0.646907 0.114808
88.4928 54.7187 27.0243 0.755402 0.64613 0.109018
85.1112 58.5759 27.5348 0.753452 0.648545 0.108158
81.765 62.2751 27.9904 0.734379 0.668612 0.116811
78.3373 66.0505 28.4218 0.743367 0.66034 0.106565
74.9835 69.7561 28.8268 0.740294 0.662578 0.113818
74.2448 70.5655 28.906 0.738189 0.66505 0.113072
62.8472 84.0598 22.2519 0.731946 0.674599 0.0957629
66.2612 80.3863 21.8753 0.737118 0.669813 0.0894837
69.7378 76.6321 21.4877 0.734375 0.672903 0.0888528
73.2423 72.8434 21.0834 0.735598 0.670086 0.0993991
76.8019 68.9967 20.6705 0.735808 0.669788 0.0998535
80.2175 65.2772 20.2325 0.738041 0.66568 0.110297
83.6008 61.4783 19.7722 0.755589 0.648605 0.0916354
86.9801 57.7208 19.2946 0.749805 0.654734 0.095477
90.3878 53.8893 18.7836 0.750705 0.653242 0.0985722
93.7166 50.1518 18.2669 0.749249 0.654928 0.098465
97.0285 46.3415 17.7222 0.766711 0.635537 0.0908177
100.243 42.5537 17.1571 0.763113 0.639499 0.0932731
103.455 38.7547 16.5896 0.76816 0.632773 0.0976158
106.692 34.9444 16.0012 0.770647 0.627829 0.109243
109.963 31.0462 15.3847 0.766431 0.632068 0.114339
113.211 27.2163 14.792 0.766235 0.632302 0.114358
115.688 24.2747 14.3469 0.769728 0.628369 0.112567
117.348 23.3892 6.54725 0.773181 0.629928 0.0733594
114.155 27.208 7.02406 0.769638 0.633686 0.078098
110.961 31.024 7.53525 0.769805 0.633548 0.0775664
107.628 34.9598 8.10179 0.764904 0.640449 0.0689007
104.393 38.756 8.65157 0.764073 0.641105 0.0719421
101.083 42.5893 9.19256 0.763995 0.642722 0.0567425
97.8554 46.4053 9.69522 0.762671 0.644762 0.0511248
94.571 50.1813 10.2138 0.753549 0.652619 0.0790668
91.1805 54.0217 10.7333 0.751032 0.656295 0.0723084
87.8487 57.7693 11.2272 0.745712 0.662205 0.0734688
84.508 61.4653 11.7009 0.744157 0.663173 0.080198
81.1154 65.2507 12.1661 0.746088 0.66208 0.0707318
77.781 68.958 12.6114 0.744552 0.663539 0.0732023
74.4011 72.6356 13.0425 0.737577 0.669878 0.0851127
70.9724 76.3357 13.4679 0.734029 0.674853 0.0759894
67.5346 80.0066 13.878 0.731174 0.676897 0.0848245
64.1512 83.6661 14.2839 0.741504 0.666429 0.0777363
60.7513 87.3475 14.6902 0.726391 0.682112 0.0841322
57.275 90.9898 15.0866 0.726018 0.68369 0.0739375
53.788 94.6483 15.4807 0.724414 0.68494 0.0779807
51.6257 96.8922 15.721 0.713805 0.695734 0.0802301
39.8957 108.644 9.34982 0.668997 0.742985 0.0204063
43.6359 105.192 8.93862 0.682781 0.730092 0.0278383
47.3487 101.67 8.51533 0.697524 0.715134 0.0452102
50.9566 98.1406 8.08601 0.719192 0.693435 0.0437154
54.5242 94.4561 7.64371 0.718635 0.694146 0.0415303
58.0209 90.8498 7.20604 0.722597 0.689469 0.0498624
61.5643 87.1574 6.77063 0.72504 0.688035 0.0304097
65.0395 83.4794 6.32882 0.734492 0.67765 0.0362258
68.3997 79.7844 5.88916 0.744023 0.667176 0.0361298
71.9222 75.9916 5.45793 0.734656 0.677402 0.0375169
75.3959 72.2393 4.98682 0.735104 0.677211 0.0317483
78.8763 68.46 4.53637 0.748342 0.6614 0.0503381
82.2029 64.7464 4.07217 0.742416 0.668019 0.0506893
85.6653 60.919 3.60305 0.746155 0.664186 0.0459297
89.0224 57.1912 3.12246 0.748635 0.6615 0.0443198
92.3755 53.3576 2.61849 0.755066 0.654206 0.0434729
95.7521 49.4811 2.11607 0.759423 0.648499 0.0522112
99.1104 45.6175 1.60337 0.754724 0.653698 0.0554064
102.387 41.8467 1.1283 0.765269 0.641797 0.0495921
105.602 38.0438 0.65061 0.767965 0.638427 0.0513876
108.961 34.0685 0.133247 0.766036 0.640642 0.0526041
112.219 30.215 -0.353712 0.764742 0.642209 0.0523187
115.463 26.3744 -0.791891 0.767555 0.639141 0.0485614
118.678 22.5288 -1.20295 0.771771 0.633911 0.0502629
121.883 18.6474 -1.60376 0.770736 0.634948 0.0529746
125.062 14.7941 -1.98983 0.776447 0.627583 0.0571814
128.222 10.8882 -2.34844 0.781128 0.621811 0.0564816
128.983 9.9404 -2.43479 0.781716 0.621048 0.0567427
129.459 9.85184 -9.84414 0.778608 0.626597 0.033845
126.238 13.8394 -9.55304 0.778969 0.626326 0.0303764
123.066 17.7217 -9.2567 0.772039 0.634866 0.0300281
119.818 21.6847 -8.93221 0.776178 0.629575 0.0343904
116.621 25.5457 -8.58876 0.770485 0.636013 0.0428948
113.415 29.3858 -8.21448 0.766891 0.640147 0.0457155
110.148 33.2522 -7.7959 0.765093 0.642258 0.0462336
106.848 37.149 -7.35014 0.765084 0.642224 0.0468484
103.578 41.0126 -6.90443 0.765423 0.641862 0.0462711
100.314 44.7883 -6.44997 0.753496 0.657084 0.0220087
97.0123 48.5527 -5.98422 0.752029 0.658838 0.0196139
93.6269 52.3521 -5.5082 0.746277 0.665389 0.0181213
90.2988 56.0836 -5.01648 0.74943 0.661843 0.0178511
86.9004 59.9223 -4.52121 0.750311 0.660953 0.0132237
83.5436 63.6753 -4.05349 0.741821 0.670476 0.0127903
80.1332 67.43 -3.59485 0.739853 0.672631 0.0135893
76.6437 71.2288 -3.13027 0.728427 0.684993 0.0133637
73.2044 74.8734 -2.64114 0.728186 0.685251 0.0132714
69.7944 78.5383 -2.19844 0.735213 0.677804 0.00657369
66.3842 82.2466 -1.75231 0.734911 0.678159 0.00248583
62.9669 85.9128 -1.27475 0.728403 0.685149 0.000220141
59.4903 89.5935 -0.821035 0.724187 0.689603 0.000820669
56.0425 93.1951 -0.354833 0.72019 0.693693 0.0107348
52.5371 96.8339 0.133446 0.714746 0.699353 0.00659407
49.0466 100.4 0.622885 0.709803 0.70408 0.0212384
45.3589 103.8 1.12621 0.674681 0.738063 0.00828733
41.6687 107.145 1.5794 0.671294 0.741178 0.0044344
37.9628 110.534 2.06433 0.672619 0.739953 0.0073612
34.2133 113.88 2.54691 0.670399 0.741923 0.0107845
30.4485 117.299 3.01504 0.669286 0.742852 0.0150508
26.6018 120.773 3.46035 0.677726 0.735155 0.0153246
22.8968 124.141 3.90685 0.669903 0.742255 0.0169628
20.9578 125.936 4.16046 0.68591 0.726121 0.0476986
21.1626 125.794 -3.26365 0.693535 0.719939 -0.0263939
24.8611 122.343 -3.58718 0.67269 0.739638 -0.0205861
28.6193 118.929 -4.04764 0.664718 0.74663 -0.026342
32.3473 115.553 -4.58719 0.670947 0.741235 -0.0200043
36.0676 112.184 -5.12472 0.671286 0.74117 -0.00652996
39.7926 108.786 -5.69779 0.676119 0.736701 -0.0115517
43.5554 105.315 -6.25703 0.679593 0.733359 -0.0183795
47.2291 101.913 -6.84936 0.684688 0.728072 -0.0333758
50.8526 98.3849 -7.41622 0.705512 0.707913 -0.0333512
54.3358 94.8368 -7.94013 0.71302 0.700803 -0.0218398
57.8191 91.2594 -8.46244 0.715074 0.698822 -0.0178104
61.2757 87.6496 -8.93192 0.726167 0.687439 -0.0104636
64.7092 84.0095 -9.39858 0.730591 0.682782 -0.00677349
68.1918 80.2888 -9.90157 0.727312 0.686303 -0.00218248
71.6128 76.653 -10.3762 0.729737 0.683642 -0.0108343
75.1037 72.9673 -10.8786 0.729153 0.684302 0.00812191
78.5148 69.2896 -11.3433 0.741721 0.670701 0.00304819
81.957 65.4854 -11.8462 0.740452 0.672109 0.000335015
85.3272 61.7705 -12.3042 0.744337 0.667804 -0.000565956
88.7287 57.9505 -12.793 0.747052 0.664761 -0.00237414
92.1065 54.178 -13.2718 0.742419 0.669935 0.000358413
95.4415 50.4547 -13.7321 0.744287 0.667837 0.0054251
98.8336 46.6904 -14.1797 0.744233 0.667883 0.00704751
102.18 42.9091 -14.6417 0.755087 0.65531 0.0203205
105.481 39.0836 -15.0535 0.760934 0.648498 0.0207068
108.703 35.2731 -15.4418 0.766471 0.642048 0.0172256
111.939 31.4424 -15.8332 0.761092 0.648337 0.019957
115.197 27.6295 -16.2073 0.765802 0.642741 0.0207524
118.495 23.6351 -16.5289 0.773163 0.63382 0.0221543
121.743 19.6835 -16.8007 0.770456 0.637185 0.0198261
124.925 15.8247 -17.0318 0.772076 0.63524 0.0191964
128.068 11.9355 -17.2385 0.780221 0.625192 0.0197756
129.721 9.87256 -17.322 0.780717 0.624459 0.0230563
129.834 9.8664 -24.8006 0.782574 0.622552 -0.0025978
126.679 13.8014 -24.7165 0.778131 0.628101 0.000849635
123.505 17.6939 -24.5826 0.770683 0.637211 0.00309444
120.245 21.6265 -24.3886 0.769604 0.638496 0.00571397
116.953 25.5974 -24.1512 0.770144 0.63787 0.000431063
113.768 29.4424 -23.8637 0.769781 0.638303 0.00251594
110.523 33.2413 -23.5547 0.752223 0.6589 0.00339601
107.254 37.03 -23.2435 0.757047 0.653307 -0.00837315
103.955 40.8531 -22.8806 0.756166 0.654329 -0.00816939
100.627 44.6584 -22.4514 0.750829 0.660405 -0.0110006
97.3132 48.3825 -21.998 0.741846 0.670562 -0.00332818
93.9244 52.1084 -21.5232 0.739117 0.673524 -0.00850932
90.5538 55.8802 -21.0842 0.742362 0.669995 -0.00251363
87.2172 59.5787 -20.6134 0.740216 0.672292 -0.0102155
83.8435 63.2761 -20.1295 0.735103 0.67783 -0.0130681
80.493 66.961 -19.6573 0.738966 0.673306 -0.0242749
77.0877 70.6675 -19.1755 0.729792 0.682463 -0.0405915
73.6111 74.3577 -18.6689 0.719051 0.6937 -0.041778
70.1496 77.989 -18.1378 0.722029 0.690728 -0.0396087
66.6751 81.6462 -17.658 0.721327 0.691464 -0.0395578
63.1629 85.3536 -17.1314 0.722077 0.69086 -0.0362997
59.6788 88.9974 -16.6202 0.714249 0.698812 -0.0388765
56.1499 92.6087 -16.0593 0.708801 0.703723 -0.0487357
52.4967 96.2954 -15.5287 0.703675 0.708101 -0.0586034
50.4485 98.347 -15.1956 0.700003 0.712109 -0.0538237
69.094 78.6062 -26.0222 0.720354 0.692085 -0.0459145
72.5958 74.9216 -26.5831 0.71931 0.693001 -0.048395
76.1101 71.2199 -27.0007 0.72375 0.688554 -0.0456057
79.6497 67.4699 -27.5493 0.724132 0.688696 -0.0364833
83.1032 63.8024 -28.0704 0.728182 0.684714 -0.0302954
86.5361 60.1236 -28.601 0.735076 0.67684 -0.0393767
89.9239 56.3948 -29.0901 0.741006 0.670888 -0.0286256
93.2649 52.6915 -29.4967 0.739327 0.672829 -0.0264015
96.6857 48.9013 -29.9682 0.742288 0.669807 -0.0191397
100.08 45.0966 -30.4873 0.750161 0.661055 -0.0162416
103.484 41.2336 -30.8891 0.749232 0.662138 -0.015002
106.806 37.4619 -31.2359 0.752507 0.658518 -0.0093774
110.129 33.6519 -31.5303 0.753007 0.657985 -0.00602487
113.465 29.7409 -31.8044 0.767515 0.640974 -0.00860806
116.687 25.8762 -32.0239 0.761288 0.648232 -0.0153653
119.936 21.9744 -32.2115 0.77109 0.636311 -0.0229997
123.115 18.0879 -32.3137 0.781314 0.623589 -0.0261769
126.264 14.1511 -32.3757 0.779514 0.625584 -0.0316612
129.394 10.2091 -32.3804 0.78483 0.618828 -0.0330662
129.627 9.91293 -32.3811 0.784185 0.619706 -0.0319205
129.225 9.91469 -40.059 0.784429 0.617377 -0.0592976
126.088 13.8347 -40.1487 0.778528 0.625676 -0.0492249
122.876 17.8245 -40.1821 0.777649 0.626618 -0.0510991
119.726 21.7386 -40.1768 0.779321 0.624204 -0.0550294
116.534 25.6966 -40.0604 0.772274 0.634299 -0.0354738
113.334 29.5938 -39.8876 0.770857 0.635899 -0.0375768
110.11 33.4595 -39.6639 0.755531 0.65447 -0.0290153
106.763 37.2586 -39.372 0.747064 0.663907 -0.0335065
103.439 41.0182 -39.0181 0.748546 0.662604 -0.0251915
100.108 44.7943 -38.6149 0.745309 0.666241 -0.02523
96.762 48.5059 -38.1564 0.740199 0.67187 -0.0263784
93.4036 52.2151 -37.6805 0.738037 0.674175 -0.0280929
90.0078 55.9305 -37.1996 0.731393 0.681121 -0.0337414
87.6424 58.4824 -36.901 0.730963 0.681588 -0.0336259
106.254 37.3376 -47.6003 0.748438 0.661396 -0.0489383
109.593 33.4255 -47.9128 0.761589 0.645753 -0.0546356
112.812 29.5644 -48.1091 0.770291 0.635388 -0.0541705
115.98 25.6691 -48.2744 0.776853 0.62717 -0.0561923
119.201 21.6618 -48.2945 0.779251 0.62409 -0.0572626
122.443 17.6095 -48.244 0.78148 0.620538 -0.0649785
125.635 13.6169 -48.0982 0.780475 0.621636 -0.0665372
128.548 9.95019 -47.9126 0.786314 0.614141 -0.0673861
127.719 9.97874 -55.9482 0.781012 0.617346 -0.0943666
124.594 13.8996 -56.2583 0.782846 0.615488 -0.0912479
121.482 17.8472 -56.5094 0.78582 0.611483 -0.0926031
121.138 18.2834 -56.529 0.784325 0.613762 -0.0901641
114.095 23.1702 29.5992 0.77045 0.620048 0.148149
110.816 27.0769 30.3754 0.766339 0.628333 0.133871
107.554 30.9189 31.1397 0.770491 0.62383 0.131069
104.322 34.7673 31.9016 0.771785 0.622094 0.13171
101.096 38.5674 32.6168 0.763583 0.628701 0.147229
97.8125 42.3916 33.3025 0.763571 0.628304 0.148972
94.5067 46.2299 33.9659 0.760216 0.635369 0.135564
91.2177 50.0184 34.5599 0.758506 0.636855 0.138142
87.9548 53.7847 35.0958 0.758227 0.638311 0.13286
85.6827 56.3813 35.4458 0.749746 0.647879 0.13466
96.5658 41.9922 41.5216 0.764937 0.624776 0.156609
99.7889 38.2203 40.7751 0.764797 0.626888 0.148651
103.016 34.4472 39.978 0.76829 0.620016 0.159096
106.278 30.6247 39.1297 0.768715 0.619141 0.160439
109.474 26.8585 38.2701 0.772463 0.615448 0.156605
112.647 23.0612 37.3671 0.776042 0.611561 0.154118
115.812 19.2564 36.4837 0.768633 0.616272 0.1715
116.037 18.9919 36.425 0.768645 0.616252 0.171518
121.58 10.2023 41.8785 0.780788 0.594707 0.191555
118.377 14.0794 42.8605 0.777158 0.600277 0.188924
115.18 17.9025 43.8525 0.778934 0.599247 0.184835
111.915 21.8078 44.9266 0.776836 0.600991 0.187978
108.757 25.5515 45.9658 0.77212 0.610235 0.177324
105.994 28.7924 46.859 0.773774 0.606896 0.181527
112.974 18.1045 51.745 0.778195 0.588789 0.218495
116.124 14.3835 50.5576 0.777586 0.588839 0.220518
119.293 10.6148 49.4323 0.779997 0.58686 0.217257
119.603 10.2395 49.3298 0.78004 0.586471 0.218149
117.376 10.3026 56.8057 0.77651 0.581562 0.242524
116.207 11.6667 57.263 0.774607 0.581921 0.247695
-11.9525 45.7301 101.381 -0.332544 0.610359 0.718941
-16.7682 44.6639 100.038 -0.334673 0.614022 0.714822
-21.5446 43.5574 98.7149 -0.345291 0.601255 0.720602
-26.2789 42.4647 97.3614 -0.345043 0.600788 0.72111
-31.0527 41.3261 95.9722 -0.360837 0.611377 0.704283
-35.8291 40.1026 94.5006 -0.375149 0.602002 0.70488
-40.5351 38.8152 92.9887 -0.40157 0.599386 0.692444
-45.2025 37.4595 91.4297 -0.413188 0.598901 0.685998
-46.8496 36.9628 90.8704 -0.413474 0.598923 0.685807
-38.268 34.9409 97.6121 -0.381537 0.598379 0.704537
-33.461 36.1613 99.1333 -0.349289 0.598482 0.720982
-28.66 37.2659 100.533 -0.348731 0.59677 0.72267
-23.8346 38.3568 101.951 -0.34604 0.598652 0.722407
-19.1248 39.4172 103.317 -0.337411 0.595084 0.729403
-14.2432 40.4734 104.692 -0.333372 0.593527 0.732522
-11.9711 40.9628 105.328 -0.331986 0.594602 0.73228
-12.0408 36.1014 109.216 -0.329079 0.592946 0.73493
-16.878 35.1392 107.818 -0.329866 0.600276 0.7286
-21.6453 34.1378 106.444 -0.337307 0.596451 0.728333
-26.3851 33.1212 105.054 -0.349024 0.594826 0.72413
-30.3265 32.2515 103.864 -0.349784 0.595727 0.723022
-22.1789 29.3018 110.113 -0.33547 0.58468 0.738654
-17.4172 30.2006 111.549 -0.332581 0.584695 0.739947
-12.6544 31.0835 112.935 -0.31973 0.580507 0.748855
-12.0531 31.1967 113.103 -0.318003 0.58068 0.749457
-12.019 26.2259 116.933 -0.313988 0.571207 0.758376
-15.0728 25.722 116.037 -0.316202 0.571075 0.757555
-11.9482 50.4005 97.3602 -0.333819 0.614706 0.714634
-16.7337 49.3064 96.0651 -0.33457 0.614173 0.714741
-21.6113 48.1849 94.7361 -0.336703 0.61436 0.713577
-26.4334 47.0513 93.3849 -0.344303 0.60916 0.714408
-31.1307 45.8856 92.0107 -0.365691 0.60621 0.706244
-35.835 44.6537 90.5788 -0.3798 0.609634 0.695772
-40.4586 43.3793 89.1227 -0.401478 0.593149 0.697847
-45.1684 41.958 87.5278 -0.414615 0.597144 0.686668
-49.7608 40.5576 85.9792 -0.41723 0.598633 0.683782
-54.3591 39.1086 84.4243 -0.41959 0.598658 0.682315
-58.88 37.6346 82.8786 -0.432245 0.590284 0.681711
-59.6167 37.381 82.6153 -0.453902 0.59292 0.665146
-75.4891 35.6057 72.1238 -0.510764 0.58452 0.630442
-71.0444 37.4161 74.0016 -0.497169 0.585888 0.639968
-66.6798 39.1153 75.7693 -0.487837 0.589522 0.6438
-62.2791 40.7866 77.5122 -0.47249 0.604604 0.641254
-57.8164 42.4065 79.2112 -0.440836 0.617166 0.651743
-53.164 43.9308 80.8302 -0.425523 0.616155 0.662784
-48.5635 45.4076 82.4263 -0.434098 0.60299 0.669299
-43.9044 46.8342 83.9907 -0.41043 0.610929 0.676988
-39.1782 48.2209 85.5337 -0.37838 0.621522 0.685958
-34.5311 49.5366 86.9978 -0.396708 0.602418 0.692615
-29.8335 50.8073 88.4376 -0.368758 0.609192 0.70207
-25.105 51.9788 89.7812 -0.342288 0.617429 0.708251
-20.3969 53.0757 91.0701 -0.335141 0.619727 0.709661
-15.6567 54.1736 92.3324 -0.330084 0.62158 0.710411
-11.7974 55.0573 93.352 -0.328732 0.62448 0.708491
-11.9948 59.6228 89.2159 -0.321529 0.625933 0.710512
-16.7322 58.536 88.0124 -0.327911 0.623064 0.710117
-21.4659 57.4327 86.7408 -0.335657 0.623695 0.705931
-26.259 56.2832 85.4532 -0.337517 0.626606 0.702458
-31.0151 55.0658 84.0845 -0.367978 0.621674 0.691457
-35.7015 53.7515 82.6378 -0.397594 0.608946 0.68637
-40.4128 52.3711 81.1351 -0.396659 0.60875 0.687085
-45.01 51.0182 79.6669 -0.40124 0.602212 0.690179
-49.5282 49.5608 78.0843 -0.440134 0.596058 0.671563
-54.0849 48.0455 76.4638 -0.43659 0.603728 0.667009
-58.6296 46.5077 74.8235 -0.474556 0.602255 0.641939
-63.085 44.8593 73.0742 -0.474736 0.602302 0.641761
-67.4875 43.2187 71.3329 -0.478947 0.596413 0.644128
-71.8637 41.534 69.5411 -0.508502 0.584692 0.632108
-76.1895 39.7883 67.676 -0.508567 0.584723 0.632027
-80.5008 38.0213 65.7663 -0.519489 0.575889 0.631256
-84.7614 36.2489 63.8168 -0.532618 0.569998 0.625636
-85.5079 35.9327 63.4652 -0.538627 0.565482 0.624589
-81.5697 42.0969 61.1527 -0.523869 0.577466 0.626174
-77.256 43.8503 63.1084 -0.516535 0.577733 0.631994
-72.8841 45.5744 65.002 -0.50388 0.581535 0.638687
-68.5148 47.2689 66.8367 -0.477922 0.595611 0.645631
-64.1187 48.8982 68.5875 -0.477228 0.595724 0.646039
-59.6947 50.5184 70.3186 -0.472816 0.593961 0.650888
-55.2624 52.1185 72.0276 -0.451316 0.601725 0.658969
-50.7193 53.6709 73.6849 -0.443927 0.59192 0.672725
-46.152 55.1679 75.2875 -0.418174 0.607585 0.675256
-41.5763 56.5574 76.7715 -0.395294 0.605875 0.690404
-36.9377 57.9207 78.2218 -0.38842 0.61439 0.686771
-32.2302 59.2533 79.6501 -0.381915 0.617732 0.687422
-27.5151 60.5058 81.0397 -0.365336 0.622149 0.692431
-22.8049 61.6547 82.3257 -0.338492 0.631256 0.69781
-17.9529 62.8492 83.6129 -0.344847 0.633855 0.692321
-13.1803 63.9725 84.816 -0.315268 0.634697 0.705525
-11.9999 64.242 85.0995 -0.31319 0.638683 0.702848
-12.066 68.7176 80.8817 -0.31224 0.655002 0.688098
-16.996 67.5749 79.6839 -0.336583 0.650191 0.681149
-21.8057 66.401 78.4488 -0.33414 0.647844 0.68458
-26.5742 65.2239 77.1815 -0.345447 0.643946 0.682642
-31.289 63.9975 75.8725 -0.371457 0.633349 0.678888
-35.9367 62.6986 74.4921 -0.385338 0.616831 0.686319
-40.5857 61.3512 73.062 -0.392991 0.623572 0.675808
-45.2014 59.931 71.5663 -0.417685 0.614102 0.669641
-49.7635 58.4287 69.9714 -0.444304 0.612834 0.653475
-54.2664 56.8896 68.3348 -0.45071 0.61121 0.650602
-58.8639 55.2845 66.6217 -0.474351 0.591054 0.652416
-63.3474 53.6247 64.8443 -0.477764 0.590374 0.650538
-67.9044 51.9396 63.0246 -0.481568 0.591824 0.646402
-72.2741 50.2827 61.2083 -0.505238 0.579305 0.639641
-76.5905 48.585 59.3228 -0.513033 0.580823 0.632013
-77.7153 48.1355 58.8194 -0.515548 0.579397 0.631276
-73.8112 54.1051 56.4831 -0.508879 0.585715 0.630857
-69.3689 55.7995 58.3551 -0.485902 0.59946 0.63604
-64.9269 57.4378 60.1381 -0.477936 0.602421 0.63927
-60.4122 59.0752 61.8951 -0.461654 0.613552 0.640647
-55.7911 60.7128 63.6374 -0.454354 0.612884 0.646479
-51.2602 62.3106 65.3306 -0.455318 0.610733 0.647835
-46.7064 63.8384 66.9407 -0.429072 0.623653 0.653418
-42.022 65.3236 68.5023 -0.405553 0.625421 0.666615
-37.3027 66.7374 69.9877 -0.392048 0.626413 0.673724
-32.5265 68.0713 71.3973 -0.361016 0.631436 0.686263
-27.8273 69.324 72.6787 -0.344301 0.643043 0.684071
-23.0245 70.543 73.9442 -0.337381 0.649023 0.681868
-18.1084 71.7476 75.1628 -0.324023 0.654637 0.682978
-13.3169 72.8681 76.3491 -0.315853 0.655013 0.686436
-11.8471 73.211 76.6908 -0.311263 0.658644 0.685057
-12.0328 77.6025 72.4488 -0.300179 0.6548 0.693635
-16.8298 76.4873 71.3208 -0.322231 0.646411 0.691607
-21.6236 75.3192 70.1328 -0.33275 0.645751 0.687228
-26.408 74.1209 68.9296 -0.336894 0.643797 0.687043
-31.1252 72.8546 67.6343 -0.366253 0.647144 0.668628
-35.917 71.5265 66.2516 -0.38659 0.640783 0.663284
-40.5511 70.1504 64.8279 -0.420114 0.621716 0.661039
-45.1658 68.6736 63.2982 -0.428585 0.627775 0.64978
-49.7012 67.169 61.7252 -0.43376 0.630597 0.643584
-54.2275 65.6161 60.101 -0.457249 0.619433 0.638143
-58.6766 64.0205 58.4194 -0.467212 0.61326 0.636888
-63.1631 62.3855 56.6815 -0.470427 0.614037 0.633764
-67.6575 60.7252 54.8918 -0.479356 0.613825 0.627245
-69.6915 59.9731 54.0728 -0.480735 0.613332 0.626672
-65.3844 65.7867 51.6077 -0.48101 0.619728 0.620135
-60.9345 67.4566 53.3751 -0.471083 0.620379 0.627065
-56.5129 69.0878 55.0788 -0.470068 0.617452 0.630705
-51.8786 70.7299 56.7875 -0.447437 0.626489 0.63821
-47.3804 72.2863 58.3886 -0.434963 0.623705 0.649461
-42.7874 73.8227 59.961 -0.428553 0.620036 0.657189
-38.2274 75.2651 61.4302 -0.387444 0.65168 0.652074
-33.5282 76.5951 62.7892 -0.365007 0.637554 0.67845
-28.8633 77.8846 64.087 -0.365751 0.63856 0.677102
-23.998 79.1377 65.3267 -0.332117 0.656111 0.677655
-19.2077 80.3335 66.5155 -0.332852 0.654975 0.678394
-14.459 81.4837 67.6367 -0.306428 0.667292 0.67884
-12.233 81.9912 68.1245 -0.298742 0.668622 0.680954
-12.2054 86.3332 63.7973 -0.299218 0.676173 0.673245
-17.0921 85.2096 62.72 -0.318045 0.666075 0.674679
-22.0031 84.0282 61.5711 -0.327774 0.658013 0.677926
-26.7439 82.8308 60.3929 -0.341959 0.655989 0.672861
-31.5629 81.5074 59.0978 -0.37285 0.654562 0.657671
-36.2484 80.1086 57.7163 -0.38561 0.657368 0.647435
-40.8676 78.6943 56.3135 -0.424037 0.646823 0.633887
-45.4013 77.1846 54.8064 -0.42885 0.639591 0.637975
-49.975 75.6063 53.2178 -0.448046 0.635798 0.628502
-54.4506 74.0288 51.6135 -0.453022 0.6389 0.621754
-58.8682 72.3898 49.935 -0.471312 0.633467 0.613664
-60.906 71.6315 49.1504 -0.472324 0.633304 0.613055
-56.53 77.3699 46.5448 -0.474503 0.643979 0.600115
-51.952 79.0758 48.2487 -0.453693 0.648921 0.610791
-47.4374 80.6769 49.8323 -0.446105 0.644211 0.621275
-42.9225 82.2116 51.3366 -0.424403 0.651423 0.628912
-38.3588 83.7018 52.7836 -0.399402 0.653335 0.643142
-33.6844 85.1421 54.1666 -0.394339 0.65816 0.641344
-29.0529 86.5272 55.4919 -0.349008 0.672354 0.652789
-24.3456 87.7819 56.6592 -0.334668 0.674979 0.657571
-19.4255 89.0164 57.8475 -0.319636 0.671739 0.668281
-14.6603 90.1378 58.9073 -0.290739 0.679794 0.673314
-12.1228 90.6961 59.4352 -0.283908 0.679794 0.676222
-12.2969 94.9589 54.9546 -0.291161 0.692977 0.659552
-17.1273 93.8169 53.9382 -0.30362 0.688848 0.658258
-21.8785 92.672 52.8764 -0.326975 0.676826 0.659541
-26.6453 91.4291 51.7461 -0.342209 0.654992 0.673705
-31.516 90.0171 50.4412 -0.388678 0.661027 0.64185
-36.2004 88.5534 49.0814 -0.402665 0.663905 0.630152
-40.7896 87.0929 47.7036 -0.409344 0.66628 0.623304
-45.3236 85.5062 46.1973 -0.440364 0.663399 0.604964
-49.9287 83.8523 44.6091 -0.457099 0.662228 0.593729
-51.6911 83.199 43.9768 -0.45974 0.657538 0.596895
-46.883 88.9198 41.2338 -0.44095 0.672419 0.594488
-42.3896 90.5321 42.7231 -0.431859 0.670244 0.603549
-37.8315 92.1551 44.2129 -0.421631 0.666919 0.614367
-33.159 93.6901 45.6065 -0.385201 0.685515 0.61781
-28.4792 95.114 46.8795 -0.369924 0.682207 0.630674
-23.7196 96.36 47.9939 -0.326206 0.700579 0.634648
-18.9876 97.5788 49.073 -0.309872 0.695571 0.648198
-14.1135 98.7463 50.0982 -0.302728 0.696046 0.651057
-12.2891 99.1799 50.478 -0.296892 0.694291 0.655603
-12.2713 103.376 45.956 -0.288918 0.711319 0.640744
-17.0666 102.196 44.9541 -0.316156 0.716312 0.622047
-21.8553 100.958 43.9026 -0.332537 0.697013 0.635288
-26.6092 99.6366 42.7675 -0.347108 0.710032 0.612675
-31.4228 98.2526 41.5811 -0.380232 0.689144 0.616849
-36.0311 96.7935 40.3015 -0.40469 0.695976 0.593164
-40.5735 95.1878 38.8803 -0.443552 0.675318 0.589243
-42.106 94.6198 38.3763 -0.444814 0.67488 0.588793
-37.0306 100.324 35.435 -0.414879 0.697532 0.58423
-32.3415 101.886 36.7559 -0.379313 0.704938 0.599319
-27.6344 103.274 37.9182 -0.355619 0.712851 0.604466
-22.885 104.608 39.0144 -0.336689 0.72029 0.606484
-18.1325 105.909 40.0729 -0.31976 0.724001 0.611209
-13.288 107.156 41.0456 -0.305124 0.734431 0.606226
-12.2263 107.421 41.2521 -0.296137 0.7357 0.609137
-11.3619 111.532 36.6429 -0.30104 0.739172 0.602495
-16.3141 110.265 35.7029 -0.306669 0.737636 0.601538
-21.1074 108.989 34.7304 -0.320504 0.736445 0.595757
-25.9077 107.672 33.6949 -0.333641 0.733273 0.592447
-30.6079 106.317 32.615 -0.364616 0.720818 0.589472
-31.6963 105.97 32.3356 -0.388268 0.705933 0.592374
-26.8736 111.12 28.7736 -0.340429 0.736974 0.583933
-22.0208 112.522 29.8211 -0.335602 0.73648 0.58734
-17.2449 113.851 30.798 -0.309259 0.741139 0.59588
-12.4793 115.093 31.666 -0.29857 0.747643 0.593199
-9.3919 115.895 32.1793 -0.286837 0.74992 0.596108
-5.70955 120.654 28.0062 -0.279409 0.744425 0.606434
-10.6042 119.387 27.2628 -0.295559 0.743503 0.599874
-15.3756 118.129 26.4361 -0.31427 0.738257 0.596834
-20.1383 116.774 25.4841 -0.32952 0.746551 0.577995
-23.5174 115.803 24.779 -0.338423 0.747099 0.572113
-21.612 119.999 20.4565 -0.348078 0.744642 0.569517
-16.8005 121.424 21.4746 -0.33692 0.739768 0.582433
-11.9705 122.794 22.3937 -0.305693 0.733893 0.606591
-7.18649 124.066 23.1764 -0.283604 0.739913 0.609998
-2.23961 125.278 23.836 -0.249397 0.759534 0.600758
0.729032 125.998 24.1814 -0.239535 0.772218 0.588475
-13.2848 126.208 17.5185 -0.332828 0.7237 0.604553
-17.9961 124.779 16.5389 -0.34855 0.73562 0.580841
-20.8367 123.885 15.9329 -0.353321 0.739593 0.572858
-21.275 127.29 11.0991 -0.35135 0.771916 0.52981
-20.8249 127.439 11.1866 -0.358466 0.772422 0.524277
-21.3481 127.219 -10.9979 -0.334647 0.781073 -0.527196
-20.837 127.366 -11.1057 -0.338446 0.78479 -0.519191
-21.0357 123.853 -15.668 -0.344493 0.739518 -0.578306
-16.3116 125.138 -16.8177 -0.336747 0.740313 -0.58184
-12.4541 126.107 -17.7783 -0.324582 0.737545 -0.592177
-21.5916 120.187 -20.0094 -0.342012 0.739693 -0.579553
-16.8263 121.451 -21.1944 -0.336455 0.735164 -0.588499
-12.0526 122.577 -22.3061 -0.299522 0.734946 -0.608392
-7.13468 123.614 -23.4038 -0.287935 0.732075 -0.617381
-2.31001 124.579 -24.4167 -0.266033 0.746712 -0.609629
-0.473973 124.971 -24.8169 -0.303778 0.743328 -0.595972
-5.7717 120.27 -28.0112 -0.289196 0.734386 -0.614038
-10.7162 119.206 -26.9554 -0.296193 0.728755 -0.617403
-15.5678 118.111 -25.8611 -0.307308 0.729647 -0.610883
-20.3736 116.952 -24.737 -0.32981 0.732374 -0.595696
-23.0612 116.288 -24.0944 -0.324542 0.743133 -0.585172
-25.9276 112.063 -27.8423 -0.338729 0.736143 -0.585965
-21.1783 113.226 -28.9952 -0.318301 0.742791 -0.589022
-16.3707 114.339 -30.0877 -0.30256 0.744435 -0.59521
-11.4609 115.436 -31.1824 -0.293674 0.746895 -0.596576
-9.05099 115.968 -31.6892 -0.291445 0.743233 -0.602217
-10.9846 112.005 -35.722 -0.28762 0.747979 -0.598165
-15.8139 110.922 -34.677 -0.304351 0.744884 -0.593732
-20.6225 109.798 -33.5737 -0.31743 0.737475 -0.596129
-25.3671 108.638 -32.4135 -0.335804 0.731481 -0.59344
-30.0194 107.437 -31.1914 -0.351985 0.721688 -0.596048
-34.7689 102.376 -34.1507 -0.388227 0.708957 -0.588778
-30.1318 103.72 -35.5183 -0.375808 0.705932 -0.600357
-25.4637 104.982 -36.8095 -0.341869 0.71648 -0.608097
-20.7056 106.17 -37.9894 -0.32052 0.736224 -0.596021
-15.7447 107.352 -39.1379 -0.307609 0.738744 -0.599695
-12.1195 108.172 -39.9222 -0.295701 0.737418 -0.607269
-12.1634 104.514 -44.313 -0.293328 0.726992 -0.620839
-16.9732 103.374 -43.2483 -0.318272 0.716395 -0.620871
-21.7586 102.182 -42.1026 -0.327782 0.716682 -0.61557
-26.6151 100.899 -40.8422 -0.353246 0.697304 -0.623687
-31.3057 99.5815 -39.5013 -0.373059 0.697054 -0.612326
-35.9228 98.21 -38.0893 -0.425988 0.685904 -0.589974
-39.3465 97.0021 -36.8266 -0.455935 0.662666 -0.594135
-43.8112 91.4071 -39.3408 -0.496403 0.648639 -0.576933
-39.3532 93.0924 -41.1065 -0.477545 0.644575 -0.597054
-34.8701 94.6837 -42.7553 -0.420989 0.660823 -0.621355
-30.2689 96.0647 -44.162 -0.370829 0.69826 -0.612306
-25.5846 97.352 -45.4538 -0.355179 0.702247 -0.617007
-20.778 98.6636 -46.7173 -0.339216 0.709586 -0.617592
-16.0007 99.864 -47.846 -0.310514 0.718981 -0.62181
-12.2444 100.763 -48.672 -0.307606 0.72437 -0.616982
-12.2241 96.994 -53.0537 -0.311223 0.719961 -0.620319
-17.0531 95.793 -51.9661 -0.332191 0.705353 -0.6262
-21.8333 94.5217 -50.7813 -0.349868 0.696985 -0.625942
-26.644 93.1899 -49.5099 -0.382758 0.676918 -0.628711
-31.4077 91.7906 -48.1277 -0.397663 0.669245 -0.627675
-35.9869 90.2816 -46.5927 -0.444808 0.653562 -0.612375
-40.4636 88.6655 -44.9136 -0.474118 0.640296 -0.604346
-44.9197 86.9766 -43.1269 -0.505293 0.623908 -0.596169
-47.9 85.7761 -41.8478 -0.51389 0.627449 -0.585
-52.0945 79.9747 -44.2949 -0.529038 0.616721 -0.582901
-47.8284 81.7602 -46.2015 -0.51036 0.625305 -0.590362
-43.5017 83.489 -48.0222 -0.484067 0.638724 -0.59809
-39.0982 85.1618 -49.7561 -0.473931 0.644942 -0.599532
-34.5713 86.79 -51.4112 -0.443635 0.654475 -0.612251
-29.979 88.2241 -52.8317 -0.38857 0.677551 -0.62445
-25.342 89.6298 -54.182 -0.373756 0.687652 -0.622448
-20.6545 90.9449 -55.4176 -0.361048 0.698732 -0.61759
-15.9234 92.2273 -56.5905 -0.337269 0.709024 -0.619302
-12.0707 93.2595 -57.5021 -0.324214 0.721341 -0.612006
-11.9403 89.5042 -61.9888 -0.33481 0.720878 -0.606825
-16.7294 88.1639 -60.8261 -0.355274 0.708643 -0.609594
-21.4886 86.7924 -59.5862 -0.380543 0.697549 -0.607135
-26.1847 85.3693 -58.2648 -0.388681 0.673298 -0.628964
-30.7948 83.9279 -56.886 -0.424464 0.652563 -0.627687
-35.441 82.3682 -55.3509 -0.426344 0.646805 -0.632356
-39.9735 80.7517 -53.7212 -0.46597 0.630403 -0.620858
-44.4369 79.0371 -51.9701 -0.498545 0.621911 -0.603887
-48.7823 77.247 -50.1028 -0.517257 0.614759 -0.595413
-53.0555 75.4341 -48.157 -0.536619 0.607007 -0.586159
-56.1632 74.0879 -46.698 -0.539373 0.604411 -0.586314
-60.0897 68.1136 -49.0919 -0.555444 0.585964 -0.590023
-55.8859 69.9903 -51.1305 -0.544738 0.590318 -0.595639
-51.5062 71.9215 -53.1827 -0.532399 0.6054 -0.591643
-47.2314 73.732 -55.076 -0.518146 0.612076 -0.597401
-42.7765 75.5113 -56.9046 -0.48308 0.623028 -0.615199
-38.2537 77.2019 -58.6065 -0.459624 0.62655 -0.629429
-33.66 78.8315 -60.2113 -0.427802 0.649062 -0.629049
-28.9989 80.4301 -61.7501 -0.427304 0.657269 -0.620813
-24.2671 81.9433 -63.1816 -0.404878 0.666254 -0.626242
-19.5574 83.4315 -64.5341 -0.389146 0.677484 -0.624164
-14.8019 84.8622 -65.8033 -0.362147 0.697336 -0.618525
-11.9044 85.686 -66.5095 -0.346877 0.716891 -0.604767
-11.7381 81.8585 -71.0669 -0.360078 0.703372 -0.612871
-16.385 80.4197 -69.8208 -0.383162 0.685797 -0.618764
-21.1446 78.9004 -68.458 -0.398326 0.680619 -0.614894
-25.8566 77.3624 -67.0448 -0.40929 0.66625 -0.623372
-30.4422 75.8272 -65.6067 -0.427818 0.651666 -0.626341
-34.9624 74.2357 -64.0826 -0.462709 0.641538 -0.611824
-39.401 72.5758 -62.4608 -0.46257 0.636394 -0.617278
-43.8239 70.8848 -60.7767 -0.492004 0.607647 -0.623456
-48.2033 69.0763 -58.9402 -0.519676 0.604687 -0.603566
-52.5469 67.1887 -56.9967 -0.542321 0.594095 -0.594086
-56.8355 65.2451 -54.9527 -0.559072 0.582851 -0.589681
-61.04 63.341 -52.9079 -0.550734 0.579097 -0.601114
-64.2429 61.8769 -51.3138 -0.580428 0.570888 -0.580681
-68.1543 55.4854 -53.5416 -0.603023 0.549587 -0.578202
-64.0787 57.4811 -55.685 -0.572275 0.560936 -0.598208
-59.9333 59.4245 -57.733 -0.559371 0.579011 -0.593169
-55.7403 61.3882 -59.7682 -0.55679 0.577799 -0.596769
-51.4868 63.3575 -61.7811 -0.546145 0.584494 -0.600077
-47.0571 65.2542 -63.7015 -0.517508 0.598994 -0.611057
-42.745 67.0595 -65.4977 -0.508104 0.611719 -0.606325
-38.3265 68.7975 -67.201 -0.462758 0.638319 -0.615145
-33.8551 70.4666 -68.8108 -0.443914 0.640209 -0.626955
-29.345 72.0506 -70.3056 -0.427695 0.65936 -0.618321
-24.8093 73.6373 -71.7774 -0.422842 0.667536 -0.612862
-20.1279 75.2129 -73.2106 -0.403328 0.68317 -0.608773
-15.3749 76.7776 -74.5922 -0.395761 0.687667 -0.608676
-11.6475 77.9674 -75.6221 -0.38932 0.699063 -0.599784
-11.5222 74.046 -80.2053 -0.413295 0.682113 -0.603249
-16.2531 72.4649 -78.8369 -0.412256 0.672006 -0.615185
-20.8517 70.8996 -77.4514 -0.413874 0.669707 -0.616605
-25.3673 69.3143 -76.0035 -0.436279 0.639508 -0.633002
-29.8954 67.6916 -74.4935 -0.445749 0.644282 -0.621456
-34.3728 66.0359 -72.9324 -0.458041 0.627311 -0.629825
-38.8352 64.3025 -71.2764 -0.476797 0.618881 -0.62422
-43.2473 62.5143 -69.5481 -0.504979 0.596239 -0.624095
-47.7098 60.5977 -67.664 -0.518655 0.592436 -0.616455
-51.9475 58.7043 -65.7853 -0.541748 0.573143 -0.614831
-56.2248 56.7273 -63.8079 -0.547948 0.573651 -0.608833
-60.4214 54.7193 -61.7802 -0.570534 0.562645 -0.598265
-64.5487 52.7077 -59.7348 -0.571 0.56284 -0.597637
-68.6064 50.6624 -57.6322 -0.592913 0.543061 -0.594592
-71.8766 48.9322 -55.825 -0.611305 0.539922 -0.57861
-68.2581 46.1679 -62.1519 -0.597459 0.549775 -0.583772
-64.1669 48.3018 -64.2179 -0.571739 0.559834 -0.599751
-59.9979 50.4079 -66.248 -0.568491 0.570562 -0.592687
-55.8357 52.4461 -68.2513 -0.546797 0.579493 -0.604319
-51.6011 54.4266 -70.1768 -0.538897 0.585817 -0.605317
-47.3048 56.3744 -72.0806 -0.524649 0.593813 -0.610024
-42.9692 58.2464 -73.8818 -0.507765 0.599475 -0.618712
-38.5653 60.0893 -75.6554 -0.499929 0.606761 -0.617991
-34.1375 61.8287 -77.3049 -0.46621 0.62312 -0.627989
-29.7063 63.5231 -78.8914 -0.459239 0.632813 -0.623416
-25.1597 65.216 -80.4515 -0.443233 0.646405 -0.621051
-20.5944 66.8413 -81.9299 -0.432199 0.650938 -0.624086
-16.008 68.4578 -83.3829 -0.420467 0.67382 -0.607597
-11.543 70.0234 -84.754 -0.42371 0.676099 -0.602794
-11.3586 66.0156 -89.3676 -0.433251 0.665602 -0.607674
-15.9421 64.3558 -87.8882 -0.439573 0.660435 -0.60877
-20.5014 62.6925 -86.3845 -0.445133 0.654484 -0.611153
-25.1389 60.9907 -84.8261 -0.463138 0.630803 -0.622568
-29.6881 59.2216 -83.1902 -0.470399 0.621697 -0.626273
-34.2039 57.4749 -81.5493 -0.469108 0.618395 -0.630496
-38.646 55.6827 -79.8662 -0.490532 0.600044 -0.631922
-42.9717 53.8591 -78.1262 -0.508142 0.597194 -0.620606
-47.377 51.9408 -76.2959 -0.533095 0.589431 -0.606943
-51.6548 49.9877 -74.424 -0.53832 0.585839 -0.605808
-55.9244 47.9702 -72.5052 -0.567168 0.571923 -0.592642
-60.0696 45.8864 -70.5318 -0.573082 0.567985 -0.590737
-61.0911 45.3611 -70.0354 -0.579256 0.565589 -0.587002
-55.1598 43.9057 -77.136 -0.55852 0.570431 -0.602216
-50.8941 45.9306 -79.0224 -0.538414 0.585428 -0.606123
-46.6234 47.8477 -80.8264 -0.516499 0.588951 -0.621582
-42.2209 49.7601 -82.6364 -0.502569 0.591899 -0.630142
-37.8126 51.603 -84.3864 -0.489316 0.600634 -0.632304
-33.4276 53.4159 -86.0897 -0.491689 0.60523 -0.62605
-28.9802 55.1964 -87.7546 -0.479006 0.612523 -0.628783
-24.5344 56.9416 -89.3903 -0.466011 0.630543 -0.620684
-20.0632 58.6437 -90.9658 -0.455238 0.63903 -0.619999
-15.522 60.3547 -92.5261 -0.448367 0.655722 -0.60745
-11.2809 61.9324 -93.947 -0.4492 0.66102 -0.601059
-11.2799 57.756 -98.4758 -0.457151 0.650685 -0.606318
-15.7313 56.0411 -96.9069 -0.469281 0.63394 -0.614732
-20.1864 54.308 -95.296 -0.463399 0.629249 -0.623944
-24.7451 52.535 -93.6307 -0.472219 0.624367 -0.622234
-29.167 50.7667 -91.9604 -0.489756 0.614542 -0.618447
-33.6734 48.9302 -90.2281 -0.498323 0.602125 -0.623795
-38.0415 47.1059 -88.5009 -0.498121 0.602538 -0.623557
-42.3867 45.2935 -86.7747 -0.504518 0.599769 -0.621079
-46.6869 43.4306 -85.0292 -0.514014 0.595638 -0.617256
-50.3941 41.7519 -83.465 -0.529749 0.585081 -0.61404
-45.7635 39.4394 -89.5588 -0.510469 0.587895 -0.627536
-41.4336 41.308 -91.3465 -0.50759 0.591973 -0.626036
-37.0273 43.1573 -93.1214 -0.498067 0.601934 -0.624183
-32.5888 44.9902 -94.8741 -0.493848 0.600875 -0.628541
-28.1246 46.83 -96.6404 -0.487718 0.59763 -0.636372
-23.6825 48.6042 -98.3436 -0.477604 0.619689 -0.6228
-19.2779 50.3332 -100.004 -0.479319 0.622049 -0.619119
-14.7406 52.1224 -101.691 -0.476014 0.626274 -0.617407
-11.2738 53.4848 -102.966 -0.472732 0.634441 -0.611563
-11.1365 49.1934 -107.476 -0.489169 0.622295 -0.611116
-15.6537 47.3903 -105.736 -0.483742 0.615505 -0.622212
-20.0439 45.6566 -104.037 -0.483526 0.615029 -0.622849
-24.5319 43.8526 -102.27 -0.493234 0.598666 -0.631126
-28.9678 42.0517 -100.502 -0.498948 0.593277 -0.631723
-33.363 40.2515 -98.7464 -0.49449 0.593597 -0.634919
-37.738 38.4409 -96.9872 -0.501757 0.58713 -0.635232
-42.0446 36.6285 -95.2317 -0.514869 0.576459 -0.634512
-38.6495 33.6094 -100.709 -0.512833 0.579544 -0.633349
-34.186 35.4648 -102.541 -0.501055 0.589086 -0.633973
-29.859 37.2433 -104.314 -0.499447 0.594272 -0.630391
-25.4896 39.0213 -106.102 -0.501079 0.593963 -0.629386
-21.089 40.8241 -107.912 -0.494191 0.598829 -0.630221
-16.6314 42.5866 -109.681 -0.49023 0.602666 -0.629657
-12.2704 44.3195 -111.418 -0.490614 0.602701 -0.629324
-10.9818 44.8382 -111.934 -0.499434 0.60543 -0.619694
-10.8633 40.4017 -116.336 -0.504951 0.598919 -0.621547
-15.2044 38.6773 -114.542 -0.492623 0.598761 -0.631512
-19.5609 36.9412 -112.747 -0.495107 0.586002 -0.64146
-23.989 35.1702 -110.919 -0.499863 0.590997 -0.633135
-28.4617 33.364 -109.05 -0.504141 0.584409 -0.635852
-32.9125 31.5501 -107.188 -0.504823 0.584862 -0.634894
-35.0129 30.6814 -106.308 -0.509394 0.581166 -0.634637
-32.1764 27.3823 -111.574 -0.504971 0.57688 -0.642038
-27.786 29.1356 -113.43 -0.501661 0.577592 -0.64399
-23.4574 30.8469 -115.259 -0.50024 0.578863 -0.643954
-19.0282 32.5949 -117.123 -0.50067 0.577543 -0.644806
-14.6417 34.3226 -118.979 -0.500148 0.579301 -0.643632
-10.8499 35.8167 -120.591 -0.500776 0.577182 -0.645046
-10.8986 31.0983 -124.692 -0.510214 0.564239 -0.649089
-15.3987 29.3573 -122.738 -0.497809 0.567313 -0.656005
-19.8961 27.6429 -120.831 -0.502305 0.563072 -0.656231
-24.3779 25.9014 -118.906 -0.499845 0.567839 -0.653998
-28.811 24.1817 -117.005 -0.500596 0.564287 -0.656494
-29.2199 24.0224 -116.83 -0.500128 0.564463 -0.656699
-26.7567 20.3533 -121.818 -0.494762 0.555626 -0.668199
-22.3224 22.026 -123.723 -0.494387 0.553399 -0.670321
-17.9725 23.654 -125.595 -0.496872 0.553476 -0.668418
-13.6025 25.3035 -127.502 -0.506309 0.550991 -0.663371
-10.8643 26.346 -128.723 -0.50543 0.551983 -0.663216
-10.9703 21.4821 -132.566 -0.500297 0.538254 -0.678222
-15.4338 19.843 -130.591 -0.499725 0.547919 -0.670865
-19.8099 18.2368 -128.676 -0.494524 0.549834 -0.673148
-24.2963 16.5858 -126.732 -0.495504 0.547723 -0.674148
-26.7501 15.6747 -125.668 -0.495236 0.547494 -0.674531
-27.9728 10.5136 -128.951 -0.495319 0.545382 -0.676178
-23.6188 12.1048 -130.844 -0.49361 0.543836 -0.678669
-19.2211 13.6936 -132.754 -0.491695 0.542332 -0.681258
-14.8447 15.2526 -134.651 -0.491814 0.539144 -0.683698
-10.545 16.7865 -136.552 -0.496048 0.534112 -0.684588
-9.36878 12.3492 -140.811 -0.490994 0.528907 -0.69223
-13.7428 10.8312 -138.889 -0.489773 0.533325 -0.6897
-14.4159 10.5968 -138.595 -0.487036 0.534613 -0.690641
23.8584 122.851 -10.5635 0.664671 0.745167 -0.0542085
20.018 126.242 -10.2785 0.647453 0.757712 -0.081713
19.6444 126.563 -10.266 0.648112 0.757213 -0.0811111
22.9132 123.634 11.0972 0.659687 0.749799 0.0511259
19.2725 126.724 11.5972 0.64093 0.763024 0.0836832
19.0851 126.878 11.6305 0.641345 0.762639 0.0840089
