-113.325 8.15416 65.04 -0.657965 0.526879 0.538032
-110.247 7.84764 68.9612 -0.638792 0.531311 0.556465
-108.828 9.39853 69.1018 -0.633174 0.533299 0.560967
-110.961 9.60223 66.4616 -0.644693 0.529185 0.551665
-113.143 8.25384 65.166 -0.658517 0.525743 0.538469
-112.728 12.8823 61.146 -0.668789 0.519104 0.532215
-108.994 15.6084 63.055 -0.645776 0.519084 0.559934
-105.467 19.3999 63.5462 -0.634655 0.521552 0.57026
-102.597 23.5683 62.8501 -0.611637 0.528765 0.588477
-100.198 27.8272 61.4613 -0.595561 0.532799 0.601192
-97.7561 32.0871 60.0702 -0.579375 0.538999 0.611395
-95.3731 36.2526 58.6266 -0.567734 0.546878 0.615307
-92.8593 40.5215 57.1594 -0.544763 0.555251 0.628435
-90.2974 44.701 55.6557 -0.53707 0.563569 0.627651
-87.7422 48.7386 54.1739 -0.525689 0.568902 0.632457
-85.1468 52.7605 52.6639 -0.523749 0.578637 0.625194
-82.4784 56.7778 51.0918 -0.510082 0.589076 0.626742
-79.7401 60.7057 49.588 -0.495737 0.604634 0.623418
-77.0021 64.5735 47.9655 -0.491604 0.612286 0.619218
-74.0718 68.5551 46.3097 -0.487574 0.620601 0.614105
-71.1505 72.4595 44.6031 -0.477764 0.634613 0.60746
-68.217 76.3322 42.8436 -0.475153 0.642443 0.601246
-65.2416 80.0285 41.2052 -0.473012 0.654965 0.589306
-62.2833 83.7202 39.4397 -0.471823 0.66156 0.582856
-59.2301 87.3453 37.7773 -0.468936 0.672294 0.572817
-56.1864 90.9314 36.0289 -0.468309 0.678028 0.566537
-53.136 94.5582 34.1827 -0.469829 0.684041 0.557986
-49.9625 98.2134 32.3296 -0.469433 0.687305 0.554295
-46.748 101.822 30.5791 -0.4728 0.693922 0.543075
-43.5991 105.341 28.7852 -0.469035 0.702413 0.535371
-40.3549 108.913 26.8636 -0.465692 0.712765 0.524497
-37.1284 112.323 25.0545 -0.441466 0.717847 0.538334
-34.0886 115.781 22.8988 -0.407367 0.726764 0.553048
-31.7346 119.209 20.0716 -0.354925 0.728328 0.586145
-30.3241 122.593 16.6657 -0.30496 0.736194 0.604167
-29.937 125.944 12.9452 -0.244593 0.728823 0.639464
-30.5912 129.202 8.96103 -0.144663 0.787003 0.599671
-31.4347 131.628 4.60044 -0.0875072 0.932933 0.349253
-31.7016 132.288 -0.345844 -0.0521421 0.996526 -0.0649404
-31.301 131.36 -5.26114 -0.128373 0.911553 -0.388147
-30.4831 128.794 -9.51708 -0.135313 0.76074 -0.634795
-29.9362 125.455 -13.5102 -0.252 0.739838 -0.623805
-30.4715 122.129 -17.1951 -0.294742 0.727224 -0.619897
-32.0634 118.602 -20.5452 -0.347423 0.723015 -0.597116
-34.5323 115.089 -23.2708 -0.399722 0.717172 -0.570853
-37.6934 111.622 -25.3104 -0.436427 0.706335 -0.557334
-40.8651 108.14 -27.1188 -0.468722 0.68957 -0.552081
-44.0295 104.384 -29.0011 -0.485242 0.674865 -0.555964
-47.0006 100.694 -30.7079 -0.503935 0.649369 -0.569535
-49.9345 96.9268 -32.3916 -0.511062 0.646309 -0.566657
-52.8383 93.1316 -34.0468 -0.521604 0.632955 -0.5721
-55.7628 89.1576 -35.7299 -0.531529 0.626702 -0.569843
-58.5509 85.1713 -37.3802 -0.541285 0.61454 -0.573892
-61.2598 81.2697 -38.9524 -0.543434 0.60499 -0.581951
-63.9553 77.3086 -40.4821 -0.56414 0.597981 -0.569355
-66.5713 73.3197 -42.0029 -0.565319 0.585938 -0.580596
-69.1535 69.2181 -43.5645 -0.574137 0.580474 -0.577422
-71.7711 65.1805 -44.9539 -0.585281 0.565744 -0.580844
-74.2309 60.9684 -46.5302 -0.599746 0.551505 -0.579781
-76.7651 56.7706 -47.8734 -0.604884 0.547492 -0.578244
-79.1876 52.511 -49.2845 -0.625508 0.525594 -0.576619
-81.4845 48.2266 -50.614 -0.63723 0.517372 -0.571195
-83.7435 43.8652 -51.9714 -0.655548 0.504498 -0.561906
-85.9613 39.5029 -53.2896 -0.662093 0.500627 -0.557679
-88.1186 35.1068 -54.5947 -0.676403 0.495401 -0.545029
-88.2909 32.5241 -56.7232 -0.676545 0.494344 -0.545811
-84.9839 32.9109 -60.5181 -0.671109 0.510345 -0.537737
-81.5866 33.1589 -64.3377 -0.638848 0.526658 -0.560804
-78.2616 33.083 -68.1602 -0.634632 0.530372 -0.562092
-74.9159 33.0022 -72.0278 -0.604724 0.567039 -0.559263
-71.7782 32.4138 -75.9709 -0.597517 0.560546 -0.573377
-68.7912 31.5578 -79.8996 -0.592359 0.564556 -0.574794
-65.6001 30.893 -83.7828 -0.578732 0.566977 -0.586179
-62.7242 29.6663 -87.681 -0.563701 0.563632 -0.603789
-59.9445 28.1981 -91.6426 -0.558564 0.56679 -0.605604
-57.1758 26.6614 -95.6255 -0.553169 0.570681 -0.606888
-54.3562 25.106 -99.5294 -0.526082 0.565038 -0.635586
-51.8952 23.064 -103.412 -0.53357 0.564092 -0.630161
-49.4433 21.0638 -107.286 -0.534937 0.564661 -0.62849
-46.8979 19.153 -111.142 -0.523177 0.565718 -0.637377
-44.5266 16.8927 -115.05 -0.518204 0.562585 -0.644176
-44.3592 13.3891 -118.169 -0.513924 0.549159 -0.659019
-48.2621 10.6303 -117.306 -0.542526 0.533808 -0.648625
-52.5141 8.54527 -115.396 -0.549879 0.532825 -0.643219
-56.7851 6.47452 -113.388 -0.571864 0.529662 -0.626442
-60.9859 4.57122 -111.146 -0.577111 0.528145 -0.622901
-65.0381 2.74532 -108.815 -0.59202 0.523199 -0.613005
-61.4644 2.72968 -112.261 -0.584682 0.524774 -0.618674
-57.6986 2.69269 -115.735 -0.560713 0.529262 -0.636772
-53.8432 2.67026 -119.174 -0.560747 0.535581 -0.63144
-49.9685 2.69783 -122.486 -0.534097 0.543728 -0.647379
-46.0304 2.6524 -125.768 -0.532583 0.543463 -0.648848
-42.0655 2.64484 -128.89 -0.507032 0.549969 -0.663665
-38.0124 2.6387 -131.952 -0.498993 0.551419 -0.668538
-33.9219 2.67194 -134.942 -0.492714 0.550851 -0.673644
-29.7991 2.68347 -137.931 -0.487893 0.549227 -0.678462
-25.5641 2.6899 -140.899 -0.480218 0.542478 -0.689281
-21.3296 2.67186 -143.825 -0.472743 0.541876 -0.694899
-17.1486 2.70163 -146.692 -0.479663 0.533269 -0.696813
-13.1019 5.64615 -147.215 -0.477271 0.529385 -0.701401
-9.18694 8.84575 -147.496 -0.484566 0.524911 -0.699761
-5.42935 12.1494 -147.633 -0.48912 0.521478 -0.699158
-1.68516 15.5988 -147.701 -0.491677 0.516601 -0.700982
-1.98698 18.9809 -144.991 -0.500898 0.514508 -0.695976
-2.70432 22.6837 -141.692 -0.508216 0.520444 -0.686188
-2.6879 26.7549 -138.599 -0.512825 0.52344 -0.680456
-2.72067 30.6986 -135.497 -0.518015 0.53133 -0.670334
-2.70344 34.6278 -132.348 -0.522622 0.541219 -0.658748
-2.75173 38.5074 -129.043 -0.532845 0.553383 -0.640187
-2.97569 42.0887 -125.534 -0.523956 0.589144 -0.615126
-3.13333 45.6333 -122.006 -0.519043 0.595606 -0.613064
-3.11306 49.2766 -118.392 -0.515498 0.611756 -0.600013
-2.96341 52.8202 -114.868 -0.50247 0.624154 -0.598294
-2.7901 56.4262 -111.154 -0.497131 0.646093 -0.57915
-2.81853 59.7947 -107.405 -0.481522 0.655244 -0.582059
-2.82139 63.2127 -103.53 -0.462765 0.665004 -0.58619
-2.825 66.512 -99.7509 -0.451328 0.676941 -0.581425
-2.86417 69.7671 -95.9243 -0.442846 0.682637 -0.581286
-2.91183 72.9781 -92.0835 -0.429227 0.691806 -0.580662
-2.91251 76.1834 -88.2286 -0.417541 0.701292 -0.577797
-2.8797 79.4207 -84.2972 -0.402706 0.708809 -0.579152
-2.94247 82.5647 -80.348 -0.388505 0.723836 -0.570198
-2.93651 85.7405 -76.2787 -0.368543 0.737153 -0.566371
-2.97446 88.8638 -72.2444 -0.350604 0.741067 -0.572623
-3.0139 91.9312 -68.2424 -0.313257 0.747907 -0.58524
-3.04901 95.0359 -64.2501 -0.286791 0.75387 -0.591127
-3.06082 98.1593 -60.2816 -0.269339 0.757771 -0.594339
-3.07163 101.339 -56.276 -0.252053 0.754 -0.606591
-3.09181 104.584 -52.3759 -0.24209 0.740358 -0.627103
-3.05609 107.864 -48.5612 -0.239959 0.735908 -0.633134
-3.07735 111.179 -44.7321 -0.263578 0.728173 -0.632685
-2.78443 114.541 -40.9407 -0.29796 0.730887 -0.614023
-1.47753 118.025 -37.3891 -0.340401 0.732324 -0.589768
0.84428 121.46 -34.4542 -0.374699 0.73493 -0.565225
4.0018 124.789 -32.2826 -0.41183 0.735762 -0.537629
7.74152 128.044 -30.9044 -0.486269 0.75848 -0.433825
11.8916 130.66 -29.4993 -0.289643 0.920499 -0.261105
16.2425 131.7 -27.2593 0.0617885 0.996806 -0.0505935
20.1893 130.3 -24.522 0.459704 0.871802 0.168568
23.2425 127.356 -21.8707 0.646659 0.736668 0.197869
26.2359 124.174 -19.4412 0.651603 0.75378 0.0850083
29.6985 120.952 -17.8814 0.64997 0.759747 0.0167327
33.4228 117.635 -17.4701 0.671315 0.741083 -0.0112354
37.2128 114.152 -18.1783 0.67398 0.737281 -0.0465462
40.7175 110.775 -19.9635 0.682277 0.727572 -0.0715926
44.0823 107.372 -21.8789 0.686629 0.721511 -0.089193
47.3585 104.027 -23.8186 0.681527 0.726031 -0.0916515
50.7355 100.618 -25.7098 0.684206 0.723298 -0.0932763
53.9342 97.3187 -27.6852 0.68826 0.720225 -0.0870199
57.2845 93.8855 -29.5277 0.690222 0.7182 -0.0882121
60.5091 90.5472 -31.3832 0.693621 0.715839 -0.0803996
63.7372 87.1937 -33.2833 0.701897 0.709058 -0.0676561
66.9771 83.8063 -35.1143 0.703742 0.707546 -0.064236
70.1592 80.4564 -37.0227 0.707875 0.70409 -0.0562991
73.4493 77.0184 -38.9428 0.708659 0.703921 -0.04793
76.7017 73.6017 -40.7685 0.714575 0.69826 -0.0426093
79.9343 70.172 -42.6516 0.717174 0.695883 -0.037519
83.141 66.7473 -44.5576 0.722546 0.690529 -0.033106
86.4114 63.229 -46.3764 0.724562 0.688442 -0.0325162
89.5577 59.8108 -48.229 0.727875 0.684847 -0.0343831
92.7178 56.35 -50.0367 0.731197 0.681368 -0.0329968
95.9025 52.8198 -51.847 0.738175 0.673894 -0.0310666
99.011 49.2747 -53.8028 0.746168 0.665012 -0.031516
102.094 45.6919 -55.4904 0.753438 0.656684 -0.0331059
105.122 42.0545 -57.2275 0.760293 0.648049 -0.0445658
108.087 38.3889 -58.9458 0.769345 0.635564 -0.0644927
111.02 34.6101 -60.5827 0.773602 0.628523 -0.0806158
113.928 30.7896 -62.3007 0.774959 0.62602 -0.086818
116.858 26.8833 -63.9506 0.780002 0.617474 -0.101604
119.658 23.0265 -65.6826 0.784397 0.611164 -0.105831
122.215 19.33 -67.9613 0.784347 0.60926 -0.116625
124.273 15.9988 -71.2907 0.783376 0.606731 -0.134903
125.539 13.3769 -75.5012 0.782721 0.60482 -0.146771
127.291 11.1783 -75.2242 0.782224 0.605526 -0.146501
129.567 9.1947 -71.1782 0.781133 0.610164 -0.132405
131.789 7.24618 -67.0035 0.775901 0.618388 -0.124764
133.815 5.51306 -62.7646 0.776051 0.620801 -0.111135
135.878 3.65587 -58.4248 0.779145 0.620548 -0.088615
137.336 2.48298 -53.6455 0.776622 0.624007 -0.0864546
137.81 2.50449 -48.6312 0.777628 0.624913 -0.0691245
138.285 2.46376 -43.5211 0.779035 0.623335 -0.0675063
138.641 2.44089 -38.4927 0.78215 0.62149 -0.0446148
138.883 2.48725 -33.4664 0.777843 0.62737 -0.0369814
139.055 2.49098 -28.3095 0.779102 0.626571 -0.0202436
139.137 2.48474 -23.2267 0.777586 0.62877 0.00249946
139.089 2.46396 -18.1856 0.782947 0.622009 0.00991503
138.938 2.48153 -13.1597 0.78042 0.623603 0.0454235
138.619 2.48965 -8.09261 0.779488 0.624481 0.0492026
138.261 2.50677 -3.06553 0.781289 0.620706 0.0656617
137.861 2.48575 1.97926 0.783893 0.616789 0.0712885
137.335 2.47811 7.03794 0.78143 0.616587 0.0958391
136.698 2.47526 12.0036 0.782343 0.614254 0.103111
135.929 2.55152 16.9749 0.781677 0.611414 0.123104
135.174 2.49591 21.9964 0.780794 0.611648 0.127457
134.244 2.50984 27.0478 0.777428 0.61077 0.150219
133.263 2.49456 32.0217 0.774811 0.608988 0.169696
132.133 2.52675 36.9672 0.775721 0.604878 0.179944
130.892 2.55483 41.8553 0.77159 0.602725 0.203393
129.586 2.56122 46.726 0.773242 0.59934 0.207095
128.202 2.57869 51.5644 0.773998 0.59109 0.227024
126.723 2.56393 56.5739 0.769514 0.59187 0.239871
125.114 2.59797 61.3979 0.76707 0.583507 0.266686
123.415 2.60615 66.2754 0.769306 0.577544 0.273151
121.695 2.61168 70.9937 0.768186 0.572915 0.285758
119.919 2.61059 75.74 0.766678 0.572893 0.289826
118.134 2.59931 80.4163 0.765008 0.572272 0.29541
116.264 2.61647 85.1718 0.762093 0.574751 0.29812
114.378 2.60445 89.9801 0.757861 0.57975 0.299217
112.544 2.52699 94.6489 0.748147 0.588067 0.307331
110.109 3.45174 98.8031 0.746798 0.589534 0.307801
106.965 5.58204 102.082 0.736235 0.597845 0.317079
103.778 7.70449 105.32 0.693277 0.627505 0.354407
100.395 9.62956 108.469 0.689897 0.62878 0.358716
96.8954 11.4686 111.58 0.626448 0.655964 0.421039
99.0053 11.5147 107.833 0.688878 0.623916 0.36902
101.378 11.5014 103.328 0.692757 0.62594 0.35817
103.582 11.4591 98.8408 0.734899 0.598721 0.318523
105.63 11.4004 94.2768 0.736242 0.589306 0.332662
107.654 11.4137 89.6913 0.748217 0.582381 0.317809
109.68 11.3847 84.9659 0.753065 0.578036 0.314273
111.607 11.3879 80.2858 0.761473 0.570396 0.307909
113.443 11.4476 75.5417 0.766989 0.567767 0.298946
114.373 12.6248 70.8031 0.772235 0.567798 0.285061
114.108 15.1069 66.4341 0.776263 0.570932 0.267307
112.794 18.4567 62.9656 0.776422 0.57734 0.252679
110.743 22.2574 60.4594 0.77701 0.583517 0.23614
108.175 26.2919 58.8528 0.777007 0.586783 0.227916
105.523 30.3638 57.3302 0.776904 0.591152 0.216701
102.873 34.3741 55.7734 0.774817 0.598399 0.203903
100.113 38.4219 54.2801 0.775753 0.603232 0.18525
97.3867 42.4043 52.6662 0.769133 0.61535 0.172566
94.6363 46.2603 51.023 0.765972 0.621762 0.163398
91.7934 50.1341 49.4984 0.764446 0.626335 0.152733
88.8746 54.0877 47.788 0.763555 0.628404 0.148634
86.0237 57.8589 46.0998 0.75749 0.638369 0.136723
83.1459 61.6001 44.4501 0.754856 0.642158 0.133516
80.2242 65.3299 42.8122 0.750177 0.649034 0.126449
77.308 68.9917 41.0386 0.742258 0.658825 0.122484
74.2609 72.7157 39.2976 0.736781 0.665752 0.11802
71.2028 76.3778 37.6057 0.732725 0.669968 0.119405
68.1328 80.0328 35.7277 0.726201 0.677048 0.119305
65.0753 83.5917 33.9739 0.721187 0.681871 0.122235
61.9823 87.1503 32.2364 0.71617 0.686241 0.127176
58.8539 90.7306 30.3802 0.709986 0.691779 0.131764
55.7189 94.278 28.6227 0.704682 0.697228 0.131472
52.6195 97.7884 26.7803 0.710871 0.691237 0.129818
49.4515 101.362 24.9585 0.705669 0.696188 0.131732
46.2228 104.916 23.1241 0.692899 0.709845 0.126532
42.9688 108.414 21.2415 0.68767 0.716412 0.117741
39.6538 111.81 19.3611 0.683152 0.724936 0.0881517
36.1703 115.146 17.8627 0.673929 0.737675 0.0406882
32.4794 118.505 17.4314 0.674343 0.738363 0.00769055
28.826 121.872 18.143 0.669979 0.74079 -0.0485605
25.3561 125.217 19.9824 0.660812 0.741538 -0.115966
22.283 128.268 22.6539 0.551019 0.817867 -0.165746
18.7423 130.255 25.6304 0.287955 0.957598 -0.00497983
14.4901 130.645 28.2843 0.0340999 0.989396 0.141071
10.0864 129.384 30.1794 -0.33871 0.876907 0.341043
6.0488 126.704 31.4724 -0.429095 0.756338 0.493793
2.49984 123.569 33.1328 -0.37227 0.746548 0.551416
-0.298906 120.248 35.7716 -0.339529 0.738275 0.582812
-2.20148 116.884 38.9412 -0.301798 0.741036 0.59982
-3.05859 113.511 42.582 -0.272581 0.732211 0.624152
-3.14983 110.163 46.2914 -0.240873 0.715494 0.655781
-3.10977 106.788 50.0148 -0.224253 0.719726 0.657042
-3.0936 103.326 53.7186 -0.229694 0.707417 0.668432
-3.11018 99.7699 57.4719 -0.235993 0.707143 0.666525
-3.06196 96.3261 61.1112 -0.240661 0.701506 0.670799
-3.07122 92.8232 64.756 -0.258591 0.696244 0.669608
-3.10831 89.2552 68.4315 -0.266723 0.692098 0.670714
-3.0402 85.7454 72.0613 -0.277105 0.687423 0.671313
-3.00755 82.1054 75.7642 -0.281372 0.680755 0.676314
-3.01819 78.5061 79.3527 -0.296623 0.670658 0.679877
-3.05392 74.8166 82.9597 -0.303107 0.662209 0.685278
-3.02804 71.1461 86.5169 -0.317362 0.656578 0.684242
-3.02861 67.4303 90.0227 -0.322866 0.642577 0.694875
-3.01203 63.7105 93.4604 -0.324989 0.639376 0.696836
-2.97271 59.9678 96.8638 -0.324167 0.629714 0.705958
-2.99086 56.1767 100.211 -0.332864 0.622727 0.708105
-3.01331 52.246 103.622 -0.325294 0.61931 0.71459
-2.98206 48.3518 106.939 -0.326547 0.600353 0.73003
-3.00915 44.4118 110.141 -0.326454 0.594075 0.735189
-3.02214 40.3473 113.36 -0.325775 0.579522 0.747011
-3.03488 36.367 116.447 -0.321776 0.580707 0.747822
-3.04612 32.2831 119.564 -0.314749 0.57122 0.758051
-3.01465 28.1974 122.62 -0.297635 0.566171 0.768677
-3.03548 23.9655 125.671 -0.293446 0.558227 0.776062
-2.46309 19.9562 128.724 -0.282161 0.551284 0.785157
-0.719787 16.4313 131.797 -0.264211 0.54985 0.792374
2.30456 13.5741 134.749 -0.247422 0.550095 0.797607
6.28935 11.7716 137.196 -0.23561 0.551607 0.800136
11.0268 11.3599 138.83 -0.219025 0.554502 0.802841
15.9132 11.397 140.051 -0.18378 0.56401 0.805058
20.8104 11.4087 141.096 -0.163065 0.572868 0.803263
25.7824 11.4506 141.896 -0.109623 0.580873 0.806579
30.9027 11.4093 142.5 -0.0667255 0.585734 0.807752
35.909 11.4799 142.852 -0.0513417 0.615857 0.786183
33.936 10.0077 143.838 -0.074973 0.627531 0.774973
29.3861 8.16338 144.885 -0.107846 0.623057 0.774706
24.8388 5.97983 145.761 -0.138683 0.590071 0.795351
20.3664 3.81576 146.507 -0.188573 0.573277 0.797366
15.7165 2.58621 146.192 -0.202375 0.562757 0.801467
10.8485 2.66931 144.8 -0.225524 0.560378 0.796941
6.04676 2.67209 143.387 -0.237114 0.55415 0.797932
1.14076 2.67297 141.905 -0.240287 0.555051 0.796354
-3.64975 2.65167 140.433 -0.252362 0.560015 0.789111
-8.48048 2.61372 138.902 -0.25831 0.564234 0.784166
-13.2651 2.63063 137.239 -0.276411 0.568058 0.775182
-18.1135 2.6152 135.506 -0.285147 0.569509 0.770941
-22.8397 2.59904 133.747 -0.294125 0.575186 0.763314
-27.5081 2.59385 131.864 -0.311033 0.573946 0.757525
-32.2618 2.59564 129.91 -0.315254 0.575012 0.754962
-36.8303 2.6359 127.872 -0.340033 0.578987 0.741046
-41.4306 2.63603 125.731 -0.344653 0.575811 0.741388
-46.0731 2.57619 123.554 -0.371413 0.58172 0.723639
-50.5359 2.59167 121.228 -0.385894 0.582278 0.715568
-55.104 2.56585 118.71 -0.40057 0.58153 0.708072
-59.4345 2.56521 116.201 -0.411344 0.586247 0.697934
-63.7656 2.60227 113.537 -0.427371 0.584993 0.689302
-68.0412 2.59355 110.796 -0.443696 0.584906 0.678983
-72.2749 2.55122 107.993 -0.457857 0.586048 0.668517
-76.4084 2.55652 105.103 -0.475246 0.583308 0.658705
-80.4869 2.6153 102.086 -0.494764 0.577015 0.649817
-84.4436 2.57094 98.9666 -0.520767 0.575734 0.630342
-88.4208 2.60919 95.6484 -0.521564 0.574908 0.630438
-92.2783 2.63125 92.2507 -0.548634 0.570986 0.610718
-96.0944 2.58512 88.8084 -0.568774 0.567575 0.595277
-99.7315 2.60374 85.2587 -0.574229 0.564661 0.592806
-103.284 2.63458 81.6508 -0.601051 0.560439 0.569776
-106.754 2.65838 78.0024 -0.607866 0.555034 0.567834
-110.077 2.65453 74.2274 -0.63777 0.545126 0.544138
-113.43 2.67755 70.264 -0.648488 0.535427 0.541092
-116.661 2.72519 66.2879 -0.654445 0.531847 0.537439
-119.831 2.6975 62.2629 -0.680082 0.529555 0.507011
-122.884 2.64702 58.1435 -0.679222 0.543552 0.493156
-125.764 2.62828 53.9998 -0.695344 0.542026 0.471914
-128.515 2.60958 49.7022 -0.721722 0.581888 0.374864
-130.78 2.58907 45.189 -0.716242 0.607952 0.342625
-132.876 2.49847 40.5493 -0.742132 0.61987 0.254951
-134.31 2.5118 35.7307 -0.763479 0.611195 0.208664
-135.328 2.50907 30.8385 -0.782841 0.616429 0.0846194
-135.662 2.51938 25.7406 -0.792833 0.607844 0.0440559
-135.699 2.54837 20.7285 -0.803979 0.593538 -0.0364721
-135.446 2.57605 15.7125 -0.8075 0.588487 -0.0403377
-135.185 2.58133 10.6497 -0.812083 0.581475 -0.0490555
-134.842 2.59934 5.56273 -0.810124 0.583584 -0.0559306
-134.461 2.56228 0.463359 -0.808586 0.584384 -0.0684415
-133.981 2.5677 -4.56955 -0.800567 0.592406 -0.0902623
-133.254 2.59671 -9.59285 -0.807492 0.578226 -0.11667
-132.18 2.64728 -14.7352 -0.790334 0.554405 -0.260781
-130.33 2.69386 -19.5935 -0.793085 0.525353 -0.308253
-128.132 2.83915 -24.1471 -0.755686 0.476555 -0.449258
-125.548 2.8328 -28.4348 -0.752015 0.461759 -0.470374
-122.697 2.87065 -32.5499 -0.737303 0.449727 -0.504109
-123.119 5.23312 -29.8589 -0.736193 0.447077 -0.508076
-124.083 7.86235 -25.6404 -0.760762 0.477002 -0.440126
-124.934 10.0397 -21.1673 -0.799508 0.529607 -0.283376
-125.726 11.3159 -16.4041 -0.798936 0.534293 -0.276103
-126.761 11.3484 -11.4012 -0.810163 0.569853 -0.137489
-127.549 11.3483 -6.44457 -0.828624 0.550889 -0.0994487
-128.083 11.3745 -1.42632 -0.81569 0.572954 -0.079839
-128.426 11.3904 3.5788 -0.815093 0.57717 -0.0499752
-128.744 11.389 8.62273 -0.809156 0.585259 -0.0523319
-129.122 11.3603 13.8708 -0.81683 0.575529 -0.0394357
-129.347 11.4124 18.889 -0.827576 0.560066 -0.0379859
-129.494 11.3587 23.9354 -0.834245 0.550176 0.036626
-129.28 11.3275 28.9811 -0.83388 0.548444 0.0620761
-128.365 11.3396 33.9705 -0.836208 0.515709 0.186539
-126.957 11.3233 38.7762 -0.802825 0.528438 0.27609
-125.117 11.2849 43.6527 -0.788324 0.516426 0.334438
-122.807 11.2854 48.1485 -0.736321 0.529476 0.421291
-120.176 11.2926 52.5401 -0.70804 0.536987 0.458611
-117.3 11.3593 56.6584 -0.687216 0.529233 0.497639
-113.941 12.2985 60.1758 -0.674144 0.521878 0.52266
-112.793 12.8475 61.0992 -0.669794 0.519536 0.530522
-103.959 13.87 70.2993 -0.61967 0.531772 0.577258
-100.541 16.8764 71.14 -0.607502 0.543915 0.578876
-96.4632 18.1006 74.0498 -0.567704 0.559174 0.604183
-92.5063 19.0086 77.002 -0.575489 0.571505 0.584962
-88.3903 20.1565 79.6653 -0.537938 0.581221 0.610578
-84.1674 21.1982 82.3495 -0.523398 0.585482 0.619084
-80.0692 21.7924 85.1876 -0.504973 0.585633 0.634062
-75.8444 22.3042 88.067 -0.50279 0.587903 0.633697
-71.6981 22.8618 90.808 -0.47535 0.601465 0.642092
-67.4222 23.0117 93.6732 -0.449559 0.593547 0.667532
-63.2314 22.9621 96.5463 -0.45039 0.595565 0.66517
-59.0874 22.8883 99.4001 -0.433869 0.603923 0.668606
-54.9981 22.3622 102.372 -0.406718 0.598762 0.689974
-51.0102 21.621 105.326 -0.400714 0.590977 0.700125
-46.9166 20.8416 108.323 -0.395144 0.593158 0.701444
-42.8324 19.8532 111.357 -0.369129 0.59376 0.714974
-38.9602 18.5737 114.393 -0.359668 0.593786 0.719762
-35.0426 17.2809 117.325 -0.336671 0.587866 0.735572
-32.0285 15.0788 120.427 -0.333229 0.581266 0.742353
-34.584 11.6764 121.913 -0.344445 0.566887 0.748329
-39.4163 10.5789 120.532 -0.345771 0.571599 0.744122
-44.1832 9.76114 118.815 -0.374744 0.575028 0.727262
-48.8007 8.94812 117.046 -0.388126 0.57231 0.72237
-53.3961 8.27155 115.027 -0.401818 0.575184 0.712535
-57.8524 7.8145 112.801 -0.415872 0.571929 0.70707
-62.3166 7.39366 110.441 -0.43277 0.571566 0.697153
-66.6387 7.12655 107.868 -0.45039 0.574631 0.683336
-70.9444 6.92555 105.136 -0.463447 0.571693 0.67704
-75.0124 7.02014 102.232 -0.468931 0.57517 0.670286
-79.1278 7.14602 99.0892 -0.502881 0.580651 0.640277
-83.0239 7.27426 95.8803 -0.517705 0.568368 0.639481
-86.7884 7.68373 92.4061 -0.524436 0.566963 0.635233
-90.4065 8.13564 88.8752 -0.559506 0.559142 0.611811
-93.8226 8.75707 85.2201 -0.555843 0.552322 0.621273
-97.1911 9.50475 81.3098 -0.5866 0.547265 0.596993
-100.367 10.2909 77.4384 -0.600556 0.542514 0.587376
-103.234 11.3586 73.3863 -0.612079 0.542589 0.575288
-103.987 13.7924 70.3413 -0.619675 0.532814 0.576292
-98.8492 22.0583 68.033 -0.591135 0.547252 0.592516
-94.8257 23.2217 70.803 -0.570219 0.566156 0.595246
-90.7657 24.1125 73.7975 -0.555265 0.566786 0.608631
-86.555 25.1848 76.5526 -0.537792 0.572875 0.618542
-82.3654 26.189 79.2148 -0.531677 0.577891 0.619162
-78.1535 26.8424 82.113 -0.51398 0.580902 0.631171
-73.951 27.3355 84.9875 -0.499291 0.575511 0.647685
-69.696 27.8049 87.7924 -0.487693 0.571564 0.659902
-65.5347 27.9508 90.6001 -0.455956 0.582703 0.672727
-61.3543 27.9146 93.4519 -0.445598 0.589595 0.673662
-57.1537 27.8085 96.2817 -0.436924 0.587673 0.680983
-52.9502 27.3716 99.242 -0.410528 0.591822 0.693696
-48.8024 26.6611 102.301 -0.410071 0.592054 0.693768
-44.7792 25.838 105.273 -0.387418 0.591344 0.707262
-40.7559 25.0094 108.167 -0.381407 0.594274 0.708073
-36.9434 23.6977 111.19 -0.365 0.588917 0.721076
-33.0451 22.4286 114.124 -0.352766 0.581714 0.732915
-29.2506 20.8813 117.101 -0.336883 0.587267 0.735953
-26.7094 18.1591 120.376 -0.324204 0.584232 0.74402
-26.4768 14.201 123.527 -0.319679 0.571801 0.755544
-28.7183 10.2787 125.546 -0.320738 0.572795 0.754342
-31.3734 7.64123 126.401 -0.325295 0.572407 0.752684
-26.6532 7.64038 128.402 -0.31188 0.571005 0.759398
-22.0051 7.69583 130.245 -0.302173 0.569542 0.764404
-17.2944 7.727 132.049 -0.295055 0.565015 0.77052
-12.555 7.75667 133.784 -0.282791 0.562003 0.777292
-7.71255 7.71309 135.533 -0.26758 0.556172 0.786813
-2.85093 7.80283 137.078 -0.253686 0.555082 0.792166
-0.665678 8.55806 137.254 -0.25568 0.548861 0.795851
-4.06182 11.0483 134.419 -0.267562 0.547632 0.792786
-6.55947 14.1548 131.363 -0.27828 0.557574 0.782094
-8.22749 17.8702 128.104 -0.283809 0.559737 0.778551
-8.94441 21.7372 125.001 -0.302557 0.563755 0.768531
-8.96863 25.7889 122.005 -0.306827 0.567424 0.764125
-8.83526 29.8851 118.986 -0.313223 0.572607 0.757636
-8.89602 33.8414 115.924 -0.314088 0.582766 0.749488
-8.94685 37.7684 112.84 -0.319703 0.588401 0.742681
-8.92506 41.7089 109.725 -0.322629 0.592624 0.738043
-8.89502 45.6069 106.543 -0.324955 0.604304 0.727476
-8.81632 49.5685 103.265 -0.320403 0.609276 0.725345
-8.80754 53.41 99.9695 -0.329339 0.623584 0.708998
-8.80484 57.1633 96.6575 -0.329034 0.625128 0.707779
-8.79412 60.9366 93.2924 -0.324607 0.633031 0.702782
-8.83203 64.7654 89.8248 -0.323353 0.633714 0.702744
-8.92024 68.4509 86.396 -0.312937 0.645045 0.697127
-8.94024 72.1484 82.9096 -0.311564 0.650995 0.692194
-8.99159 75.7605 79.4473 -0.30015 0.656925 0.691635
-8.9652 79.4332 75.8844 -0.294028 0.666982 0.684602
-8.84312 83.1587 72.2775 -0.284132 0.675597 0.680322
-9.06403 86.7353 68.6158 -0.278548 0.683885 0.674323
-9.10083 90.2661 64.9971 -0.276042 0.687253 0.671925
-9.10991 93.7864 61.3948 -0.26904 0.686171 0.67586
-9.16964 97.2815 57.7904 -0.272087 0.691813 0.668852
-9.11257 100.763 54.1934 -0.251906 0.700251 0.667976
-9.14193 104.246 50.4957 -0.263134 0.709654 0.653569
-9.12107 107.699 46.6297 -0.268561 0.726927 0.632022
-9.11106 111.1 42.683 -0.284976 0.732101 0.618722
-8.59137 114.469 38.8516 -0.293026 0.743119 0.601584
-7.27474 117.816 35.2671 -0.286275 0.753838 0.591418
-5.16693 121.177 32.0247 -0.289824 0.749771 0.594849
-2.36495 124.407 29.3588 -0.291628 0.746772 0.597733
1.05694 127.407 27.2532 -0.293732 0.766239 0.571489
5.10455 129.935 25.632 -0.24152 0.836463 0.491932
1.67491 129.384 24.8202 -0.253676 0.794293 0.552039
-3.13534 128.702 23.6301 -0.254616 0.754998 0.604275
-7.98397 128.456 21.778 -0.284783 0.742185 0.606679
-12.5218 128.38 19.6117 -0.312798 0.720348 0.619076
-16.7972 128.54 16.9857 -0.354231 0.72662 0.58868
-20.8889 128.863 14.0612 -0.352347 0.746915 0.563888
-24.2031 129.03 11.8088 -0.323139 0.767707 0.553315
-24.0596 126.019 15.8553 -0.331395 0.74163 0.583234
-24.853 122.652 19.7096 -0.342361 0.742481 0.575769
-26.4038 119.302 23.1674 -0.338728 0.748192 0.570501
-28.7072 115.986 26.1301 -0.342988 0.743291 0.574349
-31.5658 112.619 28.6143 -0.356469 0.73582 0.575759
-34.868 109.352 30.5838 -0.395227 0.722023 0.567871
-38.0577 106.003 32.4827 -0.42183 0.692808 0.584852
-41.1717 102.454 34.2821 -0.445097 0.683386 0.578682
-44.3953 98.8791 36.0344 -0.449068 0.684608 0.574151
-47.5067 95.3453 37.8224 -0.445449 0.689536 0.571063
-50.5085 91.7639 39.6611 -0.461363 0.66533 0.586924
-53.5792 88.0551 41.4921 -0.456722 0.671767 0.583211
-56.6929 84.415 43.1415 -0.468448 0.656002 0.591793
-59.7759 80.6351 44.8883 -0.467209 0.653388 0.595651
-62.81 76.88 46.5388 -0.477894 0.639465 0.602248
-65.7315 73.0416 48.2635 -0.479144 0.635436 0.605509
-68.5624 69.2441 49.9297 -0.479939 0.620612 0.62008
-71.4435 65.3698 51.5462 -0.483833 0.615242 0.622401
-74.2192 61.4994 53.2064 -0.487704 0.611658 0.622912
-76.9794 57.5755 54.8139 -0.506409 0.593619 0.625433
-79.6804 53.6173 56.3437 -0.511063 0.584246 0.630453
-82.33 49.5623 57.8956 -0.518788 0.576739 0.631056
-84.9547 45.4724 59.4598 -0.525142 0.574636 0.62771
-87.5661 41.386 60.9787 -0.531553 0.567717 0.628608
-90.153 37.1841 62.511 -0.543481 0.559673 0.625615
-92.6592 33.0084 63.9972 -0.565255 0.548178 0.616431
-95.0397 28.8682 65.49 -0.573332 0.545158 0.611632
-97.4574 24.7355 66.9369 -0.577415 0.549966 0.603431
-98.9277 22.1727 67.849 -0.595328 0.545131 0.590245
-77.4807 47.954 -55.2881 -0.625723 0.525742 -0.576252
-79.8029 43.6387 -56.6954 -0.635513 0.521669 -0.569197
-81.9819 39.3563 -58.0884 -0.650065 0.514751 -0.55897
-79.8772 38.4787 -61.3293 -0.638661 0.521734 -0.565597
-76.4972 38.3656 -65.2277 -0.627834 0.52982 -0.570189
-73.0577 38.203 -69.1134 -0.621564 0.534074 -0.573083
-69.7319 37.8405 -72.9066 -0.59426 0.550187 -0.586643
-66.6543 36.9349 -76.893 -0.596063 0.551002 -0.584042
-63.5368 36.1572 -80.7511 -0.578113 0.55746 -0.595839
-60.4184 35.2014 -84.6632 -0.572401 0.559501 -0.599429
-57.6702 33.7071 -88.5865 -0.557937 0.565784 -0.60712
-54.8129 32.2434 -92.55 -0.54668 0.567126 -0.616043
-52.0195 30.6575 -96.4681 -0.545071 0.56549 -0.618966
-49.1888 28.9768 -100.409 -0.532455 0.565415 -0.629919
-46.8442 26.8492 -104.295 -0.52628 0.568149 -0.632642
-44.3034 24.8774 -108.178 -0.525997 0.567844 -0.633151
-41.7761 22.8077 -112.125 -0.523512 0.566624 -0.636296
-39.5079 20.4405 -116.063 -0.516928 0.559842 -0.647582
-38.5109 17.0623 -119.693 -0.518614 0.547979 -0.656323
-39.7262 12.8695 -122.21 -0.511038 0.546979 -0.663064
-42.8893 9.05523 -122.916 -0.514506 0.547209 -0.660186
-42.0487 7.80426 -124.609 -0.51527 0.547101 -0.659679
-38.0176 7.80326 -127.718 -0.504079 0.545186 -0.669833
-33.9855 7.84072 -130.702 -0.496418 0.547127 -0.67396
-29.8992 7.85054 -133.694 -0.493065 0.540735 -0.681537
-25.764 7.87672 -136.653 -0.483906 0.543039 -0.686253
-21.5609 7.86431 -139.637 -0.487006 0.537011 -0.688798
-17.3272 7.9778 -142.512 -0.483567 0.534094 -0.693474
-13.3429 11.0053 -142.967 -0.484455 0.530982 -0.695242
-9.5513 14.2619 -143.145 -0.490344 0.528203 -0.693228
-7.59075 17.7961 -141.848 -0.493976 0.526646 -0.691832
-8.07012 21.6362 -138.553 -0.498913 0.530352 -0.685427
-8.01848 25.603 -135.503 -0.505777 0.532516 -0.678688
-7.99806 29.5279 -132.387 -0.509943 0.540245 -0.669398
-7.97091 33.4344 -129.164 -0.518683 0.556553 -0.649013
-8.08215 37.2026 -125.795 -0.520053 0.573384 -0.633069
-8.24735 40.8356 -122.315 -0.51383 0.58971 -0.623074
-8.5216 44.5012 -118.63 -0.505154 0.600055 -0.620285
-8.48003 48.1471 -115.076 -0.503673 0.613542 -0.608178
-8.26277 51.8017 -111.527 -0.490239 0.625294 -0.607185
-8.20362 55.3015 -107.922 -0.483625 0.636236 -0.601091
-8.3433 58.6762 -104.207 -0.466277 0.647089 -0.60321
-8.33868 62.1733 -100.375 -0.457922 0.657516 -0.598314
-8.35971 65.5463 -96.6084 -0.449198 0.666749 -0.594699
-8.45559 68.8502 -92.814 -0.431973 0.677634 -0.595157
-8.51963 72.1674 -88.9878 -0.416217 0.689071 -0.593248
-8.57085 75.4577 -85.1158 -0.407903 0.693339 -0.59405
-8.60483 78.7481 -81.2111 -0.39917 0.705217 -0.585945
-8.6568 82.0096 -77.2497 -0.382151 0.714419 -0.586145
-8.70726 85.2343 -73.3215 -0.367803 0.719641 -0.58893
-8.80949 88.4925 -69.2927 -0.336764 0.726469 -0.599026
-8.9901 91.6831 -65.3674 -0.322766 0.73036 -0.601994
-8.95513 94.9334 -61.4657 -0.30773 0.729259 -0.611134
-8.99704 98.1309 -57.5648 -0.288722 0.733307 -0.615549
-9.03831 101.347 -53.7254 -0.278718 0.731409 -0.622376
-9.06475 104.618 -49.8886 -0.277166 0.730728 -0.623871
-9.03621 107.936 -45.991 -0.269309 0.738526 -0.618103
-8.92169 111.226 -42.1053 -0.279806 0.743324 -0.6076
-8.38504 114.541 -38.2583 -0.284654 0.750229 -0.596765
-6.99958 117.933 -34.647 -0.286058 0.750099 -0.596257
-4.82703 121.274 -31.5339 -0.304703 0.735067 -0.605667
-1.92976 124.506 -28.9869 -0.289078 0.736996 -0.610959
1.50509 127.609 -26.9984 -0.289787 0.758048 -0.584282
5.52446 130.218 -25.3835 -0.29094 0.82241 -0.488872
1.6195 129.444 -24.5897 -0.267317 0.772381 -0.576164
-3.19003 128.787 -23.2701 -0.276426 0.739801 -0.61342
-7.88536 128.407 -21.5867 -0.288684 0.72385 -0.62666
-12.4453 128.319 -19.4087 -0.319601 0.729197 -0.605085
-16.7469 128.579 -16.7081 -0.346761 0.727832 -0.591623
-20.7391 129.002 -13.7184 -0.340022 0.750084 -0.567234
-24.2155 129.571 -10.915 -0.292488 0.782689 -0.549408
-24.0377 126.608 -14.935 -0.323601 0.751749 -0.574591
-24.6535 123.306 -18.8191 -0.330008 0.74084 -0.585022
-25.903 119.993 -22.3395 -0.329726 0.744873 -0.580039
-28.0784 116.591 -25.46 -0.338183 0.744203 -0.576015
-30.8593 113.294 -28.0071 -0.352277 0.737037 -0.576782
-34.1164 109.971 -30.0892 -0.397876 0.712034 -0.578529
-37.3488 106.509 -31.9561 -0.438677 0.691032 -0.574483
-40.3996 102.96 -33.7466 -0.465953 0.679975 -0.566147
-43.3973 99.269 -35.5193 -0.483811 0.662111 -0.572308
-46.2942 95.5371 -37.2184 -0.506668 0.637445 -0.580475
-49.1459 91.721 -38.8862 -0.511459 0.632489 -0.581693
-51.982 87.8891 -40.5137 -0.519019 0.617011 -0.591537
-54.7804 83.9635 -42.1335 -0.533125 0.613806 -0.582254
-57.5453 80.0051 -43.7399 -0.540792 0.607003 -0.582316
-60.253 76.0252 -45.3537 -0.543861 0.602172 -0.58447
-62.9685 71.971 -46.904 -0.56291 0.585056 -0.583817
-65.5517 67.9717 -48.4192 -0.566788 0.584505 -0.580608
-68.1376 63.8725 -49.9248 -0.58571 0.571794 -0.574453
-70.6381 59.7732 -51.4249 -0.603369 0.556701 -0.570987
-73.225 55.4759 -52.8175 -0.608366 0.547718 -0.574365
-75.6164 51.2241 -54.3002 -0.616928 0.537884 -0.574527
-77.4016 48.0952 -55.2452 -0.625734 0.525739 -0.576243
-18.1365 133.064 -9.64799 -0.412181 0.755301 -0.509537
-21.265 133.43 -5.76993 -0.336909 0.89303 -0.297973
-23.2692 133.579 -1.17365 -0.275858 0.960997 -0.0196929
-22.4536 133.468 3.71819 -0.342201 0.92572 0.16106
-20.0615 133.043 8.11001 -0.410357 0.819311 0.400421
-16.3681 132.862 11.6687 -0.407934 0.743166 0.530372
-12.3125 132.775 14.6114 -0.367488 0.709228 0.601616
-7.81904 132.708 16.9632 -0.291244 0.716216 0.634202
-3.08949 132.75 18.7865 -0.227873 0.712704 0.663399
1.8446 133.047 19.751 -0.155656 0.796881 0.583739
6.803 133.344 19.3704 0.155891 0.890307 0.427845
11.4116 133.237 17.5618 0.304139 0.927784 0.21614
14.5001 133.023 13.62 0.530358 0.818521 0.220777
16.5365 132.78 8.90506 0.668818 0.71714 0.195943
17.6635 132.64 3.98627 0.727184 0.679685 0.0960303
17.9515 132.582 -1.07181 0.720167 0.692951 -0.0334939
17.2749 132.72 -6.03514 0.688534 0.71538 -0.118536
15.9304 132.915 -10.9397 0.612936 0.767883 -0.186158
13.6416 133.257 -15.5494 0.400104 0.879802 -0.256274
10.0321 133.305 -19.2092 0.171868 0.917371 -0.359016
5.10402 133.309 -19.7536 -0.05702 0.861276 -0.504927
0.131019 132.954 -19.2033 -0.149509 0.782124 -0.60492
-4.69653 132.75 -17.905 -0.246072 0.715884 -0.65342
-9.36856 132.637 -15.998 -0.318717 0.694669 -0.644868
-13.7181 132.824 -13.2838 -0.391691 0.728237 -0.562208
-17.6501 132.994 -10.139 -0.408103 0.748791 -0.522268
-18.0034 133.045 -9.78351 -0.412181 0.755301 -0.509536
18.6466 130.289 -17.9547 0.545943 0.836612 0.0450275
20.3006 129.142 -13.3043 0.633778 0.772078 -0.0470717
21.4798 128.592 -8.40134 0.671039 0.738721 -0.0632304
22.1787 128.259 -3.30569 0.683209 0.729868 -0.0227775
22.2669 128.261 1.73772 0.695223 0.718629 0.0154436
21.7616 128.436 6.70738 0.674629 0.735914 0.0575095
20.7771 128.906 11.6284 0.64329 0.762693 0.0668613
19.1373 129.82 16.2531 0.55628 0.830477 0.0286008
20.1282 129.149 16.7352 0.559448 0.828616 0.0203019
23.5304 126.448 14.1616 0.650956 0.75858 0.0285131
27.0993 123.378 12.376 0.664521 0.746861 0.0246881
30.8139 120.138 11.4313 0.661839 0.749082 0.0290658
34.6135 116.796 11.3212 0.661959 0.748969 0.0292665
38.3365 113.467 12.144 0.665115 0.746286 0.0260555
41.9282 110.123 13.8418 0.678058 0.734006 0.0383746
45.3243 106.852 15.6662 0.697807 0.713698 0.059802
48.5868 103.389 17.5427 0.706332 0.70234 0.0883998
51.762 99.8983 19.4133 0.713984 0.693846 0.0938379
54.9 96.4187 21.1857 0.713817 0.6917 0.109609
58.0479 92.8482 23.0421 0.717271 0.687711 0.112142
61.1762 89.271 24.8218 0.721124 0.683975 0.110266
64.2463 85.731 26.6069 0.723778 0.680819 0.112386
67.3534 82.1512 28.3289 0.721557 0.683136 0.112606
70.4465 78.4979 30.2103 0.729883 0.673421 0.117368
73.4632 74.895 32.0011 0.735869 0.665877 0.122898
76.4674 71.2678 33.7039 0.737571 0.664827 0.118299
79.5235 67.5368 35.3765 0.74227 0.65909 0.120974
82.4536 63.8339 37.2134 0.747991 0.651951 0.124373
85.4083 60.0853 38.863 0.753017 0.645442 0.127948
88.4125 56.2158 40.6083 0.75532 0.640119 0.140498
91.355 52.3622 42.3246 0.758238 0.636017 0.143373
94.2092 48.5719 43.9372 0.757678 0.634769 0.151633
97.1164 44.6223 45.591 0.766508 0.621738 0.160954
99.9806 40.6793 47.1505 0.765941 0.621189 0.165705
102.723 36.7672 48.8437 0.769242 0.61131 0.185919
105.51 32.7614 50.3672 0.77331 0.603931 0.193024
108.247 28.7355 51.8714 0.776708 0.598629 0.195875
110.897 24.7577 53.421 0.774686 0.595044 0.213973
113.454 20.7681 55.0965 0.777997 0.589111 0.21833
115.609 16.9391 57.634 0.775963 0.58597 0.233495
117.258 13.3535 60.8676 0.775037 0.577942 0.255539
118.164 10.3166 64.8899 0.776877 0.571985 0.263239
118.281 8.0176 69.3911 0.774266 0.567854 0.27938
119.79 7.67883 65.8058 0.773244 0.573408 0.270734
121.391 7.70978 61.048 0.777601 0.573266 0.258267
123.017 7.63405 56.1932 0.779709 0.582487 0.229701
124.539 7.54046 51.2272 0.777703 0.590629 0.215257
125.925 7.511 46.2864 0.777361 0.593088 0.209659
127.195 7.51339 41.3374 0.778083 0.596723 0.196233
128.432 7.46679 36.3694 0.779936 0.599801 0.178712
129.57 7.44213 31.3495 0.781122 0.602775 0.16282
130.547 7.41959 26.4394 0.782572 0.605119 0.146327
131.456 7.38781 21.4261 0.783665 0.606312 0.135109
132.242 7.39513 16.4252 0.784943 0.609166 0.113052
132.946 7.36812 11.3892 0.78466 0.611516 0.101767
133.595 7.30656 6.4326 0.784562 0.613576 0.0893704
134.091 7.33797 1.39159 0.783943 0.616279 0.0750657
134.486 7.36727 -3.64384 0.785037 0.616991 0.0551251
134.866 7.32061 -8.66008 0.784739 0.617874 0.0491689
135.074 7.3753 -13.7183 0.783076 0.621517 0.0224667
135.241 7.30622 -18.9071 0.781699 0.623455 0.0157991
135.3 7.27134 -23.9695 0.78393 0.620849 -0.000136773
135.212 7.31971 -29.0796 0.786217 0.617661 -0.0189027
134.963 7.37499 -34.1472 0.782832 0.621033 -0.0386288
134.721 7.33085 -39.1855 0.783996 0.619041 -0.0462418
134.325 7.35015 -44.2392 0.78226 0.619593 -0.0646083
133.893 7.34518 -49.3263 0.781842 0.619465 -0.0706116
133.124 7.70568 -54.2307 0.783653 0.616238 -0.0783514
131.19 9.51843 -58.5502 0.777875 0.620801 -0.0975485
129.258 11.234 -62.8273 0.781674 0.613126 -0.114289
127.067 13.3975 -66.2876 0.783855 0.610199 -0.115018
124.979 16.6698 -63.0815 0.78253 0.613508 -0.106086
122.497 20.2571 -60.5927 0.78167 0.615552 -0.100439
119.72 24.0582 -58.8828 0.779426 0.619283 -0.0947823
116.805 27.9373 -57.1691 0.773782 0.62808 -0.0823251
113.905 31.7052 -55.473 0.772323 0.630341 -0.0786573
110.923 35.4829 -53.7593 0.764043 0.642128 -0.0625297
107.868 39.2252 -52.1149 0.759557 0.648799 -0.0461668
104.817 42.8838 -50.3902 0.755638 0.653845 -0.0387037
101.689 46.5249 -48.6813 0.747818 0.663001 -0.0346158
98.5412 50.1361 -46.7205 0.741972 0.6698 -0.0290871
95.4434 53.6275 -44.8139 0.736403 0.676054 -0.0257088
92.2994 57.1105 -43.0733 0.732181 0.680627 -0.0256471
89.1545 60.5508 -41.2363 0.729256 0.683662 -0.0281352
85.9396 64.0542 -39.451 0.72773 0.685035 -0.0336907
82.77 67.4911 -37.5045 0.724805 0.687921 -0.0377237
79.4595 71.0689 -35.6541 0.720035 0.692701 -0.0414268
76.1886 74.591 -33.7239 0.716545 0.696063 -0.0453795
73.0036 77.988 -31.8685 0.714992 0.697047 -0.0539534
69.7736 81.4544 -29.9097 0.712598 0.699493 -0.0539866
66.5618 84.8659 -28.0785 0.713747 0.697937 -0.0586737
63.3362 88.2957 -26.1918 0.704528 0.706432 -0.0677809
60.1229 91.6707 -24.2763 0.70155 0.709536 -0.0662302
56.806 95.1347 -22.41 0.700736 0.70989 -0.0708927
53.5706 98.4986 -20.4684 0.693833 0.715986 -0.0772036
50.2997 101.882 -18.5011 0.69131 0.718377 -0.0775672
46.9715 105.187 -16.6529 0.684131 0.725847 -0.0714967
43.6321 108.468 -14.7968 0.678647 0.732895 -0.0479872
40.1029 111.827 -12.8903 0.674966 0.737214 -0.0305812
36.4954 115.115 -11.6803 0.663347 0.7478 -0.0276817
32.735 118.45 -11.3165 0.659741 0.750823 -0.0317242
28.9833 121.714 -11.7813 0.65907 0.751466 -0.0304204
25.3523 124.837 -13.1824 0.653223 0.756427 -0.0334409
21.9273 127.756 -15.3614 0.640025 0.768298 -4.0242e-05
18.6648 130.276 -17.9357 0.545925 0.836622 0.0450443
6.01694 130.397 25.2367 -0.203499 0.871385 0.446404
6.04706 130.397 25.2493 -0.203542 0.871186 0.446772
-5.5923 124.168 28.1001 -0.285666 0.743435 0.60473
-10.3937 123.075 27.1552 -0.291531 0.742072 0.603605
-15.2571 121.932 26.1268 -0.310815 0.740186 0.596254
-19.991 120.73 25.043 -0.324561 0.747191 0.57997
-23.4397 119.835 24.225 -0.339095 0.746604 0.572361
-21.7544 123.662 20.2575 -0.344575 0.740816 0.576594
-17.0164 124.933 21.3836 -0.334931 0.733802 0.591064
-12.2084 126.146 22.4677 -0.307748 0.73924 0.599011
-11.4755 126.323 22.6272 -0.310473 0.736815 0.600591
-8.91527 119.921 31.794 -0.287891 0.749578 0.59603
-13.8178 118.793 30.7979 -0.300398 0.749666 0.589713
-18.7042 117.629 29.7103 -0.314519 0.746632 0.586189
-23.4956 116.429 28.6009 -0.334363 0.738118 0.58599
-26.1169 115.743 27.955 -0.339336 0.737373 0.584065
-30.053 111.255 31.3119 -0.353686 0.736676 0.576381
-25.3195 112.482 32.5092 -0.335801 0.737553 0.585879
-20.4636 113.718 33.6813 -0.323859 0.738285 0.591651
-15.5222 114.922 34.8096 -0.308766 0.740718 0.596658
-10.9117 116.006 35.7914 -0.295849 0.749709 0.591954
-11.939 112.235 39.955 -0.2944 0.741752 0.602605
-16.7634 111.113 38.9149 -0.307872 0.739809 0.598246
-21.5108 109.938 37.7985 -0.341737 0.724123 0.599051
-26.2766 108.738 36.6334 -0.337067 0.723823 0.602051
-30.9683 107.488 35.4112 -0.355233 0.709133 0.609048
-34.9831 106.302 34.2434 -0.395663 0.698907 0.595802
-39.6424 101.165 37.0081 -0.433464 0.693766 0.57515
-34.9612 102.685 38.5249 -0.393084 0.701049 0.594992
-30.2358 104.038 39.8713 -0.354069 0.713047 0.605143
-25.5151 105.3 41.107 -0.339177 0.716684 0.609363
-20.648 106.555 42.3295 -0.331729 0.722573 0.606501
-15.9025 107.732 43.4397 -0.308134 0.725336 0.615582
-12.1895 108.573 44.2463 -0.283717 0.728896 0.62307
-12.228 104.847 48.5283 -0.280552 0.713295 0.642262
-17.0151 103.764 47.4805 -0.312052 0.708755 0.632685
-21.7969 102.591 46.3401 -0.332223 0.696753 0.635738
-26.5833 101.347 45.1155 -0.349831 0.708377 0.613042
-31.3826 100.061 43.8286 -0.377806 0.692636 0.614425
-36.0535 98.6651 42.4391 -0.392761 0.692361 0.60529
-40.6095 97.1983 40.9588 -0.448633 0.674715 0.586079
-44.543 95.8099 39.555 -0.449127 0.6714 0.589497
-48.9026 90.5904 42.2093 -0.443373 0.675108 0.589618
-44.3225 92.163 43.8347 -0.434993 0.672717 0.598526
-39.8121 93.7023 45.4125 -0.425421 0.667678 0.610919
-35.2151 95.1545 46.8948 -0.40235 0.677792 0.615396
-30.5662 96.5271 48.2757 -0.38234 0.684623 0.62057
-25.695 97.8015 49.5567 -0.328303 0.698767 0.635564
-20.9336 98.9821 50.7327 -0.328872 0.69553 0.638812
-16.1689 100.088 51.814 -0.304015 0.692832 0.65388
-12.1447 100.992 52.6934 -0.290437 0.687087 0.666001
-12.1765 97.0488 56.8003 -0.275618 0.691983 0.667229
-17.0475 95.9724 55.7477 -0.300863 0.688452 0.659936
-21.883 94.8573 54.6429 -0.317032 0.686592 0.65428
-26.7307 93.6614 53.4409 -0.328758 0.665963 0.669635
-31.47 92.37 52.129 -0.391291 0.660329 0.640981
-36.1857 90.9662 50.7004 -0.395195 0.662208 0.636633
-40.7906 89.5782 49.2538 -0.407296 0.672164 0.618308
-45.4169 88.0685 47.6804 -0.440979 0.669067 0.598237
-49.9177 86.5209 46.0555 -0.451556 0.665567 0.594237
-53.4105 85.2901 44.7496 -0.458393 0.662285 0.592667
-57.7301 79.9718 47.2077 -0.465023 0.648125 0.603064
-53.278 81.5305 48.9412 -0.458346 0.648288 0.607982
-48.6677 83.1426 50.6736 -0.451693 0.647119 0.614175
-44.0558 84.6527 52.2763 -0.422926 0.656785 0.624313
-39.4933 86.0606 53.7654 -0.38865 0.658459 0.644502
-34.7886 87.4437 55.2102 -0.39115 0.661873 0.639473
-30.1173 88.7872 56.5946 -0.358074 0.670943 0.649322
-25.3617 90.0216 57.8542 -0.337072 0.675068 0.656251
-20.5741 91.1983 59.0611 -0.321708 0.674253 0.664746
-15.6887 92.3072 60.1728 -0.289723 0.679699 0.673847
-12.2245 93.0415 60.895 -0.274436 0.682933 0.676969
-12.2355 89.0044 64.9838 -0.286335 0.682522 0.67244
-17.1685 87.9304 63.8951 -0.300811 0.672684 0.676024
-21.9765 86.8274 62.7687 -0.323958 0.662738 0.675152
-26.7082 85.6543 61.5578 -0.352079 0.659281 0.664371
-31.4565 84.3867 60.2465 -0.373407 0.652903 0.659003
-36.2687 83.0425 58.8356 -0.38442 0.658519 0.646973
-40.9509 81.6533 57.3585 -0.40232 0.658021 0.636511
-45.6618 80.2113 55.8112 -0.431755 0.639634 0.635968
-50.2265 78.6726 54.1469 -0.446376 0.637578 0.627887
-54.8378 77.1067 52.4258 -0.457428 0.640315 0.617054
-59.3644 75.5121 50.6697 -0.472267 0.635428 0.610898
-62.0811 74.5316 49.5677 -0.472894 0.628693 0.617345
-66.0573 69.1245 51.9876 -0.479811 0.62061 0.620182
-61.6527 70.7231 53.7743 -0.475491 0.627183 0.616888
-57.0953 72.3493 55.608 -0.469983 0.627645 0.620627
-52.6317 73.8758 57.2998 -0.449829 0.633401 0.629648
-48.0398 75.3957 58.9623 -0.436827 0.629258 0.64282
-43.5049 76.8888 60.5821 -0.436087 0.630404 0.642199
-38.7738 78.3078 62.1107 -0.383686 0.651487 0.654485
-34.0593 79.608 63.4939 -0.373543 0.651842 0.659975
-29.2183 80.9098 64.8629 -0.35422 0.649554 0.672762
-24.4097 82.1508 66.1551 -0.340994 0.657672 0.671707
-19.6309 83.3141 67.3528 -0.320838 0.672802 0.666634
-14.8721 84.4012 68.4534 -0.302775 0.668119 0.679665
-12.1534 84.9955 69.0595 -0.295633 0.671431 0.679545
-11.9071 80.9442 73.1417 -0.300111 0.663744 0.685111
-16.756 79.8509 72.0322 -0.31301 0.655278 0.687485
-21.6383 78.7128 70.8491 -0.32755 0.652565 0.683278
-26.3522 77.5439 69.6235 -0.352716 0.654375 0.668868
-31.1298 76.2714 68.2764 -0.367321 0.648462 0.666763
-35.9405 74.9715 66.9013 -0.36439 0.639935 0.676538
-40.6678 73.6328 65.4688 -0.391544 0.628798 0.671793
-45.2789 72.2259 63.9417 -0.432593 0.630781 0.644188
-49.7861 70.7462 62.3297 -0.437498 0.629073 0.642544
-54.3461 69.2312 60.6647 -0.455804 0.6209 0.637751
-58.9242 67.6471 58.8877 -0.470694 0.619217 0.628504
-63.3665 66.0643 57.1225 -0.477519 0.618497 0.624049
-67.8432 64.429 55.2736 -0.484739 0.614792 0.622141
-70.1858 63.5829 54.2851 -0.484245 0.614391 0.622921
-74.004 58.1373 56.6609 -0.492411 0.599597 0.630884
-69.6103 59.7216 58.5451 -0.484869 0.613806 0.623012
-65.1152 61.3412 60.4171 -0.479928 0.611048 0.629515
-60.6739 62.9263 62.2004 -0.466416 0.614127 0.636635
-56.1853 64.5006 63.9517 -0.464543 0.612356 0.639703
-51.6064 66.0711 65.6933 -0.439756 0.63081 0.639291
-47.1 67.536 67.2954 -0.427919 0.627693 0.650297
-42.4848 68.9383 68.8236 -0.407602 0.631464 0.659632
-37.8015 70.308 70.3051 -0.384143 0.637635 0.667725
-33.1055 71.6071 71.6946 -0.370412 0.642863 0.670464
-28.4517 72.863 73.0302 -0.347982 0.645708 0.679684
-23.7279 74.0383 74.2731 -0.339668 0.645693 0.683891
-18.9735 75.1803 75.4706 -0.323722 0.650692 0.68688
-14.1145 76.294 76.6255 -0.312378 0.659821 0.683415
-12.0965 76.761 77.0986 -0.313051 0.660163 0.682776
-12.006 72.5985 81.1016 -0.313458 0.649584 0.692665
-16.8067 71.4984 79.9561 -0.316507 0.647859 0.692894
-21.5836 70.3611 78.762 -0.337156 0.640009 0.690445
-26.3118 69.2085 77.5317 -0.336857 0.641255 0.689434
-31.0817 67.98 76.23 -0.364247 0.638054 0.678389
-35.8227 66.7018 74.8554 -0.383307 0.623339 0.68156
-40.4309 65.3773 73.4244 -0.394698 0.627423 0.671233
-45.0509 64.0031 71.929 -0.410857 0.622295 0.666292
-49.61 62.5831 70.375 -0.442957 0.614288 0.653023
-54.164 61.0395 68.6763 -0.461622 0.609117 0.644889
-58.628 59.5057 66.9747 -0.458133 0.616632 0.640218
-63.11 57.9079 65.1933 -0.479502 0.597425 0.642776
-67.6543 56.2657 63.3139 -0.485133 0.597141 0.638802
-72.0703 54.6661 61.4467 -0.486346 0.596366 0.638604
-76.5095 53.0081 59.4829 -0.509544 0.585276 0.630727
-77.8929 52.478 58.8524 -0.51149 0.585103 0.629311
-81.6697 46.7439 61.0185 -0.520008 0.57619 0.630553
-77.3774 48.4072 63.0257 -0.512042 0.577346 0.635991
-72.9842 50.0725 64.9903 -0.50388 0.583695 0.636714
-68.5023 51.722 66.8796 -0.477597 0.593135 0.648145
-63.9562 53.355 68.7347 -0.476003 0.594485 0.648081
-59.4878 54.9708 70.5477 -0.478423 0.587155 0.652963
-54.944 56.5593 72.2961 -0.454552 0.598937 0.659285
-50.4212 58.1029 73.989 -0.436299 0.609407 0.662017
-45.8047 59.568 75.59 -0.423054 0.605856 0.673768
-41.1587 60.9325 77.0718 -0.389171 0.615007 0.685793
-36.5236 62.2503 78.5004 -0.384261 0.616861 0.686896
-31.8855 63.5355 79.891 -0.363761 0.621874 0.693506
-27.0987 64.7793 81.2367 -0.33653 0.638265 0.692362
-22.3097 65.9528 82.4895 -0.338296 0.638313 0.691457
-17.5348 67.1064 83.7224 -0.324221 0.638964 0.697571
-12.6073 68.2511 84.9167 -0.313278 0.649937 0.692415
-11.9149 68.4101 85.0828 -0.313705 0.651215 0.69102
-11.8909 64.122 89.0065 -0.320012 0.632662 0.705217
-16.7439 62.9942 87.7755 -0.327018 0.631463 0.703074
-21.47 61.8707 86.5608 -0.336672 0.623901 0.705265
-26.3162 60.6902 85.285 -0.338784 0.622261 0.705703
-31.1409 59.4306 83.9221 -0.371808 0.622738 0.688445
-35.8433 58.1582 82.5366 -0.370936 0.629414 0.682821
-40.6023 56.7833 81.0505 -0.397789 0.606657 0.688282
-45.1947 55.4337 79.5886 -0.396535 0.604114 0.691236
-49.888 53.959 77.9817 -0.441337 0.588978 0.676998
-54.4262 52.433 76.3131 -0.446023 0.589953 0.673066
-58.9892 50.8947 74.6254 -0.475005 0.599839 0.643866
-63.4485 49.2855 72.8336 -0.473966 0.595265 0.648858
-67.8544 47.7022 71.0534 -0.478244 0.594218 0.646675
-72.3094 46.061 69.2058 -0.509168 0.583618 0.632565
-76.6996 44.3553 67.2389 -0.507288 0.580345 0.63707
-80.9962 42.6836 65.2715 -0.519478 0.573637 0.633312
-85.3452 40.974 63.2244 -0.531045 0.566891 0.629782
-85.3924 40.9552 63.2014 -0.531099 0.566846 0.629777
-89.0732 35.0317 65.3612 -0.539039 0.561406 0.627901
-84.8525 36.7701 67.4228 -0.528607 0.567064 0.631675
-80.5829 38.492 69.4189 -0.527482 0.575307 0.625128
-76.3055 40.2025 71.3761 -0.511301 0.581583 0.632718
-71.9467 41.9161 73.3098 -0.500002 0.585083 0.638496
-67.5224 43.561 75.1458 -0.48294 0.598357 0.639326
-63.0918 45.1838 76.9191 -0.47407 0.602636 0.641941
-58.577 46.7866 78.6808 -0.434806 0.604137 0.667804
-53.9714 48.2879 80.3174 -0.432164 0.604631 0.669071
-49.41 49.7951 81.9549 -0.443432 0.593929 0.67128
-44.8283 51.2084 83.4878 -0.403183 0.599019 0.691824
-40.1984 52.583 84.9809 -0.397004 0.600987 0.693687
-35.4259 53.9875 86.5037 -0.397435 0.601596 0.692912
-30.7641 55.2893 87.9162 -0.37034 0.615726 0.695507
-26.0345 56.4617 89.1861 -0.335457 0.627333 0.702796
-21.1955 57.6276 90.4521 -0.334276 0.62231 0.707806
-16.4042 58.76 91.7123 -0.330811 0.623303 0.70856
-11.7144 59.8496 92.9108 -0.328018 0.628728 0.705057
-11.8742 55.4868 96.7083 -0.331313 0.623357 0.708278
-16.6471 54.3673 95.4605 -0.331103 0.62303 0.708664
-21.3758 53.2458 94.2175 -0.334643 0.62164 0.708221
-26.1469 52.1076 92.9537 -0.339327 0.618393 0.708835
-30.8555 50.9132 91.6504 -0.367372 0.605369 0.706093
-35.4977 49.6226 90.2419 -0.397926 0.608307 0.686744
-40.2447 48.2952 88.8036 -0.378914 0.621918 0.685304
-44.8649 46.898 87.2904 -0.417237 0.593197 0.688499
-49.4094 45.4756 85.7592 -0.417791 0.592697 0.688593
-53.993 44.0329 84.207 -0.421966 0.594121 0.68481
-58.7278 42.5032 82.5729 -0.455574 0.607265 0.650908
-63.1936 40.902 80.8486 -0.477422 0.598249 0.643558
-67.6117 39.2342 79.0523 -0.491981 0.588861 0.641248
-72.083 37.5205 77.1869 -0.496445 0.587525 0.639028
-76.4392 35.8009 75.3058 -0.515605 0.578864 0.631718
-80.7095 34.053 73.3768 -0.533768 0.571133 0.623618
-84.9971 32.2588 71.3638 -0.53682 0.565152 0.62644
-89.3078 30.4481 69.2854 -0.538658 0.563962 0.625934
-92.6564 28.9877 67.5726 -0.564928 0.548018 0.616873
-84.5108 28.026 75.6729 -0.530868 0.575832 0.621769
-80.2169 29.861 77.6419 -0.531994 0.573169 0.623265
-75.8898 31.6612 79.5507 -0.515172 0.576635 0.634106
-71.4997 33.4098 81.3979 -0.492493 0.585344 0.644068
-67.0725 35.121 83.1943 -0.483945 0.586037 0.64989
-62.5254 36.8029 84.9594 -0.455569 0.583288 0.672482
-57.9952 38.3678 86.6061 -0.427251 0.58567 0.688801
-53.4481 39.8368 88.159 -0.41962 0.59264 0.687529
-48.8514 41.2894 89.6962 -0.416887 0.592571 0.689249
-44.2139 42.7457 91.2474 -0.415436 0.589528 0.692726
-39.5715 44.1414 92.7572 -0.403807 0.59033 0.698892
-34.8193 45.4806 94.21 -0.373764 0.600316 0.707051
-30.1283 46.7359 95.5845 -0.36277 0.60219 0.711171
-25.4398 47.9115 96.8778 -0.342618 0.608747 0.71557
-20.5924 49.0887 98.1765 -0.334876 0.613912 0.714822
-15.7379 50.2395 99.4622 -0.334858 0.613927 0.714817
-11.8754 51.1511 100.487 -0.334992 0.614914 0.713906
-11.855 46.755 104.228 -0.331507 0.609792 0.7199
-16.7058 45.6325 102.937 -0.333386 0.608934 0.719759
-21.4463 44.5016 101.664 -0.343272 0.601135 0.721665
-26.2655 43.3268 100.351 -0.342996 0.600879 0.722009
-31.1404 42.114 99.0127 -0.350839 0.601198 0.717965
-35.854 40.8308 97.6073 -0.38242 0.599362 0.703222
-40.6536 39.4631 96.1212 -0.405238 0.593213 0.695615
-45.3645 38.015 94.5767 -0.410287 0.588843 0.696368
-50.0238 36.5587 93.0377 -0.415943 0.590946 0.691212
-54.7221 35.0665 91.4854 -0.421341 0.590423 0.688384
-59.2908 33.5497 89.9138 -0.441492 0.582103 0.682818
-63.8289 31.9587 88.2819 -0.456635 0.583154 0.671875
-67.9973 30.4354 86.7358 -0.48411 0.586249 0.649576
-56.0206 30.3087 94.8097 -0.4232 0.596339 0.682115
-51.3494 31.8115 96.3448 -0.417315 0.597849 0.684416
-46.8033 33.2562 97.8455 -0.409379 0.600094 0.687238
-42.1923 34.6584 99.3261 -0.399042 0.590854 0.701182
-37.5385 35.9928 100.768 -0.38883 0.584736 0.711966
-32.8989 37.2718 102.166 -0.354465 0.589719 0.725663
-28.2124 38.4467 103.462 -0.349882 0.596744 0.722135
-23.3709 39.6335 104.802 -0.343976 0.599903 0.722355
-18.6449 40.7678 106.096 -0.33755 0.602154 0.723512
-13.8758 41.8811 107.378 -0.335154 0.598956 0.727271
-11.8442 42.3457 107.93 -0.329731 0.598036 0.730501
-11.8954 37.8535 111.5 -0.320295 0.589035 0.741923
-16.6297 36.8168 110.259 -0.331681 0.593682 0.733164
-21.3769 35.7097 108.968 -0.338542 0.595612 0.728448
-26.0943 34.5796 107.679 -0.350051 0.59241 0.725613
-30.84 33.3933 106.354 -0.351488 0.594769 0.722984
-35.5236 32.1668 104.993 -0.370825 0.591122 0.716284
-40.2299 30.8706 103.579 -0.380472 0.591635 0.710781
-44.8528 29.521 102.149 -0.396137 0.594192 0.700008
-46.6987 28.9692 101.572 -0.398557 0.5932 0.699475
-38.183 27.0866 107.796 -0.365857 0.587747 0.721597
-33.4184 28.3451 109.192 -0.366722 0.58546 0.723016
-28.7291 29.5261 110.524 -0.351838 0.589029 0.727499
-24.0298 30.6588 111.817 -0.335094 0.580791 0.741885
-19.2209 31.7687 113.107 -0.330008 0.581578 0.743547
-14.3097 32.8583 114.399 -0.318248 0.582477 0.747956
-11.9224 33.3664 115.017 -0.317575 0.583499 0.747445
-11.8533 28.8779 118.497 -0.314035 0.57525 0.755294
-16.693 27.8604 117.259 -0.316397 0.574043 0.755227
-21.5253 26.7868 115.977 -0.331979 0.577077 0.746172
-26.2794 25.6824 114.691 -0.341541 0.576949 0.741943
-30.7999 24.5943 113.444 -0.337813 0.584558 0.737682
-25.2533 21.483 118.421 -0.324967 0.5797 0.747224
-20.3722 22.58 119.707 -0.322603 0.572691 0.753626
-15.5907 23.5964 120.931 -0.314037 0.572265 0.757558
-11.9078 24.3606 121.882 -0.312157 0.571161 0.759166
-11.7726 19.8867 125.26 -0.299832 0.569357 0.765463
-16.6617 18.901 124.039 -0.308222 0.569175 0.76226
-21.5449 17.8646 122.799 -0.318419 0.575723 0.753095
-23.2616 17.4918 122.363 -0.313213 0.577547 0.753881
-23.9541 12.8992 125.56 -0.311971 0.570163 0.759992
-19.1362 13.9287 126.753 -0.30861 0.570142 0.761379
-14.3543 14.9024 127.934 -0.304521 0.564354 0.767314
-10.7631 15.5932 128.802 -0.292849 0.563309 0.772607
-8.65098 11.4983 132.513 -0.275958 0.555136 0.784647
-13.4775 10.6112 131.39 -0.285877 0.562124 0.776074
-14.7862 10.3585 131.081 -0.295004 0.564407 0.770985
92.2577 51.9599 39.283 0.7574 0.63798 0.139022
95.5558 48.1121 38.9966 0.755651 0.639725 0.140514
98.8464 44.2132 38.6459 0.76446 0.628028 0.145539
102.074 40.3795 38.2458 0.762752 0.629401 0.148538
105.319 36.5466 37.7699 0.765731 0.625671 0.148967
108.627 32.5957 37.2262 0.773353 0.615147 0.153361
111.909 28.6024 36.6099 0.774774 0.613623 0.152289
115.135 24.6749 35.9178 0.773535 0.613715 0.158106
118.289 20.8551 35.2338 0.769791 0.614729 0.171841
121.516 16.9836 34.4789 0.776068 0.606146 0.174084
124.724 13.0642 33.7006 0.781467 0.60005 0.171027
127.244 9.97105 33.0677 0.778669 0.603464 0.171774
128.872 9.84952 25.3163 0.783946 0.605055 0.139058
125.722 13.7711 26.0011 0.782429 0.604133 0.151092
122.532 17.677 26.6634 0.773718 0.615812 0.148782
119.338 21.5369 27.2928 0.771855 0.618474 0.14741
116.124 25.3773 27.9143 0.769646 0.620975 0.148439
112.929 29.1985 28.4806 0.767089 0.627915 0.131522
109.689 33.0602 29.0103 0.770561 0.6245 0.127419
106.384 37.0383 29.5005 0.769914 0.625846 0.124701
103.164 40.9018 29.9575 0.768504 0.627518 0.12499
99.9361 44.7386 30.3571 0.763699 0.63498 0.116464
96.6086 48.6403 30.7008 0.759194 0.638369 0.126922
93.3351 52.4184 30.9742 0.754585 0.643486 0.128555
90.0564 56.2073 31.2425 0.754085 0.644369 0.127059
86.7674 59.9777 31.4583 0.750116 0.648951 0.127235
83.4293 63.7856 31.6057 0.747192 0.652502 0.126279
80.0531 67.6053 31.74 0.741219 0.660242 0.121142
79.2351 68.525 31.7383 0.741795 0.659365 0.122385
65.5168 84.8351 23.8651 0.722629 0.68246 0.109801
68.9992 81.1209 23.8413 0.723356 0.682562 0.104241
72.4351 77.4414 23.8128 0.732368 0.673259 0.101781
75.8358 73.7056 23.7469 0.737032 0.668019 0.102642
79.3167 69.8597 23.662 0.740268 0.664578 0.101679
82.6812 66.0896 23.5193 0.742824 0.659498 0.11522
86.1002 62.255 23.3676 0.746101 0.655738 0.115504
89.4053 58.5042 23.1636 0.751705 0.649178 0.116221
92.804 54.6092 22.9192 0.752864 0.647856 0.116092
96.1557 50.7198 22.6433 0.759511 0.639908 0.116878
99.4472 46.8121 22.3118 0.768247 0.630471 0.11092
102.697 42.9561 21.9434 0.763735 0.635381 0.114019
105.948 39.1105 21.552 0.768411 0.629129 0.117224
109.193 35.209 21.1377 0.76898 0.627753 0.120812
112.433 31.3268 20.6961 0.767512 0.629434 0.121399
115.711 27.452 20.1929 0.765777 0.631994 0.119031
118.963 23.6131 19.6712 0.766232 0.631173 0.120452
122.139 19.7857 19.1422 0.776046 0.620866 0.110805
125.288 15.933 18.6052 0.777003 0.618796 0.115579
128.461 11.995 18.0383 0.78683 0.60537 0.120109
130.115 9.90211 17.7225 0.78404 0.607815 0.125866
131.13 9.90004 10.1716 0.783891 0.612899 0.0993417
127.978 13.8509 10.6445 0.783889 0.613326 0.0966912
124.787 17.8317 11.1362 0.778214 0.621951 0.086953
121.585 21.7454 11.6002 0.771918 0.627556 0.101562
118.341 25.6646 12.0542 0.773453 0.625834 0.10051
115.154 29.5123 12.5049 0.767415 0.631943 0.108266
111.917 33.3658 12.9077 0.766234 0.63254 0.113045
108.592 37.3366 13.2978 0.768995 0.6304 0.106035
105.319 41.1915 13.6724 0.762248 0.638944 0.103574
101.959 45.1644 14.0287 0.767618 0.631933 0.106874
98.7469 48.9861 14.357 0.759718 0.64308 0.0963151
95.4077 52.8304 14.6568 0.756541 0.648569 0.0836908
92.0359 56.7285 14.9152 0.756046 0.649191 0.083334
88.6867 60.5202 15.1411 0.739799 0.667175 0.0870374
85.2447 64.3468 15.3514 0.748983 0.656761 0.0876886
81.7882 68.1824 15.5364 0.73793 0.67123 0.0700733
78.3926 71.941 15.6749 0.749682 0.657009 0.0794733
75.0412 75.685 15.7965 0.738288 0.669624 0.0808427
71.5798 79.4442 15.889 0.73345 0.675001 0.0801497
68.1426 83.1363 15.9476 0.730033 0.677326 0.0909977
64.7238 86.8214 16.0046 0.726115 0.682019 0.0872223
61.2379 90.4923 16.0581 0.727144 0.681989 0.0784438
57.7725 94.1763 16.0953 0.719512 0.687235 0.100054
54.2451 97.8329 16.0445 0.703941 0.705254 0.0841713
51.9678 100.117 16.0463 0.701603 0.708239 0.0784194
49.3484 103.134 -14.4858 0.690349 0.721303 -0.0560397
52.9414 99.6503 -14.6287 0.695872 0.716195 -0.0531655
56.5422 96.0859 -14.7822 0.707577 0.705033 -0.0475748
60.0411 92.5063 -14.9491 0.716217 0.696433 -0.0448731
63.5556 88.9233 -15.1247 0.714835 0.698279 -0.0376451
67.0558 85.2482 -15.3134 0.725171 0.687935 -0.0295279
70.5948 81.5104 -15.4873 0.720179 0.69348 -0.0206771
74.1147 77.845 -15.7091 0.720567 0.693114 -0.0194178
77.5301 74.174 -15.9413 0.737686 0.675103 -0.00738343
80.9964 70.4177 -16.1861 0.734146 0.678976 -0.00466098
84.4073 66.7258 -16.4329 0.733867 0.67928 -0.00418165
87.8027 63.0579 -16.7031 0.738091 0.674686 -0.00450005
91.1962 59.3019 -16.9762 0.743509 0.668682 -0.0076142
94.6229 55.4692 -17.235 0.747768 0.663936 -0.00563127
98.031 51.6743 -17.5163 0.737284 0.67554 -0.00767114
101.383 47.9673 -17.7899 0.742846 0.669462 -0.000854372
104.752 44.1624 -18.0693 0.755741 0.654827 -0.00757637
108.062 40.3343 -18.3188 0.755508 0.655111 -0.00608475
111.372 36.4379 -18.5568 0.765635 0.643224 0.00808363
114.612 32.614 -18.8011 0.763349 0.645811 0.015079
117.956 28.6268 -19.0383 0.773153 0.634196 0.00539666
121.226 24.6222 -19.241 0.775001 0.631911 0.00787367
124.477 20.677 -19.4145 0.770497 0.637309 0.0131038
127.744 16.6915 -19.5642 0.778224 0.627871 0.0120467
130.983 12.6759 -19.6911 0.778399 0.627662 0.0116453
133.324 9.75717 -19.7749 0.784441 0.620135 0.00919346
133.109 9.78101 -12.3124 0.776875 0.628798 0.0328504
129.947 13.6776 -12.0958 0.777177 0.628423 0.032873
126.752 17.6121 -11.8683 0.773764 0.632673 0.031851
123.57 21.4687 -11.6426 0.771729 0.635228 0.0303352
120.418 25.3533 -11.3968 0.777192 0.628529 0.0304032
117.228 29.2242 -11.1399 0.771438 0.635481 0.0323485
113.931 33.1712 -10.8713 0.765716 0.642562 0.0281783
110.71 36.9944 -10.5919 0.765403 0.643175 0.0220158
107.395 40.9056 -10.3128 0.76283 0.646176 0.0233944
104.082 44.7731 -10.0388 0.753738 0.65674 0.0238856
100.746 48.5888 -9.75152 0.753093 0.657503 0.0232506
97.3884 52.3441 -9.49353 0.744566 0.667492 0.00871288
93.9871 56.1402 -9.23576 0.747851 0.663813 0.00841116
90.6446 59.8584 -8.97347 0.743316 0.668723 0.0170487
87.163 63.6399 -8.71218 0.735604 0.677315 0.0113932
83.7769 67.3718 -8.47651 0.738921 0.673752 0.00741883
80.3457 71.1027 -8.24504 0.735597 0.677394 0.00594044
76.9502 74.7868 -8.04424 0.735027 0.67798 0.00880782
73.431 78.5951 -7.84255 0.733957 0.679188 0.00325926
69.9436 82.358 -7.6626 0.731 0.682376 0.00126297
66.5034 86.0288 -7.50657 0.730518 0.682886 -0.0032664
63.0512 89.6713 -7.35257 0.723487 0.69031 -0.00620635
59.5694 93.2737 -7.24732 0.715528 0.698427 -0.0147964
56.0734 96.8649 -7.09752 0.713907 0.699921 -0.0211471
52.5125 100.431 -6.96879 0.69931 0.714302 -0.0271764
48.8336 103.942 -6.85063 0.681581 0.731441 -0.0210312
45.1595 107.353 -6.76645 0.67978 0.733256 -0.0153115
41.4423 110.773 -6.66562 0.675778 0.736986 -0.0132453
37.7314 114.139 -6.59392 0.671746 0.740651 -0.0138725
33.9807 117.522 -6.50464 0.666921 0.744787 -0.0225659
30.1582 120.918 -6.42655 0.662908 0.748251 -0.0259562
26.3922 124.277 -6.38526 0.668685 0.742788 -0.0335541
24.125 126.326 -6.3841 0.679675 0.732311 -0.041968
24.7043 125.959 0.819912 0.665798 0.746079 0.00893959
28.4383 122.611 0.811969 0.668646 0.743563 0.00516084
32.2609 119.179 0.806932 0.669501 0.742747 0.00982128
36.1014 115.722 0.807834 0.66412 0.747626 0.000307297
39.8714 112.325 0.795701 0.672485 0.740063 -0.00835387
43.6272 108.906 0.7747 0.675347 0.73736 -0.0143755
47.3649 105.476 0.741633 0.67701 0.735829 -0.014592
51.111 101.94 0.702959 0.705747 0.708456 -0.00325563
54.6728 98.2982 0.639249 0.718999 0.694925 0.0109697
58.1899 94.6937 0.549215 0.708786 0.705375 0.00825212
61.6959 91.0837 0.448356 0.722681 0.69117 0.0040853
65.131 87.4343 0.342365 0.732118 0.6811 0.0102974
68.6312 83.6724 0.223214 0.734557 0.678434 0.0123674
72.1122 79.9054 0.0828557 0.734341 0.678698 0.0105865
75.5817 76.1197 -0.0767549 0.740857 0.671529 0.0133959
79.0277 72.3284 -0.247871 0.735521 0.677271 0.0176797
82.4333 68.6178 -0.448823 0.737752 0.674611 0.024946
85.8128 64.926 -0.658526 0.738987 0.673015 0.0308217
89.2566 61.1316 -0.894459 0.741186 0.670413 0.0344974
92.7177 57.3099 -1.15708 0.74438 0.667131 0.0288839
96.0566 53.582 -1.41267 0.744737 0.66661 0.0315819
99.428 49.7464 -1.68577 0.756629 0.651372 0.0568111
102.694 45.9658 -1.96895 0.758595 0.65007 0.0440707
105.963 42.0919 -2.26994 0.766918 0.639865 0.0490906
109.294 38.1253 -2.57665 0.765845 0.641206 0.0483436
112.528 34.2826 -2.87825 0.766276 0.640306 0.0531943
115.842 30.3323 -3.20244 0.768825 0.637549 0.0493886
119.143 26.3761 -3.52913 0.769926 0.636346 0.0477296
122.361 22.4682 -3.84482 0.774292 0.630678 0.0521316
125.564 18.6068 -4.14908 0.771612 0.633344 0.0590827
128.712 14.7324 -4.45983 0.778224 0.625102 0.0601218
131.835 10.8244 -4.74159 0.783564 0.618917 0.0544961
132.575 9.89506 -4.81395 0.783017 0.619764 0.0527005
131.961 9.88337 2.65461 0.782171 0.618317 0.0767596
128.807 13.8098 3.04351 0.782186 0.618285 0.0768668
125.634 17.7553 3.42934 0.78163 0.619766 0.0703204
122.44 21.7071 3.82098 0.774428 0.629462 0.0635537
119.231 25.5931 4.19253 0.774715 0.628272 0.071349
116.039 29.452 4.56348 0.768372 0.636206 0.0696145
112.821 33.2701 4.91901 0.765943 0.640591 0.0545389
109.584 37.111 5.27451 0.765409 0.641011 0.0570435
106.342 40.9673 5.62175 0.77033 0.634937 0.0587195
103.113 44.7846 5.94561 0.755809 0.650909 0.0712046
99.8466 48.5699 6.24867 0.758589 0.649352 0.0537107
96.5834 52.3605 6.53662 0.758552 0.64928 0.055088
93.2954 56.1591 6.80142 0.756564 0.65146 0.056669
89.9972 59.9099 7.04143 0.742311 0.669402 0.029579
86.6127 63.608 7.25826 0.736611 0.674579 0.0484479
83.1708 67.395 7.46218 0.740913 0.669085 0.0580846
79.7893 71.1531 7.63953 0.74377 0.665734 0.0600364
76.3384 74.9781 7.80263 0.741253 0.669622 0.0463746
72.9691 78.6797 7.93103 0.737743 0.673582 0.0449659
69.5669 82.3869 8.03799 0.735275 0.676391 0.0432021
66.1676 86.1026 8.13711 0.725998 0.685111 0.0595745
62.6159 89.8438 8.22357 0.721648 0.690485 0.0495389
59.1256 93.4674 8.2837 0.712834 0.699968 0.0437299
55.632 97.0481 8.3121 0.716709 0.696373 0.0373178
52.0392 100.7 8.34589 0.704698 0.707867 0.0482198
48.4377 104.272 8.34527 0.69722 0.715819 0.0385581
44.7933 107.746 8.32987 0.686276 0.726341 0.0381273
41.0536 111.192 8.27826 0.662134 0.749059 0.0221157
37.2717 114.544 8.19971 0.663845 0.74752 0.0228727
33.4811 117.912 8.116 0.663036 0.748144 0.0257606
29.6602 121.291 8.02525 0.664334 0.746861 0.0293021
25.9142 124.633 7.97631 0.667295 0.7435 0.0438711
23.8989 126.433 7.98391 0.663578 0.746585 0.0477072
-4.30423 125.2 -27.0446 -0.286471 0.735454 -0.614037
-9.23111 124.072 -26.0744 -0.293422 0.73333 -0.613295
-14.1158 122.931 -25.0631 -0.308134 0.737485 -0.600973
-18.9753 121.748 -23.9832 -0.323055 0.734848 -0.596351
-22.8012 120.771 -23.0977 -0.32539 0.742126 -0.585977
-21.4916 124.517 -19.0725 -0.330664 0.741689 -0.583573
-16.6396 125.804 -20.193 -0.331929 0.7334 -0.593252
-15.0513 126.22 -20.5605 -0.322798 0.729875 -0.602564
-8.10898 120.775 -30.5943 -0.286867 0.74009 -0.608255
-13.0073 119.667 -29.6064 -0.293893 0.742134 -0.602382
-17.8892 118.533 -28.5619 -0.30724 0.742615 -0.595086
-22.6797 117.373 -27.4682 -0.320003 0.743666 -0.586991
-25.1501 116.766 -26.8876 -0.320963 0.742999 -0.587312
-28.8272 112.395 -30.3402 -0.338343 0.733064 -0.590035
-24.0722 113.574 -31.5056 -0.324673 0.740063 -0.588977
-19.3272 114.72 -32.6146 -0.308014 0.743465 -0.593621
-14.421 115.856 -33.6845 -0.295222 0.749708 -0.592268
-10.409 116.754 -34.5062 -0.284984 0.749967 -0.596936
-11.7519 112.952 -38.6302 -0.290731 0.747349 -0.597449
-16.7214 111.813 -37.5729 -0.305178 0.739014 -0.600603
-21.6305 110.646 -36.4508 -0.319508 0.733628 -0.599754
-26.4712 109.455 -35.2834 -0.336305 0.73012 -0.594831
-31.3121 108.194 -34.0102 -0.361472 0.719247 -0.593314
-33.5684 107.562 -33.3645 -0.387698 0.704999 -0.593857
-38.3205 102.361 -36.0813 -0.438887 0.681189 -0.585969
-33.7139 103.848 -37.6083 -0.397034 0.700243 -0.593315
-28.9977 105.2 -38.9726 -0.358595 0.7126 -0.603002
-24.292 106.415 -40.1838 -0.330932 0.720169 -0.609787
-19.489 107.602 -41.3336 -0.311743 0.736853 -0.599887
-14.643 108.738 -42.3951 -0.296953 0.737726 -0.606284
-11.9929 109.343 -42.9577 -0.293546 0.737669 -0.60801
-12.059 105.676 -47.2802 -0.299013 0.727358 -0.61769
-16.8373 104.555 -46.2487 -0.31311 0.717565 -0.622144
-21.6838 103.373 -45.128 -0.323603 0.719284 -0.614745
-26.4216 102.144 -43.9402 -0.349361 0.703288 -0.619138
-31.1497 100.87 -42.6547 -0.365633 0.688328 -0.626513
-35.8242 99.4406 -41.2083 -0.433124 0.659789 -0.614069
-40.4148 97.8478 -39.5697 -0.449159 0.653451 -0.60931
-42.7378 96.9883 -38.6682 -0.485159 0.646097 -0.589219
-46.9304 91.4511 -41.1361 -0.521245 0.627551 -0.578345
-42.5452 93.1559 -42.9399 -0.473244 0.640982 -0.604303
-37.9659 94.7945 -44.6389 -0.445747 0.653382 -0.611884
-33.4157 96.3274 -46.2008 -0.42171 0.663436 -0.618072
-28.773 97.7203 -47.5969 -0.364632 0.696562 -0.617936
-24.0458 99.0035 -48.8483 -0.352652 0.701498 -0.619304
-19.2511 100.262 -50.0335 -0.322011 0.716413 -0.61892
-14.4417 101.415 -51.0995 -0.305407 0.720895 -0.622123
-12.1612 101.955 -51.5845 -0.294962 0.725868 -0.62138
-11.9823 98.2828 -55.9718 -0.297983 0.731584 -0.613181
-16.7639 97.1256 -54.9379 -0.324842 0.714579 -0.61956
-21.5096 95.8817 -53.7897 -0.350269 0.698602 -0.623913
-26.2723 94.5743 -52.5513 -0.365102 0.687037 -0.628236
-30.9847 93.1713 -51.1851 -0.387586 0.67721 -0.625431
-35.5442 91.6866 -49.696 -0.418609 0.66947 -0.613657
-40.1091 90.098 -48.0734 -0.454825 0.656429 -0.601859
-44.5542 88.4324 -46.3317 -0.479126 0.636135 -0.60479
-48.8885 86.7019 -44.4952 -0.507905 0.626685 -0.591015
-51.0779 85.8045 -43.5265 -0.520994 0.629185 -0.576794
-55.0931 80.0982 -45.9091 -0.538032 0.607516 -0.584334
-50.8341 81.9001 -47.8897 -0.51585 0.620254 -0.590917
-46.444 83.6939 -49.8092 -0.507034 0.629212 -0.589074
-41.9397 85.4424 -51.6113 -0.478975 0.632177 -0.609044
-37.4054 87.1631 -53.3686 -0.467831 0.636333 -0.613363
-32.6692 88.6867 -54.8999 -0.403783 0.667075 -0.626076
-28.0128 90.1366 -56.3113 -0.39291 0.672293 -0.627411
-23.3715 91.5035 -57.6122 -0.364918 0.68496 -0.630606
-18.6311 92.8119 -58.8163 -0.341229 0.705834 -0.620775
-13.922 94.0733 -59.9398 -0.325471 0.713303 -0.6207
-11.9152 94.5876 -60.3817 -0.313388 0.724302 -0.614145
-12.1219 90.7888 -64.7702 -0.328982 0.722137 -0.608514
-16.8541 89.5255 -63.6679 -0.346172 0.714019 -0.608557
-21.7353 88.0961 -62.3835 -0.380977 0.693677 -0.611284
-26.4741 86.635 -61.0353 -0.396971 0.676768 -0.619999
-31.1823 85.1396 -59.6031 -0.400309 0.668941 -0.626314
-35.799 83.6417 -58.1249 -0.442532 0.64157 -0.626541
-40.3029 82.0067 -56.485 -0.471614 0.633233 -0.613675
-44.7394 80.3096 -54.754 -0.501428 0.619692 -0.603781
-49.1053 78.5394 -52.8934 -0.516953 0.614531 -0.595912
-53.4982 76.7001 -50.9078 -0.537881 0.606842 -0.585172
-57.791 74.8335 -48.874 -0.541485 0.603361 -0.585448
-59.0958 74.2693 -48.2467 -0.543293 0.603249 -0.583886
-63.0074 68.3335 -50.5331 -0.563497 0.586028 -0.582274
-58.7682 70.2298 -52.6465 -0.545991 0.594193 -0.590618
-54.5409 72.0939 -54.6616 -0.548061 0.597602 -0.585236
-50.1558 73.9995 -56.6819 -0.51834 0.615075 -0.594143
-45.77 75.794 -58.5591 -0.488821 0.628396 -0.605123
-41.2819 77.5137 -60.3208 -0.469927 0.624701 -0.623632
-36.8018 79.1658 -61.9725 -0.456129 0.632683 -0.625826
-32.2383 80.7581 -63.5312 -0.431672 0.648497 -0.626986
-27.6143 82.2807 -64.9919 -0.396754 0.663623 -0.634185
-23.025 83.7401 -66.3537 -0.389292 0.676741 -0.624879
-18.4009 85.18 -67.6459 -0.370307 0.688894 -0.623135
-13.6821 86.5744 -68.868 -0.340614 0.70974 -0.616646
-11.8055 87.0961 -69.3019 -0.337542 0.725505 -0.599757
-11.6323 83.3237 -73.8261 -0.359978 0.713655 -0.600927
-16.482 81.8365 -72.5482 -0.381299 0.687586 -0.617929
-21.1592 80.3572 -71.2282 -0.39677 0.682415 -0.613908
-25.882 78.8164 -69.8161 -0.408312 0.667378 -0.622807
-30.4544 77.2892 -68.3946 -0.426496 0.649976 -0.628993
-35.0318 75.7013 -66.8682 -0.460862 0.64199 -0.612744
-39.4902 74.0346 -65.2262 -0.464053 0.637397 -0.615126
-43.9567 72.3492 -63.5309 -0.492968 0.610564 -0.619834
-48.36 70.5781 -61.7165 -0.517867 0.608232 -0.601554
-52.7507 68.6987 -59.7593 -0.530629 0.601251 -0.597436
-56.946 66.8205 -57.7653 -0.551741 0.590057 -0.589419
-61.1137 64.9231 -55.716 -0.552625 0.582664 -0.595909
-65.304 63.0477 -53.6326 -0.575573 0.573896 -0.582545
-66.8962 62.2876 -52.7768 -0.584199 0.5754 -0.572386
-70.7303 56.0215 -54.9295 -0.604539 0.551091 -0.575179
-66.6334 58.0497 -57.1904 -0.569367 0.56657 -0.595668
-62.43 60.0082 -59.3171 -0.559793 0.579599 -0.592197
-58.261 61.9325 -61.3666 -0.558927 0.578642 -0.593949
-54.0534 63.8778 -63.3977 -0.554294 0.580068 -0.596891
-49.6883 65.7712 -65.3627 -0.516568 0.600371 -0.610501
-45.3773 67.5713 -67.1956 -0.501063 0.61498 -0.608881
-40.9745 69.3427 -68.9679 -0.468871 0.628143 -0.620964
-36.5097 71.0191 -70.6126 -0.466064 0.636023 -0.615027
-32.0076 72.6505 -72.188 -0.440071 0.644504 -0.625261
-27.3479 74.2812 -73.7146 -0.43696 0.662943 -0.607925
-22.7784 75.8646 -75.1655 -0.416461 0.672773 -0.611503
-18.0868 77.4048 -76.5476 -0.398155 0.68634 -0.608612
-13.4728 78.9027 -77.85 -0.388857 0.696495 -0.603063
-11.527 79.5259 -78.3871 -0.389359 0.699092 -0.599725
-11.4028 75.6542 -82.962 -0.403296 0.689511 -0.601604
-16.0225 74.1206 -81.6273 -0.406661 0.682235 -0.607603
-20.7365 72.527 -80.2034 -0.415495 0.671288 -0.613789
-25.3755 70.9172 -78.7377 -0.426842 0.655898 -0.622578
-29.8826 69.2927 -77.2244 -0.451363 0.646347 -0.61523
-34.4403 67.6194 -75.635 -0.460274 0.634431 -0.621003
-38.8752 65.9008 -73.9798 -0.47879 0.621717 -0.619861
-43.3504 64.1192 -72.2331 -0.494266 0.603488 -0.625702
-47.6521 62.3095 -70.4322 -0.518147 0.59215 -0.617156
-52.0501 60.3889 -68.4944 -0.543633 0.5713 -0.614881
-56.2637 58.4643 -66.5349 -0.548236 0.572531 -0.609628
-60.5284 56.4817 -64.4818 -0.570317 0.558582 -0.602267
-64.7864 54.4472 -62.3424 -0.570009 0.557894 -0.603195
-68.8816 52.4351 -60.1948 -0.590108 0.54001 -0.600134
-72.8895 50.3886 -57.9625 -0.607726 0.542719 -0.579763
-74.3334 49.6459 -57.1402 -0.611907 0.53771 -0.580033
-77.9824 42.9731 -59.3079 -0.625759 0.531323 -0.571071
-74.0038 45.1626 -61.6313 -0.620053 0.532048 -0.576593
-69.9927 47.2684 -63.8291 -0.602595 0.537123 -0.590236
-65.9332 49.3384 -65.9512 -0.576582 0.558879 -0.595993
-61.8022 51.3951 -68.039 -0.570941 0.565084 -0.595572
-57.6511 53.419 -70.0793 -0.554468 0.573003 -0.603517
-53.373 55.4042 -72.0719 -0.544934 0.580851 -0.604698
-49.0374 57.3604 -74.0338 -0.534033 0.586453 -0.609001
-44.6484 59.2481 -75.8948 -0.509816 0.598255 -0.618206
-40.2382 61.0966 -77.7029 -0.501634 0.608341 -0.615049
-35.8277 62.8416 -79.3818 -0.472526 0.619202 -0.627143
-31.2234 64.6054 -81.0616 -0.45875 0.630275 -0.62634
-26.6865 66.2876 -82.6372 -0.443525 0.642316 -0.625073
-22.1668 67.9197 -84.1426 -0.429541 0.656861 -0.619699
-17.5434 69.5565 -85.6131 -0.430878 0.658061 -0.617495
-12.9932 71.1412 -87.0157 -0.419324 0.672441 -0.60991
-11.3354 71.7222 -87.5189 -0.423132 0.676657 -0.602573
-11.2798 67.7023 -92.0485 -0.438522 0.670868 -0.598025
-15.8681 66.0351 -90.5721 -0.436912 0.657421 -0.613927
-20.529 64.3392 -89.0437 -0.443283 0.651802 -0.615349
-24.9979 62.6843 -87.5246 -0.452167 0.636419 -0.624912
-29.5256 60.9814 -85.9381 -0.460137 0.627167 -0.628439
-33.9638 59.2604 -84.3085 -0.474934 0.617349 -0.62715
-38.4004 57.5163 -82.6387 -0.492453 0.599239 -0.631192
-42.7515 55.7169 -80.8939 -0.509966 0.602367 -0.614076
-47.0453 53.8782 -79.099 -0.518178 0.586814 -0.622207
-51.321 51.9549 -77.2171 -0.536145 0.586041 -0.607539
-55.5279 50.0139 -75.3197 -0.547657 0.582997 -0.600155
-59.7279 47.9557 -73.3059 -0.573287 0.565354 -0.593058
-63.8096 45.8965 -71.28 -0.580745 0.558635 -0.592167
-68.0018 43.7243 -69.1599 -0.59503 0.547148 -0.5887
-72.0272 41.5832 -67.0627 -0.602733 0.547801 -0.580196
-73.3131 40.8729 -66.3526 -0.622133 0.531726 -0.574646
-66.4643 40.0099 -74.1859 -0.595963 0.550956 -0.584188
-62.3714 42.1564 -76.2136 -0.578008 0.563372 -0.590355
-58.159 44.3045 -78.2833 -0.573695 0.563134 -0.594773
-53.9945 46.3403 -80.2251 -0.541763 0.581511 -0.606909
-49.6453 48.3322 -82.1497 -0.519948 0.591408 -0.616353
-45.2688 50.2524 -84.0065 -0.516308 0.588494 -0.622174
-40.8453 52.1232 -85.8258 -0.503098 0.590577 -0.630961
-36.408 53.9574 -87.5937 -0.502139 0.598633 -0.624096
-31.9725 55.7311 -89.2802 -0.478448 0.611681 -0.630027
-27.4844 57.4796 -90.9414 -0.463997 0.624139 -0.628615
-23.0179 59.1949 -92.5326 -0.461818 0.631855 -0.622482
-18.5447 60.8815 -94.0975 -0.456242 0.646453 -0.611508
-14.0342 62.5772 -95.6438 -0.449407 0.654929 -0.607537
-11.2049 63.6436 -96.5916 -0.450618 0.65683 -0.60458
-11.1788 59.5005 -101.119 -0.462021 0.652237 -0.600936
-15.6712 57.7609 -99.5191 -0.470752 0.636484 -0.610966
-20.2478 55.9625 -97.8536 -0.461497 0.63055 -0.624042
-24.7333 54.2415 -96.241 -0.468241 0.627036 -0.622556
-29.2963 52.4864 -94.5555 -0.474506 0.617813 -0.627018
-33.8115 50.6694 -92.8076 -0.487756 0.612926 -0.621623
-38.1508 48.8681 -91.0776 -0.50151 0.599859 -0.623423
-42.4767 47.0668 -89.3278 -0.50286 0.600104 -0.622099
-46.8071 45.2063 -87.541 -0.516857 0.591723 -0.618646
-51.0582 43.3067 -85.7098 -0.534498 0.581593 -0.613239
-55.2566 41.3236 -83.8078 -0.56644 0.562437 -0.602337
-59.4011 39.2398 -81.8557 -0.566463 0.562236 -0.602503
-60.9423 38.4566 -81.1177 -0.578023 0.557161 -0.596206
-56.1269 36.4259 -87.4988 -0.558895 0.558072 -0.613346
-51.9192 38.4734 -89.4458 -0.553719 0.558502 -0.617633
-47.5615 40.4749 -91.3591 -0.518022 0.58227 -0.62659
-43.1843 42.3856 -93.1979 -0.515905 0.58742 -0.623522
-38.8308 44.2346 -94.9934 -0.502087 0.599778 -0.623036
-34.4444 46.0386 -96.7481 -0.495772 0.599409 -0.628426
-30.0525 47.8254 -98.484 -0.487367 0.59959 -0.634795
-25.6313 49.5872 -100.183 -0.475762 0.617581 -0.626295
-21.2146 51.3116 -101.844 -0.481836 0.619758 -0.619463
-16.6736 53.1004 -103.55 -0.477336 0.627586 -0.615049
-12.2734 54.8448 -105.179 -0.47447 0.633518 -0.611173
-10.987 55.3528 -105.655 -0.477294 0.639328 -0.602868
-10.9433 51.0775 -110.117 -0.490514 0.6239 -0.608395
-15.3845 49.2836 -108.394 -0.489286 0.611478 -0.621847
-19.8168 47.5159 -106.669 -0.481703 0.613612 -0.625654
-24.2002 45.7774 -104.968 -0.48683 0.60959 -0.625617
-28.5944 44.0181 -103.243 -0.497597 0.597284 -0.629006
-32.9803 42.2194 -101.473 -0.497126 0.592081 -0.634276
-37.3486 40.4277 -99.713 -0.50315 0.585559 -0.635579
-41.6868 38.6097 -97.9379 -0.50991 0.582171 -0.6333
-46.0703 36.6985 -96.0702 -0.523972 0.573017 -0.630163
-50.3271 34.7661 -94.2009 -0.540367 0.566995 -0.621707
-51.8147 34.0657 -93.5317 -0.546293 0.566924 -0.616573
-47.4835 31.6004 -99.4949 -0.532487 0.565589 -0.629735
-43.1929 33.4918 -101.332 -0.517691 0.573522 -0.634876
-38.8636 35.3571 -103.176 -0.516657 0.574558 -0.634783
-34.4675 37.188 -104.996 -0.504263 0.589109 -0.631402
-30.1183 38.9912 -106.8 -0.504705 0.590974 -0.629303
-25.6765 40.7866 -108.603 -0.493773 0.595984 -0.633238
-21.2971 42.5332 -110.353 -0.485363 0.605661 -0.630553
-16.8866 44.3059 -112.125 -0.495145 0.608859 -0.619776
-12.4304 46.0877 -113.908 -0.490466 0.610433 -0.621945
-11.3367 46.5257 -114.344 -0.496839 0.605833 -0.621383
-11.2935 42.091 -118.701 -0.502267 0.593959 -0.628443
-15.6724 40.3338 -116.887 -0.498497 0.595984 -0.629527
-20.0519 38.5808 -115.073 -0.506471 0.583662 -0.634685
-24.5329 36.7876 -113.229 -0.494214 0.588387 -0.639963
-28.8721 35.0482 -111.432 -0.503413 0.584622 -0.636234
-33.3805 33.2149 -109.549 -0.503862 0.584149 -0.636311
-37.7231 31.3946 -107.704 -0.519445 0.580197 -0.627334
-42.1479 29.492 -105.784 -0.521204 0.572745 -0.6327
-44.1664 28.6183 -104.91 -0.521912 0.570322 -0.634303
-40.4571 25.8037 -110.531 -0.522207 0.569677 -0.63464
-36.1273 27.6298 -112.421 -0.5128 0.573297 -0.639035
-31.777 29.4085 -114.277 -0.503195 0.574698 -0.645381
-27.4292 31.142 -116.106 -0.500512 0.577368 -0.645085
-23.0456 32.872 -117.942 -0.497659 0.582962 -0.642255
-18.7063 34.5861 -119.77 -0.502771 0.58016 -0.640809
-14.2573 36.3495 -121.658 -0.501934 0.577739 -0.643646
-10.9109 37.6753 -123.085 -0.502707 0.571932 -0.648212
-10.6621 33.1153 -127.3 -0.511103 0.56544 -0.647342
-15.0896 31.3856 -125.358 -0.502391 0.565236 -0.654302
-19.4613 29.7091 -123.507 -0.491925 0.567845 -0.659971
-23.8288 28.0018 -121.644 -0.499467 0.570641 -0.651845
-28.1573 26.3104 -119.796 -0.501597 0.564135 -0.65586
-32.6114 24.5576 -117.9 -0.502978 0.565005 -0.654051
-36.9399 22.8176 -116.038 -0.51072 0.563905 -0.648981
-37.3429 22.6535 -115.862 -0.511058 0.565989 -0.646897
-35.8255 18.7196 -120.389 -0.508076 0.551273 -0.661782
-31.4891 20.4213 -122.273 -0.50249 0.55497 -0.662957
-27.1024 22.1144 -124.159 -0.497793 0.554265 -0.667077
-22.6803 23.8008 -126.045 -0.494191 0.554261 -0.669753
-18.2631 25.4762 -127.936 -0.497279 0.55298 -0.668526
-13.8571 27.1586 -129.864 -0.504588 0.552114 -0.663748
-10.6325 28.3861 -131.296 -0.507096 0.54948 -0.664022
-10.7205 23.5627 -135.109 -0.499169 0.537371 -0.679752
-15.1039 21.9458 -133.173 -0.496907 0.547333 -0.673431
-19.6171 20.2664 -131.207 -0.495033 0.549844 -0.672766
-23.9854 18.6362 -129.329 -0.493529 0.550313 -0.673487
-28.385 16.9764 -127.438 -0.497297 0.547478 -0.673025
-32.7215 15.3201 -125.57 -0.502946 0.54778 -0.668568
-36.8715 13.6946 -123.731 -0.511945 0.544864 -0.664106
-33.2378 10.4724 -129.127 -0.500162 0.544066 -0.673669
-28.8793 12.1239 -131.013 -0.496542 0.544882 -0.675685
-24.4581 13.7801 -132.909 -0.493373 0.543756 -0.678905
-20.0233 15.4065 -134.818 -0.490309 0.542586 -0.682054
-15.6266 16.9884 -136.71 -0.490728 0.536925 -0.686219
-11.2211 18.5726 -138.641 -0.494873 0.533292 -0.686076
-10.7087 18.7557 -138.868 -0.493728 0.532557 -0.68747
-14.968 12.4598 -140.703 -0.486849 0.533981 -0.691261
-19.4924 10.8651 -138.761 -0.485499 0.536484 -0.690272
-20.5292 10.4949 -138.315 -0.488327 0.537125 -0.687774
95.1713 54.0633 -41.2948 0.735414 0.67706 -0.0274857
98.5579 50.3458 -41.6521 0.740226 0.671646 -0.0309362
101.985 46.5642 -41.9876 0.741346 0.67018 -0.0355673
105.401 42.708 -42.2524 0.747084 0.663522 -0.040063
108.704 38.9492 -42.4531 0.752756 0.656866 -0.0434281
112.083 35.0147 -42.6783 0.759039 0.649319 -0.047371
115.377 31.1179 -42.8218 0.771328 0.634608 -0.0482303
118.645 27.134 -42.9127 0.773855 0.631157 -0.0528101
121.799 23.2039 -42.9442 0.778108 0.625791 -0.054152
124.949 19.3017 -42.9065 0.777308 0.626859 -0.053293
128.128 15.3425 -42.7916 0.780505 0.621922 -0.0634405
131.264 11.4085 -42.6653 0.784544 0.61661 -0.0654397
132.495 9.84655 -42.5991 0.785182 0.615552 -0.0677094
132.939 9.89475 -34.9063 0.785662 0.617644 -0.0353866
129.779 13.8902 -34.9614 0.782533 0.621441 -0.0381249
126.637 17.8331 -34.9945 0.781516 0.622603 -0.0399857
123.459 21.8038 -34.992 0.779833 0.624544 -0.042503
120.207 25.7843 -34.9226 0.770139 0.636937 -0.0345972
116.936 29.7013 -34.8167 0.763436 0.644586 -0.0409198
113.64 33.62 -34.6716 0.761011 0.648482 -0.0182704
110.318 37.511 -34.4729 0.753561 0.65715 -0.0173146
106.919 41.3558 -34.2605 0.745417 0.666202 -0.0229919
103.594 45.101 -34.0053 0.747094 0.664231 -0.0254328
100.228 48.8449 -33.7204 0.73852 0.673717 -0.0263469
96.8532 52.5536 -33.4258 0.73805 0.674227 -0.0264485
93.4282 56.3116 -33.1126 0.737706 0.674605 -0.0264367
89.9932 60.0478 -32.7844 0.731742 0.680783 -0.0329709
86.5852 63.7195 -32.4736 0.728302 0.684397 -0.0343112
83.1681 67.374 -32.1557 0.728334 0.683945 -0.0418165
79.6683 71.0842 -31.8223 0.721502 0.691129 -0.0421452
78.7136 72.0857 -31.738 0.721961 0.69054 -0.0439002
63.6109 88.3204 -22.8492 0.710989 0.700729 -0.0589372
67.1165 84.6922 -23.0684 0.717359 0.694006 -0.0612542
70.6601 81.0256 -23.2892 0.716901 0.695668 -0.0458179
74.1818 77.3731 -23.5509 0.719331 0.692936 -0.0490242
77.6674 73.7236 -23.8009 0.725027 0.68744 -0.0419777
81.1143 70.044 -24.0772 0.728538 0.683825 -0.0402082
84.5993 66.2958 -24.3691 0.731744 0.680946 -0.0293769
88.0174 62.5827 -24.6636 0.735709 0.676841 -0.0248711
91.4044 58.8761 -24.9289 0.74078 0.67145 -0.0199992
94.8294 55.0906 -25.2239 0.741025 0.671133 -0.0214802
98.1892 51.3788 -25.5058 0.741131 0.671103 -0.0185664
101.666 47.5224 -25.8161 0.746168 0.665519 -0.0178446
105.027 43.7098 -26.0782 0.7485 0.662983 -0.0141525
108.345 39.9157 -26.3395 0.755004 0.655646 -0.00986893
111.731 36.0182 -26.5573 0.753963 0.656849 -0.00950371
115.04 32.1641 -26.7403 0.7654 0.643395 -0.0143542
118.26 28.2775 -26.914 0.771994 0.635625 -0.00246473
121.547 24.3219 -27.065 0.769687 0.638405 0.00458594
124.783 20.3725 -27.1708 0.772391 0.635134 -0.00419401
127.99 16.4317 -27.2486 0.779548 0.626252 -0.0106883
131.15 12.4869 -27.2924 0.781223 0.624098 -0.0138841
133.294 9.79791 -27.3016 0.782604 0.622504 -0.00447343
131.789 9.87527 -50.4549 0.783221 0.617636 -0.071347
128.62 13.8544 -50.6921 0.784217 0.61574 -0.0765974
125.472 17.8326 -50.89 0.782255 0.61918 -0.0685003
122.318 21.7993 -51.0153 0.782394 0.619199 -0.0667268
119.17 25.7464 -51.0862 0.777231 0.626134 -0.0621952
115.994 29.6452 -51.0663 0.770398 0.633775 -0.0693955
112.805 33.5146 -50.9476 0.763077 0.644028 -0.0542465
111.847 34.6541 -50.8926 0.76332 0.643759 -0.0539987
124.974 17.3601 -59.049 0.781925 0.615489 -0.098827
128.17 13.3216 -58.732 0.787935 0.60856 -0.0938806
128.905 12.3854 -58.6491 0.784906 0.612496 -0.0936563
125.349 10.0404 40.9699 0.780449 0.596397 0.187644
122.132 13.9558 41.9144 0.779461 0.5981 0.186326
118.984 17.752 42.7829 0.776964 0.601361 0.186256
115.777 21.6777 43.6321 0.782601 0.592813 0.190022
112.615 25.4915 44.4106 0.772313 0.606584 0.188648
109.329 29.4673 45.1578 0.774384 0.603623 0.189655
106.185 33.3284 45.7904 0.77686 0.60172 0.185531
104.351 35.5379 46.1378 0.767255 0.614896 0.182274
114.341 20.7653 51.9331 0.77766 0.590408 0.216019
117.517 16.939 50.9691 0.776 0.59199 0.21765
120.658 13.1727 49.9406 0.782868 0.585764 0.209757
123.236 10.0463 49.0661 0.777863 0.592174 0.210379
120.701 10.2109 57.4913 0.779358 0.577286 0.243601
118.886 12.34 58.1998 0.776973 0.578467 0.248373
118.859 12.3712 58.2102 0.776417 0.579462 0.247792
