-124.253 7.38702 67.3651 -0.659819 0.532332 0.53034
-121.067 7.4604 71.206 -0.651979 0.534957 0.537349
-117.841 7.33231 75.1728 -0.639375 0.540628 0.546735
-114.519 7.23603 79.0915 -0.619235 0.549254 0.561131
-111.092 7.2545 82.8049 -0.604113 0.555079 0.571781
-107.54 7.19134 86.5568 -0.593536 0.558901 0.579089
-104.008 7.14166 90.1434 -0.57177 0.572494 0.587648
-100.391 7.07365 93.7043 -0.557633 0.577643 0.596122
-96.629 7.1446 97.1063 -0.554954 0.56672 0.608977
-92.9166 7.13513 100.463 -0.528131 0.587358 0.61326
-88.9117 7.07766 103.755 -0.504048 0.581067 0.638981
-84.9109 7.01149 106.973 -0.499059 0.589164 0.63547
-80.8546 6.97876 110.008 -0.477453 0.587489 0.653372
-76.6421 7.00926 112.988 -0.469379 0.585328 0.661116
-72.3146 7.02918 115.884 -0.449405 0.585623 0.674597
-68.0588 6.99697 118.675 -0.435997 0.584699 0.684129
-63.7231 6.96672 121.377 -0.420022 0.586407 0.692608
-59.2853 6.99616 123.917 -0.403814 0.583905 0.704265
-54.894 7.01348 126.346 -0.394896 0.583165 0.709912
-50.38 7.05824 128.758 -0.382397 0.583223 0.716676
-45.799 7.12999 131.031 -0.360676 0.575696 0.733816
-41.2549 7.12284 133.142 -0.333815 0.580364 0.742795
-36.5606 7.11359 135.239 -0.329433 0.574935 0.748948
-31.911 7.08339 137.251 -0.314997 0.571589 0.75767
-27.1416 7.16741 139.117 -0.300841 0.571053 0.763802
-22.2517 7.20961 140.973 -0.290897 0.570861 0.767786
-17.4576 7.16004 142.772 -0.27679 0.566793 0.775972
-12.7151 7.56567 144.153 -0.266083 0.56369 0.781954
-8.02365 9.30025 144.503 -0.263309 0.557151 0.78756
-3.51331 11.3328 144.554 -0.256513 0.553123 0.792626
-6.08446 14.5237 141.469 -0.267205 0.554069 0.788422
-7.72197 18.201 138.323 -0.276669 0.553468 0.785574
-8.29029 22.1938 135.303 -0.284127 0.558701 0.779181
-8.39806 26.2437 132.341 -0.290824 0.561735 0.774516
-8.29641 30.3277 129.398 -0.299113 0.562755 0.770609
-8.3015 34.4911 126.297 -0.309029 0.571624 0.760096
-8.25016 38.5611 123.24 -0.312127 0.578869 0.753317
-8.24866 42.5252 120.187 -0.31405 0.5819 0.750177
-8.22565 46.4758 117.078 -0.322886 0.588071 0.741564
-8.21094 50.374 113.945 -0.323455 0.597583 0.73367
-8.24297 54.2828 110.678 -0.324061 0.606632 0.725935
-8.18343 58.2895 107.301 -0.322526 0.619967 0.715274
-8.53712 62.0271 103.879 -0.322366 0.624467 0.711421
-9.24797 65.614 100.328 -0.324542 0.634197 0.701759
-9.84063 69.2448 96.7426 -0.321269 0.640458 0.697567
-10.2176 72.9148 93.1512 -0.317787 0.653302 0.687174
-10.5745 76.4822 89.6435 -0.308232 0.651701 0.693021
-10.6785 80.2008 86.0499 -0.300154 0.660615 0.68811
-10.7878 83.8219 82.4933 -0.296324 0.668996 0.681643
-10.6065 87.4881 78.9551 -0.290526 0.672168 0.681017
-10.29 91.1808 75.399 -0.274313 0.681457 0.678504
-9.75056 94.7872 71.9594 -0.264813 0.687173 0.676509
-9.16242 98.4008 68.514 -0.254579 0.688889 0.678691
-8.50044 101.962 65.0709 -0.246306 0.70415 0.665962
-8.52978 105.524 61.3688 -0.235886 0.694339 0.67989
-8.53629 108.997 57.745 -0.226577 0.708629 0.668212
-8.60126 112.479 53.9795 -0.233684 0.712932 0.661148
-8.54851 115.885 50.2798 -0.246194 0.717748 0.651326
-8.52826 119.198 46.4574 -0.269334 0.740578 0.615591
-8.36124 122.358 42.59 -0.281777 0.752944 0.594703
-7.87996 125.599 38.7229 -0.29347 0.75189 0.59037
-6.53634 128.954 35.1314 -0.299602 0.747288 0.593127
-10.8219 129.073 32.8741 -0.291466 0.744749 0.60033
-15.349 129.029 30.7227 -0.297265 0.741822 0.601102
-19.7915 129.017 28.434 -0.323363 0.741074 0.588423
-24.1364 129.158 25.8005 -0.333225 0.745589 0.577112
-28.0368 128.452 24.4422 -0.336756 0.743676 0.57753
-30.7328 125.118 27.1629 -0.347766 0.744633 0.56972
-33.9369 121.921 29.3247 -0.380737 0.735606 0.560269
-37.2356 118.578 31.3465 -0.410058 0.720552 0.559157
-40.4852 115.174 33.2488 -0.432381 0.707028 0.559595
-43.6576 111.732 35.0369 -0.451688 0.696631 0.557389
-46.8362 108.208 36.8575 -0.465758 0.690516 0.553404
-49.7841 104.603 38.838 -0.468633 0.686577 0.555873
-52.6594 101.037 40.8378 -0.469915 0.683038 0.559141
-55.4801 97.3856 42.946 -0.462993 0.678966 0.569774
-58.6434 93.6596 44.7806 -0.466051 0.671983 0.57553
-61.7711 90.018 46.426 -0.468878 0.663463 0.58307
-65.035 86.4005 47.8778 -0.470848 0.66008 0.585318
-68.336 82.8207 49.1764 -0.477843 0.646317 0.594929
-71.2755 79.0913 50.8019 -0.476858 0.63602 0.6067
-74.122 75.3192 52.4972 -0.48132 0.630105 0.609342
-77.0376 71.3812 54.1721 -0.487869 0.617043 0.617448
-79.8876 67.5076 55.7188 -0.49738 0.609365 0.617485
-82.6939 63.4729 57.3756 -0.501671 0.600094 0.623068
-85.3934 59.4095 59.0135 -0.513706 0.58765 0.625118
-88.0977 55.3173 60.569 -0.52197 0.57721 0.627993
-90.7303 51.2533 62.0477 -0.5304 0.568547 0.628832
-93.2795 47.1981 63.4966 -0.538749 0.560344 0.629098
-95.8204 43.0467 65.0017 -0.544086 0.55927 0.62545
-98.3495 38.8195 66.4825 -0.572619 0.545517 0.611979
-100.803 34.5957 67.9333 -0.577831 0.547868 0.60494
-103.172 30.4116 69.4119 -0.585234 0.543166 0.602056
-105.614 26.2347 70.7912 -0.601713 0.538146 0.590199
-108.038 21.9921 72.1611 -0.608763 0.537448 0.583573
-111.003 17.8662 72.8099 -0.624261 0.531892 0.572179
-114.337 14.1545 72.6056 -0.637042 0.531269 0.558508
-118.114 10.8989 71.3482 -0.644675 0.53282 0.548176
-121.957 8.43379 69.1602 -0.655538 0.532407 0.535548
-124.117 7.44676 67.4746 -0.659878 0.532137 0.530463
-123.193 12.0149 64.0513 -0.664433 0.530705 0.526194
-126.486 11.4583 60.3301 -0.679578 0.529321 0.50793
-129.407 11.4923 56.1738 -0.71299 0.517769 0.472821
-132.136 11.4567 51.7679 -0.734478 0.524729 0.430351
-134.443 11.4401 47.3222 -0.770911 0.523986 0.362125
-136.355 11.5277 42.652 -0.790843 0.54525 0.277976
-137.789 11.5475 37.6998 -0.814244 0.561318 0.148082
-138.743 11.5348 32.7509 -0.817853 0.550889 0.166245
-139.203 11.4629 27.6587 -0.815676 0.573424 0.0765401
-139.47 11.5676 22.6478 -0.819557 0.572983 -0.00404433
-139.243 11.5435 17.5382 -0.816604 0.574332 -0.0574422
-138.871 11.573 12.5437 -0.815714 0.576089 -0.0522676
-138.554 11.5604 7.43878 -0.815756 0.576055 -0.0519849
-138.184 11.5632 2.4491 -0.819907 0.568567 -0.0669624
-137.801 11.5309 -2.6895 -0.824545 0.562225 -0.0634663
-137.134 11.5429 -7.78189 -0.823432 0.552157 -0.130698
-136.305 11.5108 -12.7475 -0.820588 0.550791 -0.152526
-135.273 11.5007 -17.7073 -0.813781 0.547544 -0.194821
-133.72 11.4336 -22.522 -0.768493 0.49611 -0.403985
-131.404 11.393 -26.989 -0.785658 0.463493 -0.409775
-128.816 11.3703 -31.4383 -0.750963 0.454673 -0.47884
-126.08 11.3445 -35.7152 -0.74775 0.447441 -0.490577
-123.327 11.34 -39.9268 -0.751462 0.443809 -0.488199
-120.622 11.2977 -44.1758 -0.757303 0.441053 -0.481627
-117.848 11.3084 -48.5863 -0.765055 0.438509 -0.471593
-115.199 11.297 -52.947 -0.771513 0.436458 -0.462895
-112.494 11.6197 -57.1747 -0.771742 0.432824 -0.465915
-110.217 10.7932 -61.6053 -0.76065 0.439066 -0.478155
-107.684 10.3492 -65.9418 -0.746084 0.446179 -0.494251
-105.003 10.0298 -70.2258 -0.740393 0.445873 -0.503007
-102.08 9.90755 -74.409 -0.717638 0.459091 -0.523671
-99.0497 10.0115 -78.474 -0.691925 0.475566 -0.54321
-95.782 10.2371 -82.4441 -0.694161 0.475249 -0.540628
-92.3971 10.6425 -86.2134 -0.672573 0.478221 -0.564756
-88.8544 11.2313 -89.9369 -0.662256 0.485487 -0.570718
-85.1766 13.487 -92.1302 -0.63512 0.500703 -0.588148
-85.5551 16.6943 -88.9134 -0.640376 0.513888 -0.570822
-88.5731 17.2984 -84.9029 -0.663681 0.506073 -0.550833
-91.6 17.6634 -80.9368 -0.662654 0.514081 -0.544618
-94.6709 17.8505 -76.994 -0.676577 0.507168 -0.533876
-97.7073 17.9324 -73.0099 -0.683683 0.506744 -0.525154
-100.79 17.8657 -68.8958 -0.70085 0.492911 -0.5156
-103.878 17.5843 -64.8813 -0.720967 0.479163 -0.500609
-104.383 19.2455 -62.5612 -0.722529 0.47659 -0.50081
-101.822 23.5402 -62.1752 -0.715153 0.476805 -0.51109
-99.672 28.0348 -60.9361 -0.706683 0.483296 -0.516744
-97.5375 32.5379 -59.6493 -0.702134 0.482774 -0.52339
-95.3188 37.0312 -58.4275 -0.689615 0.485524 -0.537305
-93.1776 41.452 -57.163 -0.680739 0.485901 -0.548173
-90.9884 45.8297 -55.9573 -0.667537 0.494637 -0.556529
-88.794 50.1509 -54.6375 -0.648796 0.512964 -0.56207
-86.4776 54.4602 -53.3197 -0.63795 0.520444 -0.567585
-84.1003 58.823 -51.9214 -0.625083 0.533978 -0.569332
-81.6165 63.2063 -50.4884 -0.612847 0.543157 -0.573933
-79.1362 67.3545 -49.0582 -0.598237 0.56535 -0.567884
-76.6173 71.4243 -47.6132 -0.588057 0.57358 -0.570259
-74.0283 75.518 -46.1364 -0.585856 0.581878 -0.564083
-71.4357 79.5529 -44.6042 -0.574723 0.590588 -0.56648
-68.7202 83.663 -43.0062 -0.566425 0.600297 -0.56463
-65.9453 87.7179 -41.4098 -0.559694 0.608183 -0.562899
-63.1643 91.6778 -39.8033 -0.5473 0.61814 -0.56424
-60.2635 95.6378 -38.1794 -0.533832 0.634422 -0.559045
-57.3402 99.5079 -36.4862 -0.530401 0.647818 -0.546815
-54.4109 103.292 -34.8171 -0.5377 0.653465 -0.532788
-51.4825 107.059 -33.1463 -0.530631 0.656524 -0.536043
-48.5311 110.702 -31.3772 -0.506763 0.683251 -0.525699
-45.4696 114.275 -29.5937 -0.495313 0.69652 -0.519158
-42.308 117.81 -27.783 -0.481569 0.703944 -0.522067
-39.181 121.289 -25.9454 -0.455287 0.697302 -0.553609
-36.0217 124.834 -24.0325 -0.40953 0.697837 -0.58763
-33.1569 128.371 -21.6194 -0.31069 0.729668 -0.609144
-31.0979 131.724 -18.5406 -0.263279 0.738858 -0.620292
-27.3097 133.122 -18.5367 -0.294282 0.775943 -0.557952
-23.0664 133.007 -21.2385 -0.355986 0.741802 -0.568334
-18.6685 132.935 -23.9653 -0.347301 0.7154 -0.606287
-14.2074 132.927 -26.3318 -0.311489 0.720772 -0.619243
-9.58942 132.989 -28.4627 -0.282638 0.729837 -0.622458
-4.83294 133.06 -30.5223 -0.280869 0.75411 -0.593633
-0.344807 133.156 -32.9771 -0.348953 0.759236 -0.549354
-0.173596 131.019 -35.907 -0.384236 0.726645 -0.569481
-2.03796 127.469 -39.0943 -0.332994 0.718455 -0.610686
-2.83802 124.03 -42.656 -0.294674 0.718548 -0.629965
-2.92427 120.586 -46.4973 -0.230429 0.722603 -0.651726
-2.9323 117.129 -50.3331 -0.209876 0.728856 -0.651707
-2.93905 113.719 -54.1888 -0.208632 0.735214 -0.644929
-2.87935 110.476 -57.9941 -0.211173 0.752661 -0.623625
-3.91104 107.299 -61.5523 -0.235698 0.762507 -0.60252
-6.63335 104.077 -64.4936 -0.269641 0.754491 -0.598358
-9.10484 100.77 -67.4751 -0.300127 0.744286 -0.596626
-11.3935 97.4181 -70.4728 -0.329477 0.733697 -0.59425
-13.17 93.9177 -73.7434 -0.345839 0.721651 -0.599679
-14.784 90.3641 -77.0746 -0.357773 0.716496 -0.598858
-16.1865 86.8244 -80.4324 -0.37163 0.707089 -0.601589
-17.3717 83.2418 -83.8014 -0.389963 0.692802 -0.606592
-18.592 79.5734 -87.1587 -0.422539 0.667111 -0.613533
-19.1432 75.9956 -90.6687 -0.432752 0.66984 -0.603356
-19.9021 72.322 -94.1967 -0.451331 0.656973 -0.603893
-20.2957 68.5687 -97.8669 -0.459038 0.651467 -0.604049
-20.7206 65.0208 -101.383 -0.462443 0.650934 -0.602023
-20.9411 61.3749 -105.004 -0.477864 0.632291 -0.609798
-21.1208 57.8347 -108.54 -0.481969 0.632176 -0.606679
-21.2759 54.2359 -112.073 -0.502336 0.60948 -0.613346
-21.1061 50.6805 -115.696 -0.504408 0.605026 -0.616048
-21.0134 47.0355 -119.345 -0.508203 0.591959 -0.625542
-20.6273 43.5213 -122.884 -0.505546 0.581095 -0.637771
-20.2787 39.9354 -126.424 -0.504983 0.575688 -0.643099
-19.5329 36.4829 -130.059 -0.513922 0.564128 -0.646254
-18.8075 33.0054 -133.602 -0.515352 0.542601 -0.663322
-17.6828 29.6209 -137.157 -0.504907 0.537093 -0.675721
-16.4411 26.285 -140.696 -0.496652 0.535223 -0.683281
-15.0751 22.9467 -144.265 -0.492707 0.532814 -0.688004
-14.654 19.5176 -147.208 -0.485995 0.531112 -0.694067
-18.5767 16.4295 -146.846 -0.479172 0.537598 -0.693817
-22.6792 13.4967 -146.275 -0.478427 0.539499 -0.692855
-26.8604 10.6758 -145.595 -0.479258 0.541767 -0.690507
-31.0489 8.007 -144.775 -0.483238 0.542167 -0.687413
-35.2414 5.39182 -143.866 -0.487101 0.542673 -0.68428
-39.5926 2.89306 -142.706 -0.495451 0.540929 -0.67965
-43.8188 2.52744 -139.894 -0.499997 0.545448 -0.672673
-47.813 2.49884 -136.869 -0.512194 0.546825 -0.662298
-51.8275 2.46936 -133.664 -0.531563 0.54811 -0.645768
-55.7444 2.44784 -130.408 -0.541517 0.545647 -0.639554
-59.4854 2.50949 -127.062 -0.560003 0.538295 -0.62979
-63.3203 2.49434 -123.623 -0.570688 0.536616 -0.621577
-67.0708 2.48023 -120.146 -0.577626 0.532621 -0.618598
-70.769 2.49808 -116.629 -0.592543 0.528391 -0.608026
-74.4173 2.53197 -113.022 -0.596082 0.525096 -0.607421
-78.0374 2.53066 -109.342 -0.615925 0.519544 -0.592207
-81.4641 2.55377 -105.677 -0.624035 0.514603 -0.588018
-84.9594 2.55981 -101.861 -0.646769 0.504469 -0.572014
-88.2331 2.59752 -98.0828 -0.65313 0.500545 -0.568222
-91.493 2.55761 -94.2789 -0.6679 0.493988 -0.556674
-94.6771 2.64731 -90.4074 -0.671631 0.489427 -0.556213
-97.896 2.61871 -86.3845 -0.688183 0.485052 -0.539564
-101.032 2.60845 -82.4289 -0.693727 0.476469 -0.540108
-103.994 2.57548 -78.3575 -0.720399 0.468119 -0.511751
-106.86 2.64363 -74.175 -0.736411 0.468465 -0.488097
-109.7 2.63086 -69.9699 -0.742428 0.454549 -0.492123
-112.406 2.66668 -65.6577 -0.763804 0.443389 -0.46905
-115.089 2.66542 -61.2437 -0.769701 0.437501 -0.464922
-117.688 2.66365 -56.9071 -0.772961 0.433874 -0.462909
-120.335 2.70312 -52.5019 -0.768516 0.433972 -0.470161
-123.075 2.67095 -48.0893 -0.761398 0.432592 -0.482843
-125.827 2.65517 -43.8546 -0.751127 0.435248 -0.496352
-128.603 2.66654 -39.6471 -0.745265 0.43805 -0.502685
-131.489 2.64613 -35.4303 -0.738869 0.450846 -0.500811
-134.357 2.61881 -31.0995 -0.758564 0.468425 -0.452944
-137.046 2.61724 -26.6752 -0.751561 0.471815 -0.461028
-139.456 2.55904 -22.2588 -0.804 0.505478 -0.313169
-141.34 2.51063 -17.5078 -0.791184 0.515813 -0.328575
-142.644 2.43179 -12.6709 -0.805935 0.577008 -0.132399
-143.441 2.42251 -7.65864 -0.804762 0.581339 -0.120012
-144.123 2.43007 -2.68507 -0.811582 0.576572 -0.0943354
-144.606 2.44629 2.37391 -0.809589 0.583456 -0.0643819
-145.012 2.41215 7.45436 -0.813464 0.5787 -0.0581636
-145.322 2.44134 12.4585 -0.815772 0.576269 -0.049262
-145.622 2.40477 17.5454 -0.817024 0.574857 -0.0448397
-145.796 2.42665 22.5708 -0.821005 0.570884 -0.00656435
-145.646 2.68094 27.5562 -0.822006 0.569476 -0.00150209
-144.577 3.44568 32.4135 -0.799294 0.588719 0.120574
-143.372 3.98992 37.3719 -0.784677 0.60144 0.150172
-142.075 3.71996 42.2793 -0.770726 0.570654 0.283436
-140.611 3.21358 47.0863 -0.752788 0.569762 0.32956
-138.807 2.41219 51.7652 -0.733089 0.560408 0.385387
-136.321 2.45002 56.1272 -0.695578 0.561119 0.448683
-133.468 2.49701 60.2729 -0.697512 0.538807 0.472403
-130.502 2.51173 64.3663 -0.66826 0.537829 0.513974
-127.374 2.5404 68.3529 -0.663596 0.536125 0.521738
-124.167 2.5529 72.3524 -0.65704 0.537565 0.528508
-120.997 2.49568 76.2845 -0.642471 0.545384 0.538319
-117.776 2.45732 80.1087 -0.640644 0.545007 0.540872
-114.408 2.48081 83.9771 -0.603495 0.5636 0.564048
-110.887 2.45442 87.7387 -0.599645 0.562751 0.568978
-107.325 2.41915 91.4775 -0.576744 0.578311 0.576994
-103.661 2.42458 95.0913 -0.561577 0.585759 0.584395
-99.9983 2.42352 98.5723 -0.548374 0.58541 0.597143
-96.1976 2.44831 101.995 -0.548166 0.575463 0.606924
-92.3983 2.40103 105.303 -0.515411 0.583191 0.627885
-88.4114 2.35948 108.575 -0.495266 0.594567 0.633403
-84.3476 2.36689 111.647 -0.472702 0.598715 0.6466
-80.1263 2.38481 114.665 -0.465001 0.598941 0.651954
-75.9498 2.37168 117.534 -0.446974 0.591517 0.671061
-71.7074 2.3881 120.331 -0.42907 0.598435 0.67659
-67.4097 2.33717 123.08 -0.422918 0.592298 0.6858
-63.0463 2.39866 125.62 -0.40104 0.592993 0.69823
-58.6933 2.37648 128.111 -0.394852 0.596844 0.698476
-54.2283 2.37919 130.545 -0.376957 0.598837 0.70661
-49.7795 2.40021 132.843 -0.373324 0.584929 0.720059
-45.0544 2.42843 135.112 -0.333081 0.584188 0.740121
-40.3869 2.42382 137.193 -0.325797 0.585346 0.742446
-35.7872 2.41198 139.182 -0.311549 0.580397 0.75238
-31.0942 2.40796 141.137 -0.30961 0.577683 0.755264
-26.3827 2.42475 142.963 -0.287113 0.576026 0.76535
-21.6769 2.46404 144.708 -0.283216 0.572373 0.769531
-16.8601 2.4155 146.446 -0.268184 0.566334 0.779323
-12.0977 2.97575 147.672 -0.261081 0.565183 0.782563
-7.3794 4.63159 148.002 -0.248445 0.556511 0.792825
-2.72895 6.51667 148.149 -0.246665 0.552316 0.796306
1.85983 8.52899 148.17 -0.24524 0.548295 0.799519
6.38291 10.7695 148.008 -0.238452 0.549006 0.801083
4.90747 12.4168 146.437 -0.243062 0.547285 0.800874
1.19129 14.6459 143.763 -0.252172 0.547629 0.797817
-1.33445 17.8248 140.764 -0.26154 0.54701 0.795221
-2.66751 21.5857 137.717 -0.27267 0.548986 0.790104
-2.85953 25.7293 134.752 -0.281864 0.55251 0.784401
-2.85189 29.825 131.842 -0.290261 0.558739 0.776891
-2.84081 33.9832 128.855 -0.298374 0.55995 0.772935
-2.82832 38.0109 125.881 -0.30927 0.572206 0.759561
-2.79218 42.0689 122.824 -0.321078 0.57418 0.753145
-2.79541 46.1441 119.68 -0.324715 0.582052 0.745503
-2.78887 50.086 116.559 -0.324317 0.589702 0.739642
-2.82203 54.018 113.322 -0.326941 0.603744 0.727048
-2.82595 57.8576 110.096 -0.326016 0.610623 0.721702
-2.81919 61.6809 106.783 -0.325332 0.624717 0.70985
-3.40645 65.2813 103.33 -0.325104 0.628754 0.706382
-4.1318 68.8028 99.7903 -0.322227 0.642726 0.695035
-4.60706 72.3439 96.2822 -0.316133 0.650279 0.690794
-4.95609 75.9932 92.6443 -0.314438 0.656193 0.685959
-5.14976 79.5778 89.0891 -0.308372 0.663615 0.681558
-5.25655 83.17 85.525 -0.298399 0.669422 0.680318
-5.2434 86.7244 81.9979 -0.290149 0.678654 0.674716
-4.95815 90.341 78.4375 -0.279016 0.68725 0.6707
-4.51017 93.9304 74.9121 -0.262615 0.6962 0.668086
-3.8577 97.4806 71.4519 -0.248637 0.702326 0.667022
-3.07326 101.042 67.9483 -0.23329 0.71246 0.661797
-2.90819 104.617 64.1701 -0.214326 0.712399 0.668244
-2.89414 108.142 60.4563 -0.202004 0.706221 0.678561
-2.88657 111.632 56.715 -0.186849 0.728176 0.65943
-2.94022 114.999 52.9992 -0.171523 0.723394 0.668786
-2.94016 118.49 49.2521 -0.182269 0.718712 0.670992
-2.89447 121.933 45.4893 -0.238021 0.729452 0.641285
-2.7286 125.247 41.7409 -0.300367 0.725908 0.618731
-1.62047 128.645 38.2198 -0.345742 0.736288 0.581672
0.483337 132.065 35.1062 -0.382774 0.740391 0.552542
-1.84587 133.091 32.2977 -0.32071 0.763912 0.559977
-6.50312 132.976 30.1162 -0.270067 0.741312 0.614426
-11.1275 132.967 28.0274 -0.289867 0.730592 0.618233
-15.7022 132.88 25.929 -0.313879 0.7181 0.621137
-20.0622 132.979 23.3127 -0.360575 0.733887 0.57567
-24.2768 133.079 20.6089 -0.338562 0.758321 0.557068
-28.6444 133.116 18.1708 -0.285907 0.753518 0.59198
-31.7294 130.731 19.5765 -0.307086 0.729068 0.611677
-33.9815 127.121 22.5778 -0.381036 0.718041 0.582426
-36.9983 123.705 24.6714 -0.443351 0.714876 0.540724
-40.2489 120.206 26.5989 -0.474397 0.718337 0.50886
-43.4458 116.742 28.4683 -0.489334 0.717945 0.495083
-46.6965 113.29 30.288 -0.487008 0.719323 0.495377
-49.8877 109.791 32.1416 -0.487024 0.703893 0.517047
-52.8843 106.233 34.0903 -0.478265 0.698004 0.532967
-55.88 102.622 36.0842 -0.478087 0.691844 0.541096
-58.645 99.0306 38.2486 -0.467466 0.691762 0.550401
-61.7042 95.4126 40.1519 -0.469975 0.679946 0.562848
-64.8489 91.7857 41.8646 -0.472581 0.670579 0.571831
-68.0376 88.2413 43.3734 -0.470534 0.662513 0.582816
-71.4242 84.6829 44.6335 -0.476477 0.653774 0.587835
-74.4259 80.9988 46.2516 -0.476162 0.644283 0.598472
-77.3198 77.2501 47.9164 -0.484339 0.632383 0.604571
-80.1491 73.4485 49.5704 -0.49146 0.62279 0.608768
-83.0699 69.4724 51.2186 -0.499927 0.608432 0.616347
-85.8347 65.5164 52.8469 -0.505401 0.601778 0.618412
-88.6061 61.4538 54.4625 -0.511159 0.590508 0.624513
-91.2914 57.4829 55.9437 -0.520813 0.577795 0.628416
-93.8924 53.3922 57.4801 -0.534126 0.565637 0.628302
-96.5022 49.1619 59.0031 -0.53976 0.557106 0.631104
-98.9745 45.0617 60.4489 -0.559727 0.541222 0.627523
-101.443 40.8016 61.883 -0.580581 0.529041 0.618904
-103.823 36.5701 63.2977 -0.586222 0.532967 0.610154
-106.233 32.3075 64.6776 -0.600671 0.531441 0.597298
-108.66 27.9825 66.0697 -0.609013 0.5276 0.592235
-110.981 23.7077 67.4622 -0.624398 0.52377 0.579476
-113.82 19.54 68.124 -0.638904 0.52218 0.564916
-117.286 15.8386 67.5757 -0.653535 0.523095 0.547049
-121.089 12.9866 65.7109 -0.660337 0.52798 0.534034
-123.05 12.0739 64.1733 -0.66501 0.530323 0.52585
-94.1269 32.44 -64.2119 -0.686431 0.498792 -0.529168
-96.2402 28.0112 -65.574 -0.68905 0.493162 -0.531033
-98.3819 23.656 -66.8016 -0.706172 0.477975 -0.522361
-96.1723 22.9373 -70.3588 -0.691095 0.487682 -0.533432
-93.1099 22.8109 -74.3312 -0.675169 0.499386 -0.542918
-89.9614 22.6396 -78.3348 -0.649886 0.514279 -0.559612
-86.8487 22.3151 -82.287 -0.653509 0.51546 -0.554281
-83.7636 21.7603 -86.2823 -0.629138 0.526234 -0.57207
-81.0779 20.5041 -90.3531 -0.625374 0.519623 -0.582151
-80.191 17.3397 -94.1376 -0.627432 0.51925 -0.580266
-81.5212 13.1278 -96.4082 -0.630287 0.509309 -0.585955
-84.5445 9.19109 -96.5123 -0.64177 0.50297 -0.578923
-85.0854 7.61356 -97.2809 -0.644354 0.501273 -0.577523
-81.6537 7.522 -101.152 -0.633813 0.509 -0.582409
-78.2164 7.54677 -104.782 -0.615481 0.514339 -0.597192
-74.773 7.41613 -108.41 -0.611036 0.518646 -0.598032
-71.1967 7.42445 -111.975 -0.599033 0.522254 -0.606968
-67.5472 7.39996 -115.507 -0.579755 0.526831 -0.621557
-63.8487 7.35711 -118.961 -0.571691 0.532436 -0.624244
-59.9935 7.37334 -122.456 -0.56627 0.53022 -0.631035
-56.2097 7.33228 -125.875 -0.562827 0.528751 -0.635333
-52.3832 7.28437 -129.132 -0.535795 0.539582 -0.649442
-48.4231 7.33733 -132.327 -0.527097 0.547224 -0.650166
-44.4414 7.38298 -135.439 -0.512536 0.547947 -0.661106
-40.4356 7.32364 -138.536 -0.50175 0.543126 -0.673246
-36.238 9.50798 -139.873 -0.490965 0.543478 -0.680871
-31.9972 12.1636 -140.823 -0.488417 0.540782 -0.684838
-27.7669 14.9068 -141.639 -0.479659 0.543471 -0.688888
-23.6461 17.7091 -142.303 -0.480463 0.542503 -0.68909
-20.186 20.82 -142.283 -0.488983 0.536189 -0.688038
-21.5699 24.0802 -138.721 -0.492162 0.539622 -0.68307
-22.7815 27.4138 -135.166 -0.49425 0.547181 -0.675506
-23.7985 30.8238 -131.597 -0.500201 0.552817 -0.666477
-24.5249 34.3164 -128.072 -0.507601 0.564571 -0.650846
-25.2288 37.7827 -124.481 -0.499784 0.581336 -0.642078
-25.5617 41.4183 -120.902 -0.500088 0.584809 -0.638678
-25.9394 44.9455 -117.337 -0.504293 0.588197 -0.632228
-26.0701 48.5402 -113.816 -0.491761 0.606085 -0.625166
-26.2695 52.0931 -110.19 -0.493217 0.610261 -0.619934
-26.1869 55.6852 -106.687 -0.487866 0.619006 -0.615481
-26.0165 59.4039 -103.085 -0.473486 0.627428 -0.618179
-25.8806 62.9621 -99.5433 -0.472744 0.630823 -0.615285
-25.4025 66.7014 -96.0488 -0.45538 0.642725 -0.616063
-25.081 70.3655 -92.476 -0.453095 0.642119 -0.618375
-24.3435 74.0159 -89.1341 -0.441486 0.650386 -0.618133
-23.8306 77.6676 -85.6148 -0.42967 0.651404 -0.625345
-22.894 81.3621 -82.2886 -0.414357 0.667311 -0.618873
-21.7329 85.0297 -78.9902 -0.38548 0.692947 -0.609271
-20.4218 88.6423 -75.6596 -0.375041 0.704422 -0.602606
-18.9706 92.2003 -72.423 -0.368301 0.703597 -0.607705
-17.2095 95.8269 -69.1851 -0.337821 0.716539 -0.610286
-15.3495 99.3166 -66.0612 -0.327524 0.720818 -0.610858
-12.8442 102.816 -63.1801 -0.29353 0.732667 -0.614035
-10.2908 106.178 -60.3128 -0.266816 0.7423 -0.614655
-8.4459 109.502 -57.1024 -0.244252 0.741181 -0.625293
-8.54687 112.783 -53.2203 -0.256896 0.731995 -0.631018
-8.48029 116.129 -49.3928 -0.266264 0.728701 -0.630949
-8.4159 119.44 -45.546 -0.276676 0.739076 -0.61418
-8.34323 122.655 -41.6798 -0.291278 0.742419 -0.603301
-7.62503 126.001 -37.9011 -0.306982 0.734287 -0.605462
-6.58936 129.265 -34.4449 -0.303923 0.741857 -0.597728
-11.1727 129.099 -32.3791 -0.295672 0.735717 -0.609343
-15.813 128.99 -30.2372 -0.300666 0.736035 -0.606507
-20.3046 129.031 -27.8624 -0.317813 0.739078 -0.593935
-24.6857 129.165 -25.2758 -0.328969 0.744098 -0.581461
-28.3391 128.027 -24.692 -0.324684 0.747313 -0.579745
-31.0727 124.729 -27.3652 -0.348334 0.738632 -0.577135
-34.3669 121.396 -29.4484 -0.394149 0.726762 -0.56255
-37.5905 118.047 -31.4641 -0.417321 0.726659 -0.54572
-40.7569 114.63 -33.3534 -0.455394 0.705106 -0.543533
-43.9489 111.071 -35.1395 -0.476226 0.675492 -0.562956
-46.9609 107.409 -36.9538 -0.478063 0.675467 -0.561422
-49.8945 103.719 -38.7004 -0.497058 0.649799 -0.57506
-52.7813 99.8702 -40.3999 -0.522876 0.638025 -0.565265
-55.6725 96.0978 -41.9655 -0.527154 0.628572 -0.571844
-58.5398 92.2166 -43.5769 -0.529733 0.629355 -0.56859
-61.3182 88.2986 -45.2539 -0.536471 0.615891 -0.576955
-64.0566 84.4144 -46.8068 -0.546524 0.610179 -0.57358
-66.8108 80.38 -48.38 -0.563624 0.595516 -0.572441
-69.4133 76.3924 -49.9553 -0.57005 0.589154 -0.572661
-72.0508 72.2982 -51.4398 -0.579877 0.575758 -0.576408
-74.574 68.1718 -53.0206 -0.586856 0.579165 -0.565833
-77.1397 64.0314 -54.4595 -0.600452 0.559013 -0.571803
-79.6014 59.8281 -55.8428 -0.612628 0.539126 -0.577953
-81.9702 55.6111 -57.2114 -0.619807 0.531095 -0.577735
-84.3647 51.2724 -58.5889 -0.624527 0.526939 -0.576454
-86.6274 46.9806 -60.0087 -0.634773 0.519632 -0.571879
-88.9712 42.6182 -61.1964 -0.665221 0.496142 -0.557965
-91.1068 38.2925 -62.538 -0.660489 0.508707 -0.552242
-93.3492 33.9361 -63.8064 -0.685982 0.501608 -0.527084
-94.0398 32.6061 -64.1684 -0.686446 0.498785 -0.529155
-91.9655 32.9664 -66.4411 -0.670491 0.500642 -0.547539
-88.1959 35.1046 -68.9523 -0.654059 0.51375 -0.555219
-84.3933 37.2499 -71.4143 -0.644993 0.514916 -0.564663
-80.4593 39.4248 -73.8782 -0.622356 0.520739 -0.584383
-76.4647 41.496 -76.1926 -0.61306 0.535514 -0.580847
-72.4431 43.5881 -78.4998 -0.608035 0.536781 -0.584944
-68.3955 45.5667 -80.6692 -0.583656 0.55568 -0.592086
-64.3185 47.5634 -82.8298 -0.581591 0.561627 -0.588496
-60.0918 49.6062 -85.0026 -0.552028 0.573964 -0.604839
-55.8822 51.4847 -86.9765 -0.530361 0.57853 -0.619694
-51.5363 53.3446 -88.9055 -0.521771 0.586282 -0.6197
-47.1575 55.1687 -90.787 -0.498302 0.595304 -0.630324
-42.6965 56.9581 -92.5989 -0.497266 0.603301 -0.623502
-38.2708 58.7419 -94.3763 -0.475105 0.61327 -0.631011
-33.8504 60.4608 -96.0525 -0.481273 0.618645 -0.621011
-29.2906 62.2116 -97.7429 -0.463104 0.624792 -0.628625
-28.448 62.5292 -98.048 -0.463112 0.624788 -0.628623
-27.8398 67.1523 -93.7795 -0.455045 0.641165 -0.617933
-32.4211 65.4412 -92.1622 -0.459343 0.635617 -0.62048
-36.9895 63.7003 -90.4896 -0.468624 0.629546 -0.619728
-41.4166 61.9657 -88.7997 -0.490531 0.603689 -0.628442
-45.8287 60.1965 -87.0402 -0.497841 0.599431 -0.626767
-50.1843 58.4236 -85.2344 -0.514275 0.59495 -0.617702
-54.4562 56.6115 -83.3497 -0.524163 0.588223 -0.61583
-58.729 54.7127 -81.3385 -0.552084 0.583675 -0.595421
-62.8957 52.7948 -79.2793 -0.580726 0.557439 -0.593312
-67.0881 50.7614 -77.0694 -0.585136 0.555982 -0.590339
-71.1694 48.7898 -74.8851 -0.583779 0.558034 -0.589746
-75.2054 46.7747 -72.6256 -0.604156 0.549205 -0.577381
-79.2994 44.6844 -70.2203 -0.629177 0.530801 -0.567791
-83.2122 42.6182 -67.8241 -0.62968 0.527763 -0.57006
-87.1062 40.4902 -65.2755 -0.649131 0.507319 -0.566795
-88.3697 39.7841 -64.4232 -0.661638 0.499203 -0.559492
-84.9113 46.4171 -62.4305 -0.631016 0.526012 -0.570202
-80.9301 48.4478 -64.9247 -0.622973 0.535797 -0.569936
-76.931 50.4989 -67.36 -0.612144 0.542571 -0.575236
-72.9256 52.4937 -69.6544 -0.604452 0.540519 -0.585216
-68.8522 54.4591 -71.8825 -0.582557 0.550484 -0.597992
-64.6874 56.4483 -74.0859 -0.572654 0.561207 -0.59759
-60.5203 58.3809 -76.199 -0.546655 0.577601 -0.606255
-56.2055 60.294 -78.2455 -0.542025 0.583575 -0.604689
-51.8458 62.1557 -80.198 -0.510922 0.605978 -0.609712
-47.4884 63.9312 -82.0255 -0.499125 0.607871 -0.617549
-43.0503 65.7356 -83.8337 -0.495056 0.610875 -0.61786
-38.5234 67.4853 -85.5613 -0.474824 0.622013 -0.622609
-34.0744 69.1554 -87.1669 -0.454187 0.633557 -0.626354
-29.4984 70.8447 -88.7609 -0.452027 0.633929 -0.62754
-27.2959 71.6591 -89.5068 -0.442195 0.64884 -0.619249
-26.6756 76.1406 -85.2467 -0.429421 0.650629 -0.626323
-31.1897 74.5251 -83.7977 -0.435744 0.64175 -0.631098
-35.685 72.8766 -82.2693 -0.450368 0.631223 -0.631448
-40.1221 71.2119 -80.6581 -0.469965 0.623112 -0.625191
-44.5169 69.5023 -78.9464 -0.499569 0.607657 -0.617401
-48.8493 67.7516 -77.1605 -0.50516 0.604203 -0.61624
-53.3161 65.9022 -75.2399 -0.512673 0.605015 -0.609198
-57.6735 64.0141 -73.2368 -0.536074 0.597109 -0.596729
-61.9011 62.1537 -71.2149 -0.551254 0.585972 -0.593932
-66.0878 60.2945 -69.1353 -0.56999 0.567218 -0.594453
-70.184 58.3862 -66.9602 -0.587021 0.548624 -0.595331
-74.2206 56.413 -64.652 -0.605858 0.545836 -0.578791
-78.2673 54.4 -62.2783 -0.610877 0.543181 -0.576006
-81.4748 52.782 -60.329 -0.623274 0.528787 -0.57612
-77.9102 59.0946 -58.3022 -0.610285 0.536421 -0.582928
-73.8883 61.044 -60.6508 -0.598569 0.544949 -0.587151
-69.8154 62.979 -62.9204 -0.573775 0.579763 -0.578496
-65.6255 64.8689 -65.0868 -0.557265 0.581814 -0.592408
-61.4548 66.7404 -67.1789 -0.554516 0.57659 -0.600046
-57.2434 68.5882 -69.1983 -0.541102 0.583725 -0.60537
-52.9793 70.3812 -71.1074 -0.514344 0.599522 -0.613208
-48.5546 72.2114 -73.0137 -0.501055 0.604742 -0.619056
-44.134 73.9963 -74.8282 -0.497096 0.609386 -0.617693
-39.7358 75.7293 -76.5433 -0.463369 0.619944 -0.633213
-35.137 77.3888 -78.1207 -0.447707 0.634315 -0.63024
-30.6209 78.9998 -79.5993 -0.427252 0.651592 -0.626804
-26.0187 80.6057 -81.0107 -0.414037 0.665945 -0.620557
-25.5597 80.7646 -81.1466 -0.414291 0.666234 -0.620077
-24.1321 85.3457 -77.0846 -0.402151 0.688375 -0.603667
-28.7537 83.7905 -75.7499 -0.405589 0.673551 -0.617921
-33.3991 82.2142 -74.3359 -0.424143 0.657947 -0.62226
-37.9714 80.5863 -72.8196 -0.446876 0.643251 -0.621716
-42.5805 78.8795 -71.154 -0.478167 0.621591 -0.620468
-47.0168 77.1716 -69.4354 -0.502155 0.602381 -0.620465
-51.3855 75.3792 -67.5863 -0.513632 0.60232 -0.611059
-55.6924 73.5808 -65.677 -0.522366 0.597877 -0.60801
-59.919 71.753 -63.6912 -0.548788 0.591816 -0.590411
-64.1613 69.8455 -61.573 -0.55824 0.583541 -0.589787
-68.4551 67.9432 -59.3898 -0.56617 0.582621 -0.583099
-72.6468 66.0144 -57.1495 -0.580905 0.573133 -0.577986
-74.312 65.2385 -56.2318 -0.594741 0.566114 -0.570787
-70.6351 71.1875 -53.9629 -0.576055 0.577083 -0.578909
-66.4883 73.077 -56.171 -0.566754 0.583388 -0.581763
-62.2971 74.9362 -58.2666 -0.552477 0.592764 -0.586003
-58.0829 76.7577 -60.2841 -0.533583 0.602887 -0.593141
-53.8166 78.5784 -62.242 -0.531133 0.608268 -0.589837
-49.4086 80.4417 -64.1932 -0.508014 0.621528 -0.596343
-45.0169 82.1769 -65.9639 -0.468625 0.637955 -0.611068
-40.474 83.8512 -67.6195 -0.448661 0.647197 -0.616311
-35.7925 85.5135 -69.1984 -0.425563 0.657068 -0.62222
-31.2012 87.0535 -70.6187 -0.397267 0.67547 -0.621224
-26.5879 88.5306 -71.9124 -0.382765 0.693925 -0.609884
-22.5275 89.8241 -72.9989 -0.375307 0.699407 -0.608256
-20.5321 94.3087 -69.0407 -0.361527 0.709813 -0.604536
-25.2858 92.8622 -67.847 -0.370916 0.686507 -0.625404
-30.0059 91.4341 -66.5925 -0.394029 0.67685 -0.621784
-34.6062 89.9484 -65.2245 -0.407133 0.674128 -0.616275
-39.2051 88.3889 -63.7466 -0.440774 0.655258 -0.613478
-43.7158 86.7711 -62.1576 -0.457788 0.643537 -0.613425
-48.2183 85.0239 -60.3873 -0.494649 0.633623 -0.594848
-52.5625 83.2546 -58.5361 -0.518416 0.61617 -0.592941
-57.0138 81.3749 -56.5335 -0.52947 0.610188 -0.589349
-61.2694 79.573 -54.5352 -0.543024 0.604399 -0.582947
-65.4386 77.7418 -52.4549 -0.562362 0.591189 -0.578139
-66.706 77.1703 -51.8074 -0.562493 0.590857 -0.57835
-62.9718 82.9069 -49.4427 -0.547225 0.606073 -0.577252
-58.7652 84.735 -51.4797 -0.538958 0.609515 -0.581391
-54.3939 86.5624 -53.4695 -0.514424 0.624959 -0.587192
-50.0253 88.3475 -55.3594 -0.49544 0.639466 -0.587896
-45.6588 90.0536 -57.1175 -0.475761 0.645743 -0.597216
-41.1727 91.7271 -58.7782 -0.453331 0.649793 -0.610131
-36.5394 93.2824 -60.2977 -0.416671 0.665987 -0.618746
-31.8228 94.844 -61.769 -0.402208 0.67683 -0.616546
-27.1572 96.2806 -63.0614 -0.373035 0.681099 -0.630039
-22.3409 97.6541 -64.237 -0.345742 0.696498 -0.628771
-18.2258 98.7902 -65.1576 -0.323939 0.715417 -0.619065
-15.1919 103.321 -61.4181 -0.30625 0.727341 -0.614155
-20.1253 102.065 -60.3924 -0.319431 0.716584 -0.620058
-24.9136 100.792 -59.307 -0.331853 0.704671 -0.627146
-29.6207 99.445 -58.0968 -0.375308 0.694779 -0.613536
-34.2278 98.0052 -56.7512 -0.407134 0.667699 -0.623234
-38.8321 96.4793 -55.28 -0.426313 0.664664 -0.613579
-43.4322 94.8524 -53.6612 -0.462863 0.651066 -0.601558
-47.8772 93.1812 -51.9584 -0.489332 0.63845 -0.594084
-52.2046 91.4388 -50.1491 -0.508115 0.628659 -0.588733
-56.5036 89.6668 -48.2479 -0.523311 0.627679 -0.576337
-58.9079 88.6571 -47.1367 -0.538241 0.618262 -0.572756
-54.7708 94.319 -44.7595 -0.531006 0.625608 -0.571531
-50.4555 96.1213 -46.671 -0.497124 0.634368 -0.591983
-46.0778 97.8237 -48.426 -0.473707 0.638869 -0.606174
-41.5188 99.5073 -50.1329 -0.448554 0.651157 -0.612204
-36.8658 101.085 -51.6913 -0.418388 0.66411 -0.619604
-32.2056 102.54 -53.0923 -0.377528 0.686356 -0.621601
-27.5437 103.865 -54.3372 -0.3664 0.701324 -0.611471
-22.7928 105.155 -55.5007 -0.328885 0.708378 -0.624527
-17.9298 106.358 -56.5507 -0.301555 0.719625 -0.625463
-12.957 107.521 -57.513 -0.281324 0.731299 -0.621336
-11.893 107.761 -57.708 -0.276448 0.733401 -0.621047
-11.4297 111.513 -53.5009 -0.270694 0.730099 -0.62744
-16.3051 110.437 -52.5626 -0.289382 0.725138 -0.624846
-21.1306 109.313 -51.5769 -0.319565 0.723842 -0.611499
-26.0425 108.053 -50.4235 -0.336081 0.71507 -0.612963
-30.7914 106.783 -49.2213 -0.356881 0.708579 -0.608729
-35.4328 105.416 -47.8972 -0.39643 0.679375 -0.617489
-40.1301 103.884 -46.3804 -0.439564 0.663348 -0.605602
-44.6425 102.298 -44.7931 -0.469869 0.651506 -0.59562
-49.1152 100.53 -42.976 -0.509385 0.639832 -0.575449
-50.4551 99.9739 -42.4008 -0.514496 0.642596 -0.567771
-46.2775 105.445 -39.8458 -0.48455 0.658259 -0.576114
-41.8511 107.096 -41.5199 -0.447386 0.680723 -0.580053
-37.2625 108.64 -43.0741 -0.397969 0.701244 -0.591505
-32.6374 110.023 -44.427 -0.371142 0.70309 -0.606562
-27.92 111.301 -45.6738 -0.338024 0.703319 -0.625366
-23.1902 112.495 -46.8031 -0.311176 0.723106 -0.616674
-18.2849 113.656 -47.8801 -0.303021 0.725528 -0.61789
-13.4741 114.74 -48.8544 -0.273142 0.732354 -0.623739
-11.3254 115.191 -49.2631 -0.269451 0.729688 -0.628451
-11.2875 118.81 -44.9978 -0.28005 0.742125 -0.608952
-16.1911 117.719 -43.994 -0.297719 0.740938 -0.601976
-20.9802 116.62 -42.9547 -0.300631 0.738412 -0.60363
-25.749 115.498 -41.8934 -0.321175 0.735586 -0.596456
-30.602 114.237 -40.6592 -0.358818 0.719738 -0.594329
-35.3559 112.899 -39.3343 -0.384359 0.697976 -0.604233
-39.9603 111.454 -37.8809 -0.442088 0.685364 -0.578649
-41.8732 110.775 -37.1985 -0.450397 0.679648 -0.578983
-37.1826 115.945 -34.4464 -0.401603 0.705592 -0.583828
-32.5111 117.308 -35.8145 -0.348593 0.72879 -0.589362
-27.8065 118.507 -37.0203 -0.32902 0.729734 -0.599362
-22.9948 119.692 -38.1745 -0.314318 0.733233 -0.602971
-18.1259 120.801 -39.2249 -0.292477 0.744866 -0.599694
-13.2914 121.881 -40.2481 -0.290104 0.745156 -0.600485
-11.0641 122.381 -40.7038 -0.29008 0.744401 -0.601433
-10.3285 126.046 -36.519 -0.291795 0.742888 -0.602473
-15.2776 124.934 -35.484 -0.293433 0.744219 -0.600029
-20.0789 123.852 -34.4645 -0.296296 0.744967 -0.59769
-24.8347 122.741 -33.39 -0.315276 0.743208 -0.590121
-29.6873 121.547 -32.2063 -0.332322 0.737053 -0.588485
-32.3426 120.852 -31.5058 -0.357585 0.733364 -0.578195
-27.8821 125.432 -28.2965 -0.325174 0.749067 -0.577201
-22.9643 126.627 -29.4542 -0.316097 0.743479 -0.58934
-20.9406 127.111 -29.9205 -0.311187 0.743904 -0.591413
-29.7784 123.432 29.9704 -0.345394 0.749396 0.564897
-25.03 124.633 31.1394 -0.322163 0.750477 0.577058
-20.1682 125.817 32.2844 -0.314342 0.746548 0.586392
-15.2721 126.948 33.3534 -0.294021 0.748269 0.594681
-14.4774 127.126 33.5216 -0.29438 0.748891 0.593719
-10.9781 124.473 38.6338 -0.289625 0.754083 0.58947
-15.8383 123.394 37.6216 -0.29293 0.754452 0.587361
-20.6823 122.285 36.5687 -0.30503 0.752736 0.583391
-25.605 121.08 35.4065 -0.331943 0.74374 0.580227
-30.353 119.862 34.2162 -0.344171 0.729882 0.590608
-34.7167 118.65 33.0303 -0.382854 0.724424 0.573264
-39.3398 113.687 35.9634 -0.424464 0.705081 0.568059
-34.6856 115.152 37.3857 -0.371776 0.714037 0.59324
-29.9968 116.468 38.6712 -0.355943 0.731692 0.581319
-25.1335 117.77 39.9302 -0.330212 0.740288 0.585605
-20.2578 118.945 41.0657 -0.302214 0.746427 0.592886
-15.4419 120.021 42.0911 -0.28546 0.746988 0.600435
-11.2389 120.96 42.978 -0.294125 0.748281 0.594615
-11.4057 117.383 47.3062 -0.286064 0.731715 0.618676
-16.2726 116.3 46.2775 -0.295951 0.739753 0.6043
-21.1495 115.174 45.186 -0.313662 0.724664 0.613578
-25.9768 113.993 44.0448 -0.343408 0.721859 0.600824
-30.7741 112.681 42.7702 -0.372856 0.707745 0.600062
-35.4767 111.338 41.4541 -0.37452 0.710992 0.595168
-40.1038 109.884 40.041 -0.424438 0.703116 0.570508
-44.1989 108.48 38.6651 -0.436791 0.697588 0.567965
-48.5538 103.337 41.3791 -0.458219 0.68231 0.569639
-43.9734 104.991 43.0217 -0.434053 0.682486 0.588057
-39.3801 106.504 44.5323 -0.412642 0.691233 0.593232
-34.7752 107.917 45.9374 -0.378022 0.707036 0.597662
-30.0541 109.249 47.2477 -0.373781 0.706772 0.600634
-25.3349 110.535 48.5071 -0.329386 0.72272 0.607602
-20.5245 111.69 49.6264 -0.310903 0.711699 0.62994
-15.7326 112.749 50.6662 -0.285549 0.714804 0.638371
-11.5592 113.642 51.5231 -0.279943 0.710856 0.645225
-11.373 109.889 55.7498 -0.254689 0.706455 0.660345
-16.2747 108.86 54.7448 -0.289703 0.703337 0.649145
-21.1789 107.775 53.6822 -0.290128 0.707467 0.64445
-25.9406 106.641 52.5661 -0.34214 0.682097 0.646284
-30.7085 105.357 51.3034 -0.357074 0.684292 0.635801
-35.3601 104.037 49.9849 -0.391057 0.685513 0.614122
-39.9806 102.618 48.553 -0.413453 0.674928 0.61117
-44.5299 101.128 47.0556 -0.426842 0.675512 0.60124
-49.1777 99.5393 45.4228 -0.451397 0.682697 0.5746
-52.435 98.3693 44.2314 -0.459033 0.679825 0.57195
-56.5091 93.2752 46.921 -0.462494 0.665905 0.585381
-52.0179 94.8633 48.6103 -0.451396 0.667286 0.592428
-47.4147 96.4276 50.2275 -0.435396 0.676574 0.593867
-42.8581 97.9035 51.7608 -0.419912 0.672177 0.609796
-38.1278 99.38 53.2737 -0.402676 0.672284 0.621197
-33.385 100.768 54.6821 -0.371722 0.669529 0.643081
-28.6246 102.057 55.9809 -0.352149 0.684694 0.63811
-23.91 103.275 57.1998 -0.320772 0.684409 0.654744
-19.1062 104.36 58.2754 -0.297671 0.693138 0.65647
-14.2493 105.409 59.304 -0.274885 0.69554 0.663824
-11.4271 105.977 59.8468 -0.266076 0.695718 0.667219
-11.2641 102.07 63.9423 -0.257352 0.692752 0.673695
-16.0853 101.087 63.0198 -0.280571 0.691975 0.66517
-20.9369 100.028 61.9714 -0.303937 0.683648 0.663511
-25.7177 98.8911 60.8345 -0.338072 0.672728 0.658137
-30.4963 97.6414 59.5712 -0.358551 0.66934 0.650711
-35.2661 96.3163 58.2157 -0.387383 0.65772 0.646017
-39.9461 94.9441 56.797 -0.398433 0.661143 0.63572
-44.5844 93.5341 55.3265 -0.404277 0.66115 0.632014
-49.2029 92.0469 53.7618 -0.43686 0.651594 0.620143
-53.824 90.4676 52.0802 -0.451015 0.649366 0.612298
-58.3877 88.8823 50.3778 -0.456235 0.660846 0.595929
-61.3201 87.8453 49.2459 -0.46436 0.664273 0.585757
-66.4831 82.1964 51.3026 -0.473738 0.639202 0.6058
-62.0269 83.7965 53.0922 -0.471027 0.639239 0.607871
-57.551 85.3554 54.8037 -0.454025 0.64536 0.614305
-53.015 86.9174 56.4928 -0.448601 0.653316 0.609865
-48.4938 88.4029 58.097 -0.430554 0.651632 0.624499
-43.8107 89.8575 59.6453 -0.402848 0.65763 0.636582
-39.1888 91.2101 61.0728 -0.385484 0.660629 0.644182
-34.4547 92.564 62.4833 -0.380761 0.657998 0.649661
-29.6609 93.8948 63.8508 -0.355852 0.656808 0.66481
-24.9419 95.1096 65.089 -0.337857 0.672827 0.658146
-20.1853 96.2228 66.209 -0.306907 0.677887 0.66804
-15.3342 97.2672 67.2303 -0.272413 0.679515 0.681213
-11.9842 97.9445 67.8857 -0.265319 0.684791 0.678725
-12.7204 93.7666 71.7999 -0.274717 0.683547 0.676235
-17.5489 92.7481 70.7989 -0.292064 0.672414 0.680116
-22.3868 91.6604 69.7089 -0.31342 0.658029 0.684664
-27.1935 90.4661 68.49 -0.349037 0.653014 0.67212
-31.8875 89.2422 67.2271 -0.351957 0.65564 0.668028
-36.5516 87.9714 65.8975 -0.380486 0.652432 0.65541
-41.1953 86.645 64.4959 -0.389576 0.649259 0.653218
-45.7825 85.2861 63.0409 -0.408008 0.64233 0.6488
-50.4875 83.8137 61.4487 -0.431987 0.63698 0.63847
-54.9954 82.3101 59.8207 -0.450111 0.629813 0.633037
-59.484 80.7843 58.1296 -0.449849 0.640984 0.621912
-64.0289 79.208 56.3585 -0.468596 0.635768 0.613365
-68.4852 77.6175 54.5279 -0.477995 0.632745 0.609225
-70.6158 76.8565 53.6561 -0.474793 0.633402 0.611042
-74.6573 71.438 55.9922 -0.48703 0.617989 0.617164
-70.2497 73.0288 57.8352 -0.477757 0.623597 0.618769
-65.8026 74.6098 59.6634 -0.4743 0.622965 0.622057
-61.3363 76.1958 61.4461 -0.457029 0.627585 0.630287
-56.7033 77.751 63.1858 -0.430555 0.636029 0.640382
-52.1846 79.1928 64.7907 -0.430968 0.623676 0.652146
-47.643 80.6391 66.368 -0.417075 0.625688 0.659214
-43.0237 82.0377 67.8838 -0.401497 0.631019 0.663788
-38.3561 83.3954 69.3388 -0.372094 0.644882 0.667588
-33.6981 84.6767 70.6978 -0.371151 0.643603 0.669345
-28.8181 85.9551 72.0384 -0.347271 0.652095 0.673925
-24.0218 87.1541 73.2615 -0.329442 0.656617 0.67847
-19.2465 88.2779 74.4088 -0.312871 0.659833 0.683179
-14.4693 89.3434 75.4808 -0.296027 0.668325 0.682429
-13.1721 89.6229 75.759 -0.288001 0.67194 0.682314
-13.463 85.4514 79.7207 -0.299816 0.668169 0.680926
-18.3206 84.3519 78.6222 -0.306094 0.661803 0.684341
-23.1136 83.238 77.4635 -0.322361 0.655744 0.682703
-27.9042 82.0647 76.2473 -0.33917 0.6486 0.681382
-32.6477 80.8408 74.9527 -0.367572 0.643063 0.671835
-37.3494 79.5599 73.5836 -0.390399 0.639288 0.662495
-42.0657 78.1908 72.102 -0.39328 0.636595 0.663383
-46.77 76.7901 70.5837 -0.408848 0.634046 0.656376
-51.3711 75.3844 69.0423 -0.415723 0.630803 0.655181
-56.0376 73.9145 67.4072 -0.434629 0.625738 0.647727
-60.5257 72.4243 65.7357 -0.463143 0.618833 0.634464
-64.9889 70.8697 63.9699 -0.470086 0.613042 0.634979
-69.5448 69.2509 62.115 -0.478898 0.609731 0.631573
-73.964 67.6778 60.2809 -0.481928 0.610272 0.62874
-78.3359 66.0682 58.367 -0.496074 0.604717 0.623079
-78.6495 65.9531 58.2289 -0.496343 0.604569 0.623009
-82.38 60.4756 60.4865 -0.511803 0.589964 0.6245
-77.9711 62.1123 62.4782 -0.491619 0.605092 0.626239
-73.4894 63.7293 64.3966 -0.483112 0.601601 0.636144
-69.0622 65.3251 66.2531 -0.483695 0.604657 0.632795
-64.6345 66.8748 68.0446 -0.462989 0.610686 0.64242
-60.2043 68.4082 69.7873 -0.458311 0.606888 0.649337
-55.6714 69.9303 71.4935 -0.433451 0.623505 0.650662
-51.0439 71.3823 73.1089 -0.413318 0.630786 0.656718
-46.4458 72.7694 74.6359 -0.408095 0.62775 0.662864
-41.7142 74.1721 76.1673 -0.394063 0.636773 0.662747
-37.0991 75.5185 77.6233 -0.392565 0.637758 0.66269
-32.3932 76.7649 78.9661 -0.354252 0.638854 0.682914
-27.6368 77.9608 80.2461 -0.342584 0.640782 0.687048
-22.9314 79.1234 81.4797 -0.328455 0.651855 0.683522
-18.1531 80.2512 82.6527 -0.311755 0.660235 0.6833
-13.5423 81.2978 83.7354 -0.304881 0.663322 0.683412
-13.4568 77.1261 87.7309 -0.316615 0.6495 0.691306
-18.2871 76.0147 86.566 -0.316946 0.644923 0.695428
-23.0856 74.8709 85.3564 -0.342902 0.636994 0.690403
-27.8201 73.6953 84.0948 -0.341639 0.63541 0.692486
-32.5921 72.4971 82.7989 -0.359521 0.627517 0.690628
-37.2923 71.2535 81.4515 -0.366177 0.624821 0.689575
-42.0602 69.8986 79.976 -0.39139 0.626734 0.673809
-46.6945 68.5604 78.5056 -0.406226 0.632403 0.65958
-51.3585 67.1271 76.9226 -0.42499 0.618957 0.660511
-56.0126 65.6674 75.2963 -0.425118 0.618476 0.66088
-60.6123 64.1142 73.5499 -0.45734 0.611446 0.645735
-65.157 62.5425 71.768 -0.480012 0.594929 0.644707
-69.5993 60.9352 69.9261 -0.482298 0.592425 0.645307
-74.1082 59.3096 68.0179 -0.48726 0.591795 0.64215
-78.591 57.6904 66.0999 -0.491825 0.585877 0.644094
-82.9185 56.0817 64.142 -0.52115 0.577895 0.628045
-86.1363 54.8473 62.6239 -0.517997 0.578881 0.629743
-89.6692 49.2035 64.8144 -0.531633 0.571175 0.6254
-85.3113 50.9039 66.9184 -0.519748 0.575993 0.630947
-80.8664 52.5938 68.9888 -0.498298 0.579592 0.644804
-76.3552 54.2484 70.9738 -0.492606 0.588017 0.641541
-71.9935 55.8414 72.8295 -0.488627 0.5919 0.641013
-67.6183 57.4409 74.6652 -0.476875 0.590952 0.650666
-63.1843 59.0247 76.4562 -0.470859 0.596169 0.650287
-58.5939 60.6132 78.2409 -0.46071 0.599779 0.654226
-54.085 62.1098 79.9081 -0.431472 0.618762 0.656479
-49.5175 63.5231 81.4792 -0.394858 0.61243 0.684848
-44.7931 64.8876 82.9917 -0.393069 0.615864 0.682795
-40.1579 66.216 84.4531 -0.386201 0.61759 0.685151
-35.335 67.5181 85.8799 -0.364354 0.628465 0.687225
-30.548 68.7715 87.2433 -0.352388 0.632439 0.689814
-25.7657 69.9807 88.5524 -0.34481 0.637636 0.688858
-21.0532 71.1432 89.8054 -0.32819 0.640689 0.694125
-16.2991 72.2527 91.0056 -0.316974 0.64462 0.695696
-13.0981 72.9795 91.7827 -0.314898 0.648665 0.692873
-12.6664 68.8302 95.8167 -0.322395 0.641415 0.696167
-17.4032 67.7411 94.6165 -0.327386 0.635888 0.698903
-22.2063 66.6089 93.3966 -0.330262 0.635053 0.698309
-26.9651 65.4367 92.1112 -0.346 0.629911 0.695339
-31.7161 64.2239 90.7859 -0.360789 0.627751 0.689754
-36.4504 62.9735 89.4069 -0.380409 0.615903 0.689893
-41.1585 61.6686 87.973 -0.383145 0.613989 0.690085
-45.7507 60.3378 86.5093 -0.397817 0.612589 0.682991
-50.328 58.9863 85.0103 -0.406572 0.609714 0.680403
-54.9803 57.5886 83.4642 -0.424498 0.597662 0.680148
-59.5442 56.0453 81.7427 -0.460547 0.595052 0.658642
-64.0343 54.4734 79.9861 -0.477435 0.592279 0.649046
-68.4708 52.8803 78.1804 -0.476587 0.590802 0.651013
-72.899 51.2652 76.3268 -0.490595 0.585759 0.645138
-77.2898 49.645 74.4421 -0.500847 0.584042 0.638785
-81.6308 48.0142 72.5224 -0.501385 0.583349 0.638997
-86.037 46.3045 70.4845 -0.526533 0.569984 0.630778
-90.3237 44.6195 68.4211 -0.536673 0.56874 0.623311
-93.4404 43.3543 66.836 -0.551492 0.560444 0.617867
-96.9515 37.4698 68.9932 -0.571765 0.546059 0.612294
-92.7696 39.2479 71.1566 -0.551748 0.559983 0.618056
-88.4184 41.0372 73.2824 -0.528425 0.572788 0.626642
-84.168 42.7416 75.3015 -0.518338 0.573245 0.634599
-79.7321 44.4385 77.272 -0.504584 0.580174 0.639369
-75.2852 46.1149 79.1997 -0.492286 0.588673 0.641186
-70.9254 47.7296 81.0458 -0.480707 0.589472 0.649187
-66.4579 49.3528 82.8766 -0.478003 0.591702 0.649154
-62.0173 50.9198 84.642 -0.460322 0.594417 0.659372
-57.4272 52.4526 86.3538 -0.4345 0.599783 0.671916
-52.899 53.9271 87.9854 -0.430338 0.594113 0.679587
-48.3296 55.3044 89.4951 -0.403743 0.60947 0.682304
-43.643 56.6847 91.0163 -0.388307 0.611412 0.689487
-38.8421 58.0238 92.4949 -0.383488 0.613052 0.690728
-34.1486 59.311 93.9188 -0.365835 0.620281 0.693842
-29.4664 60.5219 95.2602 -0.353754 0.614605 0.705066
-24.7324 61.7076 96.5602 -0.344196 0.624663 0.700946
-19.9007 62.8762 97.8408 -0.333259 0.627251 0.703914
-15.1371 63.9853 99.0745 -0.327346 0.635109 0.699629
-12.0146 64.7003 99.8741 -0.324513 0.634228 0.701745
-11.1427 60.5961 103.953 -0.321888 0.623327 0.712637
-15.8753 59.5037 102.731 -0.329288 0.617298 0.714501
-20.6114 58.3899 101.473 -0.339399 0.611883 0.714428
-25.3161 57.2351 100.179 -0.351717 0.609002 0.710923
-30.1138 56.0338 98.8414 -0.354742 0.613521 0.705514
-34.7901 54.8319 97.5132 -0.366283 0.605861 0.706236
-39.439 53.5585 96.1137 -0.382572 0.610921 0.693119
-44.081 52.2612 94.6845 -0.384572 0.611291 0.691685
-48.787 50.8706 93.1617 -0.413546 0.597694 0.686835
-53.3536 49.4474 91.6084 -0.427571 0.592429 0.682796
-57.9509 47.9831 89.9992 -0.427806 0.591182 0.683729
-62.5218 46.4303 88.2763 -0.459666 0.585105 0.668101
-67.0727 44.8422 86.5087 -0.478223 0.588191 0.652176
-71.4749 43.2321 84.7121 -0.480758 0.588548 0.649986
-75.9398 41.5753 82.8519 -0.499016 0.585292 0.639075
-80.2982 39.9094 80.972 -0.5063 0.589729 0.62919
-84.6453 38.2224 79.048 -0.518366 0.578577 0.629719
-88.9058 36.4692 77.0397 -0.530998 0.575852 0.621639
-93.097 34.6831 74.9741 -0.558594 0.549189 0.621582
-97.2559 32.8714 72.8324 -0.567349 0.548873 0.613884
-100.519 31.3981 71.0805 -0.576543 0.54454 0.60916
-104.164 25.195 73.2099 -0.588849 0.544455 0.597349
-100.053 27.1139 75.4453 -0.575187 0.553781 0.602069
-95.8471 29.0371 77.6204 -0.560189 0.561699 0.608837
-91.6331 30.9335 79.7595 -0.552308 0.568589 0.609642
-87.3694 32.7434 81.7832 -0.535098 0.570471 0.623084
-83.0291 34.5242 83.7655 -0.515036 0.57135 0.638982
-78.6067 36.2536 85.6805 -0.491553 0.585844 0.644331
-74.0987 37.9531 87.5469 -0.480975 0.588092 0.650239
-69.5779 39.6249 89.382 -0.478573 0.589153 0.65105
-65.0235 41.2234 91.1311 -0.457627 0.587825 0.667113
-60.4695 42.8004 92.8552 -0.443738 0.589034 0.675378
-55.9601 44.2615 94.454 -0.4325 0.589366 0.682343
-51.3045 45.7359 96.0657 -0.415043 0.587512 0.694672
-46.7532 47.1397 97.5927 -0.411314 0.585887 0.698253
-42.104 48.497 99.0728 -0.385049 0.598981 0.70211
-37.4223 49.7755 100.484 -0.367712 0.607874 0.70376
-32.6666 51.041 101.875 -0.358833 0.610348 0.706196
-27.9722 52.21 103.177 -0.346977 0.609473 0.712846
-23.2539 53.3715 104.483 -0.347042 0.60854 0.713611
-18.4972 54.5162 105.786 -0.335999 0.611439 0.716413
-13.6212 55.6588 107.081 -0.330051 0.613874 0.717094
-10.9474 56.2639 107.789 -0.327564 0.615212 0.717088
-10.9576 51.8384 111.505 -0.32475 0.605533 0.726545
-15.7194 50.7753 110.266 -0.327867 0.609746 0.721604
-20.4995 49.6681 108.974 -0.339377 0.605623 0.719753
-25.2878 48.5114 107.657 -0.345358 0.61106 0.712273
-30.1385 47.3199 106.312 -0.349727 0.610162 0.71091
-34.9019 46.0985 104.937 -0.373747 0.59644 0.710333
-39.5636 44.8334 103.544 -0.374104 0.596475 0.710115
-44.1904 43.5147 102.114 -0.409094 0.584425 0.700778
-48.8436 42.0973 100.578 -0.409258 0.584378 0.700722
-53.4143 40.6925 99.0572 -0.416653 0.585927 0.695047
-58.0956 39.2186 97.4666 -0.432877 0.589175 0.682269
-62.6386 37.7004 95.8259 -0.44536 0.583495 0.679108
-67.261 36.0981 94.1042 -0.460962 0.585664 0.666718
-71.7221 34.5169 92.4069 -0.465749 0.583908 0.664928
-76.1113 32.8477 90.6144 -0.492892 0.574325 0.653612
-80.5086 31.1467 88.7964 -0.494558 0.572017 0.654376
-84.8462 29.3977 86.9165 -0.529143 0.565978 0.6322
-89.0854 27.5926 84.9675 -0.535468 0.562431 0.630036
-93.3883 25.725 82.9533 -0.542862 0.561954 0.624106
-97.5534 23.7967 80.8668 -0.570342 0.55414 0.606332
-101.669 21.8336 78.7245 -0.584365 0.546928 0.599489
-105.774 19.822 76.5064 -0.602511 0.541978 0.585867
-108.276 18.5427 75.0817 -0.611621 0.535959 0.581951
-115.789 9.77742 75.1488 -0.637545 0.537755 0.551684
-111.86 12.0014 77.4145 -0.616852 0.543431 0.569365
-107.884 14.1474 79.6185 -0.601938 0.544446 0.584165
-103.762 16.2605 81.8092 -0.580447 0.556425 0.594536
-99.6786 18.2735 83.8885 -0.57549 0.554861 0.600783
-95.5348 20.2637 85.9582 -0.547598 0.563279 0.618752
-91.2857 22.1744 87.9331 -0.533506 0.573026 0.622104
-86.9777 24.0455 89.8813 -0.533063 0.559809 0.634396
-82.6424 25.8573 91.7674 -0.49623 0.567272 0.657235
-78.1361 27.6585 93.6351 -0.493729 0.572614 0.654481
-73.7376 29.3283 95.3826 -0.479907 0.580071 0.658184
-69.2503 31.0081 97.1482 -0.45825 0.581112 0.672544
-64.779 32.5986 98.8229 -0.457428 0.579709 0.674313
-60.2425 34.1546 100.468 -0.447282 0.588121 0.673834
-55.5487 35.6727 102.079 -0.419253 0.596262 0.684615
-50.9979 37.1076 103.619 -0.417347 0.596115 0.685907
-46.3682 38.5071 105.128 -0.397911 0.592523 0.700417
-41.7637 39.8287 106.561 -0.370697 0.593921 0.714032
-37.0327 41.1254 107.982 -0.376989 0.590425 0.713637
-32.246 42.4026 109.389 -0.355215 0.594901 0.721051
-27.5386 43.5604 110.691 -0.339621 0.589998 0.732502
-22.7208 44.7099 112.008 -0.344182 0.591657 0.729027
-17.9737 45.8344 113.315 -0.327792 0.590912 0.73714
-13.13 46.9096 114.586 -0.326158 0.59297 0.736212
-11.0119 47.3805 115.142 -0.322005 0.593305 0.737768
-11.1753 42.8638 118.678 -0.317581 0.588586 0.743444
-15.9412 41.8247 117.424 -0.330296 0.587125 0.739046
-20.8005 40.7221 116.121 -0.330874 0.582092 0.742759
-25.612 39.5859 114.805 -0.343262 0.590697 0.730238
-30.3226 38.438 113.508 -0.345336 0.589019 0.730616
-35.0953 37.2419 112.178 -0.370482 0.588564 0.718564
-39.8199 35.9654 110.775 -0.372921 0.591429 0.714942
-44.5655 34.6648 109.378 -0.380863 0.592399 0.709935
-49.2465 33.2972 107.902 -0.398112 0.592738 0.700121
-53.8138 31.8843 106.4 -0.413062 0.587632 0.69575
-58.4267 30.3947 104.834 -0.436128 0.583417 0.68514
-62.9432 28.877 103.259 -0.434923 0.586786 0.683026
-67.4506 27.3033 101.625 -0.453489 0.588979 0.668918
-71.9424 25.6535 99.928 -0.481121 0.57857 0.658619
-76.4779 23.9054 98.1412 -0.482357 0.577777 0.658412
-80.9405 22.1421 96.3658 -0.490157 0.588099 0.64334
-85.2956 20.3949 94.6137 -0.511105 0.578609 0.635597
-89.5706 18.5501 92.7721 -0.534633 0.575106 0.61921
-93.8087 16.6308 90.8671 -0.554711 0.562649 0.612962
-98.0227 14.6196 88.8842 -0.562344 0.559419 0.60895
-102.156 12.5411 86.8482 -0.577423 0.558319 0.595703
-106.221 10.4353 84.7971 -0.595778 0.555175 0.58037
-107.733 9.63097 84.015 -0.595413 0.554938 0.58097
-99.301 9.51775 92.4149 -0.558478 0.561906 0.610216
-95.1078 11.5801 94.3424 -0.552941 0.563585 0.6137
-90.8896 13.5731 96.2288 -0.520304 0.572144 0.633984
-86.5563 15.4709 98.0462 -0.517076 0.573055 0.635799
-82.1118 17.3482 99.8569 -0.498823 0.577981 0.645843
-77.7322 19.0927 101.568 -0.480477 0.584936 0.653446
-73.2315 20.8297 103.298 -0.469426 0.584254 0.662033
-68.7383 22.5246 104.983 -0.460551 0.591162 0.662134
-64.2237 24.087 106.564 -0.430236 0.589775 0.68342
-59.6935 25.6179 108.109 -0.431899 0.587587 0.684255
-55.0698 27.1449 109.685 -0.411119 0.590769 0.694243
-50.4163 28.5824 111.194 -0.403333 0.582822 0.705436
-45.7568 29.9221 112.617 -0.382697 0.586703 0.713669
-40.9983 31.261 114.046 -0.378637 0.587715 0.715
-36.3486 32.5054 115.399 -0.36086 0.586225 0.725342
-31.6083 33.7088 116.727 -0.345006 0.591233 0.728982
-26.8184 34.8649 118.038 -0.336472 0.581783 0.740483
-22.0752 35.9518 119.297 -0.329117 0.582661 0.743093
-17.2958 37.0213 120.563 -0.326083 0.583373 0.743872
-12.4534 38.0842 121.834 -0.31822 0.578325 0.751183
-11.0091 38.3898 122.21 -0.31821 0.578274 0.751226
-11.0994 33.8595 125.633 -0.310226 0.571256 0.759886
-15.8563 32.8699 124.409 -0.316465 0.578431 0.751843
-20.7308 31.828 123.148 -0.327108 0.583532 0.743297
-25.4821 30.7435 121.876 -0.332287 0.581821 0.742341
-30.2346 29.6316 120.614 -0.335745 0.58804 0.735856
-34.9985 28.4637 119.341 -0.352752 0.585361 0.730013
-39.6957 27.2432 118.015 -0.370281 0.589817 0.71764
-44.3921 25.9254 116.624 -0.378291 0.586659 0.716049
-49.0718 24.5918 115.211 -0.383356 0.585171 0.714572
-53.6732 23.2051 113.774 -0.403868 0.584132 0.704046
-58.2914 21.7377 112.279 -0.421503 0.5785 0.698336
-62.9564 20.1842 110.729 -0.421022 0.592742 0.686584
-67.5388 18.6145 109.186 -0.442869 0.583488 0.680741
-72.1732 16.9052 107.506 -0.468105 0.580526 0.666233
-76.6964 15.1347 105.8 -0.477282 0.579536 0.66056
-81.1281 13.3885 104.129 -0.479014 0.580696 0.658284
-85.5227 11.5441 102.389 -0.502272 0.573222 0.647409
-89.8146 9.64412 100.652 -0.513597 0.58077 0.631605
-90.1819 9.48111 100.503 -0.51389 0.581545 0.630653
-80.253 9.36858 108.304 -0.47671 0.583367 0.657594
-75.8245 11.1329 109.933 -0.471692 0.574728 0.668726
-71.3394 12.8504 111.539 -0.448637 0.580662 0.67938
-66.7008 14.5304 113.153 -0.443371 0.581392 0.682206
-62.1629 16.0789 114.665 -0.418155 0.582127 0.697334
-57.5824 17.5954 116.147 -0.416519 0.579523 0.700475
-52.9181 19.0722 117.631 -0.404115 0.581782 0.705848
-48.2629 20.4502 119.035 -0.383457 0.585238 0.714463
-43.6417 21.7815 120.414 -0.378041 0.587021 0.715884
-38.9431 23.0507 121.755 -0.357385 0.580082 0.731971
-34.1156 24.2792 123.081 -0.341309 0.576569 0.742345
-29.3762 25.4103 124.327 -0.330052 0.585356 0.740556
-24.5146 26.5218 125.589 -0.323521 0.575716 0.750923
-19.6671 27.5909 126.849 -0.315812 0.573883 0.755593
-14.8538 28.5908 128.068 -0.309988 0.572061 0.759377
-11.1025 29.3406 129.013 -0.303334 0.57082 0.762989
-11.4138 24.7784 132.257 -0.295408 0.565292 0.770181
-16.3015 23.8205 131.061 -0.30424 0.564421 0.767377
-21.0722 22.8244 129.862 -0.315861 0.571635 0.757275
-25.8202 21.7947 128.665 -0.310832 0.576895 0.755365
-30.5808 20.7301 127.47 -0.332157 0.576467 0.746564
-35.4225 19.5443 126.175 -0.341953 0.579619 0.739669
-40.1843 18.3305 124.887 -0.356603 0.580471 0.732044
-44.8526 17.0711 123.589 -0.372018 0.579225 0.725328
-49.5113 15.7217 122.21 -0.383395 0.579747 0.718959
-54.1519 14.3279 120.826 -0.402366 0.573149 0.713864
-58.7356 12.8552 119.379 -0.414841 0.580085 0.701006
-63.3478 11.322 117.922 -0.422524 0.579002 0.697302
-67.9666 9.72497 116.391 -0.430479 0.588473 0.684388
-68.9313 9.38512 116.075 -0.435378 0.585855 0.683535
-56.1688 9.33889 123.739 -0.395266 0.582057 0.710616
-51.537 10.7708 125.131 -0.386504 0.579243 0.717699
-46.773 12.1677 126.526 -0.369442 0.579298 0.726586
-42.1121 13.4423 127.812 -0.35108 0.576403 0.737904
-37.3384 14.6774 129.08 -0.337252 0.574716 0.745629
-32.4113 15.8773 130.369 -0.331613 0.570381 0.751464
-27.6089 16.975 131.581 -0.311598 0.571252 0.759327
-22.7859 18.0128 132.775 -0.310539 0.569335 0.761198
-17.8174 19.0381 133.99 -0.29686 0.567003 0.768363
-12.9395 19.9899 135.167 -0.292071 0.557814 0.776878
-11.117 20.328 135.603 -0.288544 0.558559 0.777659
-10.1001 16.0096 139.028 -0.280216 0.555333 0.782997
-14.9855 15.1243 137.907 -0.283933 0.556968 0.780492
-19.9072 14.175 136.759 -0.296772 0.563616 0.770885
-24.7067 13.1777 135.598 -0.306451 0.563577 0.767117
-29.4752 12.1413 134.44 -0.313089 0.572378 0.757864
-34.228 11.0401 133.248 -0.330774 0.574866 0.74841
-38.9696 9.88375 132.035 -0.337521 0.574965 0.745315
-40.4505 9.50558 131.656 -0.338075 0.575675 0.744516
-20.4965 9.63147 139.854 -0.286737 0.566866 0.772299
-15.5835 10.5637 140.97 -0.277637 0.561801 0.779293
-10.747 11.435 142.057 -0.26839 0.55766 0.785482
-7.96095 11.9107 142.672 -0.267631 0.558174 0.785376
-95.4907 25.8984 -68.5135 -0.687104 0.493442 -0.533295
-91.8009 28.1563 -71.0389 -0.662519 0.515678 -0.543272
-88.0471 30.3959 -73.5047 -0.653568 0.507587 -0.561431
-84.1778 32.6057 -75.8924 -0.641218 0.518462 -0.565718
-80.2378 34.7733 -78.2497 -0.62332 0.524168 -0.580276
-76.1708 36.9708 -80.6333 -0.623246 0.52366 -0.580814
-72.0707 39.1218 -82.9716 -0.608279 0.535138 -0.586195
-68.0081 41.1776 -85.1901 -0.587713 0.55302 -0.590561
-63.9335 43.1931 -87.3387 -0.569127 0.554163 -0.607452
-59.7559 45.1758 -89.4267 -0.566843 0.555523 -0.608345
-55.4207 47.1053 -91.4333 -0.529082 0.575795 -0.623324
-51.1148 49.0208 -93.42 -0.533646 0.585051 -0.610685
-46.7281 50.8388 -95.2845 -0.502113 0.601882 -0.620984
-42.3711 52.5976 -97.0685 -0.494055 0.599743 -0.629459
-37.9569 54.354 -98.8424 -0.485831 0.602412 -0.6333
-33.5151 56.103 -100.596 -0.492719 0.605342 -0.625131
-29.1306 57.8209 -102.3 -0.474441 0.621916 -0.622998
-28.6126 58.0205 -102.495 -0.474531 0.621799 -0.623046
-28.9433 53.41 -106.798 -0.485895 0.610824 -0.62514
-33.4808 51.6034 -105.013 -0.49329 0.604359 -0.625631
-37.9912 49.7902 -103.175 -0.498266 0.594579 -0.631037
-42.3921 48.0225 -101.373 -0.495753 0.592629 -0.634838
-46.7746 46.2475 -99.5416 -0.515197 0.580123 -0.630896
-51.0532 44.4216 -97.6565 -0.531643 0.56774 -0.628512
-55.4195 42.498 -95.6674 -0.545831 0.558596 -0.624531
-59.5898 40.5734 -93.6834 -0.55457 0.552021 -0.622676
-63.7463 38.6332 -91.6567 -0.561812 0.551914 -0.616246
-67.8476 36.5936 -89.5201 -0.600493 0.531359 -0.597549
-71.8622 34.5102 -87.3395 -0.600064 0.535188 -0.594556
-75.9424 32.3461 -85.0486 -0.618215 0.534593 -0.576212
-79.8887 30.1914 -82.7801 -0.627467 0.527764 -0.572495
-83.7907 28.0163 -80.508 -0.627969 0.526687 -0.572936
-87.6248 25.7774 -78.174 -0.648413 0.512952 -0.562531
-88.7223 25.1299 -77.4984 -0.649514 0.51213 -0.562009
-82.1991 24.1691 -85.7862 -0.62889 0.526091 -0.572473
-78.2288 26.4011 -88.071 -0.623144 0.527285 -0.577636
-74.2926 28.5714 -90.3088 -0.608391 0.535259 -0.585968
-70.2006 30.6987 -92.498 -0.59787 0.54133 -0.591196
-66.1012 32.7918 -94.6498 -0.580908 0.536888 -0.611798
-61.9589 34.7745 -96.7086 -0.559288 0.552587 -0.617936
-57.776 36.7137 -98.7065 -0.549288 0.557647 -0.622344
-53.512 38.6775 -100.721 -0.538357 0.560384 -0.629398
-49.2761 40.5379 -102.647 -0.536117 0.56451 -0.62762
-44.9719 42.3704 -104.536 -0.513576 0.574159 -0.637637
-40.5196 44.2053 -106.427 -0.498227 0.593681 -0.631912
-36.0674 45.9959 -108.267 -0.499666 0.593377 -0.631061
-31.7236 47.7581 -110.055 -0.501628 0.594936 -0.628029
-28.667 48.9954 -111.321 -0.49893 0.598566 -0.626728
-28.5228 44.4877 -115.7 -0.504449 0.591571 -0.628947
-32.9419 42.7118 -113.845 -0.501644 0.593187 -0.629669
-37.3514 40.9189 -112.015 -0.506742 0.585142 -0.633104
-41.7204 39.1198 -110.163 -0.515582 0.582212 -0.628653
-46.0644 37.2982 -108.286 -0.515417 0.582798 -0.628244
-50.3281 35.4432 -106.37 -0.536771 0.570957 -0.621196
-54.5476 33.5517 -104.417 -0.550157 0.563027 -0.616707
-58.8176 31.5794 -102.406 -0.554614 0.555274 -0.619737
-62.9955 29.5881 -100.375 -0.563267 0.545739 -0.620402
-67.1225 27.5692 -98.3197 -0.583166 0.541377 -0.605663
-71.216 25.4718 -96.2001 -0.597874 0.536176 -0.595871
-75.2813 23.3004 -93.9931 -0.607112 0.528152 -0.593691
-78.3493 21.6233 -92.2866 -0.625366 0.520861 -0.581052
-78.0819 17.0394 -96.6562 -0.614555 0.519187 -0.593942
-74.1065 19.2146 -98.8472 -0.602432 0.530048 -0.596762
-70.0348 21.3626 -100.99 -0.59622 0.533112 -0.600261
-65.9215 23.4722 -103.109 -0.566987 0.546797 -0.616067
-61.7595 25.4782 -105.128 -0.564628 0.546799 -0.618228
-57.5796 27.5059 -107.182 -0.560948 0.550349 -0.618428
-53.3793 29.4599 -109.167 -0.550877 0.558123 -0.62051
-49.144 31.3692 -111.132 -0.538793 0.565898 -0.624068
-44.8702 33.2254 -113.032 -0.516392 0.578358 -0.63154
-40.5662 35.0123 -114.881 -0.50815 0.582465 -0.634444
-36.2547 36.759 -116.727 -0.507304 0.583742 -0.633947
-31.8728 38.5237 -118.606 -0.504646 0.583048 -0.6367
-28.1959 39.9803 -120.158 -0.499338 0.584319 -0.639713
-27.5782 35.5318 -124.65 -0.502804 0.568533 -0.651121
-31.9063 33.8448 -122.795 -0.504163 0.575921 -0.643533
-36.2371 32.1143 -120.923 -0.507563 0.57351 -0.643013
-40.5663 30.3608 -119.056 -0.510223 0.567091 -0.646592
-44.9413 28.5345 -117.154 -0.519426 0.563181 -0.642669
-49.2434 26.6756 -115.241 -0.529544 0.558698 -0.63831
-53.6187 24.6896 -113.218 -0.552807 0.551314 -0.624866
-57.78 22.7239 -111.219 -0.564305 0.542449 -0.622341
-62.0408 20.6541 -109.138 -0.565979 0.542896 -0.620428
-66.2845 18.5758 -107.078 -0.566862 0.540625 -0.621604
-70.3367 16.4987 -105.012 -0.592918 0.530214 -0.60607
-74.3204 14.328 -102.877 -0.609042 0.522529 -0.596683
-78.3403 12.113 -100.691 -0.612805 0.52035 -0.594732
-81.1411 10.505 -99.104 -0.632195 0.509621 -0.583623
-73.6839 9.90963 -107.359 -0.606562 0.519956 -0.601439
-69.651 12.0917 -109.477 -0.592976 0.521254 -0.613737
-65.5848 14.197 -111.527 -0.576087 0.53134 -0.62113
-61.4216 16.2605 -113.56 -0.563357 0.542199 -0.623418
-57.1821 18.3081 -115.606 -0.561554 0.543701 -0.623736
-52.9994 20.2782 -117.598 -0.545017 0.541472 -0.640129
-48.683 22.2179 -119.557 -0.527145 0.552929 -0.645281
-44.4022 24.0481 -121.446 -0.52164 0.554099 -0.648742
-40.0714 25.8711 -123.349 -0.508828 0.563648 -0.650688
-35.7697 27.6245 -125.234 -0.514239 0.563211 -0.6468
-31.4443 29.3171 -127.089 -0.496419 0.563834 -0.660045
-27.109 30.9798 -128.962 -0.50019 0.566604 -0.654805
-26.7072 31.1312 -129.138 -0.500742 0.56626 -0.654681
-25.4798 26.8222 -133.653 -0.49971 0.552854 -0.666814
-29.9131 25.1548 -131.737 -0.495852 0.556237 -0.666882
-34.4595 23.4188 -129.804 -0.497025 0.556922 -0.665435
-38.8513 21.6705 -127.91 -0.517531 0.553421 -0.652601
-43.1645 19.8658 -126.005 -0.516603 0.556854 -0.650411
-47.4803 18.0302 -124.104 -0.529738 0.549258 -0.646292
-51.7696 16.1463 -122.19 -0.535163 0.547645 -0.643184
-55.9984 14.1871 -120.236 -0.559131 0.541124 -0.628138
-60.1804 12.165 -118.226 -0.570804 0.529597 -0.627463
-64.3747 10.0612 -116.171 -0.573432 0.530705 -0.624122
-64.8714 9.81087 -115.928 -0.572568 0.532579 -0.623318
-55.4428 9.76186 -124.486 -0.551738 0.545218 -0.631128
-51.2387 11.6965 -126.404 -0.535056 0.542997 -0.647201
-46.8735 13.6065 -128.34 -0.523084 0.546336 -0.654141
-42.552 15.4358 -130.236 -0.516085 0.548265 -0.658075
-38.2467 17.193 -132.092 -0.506658 0.546738 -0.666614
-33.8784 18.9075 -133.962 -0.497137 0.552413 -0.6691
-29.498 20.5724 -135.829 -0.490409 0.554336 -0.672466
-25.136 22.1769 -137.689 -0.491739 0.546908 -0.677557
-24.1689 22.5282 -138.103 -0.486991 0.544159 -0.683177
-30.5953 15.4446 -139.214 -0.49194 0.545845 -0.678268
-35.0315 13.7472 -137.331 -0.499316 0.548807 -0.670444
-39.4946 11.9916 -135.435 -0.503193 0.553105 -0.663981
-43.8401 10.2158 -133.568 -0.515592 0.546378 -0.660027
-44.7302 9.84188 -133.18 -0.518695 0.548488 -0.655833
-44.7469 9.8349 -133.173 -0.518078 0.549004 -0.655889
