-125.355 7.77412 70.6658 -0.656922 0.533464 0.532794
-121.496 10.1685 72.9677 -0.647817 0.534604 0.542707
-117.725 13.2114 74.4173 -0.63516 0.535332 0.556769
-114.292 16.865 74.7985 -0.630109 0.532145 0.565495
-111.176 20.9511 74.3685 -0.616284 0.53636 0.576638
-108.71 25.1868 73.0738 -0.608361 0.535164 0.586086
-106.287 29.4443 71.6898 -0.596761 0.538313 0.595059
-103.914 33.6189 70.2401 -0.587356 0.543026 0.600113
-101.291 37.8816 68.8898 -0.576837 0.54008 0.612839
-98.9428 42.131 67.3145 -0.5682 0.543681 0.617706
-96.4186 46.2194 65.8869 -0.542921 0.560186 0.625642
-93.8899 50.398 64.3382 -0.539867 0.561295 0.627288
-91.2912 54.5552 62.8206 -0.530303 0.567663 0.629712
-88.5119 58.4932 61.5632 -0.521677 0.576114 0.629242
-84.5777 61.8249 61.7052 -0.513602 0.587544 0.625304
-80.7963 65.0911 61.6568 -0.499976 0.601215 0.623349
-76.9127 68.2452 61.7177 -0.492877 0.610219 0.620245
-72.982 71.4633 61.599 -0.47928 0.609535 0.631473
-69.1529 74.7825 61.2405 -0.473258 0.622438 0.623376
-65.451 78.1315 60.7085 -0.473012 0.623093 0.622908
-61.7205 81.5579 60.0104 -0.456633 0.639637 0.618345
-57.9392 85.0011 59.2385 -0.454619 0.6337 0.625896
-53.962 88.2578 58.7542 -0.443422 0.650459 0.61666
-50.027 91.3553 58.2625 -0.427817 0.649858 0.628217
-46.208 94.5311 57.5369 -0.402303 0.655896 0.638712
-42.2858 97.5891 56.8485 -0.397967 0.656593 0.640709
-38.3898 100.664 56.0912 -0.392447 0.661045 0.639535
-34.6319 103.909 54.9457 -0.367919 0.667328 0.647539
-31.1852 107.346 53.2077 -0.351872 0.681628 0.641537
-29.0215 110.898 50.4362 -0.348746 0.713196 0.608052
-27.5045 114.402 47.158 -0.337887 0.722896 0.602703
-26.2301 117.922 43.6265 -0.337608 0.726631 0.598355
-25.1213 121.342 39.9785 -0.326448 0.742716 0.58464
-24.2836 124.652 36.1965 -0.316272 0.748977 0.582241
-23.2625 127.963 32.4983 -0.314086 0.746978 0.585981
-19.4886 128.848 33.3623 -0.303847 0.744486 0.594489
-14.9944 128.853 35.6277 -0.297879 0.746096 0.595491
-13.9429 127.058 38.433 -0.294014 0.751916 0.590066
-17.0198 123.904 40.9462 -0.294684 0.7529 0.588475
-20.0692 120.752 43.435 -0.302618 0.748144 0.59051
-23.3219 117.478 45.7664 -0.323673 0.724345 0.608737
-25.6889 114.04 48.588 -0.329414 0.724709 0.605214
-27.9907 110.504 51.4845 -0.347645 0.710334 0.612021
-29.2217 106.905 54.7507 -0.351755 0.680621 0.642669
-28.5485 103.575 58.6511 -0.351993 0.682556 0.640483
-27.5413 100.382 62.4932 -0.345243 0.669613 0.657591
-26.2831 97.3199 66.2452 -0.340724 0.667926 0.661651
-25.3689 94.036 69.933 -0.332689 0.657206 0.676299
-24.7005 90.4824 73.6515 -0.325403 0.657324 0.679734
-24.2199 86.9655 77.297 -0.328356 0.656115 0.679482
-23.4932 83.4815 80.9851 -0.325556 0.654753 0.682137
-22.7877 79.939 84.7125 -0.33208 0.647018 0.686356
-22.1248 76.3699 88.3595 -0.329009 0.643165 0.691436
-21.4975 72.8044 91.954 -0.331892 0.638617 0.694274
-20.9209 69.2065 95.4994 -0.332788 0.63469 0.697439
-20.1084 65.7404 99.0102 -0.335387 0.627568 0.702619
-19.0488 62.2843 102.583 -0.335445 0.62417 0.705612
-17.831 58.9033 106.1 -0.33706 0.612607 0.714915
-16.5518 55.5421 109.572 -0.33592 0.610113 0.717579
-14.9374 52.315 113.035 -0.323705 0.611792 0.721752
-13.335 49.0204 116.452 -0.328141 0.59264 0.735596
-11.6893 45.6992 119.83 -0.319617 0.587567 0.743377
-9.87592 42.3674 123.196 -0.313826 0.57865 0.75278
-8.71391 38.7048 126.479 -0.31132 0.573129 0.758026
-8.70124 34.5575 129.611 -0.303164 0.56955 0.764005
-8.68103 30.5249 132.601 -0.298206 0.563 0.770781
-8.78128 26.3364 135.586 -0.288051 0.55857 0.777835
-8.69323 22.1858 138.588 -0.28121 0.556858 0.781556
-8.15766 18.1314 141.658 -0.269947 0.556306 0.785906
-7.37731 14.6316 144.382 -0.262366 0.555115 0.789311
-12.0968 12.9936 143.941 -0.267415 0.5584 0.785288
-16.8501 11.1775 143.564 -0.282163 0.563066 0.77675
-21.6372 9.67483 142.908 -0.286061 0.567277 0.772247
-26.5176 8.22721 142.117 -0.297873 0.571246 0.76482
-31.241 7.54363 140.734 -0.310126 0.572261 0.75917
-35.9617 7.44949 138.831 -0.328468 0.572633 0.751132
-40.6034 7.48778 136.75 -0.332399 0.579514 0.744093
-45.2676 7.46901 134.65 -0.343091 0.581283 0.737834
-49.8394 7.41779 132.461 -0.365347 0.583004 0.725691
-54.3156 7.37834 130.144 -0.382436 0.586344 0.714103
-58.7398 7.3407 127.735 -0.390726 0.590315 0.706301
-63.1719 7.35075 125.209 -0.402749 0.588264 0.701241
-67.5055 7.40602 122.559 -0.422496 0.587177 0.690449
-71.8051 7.33522 119.898 -0.436257 0.589892 0.679491
-76.0481 7.29874 117.14 -0.44797 0.58647 0.674815
-80.1713 7.31246 114.271 -0.469878 0.585092 0.66097
-84.2592 7.34067 111.295 -0.478178 0.586565 0.653672
-88.2629 7.34873 108.23 -0.500922 0.593084 0.630339
-92.1175 7.48995 105.028 -0.509984 0.586569 0.629168
-96.016 7.5416 101.717 -0.543091 0.586455 0.600931
-99.7914 7.42567 98.3646 -0.55352 0.576652 0.600906
-103.468 7.39738 94.9777 -0.569442 0.571193 0.591163
-107.081 7.46267 91.3757 -0.57464 0.572583 0.584755
-110.632 7.56022 87.6568 -0.597015 0.555761 0.578535
-114.139 7.53926 83.9632 -0.60786 0.553867 0.568978
-117.453 7.63451 80.1852 -0.621421 0.548824 0.559132
-120.812 7.71384 76.2047 -0.641714 0.541732 0.542889
-124.044 7.74151 72.3052 -0.652592 0.536258 0.535304
-125.311 7.7641 70.73 -0.656884 0.533544 0.532761
-127.954 2.63118 72.6378 -0.658021 0.536217 0.528658
-124.673 2.61023 76.7283 -0.648825 0.541477 0.534628
-121.454 2.58394 80.582 -0.642657 0.544129 0.539367
-118.243 2.55949 84.4195 -0.621793 0.564069 0.543324
-114.802 2.56768 88.1479 -0.603272 0.558072 0.569753
-111.391 2.52784 91.8031 -0.602918 0.565667 0.562593
-107.81 2.52195 95.4987 -0.580601 0.580573 0.570822
-104.178 2.48952 99.0751 -0.560305 0.582371 0.588983
-100.47 2.54119 102.47 -0.547232 0.583169 0.600371
-96.7048 2.57978 105.805 -0.535862 0.577611 0.615806
-92.7984 2.48986 109.154 -0.511345 0.588233 0.626505
-88.8431 2.50638 112.273 -0.496281 0.591753 0.635243
-84.7113 2.43163 115.42 -0.46909 0.595919 0.651793
-80.4898 2.49775 118.363 -0.459674 0.594296 0.659933
-76.2686 2.47817 121.215 -0.446751 0.595431 0.66774
-72.0842 2.45485 123.956 -0.428451 0.596365 0.678807
-67.7959 2.48643 126.585 -0.417146 0.592204 0.689408
-63.3815 2.51234 129.159 -0.399516 0.592819 0.69925
-59.012 2.45918 131.663 -0.388412 0.590137 0.707724
-54.4089 2.59102 134.017 -0.36816 0.590253 0.718372
-49.9425 2.50024 136.354 -0.360395 0.58493 0.726617
-45.3399 2.56366 138.479 -0.331076 0.583282 0.741735
-40.7229 2.53477 140.545 -0.325062 0.584259 0.743624
-35.9671 2.50657 142.591 -0.311833 0.578373 0.75382
-31.3164 2.54975 144.486 -0.304273 0.576739 0.758149
-26.5541 3.37578 145.696 -0.295105 0.566536 0.769383
-21.7866 4.6875 146.531 -0.279712 0.569055 0.773264
-17.0244 6.15354 147.142 -0.272567 0.563147 0.78011
-12.3112 7.81248 147.582 -0.262946 0.565495 0.781713
-7.52968 9.48232 147.949 -0.25189 0.554878 0.792882
-2.88308 11.393 148.091 -0.251174 0.550681 0.796028
1.67786 13.4392 148.108 -0.24787 0.547164 0.799482
-0.481655 16.3738 145.418 -0.254785 0.547668 0.796959
-2.40943 19.9553 142.324 -0.266076 0.546956 0.793752
-2.93274 23.982 139.356 -0.274339 0.551088 0.788061
-2.9757 28.0711 136.476 -0.28337 0.551773 0.784377
-2.95074 32.1837 133.569 -0.28973 0.556545 0.778662
-2.95235 36.323 130.573 -0.29992 0.559853 0.772407
-2.93828 40.4207 127.548 -0.307453 0.57664 0.75694
-3.89684 44.0879 124.383 -0.319891 0.572358 0.755034
-5.81482 47.4167 121.009 -0.324543 0.580523 0.746769
-7.49251 50.8238 117.591 -0.324262 0.58982 0.739569
-9.05726 54.1652 114.155 -0.329805 0.603665 0.725822
-10.7477 57.441 110.651 -0.332911 0.610949 0.718269
-12.1316 60.8087 107.134 -0.332443 0.616219 0.713972
-13.36 64.2396 103.581 -0.333897 0.623602 0.706847
-14.4673 67.6482 100.003 -0.338888 0.630182 0.698589
-15.276 71.0952 96.4604 -0.330605 0.638201 0.69527
-15.8182 74.6316 92.9277 -0.321153 0.646861 0.691687
-16.4402 78.1229 89.3722 -0.321893 0.647208 0.691019
-17.0192 81.7187 85.7168 -0.316221 0.658783 0.682648
-17.6872 85.1648 82.0869 -0.316112 0.65802 0.683435
-18.4497 88.6796 78.3331 -0.314295 0.661606 0.680806
-18.9997 92.1771 74.6729 -0.308545 0.666671 0.678491
-19.5576 95.603 71.0623 -0.301029 0.667729 0.680823
-20.4335 98.9345 67.4182 -0.312843 0.661614 0.681466
-21.7248 102.089 63.723 -0.337155 0.663333 0.668066
-22.7182 105.304 59.9286 -0.341023 0.671282 0.658091
-23.4974 108.489 56.1913 -0.358485 0.672016 0.647984
-21.6328 112.049 53.1697 -0.335698 0.717941 0.609807
-19.3815 115.501 50.3118 -0.331393 0.726723 0.601702
-16.4412 118.717 47.8937 -0.311325 0.752221 0.580724
-13.3578 121.936 45.3299 -0.299261 0.755178 0.583222
-10.0066 124.938 43.0794 -0.285091 0.752219 0.594045
-7.80133 128.26 39.966 -0.298098 0.748871 0.591887
-5.85507 131.605 36.7385 -0.304278 0.748076 0.589743
-7.79763 132.986 34.0282 -0.292162 0.748665 0.595097
-12.4824 132.906 31.8757 -0.294637 0.735692 0.609873
-17.0877 132.851 29.6638 -0.311434 0.732307 0.605587
-21.5531 132.95 27.1138 -0.336014 0.738214 0.584918
-25.9131 132.947 24.5638 -0.336598 0.747853 0.572205
-27.9119 130.122 27.0947 -0.335438 0.750246 0.569747
-28.9762 126.845 30.7858 -0.329831 0.7483 0.575551
-30.0014 123.525 34.4919 -0.324408 0.743585 0.584672
-30.7659 120.191 38.2581 -0.329674 0.73365 0.594196
-31.9049 116.695 41.8974 -0.339916 0.72274 0.60175
-33.3336 113.122 45.3379 -0.341299 0.71713 0.60765
-34.9654 109.617 48.5159 -0.347133 0.704596 0.618904
-38.0545 106.215 50.4642 -0.381055 0.672968 0.633955
-41.8011 102.927 51.6228 -0.393448 0.664433 0.635391
-45.7687 99.9141 52.2554 -0.408411 0.653568 0.63722
-49.5869 96.7711 52.9603 -0.438447 0.650839 0.619817
-53.3739 93.5176 53.6596 -0.449237 0.641811 0.621503
-57.3019 90.3439 54.1101 -0.451742 0.647454 0.613786
-61.2317 87.1847 54.5398 -0.453534 0.645915 0.614085
-64.8745 83.7884 55.3506 -0.465599 0.634821 0.616619
-68.5307 80.4222 56.0363 -0.472993 0.632402 0.61347
-72.2613 77.0958 56.5532 -0.475579 0.621738 0.622307
-76.0501 73.8185 56.8829 -0.483952 0.615315 0.622236
-79.9394 70.6161 56.9782 -0.49362 0.607592 0.622229
-83.8584 67.4927 56.8865 -0.498837 0.601769 0.623727
-87.6283 64.1638 57.0046 -0.511601 0.589819 0.624802
-91.5928 60.9295 56.7707 -0.518518 0.581273 0.627105
-94.4544 57.0425 57.9282 -0.529677 0.569587 0.628501
-97.0075 52.9909 59.3921 -0.535403 0.560669 0.63166
-99.5253 48.7927 60.9309 -0.544998 0.550339 0.632538
-102.024 44.6192 62.3241 -0.560809 0.542049 0.62584
-104.388 40.3881 63.7679 -0.581102 0.530015 0.61758
-106.794 36.1765 65.1335 -0.593024 0.532079 0.604329
-109.201 31.8972 66.5163 -0.60585 0.5281 0.595026
-111.584 27.5426 67.9287 -0.617058 0.522181 0.588699
-113.999 23.159 69.2682 -0.629672 0.523661 0.57384
-116.886 19.0529 69.828 -0.641757 0.523566 0.56038
-120.411 15.3999 69.1648 -0.653425 0.524743 0.545601
-124.166 12.7488 67.1797 -0.659946 0.529124 0.533384
-127.831 11.449 63.8827 -0.667032 0.531716 0.521869
-130.942 11.3715 59.8567 -0.692984 0.521455 0.497853
-133.714 11.3633 55.696 -0.726354 0.515369 0.454754
-136.216 11.3281 51.3643 -0.750018 0.526557 0.400263
-138.414 11.3853 46.7999 -0.781321 0.52685 0.334613
-140.166 11.4305 42.0834 -0.795772 0.541148 0.271857
-141.433 11.4283 37.1253 -0.815512 0.558985 0.149921
-142.387 11.3514 32.0392 -0.836251 0.541629 0.0855342
-142.774 11.4926 26.9422 -0.813024 0.581763 0.0233144
-142.833 11.4895 21.7521 -0.822409 0.567951 -0.0327892
-142.581 11.4651 16.7508 -0.820615 0.569292 -0.0499647
-142.211 11.5078 11.6828 -0.817152 0.574062 -0.0521098
-141.885 11.4938 6.54202 -0.818232 0.572029 -0.0572703
-141.566 11.3862 1.5373 -0.818091 0.571142 -0.0672654
-141.095 11.4381 -3.44452 -0.824039 0.563033 -0.0628732
-140.447 11.4602 -8.40687 -0.822476 0.554927 -0.124854
-139.644 11.4668 -13.362 -0.810519 0.565156 -0.153809
-138.462 11.3326 -18.3035 -0.82228 0.534659 -0.194923
-136.868 11.3522 -23.0861 -0.783309 0.494884 -0.376119
-134.514 11.3004 -27.6859 -0.774237 0.481012 -0.411321
-131.946 11.269 -32.0828 -0.748704 0.453752 -0.483273
-129.246 11.2675 -36.3044 -0.752897 0.448758 -0.481414
-126.455 11.2106 -40.6262 -0.752062 0.44293 -0.488073
-123.664 11.2304 -44.9456 -0.758032 0.441233 -0.480313
-120.945 11.2008 -49.3147 -0.764801 0.440222 -0.470408
-118.324 11.1963 -53.62 -0.770872 0.437066 -0.463389
-115.669 11.4371 -57.8445 -0.773783 0.434483 -0.460959
-112.535 13.1344 -61.4017 -0.756674 0.44402 -0.479887
-109.188 16.3386 -63.56 -0.734314 0.457713 -0.501278
-106.188 20.4424 -64.124 -0.71728 0.473369 -0.511303
-103.733 24.8762 -63.472 -0.712564 0.473861 -0.517403
-101.632 29.3003 -62.2556 -0.705562 0.48143 -0.520007
-99.5482 33.7005 -60.9905 -0.69746 0.484759 -0.527786
-97.3843 38.1279 -59.754 -0.688389 0.485203 -0.539164
-95.2419 42.5283 -58.4839 -0.682194 0.482358 -0.549493
-93.0686 46.9579 -57.235 -0.669225 0.495194 -0.554004
-90.8117 51.3172 -55.9588 -0.650297 0.515286 -0.558206
-88.5261 55.5797 -54.6274 -0.64199 0.5245 -0.55924
-86.1323 59.9726 -53.2267 -0.628539 0.531772 -0.567588
-83.7482 64.2357 -51.8241 -0.616158 0.537602 -0.575616
-81.2278 68.5084 -50.4022 -0.598694 0.56008 -0.572604
-78.7144 72.6039 -48.9475 -0.58976 0.571687 -0.570401
-76.1401 76.6585 -47.4822 -0.585062 0.581849 -0.564938
-73.5395 80.6755 -45.9894 -0.576006 0.588982 -0.566848
-70.9286 84.6975 -44.4068 -0.569527 0.598473 -0.563444
-67.8109 88.4545 -43.5149 -0.562609 0.605115 -0.563299
-63.7719 91.4435 -44.2502 -0.542595 0.614342 -0.572863
-59.6225 94.3034 -45.0325 -0.534801 0.616861 -0.577469
-55.5763 97.2728 -45.5536 -0.526354 0.617222 -0.584798
-51.3689 100.146 -46.1794 -0.494601 0.630502 -0.598191
-47.173 102.836 -46.7775 -0.474769 0.640091 -0.604051
-42.9602 105.773 -46.9121 -0.435127 0.652843 -0.620049
-39.0096 108.716 -46.4598 -0.416295 0.668836 -0.615918
-35.4442 111.799 -45.262 -0.368304 0.69056 -0.622469
-33.0578 115.32 -42.5891 -0.325328 0.728385 -0.603006
-32.2113 118.697 -38.9816 -0.323585 0.734465 -0.596535
-31.3017 122.127 -35.195 -0.328029 0.74328 -0.583036
-29.9766 125.587 -31.5388 -0.332265 0.739374 -0.585598
-28.3956 128.968 -28.1281 -0.319916 0.747312 -0.582391
-27.1772 132.283 -24.5082 -0.331529 0.748997 -0.573665
-23.2313 132.906 -25.9861 -0.338028 0.734782 -0.588075
-18.7213 132.876 -28.5023 -0.322206 0.72647 -0.60697
-14.1915 132.881 -30.8255 -0.310214 0.723483 -0.616717
-9.67726 132.913 -33.0012 -0.298393 0.734259 -0.609774
-5.10399 132.979 -35.2349 -0.315357 0.740214 -0.593829
-6.3564 129.748 -38.5432 -0.31555 0.730314 -0.605859
-7.82474 126.226 -42.0508 -0.296616 0.740381 -0.603204
-9.69648 122.848 -45.2774 -0.289491 0.739936 -0.607198
-11.9464 119.377 -48.4385 -0.280881 0.739523 -0.611729
-14.4443 115.944 -51.3809 -0.285638 0.731713 -0.618875
-16.5732 112.537 -54.3849 -0.294948 0.726404 -0.62076
-18.9212 109.083 -57.3111 -0.304198 0.72771 -0.614727
-21.1837 105.598 -60.1856 -0.328291 0.710613 -0.622297
-23.4681 102.055 -63.0568 -0.33899 0.719783 -0.605804
-25.7412 98.5594 -65.8261 -0.380843 0.707711 -0.595061
-26.7363 95.0061 -69.1714 -0.393239 0.682362 -0.616235
-27.6668 91.4343 -72.5413 -0.399611 0.685743 -0.608332
-28.4407 87.8187 -76.0528 -0.419417 0.672024 -0.610305
-28.8248 84.2995 -79.6289 -0.426224 0.662281 -0.616211
-28.959 80.727 -83.337 -0.43759 0.648083 -0.6233
-29.0195 77.2065 -86.9661 -0.448957 0.655434 -0.607325
-29.2536 73.6713 -90.5132 -0.454017 0.644267 -0.615457
-29.5104 70.1363 -94.0313 -0.475454 0.632689 -0.611267
-29.5152 66.5961 -97.6644 -0.470202 0.631346 -0.616695
-29.656 63.0506 -101.183 -0.486943 0.620905 -0.614299
-29.6427 59.4347 -104.82 -0.499081 0.610774 -0.614714
-29.4453 55.9406 -108.447 -0.500114 0.609369 -0.615269
-29.2087 52.3745 -112.134 -0.504046 0.603171 -0.618161
-28.8312 48.907 -115.757 -0.514422 0.58712 -0.625029
-28.3121 45.4206 -119.434 -0.51267 0.584006 -0.62937
-27.6357 42.047 -123.071 -0.509451 0.579063 -0.63651
-26.887 38.6323 -126.728 -0.512811 0.571303 -0.640809
-25.8856 35.3082 -130.374 -0.507189 0.561812 -0.653549
-24.9746 31.9042 -133.971 -0.503084 0.548336 -0.668008
-23.9174 28.47 -137.541 -0.500808 0.542594 -0.674376
-22.6765 25.0748 -141.149 -0.500687 0.532475 -0.682482
-21.1627 21.7781 -144.792 -0.481516 0.541137 -0.689429
-22.8043 18.5751 -146.164 -0.480352 0.541802 -0.689719
-26.9757 15.74 -145.486 -0.480182 0.543638 -0.688392
-31.2934 12.995 -144.641 -0.485556 0.545571 -0.683072
-35.4889 10.4024 -143.696 -0.490074 0.545311 -0.680046
-39.8013 7.91058 -142.584 -0.494759 0.545155 -0.67677
-44.0373 5.51104 -141.397 -0.499928 0.547315 -0.671206
-48.2676 3.20362 -140.032 -0.513759 0.541733 -0.665264
-52.4536 2.58271 -137.265 -0.530904 0.544899 -0.649019
-56.3172 2.58558 -134.033 -0.543225 0.539482 -0.643324
-60.1546 2.62601 -130.685 -0.559614 0.539281 -0.629292
-63.9922 2.66895 -127.182 -0.571642 0.533925 -0.623016
-67.6996 2.5748 -123.819 -0.578925 0.531454 -0.618387
-71.4192 2.63408 -120.254 -0.585731 0.535175 -0.608693
-75.0843 2.63364 -116.694 -0.596429 0.52174 -0.609967
-78.6329 2.64716 -113.17 -0.613782 0.51954 -0.594423
-82.2232 2.6341 -109.363 -0.627778 0.512799 -0.585603
-85.6032 2.64709 -105.663 -0.643542 0.505281 -0.57493
-88.9248 2.63811 -101.909 -0.651243 0.503407 -0.567859
-92.1757 2.666 -98.0896 -0.661938 0.498659 -0.559622
-95.4162 2.69782 -94.2292 -0.665028 0.493222 -0.560776
-98.621 2.6563 -90.3129 -0.683821 0.488681 -0.54183
-101.809 2.68591 -86.2512 -0.688427 0.490792 -0.534034
-104.933 2.71563 -82.0718 -0.704947 0.480922 -0.52131
-107.961 2.68524 -77.8974 -0.720915 0.474019 -0.505556
-110.756 2.72291 -73.701 -0.736033 0.461102 -0.495621
-113.487 2.82167 -69.4488 -0.755319 0.448359 -0.477971
-116.12 2.80828 -65.1809 -0.766327 0.438583 -0.469454
-118.742 2.74554 -60.886 -0.773256 0.4358 -0.460602
-121.298 2.79142 -56.5607 -0.772843 0.433869 -0.463109
-123.907 2.76216 -52.2957 -0.7687 0.434239 -0.469613
-126.618 2.79056 -47.8922 -0.757841 0.431731 -0.489168
-129.37 2.78449 -43.7105 -0.750718 0.43709 -0.495353
-132.187 2.77155 -39.4956 -0.73966 0.443961 -0.505765
-135.038 2.7174 -35.3334 -0.738811 0.456621 -0.495622
-137.8 2.69524 -31.0982 -0.757058 0.471814 -0.451945
-140.471 2.71825 -26.6774 -0.755515 0.464426 -0.462066
-142.744 2.70406 -22.0982 -0.804688 0.509444 -0.304867
-144.623 2.67126 -17.4357 -0.790173 0.521318 -0.322264
-145.88 2.56595 -12.5939 -0.815075 0.563759 -0.133512
-146.672 2.57588 -7.65537 -0.812713 0.571413 -0.113939
-147.363 2.48911 -2.69784 -0.817075 0.568912 -0.093421
-147.862 2.53621 2.36396 -0.813787 0.577104 -0.0685617
-147.959 2.92526 7.44301 -0.816254 0.574823 -0.0575096
-147.603 3.92407 12.513 -0.816329 0.575475 -0.0493577
-147.087 5.05312 17.4284 -0.81797 0.573323 -0.047177
-146.46 6.27193 22.2401 -0.821737 0.569803 -0.00837105
-145.604 7.49157 27.1231 -0.816126 0.577567 0.0188025
-144.607 8.29741 32.1637 -0.797455 0.592214 0.1155
-143.364 8.82133 37.0451 -0.784778 0.602398 0.145737
-142.129 8.772 41.9297 -0.76455 0.581989 0.277042
-140.622 8.33844 46.73 -0.761268 0.571635 0.306112
-138.97 7.47946 51.4788 -0.734855 0.556193 0.388121
-137.166 6.50648 56.1441 -0.694513 0.564326 0.446223
-135.233 5.0634 60.6514 -0.688709 0.540769 0.482959
-133.195 3.54997 65.0769 -0.6686 0.534358 0.517142
-130.63 2.6153 69.3057 -0.664383 0.533882 0.523035
-128.073 2.62414 72.4969 -0.657813 0.536186 0.528948
-113.055 8.33316 -64.9935 -0.75953 0.442599 -0.476677
-110.345 8.23677 -69.2708 -0.744619 0.448231 -0.494602
-107.529 8.1092 -73.5141 -0.726374 0.459461 -0.511142
-104.634 7.9995 -77.6455 -0.708829 0.474917 -0.521551
-101.631 7.97952 -81.6741 -0.691804 0.482262 -0.53743
-98.5733 7.94405 -85.6394 -0.688444 0.485877 -0.538486
-95.3386 7.91554 -89.7055 -0.673883 0.490879 -0.552195
-92.0965 7.982 -93.516 -0.662532 0.491592 -0.565144
-88.862 7.87182 -97.3503 -0.657969 0.497559 -0.565254
-85.5832 7.81119 -101.123 -0.6443 0.504389 -0.574865
-82.18 7.83344 -104.879 -0.639211 0.501035 -0.583415
-78.6285 7.81481 -108.657 -0.611033 0.519633 -0.597177
-75.0705 7.81461 -112.269 -0.601697 0.523248 -0.603466
-71.3785 7.77121 -115.907 -0.58965 0.519312 -0.618568
-67.7381 7.7203 -119.393 -0.57834 0.527359 -0.622426
-64.0191 7.6535 -122.888 -0.575371 0.530675 -0.622361
-60.155 7.80446 -126.277 -0.564306 0.533102 -0.630366
-56.452 7.67092 -129.637 -0.549198 0.539527 -0.638194
-52.5693 7.73775 -132.859 -0.532101 0.543063 -0.649577
-48.6036 7.82264 -135.982 -0.517941 0.546089 -0.658423
-44.3645 10.1337 -137.358 -0.51073 0.545356 -0.664637
-40.132 12.576 -138.558 -0.495604 0.553768 -0.669117
-35.8364 15.0702 -139.681 -0.495435 0.54993 -0.6724
-31.6029 17.7142 -140.628 -0.489555 0.547686 -0.67851
-27.4337 20.5324 -141.356 -0.48973 0.544115 -0.681251
-28.4674 23.8958 -137.891 -0.492032 0.548885 -0.675743
-29.5839 27.262 -134.326 -0.501757 0.549896 -0.667723
-30.5348 30.691 -130.745 -0.504196 0.559965 -0.657438
-31.4277 34.0621 -127.162 -0.505175 0.565487 -0.651934
-32.3055 37.4292 -123.479 -0.508542 0.573611 -0.642149
-32.9744 40.8534 -119.881 -0.51047 0.579656 -0.635153
-33.645 44.2527 -116.202 -0.507638 0.586903 -0.630752
-34.1477 47.75 -112.519 -0.507522 0.589572 -0.628352
-34.5322 51.2603 -108.898 -0.50727 0.592245 -0.626037
-34.7966 54.8238 -105.276 -0.497706 0.604472 -0.622014
-34.9606 58.345 -101.722 -0.497864 0.604197 -0.622155
-34.9681 62.0155 -98.0971 -0.48629 0.616123 -0.619608
-34.8627 65.6657 -94.5492 -0.472168 0.628287 -0.618314
-34.7948 69.2053 -90.9788 -0.46214 0.635451 -0.61857
-34.4296 72.8238 -87.5408 -0.456064 0.636319 -0.622177
-34.3982 76.3441 -83.9898 -0.451016 0.636095 -0.626073
-34.3673 79.9309 -80.3734 -0.43729 0.646869 -0.624771
-34.243 83.4394 -76.821 -0.433632 0.648489 -0.625639
-33.8595 87.0079 -73.3159 -0.414762 0.664671 -0.621438
-33.1096 90.617 -69.8964 -0.405649 0.67729 -0.613781
-32.1984 94.257 -66.5162 -0.407747 0.668283 -0.622204
-31.2386 97.8521 -63.188 -0.382606 0.683796 -0.621317
-29.153 101.524 -60.423 -0.375772 0.697298 -0.610387
-26.9355 105.092 -57.6661 -0.341611 0.701061 -0.625952
-24.5961 108.714 -54.8167 -0.329896 0.711995 -0.619864
-22.374 112.206 -51.9544 -0.310465 0.721892 -0.618448
-20.0903 115.745 -48.9364 -0.303585 0.726916 -0.615977
-17.7317 119.2 -45.9105 -0.298988 0.739308 -0.603348
-15.4175 122.517 -42.9327 -0.290278 0.74482 -0.600818
-13.4319 125.859 -39.763 -0.295159 0.742447 -0.601376
-12.8597 128.788 -36.4409 -0.299387 0.738561 -0.604066
-17.3595 128.78 -34.2076 -0.303702 0.73947 -0.60079
-21.9415 128.801 -31.828 -0.310032 0.744198 -0.591649
-24.3799 126.175 -33.8858 -0.312963 0.745295 -0.588719
-25.712 122.824 -37.3916 -0.318119 0.741902 -0.590238
-26.5954 119.433 -41.1262 -0.317302 0.738982 -0.594328
-27.454 116.069 -44.823 -0.324207 0.727255 -0.604971
-29.5098 112.528 -47.8225 -0.337816 0.702727 -0.626143
-32.2982 109.076 -50.1557 -0.351343 0.703463 -0.617817
-36.1805 105.995 -51.2378 -0.392992 0.684185 -0.614368
-40.2791 103.093 -51.6319 -0.437295 0.65972 -0.611181
-44.4556 100.214 -51.6328 -0.470488 0.638184 -0.609395
-48.6659 97.4082 -51.3029 -0.474478 0.635801 -0.608792
-52.8745 94.8151 -50.5292 -0.503488 0.629856 -0.591416
-57.0754 91.8164 -50.0394 -0.520982 0.626173 -0.580074
-61.1252 88.9167 -49.4406 -0.539085 0.620356 -0.569689
-65.2954 86.0037 -48.6084 -0.547124 0.612221 -0.570824
-68.3546 82.0639 -49.7761 -0.568276 0.595064 -0.568297
-70.994 78.0568 -51.3 -0.57376 0.588229 -0.5699
-73.63 73.9622 -52.8131 -0.582715 0.5776 -0.571683
-76.1865 69.9111 -54.2836 -0.587232 0.579166 -0.565442
-78.6321 65.8045 -55.7635 -0.605837 0.55196 -0.572977
-81.1136 61.6107 -57.1135 -0.612906 0.54115 -0.575762
-83.4412 57.3792 -58.5886 -0.619902 0.534972 -0.574044
-85.8309 53.1606 -59.8989 -0.622572 0.529079 -0.576609
-88.2151 48.8279 -61.2477 -0.638828 0.522806 -0.564422
-90.4408 44.5198 -62.5512 -0.668602 0.496246 -0.553815
-92.5742 40.1175 -63.947 -0.671119 0.506207 -0.541622
-94.8296 35.6672 -65.2583 -0.680213 0.498677 -0.537245
-97.0491 31.2838 -66.4745 -0.688221 0.495869 -0.52959
-99.1776 26.9091 -67.775 -0.697609 0.485773 -0.526656
-101.404 22.4244 -68.8814 -0.704689 0.478104 -0.524242
-104.079 18.0176 -69.2991 -0.707516 0.478189 -0.520342
-107.199 13.9272 -68.7357 -0.731512 0.454294 -0.508435
-110.463 10.4612 -67.0715 -0.746454 0.449355 -0.490802
-112.997 8.36656 -65.0537 -0.759592 0.442438 -0.476727
-104.423 10.7867 -75.4158 -0.712643 0.471045 -0.519863
-100.822 13.2719 -77.9838 -0.697222 0.4794 -0.53297
-97.1648 15.7051 -80.519 -0.691913 0.481178 -0.53826
-93.373 18.1474 -83.0797 -0.669202 0.492074 -0.556806
-89.4727 20.5654 -85.6038 -0.667211 0.495496 -0.556159
-85.6107 22.8105 -87.9521 -0.634461 0.518721 -0.573051
-81.6088 25.067 -90.3099 -0.626697 0.52174 -0.578824
-77.6568 27.2675 -92.595 -0.61899 0.523331 -0.585642
-73.651 29.3984 -94.8252 -0.608493 0.526305 -0.593919
-69.6014 31.4932 -96.9968 -0.58278 0.550274 -0.597968
-65.4402 33.4994 -99.0794 -0.557857 0.556005 -0.616161
-61.2673 35.4516 -101.11 -0.555145 0.550779 -0.623263
-56.9697 37.4248 -103.159 -0.541321 0.564475 -0.623169
-52.7418 39.2861 -105.102 -0.533206 0.568188 -0.626781
-48.4496 41.1401 -107.049 -0.518018 0.578821 -0.629781
-44.1488 42.9278 -108.935 -0.517122 0.580178 -0.629267
-39.7864 44.7095 -110.841 -0.506007 0.58794 -0.631097
-36.8055 45.8993 -112.112 -0.504355 0.590093 -0.630409
-36.1522 41.4427 -116.779 -0.51086 0.580909 -0.633694
-40.5035 39.6859 -114.888 -0.510067 0.58114 -0.634119
-44.8823 37.8894 -112.981 -0.516271 0.580641 -0.62954
-49.1604 36.1096 -111.093 -0.532421 0.573199 -0.622873
-53.399 34.2451 -109.133 -0.53855 0.569376 -0.621108
-57.7446 32.2674 -107.081 -0.553714 0.557868 -0.61821
-61.986 30.3011 -105.061 -0.553176 0.556962 -0.619508
-66.2615 28.3011 -103.011 -0.567463 0.545832 -0.616485
-70.3979 26.2433 -100.908 -0.601423 0.528423 -0.599216
-74.4188 24.1096 -98.7326 -0.607157 0.527128 -0.594556
-78.5084 21.884 -96.4815 -0.617604 0.521068 -0.589113
-82.507 19.6175 -94.193 -0.625208 0.516307 -0.585271
-86.4166 17.3636 -91.9462 -0.642558 0.507794 -0.573815
-90.2 15.0349 -89.5989 -0.659937 0.497218 -0.563255
-93.9355 12.6666 -87.2412 -0.677589 0.486053 -0.551929
-97.0065 10.6392 -85.2344 -0.689071 0.479399 -0.543468
-89.2534 10.5333 -94.5793 -0.653611 0.497974 -0.569925
-85.4196 12.9038 -96.8688 -0.646144 0.500631 -0.576079
-81.5413 15.2126 -99.1191 -0.631805 0.508506 -0.585016
-77.5886 17.467 -101.3 -0.614675 0.518147 -0.594726
-73.5672 19.666 -103.502 -0.605599 0.5219 -0.600724
-69.4957 21.8142 -105.636 -0.585952 0.530261 -0.612767
-65.259 23.9407 -107.751 -0.575037 0.537233 -0.61702
-61.0668 25.9542 -109.811 -0.563963 0.543247 -0.621956
-56.8343 27.9259 -111.828 -0.54986 0.559333 -0.620324
-52.5926 29.8658 -113.818 -0.538108 0.567199 -0.623477
-48.3322 31.7115 -115.743 -0.526196 0.565692 -0.63491
-44.0688 33.5131 -117.641 -0.522111 0.567825 -0.636376
-39.7479 35.2604 -119.527 -0.507296 0.573662 -0.643089
-35.4301 36.9737 -121.411 -0.508655 0.573459 -0.642195
-35.1173 37.0974 -121.548 -0.508654 0.573489 -0.64217
-34.1589 32.6951 -126.216 -0.509551 0.567669 -0.646614
-38.4724 30.9883 -124.312 -0.510406 0.566957 -0.646564
-42.8009 29.2495 -122.417 -0.512062 0.563545 -0.648236
-47.2436 27.3864 -120.439 -0.522691 0.556315 -0.645993
-51.5541 25.5438 -118.518 -0.527884 0.559234 -0.639215
-55.8487 23.6011 -116.53 -0.556824 0.545736 -0.626195
-60.0233 21.6367 -114.521 -0.560102 0.543389 -0.625311
-64.236 19.6091 -112.487 -0.564112 0.544146 -0.621034
-68.3369 17.5454 -110.474 -0.585941 0.530966 -0.612167
-72.3703 15.4189 -108.387 -0.600209 0.521127 -0.606775
-76.4854 13.1624 -106.188 -0.608676 0.522436 -0.597139
-80.5591 10.8563 -104.009 -0.620471 0.515346 -0.59113
-81.2265 10.4679 -103.634 -0.634976 0.509551 -0.580657
-72.6242 10.4017 -112.458 -0.598718 0.523165 -0.606494
-68.4779 12.5952 -114.58 -0.581439 0.52966 -0.617567
-64.3925 14.7049 -116.596 -0.579418 0.528256 -0.620661
-60.2348 16.7288 -118.605 -0.559744 0.544446 -0.624712
-56.0602 18.6971 -120.578 -0.544715 0.54793 -0.634869
-51.837 20.6038 -122.519 -0.532666 0.55123 -0.642194
-47.5668 22.4508 -124.434 -0.522655 0.558111 -0.644472
-43.1786 24.2889 -126.378 -0.520908 0.555196 -0.648392
-38.8245 26.0678 -128.314 -0.512072 0.561807 -0.649734
-34.4217 27.7918 -130.243 -0.501047 0.555966 -0.663214
-32.9314 28.3584 -130.898 -0.503641 0.555141 -0.661939
-31.589 24.0185 -135.497 -0.49869 0.549273 -0.670528
-36.0724 22.3306 -133.571 -0.493338 0.551527 -0.672633
-40.3951 20.6391 -131.704 -0.508965 0.550801 -0.661493
-44.8063 18.8342 -129.762 -0.517097 0.555466 -0.651206
-49.1122 17.0104 -127.85 -0.528452 0.552065 -0.644952
-53.3959 15.1184 -125.911 -0.534494 0.547092 -0.64421
-57.6729 13.1622 -123.946 -0.553379 0.536408 -0.637211
-61.9127 11.0841 -121.911 -0.572768 0.528307 -0.62676
-63.6389 10.214 -121.066 -0.573507 0.528206 -0.626169
-53.7093 10.2044 -129.823 -0.539275 0.548223 -0.639245
-49.466 12.0821 -131.735 -0.521603 0.547425 -0.654413
-45.1682 13.8984 -133.625 -0.517657 0.546061 -0.658672
-40.8347 15.6442 -135.49 -0.500986 0.551216 -0.667214
-36.4567 17.3627 -137.359 -0.496889 0.548198 -0.672741
-35.6853 17.6567 -137.687 -0.495677 0.548322 -0.673534
-37.2091 50.4563 -107.513 -0.502464 0.592819 -0.629361
-41.6279 48.6785 -105.649 -0.500206 0.592164 -0.631773
-46.0936 46.8878 -103.77 -0.513104 0.577012 -0.635438
-50.4096 45.0779 -101.873 -0.530741 0.56366 -0.632931
-54.6852 43.2373 -99.9331 -0.530243 0.562092 -0.634739
-58.8819 41.3606 -97.9644 -0.549876 0.558721 -0.62086
-63.0734 39.4458 -95.947 -0.560342 0.546917 -0.622012
-67.1967 37.4952 -93.8894 -0.58236 0.539326 -0.608263
-71.2653 35.4944 -91.7688 -0.603323 0.535729 -0.590759
-75.2538 33.4252 -89.5654 -0.603393 0.534494 -0.591805
-79.2547 31.2642 -87.2502 -0.623954 0.525457 -0.578425
-83.1885 29.1001 -84.921 -0.632204 0.519471 -0.574863
-87.1382 26.8872 -82.5272 -0.653775 0.512323 -0.55687
-90.9806 24.6391 -80.0775 -0.652001 0.507401 -0.563417
-94.7788 22.3525 -77.5563 -0.674671 0.489614 -0.552356
-98.4562 20.0205 -74.9757 -0.692849 0.48863 -0.530284
-102.059 17.6869 -72.3445 -0.709162 0.474382 -0.521584
-102.635 17.3026 -71.911 -0.709322 0.474191 -0.521541
-98.0867 25.3893 -70.5978 -0.696857 0.482524 -0.530623
-94.3405 27.7047 -73.3088 -0.685915 0.490424 -0.537592
-90.6061 29.8918 -75.8358 -0.659537 0.4999 -0.561347
-86.7787 32.0509 -78.2752 -0.641993 0.512925 -0.569871
-82.819 34.2237 -80.7077 -0.629106 0.516028 -0.581326
-78.7616 36.4155 -83.1308 -0.624161 0.51773 -0.585131
-74.8261 38.5212 -85.4458 -0.614786 0.521615 -0.591571
-70.7985 40.5383 -87.6414 -0.570826 0.558968 -0.601426
-66.6888 42.4906 -89.7473 -0.580426 0.56268 -0.58864
-62.5369 44.4376 -91.8321 -0.550863 0.568856 -0.610699
-58.2571 46.3744 -93.8867 -0.550695 0.568041 -0.611608
-54.0304 48.2676 -95.8927 -0.544164 0.574462 -0.611456
-49.7433 50.0924 -97.8109 -0.518022 0.584213 -0.624779
-45.3849 51.8749 -99.6804 -0.499017 0.597393 -0.627777
-40.9778 53.6337 -101.499 -0.49743 0.598873 -0.627627
-37.5489 54.998 -102.899 -0.498374 0.604135 -0.621808
-37.6716 59.5978 -98.3777 -0.486617 0.614766 -0.620699
-42.1095 57.8296 -96.5723 -0.503024 0.602604 -0.619544
-46.4581 56.0563 -94.7527 -0.510034 0.601347 -0.615018
-50.8372 54.2581 -92.8724 -0.52613 0.58441 -0.617781
-55.2127 52.3855 -90.8975 -0.526293 0.595081 -0.607366
-59.4403 50.5253 -88.9116 -0.546262 0.574902 -0.609167
-63.6302 48.648 -86.8945 -0.567741 0.561269 -0.602203
-67.8946 46.6442 -84.7198 -0.570006 0.558726 -0.602427
-71.9773 44.6964 -82.5809 -0.5796 0.562803 -0.589336
-76.0186 42.6955 -80.3593 -0.6137 0.539122 -0.576818
-80.0349 40.6251 -78.0299 -0.619813 0.525681 -0.582659
-84.0103 38.4819 -75.5829 -0.645443 0.51068 -0.567987
-87.9365 36.3129 -73.0646 -0.652206 0.515608 -0.555675
-91.8013 34.1587 -70.5077 -0.659471 0.512488 -0.549958
-94.5485 32.5361 -68.5619 -0.692268 0.4948 -0.525298
-91.0202 39.433 -66.4793 -0.657854 0.5181 -0.546627
-87.2485 41.5329 -69.0247 -0.653617 0.51219 -0.557176
-83.3287 43.665 -71.5713 -0.629056 0.53425 -0.564682
-79.3545 45.752 -73.996 -0.616102 0.539494 -0.573903
-75.294 47.7709 -76.319 -0.599918 0.555727 -0.575557
-71.2157 49.7366 -78.5395 -0.583619 0.561167 -0.586925
-67.0879 51.7228 -80.7474 -0.575283 0.558732 -0.597384
-62.9331 53.6364 -82.8459 -0.562816 0.568193 -0.600329
-58.7491 55.5283 -84.8947 -0.535741 0.576448 -0.617
-54.3931 57.419 -86.9049 -0.531457 0.581463 -0.615998
-50.1 59.222 -88.8042 -0.519539 0.584723 -0.62304
-45.697 60.998 -90.6554 -0.496908 0.598095 -0.628781
-41.2882 62.7489 -92.4467 -0.497925 0.603227 -0.623047
-37.5269 64.2319 -93.9429 -0.480197 0.612717 -0.627685
-37.5203 68.7488 -89.415 -0.470539 0.624315 -0.623557
-41.9662 67.0561 -87.7258 -0.47986 0.618408 -0.622339
-46.4748 65.2681 -85.9004 -0.499475 0.609732 -0.615428
-50.8181 63.5318 -84.0868 -0.508154 0.608942 -0.609072
-55.1618 61.7114 -82.1715 -0.530987 0.583121 -0.614835
-59.493 59.8103 -80.1301 -0.544822 0.582445 -0.603263
-63.6646 57.9338 -78.0768 -0.561978 0.569134 -0.600223
-67.8674 56.0039 -75.9454 -0.579259 0.55615 -0.595949
-72.0681 54.0009 -73.6789 -0.584603 0.5517 -0.594866
-76.1978 51.9822 -71.3681 -0.599002 0.548819 -0.58309
-80.2952 49.9446 -68.98 -0.623063 0.540626 -0.565257
-84.1963 47.9395 -66.5727 -0.629091 0.532625 -0.566176
-87.5122 46.2204 -64.4512 -0.646611 0.515635 -0.562151
-83.9721 52.7494 -62.3057 -0.624443 0.532977 -0.57097
-80.0303 54.7359 -64.7378 -0.614314 0.54416 -0.57141
-76.0558 56.7212 -67.062 -0.605099 0.549082 -0.57651
-72.0387 58.6922 -69.3459 -0.576815 0.551572 -0.602539
-67.9062 60.6108 -71.5459 -0.576235 0.555487 -0.599489
-63.6245 62.5392 -73.7146 -0.54948 0.583632 -0.597867
-59.3914 64.4031 -75.7624 -0.542894 0.587294 -0.600293
-55.1021 66.2561 -77.7726 -0.528774 0.598562 -0.601766
-50.7477 68.0396 -79.6736 -0.515406 0.597105 -0.614672
-46.4103 69.7912 -81.5026 -0.499283 0.603793 -0.62141
-41.9802 71.5126 -83.2743 -0.471342 0.624378 -0.622888
-37.5464 73.1732 -84.9305 -0.453896 0.632979 -0.627149
-37.083 73.34 -85.0957 -0.451781 0.633817 -0.62783
-37.0917 77.7651 -80.6294 -0.446477 0.631769 -0.633661
-41.6048 76.123 -78.9901 -0.474012 0.611345 -0.633695
-46.0197 74.4339 -77.264 -0.481673 0.611186 -0.628047
-50.41 72.6818 -75.4307 -0.514195 0.601494 -0.611399
-54.7656 70.8875 -73.5117 -0.516954 0.599349 -0.611179
-59.0264 69.0823 -71.5542 -0.539414 0.582713 -0.607847
-63.2753 67.2343 -69.5076 -0.553153 0.57344 -0.604308
-67.4806 65.3715 -67.392 -0.555743 0.580102 -0.595509
-71.6932 63.4621 -65.1808 -0.589519 0.559622 -0.582487
-75.8179 61.457 -62.8156 -0.600969 0.546996 -0.582779
-79.9136 59.4392 -60.4203 -0.61128 0.53994 -0.578621
-80.3205 59.2396 -60.1763 -0.611847 0.539898 -0.57806
-76.5644 65.6482 -58.0851 -0.603248 0.552316 -0.57536
-72.4136 67.6099 -60.4138 -0.581772 0.569436 -0.580762
-68.2507 69.521 -62.6279 -0.566011 0.576169 -0.589627
-63.9922 71.4293 -64.8045 -0.549978 0.588362 -0.592752
-59.7246 73.2871 -66.8756 -0.538272 0.58781 -0.603939
-55.3958 75.0992 -68.8615 -0.521902 0.598404 -0.60789
-51.0825 76.8861 -70.7784 -0.519794 0.599803 -0.608317
-46.6565 78.6553 -72.6396 -0.488709 0.617651 -0.616174
-42.201 80.3287 -74.3562 -0.462347 0.638355 -0.615417
-37.7115 81.9436 -75.9548 -0.436813 0.647104 -0.62486
-37.0876 82.1608 -76.1657 -0.435651 0.647235 -0.625536
-36.4985 86.6435 -71.8888 -0.429211 0.660668 -0.615869
-41.0461 85.0546 -70.3212 -0.447172 0.650495 -0.613917
-45.6316 83.3913 -68.6194 -0.464159 0.642743 -0.609457
-50.1082 81.6704 -66.8114 -0.505826 0.615409 -0.604493
-54.4589 79.8892 -64.9043 -0.517182 0.607229 -0.603155
-58.7598 78.0987 -62.9337 -0.530037 0.603734 -0.595455
-63.1251 76.2029 -60.8286 -0.552771 0.590307 -0.588202
-67.3707 74.3086 -58.6844 -0.563481 0.587804 -0.580496
-71.5177 72.4157 -56.4907 -0.573685 0.583263 -0.575056
-72.7902 71.8298 -55.8135 -0.576391 0.58107 -0.57457
-68.7834 78.0085 -53.5558 -0.565477 0.587052 -0.579314
-64.5947 79.9117 -55.6975 -0.560635 0.595536 -0.575349
-60.3267 81.7861 -57.7986 -0.544402 0.601326 -0.584836
-56.006 83.5927 -59.8168 -0.51549 0.614062 -0.59766
-51.6089 85.3456 -61.7331 -0.501293 0.628908 -0.59429
-47.1619 87.0515 -63.5643 -0.480378 0.637611 -0.602237
-42.5973 88.7076 -65.2922 -0.450645 0.649883 -0.612022
-38.0781 90.2915 -66.8799 -0.429444 0.668866 -0.606791
-35.5837 91.1306 -67.6843 -0.413218 0.673899 -0.612463
-34.7124 95.4974 -63.5079 -0.416729 0.666324 -0.618344
-39.4364 93.9509 -61.979 -0.421143 0.664419 -0.617403
-43.9773 92.3819 -60.3698 -0.462202 0.649645 -0.603599
-48.4403 90.7469 -58.6148 -0.485714 0.63826 -0.597248
-52.838 89.0655 -56.7584 -0.508214 0.634873 -0.58194
-57.214 87.3127 -54.7934 -0.515878 0.630333 -0.580129
-61.5795 85.4812 -52.7295 -0.536811 0.616652 -0.575825
-64.739 84.1135 -51.1699 -0.550449 0.611496 -0.5684
-51.0055 93.9005 -53.1119 -0.499996 0.633959 -0.589999
-46.5094 95.5701 -54.9804 -0.471566 0.649568 -0.596394
-41.9822 97.1645 -56.7109 -0.443145 0.661896 -0.604579
-37.4567 98.6576 -58.2695 -0.419632 0.663463 -0.619456
-32.8882 100.109 -59.6948 -0.401859 0.674287 -0.619554
-32.7013 100.168 -59.7505 -0.398591 0.677896 -0.617723
-29.8127 104.911 -56.2008 -0.359792 0.701892 -0.614733
-34.4741 103.584 -54.9108 -0.381129 0.672745 -0.634156
-37.8592 102.554 -53.8512 -0.415505 0.661642 -0.624168
-29.6311 108.804 -51.9881 -0.345543 0.705364 -0.61892
-26.9094 109.519 -52.6535 -0.335645 0.71059 -0.618388
-26.0718 113.453 -48.6019 -0.332239 0.70758 -0.623656
-24.0504 113.963 -49.0557 -0.31066 0.722662 -0.617454
-24.2793 117.502 -44.7239 -0.30089 0.739523 -0.602138
-21.1795 118.241 -45.3636 -0.302762 0.737794 -0.603319
-23.5023 121.199 -40.5746 -0.30573 0.739702 -0.599475
-18.6775 122.348 -41.5445 -0.295458 0.744726 -0.598405
-18.2144 122.457 -41.6369 -0.295462 0.744724 -0.598405
-15.8749 126.496 -37.7717 -0.299953 0.742562 -0.598857
-20.6793 125.35 -36.8121 -0.296172 0.745561 -0.59701
-22.2715 124.972 -36.4948 -0.296343 0.745254 -0.597308
-20.9371 126.668 35.3786 -0.308776 0.749254 0.585898
-20.2038 126.853 35.5269 -0.3052 0.748626 0.588568
-20.3215 123.416 39.8937 -0.302485 0.752456 0.585075
-21.937 123.012 39.5693 -0.310324 0.749792 0.58439
-31.3625 102.124 58.6315 -0.357405 0.671725 0.648882
-34.6739 101.234 57.6747 -0.371026 0.669963 0.643032
-30.0934 98.4541 63.1019 -0.355693 0.670792 0.650784
-34.795 97.2048 61.7321 -0.381647 0.653312 0.653857
-39.4477 95.9088 60.2849 -0.384853 0.655809 0.649464
-42.3228 95.1088 59.3689 -0.397245 0.656586 0.641164
-50.0735 88.838 60.8395 -0.43241 0.647688 0.627313
-45.503 90.1834 62.4276 -0.402027 0.654864 0.639944
-40.8455 91.4903 63.9352 -0.386405 0.657666 0.646658
-36.2212 92.7551 65.3698 -0.379707 0.655796 0.652498
-31.5694 93.9831 66.7413 -0.362517 0.651731 0.666204
-28.6661 94.7281 67.5672 -0.354759 0.651135 0.670946
-27.6822 90.8209 71.8546 -0.34123 0.650521 0.678516
-32.4889 89.6298 70.5277 -0.354 0.653341 0.669201
-37.2298 88.3995 69.1323 -0.374346 0.650119 0.661219
-41.9471 87.0934 67.6554 -0.396317 0.647608 0.650797
-46.5697 85.7939 66.1433 -0.400667 0.643788 0.651922
-51.1686 84.4238 64.5361 -0.421915 0.630937 0.651081
-55.8061 82.9651 62.8006 -0.445889 0.625404 0.640353
-58.0655 82.2436 61.9359 -0.447116 0.636714 0.628238
-65.122 75.8456 63.232 -0.470526 0.620298 0.627564
-60.687 77.3206 65.0242 -0.454637 0.629895 0.629712
-56.0237 78.7731 66.784 -0.429779 0.633319 0.643582
-51.374 80.1867 68.4664 -0.427439 0.630624 0.647773
-46.8149 81.5402 70.0609 -0.412403 0.624793 0.662991
-42.0978 82.8988 71.6256 -0.393981 0.630355 0.668904
-37.484 84.1646 73.0826 -0.372385 0.646183 0.666166
-32.7946 85.3987 74.4728 -0.353803 0.651588 0.671012
-27.9847 86.5915 75.8209 -0.334306 0.656332 0.676364
-27.3265 86.7479 75.992 -0.331315 0.65596 0.678194
-26.5495 82.7249 80.2294 -0.338689 0.647353 0.682806
-31.3826 81.5678 78.9211 -0.347959 0.645105 0.680268
-36.1275 80.3443 77.5293 -0.365883 0.647984 0.668017
-40.7624 79.0671 76.0634 -0.393188 0.637242 0.662817
-45.4064 77.7625 74.5429 -0.40476 0.632709 0.660188
-50.0226 76.4181 72.973 -0.415838 0.630807 0.655104
-54.6848 75.0331 71.3385 -0.424136 0.629718 0.650818
-59.2296 73.602 69.6339 -0.439214 0.620325 0.649836
-63.6974 72.1392 67.8713 -0.466704 0.613078 0.637434
-68.1641 70.6331 66.0307 -0.47465 0.610728 0.633813
-72.6844 69.0855 64.1205 -0.478659 0.607552 0.63385
-72.9028 69.0106 64.0274 -0.478873 0.60704 0.634179
-81.9046 61.6003 64.1027 -0.504862 0.59715 0.623319
-77.5265 63.1603 66.068 -0.480291 0.598808 0.640898
-73.1151 64.6891 67.9688 -0.483769 0.594541 0.642253
-68.7221 66.218 69.8545 -0.475991 0.602452 0.64069
-64.2589 67.7088 71.6612 -0.462789 0.611662 0.641636
-59.7746 69.2013 73.4428 -0.457382 0.610258 0.646828
-55.1052 70.6869 75.2065 -0.425471 0.61918 0.659992
-50.5684 72.0495 76.8141 -0.40805 0.632769 0.658102
-45.9997 73.3799 78.3684 -0.409355 0.63125 0.65875
-41.352 74.6979 79.9018 -0.392347 0.626865 0.67313
-36.5837 76.0107 81.4092 -0.363543 0.624874 0.690919
-31.7304 77.2255 82.8045 -0.344369 0.639946 0.686935
-26.9937 78.361 84.1045 -0.34134 0.636161 0.691943
-25.6695 78.6789 84.4672 -0.343886 0.636461 0.690406
-24.8648 74.5656 88.6713 -0.345166 0.637848 0.688485
-29.6214 73.4064 87.3434 -0.348424 0.633757 0.690618
-34.3136 72.2497 86.0065 -0.364617 0.624288 0.690883
-38.9864 71.0516 84.6211 -0.365726 0.624266 0.690316
-43.6816 69.7702 83.1251 -0.392188 0.62182 0.677885
-48.3485 68.4758 81.6075 -0.400462 0.625608 0.669511
-52.8848 67.1075 80.0075 -0.423618 0.626013 0.654718
-57.4638 65.7056 78.3554 -0.428418 0.619949 0.65736
-61.9929 64.2148 76.5963 -0.456612 0.610642 0.64701
-66.4271 62.7089 74.8084 -0.479359 0.600791 0.639738
-70.8594 61.1642 72.9323 -0.481572 0.60046 0.638385
-75.2342 59.6148 71.0502 -0.486645 0.592552 0.641918
-79.6713 58.0386 69.1181 -0.492868 0.588333 0.64105
-84.0283 56.4502 67.1324 -0.519304 0.578152 0.629335
-88.3131 54.821 65.0888 -0.526886 0.570958 0.629601
-88.8798 54.603 64.812 -0.529118 0.569614 0.628947
-92.5859 48.6932 66.9967 -0.542133 0.563521 0.623326
-88.3118 50.3879 69.0986 -0.525712 0.570172 0.631293
-83.9089 52.0943 71.1993 -0.514518 0.575971 0.635239
-79.5173 53.6974 73.176 -0.499053 0.579276 0.644503
-75.1555 55.287 75.1013 -0.487413 0.589588 0.644061
-70.6892 56.8875 77.0138 -0.486552 0.58998 0.644353
-66.215 58.4533 78.8755 -0.475436 0.592711 0.650119
-61.6423 60.0198 80.717 -0.460268 0.600735 0.653659
-57.0775 61.5554 82.5088 -0.445226 0.61193 0.653693
-52.5011 62.9435 84.1341 -0.409022 0.597363 0.689824
-47.8225 64.2669 85.6901 -0.397541 0.61186 0.683804
-43.1444 65.5812 87.2269 -0.393015 0.616277 0.682453
-38.497 66.8442 88.6909 -0.380491 0.616743 0.689097
-33.7875 68.0555 90.1016 -0.360709 0.627672 0.689868
-29.0636 69.2333 91.4655 -0.353165 0.630964 0.690767
-24.2429 70.4064 92.8185 -0.343975 0.630556 0.695759
-24.1826 70.4208 92.8352 -0.343977 0.630563 0.695751
-23.3505 66.2556 97.0006 -0.340417 0.625008 0.702482
-28.1629 65.1106 95.6583 -0.344518 0.625955 0.699634
-32.8745 63.9458 94.3014 -0.365456 0.620763 0.69361
-37.5717 62.7327 92.8777 -0.380602 0.616208 0.689514
-42.2516 61.4707 91.4098 -0.383735 0.613462 0.690227
-46.8697 60.1838 89.9124 -0.400586 0.61295 0.681046
-51.4612 58.8594 88.3744 -0.406984 0.611116 0.678897
-56.0941 57.4811 86.7678 -0.437909 0.590004 0.67833
-60.594 56.0261 85.0796 -0.459902 0.595605 0.658593
-65.0779 54.4998 83.3097 -0.4725 0.592707 0.652259
-69.5717 52.9251 81.4543 -0.476408 0.592247 0.64983
-74.0552 51.3174 79.551 -0.490026 0.586633 0.644776
-78.4746 49.7051 77.6359 -0.501551 0.583629 0.63861
-82.8564 48.0628 75.6699 -0.508103 0.574101 0.642059
-87.1642 46.3935 73.6685 -0.526853 0.572307 0.628403
-91.4386 44.6981 71.6216 -0.539157 0.568426 0.621452
-95.6761 42.9483 69.4838 -0.546502 0.561035 0.621752
-96.2828 42.6986 69.176 -0.546516 0.560994 0.621776
-99.801 36.6658 71.3952 -0.570607 0.554448 0.605801
-95.6288 38.4548 73.5744 -0.539089 0.560031 0.629085
-91.3428 40.2155 75.6794 -0.540807 0.567162 0.621173
-86.9948 42.0174 77.7943 -0.531434 0.579119 0.618222
-82.5599 43.7387 79.8209 -0.511623 0.585551 0.628786
-78.1195 45.4456 81.8074 -0.499097 0.584187 0.640021
-73.6546 47.0941 83.7317 -0.483526 0.588217 0.648231
-69.1404 48.7019 85.6031 -0.479199 0.589144 0.650598
-64.7347 50.2493 87.3993 -0.457101 0.59191 0.663853
-60.1309 51.797 89.1777 -0.446361 0.599834 0.664049
-55.5871 53.2338 90.8312 -0.429698 0.59875 0.675913
-50.9058 54.6544 92.4714 -0.40332 0.608946 0.683021
-46.2821 55.9884 94.0105 -0.401419 0.608796 0.684273
-41.6335 57.261 95.4905 -0.384171 0.611981 0.691297
-36.9155 58.5405 96.9784 -0.381487 0.611755 0.692982
-32.102 59.749 98.3921 -0.354725 0.614415 0.704744
-27.3309 60.9232 99.7585 -0.35156 0.615039 0.705785
-22.5498 62.0692 101.11 -0.335332 0.625499 0.704488
-22.336 62.1185 101.169 -0.336061 0.624602 0.704937
-20.7551 58.0402 105.451 -0.341502 0.612241 0.713118
-25.5426 56.9136 104.089 -0.348029 0.60911 0.712644
-30.2804 55.779 102.737 -0.346988 0.611733 0.710902
-35.0199 54.6037 101.37 -0.366102 0.606485 0.705794
-39.7354 53.3858 99.955 -0.380868 0.609327 0.695457
-44.4726 52.1036 98.4757 -0.382934 0.609838 0.693872
-49.1221 50.7711 96.9459 -0.416557 0.595709 0.68674
-53.677 49.398 95.3717 -0.421247 0.59498 0.684507
-58.2628 47.9681 93.7372 -0.431481 0.589458 0.682908
-62.7685 46.4931 92.0562 -0.459167 0.586067 0.667602
-67.3666 44.924 90.2699 -0.459309 0.586019 0.667546
-71.8811 43.3197 88.4422 -0.479868 0.585299 0.653568
-76.3818 41.6947 86.5839 -0.490231 0.588269 0.643128
-80.8598 39.9934 84.6443 -0.50411 0.579684 0.640187
-85.2789 38.2556 82.6531 -0.515776 0.576209 0.634002
-89.5964 36.5305 80.6739 -0.536586 0.577308 0.615461
-93.8658 34.7223 78.5828 -0.544841 0.569185 0.615773
-98.0587 32.8898 76.4464 -0.561903 0.557299 0.611296
-102.29 30.9906 74.1947 -0.574095 0.555487 0.601539
-103.382 30.4906 73.5999 -0.585847 0.552086 0.593284
-107.245 24.0076 75.6966 -0.610086 0.537416 0.582219
-103.163 26.0033 77.9665 -0.586999 0.5484 0.595558
-99.0234 27.9254 80.1388 -0.563488 0.560681 0.606727
-94.7799 29.8218 82.2707 -0.557301 0.561111 0.612022
-90.5628 31.6429 84.3119 -0.534843 0.554361 0.637673
-86.1845 33.4226 86.2946 -0.519391 0.572015 0.634847
-81.8683 35.1448 88.2158 -0.510594 0.575759 0.638589
-77.4621 36.8531 90.1189 -0.489857 0.577732 0.652891
-73.002 38.4973 91.948 -0.480586 0.586582 0.651889
-68.557 40.0807 93.7086 -0.463945 0.584623 0.665561
-63.9671 41.6683 95.4822 -0.458531 0.588793 0.665637
-59.4263 43.1619 97.1666 -0.432312 0.592119 0.680075
-54.786 44.6125 98.8063 -0.414799 0.587546 0.694789
-50.1235 46.0153 100.396 -0.41179 0.586509 0.69745
-45.4111 47.4102 101.982 -0.40439 0.588293 0.700272
-40.786 48.6862 103.438 -0.373433 0.598066 0.709129
-36.1352 49.9131 104.848 -0.372782 0.601702 0.706391
-31.3581 51.0869 106.235 -0.349548 0.611292 0.710027
-26.5786 52.2252 107.596 -0.345421 0.611535 0.711835
-21.8416 53.3401 108.946 -0.343997 0.609697 0.714097
-19.1602 53.9481 109.699 -0.338268 0.609936 0.716626
-17.1552 49.9231 114.022 -0.32983 0.596405 0.731788
-21.9637 48.8366 112.663 -0.344747 0.597567 0.723922
-26.7226 47.7432 111.33 -0.33799 0.595416 0.728864
-31.4723 46.6209 109.985 -0.358499 0.600036 0.715147
-36.1877 45.4352 108.592 -0.372131 0.59755 0.710248
-40.8512 44.2075 107.178 -0.372799 0.596025 0.711179
-45.5135 42.9183 105.707 -0.408251 0.597099 0.69051
-50.1693 41.5358 104.149 -0.408439 0.597495 0.690057
-54.7645 40.1566 102.604 -0.414252 0.593057 0.690419
-59.318 38.7683 101.054 -0.426787 0.591542 0.684055
-63.8728 37.2752 99.3963 -0.440243 0.592958 0.674231
-68.3186 35.7304 97.6956 -0.46395 0.584486 0.665677
-72.7889 34.1516 95.9785 -0.463055 0.589481 0.661886
-77.182 32.508 94.2066 -0.487706 0.584504 0.648458
-81.5808 30.8172 92.3694 -0.500477 0.578254 0.644318
-85.9896 29.0279 90.4373 -0.517622 0.57626 0.63245
-90.3457 27.2156 88.4809 -0.525477 0.570731 0.630983
-94.5899 25.3993 86.5232 -0.545257 0.568816 0.615746
-98.7417 23.5012 84.4791 -0.568296 0.558464 0.604283
-102.864 21.5295 82.3489 -0.582451 0.546212 0.601999
-106.919 19.499 80.1559 -0.597145 0.548466 0.585323
-110.96 17.4103 77.9106 -0.61798 0.539688 0.571697
-112.018 16.8433 77.3 -0.618887 0.539117 0.571254
-115.593 10.1753 79.7644 -0.622876 0.544174 0.56205
-111.491 12.4619 82.0481 -0.613839 0.548059 0.568184
-107.463 14.6007 84.2234 -0.590331 0.551671 0.58921
-103.345 16.6769 86.3476 -0.580302 0.555722 0.595334
-99.2001 18.7289 88.4489 -0.569708 0.559976 0.601547
-95.0209 20.6826 90.4535 -0.543526 0.572501 0.613859
-90.7015 22.5956 92.4398 -0.528558 0.573135 0.626214
-86.3056 24.4397 94.3601 -0.517755 0.576218 0.632379
-81.9618 26.2059 96.211 -0.499425 0.578533 0.644883
-77.5586 27.9342 98.0302 -0.477435 0.582586 0.657761
-73.1358 29.5896 99.7687 -0.476689 0.581852 0.658951
-68.6892 31.1994 101.483 -0.458255 0.594411 0.660816
-64.1001 32.7828 103.189 -0.442201 0.589668 0.675833
-59.5619 34.2763 104.811 -0.417622 0.596509 0.685397
-54.8896 35.694 106.368 -0.410753 0.596976 0.689131
-50.3329 37.0712 107.905 -0.412816 0.593154 0.691196
-45.6949 38.4487 109.444 -0.400509 0.594973 0.696849
-41.0483 39.6811 110.833 -0.374117 0.592054 0.713799
-36.3618 40.918 112.248 -0.369462 0.586824 0.72051
-31.5491 42.0979 113.628 -0.344335 0.586166 0.733377
-26.8315 43.2029 114.952 -0.343973 0.592194 0.72869
-22.0257 44.3167 116.316 -0.344678 0.591883 0.728609
-17.1834 45.3872 117.649 -0.330652 0.590029 0.73657
-15.1889 45.8179 118.198 -0.330207 0.590447 0.736435
-13.0608 41.727 122.342 -0.319352 0.577802 0.751105
-17.7907 40.7226 121.065 -0.329191 0.577485 0.747091
-22.5114 39.684 119.767 -0.330879 0.582699 0.742281
-27.2416 38.6222 118.466 -0.345074 0.589859 0.730062
-32.0513 37.483 117.104 -0.34612 0.590512 0.729038
-36.7734 36.323 115.778 -0.361062 0.58584 0.725552
-41.4999 35.0949 114.385 -0.369614 0.591831 0.716325
-46.3024 33.7915 112.937 -0.389395 0.577414 0.71761
-50.8893 32.4437 111.449 -0.409538 0.5875 0.697941
-55.4702 31.0788 109.943 -0.405062 0.589329 0.699011
-60.1163 29.6235 108.371 -0.425655 0.577308 0.696802
-64.7154 28.1283 106.794 -0.435305 0.579384 0.689075
-69.1974 26.5818 105.171 -0.452671 0.582592 0.675037
-73.6649 24.9455 103.471 -0.472659 0.578031 0.665187
-78.1136 23.2649 101.741 -0.486706 0.576721 0.656133
-82.5755 21.5226 99.9615 -0.489053 0.586428 0.645701
-86.9539 19.7211 98.15 -0.509188 0.575204 0.640209
-91.2801 17.8435 96.2879 -0.528909 0.571812 0.627126
-95.6099 15.861 94.3021 -0.555221 0.557798 0.616921
-99.9503 13.8014 92.2789 -0.557479 0.560647 0.612284
-104.062 11.7289 90.2673 -0.580059 0.558034 0.593406
-107.304 10.0612 88.6562 -0.58314 0.561552 0.587032
-98.517 9.97036 97.1448 -0.558617 0.568177 0.604253
-94.3177 11.9708 99.029 -0.549913 0.564026 0.616012
-89.9428 13.933 100.894 -0.517397 0.571204 0.637201
-85.5825 15.8258 102.711 -0.50335 0.572441 0.647263
-81.2051 17.6059 104.457 -0.483553 0.577951 0.65738
-76.7375 19.3348 106.187 -0.479098 0.577121 0.661359
-72.3245 21.0177 107.875 -0.462027 0.583406 0.667958
-67.7517 22.6162 109.494 -0.438434 0.586929 0.680654
-63.2161 24.1541 111.074 -0.427631 0.58507 0.689075
-58.5318 25.6836 112.674 -0.424262 0.586791 0.689694
-53.9497 27.1339 114.212 -0.398047 0.594471 0.698686
-49.2852 28.464 115.665 -0.385772 0.588909 0.710188
-44.641 29.7719 117.094 -0.379948 0.588333 0.713795
-39.9348 31.0334 118.491 -0.358584 0.590379 0.723098
-35.2114 32.2322 119.852 -0.352824 0.589176 0.726903
-30.4169 33.3763 121.165 -0.338986 0.582363 0.738879
-25.693 34.4663 122.45 -0.33179 0.584584 0.740389
-20.8353 35.5481 123.774 -0.327176 0.586208 0.741159
-15.9803 36.5777 125.067 -0.317271 0.579074 0.751008
-11.5721 37.4789 126.234 -0.316596 0.576223 0.753481
-11.7207 32.8935 129.634 -0.309862 0.56983 0.761104
-16.5535 31.9238 128.392 -0.310695 0.571879 0.759225
-21.4355 30.9087 127.123 -0.32194 0.575932 0.751437
-26.2613 29.8469 125.836 -0.33341 0.582647 0.741189
-31.0534 28.7493 124.555 -0.331348 0.583694 0.741289
-35.8462 27.6073 123.258 -0.351091 0.58472 0.731326
-40.58 26.4173 121.933 -0.355329 0.583603 0.73017
-45.3143 25.1325 120.528 -0.37697 0.589847 0.714124
-49.9999 23.8166 119.118 -0.38615 0.58194 0.715705
-54.6336 22.487 117.694 -0.388405 0.585177 0.711836
-59.1839 21.0372 116.186 -0.422239 0.575355 0.700486
-63.7311 19.5453 114.668 -0.428062 0.583538 0.690106
-68.3922 17.9609 113.07 -0.439656 0.579427 0.68627
-72.9545 16.3373 111.467 -0.454768 0.574149 0.680837
-77.3911 14.6308 109.82 -0.478197 0.57948 0.659947
-81.9372 12.8591 108.084 -0.477006 0.580719 0.65972
-86.4058 11.0179 106.344 -0.505484 0.5789 0.639813
-89.0239 9.88461 105.303 -0.504715 0.580695 0.638793
-78.5509 9.77167 113.25 -0.469241 0.585305 0.661234
-74.0515 11.4834 114.86 -0.450897 0.585144 0.674016
-69.5005 13.1252 116.424 -0.43207 0.580424 0.690235
-64.8951 14.705 117.998 -0.426522 0.580801 0.693361
-60.3277 16.207 119.481 -0.418506 0.578099 0.700468
-55.7021 17.6895 120.981 -0.404718 0.575312 0.710788
-50.9966 19.0767 122.431 -0.384343 0.579387 0.718743
-46.2329 20.4393 123.874 -0.381794 0.579286 0.720181
-41.4974 21.7132 125.236 -0.355191 0.582189 0.731365
-36.7764 22.9022 126.548 -0.34741 0.580071 0.736766
-32.0135 24.0546 127.841 -0.336324 0.582882 0.739686
-27.247 25.1268 129.073 -0.30868 0.580837 0.753223
-22.4212 26.1662 130.314 -0.316375 0.571331 0.75729
-17.5922 27.1727 131.549 -0.309916 0.572874 0.758793
-12.6955 28.1347 132.777 -0.29969 0.564691 0.768967
-11.64 28.3398 133.041 -0.302257 0.561999 0.769934
-11.7948 23.7495 136.333 -0.288249 0.560332 0.776492
-16.6173 22.823 135.154 -0.298979 0.565885 0.768365
-21.5413 21.8328 133.943 -0.309577 0.567917 0.762648
-26.3551 20.8139 132.73 -0.313204 0.573589 0.756901
-31.1201 19.7649 131.524 -0.32681 0.568407 0.755055
-35.8529 18.6597 130.29 -0.33647 0.572205 0.74791
-40.6888 17.4571 128.982 -0.357533 0.576919 0.734394
-45.4467 16.2045 127.651 -0.357279 0.581917 0.730564
-50.1189 14.8878 126.284 -0.381702 0.581617 0.718349
-54.7652 13.516 124.872 -0.395808 0.575655 0.715512
-59.4196 12.0835 123.437 -0.410065 0.583497 0.700983
-63.9955 10.595 121.995 -0.411691 0.588567 0.695772
-66.1349 9.87949 121.302 -0.423691 0.585151 0.691436
-51.9964 9.92631 129.302 -0.379469 0.582301 0.718977
-47.2619 11.2733 130.666 -0.363956 0.580422 0.728455
-42.4654 12.5489 131.979 -0.346884 0.578276 0.738423
-37.6597 13.7452 133.249 -0.335755 0.572997 0.747625
-32.8755 14.8762 134.482 -0.324635 0.573683 0.751997
-28.0511 15.9503 135.692 -0.307259 0.570556 0.761615
-23.2402 16.9791 136.889 -0.305177 0.56745 0.764767
-18.3308 17.9645 138.078 -0.292462 0.565819 0.770918
-13.5011 18.8818 139.217 -0.285268 0.564675 0.774444
-11.496 19.2436 139.683 -0.280345 0.559513 0.779969
-16.75 13.7535 141.735 -0.286603 0.561226 0.776456
-21.6465 12.8075 140.596 -0.298899 0.566276 0.768108
-26.5622 11.7946 139.42 -0.306407 0.573965 0.759394
-31.3976 10.7514 138.248 -0.31126 0.574072 0.757336
-34.8918 9.95559 137.377 -0.327361 0.57661 0.748569
-34.9468 9.94263 137.363 -0.327375 0.576594 0.748575
