-124.041 10.3299 74.7135 -0.647576 0.538752 0.53888
-121.514 9.12372 78.9277 -0.637679 0.544783 0.544589
-118.658 8.32697 83.0161 -0.627016 0.549809 0.551871
-115.657 7.64787 87.0027 -0.608375 0.555396 0.566934
-112.222 7.53056 90.7479 -0.605479 0.560837 0.564672
-108.698 7.57946 94.3101 -0.58391 0.56808 0.579944
-105.191 7.42572 97.8771 -0.564123 0.573505 0.594018
-101.47 7.47207 101.259 -0.549007 0.578178 0.603574
-97.6412 7.49681 104.705 -0.532381 0.578645 0.617852
-93.772 7.48817 107.933 -0.511054 0.58863 0.626369
-89.9085 7.37193 111.137 -0.502316 0.589473 0.632614
-85.9429 7.30029 114.196 -0.479804 0.585233 0.653675
-81.8391 7.32112 117.133 -0.471793 0.586625 0.658242
-77.6835 7.39826 119.931 -0.448162 0.58681 0.674392
-73.4561 7.38113 122.733 -0.435845 0.589953 0.679702
-69.0437 7.44484 125.46 -0.421055 0.587738 0.690852
-64.7549 7.39693 128.091 -0.406792 0.585976 0.700822
-60.4233 7.34087 130.61 -0.394661 0.587875 0.706149
-55.8934 7.38846 133.058 -0.381369 0.584249 0.716388
-51.2784 7.79432 135.121 -0.364408 0.582387 0.726658
-46.4203 8.54991 136.885 -0.346781 0.579593 0.737438
-41.6604 9.39202 138.415 -0.336802 0.579686 0.741976
-36.8633 10.4075 139.764 -0.32513 0.57435 0.751274
-32.1002 11.4738 140.967 -0.309223 0.572038 0.759707
-27.3315 12.7709 141.921 -0.302543 0.573164 0.761543
-22.5342 14.1509 142.768 -0.295847 0.563836 0.77108
-17.7613 15.7629 143.369 -0.283115 0.564213 0.775571
-13.0608 17.4125 143.863 -0.276508 0.558912 0.781767
-8.41909 19.2272 144.194 -0.269281 0.555227 0.786899
-8.79888 23.3401 141.14 -0.281514 0.556768 0.781511
-8.87111 27.4124 138.218 -0.288487 0.553125 0.781555
-11.292 30.5369 135.053 -0.297761 0.561059 0.772367
-13.5943 33.6502 131.869 -0.306217 0.568621 0.763479
-15.9576 36.665 128.601 -0.318945 0.57785 0.751241
-18.3246 39.6188 125.293 -0.328133 0.585196 0.741535
-20.6168 42.666 121.902 -0.337066 0.579986 0.741622
-22.8214 45.6537 118.555 -0.342441 0.588634 0.732281
-24.451 48.9211 115.137 -0.347281 0.58974 0.729111
-26.1674 52.2181 111.62 -0.34787 0.607945 0.713715
-27.9448 55.3205 108.104 -0.348838 0.608227 0.713003
-29.808 58.4172 104.531 -0.356052 0.607663 0.70991
-31.6721 61.6032 100.86 -0.359955 0.610131 0.705813
-33.4654 64.669 97.294 -0.361367 0.610181 0.705049
-35.1283 67.7404 93.6811 -0.368892 0.621213 0.691385
-37.3973 70.4009 90.0835 -0.37542 0.619811 0.689126
-40.0543 72.7548 86.5204 -0.376172 0.616602 0.69159
-43.4697 74.3083 83.1376 -0.39734 0.617124 0.679175
-47.0706 75.5041 79.8762 -0.413689 0.620259 0.666438
-51.6055 75.066 77.4759 -0.4176 0.617245 0.666797
-56.112 73.5647 75.9953 -0.428402 0.612172 0.664618
-60.5898 71.7177 74.6994 -0.454848 0.600562 0.657601
-64.9099 69.2551 73.9487 -0.461384 0.603768 0.650064
-69.2355 66.5369 73.3865 -0.47502 0.594686 0.648617
-73.4971 63.8634 72.6847 -0.478046 0.591386 0.64941
-77.6164 61.1001 72.119 -0.484924 0.586654 0.648602
-81.7017 58.1478 71.6805 -0.495652 0.580374 0.646138
-85.7278 55.0966 71.2254 -0.517756 0.572178 0.636035
-89.8792 52.3107 70.2955 -0.526692 0.56521 0.634927
-93.9329 49.5516 69.3351 -0.54019 0.56332 0.625192
-98.0263 46.6412 68.3854 -0.545522 0.557508 0.625773
-101.247 42.9819 68.7513 -0.568299 0.543222 0.618018
-103.709 38.7742 70.1708 -0.573356 0.549402 0.607797
-106.082 34.6084 71.6512 -0.590978 0.540065 0.599228
-108.568 30.3392 73.0527 -0.599397 0.539707 0.591135
-110.992 26.039 74.474 -0.615696 0.533623 0.579797
-113.526 21.7201 75.7689 -0.6186 0.536807 0.573735
-116.503 17.5346 76.4389 -0.628198 0.537687 0.56237
-120.032 13.6901 76.1392 -0.639938 0.53715 0.549499
-123.743 10.5575 74.8449 -0.647693 0.538628 0.538864
-123.922 10.4271 74.7594 -0.647634 0.538689 0.538873
-124.477 14.3581 70.2124 -0.654497 0.528944 0.540233
-120.859 17.6623 71.3427 -0.646638 0.524752 0.55362
-117.663 21.7018 71.2175 -0.634752 0.52483 0.567136
-115.182 25.9582 70.0431 -0.626457 0.522952 0.577991
-112.81 30.3085 68.6896 -0.618361 0.52019 0.589094
-110.478 34.5436 67.3491 -0.605035 0.526981 0.596845
-108.12 38.8698 65.8598 -0.592188 0.529663 0.607265
-105.673 43.1787 64.4797 -0.579452 0.52989 0.619235
-103.209 47.4659 63.0441 -0.565483 0.543637 0.620231
-99.3239 50.5086 63.8874 -0.548777 0.544832 0.634037
-95.3135 53.4116 64.8059 -0.533942 0.550582 0.64169
-91.2147 56.1666 65.773 -0.526081 0.557969 0.641802
-86.9901 58.9872 66.7458 -0.51399 0.561694 0.648316
-82.9585 62.0578 67.1933 -0.502642 0.585912 0.635656
-78.833 65.1005 67.6093 -0.488264 0.585012 0.647579
-74.5954 67.8152 68.2668 -0.478261 0.593395 0.647417
-70.3326 70.5019 68.9365 -0.470555 0.598636 0.648239
-66.1088 73.1482 69.5213 -0.463048 0.598398 0.653839
-61.7035 75.6756 70.2762 -0.450488 0.608789 0.653021
-57.0191 77.6144 71.6507 -0.44113 0.604966 0.662888
-52.5578 79.5541 72.7644 -0.425059 0.606138 0.672251
-48.1289 79.9876 75.1398 -0.418281 0.605081 0.677435
-43.7545 80.2091 77.6052 -0.403694 0.605163 0.686154
-40.131 78.8786 80.951 -0.393663 0.60505 0.692058
-36.5721 77.5292 84.1997 -0.376828 0.612171 0.69516
-33.8625 75.1924 87.6916 -0.359939 0.617886 0.699042
-31.3907 72.6643 91.2565 -0.364522 0.622709 0.692357
-29.3539 69.7216 94.9663 -0.36511 0.615714 0.698277
-27.5755 66.5199 98.6744 -0.35587 0.613147 0.705271
-25.7967 63.448 102.241 -0.354502 0.613644 0.705527
-23.9136 60.3455 105.842 -0.354206 0.605412 0.712752
-21.9234 57.3041 109.405 -0.353862 0.602633 0.715273
-20.2961 54.0005 112.965 -0.347034 0.600525 0.720373
-18.5411 50.6871 116.513 -0.340166 0.59054 0.731812
-16.6536 47.3873 120.012 -0.337195 0.57954 0.741912
-14.4288 44.3285 123.374 -0.332677 0.574548 0.74781
-12.016 41.2653 126.744 -0.320944 0.568974 0.757141
-9.5912 38.2752 130.037 -0.311277 0.567261 0.762445
-7.24744 35.1469 133.255 -0.299609 0.561204 0.771547
-4.76205 32.0852 136.405 -0.289984 0.553564 0.78069
-2.99265 28.697 139.441 -0.281377 0.550802 0.785776
-3.00446 24.5227 142.348 -0.273193 0.54787 0.790698
-2.54846 20.4814 145.296 -0.263559 0.547929 0.793921
-1.53179 16.858 148.118 -0.253753 0.547029 0.797727
-6.32728 14.8344 147.984 -0.255999 0.55582 0.790904
-11.0264 13.0916 147.673 -0.271108 0.561978 0.781461
-15.7802 11.3568 147.271 -0.273071 0.568072 0.776355
-20.538 9.81137 146.698 -0.280135 0.568215 0.773729
-25.421 8.36913 145.951 -0.292017 0.566665 0.770465
-30.2478 7.10359 145.028 -0.300763 0.5749 0.760941
-35.1265 5.96323 143.89 -0.313705 0.576774 0.754268
-39.8669 4.92571 142.687 -0.32289 0.579433 0.748331
-44.6985 4.08769 141.203 -0.331618 0.5801 0.743985
-49.5465 3.24716 139.62 -0.356691 0.58668 0.727034
-54.1878 2.62097 137.816 -0.362154 0.58354 0.72686
-58.6554 2.49528 135.596 -0.385747 0.587357 0.711484
-63.0618 2.49318 133.175 -0.395993 0.589831 0.703768
-67.4446 2.51906 130.613 -0.414746 0.588786 0.693769
-71.8638 2.5181 127.951 -0.423399 0.592157 0.685626
-76.1156 2.48713 125.27 -0.440238 0.588876 0.677802
-80.3273 2.51514 122.452 -0.44769 0.595334 0.667196
-84.5797 2.47384 119.547 -0.465852 0.593442 0.65636
-88.7564 2.49107 116.506 -0.478381 0.597261 0.643763
-92.7565 2.47871 113.416 -0.497696 0.587411 0.638159
-96.6364 2.54168 110.2 -0.522975 0.585646 0.619286
-100.492 2.55763 106.857 -0.538016 0.57777 0.613776
-104.279 2.52621 103.439 -0.558744 0.573729 0.598866
-108.028 2.52199 99.9251 -0.565941 0.572804 0.592964
-111.646 2.54427 96.2474 -0.593894 0.564788 0.572979
-115.122 2.54206 92.5914 -0.606099 0.564612 0.560229
-118.543 2.56891 88.8743 -0.607714 0.555982 0.567069
-121.524 3.23554 84.894 -0.63283 0.555386 0.539499
-124.329 3.96777 80.763 -0.642531 0.544374 0.539268
-126.906 5.04103 76.5676 -0.653321 0.540427 0.530199
-129.406 6.13708 72.3603 -0.657613 0.53446 0.53094
-131.628 7.60498 68.11 -0.660254 0.53529 0.52681
-133.82 9.11508 63.7585 -0.671423 0.535431 0.51235
-135.761 10.7312 59.3069 -0.695769 0.548611 0.463606
-134.652 11.3281 60.2875 -0.699665 0.520173 0.48975
-131.61 11.3962 64.2898 -0.665748 0.530284 0.524956
-128.026 12.2421 67.9451 -0.661257 0.530552 0.530334
-124.626 14.2516 70.1366 -0.654961 0.528759 0.539852
-146.262 11.3741 23.5833 -0.821138 0.570705 0.0051655
-146.918 10.1652 18.7624 -0.817595 0.574198 -0.0428234
-147.532 8.91202 13.9112 -0.816759 0.574959 -0.0482478
-147.851 7.97587 8.86722 -0.816637 0.574211 -0.0581859
-148.131 7.07263 3.88547 -0.815298 0.575819 -0.0610063
-148.162 6.38984 -1.22823 -0.822348 0.561956 -0.0891302
-148.107 5.61816 -6.25565 -0.823463 0.557365 -0.106052
-147.773 4.9497 -11.2282 -0.817958 0.558932 -0.13616
-147.32 4.24364 -16.279 -0.801673 0.560348 -0.20816
-146.577 2.6456 -20.9992 -0.787127 0.519054 -0.333187
-144.523 2.75027 -25.6106 -0.761672 0.494189 -0.419085
-142.003 2.71246 -29.9528 -0.761228 0.463102 -0.453946
-139.311 2.73542 -34.262 -0.738692 0.459651 -0.493006
-136.445 2.81906 -38.4004 -0.734709 0.451555 -0.506261
-133.598 2.77226 -42.6351 -0.748827 0.437827 -0.49756
-130.812 2.7943 -46.9084 -0.757023 0.437144 -0.485614
-128.071 2.80552 -51.186 -0.762389 0.434381 -0.479663
-125.406 2.76921 -55.5111 -0.771718 0.433798 -0.46505
-122.808 2.79986 -59.8213 -0.773332 0.434602 -0.461605
-120.24 2.78693 -64.1436 -0.772252 0.436713 -0.46142
-117.634 2.77455 -68.4647 -0.767576 0.440359 -0.465738
-114.974 2.79124 -72.7368 -0.74556 0.457002 -0.485065
-112.114 2.73121 -77.0915 -0.739164 0.458752 -0.493136
-109.245 2.69389 -81.271 -0.714854 0.479045 -0.509412
-106.215 2.70608 -85.442 -0.709562 0.483321 -0.512759
-103.177 2.69528 -89.449 -0.684968 0.488986 -0.540104
-100.017 2.71282 -93.4103 -0.680557 0.49098 -0.543857
-96.8444 2.73623 -97.279 -0.668978 0.496344 -0.553274
-93.6428 2.65898 -101.182 -0.660721 0.502455 -0.557661
-90.3157 2.63828 -105.004 -0.642595 0.502685 -0.578255
-86.9443 2.62279 -108.805 -0.635305 0.522708 -0.568475
-83.4605 2.66005 -112.531 -0.622903 0.525066 -0.579911
-79.8806 2.63837 -116.314 -0.608893 0.53227 -0.588165
-76.3353 2.62745 -119.871 -0.596013 0.529975 -0.603237
-72.6901 2.62044 -123.427 -0.584735 0.535431 -0.609425
-68.9705 2.64617 -126.913 -0.581563 0.52876 -0.618221
-65.2918 2.60443 -130.353 -0.57318 0.530733 -0.624329
-61.5258 2.62398 -133.746 -0.55604 0.541491 -0.630561
-57.3982 3.57637 -136.5 -0.547684 0.53833 -0.640502
-53.2004 5.73416 -138.235 -0.534533 0.544901 -0.646032
-48.9674 7.94538 -139.751 -0.514427 0.5435 -0.663304
-44.7074 10.2216 -141.153 -0.506479 0.549286 -0.664653
-40.3117 12.6624 -142.437 -0.495459 0.548862 -0.673253
-36.059 15.0655 -143.575 -0.490236 0.547215 -0.678398
-31.8595 17.689 -144.487 -0.48384 0.547453 -0.682784
-27.7253 20.4415 -145.22 -0.487345 0.538882 -0.687096
-29.3308 23.6512 -141.553 -0.493219 0.536495 -0.684769
-30.8271 26.7782 -137.94 -0.506245 0.540983 -0.671605
-32.018 30.0527 -134.331 -0.509257 0.551446 -0.660731
-33.24 33.3777 -130.613 -0.508715 0.553721 -0.659244
-34.2343 36.7156 -126.937 -0.521239 0.5633 -0.641089
-34.9888 40.0926 -123.324 -0.519449 0.567541 -0.638804
-35.8078 43.4349 -119.664 -0.521158 0.575999 -0.629777
-36.3833 46.865 -116.037 -0.518355 0.579783 -0.628617
-37.1956 50.1423 -112.356 -0.516243 0.579493 -0.63062
-37.9422 53.4394 -108.669 -0.516657 0.591323 -0.619193
-38.4429 56.8253 -104.923 -0.505717 0.605971 -0.614044
-39.1975 60.0774 -101.206 -0.495456 0.598485 -0.629554
-40.079 63.4139 -97.3332 -0.502548 0.602791 -0.619749
-40.4283 66.8229 -93.6759 -0.487366 0.616197 -0.618688
-40.9402 70.1719 -89.9399 -0.48971 0.61532 -0.61771
-41.9388 73.2333 -86.0858 -0.48869 0.617277 -0.616564
-43.3564 76.2146 -82.0229 -0.485514 0.614541 -0.621784
-44.5972 79.1421 -78.1621 -0.488408 0.61232 -0.621709
-46.0439 81.9819 -74.1912 -0.485073 0.619071 -0.61762
-48.7674 83.7355 -70.284 -0.494026 0.617366 -0.612207
-51.7891 84.9969 -66.5632 -0.507614 0.603798 -0.614618
-55.6442 84.9446 -63.3241 -0.527712 0.599807 -0.601458
-59.5982 84.4438 -60.3414 -0.53544 0.600617 -0.593771
-63.8617 82.9123 -57.9701 -0.548678 0.596992 -0.585279
-67.9789 81.1367 -55.835 -0.561715 0.585685 -0.584336
-72.1146 78.7252 -54.2195 -0.572154 0.579082 -0.580778
-76.23 76.5191 -52.2985 -0.584179 0.574029 -0.573782
-80.3416 74.0293 -50.5388 -0.59565 0.569069 -0.566888
-83.1525 70.1296 -51.4693 -0.600112 0.560902 -0.570311
-85.6209 65.8831 -52.9308 -0.613873 0.543152 -0.57284
-87.9996 61.6392 -54.3158 -0.626628 0.532131 -0.569363
-90.3095 57.3377 -55.6962 -0.642585 0.5197 -0.563025
-92.6428 53.0346 -56.9807 -0.65825 0.508351 -0.555233
-94.828 48.7312 -58.3278 -0.664975 0.505881 -0.549448
-97.049 44.3249 -59.584 -0.681557 0.48818 -0.545124
-99.1787 39.9554 -60.8039 -0.693373 0.480122 -0.537323
-101.374 35.4689 -62.0516 -0.699431 0.483194 -0.52661
-103.49 31.0016 -63.3307 -0.708658 0.482353 -0.514918
-105.639 26.5232 -64.5648 -0.715915 0.478158 -0.508755
-107.821 22.0842 -65.5903 -0.723722 0.466577 -0.508461
-110.596 17.8373 -65.5042 -0.733289 0.461249 -0.499536
-113.796 14.2712 -63.9525 -0.755418 0.443945 -0.48193
-117.001 11.9359 -60.9494 -0.769665 0.43578 -0.466596
-119.881 11.1966 -56.8139 -0.774178 0.43486 -0.459939
-122.455 11.1942 -52.521 -0.76764 0.437799 -0.468039
-125.119 11.2201 -48.2113 -0.758381 0.443877 -0.477318
-127.824 11.2439 -43.9254 -0.757032 0.439446 -0.483519
-130.58 11.1566 -39.7186 -0.747968 0.44176 -0.495371
-133.416 11.1616 -35.342 -0.751927 0.452481 -0.479444
-136.116 11.2393 -31.1026 -0.750725 0.456681 -0.477341
-138.558 11.2954 -26.5084 -0.773815 0.498959 -0.390194
-140.777 11.3379 -21.8804 -0.805657 0.504169 -0.311015
-142.108 11.3842 -16.9321 -0.790206 0.552193 -0.265796
-143.201 11.4283 -12.0402 -0.816871 0.559962 -0.138433
-144.038 11.4191 -7.08165 -0.817294 0.5621 -0.126725
-144.561 11.4715 -2.01395 -0.815407 0.575161 -0.0655853
-144.953 11.4954 3.01441 -0.817406 0.572289 -0.0658254
-145.325 11.4976 8.02526 -0.818314 0.571855 -0.0578315
-145.698 11.4479 13.1282 -0.817867 0.572997 -0.052609
-146.014 11.4185 18.1913 -0.82211 0.567594 -0.0444109
-146.201 11.4604 23.2236 -0.820197 0.57207 -0.00345768
-146.193 11.4733 23.5395 -0.819829 0.572583 0.00519277
-115.591 8.27035 -66.6434 -0.763432 0.437916 -0.474765
-112.37 11.0641 -69.1013 -0.738298 0.45416 -0.498652
-109.153 14.6701 -70.4829 -0.721742 0.45926 -0.51785
-106.257 18.7447 -70.8049 -0.710965 0.467722 -0.525133
-103.752 23.1062 -70.2925 -0.707534 0.473018 -0.525024
-101.561 27.5442 -69.1715 -0.701108 0.48285 -0.524694
-99.37 31.9784 -67.8933 -0.683742 0.499016 -0.532428
-97.22 36.4016 -66.5485 -0.686504 0.494705 -0.532897
-94.9558 40.8573 -65.3046 -0.672895 0.500239 -0.544953
-92.748 45.3536 -63.9311 -0.668988 0.498153 -0.551632
-90.464 49.72 -62.6095 -0.648152 0.518023 -0.558168
-88.1591 54.0177 -61.2657 -0.63755 0.521961 -0.566645
-85.7562 58.3227 -59.9189 -0.618673 0.541137 -0.569574
-83.429 62.5224 -58.4927 -0.60977 0.543641 -0.576745
-80.9492 66.7723 -57.0609 -0.607941 0.55016 -0.572479
-78.2799 71.0084 -55.726 -0.594626 0.572437 -0.564556
-74.1221 73.3768 -57.5912 -0.576282 0.581341 -0.574404
-70.0303 75.6096 -59.4019 -0.571631 0.583382 -0.576978
-65.7863 78.0169 -61.0758 -0.556215 0.588513 -0.586752
-61.6578 79.413 -63.5311 -0.544502 0.592908 -0.593277
-57.6492 80.0562 -66.468 -0.527319 0.602301 -0.599307
-53.8225 80.0379 -69.7666 -0.516381 0.603407 -0.60766
-51.1671 78.2712 -73.766 -0.512197 0.599549 -0.614975
-49.5081 75.6085 -77.7477 -0.508087 0.603714 -0.61431
-48.2278 72.6246 -81.7071 -0.499739 0.601289 -0.623468
-46.8345 69.776 -85.6217 -0.502823 0.607077 -0.615326
-45.9655 66.6484 -89.4297 -0.496783 0.610004 -0.617334
-45.5139 63.175 -93.1469 -0.501182 0.597645 -0.625809
-45.0522 59.7617 -96.8112 -0.508519 0.599544 -0.618025
-44.0708 56.5615 -100.686 -0.501756 0.596255 -0.626675
-43.3972 53.1919 -104.414 -0.5048 0.588028 -0.63198
-42.9434 49.7343 -108.002 -0.506122 0.588136 -0.630822
-42.0693 46.4692 -111.74 -0.516817 0.57887 -0.630722
-41.3556 43.0749 -115.439 -0.516952 0.578572 -0.630884
-40.6647 39.6584 -119.115 -0.516134 0.576599 -0.633355
-39.8113 36.2545 -122.854 -0.514071 0.570427 -0.640581
-38.9563 32.7885 -126.594 -0.512928 0.565934 -0.645464
-37.9436 29.4762 -130.272 -0.509302 0.558559 -0.654687
-36.7343 26.1765 -133.973 -0.499756 0.557039 -0.663288
-35.4747 22.8526 -137.665 -0.495707 0.550683 -0.671583
-36.3644 19.8357 -139.48 -0.495544 0.548859 -0.673194
-40.5903 17.33 -138.395 -0.500421 0.552224 -0.666803
-44.8936 14.849 -137.205 -0.512747 0.551392 -0.658072
-49.1943 12.5599 -135.762 -0.515879 0.547348 -0.658997
-53.4429 10.2647 -134.237 -0.540273 0.538373 -0.64673
-57.7043 8.08459 -132.441 -0.549537 0.538501 -0.638769
-61.6305 7.7453 -129.301 -0.560961 0.535658 -0.631183
-65.3814 7.7486 -125.904 -0.574054 0.529805 -0.624315
-69.1131 7.75117 -122.416 -0.582503 0.527411 -0.618488
-72.7914 7.73524 -118.911 -0.589591 0.525872 -0.613059
-76.4905 7.81247 -115.228 -0.600676 0.51933 -0.607853
-80.0308 7.82851 -111.652 -0.613735 0.515645 -0.597863
-83.4765 7.87574 -107.987 -0.632098 0.505898 -0.586957
-86.8661 7.87064 -104.291 -0.646304 0.501661 -0.575002
-90.2411 7.8886 -100.473 -0.649638 0.501452 -0.571415
-93.5949 7.93836 -96.5242 -0.660982 0.50033 -0.55926
-96.8711 8.05933 -92.5204 -0.669899 0.489433 -0.558292
-100.058 7.96084 -88.6676 -0.688555 0.484429 -0.539649
-103.139 7.96959 -84.6724 -0.695131 0.480413 -0.534786
-106.222 8.00751 -80.54 -0.710934 0.471374 -0.5219
-109.198 8.05323 -76.3662 -0.722983 0.465238 -0.510735
-112.047 8.17515 -72.1884 -0.730602 0.457953 -0.506457
-114.813 8.25456 -67.8937 -0.757406 0.441093 -0.481428
-115.577 8.26156 -66.6751 -0.763432 0.437916 -0.474765
-108.8 10.7954 -74.4298 -0.71908 0.463766 -0.517538
-105.317 13.2585 -77.0456 -0.705319 0.47559 -0.52568
-101.691 15.7039 -79.6576 -0.699771 0.476611 -0.53213
-98.0409 18.1266 -82.2486 -0.679844 0.483337 -0.551541
-94.2362 20.5092 -84.778 -0.66703 0.490157 -0.561085
-90.4284 22.8211 -87.2348 -0.6486 0.510817 -0.564255
-86.5626 25.0395 -89.5841 -0.632034 0.522203 -0.57257
-82.6355 27.2306 -91.9038 -0.627347 0.524181 -0.575907
-78.6547 29.4116 -94.2224 -0.610464 0.527722 -0.59063
-74.6291 31.4964 -96.443 -0.592868 0.537936 -0.599276
-70.5463 33.5103 -98.5927 -0.586724 0.551447 -0.59301
-66.3683 35.4885 -100.706 -0.567552 0.552265 -0.610645
-62.1743 37.4437 -102.795 -0.557924 0.551344 -0.620275
-57.8751 39.3908 -104.886 -0.54423 0.564153 -0.620923
-53.6258 41.2413 -106.875 -0.534813 0.568042 -0.625543
-49.3411 43.0593 -108.867 -0.521134 0.577651 -0.628282
-44.953 44.8516 -110.848 -0.519984 0.577876 -0.629028
-44.7344 44.9403 -110.947 -0.519986 0.577872 -0.62903
-43.8468 40.787 -115.494 -0.517129 0.577815 -0.631433
-48.2396 38.9993 -113.518 -0.518991 0.579333 -0.628508
-52.6539 37.1364 -111.456 -0.537854 0.569373 -0.621714
-56.9437 35.271 -109.432 -0.550951 0.557464 -0.621036
-61.1214 33.3644 -107.391 -0.555318 0.55966 -0.615144
-65.3062 31.4455 -105.359 -0.55569 0.559803 -0.614678
-69.4467 29.5001 -103.314 -0.575311 0.543316 -0.611413
-73.5726 27.4298 -101.14 -0.600585 0.530874 -0.597888
-77.5701 25.3396 -98.9561 -0.605767 0.52967 -0.593713
-81.5857 23.161 -96.6968 -0.629348 0.516298 -0.580825
-85.5396 20.938 -94.416 -0.624654 0.515385 -0.586673
-89.3708 18.6775 -92.0906 -0.653816 0.504092 -0.564283
-93.2344 16.3035 -89.6666 -0.659742 0.497088 -0.563599
-96.9782 13.9162 -87.2456 -0.677399 0.48551 -0.552639
-100.628 11.4818 -84.7857 -0.694587 0.477326 -0.538246
-101.88 10.6255 -83.9288 -0.69483 0.477805 -0.537507
-94.533 10.6381 -93.0488 -0.661278 0.493613 -0.564851
-90.7849 13.0045 -95.3827 -0.65665 0.492402 -0.571271
-86.9385 15.3528 -97.6936 -0.646988 0.499862 -0.575799
-83.069 17.6308 -99.9802 -0.631123 0.509736 -0.584682
-79.0718 19.8742 -102.221 -0.61362 0.517397 -0.596466
-75.0966 22.0129 -104.404 -0.599805 0.527926 -0.601272
-71.029 24.1131 -106.569 -0.584215 0.531461 -0.613386
-66.8543 26.1684 -108.692 -0.575413 0.539153 -0.614991
-62.7176 28.1266 -110.743 -0.556429 0.562708 -0.611348
-58.5505 30.0284 -112.759 -0.548154 0.560697 -0.620602
-54.1789 31.9682 -114.84 -0.538463 0.566463 -0.623841
-49.9218 33.8036 -116.826 -0.527611 0.56852 -0.631199
-45.5281 35.6224 -118.823 -0.521488 0.572465 -0.63272
-42.8804 36.6841 -120.015 -0.513104 0.572776 -0.639259
-41.8084 32.5836 -124.51 -0.513026 0.566738 -0.64468
-46.093 30.8718 -122.578 -0.52287 0.565287 -0.638011
-50.392 29.0925 -120.633 -0.523009 0.564709 -0.638409
-54.8017 27.1932 -118.597 -0.538619 0.556764 -0.632379
-59.0686 25.2779 -116.564 -0.557548 0.545112 -0.626093
-63.3732 23.2611 -114.446 -0.566892 0.540802 -0.621423
-67.4885 21.2719 -112.407 -0.574125 0.542628 -0.613136
-71.5857 19.2065 -110.305 -0.590017 0.53022 -0.60889
-75.6079 17.0819 -108.155 -0.607872 0.517814 -0.601964
-79.71 14.8433 -105.925 -0.610248 0.517178 -0.600104
-83.6456 12.6043 -103.746 -0.636655 0.507128 -0.58094
-87.0474 10.5493 -101.761 -0.645147 0.501397 -0.57653
-79.1837 10.4688 -110.241 -0.610963 0.516979 -0.599548
-75.1667 12.6714 -112.39 -0.604067 0.517574 -0.605987
-71.0199 14.874 -114.565 -0.588415 0.524354 -0.615485
-66.9491 16.9414 -116.638 -0.579183 0.529027 -0.620224
-62.7719 18.9876 -118.725 -0.559922 0.544144 -0.624815
-58.608 20.937 -120.751 -0.558743 0.544328 -0.62571
-54.2986 22.8754 -122.788 -0.53764 0.552222 -0.637176
-49.9843 24.7248 -124.759 -0.522444 0.555603 -0.646805
-45.7085 26.4935 -126.686 -0.520335 0.556567 -0.647676
-41.3852 28.2387 -128.628 -0.512794 0.560613 -0.650196
-40.7436 28.4898 -128.918 -0.512682 0.560831 -0.650097
-39.2247 24.5445 -133.462 -0.5041 0.553033 -0.663353
-43.5409 22.8446 -131.543 -0.514235 0.557844 -0.651439
-47.8738 21.0824 -129.617 -0.521752 0.558778 -0.644625
-52.1343 19.2829 -127.696 -0.534233 0.550854 -0.641214
-56.3565 17.4183 -125.737 -0.55104 0.545812 -0.631225
-60.6252 15.4381 -123.694 -0.558793 0.538872 -0.630371
-64.8083 13.4289 -121.648 -0.573611 0.530438 -0.624184
-68.8783 11.3621 -119.584 -0.583472 0.524091 -0.620394
-70.7992 10.3682 -118.603 -0.592802 0.519603 -0.615304
-61.7328 10.3411 -127.021 -0.56133 0.530378 -0.635302
-57.5201 12.3259 -129.033 -0.552876 0.537652 -0.636598
-53.2964 14.2306 -131.007 -0.541319 0.544699 -0.640528
-48.9977 16.0974 -132.965 -0.516199 0.548568 -0.657733
-44.6519 17.8613 -134.86 -0.509469 0.54887 -0.662709
-41.9954 18.9232 -136.018 -0.506737 0.548904 -0.664772
-45.7052 49.077 -106.398 -0.510064 0.58309 -0.63233
-49.9893 47.3263 -104.491 -0.524071 0.569374 -0.633374
-54.2843 45.5018 -102.504 -0.531083 0.5606 -0.635357
-58.5495 43.6395 -100.481 -0.549375 0.553048 -0.626359
-62.8574 41.704 -98.3765 -0.564257 0.54956 -0.616115
-67.088 39.7334 -96.2394 -0.566343 0.545393 -0.617902
-71.1638 37.7692 -94.1106 -0.582655 0.543932 -0.603863
-75.3416 35.7308 -91.8979 -0.605627 0.528164 -0.595196
-79.3682 33.6166 -89.5963 -0.625556 0.524411 -0.577644
-83.3574 31.4532 -87.238 -0.62988 0.525367 -0.572049
-87.3313 29.277 -84.8563 -0.631555 0.523276 -0.572119
-91.2267 27.0496 -82.4091 -0.648816 0.515012 -0.560178
-95.05 24.7948 -79.9196 -0.666205 0.497298 -0.555757
-98.8875 22.459 -77.2964 -0.690333 0.482351 -0.539238
-102.536 20.0978 -74.6335 -0.704858 0.470199 -0.531119
-104.168 19.0209 -73.3893 -0.711368 0.465176 -0.526846
-100.193 26.4526 -71.9598 -0.693064 0.485834 -0.532568
-96.4719 28.7428 -74.6487 -0.677731 0.498868 -0.540196
-92.7025 30.9562 -77.2139 -0.666036 0.504468 -0.549462
-88.8897 33.1099 -79.6619 -0.639909 0.513899 -0.571336
-84.9914 35.2116 -82.0356 -0.62687 0.519198 -0.58092
-81.0612 37.3035 -84.3774 -0.624742 0.532408 -0.571173
-77.089 39.4205 -86.7368 -0.602149 0.546829 -0.581717
-73.0221 41.4271 -88.9472 -0.586062 0.558862 -0.58669
-68.9307 43.4078 -91.1319 -0.584295 0.559161 -0.588165
-64.6758 45.4012 -93.3304 -0.553802 0.567634 -0.609175
-60.4559 47.2906 -95.4025 -0.553081 0.565872 -0.611466
-56.1551 49.2114 -97.5091 -0.548745 0.573631 -0.608133
-51.7872 51.0798 -99.5629 -0.521753 0.578184 -0.627277
-47.4129 52.8694 -101.506 -0.507168 0.585526 -0.632408
-46.2224 53.3368 -102.023 -0.504285 0.58996 -0.63059
-47.2864 57.328 -97.3305 -0.512136 0.598019 -0.616515
-51.6202 55.5621 -95.405 -0.524584 0.593951 -0.609946
-55.9007 53.7607 -93.4271 -0.534839 0.590796 -0.604075
-60.1827 51.877 -91.3508 -0.550211 0.57338 -0.607045
-64.3727 50.0131 -89.2896 -0.567766 0.563618 -0.59998
-68.5012 48.0772 -87.1323 -0.574108 0.551977 -0.60475
-72.5877 46.1524 -84.9795 -0.58784 0.543367 -0.59933
-76.6678 44.1563 -82.7413 -0.597242 0.543603 -0.589744
-80.6232 42.1284 -80.4417 -0.619385 0.528781 -0.580304
-84.5493 40.0849 -78.0944 -0.623807 0.525735 -0.578332
-88.4706 38.0086 -75.6854 -0.647765 0.510201 -0.56577
-92.4407 35.7899 -73.0831 -0.650811 0.51307 -0.559647
-96.188 33.5965 -70.4706 -0.682087 0.496252 -0.537114
-96.8743 33.1855 -69.9753 -0.685649 0.494081 -0.534574
-93.5561 39.8045 -68.0024 -0.675074 0.505716 -0.537147
-89.758 41.9353 -70.6015 -0.657563 0.512608 -0.552127
-85.8652 44.0138 -73.0916 -0.628738 0.518764 -0.579286
-81.8769 46.0666 -75.5116 -0.617076 0.529998 -0.581653
-77.9167 48.0738 -77.8388 -0.602011 0.547332 -0.581386
-73.9058 50.0384 -80.0873 -0.588103 0.552304 -0.590843
-69.8262 51.9856 -82.2903 -0.580656 0.556653 -0.594117
-65.6294 53.9173 -84.4732 -0.563964 0.564071 -0.603132
-61.4585 55.8017 -86.5949 -0.55083 0.565086 -0.614219
-57.2198 57.6345 -88.6191 -0.537717 0.573534 -0.617996
-52.8243 59.4911 -90.6609 -0.523403 0.585477 -0.619085
-48.4472 61.2661 -92.6084 -0.505575 0.595175 -0.624628
-48.1061 61.4002 -92.7564 -0.505219 0.595729 -0.624388
-48.6141 65.582 -88.3291 -0.504323 0.608158 -0.613027
-52.9853 63.8462 -86.4162 -0.523813 0.59198 -0.612519
-57.2871 62.0361 -84.4197 -0.537011 0.579605 -0.612925
-61.5639 60.19 -82.3555 -0.547166 0.580263 -0.603245
-65.7821 58.2969 -80.2185 -0.562247 0.56873 -0.600354
-69.9816 56.3669 -78.0277 -0.585144 0.554061 -0.592135
-74.0397 54.448 -75.82 -0.584161 0.552158 -0.594876
-78.0997 52.4782 -73.5205 -0.603077 0.54182 -0.585431
-82.1073 50.5098 -71.2026 -0.606392 0.539829 -0.583844
-86.0262 48.5007 -68.8045 -0.633152 0.534084 -0.560243
-89.8773 46.4512 -66.3013 -0.653842 0.511888 -0.557191
-90.3435 46.1933 -65.9908 -0.654319 0.511347 -0.557128
-87.0087 52.4892 -63.9633 -0.63461 0.523566 -0.568462
-83.0726 54.4972 -66.4175 -0.618323 0.534194 -0.576467
-79.0851 56.4726 -68.7835 -0.602618 0.54938 -0.57882
-75.0665 58.4341 -71.0936 -0.599212 0.545566 -0.58592
-70.8753 60.3905 -73.3716 -0.578315 0.561469 -0.591865
-66.7687 62.2752 -75.5496 -0.560962 0.566646 -0.603518
-62.5223 64.1336 -77.6745 -0.547148 0.583432 -0.600197
-58.2751 65.9686 -79.7389 -0.538836 0.592908 -0.598428
-53.8947 67.7705 -81.7528 -0.51441 0.602665 -0.610063
-49.8953 69.3643 -83.5252 -0.502963 0.60695 -0.615337
-51.6225 72.9766 -78.5666 -0.517867 0.599547 -0.610211
-56.0023 71.2155 -76.5808 -0.517899 0.599805 -0.60993
-60.3085 69.4106 -74.5449 -0.538772 0.582117 -0.608986
-64.6561 67.5519 -72.4052 -0.550681 0.577649 -0.602555
-68.885 65.7225 -70.2607 -0.555926 0.579614 -0.595813
-72.996 63.8564 -68.0634 -0.599883 0.550255 -0.580827
-77.0983 61.8631 -65.7255 -0.599391 0.550644 -0.580967
-81.1996 59.8627 -63.3237 -0.608228 0.54137 -0.580497
-83.364 58.7997 -62.0467 -0.608718 0.541605 -0.579765
-79.9363 64.9041 -59.9285 -0.607846 0.548205 -0.574451
-75.8376 66.8841 -62.2942 -0.598299 0.551457 -0.58132
-71.7633 68.764 -64.5178 -0.572521 0.566839 -0.592379
-67.5676 70.6385 -66.7363 -0.562177 0.573704 -0.595668
-63.3644 72.4754 -68.8886 -0.544008 0.589909 -0.596709
-59.1217 74.251 -70.938 -0.527696 0.594989 -0.606238
-54.8511 75.9681 -72.8981 -0.518725 0.597532 -0.611457
-53.7302 76.4185 -73.4095 -0.519099 0.597035 -0.611625
-64.2735 76.3447 -64.1802 -0.549111 0.591565 -0.590363
-67.7593 74.8305 -62.3974 -0.557876 0.592884 -0.580744
-74.1557 61.1211 74.6954 -0.486135 0.588731 0.645808
-69.7463 62.6142 76.6137 -0.477142 0.599199 0.642881
-65.271 64.1025 78.5113 -0.461967 0.599488 0.653605
-60.7468 65.5555 80.3439 -0.456444 0.60405 0.653286
-56.1964 66.9409 82.0981 -0.431702 0.619689 0.655454
-51.6627 68.2624 83.7841 -0.414647 0.622369 0.663871
-47.032 69.5225 85.3849 -0.399168 0.613025 0.68181
-42.4297 70.7545 86.9623 -0.397554 0.614079 0.681805
-42.411 70.7596 86.9686 -0.397534 0.614086 0.681811
-38.8419 67.5681 91.8229 -0.385202 0.61276 0.690032
-43.5568 66.35 90.2675 -0.390707 0.610101 0.689293
-48.2241 65.0732 88.6702 -0.401354 0.610969 0.682372
-52.8057 63.813 87.0633 -0.410448 0.600214 0.686495
-57.3841 62.535 85.4372 -0.41835 0.605992 0.676578
-61.8375 61.1068 83.6674 -0.45896 0.599333 0.655863
-66.3079 59.638 81.8424 -0.47413 0.592244 0.651497
-70.7545 58.1443 79.9592 -0.475695 0.591011 0.651476
-75.2868 56.5826 77.9836 -0.486489 0.588858 0.645427
-79.7414 55.0209 75.9783 -0.503408 0.581002 0.639545
-84.2473 53.423 73.9108 -0.500752 0.574088 0.64782
-85.0548 53.1336 73.5356 -0.512682 0.572608 0.639748
-98.601 43.5622 70.632 -0.54586 0.559019 0.624127
-94.3959 45.2713 72.776 -0.545548 0.559203 0.624235
-90.1087 46.9551 74.9053 -0.52681 0.570093 0.630449
-85.6692 48.6598 77.0332 -0.510987 0.570575 0.642913
-81.1959 50.3152 79.108 -0.505621 0.576881 0.641526
-76.7275 51.9143 81.119 -0.48996 0.584779 0.646508
-72.2779 53.482 83.075 -0.48116 0.58893 0.649343
-67.8126 54.9983 84.9717 -0.475749 0.593148 0.649491
-63.3584 56.4827 86.7985 -0.4595 0.595892 0.658614
-58.7756 57.9362 88.5777 -0.43702 0.591606 0.677507
-54.1115 59.3259 90.3134 -0.409116 0.611428 0.677333
-49.5177 60.5998 91.9158 -0.404287 0.610329 0.681213
-44.9076 61.8631 93.4885 -0.386761 0.611433 0.690338
-40.2031 63.0876 95.0361 -0.386014 0.611554 0.690648
-36.6062 64.0139 96.2038 -0.37318 0.616079 0.693674
-34.5045 60.3819 100.47 -0.360278 0.610817 0.705055
-39.317 59.1875 98.9847 -0.384246 0.609656 0.693307
-44.0607 57.9422 97.44 -0.385969 0.612423 0.689903
-48.6842 56.703 95.8966 -0.404117 0.609665 0.681907
-53.349 55.3986 94.2689 -0.416963 0.597024 0.68535
-57.9722 54.0272 92.5794 -0.431055 0.598946 0.674874
-62.5049 52.6174 90.8597 -0.456563 0.593027 0.663227
-67.0072 51.1385 89.0687 -0.46446 0.589774 0.660639
-71.5243 49.5799 87.1628 -0.479506 0.588805 0.650679
-75.9641 48.0381 85.269 -0.49258 0.589732 0.639985
-80.3189 46.4427 83.329 -0.502501 0.581978 0.63937
-84.7407 44.7686 81.2939 -0.513696 0.583767 0.628754
-89.0447 43.1129 79.2742 -0.528833 0.573461 0.625682
-93.3271 41.3782 77.1542 -0.53906 0.575274 0.615203
-97.6056 39.6362 75.0267 -0.546492 0.56609 0.617161
-101.806 37.8407 72.8203 -0.567629 0.556648 0.60658
-102.111 37.7063 72.656 -0.573893 0.553274 0.603767
-105.52 31.811 74.7629 -0.587462 0.54913 0.594428
-101.406 33.6733 76.9918 -0.56367 0.559389 0.607751
-97.1228 35.5351 79.1992 -0.548001 0.568305 0.613778
-92.8035 37.3648 81.3533 -0.544876 0.5696 0.615359
-88.4965 39.0792 83.3894 -0.52073 0.573518 0.63239
-84.0991 40.8056 85.4414 -0.518433 0.572767 0.634953
-79.7646 42.4637 87.4024 -0.502667 0.584827 0.636634
-75.2997 44.0821 89.3323 -0.481362 0.584079 0.653561
-70.9132 45.6239 91.1836 -0.480082 0.586512 0.652322
-66.4659 47.1213 92.98 -0.460234 0.586148 0.666794
-62.0194 48.5938 94.7437 -0.451424 0.584378 0.674328
-57.3706 50.0214 96.4622 -0.429017 0.592834 0.681537
-52.7206 51.393 98.1397 -0.41655 0.596761 0.68583
-48.0537 52.7382 99.7952 -0.412826 0.593434 0.690949
-43.3584 53.9846 101.324 -0.38316 0.60949 0.694053
-38.7116 55.1645 102.79 -0.366784 0.606526 0.705405
-34.0311 56.3233 104.223 -0.35819 0.611068 0.7059
-32.5002 56.6858 104.677 -0.353014 0.609447 0.709898
-30.2983 53.0215 108.911 -0.352002 0.608404 0.711294
-35.0932 51.9035 107.49 -0.353928 0.605043 0.713203
-39.8794 50.7117 106.004 -0.373602 0.599531 0.707802
-44.5901 49.4933 104.518 -0.387458 0.599925 0.699976
-49.2409 48.1843 102.934 -0.410324 0.586745 0.698114
-53.9972 46.811 101.28 -0.413976 0.588196 0.69473
-58.5601 45.4681 99.6712 -0.431468 0.593358 0.679531
-63.1025 44.0493 97.9908 -0.442976 0.58621 0.678329
-67.6631 42.5336 96.2059 -0.462975 0.586402 0.66467
-72.099 41.0234 94.4269 -0.467994 0.584401 0.662915
-76.5639 39.4371 92.5697 -0.484007 0.585304 0.650504
-81.0485 37.7698 90.6368 -0.507829 0.575691 0.64085
-85.4364 36.0431 88.6453 -0.516387 0.573955 0.635548
-89.8398 34.2764 86.6159 -0.523943 0.569497 0.633369
-94.0932 32.5376 84.6239 -0.54122 0.558789 0.62836
-98.2989 30.716 82.542 -0.554932 0.557705 0.617265
-102.455 28.879 80.439 -0.567013 0.554353 0.609253
-106.595 26.9286 78.1986 -0.591046 0.546184 0.593589
-109.115 25.6901 76.777 -0.610188 0.538477 0.581131
-113.128 19.1842 78.5801 -0.617978 0.540531 0.570903
-109.113 21.272 80.8511 -0.604045 0.540337 0.585803
-105.064 23.303 83.0772 -0.589512 0.548981 0.592533
-100.878 25.2683 85.2317 -0.5576 0.564991 0.608167
-96.6078 27.1651 87.323 -0.549041 0.569761 0.611495
-92.3259 28.985 89.3333 -0.526619 0.569987 0.630704
-88.0422 30.7494 91.2957 -0.523927 0.57215 0.630988
-83.7409 32.4926 93.2438 -0.508452 0.574698 0.641247
-79.4093 34.1603 95.1187 -0.492291 0.58204 0.647209
-74.9477 35.8203 97.0015 -0.480904 0.581851 0.655881
-70.4544 37.3782 98.7822 -0.465573 0.584349 0.664664
-65.9273 38.9351 100.576 -0.457768 0.587024 0.667721
-61.4369 40.3797 102.254 -0.441635 0.589721 0.676157
-56.8013 41.7743 103.887 -0.415235 0.592479 0.690325
-52.2428 43.117 105.468 -0.410337 0.597434 0.688982
-47.611 44.454 107.062 -0.409709 0.597922 0.688933
-42.9894 45.7091 108.584 -0.375129 0.592843 0.712611
-38.181 46.9332 110.085 -0.372592 0.598121 0.709526
-33.5125 48.08 111.505 -0.358471 0.60048 0.714788
-28.7811 49.1672 112.897 -0.343223 0.590349 0.730538
-28.2952 49.2761 113.037 -0.34229 0.591105 0.730364
-26.2406 45.4798 117.076 -0.345741 0.590725 0.729045
-31.0676 44.3895 115.672 -0.345887 0.586232 0.732594
-35.8178 43.2994 114.288 -0.353069 0.58818 0.72759
-40.4867 42.1356 112.858 -0.37069 0.58578 0.720729
-45.1472 40.9586 111.446 -0.36052 0.592817 0.720134
-49.7931 39.6648 109.91 -0.416307 0.587531 0.693899
-54.4269 38.2924 108.301 -0.415128 0.589311 0.693096
-58.9918 36.9393 106.737 -0.412811 0.59551 0.68917
-63.5361 35.5272 105.123 -0.441054 0.589834 0.676437
-68.1746 33.9922 103.386 -0.454127 0.585168 0.671824
-72.6903 32.4399 101.642 -0.469051 0.590119 0.657077
-77.0918 30.8208 99.8437 -0.482811 0.580227 0.65592
-81.4624 29.1568 98.0156 -0.503517 0.577355 0.642753
-85.7971 27.4496 96.1545 -0.50715 0.57731 0.639932
-90.0809 25.676 94.2406 -0.520147 0.578411 0.628401
-94.3802 23.8773 92.3174 -0.529492 0.57889 0.6201
-98.6395 21.9869 90.3077 -0.550997 0.567773 0.611585
-102.853 20.0271 88.24 -0.568241 0.558205 0.604574
-106.92 18.0183 86.1345 -0.585885 0.548062 0.596965
-110.961 15.9302 83.9719 -0.599527 0.55151 0.580003
-114.967 13.7861 81.7542 -0.615754 0.549654 0.564559
-118.962 11.553 79.4681 -0.634087 0.546194 0.547362
-119.161 11.4392 79.3515 -0.634945 0.546042 0.54652
-113.553 10.1888 86.7744 -0.603886 0.552461 0.574551
-109.519 12.341 88.8818 -0.584345 0.558252 0.588978
-105.299 14.4782 91.0048 -0.571169 0.554592 0.605139
-101.16 16.5096 93.0512 -0.570534 0.556743 0.603762
-96.9484 18.4949 95.0726 -0.553563 0.565836 0.611062
-92.677 20.3802 97.0045 -0.522933 0.579551 0.62503
-88.3879 22.1852 98.8728 -0.510429 0.580715 0.634217
-83.9904 23.933 100.714 -0.494327 0.588098 0.640142
-79.5383 25.6787 102.57 -0.494372 0.56946 0.656744
-75.069 27.3754 104.395 -0.464197 0.577298 0.671751
-70.599 28.9578 106.116 -0.45572 0.582381 0.673166
-66.1268 30.4815 107.791 -0.439922 0.581701 0.684173
-61.533 31.9335 109.409 -0.429116 0.570953 0.699908
-56.9378 33.3437 110.997 -0.408071 0.587556 0.698753
-52.3605 34.689 112.534 -0.407657 0.587311 0.699201
-47.7056 36.0238 114.087 -0.393056 0.570126 0.721432
-42.9142 37.3007 115.589 -0.369553 0.59081 0.717199
-38.1976 38.483 117.003 -0.361694 0.584707 0.726151
-33.4095 39.621 118.4 -0.346991 0.590399 0.728716
-28.6874 40.7011 119.776 -0.347351 0.588921 0.729739
-23.9373 41.744 121.129 -0.332271 0.581368 0.742703
-23.7479 41.7845 121.182 -0.332276 0.581366 0.742702
-21.0606 38.12 125.265 -0.32875 0.585079 0.741354
-25.8498 37.0919 123.921 -0.333402 0.583589 0.74045
-30.6989 36.0116 122.573 -0.33929 0.581796 0.739186
-35.5488 34.891 121.209 -0.353322 0.585722 0.729447
-40.3119 33.7294 119.799 -0.357899 0.591035 0.722901
-45.0212 32.5419 118.402 -0.377739 0.589263 0.7142
-49.7526 31.2371 116.893 -0.392651 0.586608 0.70832
-54.48 29.8828 115.366 -0.407202 0.591021 0.696333
-59.0655 28.4933 113.816 -0.420522 0.584337 0.694054
-63.6254 27.0503 112.23 -0.428483 0.581355 0.691685
-68.1374 25.5799 110.634 -0.450927 0.577783 0.680317
-72.7173 23.9812 108.928 -0.463218 0.576127 0.67343
-77.2532 22.3352 107.197 -0.476407 0.579536 0.661192
-81.701 20.6316 105.421 -0.484239 0.58186 0.653416
-86.0854 18.9325 103.678 -0.498193 0.578271 0.64607
-90.412 17.1281 101.86 -0.515904 0.573185 0.636633
-94.7033 15.2765 100.02 -0.526857 0.569718 0.630748
-98.9957 13.265 98.0565 -0.554142 0.567812 0.6087
-103.16 11.2691 96.1141 -0.565371 0.566684 0.599354
-105.662 10.014 94.9117 -0.569513 0.569394 0.592828
-96.9761 9.99652 102.897 -0.544133 0.582401 0.603927
-92.639 11.9342 104.731 -0.517263 0.575272 0.633641
-88.3353 13.7946 106.526 -0.506201 0.573746 0.643876
-83.9834 15.5658 108.269 -0.478574 0.583202 0.656385
-79.4391 17.302 110.011 -0.471268 0.584348 0.66064
-74.9553 18.9719 111.719 -0.461802 0.583091 0.668389
-70.4008 20.5941 113.399 -0.442623 0.596923 0.669154
-65.859 22.1413 115.027 -0.426152 0.588527 0.687045
-61.2712 23.6202 116.608 -0.427301 0.588802 0.686095
-56.6017 25.0737 118.192 -0.400514 0.588166 0.702602
-51.9856 26.3844 119.634 -0.390596 0.578863 0.715788
-47.346 27.6985 121.105 -0.389765 0.579153 0.716006
-42.6825 28.9415 122.536 -0.36138 0.589448 0.722465
-37.9961 30.0875 123.88 -0.350425 0.58382 0.732364
-33.2897 31.2002 125.209 -0.343248 0.584072 0.735555
-28.4886 32.2897 126.537 -0.328899 0.587862 0.739083
-23.7631 33.3154 127.839 -0.327864 0.579179 0.746362
-18.967 34.313 129.14 -0.317744 0.582939 0.74781
-18.137 34.4799 129.362 -0.318375 0.582296 0.748043
-15.3086 30.7713 133.32 -0.305156 0.566103 0.765772
-20.1867 29.8052 132.041 -0.31427 0.56872 0.760127
-24.9815 28.811 130.773 -0.319516 0.57137 0.75594
-29.8179 27.763 129.48 -0.33434 0.578447 0.744053
-34.6008 26.6727 128.169 -0.343034 0.579693 0.73911
-39.3195 25.5496 126.851 -0.345331 0.578076 0.739307
-44.0061 24.3644 125.492 -0.367736 0.584444 0.723322
-48.6848 23.1183 124.101 -0.379173 0.58371 0.71799
-53.3116 21.821 122.681 -0.384864 0.58936 0.710306
-58.0212 20.4658 121.219 -0.413614 0.580064 0.701747
-62.6958 18.9829 119.645 -0.418856 0.579359 0.699216
-67.3373 17.4697 118.084 -0.434034 0.579034 0.69017
-71.8311 15.9234 116.489 -0.453648 0.576699 0.679427
-76.2964 14.307 114.863 -0.46312 0.5838 0.666856
-80.7811 12.6171 113.192 -0.467346 0.586694 0.661345
-85.3309 10.852 111.468 -0.479384 0.583554 0.655481
-87.8159 9.84412 110.51 -0.506916 0.578777 0.63879
-77.1139 9.84465 118.19 -0.450814 0.580685 0.677917
-72.6147 11.4718 119.768 -0.44371 0.58031 0.682907
-68.0775 13.0186 121.322 -0.42955 0.585859 0.687209
-63.5508 14.5152 122.84 -0.416083 0.579421 0.700818
-58.9813 15.9627 124.339 -0.404063 0.578902 0.708241
-54.2246 17.3812 125.826 -0.388435 0.580561 0.715589
-49.5411 18.6892 127.235 -0.375622 0.583034 0.720402
-44.8862 19.9324 128.596 -0.364883 0.57827 0.729701
-40.1224 21.1306 129.937 -0.349015 0.580795 0.735436
-35.2181 22.3118 131.292 -0.336991 0.578755 0.742617
-30.4454 23.4041 132.585 -0.326474 0.576176 0.74929
-25.6106 24.4419 133.838 -0.313023 0.575342 0.755645
-20.7428 25.4407 135.09 -0.309672 0.569833 0.761179
-15.8848 26.3833 136.311 -0.294969 0.567582 0.768664
-12.4153 27.0245 137.169 -0.294921 0.562941 0.772087
-11.8366 22.8644 140.389 -0.280856 0.559502 0.779793
-16.7102 21.9781 139.241 -0.290014 0.563473 0.773557
-21.5911 21.0444 138.058 -0.301995 0.574341 0.760876
-26.444 20.0509 136.838 -0.309795 0.573864 0.758094
-31.2732 19.0159 135.611 -0.326492 0.572776 0.751885
-36.1024 17.9055 134.33 -0.33534 0.575423 0.745946
-40.8247 16.7745 133.063 -0.339563 0.578322 0.741783
-45.5421 15.583 131.759 -0.364331 0.582599 0.726527
-50.2859 14.3086 130.391 -0.375174 0.582855 0.720781
-55.0077 12.9689 128.983 -0.384752 0.581398 0.716898
-59.6879 11.5676 127.534 -0.396799 0.582519 0.709382
-64.3246 10.1111 126.067 -0.405642 0.587806 0.699957
-65.1351 9.85026 125.809 -0.414691 0.583814 0.697992
-48.7751 10.5457 134.168 -0.361742 0.581884 0.728391
-43.9704 11.7937 135.479 -0.344709 0.576247 0.741023
-39.1874 12.9674 136.754 -0.33758 0.576196 0.744337
-34.4114 14.0947 138.004 -0.324302 0.575511 0.750743
-29.6669 15.1425 139.198 -0.309978 0.569642 0.761197
-24.7755 16.1729 140.406 -0.302811 0.565124 0.767425
-22.3049 16.6724 141.008 -0.296492 0.562116 0.772087
-49.3981 72.9487 80.8239 -0.413336 0.62351 0.663618
-54.0445 71.6162 79.122 -0.426025 0.613282 0.665122
-58.5549 70.2961 77.4262 -0.446275 0.612994 0.651979
-58.6371 70.271 77.3936 -0.446287 0.613002 0.651964
