101.413 67.051 8.44273 0.751569 0.656517 0.0642605
102.715 65.9775 4.10597 0.754591 0.653343 0.0611149
105.511 63.0035 1.00783 0.756051 0.652151 0.055545
108.257 60.0625 -1.9971 0.757264 0.65092 0.0534233
110.956 57.1854 -5.19329 0.757162 0.6511 0.0526655
113.89 53.9448 -7.88942 0.760041 0.648281 0.0454887
116.877 50.611 -10.4105 0.765397 0.642369 0.0389299
119.87 47.1169 -12.61 0.76765 0.640116 0.0310611
122.669 43.9004 -15.3152 0.764997 0.643278 0.0311881
125.374 40.7983 -18.2547 0.768091 0.640014 0.0204568
128.015 37.694 -21.2413 0.768819 0.63928 0.0154523
130.704 34.4727 -24.3063 0.777672 0.628666 -0.00222531
133.351 31.1633 -27.285 0.779079 0.626857 -0.0093178
135.803 28.008 -30.2882 0.780581 0.624678 -0.0217024
138.189 24.9055 -33.4075 0.779702 0.625177 -0.0348924
140.064 22.5979 -32.6967 0.779961 0.625235 -0.0272534
141.086 21.5065 -27.923 0.780727 0.624775 -0.011026
141.982 20.4433 -23.1033 0.779957 0.625832 -0.000845138
142.753 19.4264 -18.1121 0.782866 0.622054 0.0129659
143.337 18.4736 -13.2229 0.781813 0.622709 0.031654
143.707 17.7111 -8.28711 0.786188 0.616935 0.0360438
143.956 17.023 -3.26178 0.785628 0.616347 0.0538927
144.082 16.378 1.83823 0.785768 0.614659 0.0689954
143.941 15.9212 6.81924 0.785897 0.612361 0.0859025
143.582 15.6578 11.8007 0.782504 0.615541 0.0937933
143.185 15.3245 16.8319 0.783206 0.611598 0.111965
142.482 15.2083 21.9445 0.779091 0.614231 0.125451
141.66 15.1734 26.9274 0.781058 0.60894 0.138344
140.609 15.2622 31.98 0.782201 0.602624 0.158131
139.443 15.4223 36.9819 0.777533 0.604617 0.172858
138.071 15.7326 41.8919 0.77896 0.598173 0.188175
136.506 16.2209 46.7028 0.776244 0.597692 0.200524
134.791 16.7647 51.4064 0.776804 0.589217 0.222259
132.94 17.413 56.0674 0.774862 0.587782 0.232597
130.94 18.2766 60.6044 0.776158 0.581874 0.242903
128.792 19.6896 64.0508 0.775543 0.578656 0.252368
126.412 23.7167 62.1089 0.777513 0.580939 0.240792
123.816 27.7652 60.623 0.778449 0.584854 0.227954
121.145 31.8735 59.1744 0.778508 0.586929 0.222345
119.67 35.0521 55.7552 0.777135 0.594984 0.205066
118.625 37.8359 51.5314 0.780104 0.594258 0.195692
117.617 40.4355 47.2699 0.776406 0.604523 0.178172
116.375 43.1929 43.2779 0.76781 0.614966 0.17968
114.767 46.1859 39.4487 0.766338 0.624822 0.149411
113.064 49.157 35.6234 0.766986 0.627781 0.132754
111.083 52.2685 32.2283 0.763687 0.633581 0.123926
109.418 55.0277 28.2205 0.756804 0.642486 0.120248
107.699 57.7522 24.2284 0.760291 0.642881 0.0930647
105.754 60.5945 20.4963 0.761026 0.64204 0.0928601
103.949 63.2275 16.6921 0.753733 0.652537 0.0779875
102.679 65.2123 12.1855 0.755231 0.652147 0.0658048
101.415 67.0337 8.59799 0.751568 0.656516 0.0642734
97.3161 71.819 7.90072 0.764278 0.6431 0.0479773
97.7657 71.7436 2.90774 0.750165 0.658177 0.0636738
100.274 69.1764 -0.648577 0.753398 0.6557 0.0494872
103.07 66.1922 -3.86595 0.75213 0.657327 0.0471371
105.834 63.2369 -6.89807 0.758326 0.65006 0.048619
108.503 60.3789 -10.1399 0.755931 0.6532 0.0435547
111.383 57.1866 -12.7852 0.758487 0.651249 0.0239163
114.329 53.8461 -15.3787 0.75407 0.656661 0.0132002
117.34 50.3929 -17.6431 0.765115 0.643044 0.0330556
120.235 47.0408 -20.1712 0.766923 0.641091 0.0288296
122.96 43.8575 -23.1229 0.773774 0.633164 0.0194363
125.562 40.7873 -26.1124 0.769875 0.637991 0.0161105
128.132 37.6384 -29.1645 0.780193 0.625502 -0.00688314
130.673 34.3744 -32.0336 0.781329 0.623625 -0.0247847
133.151 31.1079 -35.1356 0.783906 0.620244 -0.0280897
135.532 27.9492 -38.2247 0.782087 0.622012 -0.0379742
137.796 24.8938 -41.5302 0.783127 0.620644 -0.0389019
140.017 21.8205 -44.983 0.788493 0.612852 -0.0518769
141.706 19.9214 -42.1938 0.782311 0.621305 -0.0443754
143.021 18.6298 -37.4223 0.776628 0.628729 -0.0393396
144.224 17.4105 -32.6989 0.775704 0.630378 -0.0301134
145.24 16.3517 -27.7942 0.777693 0.628496 -0.0135736
146.088 15.3271 -22.8954 0.778204 0.627982 0.00614029
146.773 14.3718 -18.0146 0.776522 0.629793 0.0193417
147.34 13.4511 -12.9893 0.77934 0.625872 0.0302154
147.721 12.6517 -7.9123 0.782644 0.620467 0.0498667
147.891 11.9799 -2.73287 0.782883 0.619266 0.0600247
147.95 11.3635 2.37894 0.782921 0.618006 0.0714291
147.79 10.9328 7.36519 0.782349 0.617101 0.0843651
147.44 10.6245 12.4296 0.781035 0.6169 0.0970421
146.957 10.359 17.4125 0.782957 0.611151 0.116074
146.248 10.2363 22.5407 0.784283 0.606239 0.131811
145.43 10.1448 27.5467 0.780901 0.607178 0.146722
144.4 10.2333 32.4502 0.779857 0.605165 0.159995
143.227 10.3674 37.4356 0.778485 0.602636 0.17547
141.838 10.6806 42.3336 0.778793 0.596936 0.192739
140.343 11.045 47.1201 0.779914 0.589963 0.208981
138.682 11.4988 51.8444 0.774596 0.593075 0.219688
136.818 12.1525 56.4822 0.772813 0.59081 0.231742
134.839 12.8671 61.1153 0.770554 0.58779 0.246473
132.69 13.7615 65.691 0.772536 0.581492 0.255059
130.413 14.757 70.1204 0.772149 0.57186 0.277059
128.132 16.3155 73.2566 0.773404 0.567772 0.281925
126.549 19.9665 70.1631 0.776568 0.569643 0.269163
124.289 23.9924 68.0849 0.778455 0.572866 0.256576
121.754 28.0659 66.5986 0.776638 0.580005 0.24582
119.187 32.1216 65.137 0.777639 0.581557 0.23889
116.768 36.0705 63.3267 0.779906 0.58246 0.2291
115.916 38.7878 59.1368 0.777049 0.591648 0.214819
114.923 41.5062 55.0365 0.777221 0.598107 0.195437
113.952 44.0666 50.8317 0.776818 0.604948 0.174906
112.679 46.8757 46.7678 0.77816 0.60718 0.160624
111.063 49.8828 43.0017 0.773547 0.615239 0.152004
109.388 52.8567 39.2742 0.769219 0.624254 0.136413
107.379 56.0085 35.791 0.764587 0.632701 0.122868
105.803 58.7152 31.6844 0.766837 0.630606 0.119569
104.057 61.5098 27.7308 0.75975 0.642126 0.102246
102.138 64.3625 24.1006 0.762473 0.640281 0.0931417
100.303 67.0297 20.2674 0.76702 0.63722 0.0750353
99.1614 68.9363 15.7882 0.765801 0.639165 0.0708128
97.5323 71.2829 11.611 0.76277 0.644464 0.0533691
97.315 71.8196 7.90963 0.764251 0.643122 0.0481023
104.741 62.9365 11.0761 0.755229 0.652168 0.0656117
108.03 59.1754 10.6354 0.758314 0.648311 0.0682014
111.34 55.3456 10.141 0.758505 0.647812 0.0707756
114.603 51.5643 9.64085 0.761688 0.644094 0.0705316
117.899 47.6844 9.10545 0.766369 0.638125 0.0739951
121.164 43.8124 8.55721 0.768418 0.635753 0.0731656
124.424 39.9364 8.01255 0.76836 0.635837 0.0730433
127.715 36.0002 7.45527 0.770635 0.633506 0.0692162
130.97 32.1035 6.90385 0.770565 0.63365 0.0686788
134.213 28.198 6.36451 0.77429 0.629111 0.0685191
137.395 24.3425 5.83982 0.774956 0.62722 0.077707
140.561 20.4659 5.31981 0.784131 0.615131 0.0821684
142.04 18.6061 5.07279 0.786883 0.611929 0.0797323
141.968 19.3217 -0.691638 0.785839 0.615648 0.0585984
138.775 23.3163 -0.228319 0.774859 0.62889 0.0639569
135.602 27.1623 0.235574 0.771887 0.6327 0.062305
132.333 31.1104 0.726035 0.772993 0.63105 0.0652508
129.118 34.9709 1.2158 0.77036 0.633981 0.0679213
125.84 38.8853 1.73131 0.771113 0.633808 0.060602
122.645 42.7181 2.2419 0.768419 0.636828 0.0631155
119.393 46.5768 2.75477 0.764912 0.641184 0.0615906
116.118 50.421 3.27454 0.763331 0.642879 0.0634962
112.862 54.2153 3.78567 0.757175 0.650734 0.0568396
109.587 57.9905 4.27326 0.75826 0.649589 0.0554605
106.228 61.854 4.74294 0.755725 0.652431 0.0566825
105.637 62.531 4.82746 0.7557 0.652418 0.0571599
111.703 56.0707 -2.17304 0.756782 0.65148 0.053435
115.022 52.2503 -2.67006 0.758428 0.649947 0.048528
118.262 48.4508 -3.17483 0.764228 0.643507 0.0430644
121.571 44.5518 -3.68315 0.766598 0.640693 0.0428911
124.825 40.6503 -4.16624 0.768257 0.638512 0.045646
128.159 36.7077 -4.67333 0.765587 0.641362 0.0503155
131.385 32.8501 -5.13224 0.773485 0.631212 0.0573872
134.667 28.8595 -5.57026 0.777361 0.6272 0.0482719
137.883 24.9374 -5.98321 0.779774 0.624491 0.044306
141.022 21.0106 -6.372 0.785137 0.617591 0.0462704
141.864 19.9471 -6.48074 0.785703 0.616858 0.046439
141.345 20.9316 -12.2685 0.782658 0.621647 0.0316417
138.139 24.9454 -11.943 0.782679 0.621858 0.0265748
135.005 28.8653 -11.6001 0.778564 0.626774 0.0315033
131.788 32.8265 -11.2267 0.777155 0.628219 0.0370299
128.523 36.7426 -10.8213 0.767384 0.6399 0.0406134
125.173 40.7006 -10.3511 0.764904 0.643233 0.0342488
121.782 44.6934 -9.81848 0.763915 0.644587 0.0306974
120.699 45.9786 -9.64854 0.768199 0.639418 0.0318545
127.551 38.1384 -16.8588 0.767864 0.640146 0.0244593
130.77 34.2776 -17.2206 0.770269 0.637571 0.0137401
133.965 30.4137 -17.5386 0.777853 0.62837 0.00974797
137.145 26.4078 -17.8322 0.784933 0.619503 0.00976211
140.362 22.4092 -18.0833 0.779232 0.626559 0.014878
140.64 22.0637 -18.1026 0.779232 0.62656 0.0148513
139.732 23.2387 -24.0013 0.779796 0.626025 -0.00331158
136.534 27.2341 -23.8294 0.780817 0.624737 -0.00534237
133.578 30.9067 -23.6343 0.77792 0.628339 -0.00542763
141.648 18.2619 10.8918 0.782425 0.614859 0.0987944
138.517 22.161 11.4666 0.783107 0.614349 0.0965361
135.314 26.1264 12.0566 0.773674 0.627334 0.0887714
132.131 29.9757 12.6452 0.773512 0.627669 0.0878101
128.931 33.8052 13.2331 0.768854 0.633359 0.0878636
125.724 37.5981 13.8189 0.765807 0.636655 0.0906108
122.469 41.449 14.407 0.76814 0.633312 0.0942181
119.163 45.3963 14.9948 0.772696 0.62835 0.0900963
115.936 49.2467 15.5505 0.759781 0.6428 0.0976787
112.677 53.0406 16.0777 0.761053 0.642036 0.0926747
109.341 56.9017 16.5862 0.759266 0.644334 0.0913692
106.619 60.0663 16.9839 0.761115 0.642531 0.0886454
109.718 55.5809 22.7126 0.76033 0.642959 0.0922017
113.014 51.7061 22.1802 0.765344 0.633954 0.111135
116.28 47.8677 21.6187 0.765741 0.633307 0.112081
119.572 43.9525 21.0168 0.771335 0.626964 0.109356
122.828 40.091 20.4009 0.764013 0.635837 0.109525
126.104 36.2678 19.7671 0.764739 0.63457 0.111783
129.303 32.4531 19.1212 0.771558 0.627149 0.106687
132.476 28.6276 18.4735 0.779117 0.618655 0.101203
135.721 24.6441 17.7989 0.782609 0.612043 0.113698
138.905 20.7096 17.1186 0.782432 0.612684 0.111438
141.252 17.8074 16.644 0.779131 0.617679 0.106896
140.415 17.7257 22.4962 0.780151 0.613257 0.123614
137.223 21.6504 23.2277 0.781997 0.6106 0.125096
134.077 25.5498 23.9639 0.78024 0.612387 0.127311
130.866 29.491 24.7052 0.776476 0.616253 0.131594
127.626 33.3986 25.4261 0.76753 0.627594 0.130476
124.368 37.2155 26.1184 0.767237 0.628589 0.12737
121.146 41.0209 26.8023 0.768087 0.627859 0.125841
117.849 44.9146 27.4613 0.765225 0.632314 0.120868
114.62 48.7143 28.0621 0.76829 0.62893 0.119068
112.086 51.754 28.5221 0.771584 0.625433 0.116151
115.2 46.8277 34.1761 0.770837 0.623752 0.129397
118.515 42.8606 33.4742 0.768612 0.623865 0.141523
121.754 39.0386 32.7533 0.771322 0.619775 0.144712
124.957 35.2404 31.9961 0.769052 0.621105 0.150955
128.165 31.4673 31.2343 0.765921 0.624418 0.153186
131.308 27.654 30.453 0.785832 0.602553 0.139276
134.472 23.804 29.6609 0.7742 0.611617 0.162906
137.661 19.8649 28.8502 0.780828 0.60579 0.152729
139.426 17.7039 28.394 0.781001 0.607687 0.144059
138.024 17.9505 34.3962 0.772901 0.613162 0.163268
134.849 21.8226 35.2822 0.784602 0.5987 0.161117
131.699 25.6921 36.1669 0.778556 0.606906 0.159738
128.541 29.5054 37.0204 0.775255 0.608274 0.170243
125.268 33.3688 37.8955 0.771882 0.614718 0.162235
122.094 37.1434 38.7401 0.773363 0.613127 0.161199
118.87 41.0303 39.5726 0.776005 0.611553 0.154337
117.731 42.4007 39.8512 0.774214 0.614623 0.1511
119.476 38.5735 45.5565 0.773928 0.606891 0.180884
122.652 34.7949 44.6315 0.776356 0.601448 0.1885
125.855 31.0197 43.6895 0.773063 0.604953 0.190799
129.002 27.2126 42.7268 0.773067 0.605853 0.187909
132.176 23.4203 41.7616 0.780487 0.597665 0.183405
135.371 19.5659 40.7957 0.780062 0.6003 0.176473
136.415 18.3041 40.4826 0.776864 0.604713 0.17551
134.5 18.834 46.6847 0.773581 0.599399 0.205651
131.276 22.6209 47.751 0.773753 0.59938 0.205059
128.085 26.4295 48.8181 0.777727 0.59623 0.199121
124.931 30.2012 49.8727 0.776797 0.598728 0.195222
121.704 34.0128 50.9358 0.777374 0.597031 0.198101
120.84 35.0406 51.2252 0.777665 0.597619 0.195166
122.892 30.5599 56.4865 0.776197 0.59223 0.216292
126.095 26.799 55.3237 0.77837 0.588013 0.219957
129.288 22.9942 54.1425 0.781317 0.585552 0.216038
132.07 19.6891 53.1255 0.774981 0.590761 0.224512
129.252 20.8497 59.8205 0.777731 0.584679 0.230834
128.848 21.3217 59.9852 0.777088 0.584366 0.233772
128.797 21.3811 60.0057 0.776836 0.584543 0.23417
