-115.428 22.0269 87.4305 -0.609655 0.54543 0.575176
-112.339 21.1884 91.4164 -0.593377 0.557844 0.58027
-109.093 20.5363 95.2185 -0.56875 0.564835 0.597901
-105.743 20.0338 98.8976 -0.563905 0.566847 0.600577
-102.239 19.5396 102.487 -0.532999 0.581286 0.614832
-98.5502 19.29 105.915 -0.526496 0.582035 0.619707
-94.8783 18.8292 109.386 -0.510418 0.579713 0.635143
-90.916 18.7517 112.59 -0.496778 0.584542 0.6415
-86.8923 18.6963 115.653 -0.476678 0.583905 0.65714
-82.7944 18.774 118.563 -0.465166 0.586955 0.66265
-78.6384 18.7616 121.43 -0.453374 0.588777 0.669174
-74.3569 19.0531 124.038 -0.434347 0.587389 0.682874
-69.9735 19.2755 126.626 -0.425293 0.589196 0.687004
-65.5427 19.6834 128.931 -0.40794 0.585869 0.700245
-61.0497 20.2402 131.063 -0.402643 0.583141 0.705567
-56.4345 20.7037 133.228 -0.384809 0.586341 0.71283
-51.8025 21.4305 135.042 -0.370527 0.584402 0.72193
-47.1216 22.2101 136.764 -0.360155 0.582434 0.728738
-46.6215 23.8148 135.732 -0.361818 0.578726 0.730863
-50.0975 25.6099 132.543 -0.36988 0.583069 0.723339
-53.6324 27.2573 129.383 -0.384812 0.584924 0.71399
-56.9938 29.0266 126.072 -0.389468 0.588202 0.708755
-60.613 30.4869 122.82 -0.417661 0.575781 0.702876
-64.4213 31.5711 119.669 -0.419681 0.572407 0.704428
-68.1927 32.5865 116.488 -0.438212 0.571914 0.693457
-72.334 33.0102 113.45 -0.458427 0.57088 0.681132
-76.4601 33.2217 110.446 -0.46875 0.57028 0.674577
-80.6264 33.1818 107.521 -0.492081 0.569037 0.658827
-84.8905 32.3391 105.015 -0.502056 0.570701 0.6498
-89.1758 31.5149 102.444 -0.50045 0.561424 0.659055
-93.4597 30.2885 100.111 -0.530751 0.559094 0.636959
-97.8807 28.5515 98.0213 -0.527937 0.566058 0.633136
-102.12 27.1101 95.6442 -0.550241 0.562548 0.61707
-106.197 25.9669 92.9637 -0.569324 0.553409 0.607952
-110.321 24.1205 90.6956 -0.589294 0.552298 0.58966
-114.33 22.4368 88.1983 -0.602874 0.543882 0.583707
-115.276 22.0426 87.5766 -0.609652 0.545425 0.575184
-114.662 26.6804 83.8732 -0.612971 0.535166 0.581261
-110.676 28.3291 86.4551 -0.597908 0.531887 0.599669
-106.614 30.1927 88.7343 -0.578106 0.541683 0.610224
-102.536 31.5608 91.2795 -0.566447 0.537229 0.624917
-98.3206 32.8596 93.8371 -0.536461 0.551043 0.639188
-93.9971 34.6062 95.9511 -0.534134 0.550595 0.641519
-89.7529 36.0529 98.1411 -0.50051 0.561267 0.659143
-85.4957 36.8686 100.677 -0.499791 0.562333 0.65878
-81.2144 37.681 103.23 -0.499367 0.562867 0.658645
-77.0168 38.1847 105.883 -0.480282 0.563313 0.672315
-72.9639 38.0129 108.808 -0.462978 0.568846 0.679754
-68.9015 37.7416 111.801 -0.462432 0.569506 0.679573
-64.8708 37.1909 114.865 -0.427528 0.561524 0.708454
-61.0782 36.1161 117.975 -0.421898 0.564832 0.709201
-57.1892 35.0246 121.171 -0.419618 0.572368 0.704497
-53.5978 33.6353 124.364 -0.405962 0.560457 0.721861
-50.2363 31.7541 127.64 -0.382828 0.56687 0.729452
-46.568 29.9537 130.92 -0.377828 0.564357 0.733994
-43.0026 28.24 134.047 -0.364412 0.572459 0.734503
-39.7478 26.0898 137.256 -0.337593 0.568688 0.750083
-36.6365 23.7366 140.462 -0.334697 0.574745 0.746757
-33.2824 21.4192 143.66 -0.320919 0.569486 0.756767
-35.7857 19.8411 143.786 -0.324846 0.576006 0.750128
-40.5887 18.7968 142.502 -0.327345 0.577144 0.748164
-45.3288 17.8889 141.055 -0.345666 0.583171 0.735135
-50.0915 17.0428 139.45 -0.3603 0.588521 0.723759
-54.895 16.348 137.594 -0.36994 0.590457 0.71729
-59.6074 15.6778 135.639 -0.390051 0.589887 0.707031
-64.2362 15.176 133.468 -0.397344 0.59077 0.702217
-68.7743 14.7419 131.179 -0.417338 0.588776 0.692223
-73.2251 14.3292 128.82 -0.426548 0.590691 0.684939
-77.5937 14.1639 126.166 -0.441414 0.592704 0.673688
-81.9474 13.9153 123.474 -0.452164 0.593891 0.665463
-86.1237 13.97 120.509 -0.463185 0.596072 0.655865
-90.2557 13.9491 117.505 -0.490786 0.592636 0.638678
-94.2141 13.9829 114.412 -0.493469 0.58782 0.641059
-98.0025 14.2157 111.125 -0.516101 0.589863 0.621048
-101.762 14.4613 107.717 -0.531191 0.586114 0.611806
-105.395 14.8401 104.162 -0.544064 0.580663 0.605633
-108.899 15.1982 100.529 -0.570571 0.57795 0.583457
-112.249 15.7152 96.7628 -0.579719 0.571625 0.580664
-115.501 16.2921 92.8923 -0.595242 0.564797 0.571569
-118.642 16.9965 88.8974 -0.607725 0.560358 0.562734
-121.531 17.8576 84.8922 -0.619651 0.550008 0.559931
-124.366 18.7591 80.7683 -0.636462 0.545103 0.545691
-127.05 19.9229 76.4979 -0.646889 0.526892 0.55129
-123.872 22.672 77.5675 -0.638321 0.528576 0.559593
-119.989 24.671 80.0254 -0.620938 0.536193 0.57178
-116.039 26.2067 82.8572 -0.616532 0.537413 0.57539
-114.785 26.6376 83.7831 -0.612966 0.535155 0.581277
-106.2 22.6876 95.9485 -0.57203 0.555955 0.603073
-101.904 24.6315 98.0723 -0.54287 0.561945 0.624108
-99.3798 25.7221 99.2855 -0.542812 0.562699 0.623478
-97.7751 26.3924 100.039 -0.52386 0.571077 0.632014
-95.7868 27.1993 100.951 -0.520996 0.573145 0.632509
-98.1971 21.8125 103.859 -0.539742 0.566275 0.622906
-93.919 23.5853 105.789 -0.518802 0.574459 0.63312
-89.5009 25.3156 107.717 -0.496684 0.582838 0.643121
-85.0971 26.9723 109.595 -0.481373 0.585114 0.652626
-80.6642 28.5757 111.45 -0.489977 0.567797 0.66146
-76.1164 30.1408 113.299 -0.467073 0.571933 0.674341
-74.6422 30.6388 113.895 -0.462953 0.570245 0.678598
-65.5722 29.1309 120.972 -0.422086 0.577602 0.698728
-70.1877 27.7387 119.289 -0.428731 0.585594 0.687946
-74.8197 26.2307 117.51 -0.45701 0.578352 0.67576
-79.3419 24.7001 115.742 -0.458911 0.583569 0.669961
-83.7962 23.1293 113.969 -0.478511 0.581285 0.658129
-88.2972 21.4706 112.14 -0.495639 0.584972 0.641988
-89.0118 21.1939 111.84 -0.496493 0.5843 0.641941
-76.8944 21.2438 120.428 -0.45407 0.586501 0.670698
-72.3607 22.7593 122.15 -0.445217 0.583832 0.678913
-67.7155 24.1908 123.813 -0.423231 0.587132 0.690038
-63.1445 25.5557 125.436 -0.407859 0.584656 0.701304
-58.7459 26.7983 126.95 -0.405475 0.58116 0.705579
-57.2588 22.9355 130.958 -0.385179 0.582915 0.715435
-53.202 23.996 132.252 -0.371578 0.582627 0.722825
-53.197 23.9973 132.254 -0.371135 0.582497 0.723157
