-125.222 8.56821 -73.5966 -0.766372 0.439735 -0.468302
-122.01 11.6744 -75.7649 -0.747005 0.450677 -0.488747
-118.862 15.4229 -77.0697 -0.73787 0.452049 -0.501196
-116.097 19.5727 -77.3054 -0.720566 0.458194 -0.520425
-113.731 24.0902 -76.6394 -0.713152 0.473431 -0.516989
-111.641 28.5724 -75.4032 -0.705221 0.476644 -0.524855
-109.536 32.947 -74.2052 -0.700148 0.486779 -0.522336
-106.833 35.1387 -75.7697 -0.694693 0.484411 -0.53174
-103.453 35.6003 -79.6556 -0.680443 0.491224 -0.54378
-100.049 36.1154 -83.2893 -0.660755 0.496953 -0.56253
-96.6617 36.2011 -87.1208 -0.644589 0.49862 -0.579555
-93.2462 36.0878 -91.0216 -0.644061 0.502729 -0.576583
-90.0805 35.5265 -95.0265 -0.628373 0.521256 -0.577442
-87.2983 34.3332 -99.1222 -0.626705 0.518947 -0.581322
-84.624 32.8786 -103.245 -0.616193 0.524219 -0.587793
-82.2219 31.0468 -107.356 -0.609911 0.523031 -0.595354
-80.0061 29.0141 -111.366 -0.599064 0.524995 -0.604568
-77.8022 26.892 -115.4 -0.592529 0.529456 -0.607112
-75.4146 24.8818 -119.433 -0.587978 0.523975 -0.616224
-73.6571 22.2321 -123.352 -0.580713 0.525755 -0.621574
-75.698 20.117 -123.221 -0.584381 0.525553 -0.618298
-79.7869 18.4564 -120.707 -0.595014 0.524215 -0.609227
-83.848 16.8257 -118.103 -0.605774 0.521026 -0.601307
-87.7814 15.379 -115.286 -0.627339 0.510746 -0.587864
-91.6846 14.0021 -112.247 -0.641831 0.502066 -0.57964
-95.4488 12.6573 -109.195 -0.649366 0.501038 -0.572088
-99.1451 11.5548 -105.904 -0.657295 0.501317 -0.562712
-102.759 10.4972 -102.545 -0.669995 0.493423 -0.554654
-106.29 9.61187 -99.0416 -0.673066 0.486287 -0.557233
-109.734 8.94932 -95.3719 -0.690436 0.482946 -0.538574
-113.021 8.52508 -91.4283 -0.70227 0.475113 -0.530174
-116.137 8.41718 -87.316 -0.718599 0.464371 -0.517663
-119.019 8.41261 -83.216 -0.735954 0.452591 -0.503519
-121.862 8.5107 -78.8995 -0.747495 0.449906 -0.488707
-124.586 8.55296 -74.6292 -0.757221 0.441936 -0.480946
-125.2 8.56392 -73.6379 -0.765924 0.4396 -0.46916
-127.512 2.9394 -75.1324 -0.766931 0.439881 -0.467232
-130.073 2.9166 -70.8061 -0.778244 0.433101 -0.454708
-132.711 2.9222 -66.3087 -0.775504 0.433122 -0.459346
-135.043 3.50603 -61.8354 -0.773571 0.43629 -0.459608
-136.932 4.96594 -57.3594 -0.766389 0.434622 -0.473024
-138.632 6.77547 -52.9901 -0.759986 0.438793 -0.47946
-140.161 8.99496 -48.5835 -0.750758 0.439167 -0.493451
-140.947 11.0919 -45.5009 -0.748093 0.448024 -0.489521
-138.178 11.1206 -49.7168 -0.754171 0.44377 -0.484039
-135.424 11.134 -54.0822 -0.764678 0.441453 -0.469454
-132.81 11.0623 -58.4283 -0.771185 0.43794 -0.462041
-130.23 11.0916 -62.7516 -0.777327 0.433948 -0.455468
-127.382 11.8153 -66.9221 -0.777018 0.433287 -0.456624
-124.23 14.1471 -69.9784 -0.762849 0.443316 -0.470673
-121.033 17.8246 -71.623 -0.748706 0.450119 -0.48665
-118.355 22.0371 -71.8428 -0.745105 0.457487 -0.485309
-116.175 26.5525 -70.8211 -0.732678 0.472689 -0.48964
-114.062 31.1427 -69.5538 -0.725207 0.477211 -0.496331
-111.907 35.6687 -68.3145 -0.717365 0.48083 -0.504173
-109.528 39.9752 -67.5594 -0.709972 0.485232 -0.510382
-106.353 40.5605 -71.363 -0.703909 0.485421 -0.518535
-103.165 40.7764 -75.368 -0.681501 0.487991 -0.545363
-99.7656 41.3029 -79.0628 -0.674315 0.487192 -0.554926
-96.3825 41.6109 -82.7852 -0.653052 0.493316 -0.574598
-92.9975 41.5254 -86.5672 -0.640409 0.499316 -0.583575
-89.6652 41.4228 -90.328 -0.639094 0.505938 -0.579298
-86.61 40.6717 -94.2691 -0.62715 0.504062 -0.593805
-83.781 39.475 -98.2936 -0.62121 0.519782 -0.58645
-81.1442 38.0504 -102.333 -0.625393 0.516071 -0.585281
-78.6468 36.2619 -106.478 -0.614178 0.508649 -0.603375
-76.3447 34.1748 -110.54 -0.600765 0.52006 -0.60714
-74.0793 31.9836 -114.648 -0.598137 0.520685 -0.609196
-71.6127 29.9768 -118.701 -0.586149 0.521444 -0.620102
-69.6757 27.3969 -122.699 -0.578013 0.524691 -0.62498
-67.8907 24.7657 -126.559 -0.575659 0.52648 -0.625648
-65.9822 22.1136 -130.548 -0.57191 0.528641 -0.627262
-66.1434 19.6509 -132.483 -0.56949 0.531097 -0.627389
-70.3106 17.6438 -130.36 -0.577183 0.528298 -0.622705
-74.4245 15.8009 -128.101 -0.579048 0.526927 -0.622135
-78.5294 14.1355 -125.643 -0.5877 0.525917 -0.614833
-82.563 12.573 -123.044 -0.599731 0.522849 -0.605765
-86.5322 11.0407 -120.351 -0.616051 0.51593 -0.59523
-90.5202 9.57327 -117.394 -0.631224 0.510372 -0.584015
-94.3315 8.21828 -114.379 -0.644983 0.511243 -0.568003
-98.123 6.93177 -111.208 -0.650798 0.504471 -0.567424
-101.823 5.83881 -107.825 -0.668593 0.498261 -0.552013
-105.372 4.81809 -104.431 -0.671133 0.494111 -0.552663
-108.884 4.04026 -100.791 -0.685422 0.486577 -0.5417
-112.309 3.42484 -97.0198 -0.694661 0.482236 -0.533755
-115.56 2.90631 -93.0766 -0.712669 0.472895 -0.518143
-118.555 2.84407 -88.9732 -0.720813 0.471724 -0.507843
-121.432 2.83344 -84.7622 -0.736245 0.462115 -0.494361
-124.183 2.87489 -80.5252 -0.753266 0.452585 -0.47724
-126.854 2.89027 -76.2368 -0.758231 0.440349 -0.480811
-127.457 2.93883 -75.2224 -0.765537 0.43861 -0.470717
-118.642 11.3288 -81.136 -0.737313 0.451706 -0.502326
-115.182 13.8095 -83.8035 -0.713895 0.47453 -0.514951
-111.566 16.2445 -86.4466 -0.702682 0.474413 -0.530255
-107.867 18.6755 -89.1099 -0.695408 0.477329 -0.537182
-104.136 21.0068 -91.6932 -0.674453 0.485862 -0.555923
-100.399 23.2456 -94.1996 -0.664783 0.491338 -0.562718
-96.5914 25.4516 -96.6984 -0.657325 0.500319 -0.563564
-92.7359 27.6061 -99.1717 -0.642701 0.505473 -0.575702
-88.8264 29.7053 -101.603 -0.626489 0.518166 -0.582251
-87.0878 30.6117 -102.667 -0.625853 0.518498 -0.582639
-83.5858 28.0127 -108.622 -0.610986 0.521014 -0.596021
-87.5575 25.9686 -106.265 -0.623709 0.517483 -0.585832
-91.5024 23.8435 -103.847 -0.636443 0.510032 -0.578627
-95.4629 21.6014 -101.343 -0.654427 0.502674 -0.564841
-99.2352 19.3884 -98.9046 -0.662522 0.490747 -0.56589
-103.053 17.0957 -96.4196 -0.668206 0.488427 -0.561195
-106.865 14.7197 -93.8701 -0.684876 0.482451 -0.546064
-110.556 12.2876 -91.3028 -0.696614 0.477858 -0.535146
-112.011 11.3046 -90.2781 -0.700891 0.475567 -0.531589
-114.601 18.8892 -79.9961 -0.717783 0.467003 -0.516426
-111.066 21.2296 -82.6606 -0.707357 0.46903 -0.528826
-107.442 23.5651 -85.3236 -0.695092 0.475498 -0.539211
-103.646 25.8921 -87.9995 -0.67885 0.485334 -0.551012
-99.8949 28.0989 -90.5651 -0.654979 0.499535 -0.566981
-96.0697 30.2285 -93.0614 -0.648548 0.508219 -0.566655
-92.108 32.3917 -95.629 -0.643284 0.511857 -0.569375
-91.3423 32.7994 -96.1138 -0.630556 0.519297 -0.576828
-98.3898 33.4787 -87.5533 -0.647924 0.501342 -0.573455
-102.25 31.3225 -84.9443 -0.673764 0.494119 -0.549445
-105.976 29.0926 -82.2792 -0.688193 0.483361 -0.541065
-109.713 26.793 -79.5648 -0.696277 0.488578 -0.525823
-110.85 26.0723 -78.7199 -0.704243 0.472987 -0.529457
-102.047 13.1728 -101.032 -0.664122 0.492146 -0.562792
-98.2197 15.5037 -103.492 -0.658446 0.497244 -0.564976
-94.3481 17.8034 -105.952 -0.648441 0.499207 -0.574731
-90.4658 20.0243 -108.373 -0.63972 0.504143 -0.580171
-86.5489 22.1284 -110.706 -0.61286 0.522658 -0.592647
-82.5621 24.1792 -113.019 -0.605865 0.521896 -0.60046
-80.6745 25.1227 -114.099 -0.603838 0.522521 -0.601956
-83.6249 19.3046 -116.171 -0.605335 0.521369 -0.601451
-79.5704 21.3389 -118.437 -0.593616 0.52329 -0.611382
-77.625 22.289 -119.516 -0.59348 0.523366 -0.611448
-77.521 22.3396 -119.574 -0.593692 0.523699 -0.610958
