-123.294 18.0444 -78.9535 -0.738132 0.453485 -0.499512
-120.435 17.9687 -83.1497 -0.724293 0.461737 -0.512053
-117.318 18.1462 -87.2921 -0.704077 0.471589 -0.530923
-114.223 18.3009 -91.2364 -0.696982 0.473467 -0.538559
-110.973 18.5918 -95.1079 -0.675624 0.485023 -0.555234
-107.588 19.0139 -98.8794 -0.669901 0.489276 -0.558428
-104.01 19.6539 -102.593 -0.665669 0.491085 -0.56189
-100.378 20.6346 -105.998 -0.658627 0.495412 -0.566372
-102.326 21.9571 -102.566 -0.662702 0.493221 -0.563524
-105.406 22.4192 -98.5147 -0.670446 0.488567 -0.558394
-108.511 22.8568 -94.4195 -0.679821 0.475332 -0.558482
-111.694 22.8524 -90.4868 -0.69329 0.468554 -0.547543
-114.927 22.4473 -86.6895 -0.709322 0.459639 -0.53441
-118.092 22.1219 -82.7304 -0.725323 0.45354 -0.517888
-120.911 22.1746 -78.6964 -0.732666 0.452192 -0.508647
-123.291 18.0502 -78.9529 -0.738124 0.453512 -0.4995
-125.257 13.4735 -80.2604 -0.746502 0.457465 -0.483174
-122.425 13.4961 -84.4377 -0.724327 0.47147 -0.503056
-119.449 13.5617 -88.5741 -0.712818 0.476034 -0.515053
-116.36 13.7824 -92.5214 -0.696735 0.484391 -0.529079
-113.174 14.0592 -96.4321 -0.686037 0.490418 -0.537441
-109.807 14.4622 -100.215 -0.668824 0.49085 -0.558337
-106.289 15.0816 -103.907 -0.669277 0.493422 -0.555521
-102.77 15.9193 -107.369 -0.661577 0.50073 -0.558198
-99.1528 16.9507 -110.683 -0.654602 0.502019 -0.565219
-95.4493 18.1292 -113.865 -0.64222 0.507298 -0.574632
-91.6284 19.4564 -116.901 -0.631458 0.509093 -0.584881
-89.8299 21.0156 -117.486 -0.629498 0.504102 -0.59128
-92.4641 22.4213 -113.434 -0.637423 0.500697 -0.585658
-94.9853 23.8913 -109.367 -0.653458 0.4989 -0.56929
-97.4727 25.3607 -105.257 -0.657371 0.490782 -0.571836
-100.265 26.4143 -101.128 -0.663158 0.486004 -0.569228
-103.299 26.9175 -97.1624 -0.668665 0.481504 -0.566604
-106.427 27.3622 -93.099 -0.674833 0.473348 -0.566164
-109.679 27.3965 -89.1384 -0.684331 0.468215 -0.558985
-112.959 27.0571 -85.3073 -0.697901 0.454495 -0.553506
-116.154 26.7045 -81.4773 -0.724452 0.445364 -0.526138
-118.903 26.9837 -77.2953 -0.737156 0.452941 -0.501442
-121.814 26.507 -73.3472 -0.743718 0.459409 -0.48562
-123.896 22.0271 -74.3703 -0.745943 0.452396 -0.488782
-126.605 17.8077 -74.1001 -0.757368 0.443597 -0.479181
-129.73 14.2301 -72.3666 -0.773327 0.436613 -0.45971
-127.984 13.5378 -75.8745 -0.758709 0.449363 -0.471629
-125.36 13.4728 -80.1016 -0.747477 0.455796 -0.483247
-125.335 13.4729 -80.1412 -0.747469 0.455801 -0.483255
