9.90378 97.9858 27.1397 -0.0778443 0.848597 0.523164
11.0359 100.207 22.8038 0.134431 0.899124 0.416539
14.8453 99.6115 21.9177 0.273663 0.913626 0.300432
16.0421 98.6244 23.841 0.295827 0.918186 0.263476
11.6159 98.4793 26.3465 0.0188604 0.886897 0.461538
10.0202 98.015 27.1109 -0.0710795 0.854757 0.513897
12.084 96.3124 30.5207 -0.14254 0.884114 0.444999
16.5978 97.1985 28.2797 0.16414 0.954143 0.250337
20.6975 96.406 25.5223 0.470152 0.877609 0.0935926
24.1424 94.1831 22.3894 0.623355 0.781904 0.00742797
23.5982 94.6349 20.1444 0.63368 0.773569 0.00473636
19.6937 97.6476 18.793 0.577328 0.812115 0.0846271
15.561 100.447 17.6805 0.476739 0.843332 0.248011
11.1827 102.747 17.0987 0.310476 0.848661 0.428104
7.66015 101.973 20.1162 0.0830214 0.863879 0.496666
6.13186 99.4137 24.2089 -0.127792 0.837775 0.530769
5.19216 96.4563 28.1514 -0.225477 0.783463 0.579091
4.77895 93.2742 32.0778 -0.282132 0.744025 0.605663
8.07459 94.5003 31.9923 -0.257757 0.788666 0.558182
11.8928 96.2399 30.6028 -0.15159 0.874946 0.459799
11.9193 96.25 30.5917 -0.143207 0.880908 0.45105
