-14.8962 4.52592 64.0854 -0.0943966 0.820441 0.563869
-12.9099 4.4722 64.4717 -0.0822148 0.816439 0.571549
-10.8909 4.51349 64.7132 -0.0714696 0.815787 0.573901
-8.89474 4.51289 64.8818 -0.0336295 0.82057 0.570556
-7.18029 4.8414 64.4618 -0.00784811 0.822302 0.568998
-7.21106 6.06202 62.6642 -0.0318707 0.830547 0.556023
-7.25588 7.18428 60.9319 -0.0367003 0.84034 0.540816
-8.34213 7.40373 60.5149 -0.0367405 0.842777 0.537005
-10.3431 6.92244 61.0979 -0.0517264 0.844654 0.532803
-12.2658 6.46638 61.5792 -0.0926138 0.838944 0.53628
-13.5223 5.48645 62.8678 -0.0908619 0.834508 0.543452
-14.7988 4.5803 64.0218 -0.0936642 0.822905 0.560406
-17.9784 6.28772 60.8428 -0.0954562 0.827217 0.553686
-16.5841 7.23768 59.6461 -0.0843816 0.827332 0.555338
-15.5086 8.28865 58.1916 -0.0765242 0.838748 0.539115
-13.8475 8.95863 57.3814 -0.0786422 0.843576 0.53122
-11.8365 9.24873 57.2423 -0.0675711 0.837638 0.541965
-9.91534 9.69666 56.7149 -0.0447231 0.835157 0.54819
-8.58017 10.5926 55.4336 -0.0430529 0.842149 0.537523
-7.68217 11.5855 53.9412 -0.0554704 0.84465 0.532438
-6.05578 12.3294 52.9476 -0.0487388 0.835769 0.546913
-4.0696 12.5332 52.7887 -0.0368004 0.838444 0.543744
-2.47116 11.9993 53.7126 -0.0329358 0.837606 0.545281
-2.45281 10.9096 55.413 -0.0308824 0.844745 0.534278
-2.47289 9.76411 57.2294 -0.0325538 0.845043 0.533707
-2.45138 8.60159 59.0461 -0.0338691 0.839543 0.542236
-2.48145 7.40405 60.8824 -0.0298094 0.834869 0.54964
-2.46992 6.27167 62.5599 -0.00612196 0.82074 0.571269
-2.44456 5.09555 64.2116 -0.00591034 0.802628 0.59645
-2.47254 3.79942 65.9211 0.00612771 0.793497 0.60854
-2.45226 2.52284 67.5177 0.038339 0.765238 0.642604
-3.3058 1.63764 68.624 0.0401465 0.760433 0.648174
-5.31301 1.61644 68.7245 0.0118091 0.764726 0.644247
-7.36237 1.61049 68.7262 -0.0238743 0.762581 0.646452
-9.55472 1.58809 68.6202 -0.0526765 0.765852 0.640848
-11.6933 1.61021 68.4015 -0.071096 0.773187 0.630133
-13.7135 1.59294 68.1493 -0.0965993 0.767359 0.633899
-15.7101 1.61651 67.8021 -0.113043 0.7651 0.633908
-17.7932 1.63815 67.363 -0.132991 0.765108 0.630013
-19.7439 1.64205 66.8998 -0.158561 0.761368 0.628631
-21.7768 1.63278 66.3461 -0.179683 0.767166 0.615767
-23.8136 1.64878 65.722 -0.193331 0.762007 0.618004
-25.8698 1.65947 64.9981 -0.217614 0.761287 0.610808
-27.7671 1.65934 64.275 -0.238189 0.760466 0.604117
-29.6668 1.65125 63.4964 -0.258769 0.758125 0.59857
-31.5491 1.64954 62.6336 -0.284396 0.756872 0.588442
-33.3645 1.65306 61.702 -0.302238 0.758194 0.577746
-35.2912 1.64551 60.6666 -0.323937 0.757362 0.56696
-37.0714 1.64577 59.5979 -0.348308 0.751277 0.560591
-38.8137 1.64634 58.4656 -0.366738 0.751006 0.549071
-40.5172 1.65113 57.2495 -0.390871 0.751821 0.531022
-42.1098 1.6907 55.9899 -0.40592 0.752736 0.518248
-43.6899 1.67292 54.7408 -0.417432 0.751594 0.510742
-45.2285 1.65972 53.4527 -0.433 0.756571 0.490011
-46.7208 1.6522 52.1072 -0.442918 0.761773 0.47277
-48.2298 1.64723 50.6628 -0.45663 0.764206 0.455492
-49.6646 1.64254 49.1862 -0.469859 0.763109 0.443725
-51.0996 1.62539 47.6265 -0.488529 0.762407 0.424352
-52.3984 1.64591 46.0408 -0.502941 0.762257 0.407449
-53.7139 1.6431 44.3422 -0.51316 0.767014 0.385172
-54.9043 1.62186 42.7276 -0.529853 0.769031 0.357513
-56.1043 1.60556 40.8961 -0.554539 0.762063 0.334184
-57.0955 1.60869 39.1353 -0.572619 0.7633 0.299121
-57.9859 1.62523 37.3328 -0.589159 0.75475 0.288521
-57.4952 2.49308 36.0544 -0.585663 0.757224 0.289155
-56.1463 3.80677 35.2315 -0.558181 0.773955 0.299044
-54.6342 5.17736 34.4015 -0.527695 0.793802 0.302353
-53.1338 6.47214 33.5195 -0.500195 0.80934 0.307855
-51.6657 7.67312 32.6776 -0.48309 0.817375 0.313884
-50.4054 8.01494 33.7042 -0.474081 0.822097 0.315283
-49.2427 8.06185 35.3468 -0.465278 0.829735 0.308314
-49.2021 7.41887 37.1118 -0.465522 0.826704 0.315991
-49.2866 6.59408 39.1359 -0.465852 0.824485 0.321258
-49.2657 5.87415 40.9978 -0.460774 0.82337 0.331284
-48.6273 5.4276 42.9026 -0.457633 0.81204 0.362163
-47.3887 5.30926 44.6074 -0.43982 0.808369 0.391272
-46.0294 5.27474 46.1703 -0.434291 0.806259 0.40167
-45.0989 4.88625 47.9366 -0.434945 0.800464 0.412407
-44.3712 4.25135 49.8506 -0.425675 0.789556 0.442042
-43.1944 3.85003 51.6639 -0.415152 0.788559 0.453677
-41.7623 3.69109 53.1629 -0.389796 0.78724 0.477815
-39.9535 3.87569 54.2912 -0.370317 0.793571 0.482815
-38.1646 4.08446 55.2723 -0.354909 0.791202 0.498034
-36.4528 4.15511 56.3483 -0.340786 0.791704 0.50702
-34.8379 3.95216 57.6515 -0.311626 0.788727 0.529903
-32.9834 3.929 58.7275 -0.292456 0.789048 0.540253
-31.0125 4.37208 59.0903 -0.26747 0.799979 0.537115
-29.1577 4.61503 59.6446 -0.259543 0.802088 0.537859
-27.4785 4.34127 60.774 -0.231221 0.798698 0.555535
-25.5854 4.28553 61.5988 -0.209715 0.800795 0.561002
-23.5939 4.48219 62.0037 -0.17809 0.80009 0.572818
-21.5787 4.92586 61.9788 -0.162184 0.801945 0.574962
-19.6533 5.44907 61.741 -0.121903 0.81103 0.572163
-18.1253 6.20077 60.946 -0.0944443 0.824137 0.558461
-18.015 6.26625 60.868 -0.0969815 0.824434 0.557581
