-29.4816 7.7591 -28.8545 -0.387652 0.844219 -0.370148
-28.0161 8.8678 -27.8404 -0.380854 0.851473 -0.360472
-26.4627 9.93107 -26.9462 -0.369593 0.85351 -0.36729
-24.9272 10.9539 -26.1106 -0.36023 0.850084 -0.384177
-23.3759 12.0189 -25.1795 -0.339214 0.855629 -0.390937
-21.7455 13.1106 -24.2486 -0.340584 0.844688 -0.412921
-20.2113 14.1714 -23.3341 -0.329861 0.848721 -0.413358
-18.6501 15.2457 -22.3611 -0.328191 0.849728 -0.412616
-17.1305 16.2559 -21.4601 -0.30649 0.851869 -0.424706
-15.6265 17.2383 -20.5591 -0.299555 0.850783 -0.43178
-14.0625 18.2188 -19.7225 -0.302412 0.850749 -0.429852
-12.5561 19.2084 -18.7915 -0.285007 0.850839 -0.441412
-11.1974 20.2479 -17.7067 -0.282874 0.845291 -0.453206
-9.93596 21.3283 -16.5123 -0.279705 0.836484 -0.471231
-8.90498 22.4303 -15.2184 -0.278493 0.823724 -0.493875
-8.99034 22.0042 -15.8804 -0.273492 0.827075 -0.491067
-9.51831 20.9062 -17.5005 -0.269644 0.839863 -0.471086
-9.90064 19.8346 -19.2257 -0.26385 0.846478 -0.462448
-10.0354 18.7845 -21.0478 -0.248392 0.845048 -0.473492
-10.0856 17.6956 -22.9648 -0.224874 0.850687 -0.475146
-10.0871 16.7183 -24.7464 -0.216271 0.85704 -0.467661
-10.1196 15.7064 -26.5827 -0.196748 0.858904 -0.472815
-10.1115 14.7055 -28.3929 -0.189319 0.854076 -0.484472
-10.0934 13.636 -30.2455 -0.166079 0.84878 -0.501986
-10.1454 12.526 -32.0837 -0.152889 0.847387 -0.508488
-10.1395 11.4218 -33.905 -0.14207 0.845079 -0.515402
-10.1149 10.3376 -35.6676 -0.124916 0.84332 -0.522692
-10.4168 9.31824 -37.242 -0.121137 0.840355 -0.528326
-12.4681 8.99308 -37.2115 -0.153104 0.841302 -0.51843
-14.5013 8.61302 -37.1521 -0.187946 0.8429 -0.504178
-16.5644 8.22861 -36.9695 -0.213442 0.84729 -0.486357
-18.5989 7.83592 -36.7348 -0.233694 0.843178 -0.484187
-20.5607 7.48536 -36.3404 -0.250536 0.847348 -0.468223
-22.5499 7.31846 -35.4855 -0.275736 0.851255 -0.446468
-24.2747 7.26033 -34.428 -0.318645 0.848288 -0.422933
-26.0078 7.24104 -33.1703 -0.318489 0.851941 -0.415647
-27.4147 7.36327 -31.7396 -0.344139 0.852187 -0.394139
-28.7662 7.56189 -30.0299 -0.37758 0.844948 -0.378807
-29.4687 7.7209 -28.9558 -0.386166 0.845848 -0.36799
-34.3803 4.23091 -32.0117 -0.393417 0.85586 -0.335743
-33.1821 4.03944 -33.7995 -0.372534 0.857803 -0.354109
-31.866 3.88278 -35.408 -0.342099 0.856328 -0.386867
-30.5042 3.76098 -36.874 -0.329074 0.859527 -0.391054
-28.8913 3.71269 -38.257 -0.324417 0.85166 -0.411618
-27.1742 3.77959 -39.387 -0.290294 0.85632 -0.427137
-25.2918 3.8163 -40.5624 -0.271323 0.861037 -0.430115
-23.4915 3.90039 -41.4657 -0.239742 0.864481 -0.44181
-21.5009 4.06204 -42.1617 -0.214503 0.859546 -0.463863
-19.5201 4.39973 -42.416 -0.193543 0.858546 -0.474806
-17.4136 4.70658 -42.6923 -0.176384 0.855039 -0.487644
-15.3971 4.987 -42.888 -0.157398 0.85652 -0.491502
-13.3942 5.30219 -42.9471 -0.145862 0.849842 -0.50643
-11.2756 5.62071 -42.9645 -0.115357 0.847353 -0.518349
-9.26912 5.86355 -42.9858 -0.0957563 0.847469 -0.522118
-7.2774 6.08035 -42.9846 -0.0923578 0.841496 -0.53231
-5.26359 6.30441 -42.9415 -0.0691958 0.835372 -0.545313
-3.45722 6.56702 -42.7638 -0.0649312 0.831322 -0.551986
-3.43056 7.68268 -41.0829 -0.0758091 0.831632 -0.550128
-3.43308 8.85868 -39.3016 -0.0848122 0.833763 -0.545569
-3.45828 9.956 -37.622 -0.0860443 0.833393 -0.545942
-3.45087 11.0758 -35.9066 -0.0921099 0.83404 -0.543959
-3.47417 12.1999 -34.1689 -0.0971466 0.835561 -0.54074
-3.43719 13.3148 -32.4346 -0.0998015 0.838037 -0.536409
-3.43819 14.4067 -30.7048 -0.108853 0.842994 -0.526793
-3.44306 15.4798 -28.995 -0.11869 0.840005 -0.529437
-3.4465 16.5525 -27.2672 -0.131308 0.844234 -0.519642
-3.45861 17.6374 -25.4851 -0.14992 0.843641 -0.515552
-3.43319 18.7682 -23.6252 -0.157053 0.846396 -0.508867
-3.42628 19.8775 -21.7986 -0.166117 0.841804 -0.513585
-3.21941 20.9714 -20.0988 -0.177382 0.834227 -0.522111
-2.6709 22.1209 -18.4629 -0.174894 0.827977 -0.532791
-1.76694 23.2661 -16.9993 -0.167256 0.823658 -0.541834
-0.517429 24.281 -15.816 -0.125885 0.82744 -0.547262
1.13215 25.1159 -14.8603 -0.0741865 0.836981 -0.542179
2.9915 25.5893 -14.2235 0.0395988 0.85551 -0.51619
5.02637 25.792 -13.5352 0.113947 0.860508 -0.496502
6.91932 25.9059 -12.6005 0.22967 0.877428 -0.421156
8.63008 25.8984 -11.477 0.30391 0.882241 -0.359397
10.2915 25.7228 -10.0961 0.40673 0.876553 -0.257345
11.8623 25.2691 -8.70928 0.497276 0.838371 -0.223275
13.5115 24.4865 -7.63677 0.537987 0.824638 -0.174763
15.1927 23.4833 -7.02425 0.551093 0.823582 -0.134195
16.8677 22.4027 -6.80315 0.545763 0.828865 -0.122987
18.6232 21.2136 -7.08208 0.539237 0.834309 -0.114685
20.2112 20.1167 -7.67571 0.530659 0.839889 -0.113959
21.7567 19.0156 -8.60092 0.528677 0.84056 -0.118149
23.2629 17.9252 -9.48442 0.538132 0.834079 -0.12135
24.7509 16.825 -10.3609 0.539516 0.830949 -0.135816
26.3047 15.6756 -11.198 0.538395 0.830572 -0.142413
27.8784 14.4797 -12.1396 0.539774 0.827611 -0.153959
29.3423 13.3743 -12.9553 0.538042 0.827466 -0.160658
30.7969 12.2544 -13.7838 0.536557 0.826006 -0.172686
32.2592 11.1369 -14.6393 0.526015 0.828886 -0.19041
33.7562 9.97312 -15.5043 0.528591 0.824 -0.204002
35.212 8.83674 -16.3271 0.519709 0.828382 -0.209011
36.6511 7.89159 -16.4909 0.523245 0.825909 -0.209969
37.6137 7.71481 -14.737 0.514004 0.834591 -0.198028
38.6231 7.49544 -12.8401 0.503369 0.850939 -0.15006
39.6324 7.22702 -10.9459 0.506529 0.85077 -0.140067
40.5634 6.95816 -9.16809 0.50322 0.8537 -0.134035
41.4843 6.65987 -7.38387 0.511236 0.854353 -0.093371
42.5025 6.23938 -5.70756 0.503769 0.859714 -0.0843141
43.4957 5.78948 -3.9075 0.498155 0.865412 -0.0538819
43.4606 5.90696 -1.85449 0.506207 0.861971 -0.0275757
43.4045 5.97965 0.207877 0.497451 0.867439 0.00936617
43.5637 5.84481 2.2451 0.499226 0.866201 0.0216398
43.6143 5.73337 4.39733 0.499637 0.864665 0.0521327
42.7746 6.06673 6.21225 0.494636 0.864455 0.089724
41.8398 6.39875 8.10551 0.493835 0.864278 0.0956636
40.7307 6.79605 9.9408 0.498409 0.857687 0.126331
39.7282 7.1159 11.6971 0.506097 0.850812 0.141368
38.7047 7.3499 13.6144 0.505601 0.841923 0.188504
37.5264 7.62402 15.4552 0.509661 0.835078 0.207099
36.2294 8.04291 16.8751 0.509695 0.829452 0.228485
34.7056 9.19794 16.0634 0.504919 0.832681 0.227364
33.1443 10.3917 15.1771 0.516561 0.829093 0.213939
31.7049 11.5042 14.304 0.514423 0.833302 0.202428
30.227 12.62 13.4736 0.515552 0.834534 0.194317
28.6886 13.7701 12.5573 0.520733 0.836067 0.172701
27.2036 14.8644 11.7586 0.530187 0.83211 0.162763
25.7318 15.9517 10.8884 0.523916 0.839797 0.142262
24.1543 17.0831 9.9692 0.52037 0.842783 0.137593
22.5729 18.2076 9.04473 0.519407 0.844179 0.132577
20.9998 19.312 8.18427 0.522256 0.843269 0.127065
19.4232 20.424 7.36661 0.530659 0.837722 0.12893
17.713 21.5766 6.94805 0.535614 0.832986 0.138754
15.9117 22.7523 6.98417 0.541105 0.824607 0.165007
14.1177 23.807 7.46311 0.533366 0.822179 0.198852
12.463 24.594 8.3654 0.502094 0.830605 0.240823
10.9146 25.0239 9.63955 0.407618 0.858056 0.31239
9.41531 25.1062 11.0635 0.330325 0.866703 0.373748
7.6882 25.1172 12.3364 0.260165 0.85849 0.441938
5.9381 25.0495 13.3124 0.199539 0.84794 0.491101
3.93616 25.0053 13.9799 0.110192 0.850709 0.513958
1.99237 24.8168 14.5191 -0.0283163 0.855964 0.516181
0.207905 24.1891 15.3106 -0.10406 0.842294 0.528879
-1.21432 23.2592 16.3875 -0.157499 0.833164 0.53011
-2.29819 22.1887 17.7214 -0.17662 0.831005 0.52748
-2.99404 21.044 19.2986 -0.181446 0.834125 0.520877
-3.35078 19.9343 20.9605 -0.182946 0.834401 0.51991
-3.42715 18.8693 22.6518 -0.177566 0.835843 0.519458
-3.41596 17.7508 24.4462 -0.165504 0.833112 0.527762
-3.41054 16.6368 26.1749 -0.151153 0.831881 0.53397
-3.40929 15.5141 27.9245 -0.141637 0.83253 0.535568
-3.43669 14.3761 29.6825 -0.124699 0.832259 0.540181
-3.42783 13.2463 31.4115 -0.113846 0.83104 0.544437
-3.40531 12.1057 33.1494 -0.10222 0.831918 0.545397
-3.41347 10.9945 34.8494 -0.0958616 0.831767 0.546778
-3.48191 9.78368 36.6704 -0.0823612 0.829521 0.552366
-3.87299 8.77814 38.131 -0.0775384 0.834755 0.545132
-5.95996 8.71687 37.8989 -0.0925108 0.838671 0.536724
-8.01874 8.61439 37.64 -0.124073 0.840075 0.52809
-10.0869 8.26415 37.6867 -0.139526 0.853501 0.502065
-12.2092 8.04629 37.4366 -0.158912 0.856342 0.491351
-14.1967 7.96695 36.8971 -0.175263 0.85269 0.492142
-16.1968 7.86425 36.2349 -0.208163 0.853265 0.478119
-18.1207 7.75018 35.5693 -0.207736 0.863589 0.459412
-20.1296 7.61929 34.8393 -0.263876 0.867983 0.420462
-22.093 7.38493 34.0006 -0.288267 0.865196 0.41029
-23.9567 7.10744 33.184 -0.31226 0.85871 0.406338
-25.0116 7.54386 31.4269 -0.332437 0.853468 0.401346
-25.9931 8.00938 29.59 -0.340215 0.852733 0.396359
-27.0987 8.34761 27.8439 -0.363856 0.850767 0.379216
-28.6471 8.27084 26.5009 -0.37829 0.849289 0.368245
-30.2772 8.00672 25.3871 -0.38763 0.847848 0.361795
-31.7013 7.94299 23.9506 -0.40697 0.844329 0.348545
-32.0722 8.36465 22.488 -0.410557 0.844582 0.343691
-30.5512 9.47282 21.5956 -0.413981 0.840946 0.348468
-29.064 10.5747 20.7317 -0.419493 0.835911 0.353947
-27.5666 11.6745 19.9052 -0.416105 0.835242 0.359473
-26.0652 12.7825 19.0503 -0.411078 0.837375 0.360297
-24.5897 13.8805 18.1954 -0.404041 0.833905 0.37597
-23.1244 15.001 17.2821 -0.398077 0.83218 0.386019
-21.6424 16.0988 16.4325 -0.38771 0.835663 0.389036
-20.1334 17.1816 15.5969 -0.373402 0.835124 0.403899
-18.532 18.3317 14.6753 -0.361003 0.83656 0.412119
-17.0442 19.4056 13.7889 -0.353523 0.840425 0.410737
-15.6473 20.5231 12.7102 -0.357683 0.837656 0.41279
-14.5556 21.657 11.3724 -0.366515 0.832158 0.416145
-13.8072 22.7477 9.86544 -0.388225 0.822527 0.41561
-13.4236 23.8038 8.0947 -0.412027 0.822569 0.391838
-13.4797 24.5968 6.24224 -0.442863 0.830715 0.337321
-13.8951 25.1165 4.2021 -0.460933 0.847992 0.261629
-14.2916 25.3794 2.20728 -0.507857 0.847502 0.15434
-14.4395 25.497 0.13346 -0.503488 0.863454 0.0307605
-14.2627 25.5558 -1.91252 -0.493574 0.868322 -0.0486805
-13.8606 25.5101 -3.87755 -0.425539 0.8854 -0.185697
-13.4526 25.1842 -5.84315 -0.418461 0.863215 -0.282398
-13.3536 24.5105 -7.72872 -0.400318 0.839356 -0.367701
-13.6544 23.5414 -9.53 -0.385634 0.830031 -0.402873
-14.3463 22.4302 -11.137 -0.365986 0.832774 -0.415377
-15.4017 21.3088 -12.4853 -0.353884 0.8402 -0.410889
-16.7177 20.2341 -13.5666 -0.35026 0.84389 -0.406409
-18.1927 19.1902 -14.4788 -0.353178 0.846948 -0.397421
-19.7879 18.1287 -15.3016 -0.367469 0.844564 -0.38946
-21.3105 17.0222 -16.2471 -0.376454 0.843504 -0.383124
-22.9265 15.8484 -17.2207 -0.388271 0.838673 -0.381933
-24.4224 14.7649 -18.0799 -0.396937 0.838944 -0.37231
-25.8938 13.6941 -18.927 -0.405306 0.837903 -0.365565
-27.4787 12.4985 -19.8804 -0.411244 0.834932 -0.365743
-29.0277 11.3811 -20.7069 -0.415354 0.838789 -0.352008
-30.539 10.2493 -21.6219 -0.421378 0.839334 -0.343452
-32.0097 9.17536 -22.4595 -0.424578 0.842072 -0.332631
-33.4687 8.09361 -23.3239 -0.428787 0.842158 -0.326973
-34.9784 6.97986 -24.2002 -0.434452 0.840843 -0.322852
-36.438 5.89424 -25.0592 -0.433633 0.842083 -0.320715
-36.9747 5.08483 -26.4779 -0.431597 0.844075 -0.318217
-36.307 4.71119 -28.3656 -0.423976 0.849357 -0.314364
-35.5536 4.36415 -30.2644 -0.39512 0.858174 -0.327746
-34.5019 4.24657 -31.8282 -0.395048 0.855424 -0.334943
-8.68742 22.7142 -14.8709 -0.275524 0.822083 -0.498263
-7.9929 23.8262 -13.4407 -0.281147 0.819066 -0.500077
-7.49113 24.9694 -11.8753 -0.306064 0.802612 -0.511996
-7.22589 26.1381 -10.2189 -0.353767 0.795787 -0.491471
-7.24136 27.2122 -8.50919 -0.379372 0.789234 -0.482809
-7.41588 28.1104 -6.70403 -0.461046 0.793569 -0.397096
-7.80621 28.7361 -4.80919 -0.510107 0.807983 -0.294881
-8.23383 29.0623 -2.82064 -0.531143 0.827061 -0.184004
-8.60509 29.12 -0.789495 -0.584105 0.810095 -0.0506645
-8.61423 29.0303 1.26509 -0.584053 0.806249 0.0940432
-8.28732 28.7626 3.31116 -0.574929 0.76837 0.281183
-7.79731 28.2054 5.3262 -0.494334 0.770295 0.40284
-7.39723 27.3706 7.19851 -0.414761 0.783373 0.462926
-7.17339 26.3741 8.97176 -0.377926 0.781915 0.495622
-7.2759 25.1884 10.7779 -0.344314 0.797552 0.495332
-7.67862 23.9435 12.5559 -0.318561 0.812414 0.488367
-8.27004 22.7923 14.0782 -0.294157 0.815927 0.497716
-7.56998 23.4307 13.4545 -0.29764 0.811504 0.502864
-6.40574 24.6113 12.2713 -0.296796 0.802657 0.517289
-5.06343 25.7637 11.2565 -0.260641 0.801201 0.538462
-3.51491 26.8453 10.3481 -0.229046 0.790786 0.567622
-1.83444 27.7606 9.71722 -0.170984 0.780185 0.601728
0.0727639 28.4316 9.19601 -0.03388 0.772045 0.634634
2.0519 28.7047 8.71196 0.106817 0.785739 0.609266
3.96544 28.7854 7.97835 0.271203 0.78386 0.558182
5.66582 28.7939 6.82996 0.384921 0.796323 0.466503
7.14141 28.7391 5.47362 0.473582 0.789898 0.389314
8.61054 28.3489 4.12705 0.557422 0.796486 0.234285
10.1624 27.5439 2.79045 0.584737 0.80122 0.126099
11.6188 26.5904 1.75495 0.594725 0.800295 0.0762452
13.2902 25.4036 0.934791 0.599128 0.799766 0.037672
14.8707 24.2868 0.445529 0.570127 0.821298 0.0203705
16.6812 23.0462 0.16168 0.566651 0.823625 0.0234076
15.2212 24.0578 -0.235497 0.570934 0.820857 0.01413
13.5948 25.2143 -0.692517 0.578179 0.815782 -0.0142376
12.0034 26.3721 -1.35898 0.606374 0.794219 -0.0390709
10.4289 27.5242 -2.30822 0.624605 0.775828 -0.08921
8.99464 28.4278 -3.51936 0.576176 0.79776 -0.177116
7.48995 29.0586 -4.93009 0.535004 0.793281 -0.290648
5.95612 29.4174 -6.30195 0.451105 0.804047 -0.387316
4.22934 29.5248 -7.58048 0.281901 0.821454 -0.495478
2.40906 29.4591 -8.43039 0.152173 0.803434 -0.575237
0.474221 29.1521 -9.0366 -0.0500296 0.787307 -0.614398
-1.36745 28.508 -9.56736 -0.142386 0.787698 -0.599332
-3.17966 27.5587 -10.2549 -0.231314 0.789314 -0.568627
-4.76577 26.5202 -11.0126 -0.264474 0.796762 -0.543345
-6.1522 25.3777 -11.9962 -0.278532 0.797894 -0.534544
-7.42706 24.1111 -13.2882 -0.280057 0.818535 -0.501532
-8.30804 23.0025 -14.6067 -0.278114 0.819976 -0.500291
-8.49958 22.7719 -14.8796 -0.275528 0.822081 -0.498263
-8.4225 22.5001 14.4721 -0.291608 0.819973 0.492553
-8.90691 21.5947 15.7048 -0.288107 0.824608 0.486838
-9.46991 20.4186 17.3897 -0.277333 0.834357 0.476376
-9.81362 19.3388 19.0829 -0.269909 0.836996 0.476011
-9.969 18.256 20.9276 -0.24805 0.846882 0.470377
-10.0238 17.21 22.7455 -0.234025 0.84357 0.483339
-9.9671 16.1677 24.557 -0.235535 0.839305 0.489984
-9.99657 15.1131 26.3695 -0.233866 0.846062 0.479047
-10.0415 14.0823 28.1308 -0.229709 0.836419 0.49762
-10.0563 12.9795 29.9095 -0.20575 0.824759 0.526722
-10.0437 11.8996 31.6403 -0.19633 0.835625 0.513015
-11.8549 11.5387 31.5953 -0.186575 0.852459 0.488313
-13.832 11.3773 31.0255 -0.219251 0.848068 0.482398
-15.7704 11.2367 30.3026 -0.245992 0.853081 0.460153
-17.6762 11.1057 29.5456 -0.242034 0.854987 0.458706
-19.5258 10.9015 28.7757 -0.293577 0.850332 0.436747
-20.7495 11.3255 27.0346 -0.324075 0.846764 0.421849
-21.8441 11.705 25.3874 -0.346548 0.843153 0.411093
-21.3442 12.5989 23.9979 -0.3477 0.839754 0.417035
-19.8475 13.6595 23.0761 -0.326446 0.849574 0.414299
-18.3161 14.6799 22.169 -0.312607 0.847663 0.428653
-16.7823 15.7269 21.2389 -0.319003 0.841591 0.435846
-15.1504 16.7711 20.4046 -0.307824 0.836073 0.454122
-13.662 17.8274 19.479 -0.308125 0.837646 0.451009
-12.1992 18.8729 18.5088 -0.287206 0.836788 0.46615
-10.7865 19.9716 17.4037 -0.281286 0.837203 0.469007
-9.59142 21.1164 16.1154 -0.290208 0.828371 0.479146
-8.62767 22.2842 14.7092 -0.296229 0.819988 0.489744
-8.47438 22.4249 14.5666 -0.291604 0.819975 0.492553
17.0621 22.783 0.148554 0.571873 0.820177 0.0149628
17.1004 22.7566 0.118219 0.571591 0.820498 0.00817918
17.8775 22.2179 0.131584 0.571898 0.820195 0.0145695
17.8745 22.2228 -0.0287809 0.571898 0.820195 0.0145687
18.2181 21.9879 -0.0136148 0.562916 0.826398 0.0136988
19.8451 20.8753 -0.431766 0.565702 0.824375 0.0177719
21.4595 19.7998 -0.979361 0.554908 0.831894 0.0006404
23.1057 18.6947 -1.74131 0.559846 0.828512 -0.0114374
24.7612 17.5654 -2.70976 0.56205 0.826617 -0.0283449
26.2313 16.5489 -3.60986 0.549391 0.834857 -0.0343242
27.7629 15.5203 -4.41543 0.538528 0.841914 -0.0341883
29.3258 14.4586 -5.31463 0.539708 0.839655 -0.0607612
30.8266 13.4388 -6.16036 0.536463 0.841662 -0.0617526
32.4312 12.3412 -7.068 0.539812 0.837993 -0.0798176
33.9456 11.2619 -7.91569 0.534145 0.837174 -0.117599
35.2057 10.5695 -6.93698 0.542265 0.835494 -0.0888719
36.0768 10.1868 -5.12481 0.535572 0.84094 -0.0773505
37.0767 9.66926 -3.33022 0.531668 0.846119 -0.0375716
37.6464 9.37992 -1.42828 0.53147 0.846556 -0.0297039
37.68 9.3542 0.68223 0.525335 0.85059 0.0227938
37.7408 9.25916 2.76148 0.523922 0.851451 0.0231714
37.0405 9.61056 4.61767 0.515818 0.854321 0.0636969
36.0719 10.0473 6.39999 0.510943 0.85679 0.0696354
35.1072 10.4551 8.12789 0.517801 0.848671 0.107855
33.5507 11.4774 7.67726 0.525018 0.845787 0.0948728
32.0187 12.5264 6.83046 0.53148 0.842354 0.0892669
30.4424 13.6247 5.92265 0.537671 0.838813 0.0854447
28.9239 14.6608 5.10022 0.536461 0.841726 0.0608802
27.4076 15.6853 4.234 0.533141 0.844014 0.0581966
25.8928 16.7276 3.32262 0.548665 0.834744 0.0465758
24.2715 17.8459 2.3818 0.552205 0.832736 0.0402319
22.6649 18.9454 1.52986 0.553677 0.832369 0.0245615
21.0407 20.0503 0.839357 0.552133 0.833392 0.0241215
19.3747 21.1802 0.355322 0.564078 0.825263 0.0275147
18.3252 21.9119 0.15872 0.563532 0.825833 0.0201405
5.03868 30.8411 3.83902 0.449478 0.788713 0.419406
3.23084 31.7147 4.03377 0.356574 0.81637 0.454307
1.13604 32.2211 4.20062 0.138606 0.869634 0.473841
-0.8592 32.1391 4.10615 -0.19543 0.834932 0.514485
-2.83242 31.6866 3.99261 -0.23183 0.852152 0.469139
-4.78165 30.9982 3.82522 -0.434748 0.784804 0.441675
-5.39343 30.647 3.73435 -0.517248 0.760859 0.391852
-5.30941 30.9861 -3.39637 -0.553872 0.779961 -0.291351
-3.46354 31.98 -3.59361 -0.39629 0.876863 -0.272148
-1.46608 32.5247 -3.6708 -0.0521961 0.896125 -0.440721
0.559639 32.5519 -3.67503 0.0316821 0.913671 -0.405217
2.57701 32.2794 -3.6948 0.207642 0.867012 -0.452962
4.49815 31.566 -3.60238 0.363848 0.838579 -0.405462
4.91333 31.3362 -3.5703 0.456436 0.819117 -0.347439
-13.3823 16.3921 -23.6358 -0.259706 0.853583 -0.451608
-14.1114 16.215 -23.5418 -0.273422 0.849341 -0.45151
-13.5269 13.6259 -28.8257 -0.242501 0.855517 -0.457476
-15.6234 13.1308 -28.5708 -0.274291 0.859188 -0.431926
-17.6061 12.6128 -28.3077 -0.289823 0.855434 -0.429226
-19.654 12.0419 -28.0221 -0.300424 0.851893 -0.42898
-21.2587 11.5767 -27.792 -0.314952 0.849232 -0.423804
-20.845 9.07871 -33.1295 -0.286823 0.858593 -0.424913
-18.8806 9.58545 -33.3668 -0.267142 0.853856 -0.446728
-16.8653 10.0829 -33.6023 -0.23905 0.848 -0.473023
-14.7555 10.5247 -33.8145 -0.215435 0.842474 -0.493787
-13.5042 10.7579 -33.929 -0.191754 0.839628 -0.508188
32.8118 12.3388 -3.47287 0.534939 0.844314 -0.0311964
33.4822 11.9158 -3.46386 0.532584 0.845816 -0.0308107
34.4502 11.3052 3.05839 0.527689 0.848382 0.0423321
32.7155 12.3817 3.08503 0.528592 0.847758 0.0435547
32.1485 12.738 3.09348 0.533671 0.844502 0.0448526
-13.2183 15.6807 23.6568 -0.285848 0.837552 0.465616
-14.038 15.4685 23.5451 -0.285373 0.84484 0.452557
-14.1021 15.4515 23.5363 -0.282406 0.848169 0.448169
