-36.3295 5.37417 -33.2186 -0.401202 0.853331 -0.332927
-34.9372 6.43836 -32.26 -0.399921 0.843843 -0.357722
-33.4462 7.50272 -31.3436 -0.380872 0.852799 -0.357309
-31.8746 8.58558 -30.449 -0.385484 0.849924 -0.35921
-30.3434 9.6564 -29.5704 -0.389412 0.844805 -0.366963
-28.8864 10.7053 -28.6796 -0.378316 0.852997 -0.359543
-27.3076 11.7685 -27.809 -0.373324 0.853729 -0.36301
-25.8228 12.7977 -26.9287 -0.369891 0.852039 -0.370415
-24.2211 13.9001 -25.9711 -0.360319 0.849812 -0.38469
-22.7181 14.9425 -25.07 -0.35352 0.847203 -0.396565
-21.2337 15.9876 -24.1906 -0.358407 0.843843 -0.399336
-19.702 16.9904 -23.3671 -0.336343 0.848719 -0.4081
-18.121 18.0554 -22.4044 -0.309258 0.855097 -0.416135
-16.615 19.0295 -21.4919 -0.291582 0.858643 -0.421559
-15.0008 20.022 -20.636 -0.298223 0.851099 -0.43208
-13.4042 21.051 -19.6546 -0.283719 0.85509 -0.433964
-11.8723 22.0644 -18.6749 -0.274066 0.849681 -0.450478
-10.5986 23.1074 -17.5398 -0.281456 0.837498 -0.468377
-9.52708 23.9532 -16.6852 -0.284696 0.833397 -0.473707
-9.98287 22.8656 -18.3418 -0.279752 0.837697 -0.469044
-10.2315 21.8438 -20.0581 -0.259444 0.846575 -0.464745
-10.2901 20.8281 -21.865 -0.247014 0.849412 -0.466351
-10.3096 19.846 -23.6544 -0.233292 0.850296 -0.471774
-10.3184 18.8441 -25.412 -0.22597 0.846665 -0.481762
-10.3642 17.8289 -27.1599 -0.219225 0.847199 -0.483933
-10.3618 16.8367 -28.9044 -0.196769 0.851591 -0.485874
-10.3133 15.8002 -30.7402 -0.177711 0.853433 -0.489946
-10.3648 14.7408 -32.5555 -0.160635 0.853069 -0.496457
-10.3321 13.7198 -34.3162 -0.151247 0.849012 -0.506264
-10.3326 12.6669 -36.0503 -0.139804 0.846034 -0.514469
-10.4021 11.625 -37.756 -0.133643 0.84957 -0.510261
-10.4023 10.5728 -39.455 -0.115533 0.841101 -0.528395
-10.4079 9.44294 -41.243 -0.111003 0.839531 -0.531852
-10.4022 8.34701 -42.9704 -0.102305 0.838815 -0.534717
-10.4683 7.25973 -44.6804 -0.0968473 0.844013 -0.527499
-10.4465 6.14244 -46.4694 -0.0908765 0.844714 -0.527445
-11.3156 5.44003 -47.4545 -0.0916545 0.847132 -0.523418
-13.3546 5.40318 -47.1346 -0.104832 0.851543 -0.513697
-15.4062 5.38733 -46.6406 -0.141426 0.851873 -0.504292
-17.3891 5.35304 -46.0817 -0.169284 0.853766 -0.492369
-19.3225 5.30766 -45.4661 -0.188591 0.854375 -0.484228
-21.1852 5.33837 -44.6611 -0.206581 0.853263 -0.478817
-23.0934 5.36543 -43.7437 -0.224182 0.853405 -0.470576
-25.0389 5.35177 -42.7571 -0.255203 0.855629 -0.450275
-26.7915 5.33239 -41.7248 -0.281126 0.853357 -0.439032
-28.4499 5.32954 -40.6066 -0.311036 0.848311 -0.428515
-30.1697 5.33016 -39.2746 -0.32188 0.851814 -0.413288
-31.7596 5.33858 -37.9624 -0.335245 0.858861 -0.387211
-33.2863 5.31887 -36.6287 -0.348856 0.860157 -0.372059
-34.7651 5.33246 -35.0905 -0.374098 0.862003 -0.342051
-36.089 5.35744 -33.5438 -0.388837 0.857435 -0.337063
-36.2707 5.37031 -33.3001 -0.398113 0.855154 -0.331972
-40.881 1.7884 -37.0471 -0.400086 0.852523 -0.336356
-39.5898 1.76839 -38.5869 -0.382595 0.858274 -0.342034
-38.2389 1.75395 -40.0749 -0.364125 0.860421 -0.356495
-36.7464 1.78112 -41.4933 -0.345608 0.866523 -0.360101
-35.2025 1.79685 -42.8387 -0.321706 0.870057 -0.373504
-33.5338 1.80158 -44.2165 -0.31287 0.863128 -0.396387
-31.9047 1.79556 -45.4359 -0.291359 0.860754 -0.417389
-30.1249 1.7684 -46.6609 -0.272264 0.856681 -0.438137
-28.3539 1.77498 -47.7127 -0.256282 0.856866 -0.447298
-26.5867 1.77858 -48.662 -0.237215 0.860588 -0.450686
-24.69 1.77775 -49.6259 -0.217827 0.861255 -0.45912
-22.8531 1.77019 -50.4623 -0.195499 0.862612 -0.466563
-20.9264 1.76292 -51.2058 -0.163659 0.858969 -0.485168
-18.9352 1.80778 -51.7765 -0.149996 0.859277 -0.489022
-16.9621 1.80464 -52.3398 -0.121389 0.859766 -0.496051
-14.9024 1.79647 -52.8209 -0.100957 0.859821 -0.500516
-12.8953 1.80492 -53.1783 -0.0813791 0.859324 -0.504915
-10.7305 1.82446 -53.4701 -0.0672426 0.857189 -0.510593
-8.63391 1.8479 -53.6829 -0.0522627 0.854084 -0.517503
-6.57184 1.8909 -53.7697 -0.0290882 0.846592 -0.53144
-4.36411 1.91186 -53.8376 -0.0214108 0.839832 -0.542424
-3.5859 2.71499 -52.6228 -0.0234235 0.840848 -0.540763
-3.56954 3.85421 -50.8792 -0.0356833 0.836504 -0.546797
-3.53366 4.97022 -49.1824 -0.045299 0.832019 -0.552894
-3.50735 6.12583 -47.4334 -0.057594 0.833721 -0.54917
-3.54511 7.22896 -45.7588 -0.0616726 0.831908 -0.551475
-3.49976 8.38303 -44.0376 -0.0660697 0.829695 -0.554293
-3.56315 9.54649 -42.2798 -0.0788187 0.831075 -0.550546
-3.5375 10.6732 -40.5741 -0.0733459 0.840121 -0.53741
-3.57571 11.7853 -38.8382 -0.085362 0.837333 -0.539988
-3.53892 12.903 -37.1109 -0.0923772 0.836077 -0.540779
-3.48349 14.0773 -35.305 -0.102521 0.838257 -0.53555
-3.50771 15.201 -33.5531 -0.108834 0.834897 -0.539538
-3.53663 16.3687 -31.7061 -0.11252 0.841955 -0.527685
-3.52235 17.4875 -29.9213 -0.131219 0.839513 -0.527256
-3.54357 18.5562 -28.2053 -0.135109 0.840599 -0.524537
-3.51819 19.6509 -26.4352 -0.149502 0.841525 -0.519119
-3.5653 20.7216 -24.7014 -0.157719 0.83675 -0.52438
-3.52495 21.7945 -22.9973 -0.171756 0.835815 -0.521453
-3.47101 22.874 -21.2917 -0.181573 0.833008 -0.522616
-3.22067 23.9761 -19.6295 -0.189082 0.830009 -0.524719
-2.63101 25.0902 -18.0781 -0.188773 0.830239 -0.524469
-1.62589 26.1948 -16.6887 -0.171231 0.831513 -0.528456
-0.229304 27.1869 -15.5712 -0.1375 0.826192 -0.546251
1.4079 27.9668 -14.6474 -0.0622313 0.846949 -0.528013
3.28087 28.352 -14.0601 0.0412314 0.858301 -0.511291
5.33777 28.511 -13.366 0.155143 0.858072 -0.489402
7.26927 28.5873 -12.3667 0.222244 0.874902 -0.43022
8.96768 28.5871 -11.2097 0.347989 0.855679 -0.383036
10.5277 28.3808 -9.84001 0.4176 0.867928 -0.26867
11.973 27.943 -8.50681 0.490745 0.85307 -0.177319
13.5819 27.1484 -7.50629 0.527526 0.838867 -0.134231
15.2558 26.1533 -6.93718 0.547116 0.829239 -0.114066
16.963 25.0421 -6.76079 0.547269 0.831347 -0.0966388
18.7838 23.8092 -7.06392 0.547525 0.831173 -0.0967877
20.3381 22.7104 -7.7423 0.541123 0.833544 -0.111307
21.8909 21.6036 -8.54029 0.535176 0.836772 -0.115753
23.4066 20.4989 -9.45649 0.537192 0.833926 -0.126459
24.8742 19.4198 -10.327 0.539497 0.83166 -0.131467
26.366 18.3179 -11.1502 0.535531 0.833631 -0.135147
27.8842 17.1823 -12.0401 0.540264 0.828359 -0.148106
29.3412 16.0637 -12.921 0.543469 0.825143 -0.154211
30.8828 14.8856 -13.7732 0.544376 0.823335 -0.160542
32.4499 13.6853 -14.6671 0.531831 0.828498 -0.175338
33.883 12.567 -15.534 0.531686 0.824214 -0.194886
35.4372 11.3629 -16.3357 0.532409 0.822592 -0.199707
36.9136 10.2036 -17.2419 0.521702 0.8268 -0.210288
38.3486 9.06867 -18.0853 0.519285 0.825674 -0.220417
39.9268 7.82519 -19.0018 0.516448 0.825527 -0.227566
41.3843 6.69163 -19.8004 0.509839 0.824988 -0.243832
42.8882 5.52558 -20.6463 0.497035 0.831676 -0.247532
44.431 4.34721 -21.514 0.490903 0.831037 -0.261517
45.8823 3.2289 -22.372 0.483841 0.834721 -0.262942
47.5177 1.99817 -23.3201 0.474563 0.839189 -0.265616
48.6868 1.86717 -21.6024 0.47495 0.843042 -0.252395
49.6507 1.89207 -19.5962 0.47889 0.848478 -0.225277
50.5613 1.86165 -17.715 0.478413 0.852613 -0.210168
51.4267 1.81663 -15.8309 0.48743 0.852763 -0.187634
52.1619 1.81527 -13.8547 0.490683 0.854756 -0.169165
52.8064 1.82179 -11.8494 0.495946 0.855043 -0.15145
53.4082 1.7923 -9.90341 0.501388 0.855726 -0.12784
53.8173 1.80984 -7.93738 0.50959 0.854885 -0.0973684
54.1084 1.82257 -5.92857 0.516631 0.853479 -0.0683131
54.3461 1.81849 -3.8709 0.515802 0.855502 -0.0454359
54.4888 1.81544 -1.78259 0.516764 0.855752 -0.0253764
54.5544 1.82859 0.418505 0.521213 0.85331 -0.0127163
54.5284 1.81929 2.5293 0.52653 0.849768 0.0256999
54.4279 1.77206 4.80099 0.513233 0.856512 0.0545662
54.1453 1.77229 6.85885 0.501428 0.861442 0.0805415
53.7421 1.79197 8.87397 0.498054 0.86142 0.0994874
53.2606 1.81862 10.8484 0.493522 0.861661 0.118224
52.6748 1.82834 12.8973 0.479922 0.86288 0.15847
52.0917 1.77563 14.8699 0.480234 0.860356 0.170739
51.3097 1.79678 16.796 0.473707 0.857994 0.198609
50.4998 1.80129 18.6663 0.475458 0.854871 0.207691
49.5393 1.85154 20.5538 0.477377 0.847879 0.230669
48.5106 1.88388 22.4574 0.476078 0.842663 0.251534
47.2315 2.3914 23.1704 0.475448 0.842851 0.252094
45.6803 3.51929 22.3149 0.475686 0.844442 0.246252
44.2184 4.60123 21.4702 0.488525 0.837615 0.244426
42.7765 5.70664 20.568 0.491162 0.836263 0.24377
41.1967 6.91534 19.6583 0.499662 0.832647 0.238823
39.7189 8.05458 18.8157 0.505243 0.828594 0.241165
38.2339 9.1944 17.988 0.504583 0.831641 0.231881
36.7342 10.3549 17.1263 0.513158 0.828518 0.224089
35.2416 11.5021 16.2528 0.513055 0.831597 0.212654
33.7822 12.5999 15.4329 0.518065 0.831087 0.202244
32.3097 13.7301 14.58 0.52483 0.828803 0.194008
30.6795 14.968 13.6309 0.518134 0.834443 0.187726
29.2094 16.0598 12.7574 0.521601 0.836839 0.166221
27.6426 17.213 11.8652 0.526916 0.836001 0.153171
26.1423 18.3104 10.9731 0.524947 0.839603 0.139636
24.6413 19.3811 10.1082 0.524796 0.841 0.131555
23.056 20.5049 9.24254 0.528788 0.839257 0.126612
21.4787 21.6448 8.32741 0.532938 0.83641 0.128041
19.9349 22.7615 7.47943 0.534699 0.835155 0.12889
18.1976 23.9657 6.90112 0.538356 0.833321 0.125489
16.4853 25.0917 6.79856 0.53643 0.83302 0.135354
14.7252 26.1587 7.11331 0.526231 0.835556 0.157885
12.9433 27.1034 7.91818 0.522509 0.82922 0.198286
11.3835 27.6835 9.07455 0.455653 0.849296 0.266591
9.94209 27.9332 10.4557 0.398997 0.856718 0.326856
8.28915 28.0503 11.7427 0.291592 0.861002 0.416255
6.49198 27.9969 12.8291 0.219449 0.855288 0.469368
4.65046 27.9319 13.6186 0.154286 0.858476 0.489096
2.66908 27.7519 14.1889 0.0180163 0.853261 0.521044
0.789379 27.2398 14.8797 -0.0863194 0.83746 0.539639
-0.831563 26.3442 15.915 -0.154519 0.837157 0.524677
-2.07251 25.312 17.1662 -0.175257 0.832274 0.525932
-2.85697 24.1858 18.6616 -0.201277 0.82807 0.523247
-3.34871 23.0239 20.3204 -0.194195 0.831208 0.520939
-3.51863 21.8816 22.0839 -0.18555 0.83432 0.519117
-3.52023 20.7393 23.8944 -0.17212 0.832759 0.526201
-3.55845 19.6352 25.619 -0.159353 0.831779 0.531742
-3.54991 18.5311 27.3382 -0.147839 0.829044 0.539286
-3.52294 17.4316 29.0314 -0.135923 0.830726 0.539833
-3.52307 16.2627 30.8419 -0.125978 0.834754 0.536019
-3.51704 15.1417 32.5836 -0.115113 0.833106 0.541002
-3.56339 13.9958 34.3343 -0.101219 0.833922 0.54252
-3.56642 12.8236 36.1157 -0.0934957 0.829352 0.550849
-3.54982 11.673 37.858 -0.0866452 0.830202 0.550687
-3.56623 10.5274 39.5912 -0.0721377 0.833981 0.547058
-3.57314 9.40682 41.3027 -0.0663155 0.834287 0.547327
-3.5176 8.2146 43.1188 -0.0539059 0.834896 0.547762
-3.52166 7.07543 44.8563 -0.0508604 0.835634 0.546928
-3.5559 5.94806 46.5874 -0.0475353 0.839149 0.541819
-3.54881 4.84108 48.3017 -0.0419151 0.839753 0.541348
-3.51151 3.71481 50.056 -0.0366546 0.841853 0.538461
-3.5019 2.6154 51.7819 -0.0289988 0.843226 0.536777
-4.34776 1.87904 52.8931 -0.0297777 0.843965 0.535571
-6.37393 1.87142 52.7708 -0.0397775 0.846319 0.531189
-8.47348 1.86825 52.5809 -0.0511227 0.850221 0.523937
-10.5352 1.8448 52.3796 -0.068813 0.852531 0.518127
-12.5697 1.81369 52.0959 -0.0894191 0.854171 0.512245
-14.667 1.82997 51.6383 -0.111544 0.859053 0.499585
-16.6936 1.79988 51.1868 -0.134128 0.864162 0.485008
-18.625 1.77831 50.6669 -0.148907 0.864285 0.480457
-20.6019 1.76956 50.0056 -0.178994 0.86567 0.467514
-22.5312 1.76328 49.2187 -0.200089 0.865232 0.459715
-24.4302 1.74199 48.4091 -0.213746 0.869389 0.445506
-26.3546 1.73317 47.4625 -0.226762 0.869703 0.438401
-28.2252 1.77028 46.3282 -0.263453 0.863978 0.429109
-30.0794 1.77269 45.1481 -0.278307 0.866081 0.415232
-31.7799 1.761 43.9506 -0.301009 0.864191 0.403196
-33.3591 1.75932 42.7068 -0.319462 0.868251 0.379577
-34.991 1.75196 41.2918 -0.334078 0.867591 0.36834
-36.5449 1.74369 39.8123 -0.351672 0.865539 0.356608
-38.0159 1.75185 38.3032 -0.358588 0.867651 0.34437
-39.5317 1.76011 36.6292 -0.377809 0.864576 0.331313
-40.8261 1.80743 34.9993 -0.389457 0.861624 0.325465
-42.1426 1.8467 33.2874 -0.40768 0.855975 0.317969
-43.3445 1.86214 31.6503 -0.425638 0.85069 0.308477
-44.4284 1.95962 29.8583 -0.439072 0.841904 0.313709
-42.9325 3.08391 28.8974 -0.425125 0.847639 0.317453
-41.3605 4.25366 27.9268 -0.424596 0.843514 0.328941
-39.8875 5.31515 27.0844 -0.420583 0.844375 0.331874
-38.3275 6.43583 26.2021 -0.413013 0.846841 0.335084
-36.764 7.56668 25.2699 -0.410993 0.845077 0.341951
-35.2585 8.63574 24.4562 -0.412223 0.842871 0.345889
-33.7143 9.76956 23.5461 -0.412025 0.84155 0.349326
-32.1764 10.9009 22.613 -0.411383 0.84296 0.346675
-30.6608 11.9885 21.7884 -0.416146 0.838484 0.351801
-29.0415 13.1976 20.838 -0.414233 0.837113 0.357274
-27.492 14.3409 19.9569 -0.411302 0.835355 0.364708
-25.927 15.4993 19.0699 -0.40624 0.833945 0.373504
-24.3543 16.678 18.1451 -0.40013 0.832932 0.382257
-22.8533 17.8047 17.2323 -0.376375 0.83426 0.402928
-21.397 18.8795 16.368 -0.375041 0.834576 0.403518
-19.8174 20.0333 15.4542 -0.367579 0.834459 0.410564
-18.3006 21.1098 14.6188 -0.36144 0.834709 0.415471
-16.753 22.2294 13.7104 -0.354696 0.835817 0.419048
-15.3745 23.3533 12.6373 -0.355504 0.833379 0.423197
-14.3828 24.458 11.313 -0.36372 0.829415 0.424001
-13.6695 25.5671 9.75223 -0.374334 0.830382 0.412721
-13.2971 26.6546 7.87309 -0.394374 0.828997 0.396527
-13.3717 27.4394 6.02705 -0.414604 0.839183 0.351941
-13.8402 27.9155 4.02824 -0.452499 0.85638 0.247913
-14.2303 28.1584 2.04501 -0.468251 0.875875 0.11655
-14.3364 28.2941 -0.0256681 -0.481844 0.875659 0.0323536
-14.1045 28.3567 -2.17727 -0.464038 0.882474 -0.076619
-13.6979 28.2295 -4.28266 -0.448332 0.864338 -0.227852
-13.3362 27.7812 -6.2214 -0.403829 0.8582 -0.316883
-13.3405 26.9425 -8.20826 -0.379337 0.841604 -0.384429
-13.6977 25.9673 -9.92727 -0.36142 0.835195 -0.414517
-14.4994 24.8415 -11.4939 -0.35392 0.833539 -0.42421
-15.5959 23.7316 -12.7845 -0.343153 0.838219 -0.423833
-17.0236 22.6159 -13.8328 -0.344672 0.840438 -0.418169
-18.5707 21.5158 -14.7736 -0.352753 0.842327 -0.407493
-20.0546 20.4452 -15.6934 -0.368348 0.839934 -0.398535
-21.642 19.336 -16.5613 -0.372554 0.841527 -0.391198
-23.1072 18.2794 -17.428 -0.384367 0.842531 -0.377358
-24.6492 17.1904 -18.2626 -0.391491 0.83936 -0.377106
-26.0823 16.1078 -19.1719 -0.401169 0.83763 -0.370727
-27.7236 14.9123 -20.097 -0.403579 0.838484 -0.366154
-29.2583 13.8105 -20.9509 -0.407551 0.838382 -0.361953
-30.7214 12.7158 -21.8137 -0.422935 0.837833 -0.345199
-32.254 11.5733 -22.731 -0.419306 0.843755 -0.335053
-33.7799 10.4764 -23.5928 -0.42332 0.84386 -0.329696
-35.2995 9.35771 -24.4917 -0.426524 0.841945 -0.330462
-36.7741 8.26183 -25.3507 -0.435495 0.839494 -0.324951
-38.3048 7.11917 -26.2545 -0.440165 0.83929 -0.319135
-39.8087 6.01937 -27.0732 -0.445562 0.839016 -0.312292
-41.3658 4.87702 -27.952 -0.440213 0.843275 -0.308382
-42.8349 3.80746 -28.7871 -0.440452 0.844329 -0.305132
-44.2623 2.72722 -29.6992 -0.451571 0.844052 -0.289229
-45.0495 1.90091 -30.8814 -0.452848 0.843873 -0.287761
-43.9913 1.84669 -32.6644 -0.434986 0.851312 -0.293351
-42.8479 1.80941 -34.4369 -0.426996 0.851815 -0.303434
-41.5698 1.79897 -36.182 -0.410041 0.85423 -0.319621
-40.9933 1.78952 -36.9107 -0.401081 0.853031 -0.333863
-7.51227 26.9836 -12.835 -0.312431 0.806378 -0.502138
-6.22542 28.0934 -11.8145 -0.295171 0.813857 -0.500503
-4.78604 29.2007 -10.8698 -0.281172 0.804385 -0.523362
-3.2298 30.3238 -10.0141 -0.258069 0.79439 -0.54986
-1.56331 31.2625 -9.33637 -0.153124 0.793342 -0.589201
-3.09744 31.297 -8.69567 -0.272287 0.781924 -0.560763
-4.88962 31.2873 -7.70769 -0.331583 0.778412 -0.533036
-6.57151 31.2963 -6.38578 -0.42804 0.773125 -0.467933
-7.25881 31.0476 -6.1299 -0.464983 0.779378 -0.419953
-7.02549 30.0806 -8.0125 -0.395745 0.786245 -0.474416
-6.99671 29.0097 -9.7975 -0.344038 0.804985 -0.48336
-7.1839 27.8931 -11.5506 -0.328286 0.812974 -0.480928
-7.50307 27.0381 -12.7532 -0.312435 0.808533 -0.49864
-1.73506 35.3436 -3.24974 -0.334056 0.851914 -0.403289
0.14944 35.4265 -3.85755 -0.0202404 0.835829 -0.548616
2.06615 35.3611 -3.13255 0.361971 0.863606 -0.350943
3.2622 35.2799 -1.50172 0.491195 0.853771 -0.172632
3.38038 35.2664 0.678073 0.496028 0.86131 0.107522
2.53069 35.2925 2.52147 0.429502 0.839684 0.332353
0.714762 35.3029 3.47405 0.0474528 0.809193 0.585623
-1.35069 35.285 3.21621 -0.222794 0.767931 0.600445
-2.98346 35.3368 1.97988 -0.505844 0.76885 0.391141
-3.6823 35.328 -0.0841926 -0.570707 0.817309 -0.0793758
-3.06361 35.3355 -1.96379 -0.461299 0.838898 -0.286493
-1.94515 35.3309 -3.10406 -0.331617 0.852436 -0.404206
-7.32814 31.0764 5.4376 -0.455849 0.775977 0.435956
-5.71457 31.0845 6.86346 -0.371477 0.77994 0.503518
-4.02651 31.082 7.94023 -0.299289 0.77918 0.550668
-2.10401 31.0924 8.7064 -0.162327 0.780625 0.603552
-1.45467 30.8162 9.22512 -0.146074 0.777735 0.611384
-3.15558 29.9183 9.87226 -0.21523 0.788232 0.576513
-4.74998 28.8 10.7508 -0.269405 0.798061 0.538866
-6.23371 27.6611 11.6837 -0.285927 0.805849 0.51851
-7.35279 26.6967 12.5543 -0.305006 0.808873 0.502689
-6.99388 27.8875 10.8821 -0.309072 0.80212 0.510958
-6.91311 28.9779 9.19825 -0.354949 0.79102 0.498295
-7.06204 30.0227 7.48505 -0.392706 0.772208 0.499282
-7.39753 30.9175 5.64794 -0.455846 0.775977 0.435958
-7.41516 30.9657 5.5434 -0.457443 0.775527 0.435091
-9.53883 23.5548 16.4694 -0.289896 0.827717 0.480463
-10.0095 22.4235 18.1848 -0.276098 0.837919 0.47081
-10.193 21.315 20.0647 -0.263479 0.841551 0.471552
-10.2879 20.2689 21.8692 -0.247107 0.838656 0.485354
-10.3557 19.2215 23.6467 -0.232182 0.83993 0.490513
-10.3731 18.2038 25.3683 -0.243081 0.835857 0.492193
-10.377 17.1946 27.0985 -0.24032 0.84334 0.480648
-10.3481 16.162 28.8887 -0.229078 0.835528 0.499415
-10.312 15.1025 30.6276 -0.205108 0.825347 0.526018
-10.2816 13.9892 32.4044 -0.196333 0.836172 0.512122
-10.3381 12.8698 34.2728 -0.168974 0.848467 0.501532
-10.3903 11.7524 36.1159 -0.167535 0.845288 0.507365
-10.4248 10.711 37.837 -0.150791 0.844879 0.513263
-10.414 9.68018 39.564 -0.14199 0.852608 0.502889
-10.3986 8.64701 41.279 -0.120287 0.847763 0.516553
-10.4439 7.59525 42.9947 -0.114821 0.84866 0.516324
-10.4315 6.55188 44.7019 -0.109903 0.843612 0.525585
-10.5609 5.49655 46.3842 -0.109167 0.848635 0.517589
-12.7403 5.42184 46.0062 -0.128485 0.851851 0.507775
-14.8346 5.37088 45.5198 -0.149987 0.852456 0.500822
-16.8032 5.29165 45.0108 -0.182403 0.85634 0.483124
-18.7465 5.24092 44.3506 -0.18817 0.858125 0.477717
-20.6577 5.19237 43.6089 -0.209294 0.86339 0.459078
-22.5349 5.20588 42.6807 -0.242401 0.85842 0.452058
-24.3421 5.16554 41.7011 -0.260125 0.863811 0.43147
-26.1599 5.17491 40.5657 -0.276034 0.866539 0.415772
-27.9162 5.17825 39.3494 -0.292805 0.864636 0.408251
-29.5828 5.21149 38.0225 -0.305037 0.864408 0.399688
-31.1182 5.23808 36.6949 -0.342547 0.861542 0.37471
-32.6402 5.233 35.3046 -0.346078 0.86063 0.373559
-34.1764 5.25783 33.7159 -0.367788 0.858559 0.357223
-34.9765 5.54373 32.2053 -0.367608 0.858485 0.357586
-33.4985 6.566 31.3215 -0.371327 0.85001 0.373629
-31.9469 7.62002 30.4661 -0.373363 0.848598 0.374808
-30.3935 8.6974 29.626 -0.375512 0.840539 0.390493
-28.8516 9.82805 28.6318 -0.372341 0.846751 0.379965
-27.3267 10.8806 27.7816 -0.366021 0.843284 0.393573
-25.8467 11.9189 26.9013 -0.351733 0.847292 0.39797
-24.3332 12.95 26.0572 -0.352619 0.842638 0.406965
-22.7741 14.0497 25.1454 -0.352667 0.839134 0.414102
-21.2813 15.1032 24.2607 -0.3374 0.842234 0.420479
-19.6927 16.1716 23.3182 -0.318422 0.850536 0.418564
-18.0817 17.2545 22.3559 -0.317353 0.844326 0.431735
-16.622 18.2976 21.4236 -0.318247 0.839233 0.440917
-15.1165 19.3062 20.5745 -0.308216 0.838646 0.449081
-13.5864 20.3401 19.7044 -0.307577 0.836202 0.454051
-12.108 21.3963 18.7533 -0.301425 0.834541 0.461178
-10.7225 22.4358 17.7368 -0.283568 0.83757 0.466966
-9.59782 23.4841 16.5557 -0.286809 0.829759 0.478774
8.35426 31.0762 3.7919 0.572139 0.786685 0.231608
9.79741 30.3063 2.51407 0.601551 0.783818 0.154162
11.3308 29.284 1.58737 0.579629 0.810627 0.0829659
12.971 28.2167 0.770546 0.557894 0.828911 0.0407655
14.5979 27.0705 0.210773 0.588304 0.808262 0.0246362
13.6099 27.792 -0.377087 0.587372 0.809274 -0.00521941
12.0111 28.9159 -1.01488 0.584354 0.811487 -0.00441712
10.4763 30.018 -1.94163 0.602059 0.797037 -0.0475001
9.06307 30.9911 -3.01206 0.602581 0.786179 -0.137104
8.9161 31.2552 -2.03041 0.651361 0.753468 -0.0895243
9.02697 31.2206 0.0456998 0.63913 0.768315 0.034646
8.75733 31.2024 2.09601 0.612136 0.775155 0.154796
8.30773 31.1274 3.73739 0.57747 0.780295 0.240141
18.8147 24.1421 0.0110101 0.558123 0.82957 0.0176577
20.5615 22.9677 0.306473 0.546455 0.837268 0.0192231
22.1733 21.9096 0.976257 0.540904 0.840672 0.026338
23.719 20.8842 1.79615 0.540786 0.840438 0.0344569
25.2483 19.8358 2.71862 0.540866 0.839191 0.056775
26.7821 18.7961 3.56748 0.53591 0.842606 0.0530508
28.4202 17.6888 4.47663 0.535611 0.841112 0.0751426
29.9856 16.6175 5.36292 0.52831 0.844966 0.0831928
31.5657 15.535 6.23306 0.541057 0.836575 0.0860119
33.1357 14.4421 7.15582 0.526202 0.844858 0.0965715
34.6769 13.3853 8.03659 0.525231 0.844895 0.101377
36.1755 12.3471 8.88242 0.514541 0.849681 0.115275
37.7073 11.2958 9.73106 0.520437 0.84503 0.122733
39.2819 10.179 10.6367 0.524751 0.840334 0.135923
40.7483 9.11932 11.4892 0.525445 0.83959 0.137821
42.285 8.01766 12.365 0.52291 0.839278 0.148799
43.793 6.92651 13.2423 0.50532 0.845655 0.171813
45.319 5.85143 14.0398 0.504093 0.845644 0.175433
46.3943 5.39963 13.1384 0.499205 0.849625 0.170088
47.032 5.39295 11.1134 0.511547 0.847187 0.143505
47.5988 5.36601 9.05606 0.500779 0.856526 0.124835
48.0386 5.34586 7.07783 0.511399 0.855602 0.0801012
48.4002 5.32007 4.91045 0.520486 0.851252 0.0668166
48.5739 5.3396 2.8542 0.515984 0.856255 0.024252
48.6004 5.35665 0.823416 0.511741 0.859087 0.00947075
48.5173 5.39088 -1.28942 0.51014 0.859589 -0.0291589
48.3934 5.38813 -3.3154 0.516007 0.855463 -0.043829
48.1839 5.37118 -5.42141 0.512072 0.856682 -0.0622514
47.8881 5.34823 -7.53265 0.514367 0.852409 -0.0939493
47.3353 5.4118 -9.56901 0.506419 0.849269 -0.149268
46.7268 5.43316 -11.4742 0.504295 0.849691 -0.153982
46.0308 5.47177 -13.4758 0.5048 0.847662 -0.163232
44.6327 6.25802 -13.7101 0.508239 0.84587 -0.161854
43.098 7.33872 -12.8582 0.505758 0.847145 -0.162953
41.5274 8.44746 -11.9853 0.513411 0.844382 -0.153064
40.0004 9.53776 -11.1061 0.52264 0.838811 -0.152458
38.3997 10.6921 -10.235 0.527159 0.838474 -0.138073
36.8495 11.8077 -9.40531 0.534719 0.834187 -0.134936
35.3826 12.8846 -8.53331 0.531141 0.83835 -0.122712
33.9076 13.9458 -7.6979 0.541981 0.832142 -0.117395
32.3454 15.0719 -6.79788 0.545712 0.834747 -0.0724207
30.8354 16.1086 -5.87364 0.541215 0.838731 -0.0601371
29.3357 17.146 -5.01195 0.546639 0.835395 -0.0574498
27.7603 18.2123 -4.12108 0.547694 0.835927 -0.0354587
26.265 19.2293 -3.2507 0.549132 0.835068 -0.0333979
24.6727 20.3092 -2.32449 0.549081 0.835501 -0.0211742
23.0876 21.3477 -1.51001 0.538646 0.842426 -0.0132836
21.5095 22.3714 -0.708114 0.542244 0.840139 0.0117896
19.8879 23.4252 -0.240254 0.555973 0.831037 0.0164718
18.8169 24.1406 0.0112003 0.558124 0.829569 0.0176556
32.0269 15.4985 2.60996 0.530288 0.846495 0.0473308
33.8864 14.3353 2.595 0.528255 0.847805 0.0466087
35.7442 13.1711 2.57736 0.536363 0.843458 0.0298901
37.4547 12.0837 2.56137 0.532249 0.846163 0.0268288
39.1828 11.0047 2.54406 0.530356 0.847291 0.028648
41.0247 9.87605 2.52396 0.515155 0.856506 0.0318183
42.826 8.78849 2.50313 0.514997 0.856838 0.0246138
44.5507 7.76202 2.48467 0.508993 0.860271 0.029314
45.6075 7.13418 2.47366 0.510461 0.859315 0.0317393
45.3191 7.21036 -3.95104 0.518534 0.853032 -0.0588077
43.5729 8.27645 -3.98962 0.523781 0.850014 -0.0559379
41.8582 9.33164 -4.02167 0.519367 0.852516 -0.0589475
40.0712 10.4214 -4.05766 0.51371 0.855878 -0.0597921
38.3095 11.4907 -4.08781 0.523998 0.849489 -0.0616003
36.5891 12.57 -4.11683 0.530389 0.846426 -0.0474286
34.7965 13.693 -4.14209 0.532192 0.84543 -0.0449442
34.5642 13.8393 -4.14417 0.532421 0.845295 -0.0447734
43.2296 7.99679 8.97289 0.505094 0.856605 0.105393
44.514 7.24341 8.91656 0.505605 0.855815 0.109286
-13.8178 15.5086 28.2933 -0.247258 0.840573 0.481976
-15.8584 15.0405 28.0349 -0.257816 0.842166 0.473591
-17.8898 14.5543 27.7699 -0.283428 0.8412 0.460489
-19.9169 13.9831 27.4642 -0.312576 0.846802 0.430374
-19.9175 13.9829 27.4641 -0.306271 0.852217 0.424174
-13.7992 12.5916 33.4096 -0.211587 0.847761 0.486345
-15.7899 12.1991 33.1999 -0.228695 0.851568 0.471731
-17.8161 11.7648 32.9749 -0.238089 0.854318 0.462011
-19.7576 11.3154 32.7451 -0.281265 0.843919 0.456827
-21.8756 10.7444 32.4588 -0.293489 0.840527 0.455388
-23.7885 10.1667 32.1754 -0.334317 0.83672 0.433742
-25.8595 9.52021 31.8625 -0.329066 0.844334 0.422867
-27.2039 9.08724 31.6571 -0.341316 0.845164 0.411341
-25.6037 6.98697 37.1938 -0.300454 0.854806 0.423124
-23.6468 7.51987 37.4364 -0.278197 0.85326 0.441083
-21.5784 8.06244 37.6901 -0.271414 0.852225 0.447267
-19.4335 8.554 37.924 -0.238462 0.856539 0.457686
-17.4887 8.97584 38.131 -0.222367 0.856933 0.464993
-15.5032 9.37277 38.3312 -0.227106 0.846428 0.481646
-13.8335 9.67859 38.4867 -0.168335 0.852529 0.494832
-14.2026 18.5017 -24.0227 -0.265239 0.850348 -0.454485
-13.8878 18.5775 -24.0651 -0.261705 0.849418 -0.458256
-13.8961 15.798 -29.2825 -0.219763 0.871522 -0.438352
-15.9335 15.3564 -29.0429 -0.261214 0.863548 -0.431337
-17.9417 14.8593 -28.7774 -0.277745 0.858364 -0.431357
-19.9394 14.3211 -28.493 -0.296015 0.852789 -0.430262
-21.3518 13.9213 -28.2839 -0.317256 0.848406 -0.42374
-28.5573 9.11651 -32.5555 -0.350496 0.852522 -0.387762
-26.5644 9.77976 -32.8652 -0.335624 0.851609 -0.402641
-24.6091 10.3781 -33.1511 -0.313437 0.854772 -0.413669
-22.6612 10.9385 -33.4235 -0.290267 0.859693 -0.420324
-20.6179 11.4901 -33.6966 -0.286547 0.857158 -0.427984
-18.6474 11.9908 -33.9493 -0.272911 0.85146 -0.447811
-16.7053 12.4414 -34.1816 -0.218986 0.853562 -0.472734
-14.5168 12.8382 -34.3851 -0.188221 0.850259 -0.491562
-13.8025 12.958 -34.4469 -0.179588 0.847064 -0.50023
-13.9134 9.96416 -39.4875 -0.160327 0.846705 -0.507333
-15.8885 9.65098 -39.3342 -0.187516 0.842181 -0.505538
-17.9283 9.26992 -39.1495 -0.210093 0.843917 -0.493624
-19.8829 8.86894 -38.9602 -0.232761 0.847098 -0.477753
-21.9619 8.39557 -38.7388 -0.248811 0.850297 -0.463775
-23.9345 7.91053 -38.5155 -0.272151 0.851347 -0.448488
-25.9492 7.36238 -38.2685 -0.29376 0.856402 -0.424596
-26.6366 7.16741 -38.183 -0.298781 0.856426 -0.421029
-26.7476 7.13537 -38.1693 -0.297926 0.85856 -0.41727
