-38.9171 5.91403 -35.5201 -0.392817 0.858084 -0.330735
-37.6167 5.8715 -37.1318 -0.375829 0.85814 -0.349784
-36.1429 5.84773 -38.6788 -0.355537 0.856573 -0.374
-34.6371 5.83704 -40.0676 -0.333606 0.863779 -0.377611
-33.1299 5.83505 -41.3826 -0.329921 0.862542 -0.383631
-31.5143 5.84194 -42.6596 -0.301251 0.863698 -0.404072
-29.8604 5.84234 -43.842 -0.283689 0.860383 -0.423392
-28.1638 5.84379 -44.9157 -0.259175 0.860282 -0.439003
-26.4101 5.80211 -45.9837 -0.245712 0.859669 -0.447878
-24.5879 5.79782 -46.9666 -0.233481 0.864786 -0.444557
-22.69 5.80084 -47.8319 -0.200778 0.862176 -0.465124
-20.8024 5.84971 -48.5424 -0.199099 0.855356 -0.478243
-18.8312 5.84804 -49.2565 -0.165727 0.857549 -0.486975
-16.8464 5.81836 -49.8993 -0.132022 0.859369 -0.494019
-14.8157 5.81075 -50.4381 -0.117732 0.856374 -0.502742
-12.8433 5.83599 -50.8163 -0.101176 0.85269 -0.512516
-11.1597 6.17848 -50.5613 -0.0892978 0.849257 -0.520371
-11.176 7.28234 -48.7601 -0.094341 0.846358 -0.524192
-11.1405 8.34281 -47.0432 -0.112751 0.848854 -0.516455
-11.1706 9.41059 -45.2921 -0.116102 0.846553 -0.519488
-11.1571 10.5281 -43.4806 -0.115794 0.845145 -0.521844
-11.1425 11.6134 -41.7446 -0.13018 0.837356 -0.530927
-11.149 12.6872 -40.0588 -0.12933 0.837178 -0.531419
-11.119 13.7562 -38.3527 -0.11654 0.845724 -0.520735
-11.1434 14.796 -36.6366 -0.126904 0.853202 -0.505859
-11.1034 15.8487 -34.8329 -0.140343 0.860069 -0.490495
-11.0961 16.8672 -33.0082 -0.148986 0.864791 -0.479519
-11.1311 17.8902 -31.2175 -0.174134 0.851889 -0.493925
-11.1337 18.9073 -29.4234 -0.194196 0.848878 -0.491624
-11.1278 19.983 -27.5804 -0.216167 0.842781 -0.492942
-11.0676 21.0027 -25.8354 -0.222383 0.848228 -0.480683
-11.0113 22.0108 -24.0584 -0.244243 0.847665 -0.470966
-10.9578 23.0026 -22.2984 -0.246394 0.847794 -0.469612
-10.9505 24.0311 -20.4367 -0.262361 0.849668 -0.457418
-10.9961 24.9143 -18.7799 -0.272416 0.844061 -0.461899
-12.4242 23.8932 -19.8291 -0.267957 0.853138 -0.4476
-13.917 22.9084 -20.8041 -0.281207 0.856106 -0.433595
-15.5584 21.8461 -21.7431 -0.307272 0.842199 -0.443028
-17.0501 20.8491 -22.6467 -0.302974 0.850718 -0.429518
-18.6077 19.832 -23.5612 -0.325151 0.852312 -0.409683
-20.1509 18.818 -24.4676 -0.323342 0.856751 -0.401775
-21.7361 17.7692 -25.3877 -0.346859 0.850045 -0.396255
-23.2799 16.7223 -26.2558 -0.347623 0.849926 -0.395957
-24.8567 15.6578 -27.1355 -0.353679 0.84862 -0.39339
-26.3941 14.5741 -28.077 -0.362756 0.848585 -0.385111
-27.9108 13.5472 -28.9136 -0.367766 0.847655 -0.382398
-29.435 12.5189 -29.7541 -0.360923 0.854132 -0.374423
-30.9091 11.4852 -30.6873 -0.358003 0.853862 -0.377807
-32.4649 10.4257 -31.5793 -0.377766 0.850071 -0.366976
-33.9832 9.36352 -32.4652 -0.380718 0.850961 -0.361826
-35.4835 8.33393 -33.3532 -0.37931 0.856706 -0.349541
-36.9685 7.30262 -34.2291 -0.393099 0.855752 -0.336389
-38.48 6.27352 -35.106 -0.392207 0.858091 -0.33144
-38.8535 6.01027 -35.3458 -0.392745 0.858243 -0.330409
-42.6776 6.43346 -29.0392 -0.439217 0.844883 -0.305388
-41.0843 7.58591 -28.1636 -0.443785 0.839708 -0.312963
-39.5443 8.74895 -27.2257 -0.443708 0.84012 -0.311964
-38.0071 9.90481 -26.3096 -0.438821 0.838272 -0.32363
-36.5128 11.0169 -25.4406 -0.429771 0.841731 -0.326771
-34.9923 12.1135 -24.5739 -0.421361 0.844938 -0.329447
-33.4264 13.2648 -23.6567 -0.41884 0.841597 -0.341004
-31.9713 14.3383 -22.7808 -0.416309 0.840668 -0.346352
-30.4385 15.4564 -21.9205 -0.408219 0.841283 -0.354401
-28.9197 16.5567 -21.0419 -0.402755 0.8424 -0.357981
-27.2968 17.7363 -20.124 -0.404214 0.838434 -0.365567
-25.7773 18.8268 -19.2912 -0.394433 0.840781 -0.370822
-24.2511 19.9342 -18.3947 -0.376531 0.840556 -0.389474
-22.6974 21.0519 -17.5003 -0.374965 0.838059 -0.396305
-21.1239 22.1951 -16.5582 -0.36614 0.83734 -0.40596
-19.6174 23.2795 -15.6837 -0.354283 0.839231 -0.412523
-18.1088 24.3602 -14.7728 -0.343353 0.839613 -0.420903
-16.6296 25.4307 -13.8543 -0.343085 0.836368 -0.42753
-15.2483 26.5435 -12.7641 -0.33932 0.839756 -0.423877
-14.1995 27.6469 -11.4178 -0.341699 0.838724 -0.424009
-13.4035 28.8036 -9.77286 -0.359951 0.836803 -0.412547
-13.0077 29.7894 -8.06563 -0.377676 0.843108 -0.382793
-13.0356 30.5532 -6.20556 -0.405033 0.858653 -0.314019
-13.4002 31.0513 -4.13483 -0.427756 0.874028 -0.230434
-13.8392 31.2212 -2.1926 -0.468853 0.877137 -0.101667
-14.0401 31.1561 -0.133817 -0.479633 0.875815 0.0538521
-13.9472 30.9738 2.00662 -0.479858 0.864687 0.1485
-13.5566 30.715 4.02814 -0.437724 0.861156 0.258474
-13.0962 30.2268 6.01749 -0.403175 0.844682 0.352082
-13.0199 29.4273 7.88166 -0.375239 0.834852 0.402763
-13.3257 28.4161 9.64612 -0.357648 0.832198 0.423715
-14.0479 27.2809 11.2757 -0.343758 0.835102 0.429459
-15.1438 26.1078 12.6895 -0.339743 0.836584 0.42977
-16.4745 25.0176 13.7543 -0.346039 0.834703 0.428397
-17.984 23.8799 14.7461 -0.355094 0.835312 0.419716
-19.4768 22.81 15.5989 -0.367389 0.835469 0.408656
-21.0652 21.6748 16.4652 -0.37858 0.833486 0.402466
-22.6138 20.5088 17.3839 -0.39166 0.827383 0.402539
-24.1518 19.3737 18.2409 -0.399255 0.831214 0.386883
-25.6599 18.2386 19.1218 -0.400411 0.835741 0.375776
-27.1578 17.1191 20.0152 -0.406424 0.837406 0.365474
-28.6226 16.0338 20.8766 -0.412702 0.836483 0.360518
-30.1721 14.8794 21.7809 -0.412364 0.839102 0.354772
-31.6862 13.7512 22.6921 -0.415488 0.840337 0.348144
-33.1794 12.6859 23.4988 -0.414315 0.842862 0.343405
-34.7245 11.5822 24.3482 -0.413177 0.843878 0.342278
-36.1973 10.5201 25.1963 -0.412123 0.845032 0.340698
-37.687 9.43909 26.0712 -0.413187 0.844362 0.34107
-39.2428 8.30182 27.019 -0.414813 0.845293 0.336764
-40.8164 7.15281 27.9401 -0.422405 0.842932 0.333225
-42.3894 6.02188 28.8284 -0.42409 0.843426 0.32981
-43.8642 4.93333 29.7128 -0.426519 0.845203 0.322042
-45.3551 3.84282 30.5491 -0.444122 0.83696 0.31977
-46.8124 2.73715 31.4221 -0.447062 0.837479 0.314269
-47.1317 2.07507 32.7693 -0.447838 0.842066 0.300609
-46.0624 2.0301 34.4646 -0.434703 0.846372 0.307698
-44.8739 2.00146 36.1622 -0.422217 0.850191 0.314495
-43.6511 1.99061 37.7649 -0.4031 0.854344 0.328027
-42.4064 1.95109 39.3622 -0.388312 0.856367 0.340367
-41.0225 1.93411 40.9327 -0.379453 0.855274 0.352869
-39.549 1.94583 42.4051 -0.361392 0.857332 0.366577
-38.0359 1.94734 43.8855 -0.358657 0.856267 0.371714
-36.5144 1.95702 45.2605 -0.333229 0.856946 0.393184
-34.8785 1.9464 46.6101 -0.316168 0.858601 0.403532
-33.273 1.94 47.8319 -0.29848 0.85803 0.41796
-31.5791 1.95023 48.9523 -0.285461 0.856552 0.42992
-29.8707 1.95204 50.0371 -0.267639 0.85326 0.447567
-28.0457 1.98878 50.9979 -0.240887 0.852581 0.463766
-26.1691 1.95999 51.964 -0.216158 0.857888 0.466155
-24.3048 1.96488 52.7768 -0.2006 0.858415 0.472105
-22.3128 1.98182 53.5503 -0.184469 0.854738 0.485168
-20.2554 1.97697 54.3026 -0.15466 0.854614 0.495613
-18.1439 1.96745 54.9158 -0.135421 0.848981 0.510777
-16.1576 1.96028 55.4162 -0.11536 0.849734 0.514436
-14.0862 1.98791 55.7956 -0.0981791 0.851076 0.515781
-12.0838 1.98907 56.1449 -0.0809192 0.84937 0.521559
-10.0517 1.99564 56.3992 -0.0541496 0.848718 0.526067
-8.03679 2.01083 56.5728 -0.0430569 0.844036 0.534544
-5.98093 2.05391 56.6433 -0.033238 0.841655 0.538991
-3.90147 2.09143 56.6877 -0.0220484 0.83871 0.544132
-3.7814 3.23839 54.9248 -0.0295173 0.839537 0.542499
-3.76794 4.33199 53.2245 -0.0277365 0.843471 0.536458
-3.81505 5.46053 51.4478 -0.0346249 0.841812 0.538658
-3.80854 6.58595 49.6877 -0.0454144 0.841913 0.537699
-3.74824 7.73894 47.9016 -0.046948 0.839548 0.541253
-3.74188 8.83868 46.2047 -0.053804 0.837279 0.544122
-3.77734 9.93117 44.528 -0.0593399 0.835673 0.546012
-3.7635 11.0349 42.8456 -0.0629912 0.832052 0.551103
-3.76636 12.1498 41.1598 -0.0715724 0.832821 0.548896
-3.75978 13.2863 39.4445 -0.0787014 0.83055 0.551356
-3.74217 14.4042 37.7458 -0.0913494 0.834784 0.542946
-3.76791 15.5549 35.9589 -0.107749 0.835678 0.538547
-3.7694 16.6599 34.2571 -0.108754 0.83244 0.543336
-3.74866 17.7602 32.5702 -0.125071 0.831724 0.540919
-3.76488 18.8771 30.8501 -0.131695 0.831034 0.540407
-3.71186 20.0113 29.1364 -0.140804 0.827053 0.544203
-3.7989 21.186 27.3121 -0.152915 0.83149 0.534081
-3.73614 22.3027 25.5975 -0.171818 0.83054 0.529794
-3.75959 23.4578 23.7931 -0.184084 0.826513 0.531963
-3.76642 24.5926 21.9938 -0.198191 0.829999 0.521365
-3.57237 25.7311 20.2431 -0.207015 0.831502 0.515509
-3.09734 26.8504 18.6135 -0.203088 0.834553 0.512125
-2.29715 27.9347 17.1242 -0.189818 0.841444 0.505905
-1.06974 29.0005 15.7809 -0.163704 0.845399 0.508424
0.433294 29.8975 14.7258 -0.125768 0.853869 0.505064
2.25083 30.52 14.0005 -0.0572248 0.861186 0.505036
4.32135 30.8665 13.4003 0.0416493 0.883087 0.467358
6.18515 30.9724 12.643 0.164757 0.894227 0.41619
8.02147 30.973 11.5594 0.307821 0.873096 0.378088
9.68153 30.8411 10.2361 0.374242 0.8781 0.298133
11.1822 30.5721 8.85121 0.442475 0.86146 0.249201
12.8129 29.9263 7.63637 0.512361 0.841893 0.169419
14.4749 29.0247 6.9156 0.528215 0.837846 0.137853
16.1788 27.9857 6.57647 0.534354 0.837248 0.116102
17.9794 26.8162 6.65658 0.541401 0.833249 0.112171
19.6486 25.6706 7.15747 0.540124 0.834419 0.109562
21.1793 24.5805 7.87079 0.539325 0.834257 0.11464
22.6346 23.5193 8.75417 0.53693 0.83513 0.119433
24.1109 22.4517 9.58761 0.534325 0.835381 0.128978
25.5848 21.3846 10.4491 0.525841 0.839632 0.13605
27.0941 20.2986 11.2934 0.524411 0.839342 0.143169
28.6371 19.1798 12.1558 0.522935 0.838827 0.151305
30.2214 18.026 13.0865 0.516477 0.839343 0.169567
31.7449 16.8965 13.9834 0.519199 0.833226 0.190166
33.243 15.7612 14.8658 0.517475 0.832415 0.198253
34.7478 14.622 15.6883 0.519212 0.829825 0.204452
36.2187 13.4745 16.6214 0.511836 0.831993 0.214037
37.7816 12.281 17.4816 0.509124 0.829061 0.231193
39.3185 11.1115 18.2681 0.508446 0.82777 0.237225
40.8309 9.93567 19.1708 0.500896 0.831987 0.238539
42.294 8.81231 20.0275 0.498645 0.832881 0.240131
43.7354 7.70212 20.8941 0.494118 0.834517 0.243781
45.2115 6.60215 21.705 0.486849 0.838877 0.24343
46.7085 5.48506 22.6229 0.474461 0.844781 0.24745
48.2111 4.38525 23.478 0.477013 0.842533 0.250193
49.7503 3.25053 24.3279 0.481294 0.838559 0.255293
51.3292 2.11005 25.091 0.47741 0.838466 0.262781
52.4713 2.00746 23.3352 0.471723 0.844167 0.254675
53.4228 1.99916 21.5501 0.475517 0.845361 0.243407
54.2952 2.00547 19.7152 0.480012 0.850396 0.215441
55.1365 2.00315 17.8007 0.478641 0.855641 0.19688
55.8731 1.98969 15.9374 0.492461 0.852383 0.175829
56.4856 2.01853 13.9672 0.49949 0.850951 0.162457
57.1308 1.97709 11.9586 0.508735 0.851603 0.126338
57.6162 1.96591 9.89465 0.508994 0.854555 0.103182
57.9051 1.98875 7.91066 0.512774 0.855296 0.0743673
58.1734 1.97962 5.80216 0.520025 0.852549 0.0522979
58.3742 1.96482 3.66318 0.525224 0.850495 0.028243
58.4037 1.99606 1.60602 0.52863 0.848684 0.0164873
58.3835 1.99567 -0.562633 0.530149 0.847738 -0.0167888
58.3187 1.98032 -2.71996 0.528432 0.848283 -0.0341676
58.1231 2.00226 -4.74801 0.529789 0.846312 -0.0554742
57.8694 1.99665 -6.8517 0.524297 0.848162 -0.075612
57.4984 1.99818 -9.02577 0.525238 0.845332 -0.0976719
57.095 1.97601 -11.0106 0.518276 0.846272 -0.123346
56.5272 1.98156 -13.0504 0.504706 0.849398 -0.154254
55.9044 1.99071 -14.9739 0.499502 0.850737 -0.16354
55.245 1.9963 -16.8911 0.499023 0.845988 -0.187829
54.4181 2.0078 -18.8042 0.481849 0.850238 -0.21193
53.5711 1.99528 -20.6898 0.476604 0.848739 -0.229086
52.6025 2.02403 -22.4615 0.471847 0.844387 -0.253713
51.5643 2.04517 -24.2896 0.469489 0.842311 -0.264749
50.1694 2.73359 -24.6031 0.473767 0.838557 -0.268997
48.6745 3.85016 -23.747 0.476184 0.838513 -0.264846
47.112 5.03412 -22.8262 0.484661 0.835041 -0.260404
45.5618 6.22844 -21.9046 0.494364 0.833034 -0.248311
44.0768 7.36622 -21.0514 0.497241 0.832401 -0.244662
42.5768 8.5334 -20.1781 0.508796 0.826945 -0.239339
41.0628 9.70388 -19.3403 0.515162 0.827656 -0.222697
39.5727 10.8637 -18.4963 0.522794 0.822533 -0.223882
38.1282 12.0139 -17.6684 0.520771 0.825287 -0.218367
36.6657 13.1615 -16.7978 0.530232 0.82271 -0.204945
35.1058 14.3885 -15.8803 0.531199 0.827193 -0.18325
33.616 15.5305 -15.0825 0.53862 0.823365 -0.178765
32.1214 16.6853 -14.2193 0.537962 0.824239 -0.176709
30.6473 17.8258 -13.3482 0.543221 0.824987 -0.155907
29.1227 18.9924 -12.4676 0.541992 0.826804 -0.150462
27.5937 20.1399 -11.6102 0.536518 0.831902 -0.141688
26.0449 21.2951 -10.6606 0.539709 0.83261 -0.124394
24.3801 22.5091 -9.73255 0.542189 0.832085 -0.116904
22.8297 23.6455 -8.86975 0.545426 0.830156 -0.11553
21.3405 24.7251 -8.00874 0.546516 0.832137 -0.0941506
19.7737 25.844 -7.18702 0.545748 0.834098 -0.0802493
18.0743 27.0132 -6.67848 0.549875 0.832282 -0.0703148
16.3514 28.1573 -6.5281 0.544768 0.835165 -0.0755821
14.6061 29.2434 -6.81158 0.533875 0.840885 -0.0888091
12.8848 30.2185 -7.52975 0.509641 0.85147 -0.123233
11.3738 30.8885 -8.66044 0.471846 0.865053 -0.170426
9.90338 31.2402 -10.0832 0.393103 0.868825 -0.301019
8.3187 31.3535 -11.368 0.287661 0.865435 -0.41012
6.58244 31.3343 -12.4688 0.22474 0.865761 -0.447158
4.75815 31.3141 -13.2858 0.150163 0.863774 -0.4807
2.74068 31.1273 -13.9159 0.00478517 0.843592 -0.536964
0.807024 30.5807 -14.6265 -0.101612 0.841423 -0.530678
-0.779638 29.7358 -15.5749 -0.151183 0.837391 -0.525241
-2.03677 28.7264 -16.7689 -0.190515 0.833122 -0.519242
-2.92303 27.5646 -18.2939 -0.204504 0.831433 -0.516621
-3.51324 26.4479 -19.8594 -0.205038 0.83114 -0.516878
-3.70959 25.3578 -21.535 -0.201607 0.829685 -0.520555
-3.733 24.2652 -23.265 -0.184308 0.831842 -0.523515
-3.78432 23.1713 -24.9952 -0.171106 0.832594 -0.526792
-3.80004 22.0249 -26.7938 -0.158553 0.835223 -0.526557
-3.74702 20.9528 -28.5144 -0.150086 0.836255 -0.5274
-3.7227 19.8705 -30.2559 -0.142045 0.840759 -0.522443
-3.77625 18.7626 -31.9986 -0.129519 0.835321 -0.534287
-3.75609 17.603 -33.8229 -0.117882 0.838095 -0.532632
-3.73565 16.5339 -35.515 -0.1118 0.83985 -0.531181
-3.78578 15.4224 -37.258 -0.109726 0.834457 -0.540039
-3.76548 14.3312 -38.9368 -0.0916543 0.833715 -0.544533
-3.75543 13.1638 -40.7345 -0.0866873 0.835819 -0.542119
-3.75724 12.055 -42.4451 -0.0859292 0.835655 -0.542491
-3.7711 10.9186 -44.1731 -0.0716441 0.834975 -0.545603
-3.77615 9.73387 -45.981 -0.0649411 0.833867 -0.548132
-3.74789 8.57612 -47.7515 -0.0593214 0.834392 -0.54797
-3.74335 7.45651 -49.4589 -0.0503414 0.832325 -0.551989
-3.77008 6.30006 -51.21 -0.0378697 0.836034 -0.54737
-3.75957 5.19093 -52.9012 -0.0310127 0.834319 -0.550408
-3.80903 4.04338 -54.6665 -0.0226399 0.83976 -0.542486
-3.78588 2.8344 -56.5124 -0.0159988 0.83422 -0.5512
-4.59249 2.04803 -57.6986 3.70044e-05 0.835627 -0.549298
-6.59247 2.06978 -57.6275 -0.0198409 0.841825 -0.539379
-8.59345 2.02631 -57.5832 -0.0381894 0.844996 -0.533407
-10.5938 1.99997 -57.4476 -0.0523262 0.847793 -0.527733
-12.5988 1.95831 -57.282 -0.0697843 0.850844 -0.520749
-14.6287 1.96405 -56.9471 -0.0940799 0.851507 -0.515834
-16.6828 1.97949 -56.5382 -0.104091 0.84987 -0.516564
-18.739 2.00689 -55.9535 -0.152887 0.8481 -0.507299
-20.6468 1.99586 -55.3541 -0.170246 0.851704 -0.495597
-22.5672 1.98707 -54.7029 -0.177244 0.850967 -0.494409
-24.5437 1.9961 -53.9435 -0.197288 0.849066 -0.490052
-26.4761 1.97998 -53.1401 -0.213466 0.854721 -0.473163
-28.2535 2.00307 -52.1878 -0.252228 0.854965 -0.453229
-30.0654 1.97698 -51.1902 -0.264753 0.852493 -0.450735
-31.7516 1.99874 -50.1127 -0.288956 0.848295 -0.443724
-33.4569 1.98881 -48.9933 -0.299938 0.848772 -0.435457
-35.2125 1.96879 -47.7959 -0.31393 0.846444 -0.430094
-36.7991 2.00782 -46.5019 -0.330746 0.845012 -0.420193
-38.392 1.99188 -45.2424 -0.342229 0.846962 -0.406859
-39.9495 1.9975 -43.8448 -0.365098 0.848941 -0.382093
-41.4035 1.99695 -42.3955 -0.376409 0.851087 -0.366003
-42.8155 2.01534 -40.8002 -0.395353 0.851089 -0.34546
-44.2229 1.99828 -39.1257 -0.417425 0.847895 -0.326846
-45.4183 2.01831 -37.503 -0.429685 0.848017 -0.310224
-46.6236 2.01461 -35.7763 -0.440149 0.849184 -0.291814
-47.7104 2.04295 -34.0106 -0.455925 0.844311 -0.281552
-48.1574 2.39482 -32.2174 -0.472095 0.836351 -0.278635
-46.5939 3.56025 -31.3165 -0.460488 0.84081 -0.284587
-45.0003 4.73372 -30.3855 -0.447507 0.843944 -0.295799
-43.5122 5.82994 -29.5087 -0.439972 0.844557 -0.305202
-42.7828 6.35744 -29.0982 -0.439216 0.844883 -0.305388
-7.13977 34.7103 -4.64477 -0.562753 0.726862 -0.392535
-5.69882 34.7686 -6.15839 -0.465864 0.728915 -0.501651
-3.97248 34.8025 -7.33039 -0.354436 0.733924 -0.579422
-2.12605 34.7187 -8.28928 -0.209131 0.741289 -0.637767
-0.0849912 34.7344 -8.80301 -0.0841917 0.757977 -0.646371
1.9204 34.858 -8.68934 0.0730074 0.776992 -0.624928
3.81114 35.0084 -8.00706 0.251298 0.771244 -0.58424
5.48508 34.9196 -6.88515 0.48672 0.765479 -0.420767
6.75205 34.8498 -5.15049 0.596236 0.750834 -0.284166
7.47549 34.8251 -3.21828 0.651154 0.743638 -0.150778
7.90103 34.7254 -1.10647 0.676876 0.734002 -0.055492
7.8366 34.7385 0.914305 0.67526 0.734985 0.0618211
7.28054 34.8787 2.83482 0.623237 0.761243 0.179122
6.39397 34.9254 4.72826 0.558323 0.748038 0.358768
5.06908 34.9147 6.30106 0.416935 0.782775 0.461833
3.29428 34.9448 7.43435 0.225695 0.760849 0.608417
1.32432 34.8177 7.94777 0.0435937 0.758291 0.650093
-0.695238 34.7348 7.94244 -0.110678 0.724985 0.679814
-2.80361 34.7512 7.32688 -0.28831 0.69497 0.658706
-4.61191 34.8091 6.25529 -0.407214 0.714391 0.568701
-6.32402 34.7854 4.86041 -0.46591 0.732612 0.496193
-7.66566 34.7612 3.24229 -0.586329 0.731431 0.348169
-8.40041 34.7855 1.38437 -0.634633 0.752271 0.176922
-8.47315 34.8642 -0.653331 -0.638681 0.765913 -0.0723057
-8.04743 34.8151 -2.69442 -0.607927 0.758963 -0.233237
-7.16806 34.7099 -4.60097 -0.580688 0.725918 -0.368571
-10.8891 24.4589 18.7459 -0.275154 0.843383 0.46151
-12.3928 23.4026 19.7772 -0.281036 0.849192 0.447092
-13.9731 22.3178 20.7781 -0.296507 0.837138 0.459656
-15.4636 21.2983 21.6873 -0.296125 0.841482 0.451903
-17.1182 20.2218 22.6175 -0.300233 0.842143 0.447931
-18.6665 19.1714 23.5369 -0.307349 0.841396 0.444511
-20.2454 18.1127 24.4513 -0.326161 0.843086 0.427575
-21.785 17.0753 25.2963 -0.336709 0.842561 0.42038
-23.3181 15.9796 26.2473 -0.348787 0.840931 0.413742
-24.8258 14.8881 27.2029 -0.348754 0.843497 0.408511
-26.3757 13.8348 28.055 -0.353828 0.845165 0.400628
-27.8772 12.805 28.9226 -0.359079 0.848322 0.389116
-29.4949 11.6753 29.8449 -0.372203 0.845527 0.382816
-30.9314 10.6299 30.764 -0.371698 0.845068 0.384317
-32.5201 9.55367 31.603 -0.371815 0.846135 0.381851
-33.9929 8.48627 32.4992 -0.382205 0.84209 0.38053
-35.4875 7.42714 33.4084 -0.373028 0.856935 0.355685
-37.1064 6.37545 34.2374 -0.379892 0.854801 0.353526
-37.2619 5.77063 35.5425 -0.376737 0.858399 0.348154
-35.8334 5.74898 37.1223 -0.365189 0.859744 0.357029
-34.3947 5.7357 38.5242 -0.348582 0.86013 0.372381
-32.9538 5.69703 39.9128 -0.319828 0.862976 0.391129
-31.404 5.66831 41.2346 -0.311863 0.868231 0.385898
-29.6892 5.68385 42.4883 -0.283682 0.870186 0.402865
-28.0411 5.68171 43.6258 -0.269926 0.865541 0.421874
-26.1482 5.67468 44.7652 -0.246373 0.870976 0.42509
-24.2381 5.69003 45.7826 -0.225791 0.864548 0.448972
-22.4247 5.68969 46.678 -0.213601 0.868316 0.447663
-20.5093 5.72247 47.4419 -0.183055 0.869778 0.458233
-18.4862 5.73412 48.1904 -0.172156 0.859982 0.48041
-16.548 5.78188 48.7691 -0.150011 0.858094 0.491091
-14.5304 5.85192 49.2169 -0.137642 0.855375 0.499387
-12.5267 5.89255 49.6477 -0.108337 0.851809 0.512492
-11.1786 6.36255 49.1316 -0.0989608 0.849902 0.517561
-11.1419 7.44293 47.3796 -0.116254 0.8444 0.522947
-11.0943 8.53695 45.6312 -0.124141 0.844983 0.520177
-11.152 9.5846 43.8984 -0.126884 0.84663 0.516834
-11.1233 10.6532 42.1492 -0.133616 0.848476 0.512081
-11.0933 11.7415 40.3557 -0.152761 0.849339 0.505259
-11.0947 12.8216 38.5549 -0.158874 0.846765 0.507682
-11.0405 13.9273 36.7251 -0.157645 0.844652 0.511577
-11.0857 14.9777 34.9992 -0.163964 0.842507 0.513126
-11.1503 16.0261 33.2585 -0.166741 0.841291 0.514224
-11.1466 17.1444 31.3937 -0.187931 0.84838 0.494908
-11.0704 18.209 29.6381 -0.202244 0.841719 0.500605
-11.0273 19.2317 27.9166 -0.213807 0.839939 0.498787
-11.0344 20.2936 26.104 -0.22359 0.849936 0.477092
-11.0177 21.32 24.2867 -0.242597 0.843625 0.479003
-11.054 22.3479 22.4726 -0.251663 0.84296 0.475477
-11.0059 23.352 20.7041 -0.266238 0.84556 0.462759
-10.9314 24.3862 18.8533 -0.273744 0.843165 0.462749
21.6498 24.9092 -0.0479335 0.539515 0.841736 0.0201265
23.1981 23.9278 -0.734641 0.543412 0.839465 -0.00101968
24.7852 22.9031 -1.6302 0.535545 0.844361 -0.0156141
26.3302 21.9055 -2.43232 0.527656 0.848965 -0.0289575
27.8291 20.9106 -3.32712 0.5492 0.834505 -0.0445077
29.4793 19.7776 -4.23977 0.538934 0.840757 -0.0517457
31.0457 18.7206 -5.11902 0.537966 0.839998 -0.0706765
32.5818 17.6702 -6.00796 0.543557 0.836271 -0.0719706
34.1407 16.5649 -6.97847 0.522433 0.849008 -0.0789574
35.755 15.4513 -7.84817 0.54038 0.833066 -0.118281
37.2311 14.377 -8.73305 0.540489 0.831846 -0.126109
38.7061 13.2815 -9.62411 0.533601 0.835156 -0.133356
40.2284 12.1804 -10.4502 0.531572 0.836089 -0.135594
41.7507 11.0837 -11.2252 0.517891 0.840798 -0.157589
43.2854 9.97938 -12.1455 0.510097 0.845606 -0.157312
44.8225 8.90543 -12.9724 0.505431 0.847593 -0.161637
46.3323 7.84532 -13.807 0.503161 0.848778 -0.162496
47.9146 6.71787 -14.7315 0.497806 0.847145 -0.185829
49.2869 5.90986 -14.7389 0.499512 0.84612 -0.185928
49.9566 5.88992 -12.8454 0.49718 0.854165 -0.152352
50.5827 5.8644 -10.8776 0.500447 0.853241 -0.146737
51.123 5.86107 -8.86836 0.502748 0.857389 -0.110132
51.4767 5.90559 -6.7495 0.508033 0.857645 -0.0796679
51.7807 5.89354 -4.59104 0.504119 0.861281 -0.0637137
51.967 5.89656 -2.53563 0.508509 0.860244 -0.0374092
52.0342 5.90302 -0.460272 0.510464 0.85987 -0.00705028
52.0998 5.85903 1.58075 0.50619 0.862223 0.0183618
52.0276 5.82669 3.63481 0.506869 0.860244 0.0552107
51.8055 5.80953 5.67781 0.506992 0.859533 0.0645133
51.4808 5.8254 7.71255 0.505663 0.85882 0.0820522
51.1065 5.81987 9.76321 0.500828 0.858137 0.112986
50.5254 5.86291 11.8086 0.492894 0.857137 0.149569
49.8677 5.84889 13.8557 0.496627 0.851711 0.167175
48.8862 6.13952 15.2731 0.495654 0.84901 0.183031
47.2715 7.26336 14.3639 0.492859 0.851593 0.178545
45.6764 8.38827 13.4951 0.504045 0.845757 0.175026
44.1863 9.45981 12.6006 0.516818 0.841007 0.159899
42.6522 10.5743 11.7093 0.52793 0.837807 0.139175
41.1519 11.6592 10.9317 0.530137 0.836153 0.14072
39.6694 12.7236 10.1159 0.527807 0.839415 0.129622
38.1116 13.8226 9.1627 0.536159 0.838337 0.0983998
36.5798 14.8827 8.24646 0.517806 0.851955 0.0777787
35.0434 15.9162 7.39627 0.525044 0.846092 0.0919613
33.4927 16.974 6.523 0.529124 0.843572 0.0916506
31.962 18.0364 5.58514 0.531871 0.84353 0.0746334
30.3823 19.1178 4.74073 0.535137 0.841171 0.0777414
28.8664 20.1549 3.86215 0.534179 0.843066 0.0623957
27.2358 21.2391 2.9729 0.52832 0.847219 0.0556695
25.6687 22.2817 2.05198 0.535082 0.843635 0.0443526
24.1281 23.2967 1.15827 0.532759 0.845701 0.0309353
22.4402 24.392 0.345478 0.539537 0.841657 0.0226301
21.8047 24.8066 0.0852351 0.539738 0.841572 0.0209522
34.065 16.8997 2.61973 0.531107 0.84665 0.0333154
35.7833 15.8188 2.6043 0.533747 0.845129 0.0295241
37.4996 14.7436 2.58905 0.529442 0.847962 0.0255422
39.3141 13.611 2.57219 0.529936 0.847641 0.0259285
41.0356 12.5249 2.555 0.535742 0.843817 0.0308855
42.7534 11.4641 2.53615 0.519707 0.853656 0.0342978
44.5929 10.3403 2.51564 0.518464 0.854681 0.0267256
46.3447 9.28785 2.49795 0.51353 0.857521 0.0307263
48.0827 8.2415 2.48432 0.515079 0.856331 0.0372927
48.8546 7.77475 2.47496 0.520291 0.853467 0.0298549
48.5722 7.85963 -3.80333 0.518953 0.853513 -0.046939
46.7932 8.94417 -3.83765 0.521883 0.851075 -0.057531
45.0238 10.0322 -3.87312 0.52726 0.847908 -0.0552184
43.1946 11.1668 -3.90814 0.523947 0.849682 -0.059331
41.4524 12.235 -3.9391 0.520208 0.851137 -0.0703507
39.6353 13.3458 -3.96594 0.526397 0.847373 -0.0697461
37.8264 14.4735 -3.99269 0.532812 0.84439 -0.0558233
36.3586 15.4082 -4.0135 0.543057 0.838271 -0.048886
45.1662 9.47101 8.87586 0.511203 0.853488 0.101144
47.0225 8.36137 8.80091 0.515147 0.850421 0.10681
47.9987 7.77255 8.764 0.512109 0.851315 0.11405
-14.6305 18.1297 28.0506 -0.264155 0.844375 0.466104
-16.6122 17.635 27.771 -0.277696 0.845385 0.456299
-18.2995 17.2006 27.5287 -0.289635 0.847355 0.445086
-14.8405 15.2696 33.0653 -0.242978 0.835785 0.492367
-16.8977 14.8122 32.8134 -0.247821 0.843746 0.476107
-18.8836 14.3441 32.5597 -0.260191 0.843412 0.470061
-20.8183 13.8717 32.3089 -0.289056 0.844403 0.451032
-22.9259 13.2915 32.0069 -0.312392 0.845876 0.432326
-24.8589 12.6973 31.7014 -0.335935 0.845515 0.415033
-25.2004 12.5885 31.6465 -0.335483 0.845552 0.415323
-32.2918 7.7769 35.7967 -0.348775 0.858353 0.37628
-30.2581 8.45055 36.1005 -0.330744 0.861965 0.38422
-28.2638 9.05144 36.3768 -0.313712 0.855401 0.412157
-26.352 9.63875 36.6521 -0.323597 0.849286 0.417131
-24.3139 10.2088 36.9236 -0.283863 0.850017 0.443726
-22.377 10.7353 37.1815 -0.282038 0.844232 0.45577
-20.3944 11.1993 37.4108 -0.236654 0.844391 0.480623
-18.4093 11.6281 37.6272 -0.228051 0.846807 0.480531
-16.2987 12.0693 37.8571 -0.23096 0.842115 0.48734
-14.7185 12.3803 38.0227 -0.203837 0.845286 0.493906
-14.8557 9.49068 42.9413 -0.17526 0.848415 0.499475
-16.9444 9.12583 42.7584 -0.200641 0.8542 0.479672
-19.0152 8.74237 42.5707 -0.208446 0.856547 0.4721
-20.9881 8.3436 42.3807 -0.222141 0.854149 0.470195
-23.022 7.901 42.1766 -0.255343 0.859194 0.44338
-24.358 7.57398 42.0261 -0.263778 0.861607 0.433652
-19.5625 17.1231 -28.335 -0.28771 0.853065 -0.435319
-17.52 17.6429 -28.6224 -0.279991 0.846274 -0.453239
-15.5743 18.1031 -28.8808 -0.251203 0.854883 -0.453951
-14.8299 18.2676 -28.9721 -0.23916 0.857079 -0.456309
-14.895 15.514 -34.0462 -0.227603 0.854337 -0.467231
-16.9493 15.0797 -33.8079 -0.24383 0.85416 -0.459301
-18.9101 14.6355 -33.5712 -0.257943 0.857716 -0.444734
-20.849 14.1652 -33.3237 -0.266631 0.857748 -0.439519
-22.9704 13.5791 -33.0212 -0.308388 0.852729 -0.421603
-24.8754 13.0191 -32.7376 -0.324293 0.849187 -0.416791
-26.8045 12.4047 -32.4314 -0.345302 0.845482 -0.407341
-33.4955 7.78603 -36.7202 -0.358582 0.856456 -0.371352
-31.4806 8.45615 -37.0125 -0.335068 0.856429 -0.392758
-29.5663 9.07776 -37.2921 -0.336417 0.854658 -0.395453
-27.5124 9.71069 -37.5826 -0.306491 0.854012 -0.420389
-25.4988 10.271 -37.8441 -0.290403 0.858612 -0.422435
-23.5246 10.8016 -38.0987 -0.265914 0.854991 -0.445286
-21.4633 11.2993 -38.3414 -0.254555 0.85059 -0.460106
-19.3922 11.7871 -38.5861 -0.252029 0.8461 -0.469676
-17.3318 12.1959 -38.7946 -0.202721 0.849087 -0.487807
-15.3413 12.5668 -38.9852 -0.206172 0.839058 -0.503463
-14.8795 12.6507 -39.0292 -0.19104 0.836133 -0.514184
-14.8786 9.69983 -43.9175 -0.137135 0.849389 -0.50964
-17.0206 9.42097 -43.7889 -0.162206 0.851339 -0.49891
-19.0919 9.06407 -43.6178 -0.213927 0.857209 -0.468432
-21.1051 8.65172 -43.4227 -0.22312 0.854823 -0.468504
-23.0529 8.2204 -43.2205 -0.24844 0.850795 -0.463061
-24.9502 7.77261 -43.0193 -0.255713 0.85637 -0.448599
-25.1377 7.7276 -42.9989 -0.25444 0.856901 -0.448308
