-47.1497 5.40278 38.0033 -0.43305 0.838444 0.330868
-45.9475 5.35048 39.6743 -0.413899 0.84841 0.329981
-44.594 5.33883 41.315 -0.400462 0.849369 0.343806
-43.2488 5.33773 42.8552 -0.391345 0.851407 0.34922
-41.8263 5.34775 44.3741 -0.376386 0.849789 0.369032
-40.3439 5.39044 45.7695 -0.373333 0.844296 0.384417
-38.8478 5.39717 47.1395 -0.354878 0.843673 0.402836
-37.2529 5.40799 48.4453 -0.331079 0.840756 0.428387
-35.5218 5.39889 49.7651 -0.309982 0.853311 0.419252
-33.9064 5.37464 50.9433 -0.293058 0.846874 0.443758
-32.1707 5.36227 52.0654 -0.26719 0.850976 0.452161
-30.4417 5.35792 53.0959 -0.260494 0.854552 0.449314
-28.6199 5.37719 54.0735 -0.24969 0.850576 0.46279
-26.7262 5.3961 54.9583 -0.200792 0.848635 0.489388
-24.7924 5.36809 55.7908 -0.19694 0.850367 0.487944
-22.8842 5.36635 56.5356 -0.183067 0.846125 0.500559
-20.8993 5.36798 57.2085 -0.154644 0.845873 0.510474
-18.9169 5.3305 57.8032 -0.129196 0.844078 0.520423
-16.9487 5.30715 58.2855 -0.106929 0.838421 0.534429
-14.937 5.27342 58.7116 -0.0962429 0.83895 0.535629
-12.89 5.28463 59.0735 -0.0972885 0.846666 0.523155
-10.7636 5.29288 59.3927 -0.065643 0.849007 0.524288
-9.28444 5.66351 58.9744 -0.0587323 0.848398 0.52609
-9.27893 6.7217 57.2754 -0.0625101 0.846115 0.529322
-9.20265 7.80412 55.5499 -0.0658948 0.84833 0.525349
-9.18252 8.86837 53.8236 -0.0673147 0.848596 0.524742
-9.22095 9.97987 52.0345 -0.0665838 0.842994 0.533786
-9.19292 11.155 50.1818 -0.0770794 0.845912 0.527724
-9.20347 12.2407 48.4474 -0.0822982 0.842762 0.531958
-9.24975 13.3477 46.6886 -0.0894054 0.844269 0.52839
-9.20516 14.4028 44.9838 -0.0959262 0.846031 0.524428
-9.19917 15.5403 43.1184 -0.118935 0.85421 0.506142
-9.15607 16.6654 41.2941 -0.129028 0.842295 0.523345
-9.15888 17.7234 39.5847 -0.137429 0.840501 0.524078
-9.14641 18.8422 37.8101 -0.142157 0.838393 0.526202
-9.18224 19.9255 36.0744 -0.155656 0.83669 0.525088
-9.19207 21.0741 34.2275 -0.169637 0.835874 0.522051
-9.17447 22.1657 32.4982 -0.173413 0.831752 0.527367
-9.16671 23.3103 30.6923 -0.184076 0.831465 0.524196
-9.13195 24.3987 28.964 -0.18987 0.833465 0.518924
-9.18232 25.4895 27.1494 -0.218747 0.837513 0.500718
-9.70009 26.3954 25.3922 -0.237502 0.836174 0.494371
-10.2397 27.2753 23.6135 -0.255111 0.836288 0.485325
-10.5596 28.1886 21.8417 -0.262579 0.838576 0.477329
-10.7471 29.149 20.0606 -0.281611 0.833645 0.475097
-10.7956 30.1253 18.3078 -0.289679 0.836767 0.464616
-12.3129 29.2872 18.8317 -0.302622 0.835855 0.458003
-13.9942 28.2256 19.6714 -0.297749 0.841641 0.450506
-15.7109 27.3027 20.2342 -0.313658 0.83988 0.442968
-17.4554 26.4024 20.6971 -0.322609 0.839569 0.437089
-18.9927 25.39 21.5049 -0.328954 0.838339 0.434691
-20.463 24.3384 22.4055 -0.331192 0.837211 0.435187
-21.9298 23.2902 23.2707 -0.360459 0.835559 0.41462
-23.4505 22.2117 24.1232 -0.365506 0.835418 0.410465
-24.9959 21.0821 25.0293 -0.370136 0.838936 0.398981
-26.5008 20.0209 25.8691 -0.371332 0.838518 0.398748
-27.9618 18.9662 26.7528 -0.379042 0.840332 0.387516
-29.4504 17.88 27.6254 -0.38618 0.83598 0.389872
-30.9895 16.7533 28.5291 -0.386502 0.83904 0.382921
-32.5181 15.6893 29.3377 -0.382732 0.846296 0.370538
-34.0189 14.6542 30.1764 -0.388241 0.84882 0.358851
-35.5899 13.5694 31.0788 -0.383098 0.854251 0.351413
-37.1222 12.4883 32.0045 -0.395287 0.849125 0.350337
-38.5758 11.4068 33.0117 -0.390871 0.853621 0.344312
-40.1754 10.3231 33.876 -0.391643 0.853947 0.342618
-41.6936 9.30035 34.7132 -0.389842 0.857836 0.334874
-43.2411 8.23617 35.6072 -0.404102 0.853478 0.329053
-44.782 7.16684 36.4771 -0.408072 0.851824 0.328439
-46.3191 6.06377 37.3949 -0.416738 0.848052 0.327302
-47.1469 5.41321 37.9807 -0.432345 0.837939 0.333072
-51.5512 1.96215 40.5688 -0.502726 0.794719 0.340057
-50.4041 1.94548 42.2359 -0.483499 0.794372 0.367698
-49.0904 1.95721 43.8705 -0.451348 0.799214 0.396874
-47.7183 1.94561 45.4659 -0.454679 0.797675 0.396206
-46.3418 1.9471 46.9586 -0.430291 0.803885 0.410612
-44.874 1.95201 48.4694 -0.435811 0.785993 0.438503
-43.3273 1.94801 49.9303 -0.405511 0.789789 0.460211
-41.8181 1.94745 51.2417 -0.389325 0.797635 0.460656
-40.173 1.97385 52.5671 -0.383333 0.792771 0.473889
-38.5519 1.97119 53.8383 -0.358243 0.794742 0.489943
-36.7814 1.9526 55.0901 -0.341324 0.793314 0.504133
-35.1024 1.94831 56.2023 -0.322484 0.790618 0.520506
-33.3668 1.96217 57.2448 -0.314219 0.795579 0.517997
-31.598 1.95374 58.2211 -0.277794 0.79229 0.543237
-29.7938 1.95021 59.1135 -0.262977 0.790576 0.553021
-27.9676 1.93576 59.9723 -0.246378 0.787391 0.565077
-25.9371 1.92837 60.8148 -0.223114 0.788732 0.572819
-24.0538 1.93893 61.5056 -0.19908 0.798911 0.567546
-22.1043 1.9307 62.1473 -0.168422 0.796824 0.580253
-20.1361 1.90509 62.7182 -0.152317 0.805625 0.57251
-18.1783 1.9263 63.2112 -0.142677 0.809926 0.568914
-16.2098 1.92936 63.6781 -0.117552 0.795458 0.594498
-14.2214 1.92361 63.9897 -0.0795549 0.807844 0.584003
-12.1589 1.89173 64.3054 -0.0782784 0.808847 0.582785
-10.1273 1.86703 64.5503 -0.0504563 0.803617 0.593005
-8.03063 1.88034 64.7044 -0.0313583 0.806545 0.590337
-6.02013 1.9175 64.7095 -0.00740767 0.803588 0.595139
-3.99621 1.90412 64.7195 0.00516694 0.796642 0.604426
-3.11558 2.73876 63.611 -0.00316903 0.802801 0.596235
-3.13196 4.01611 61.8443 -0.0124766 0.818779 0.573973
-3.16063 5.21722 60.0777 -0.0192697 0.835908 0.548532
-3.18079 6.35164 58.3474 -0.0292904 0.837062 0.546324
-3.17692 7.46152 56.6329 -0.0334432 0.843904 0.535451
-3.15988 8.53738 54.9324 -0.0345393 0.843972 0.535274
-3.11431 9.62682 53.2241 -0.0353133 0.842025 0.538281
-3.16053 10.7753 51.4363 -0.0385884 0.839451 0.542063
-3.1335 11.9017 49.7058 -0.0496702 0.836139 0.546265
-3.12287 13.032 47.9851 -0.0542609 0.83471 0.548011
-3.14322 14.1375 46.3105 -0.0650362 0.831237 0.5521
-3.09751 15.302 44.5649 -0.0712457 0.829335 0.55419
-3.1054 16.4207 42.8913 -0.0803256 0.829867 0.552149
-3.1381 17.5247 41.2068 -0.0858813 0.834456 0.544341
-3.11387 18.6869 39.4457 -0.0920248 0.82762 0.553683
-3.13413 19.8356 37.7056 -0.108283 0.829702 0.547604
-3.13479 20.9417 36.0314 -0.115327 0.829767 0.546064
-3.10675 22.0503 34.3549 -0.129339 0.826144 0.548413
-3.10235 23.1838 32.6537 -0.138818 0.823021 0.550787
-3.13419 24.3108 30.9714 -0.149735 0.819399 0.553321
-3.14048 25.4408 29.3006 -0.15964 0.815878 0.55575
-3.11036 26.5898 27.6073 -0.1726 0.82025 0.545339
-3.45526 27.6297 25.9062 -0.181748 0.82643 0.532897
-4.10509 28.5467 24.2297 -0.203426 0.831515 0.516915
-4.56914 29.5375 22.4398 -0.212201 0.832622 0.511577
-4.84918 30.5668 20.6077 -0.222038 0.840551 0.494135
-4.86059 31.5902 18.8336 -0.217863 0.846325 0.486076
-4.59963 32.6901 17.0341 -0.210648 0.846682 0.488627
-4.35306 33.7667 15.3012 -0.19932 0.839427 0.505587
-6.16278 33.827 14.4412 -0.239542 0.827418 0.507861
-8.05644 33.5846 13.8301 -0.287942 0.820365 0.494055
-9.85604 33.5183 12.7911 -0.327717 0.820234 0.468848
-11.6902 33.1635 12.0815 -0.344009 0.826872 0.444896
-13.469 32.2304 12.4714 -0.338654 0.837587 0.428674
-14.957 31.1049 13.5245 -0.326403 0.84223 0.429079
-16.5777 30.0011 14.4446 -0.329654 0.838299 0.434261
-18.3519 28.9913 15.0152 -0.343358 0.831825 0.436087
-20.1788 28.0294 15.3763 -0.36167 0.826734 0.430933
-21.7872 26.9269 16.1338 -0.374746 0.82791 0.417289
-23.263 25.7877 17.0503 -0.388249 0.826287 0.408054
-24.7243 24.6719 17.8986 -0.401666 0.821323 0.405084
-26.2163 23.5029 18.7751 -0.406425 0.822851 0.397158
-27.6901 22.3988 19.5694 -0.409177 0.827121 0.385284
-29.1757 21.2819 20.4085 -0.405608 0.832038 0.37841
-30.6604 20.1264 21.3345 -0.419359 0.827621 0.373071
-32.1667 18.9799 22.2279 -0.412184 0.834662 0.365299
-33.6254 17.8893 23.0993 -0.409406 0.838522 0.359536
-35.2165 16.7512 23.9478 -0.408163 0.840652 0.355961
-36.6964 15.6752 24.7905 -0.408108 0.840836 0.355587
-38.2908 14.5417 25.6673 -0.40426 0.845164 0.349672
-39.92 13.3734 26.6035 -0.409407 0.8446 0.345016
-41.46 12.2286 27.5775 -0.413049 0.844811 0.340126
-43.001 11.1367 28.4053 -0.415374 0.843749 0.33993
-44.4656 10.0701 29.2837 -0.419731 0.846642 0.327143
-45.9181 9.01068 30.1613 -0.419657 0.847695 0.324503
-47.5168 7.86708 31.0475 -0.435895 0.841645 0.318788
-49.0306 6.7149 31.9513 -0.460138 0.826638 0.323948
-50.495 5.55368 32.8003 -0.473264 0.821664 0.31763
-51.9499 4.37585 33.666 -0.486717 0.816883 0.309528
-53.4128 3.16353 34.4521 -0.521861 0.797057 0.303896
-54.5733 1.99826 35.4534 -0.552292 0.777769 0.300081
-53.5816 1.96274 37.2999 -0.527015 0.79472 0.301124
-52.5333 1.92808 39.1236 -0.515038 0.794139 0.322612
-51.5803 1.96251 40.5243 -0.508694 0.791266 0.339306
-40.4716 8.6969 37.6435 -0.388052 0.855561 0.342683
-38.4515 9.45432 37.9959 -0.377401 0.859389 0.34499
-36.4694 10.1536 38.3253 -0.353216 0.867372 0.350576
-34.526 10.8164 38.6403 -0.355365 0.863346 0.358258
-32.6424 11.4379 38.9378 -0.315279 0.870896 0.377014
-30.7035 12.0066 39.2187 -0.312167 0.870121 0.381367
-28.7841 12.5763 39.5028 -0.313105 0.85956 0.403884
-26.8191 13.1358 39.7855 -0.301605 0.861168 0.409175
-24.8177 13.6849 40.0653 -0.272978 0.858011 0.435086
-22.8797 14.16 40.3125 -0.26436 0.853041 0.449927
-20.9304 14.621 40.5565 -0.238994 0.855019 0.460243
-18.9087 15.0439 40.7838 -0.229104 0.855487 0.464385
-16.8097 15.4443 41.0004 -0.19116 0.85834 0.47614
-14.6369 15.7688 41.1829 -0.162036 0.861156 0.481824
-12.6593 16.0536 41.3421 -0.163045 0.856643 0.489469
-12.1903 16.1213 41.3804 -0.160627 0.847982 0.5051
-12.4033 13.2158 46.2035 -0.127418 0.846473 0.516961
-14.4164 12.9658 46.0695 -0.150566 0.847158 0.509561
-16.3983 12.6839 45.9215 -0.177433 0.849526 0.496814
-18.3817 12.3575 45.7491 -0.184969 0.8478 0.497012
-20.3843 12.0024 45.5641 -0.201508 0.847328 0.491355
-22.4701 11.6092 45.3647 -0.221638 0.854552 0.4697
-24.4476 11.17 45.1494 -0.244917 0.855789 0.455677
-26.4198 10.7288 44.9348 -0.243193 0.861394 0.445935
-28.3699 10.2523 44.704 -0.269684 0.86435 0.424463
-30.4859 9.70259 44.4421 -0.292723 0.860251 0.417471
-32.5815 9.1081 44.165 -0.298036 0.863488 0.406894
-34.5432 8.54631 43.9075 -0.303945 0.865882 0.397324
-36.4643 7.95378 43.6407 -0.350312 0.85654 0.378973
-38.3628 7.29919 43.3513 -0.362248 0.859242 0.361219
-39.0923 7.03201 43.2351 -0.375092 0.855449 0.357089
-31.2694 7.01865 49.4603 -0.270997 0.85983 0.432728
-29.2347 7.5109 49.6759 -0.247762 0.858648 0.448707
-27.2926 7.95449 49.8738 -0.230328 0.868087 0.439743
-25.2779 8.37496 50.0677 -0.214453 0.869822 0.44432
-23.21 8.76371 50.247 -0.198988 0.869694 0.451703
-21.2167 9.12293 50.4147 -0.189305 0.868863 0.457429
-19.1061 9.45739 50.574 -0.167818 0.864666 0.473487
-16.9102 9.77373 50.7279 -0.143039 0.852707 0.502425
-14.8958 10.0281 50.8519 -0.132242 0.855969 0.499829
-12.7507 10.264 50.9687 -0.109871 0.850736 0.513981
-12.2559 10.3147 50.9938 -0.11591 0.854619 0.506153
-12.307 7.42912 55.7581 -0.0664998 0.849112 0.52401
-14.3446 7.25761 55.6842 -0.114117 0.847984 0.517591
-16.3561 7.0445 55.5884 -0.117074 0.850156 0.51335
-17.2602 6.94271 55.5442 -0.12092 0.855508 0.503473
-12.2107 19.0441 36.5509 -0.167942 0.840279 0.515486
-14.2063 18.7234 36.3596 -0.196644 0.845032 0.497244
-16.2466 18.3598 36.1488 -0.220551 0.842461 0.491545
-18.2046 17.925 35.9006 -0.250455 0.841613 0.478498
-20.1406 17.4834 35.6523 -0.266774 0.843536 0.466132
-22.0993 16.9899 35.3793 -0.273311 0.851911 0.446708
-24.1462 16.425 35.0717 -0.318331 0.84604 0.427646
-26.1338 15.8363 34.758 -0.322227 0.847687 0.421422
-28.0274 15.2598 34.4565 -0.323876 0.852415 0.410479
-29.9382 14.6571 34.1453 -0.354833 0.851435 0.386202
-31.8391 14.0181 33.8144 -0.353258 0.856981 0.375223
-33.5362 13.4416 33.5215 -0.362353 0.852968 0.375693
-26.5508 18.2832 29.5635 -0.364336 0.833899 0.414575
-24.6003 18.9349 29.9193 -0.350324 0.840323 0.413679
-22.5931 19.5176 30.2492 -0.303429 0.85105 0.428538
-20.6264 20.0706 30.5655 -0.304425 0.843026 0.443432
-18.6983 20.5801 30.8598 -0.279301 0.846549 0.453152
-16.7358 21.0545 31.1383 -0.24204 0.854152 0.460262
-14.775 21.4563 31.3809 -0.235561 0.849871 0.471413
-12.7588 21.8552 31.6219 -0.223103 0.835444 0.502252
-12.1635 21.9739 31.6965 -0.228218 0.830533 0.508066
-12.4691 24.8262 26.7626 -0.24069 0.844988 0.477559
-14.5825 24.3507 26.4647 -0.26695 0.843001 0.466997
-16.543 23.8459 26.1575 -0.306069 0.836989 0.453621
-18.494 23.2991 25.8308 -0.310893 0.840105 0.444487
-19.7726 22.9367 25.6149 -0.31662 0.840305 0.440044
-19.9047 22.8984 25.5925 -0.317839 0.840216 0.439336
