-48.6669 5.71825 -39.1642 -0.452908 0.83511 -0.312196
-48.5161 5.67855 -39.4845 -0.4499 0.833826 -0.319881
-48.3647 5.67929 -39.6949 -0.44752 0.835486 -0.318876
-48.1742 5.68939 -39.9377 -0.447629 0.836398 -0.316334
-48.0329 5.69392 -40.1185 -0.437065 0.837721 -0.32741
-47.8352 5.69862 -40.3688 -0.435229 0.835462 -0.335505
-47.7024 5.7013 -40.5319 -0.43 0.837058 -0.338266
-47.5516 5.70312 -40.7181 -0.423913 0.838676 -0.341898
-47.416 5.70086 -40.8884 -0.420681 0.83841 -0.34655
-47.2854 5.69759 -41.0548 -0.423629 0.838413 -0.342898
-47.1593 5.69576 -41.2179 -0.426578 0.838417 -0.339245
-46.9804 5.69436 -41.4424 -0.413002 0.844908 -0.339935
-46.8164 5.68881 -41.6519 -0.410973 0.843149 -0.346701
-46.6326 5.68682 -41.8746 -0.412485 0.842825 -0.345685
-46.4715 5.68837 -42.0636 -0.413547 0.841564 -0.347489
-46.3076 5.68978 -42.2552 -0.413813 0.841505 -0.347315
-46.1631 5.69267 -42.4206 -0.414134 0.841622 -0.346648
-46.0188 5.69709 -42.5825 -0.414188 0.841801 -0.346151
-45.8765 5.6995 -42.7477 -0.415125 0.841663 -0.345362
-45.7423 5.70366 -42.8986 -0.416778 0.840755 -0.345576
-45.5956 5.70867 -43.0647 -0.417945 0.840856 -0.343924
-45.4467 5.71511 -43.2299 -0.4171 0.840881 -0.344884
-45.3057 5.72078 -43.3857 -0.416326 0.840671 -0.34633
-45.1397 5.72676 -43.5706 -0.414449 0.840481 -0.349019
-44.989 5.73053 -43.7386 -0.412508 0.84052 -0.351231
-44.8344 5.73531 -43.9077 -0.405415 0.843169 -0.353116
-44.6785 5.73861 -44.0755 -0.404602 0.839952 -0.361632
-44.52 5.74374 -44.2409 -0.402636 0.839845 -0.364054
-44.366 5.74484 -44.4067 -0.400669 0.839737 -0.366478
-44.2102 5.7461 -44.5748 -0.400736 0.838625 -0.36893
-44.0602 5.74549 -44.7373 -0.398853 0.838467 -0.371335
-43.9106 5.74356 -44.9016 -0.394418 0.835323 -0.382855
-43.7376 5.74563 -45.0699 -0.390384 0.833729 -0.390507
-43.5778 5.74396 -45.2331 -0.388533 0.833901 -0.391976
-43.4147 5.74318 -45.3951 -0.386687 0.834067 -0.393454
-43.2451 5.74289 -45.5632 -0.380137 0.836281 -0.39505
-43.0933 5.73846 -45.7144 -0.373488 0.837149 -0.399611
-42.9289 5.73768 -45.8688 -0.368138 0.839172 -0.400323
-42.7555 5.73727 -46.0274 -0.366356 0.838244 -0.403894
-42.5856 5.73776 -46.1805 -0.368138 0.838264 -0.402221
-42.4109 5.73941 -46.3384 -0.369919 0.838284 -0.400548
-42.2447 5.74138 -46.4876 -0.372228 0.838398 -0.398149
-42.0804 5.74699 -46.6313 -0.375015 0.837545 -0.397343
-41.9106 5.74892 -46.7875 -0.377425 0.83723 -0.395711
-41.7073 5.75228 -46.9763 -0.379619 0.836758 -0.394619
-41.4842 5.75008 -47.1921 -0.373155 0.83873 -0.396595
-41.3295 5.74949 -47.3345 -0.375213 0.834863 -0.402765
-41.1797 5.75073 -47.4715 -0.375212 0.834863 -0.402765
-41.0061 5.75351 -47.6241 -0.366396 0.83472 -0.411042
-40.8304 5.75358 -47.7773 -0.360568 0.836263 -0.413104
-40.6518 5.75477 -47.9336 -0.363305 0.83756 -0.408048
-40.4659 5.75513 -48.0985 -0.361345 0.836522 -0.411875
-40.2999 5.75308 -48.2461 -0.359353 0.835489 -0.415721
-40.13 5.74936 -48.3965 -0.350273 0.837202 -0.42
-39.959 5.7451 -48.5469 -0.349664 0.836851 -0.421207
-39.7753 5.7429 -48.7047 -0.349451 0.833921 -0.427082
-39.5767 5.74017 -48.8685 -0.34651 0.831662 -0.4339
-39.3669 5.73542 -49.0386 -0.326821 0.839455 -0.434094
-39.1486 5.73126 -49.2153 -0.329407 0.84219 -0.426857
-38.9074 5.72717 -49.4071 -0.321699 0.840813 -0.43531
-38.6416 5.72403 -49.6058 -0.320279 0.838098 -0.441602
-38.3341 5.7282 -49.8183 -0.316733 0.838674 -0.443064
-38.1148 5.73336 -49.9643 -0.320273 0.837344 -0.443011
-37.8987 5.73319 -50.1237 -0.324247 0.837234 -0.440345
-37.6724 5.73237 -50.2902 -0.315217 0.840729 -0.440229
-37.4865 5.73063 -50.4249 -0.312752 0.839626 -0.444084
-37.2952 5.72889 -50.5624 -0.314656 0.838785 -0.444327
-37.1183 5.72268 -50.7004 -0.314997 0.839518 -0.442703
-36.9384 5.71586 -50.8413 -0.312666 0.83927 -0.444809
-36.7618 5.70894 -50.9769 -0.31034 0.839024 -0.44691
-36.5948 5.70109 -51.1076 -0.310192 0.839635 -0.445862
-36.4179 5.69621 -51.239 -0.30884 0.83944 -0.447167
-36.2483 5.69288 -51.3624 -0.307867 0.839389 -0.44793
-36.0688 5.68788 -51.4945 -0.306884 0.839344 -0.44869
-35.8863 5.68651 -51.6224 -0.307505 0.838585 -0.449683
-35.6613 5.68712 -51.7744 -0.306597 0.838542 -0.450384
-35.4863 5.68636 -51.8949 -0.306631 0.838461 -0.450512
-35.2583 5.68441 -52.0531 -0.303076 0.840837 -0.448484
-35.0003 5.68107 -52.2337 -0.302874 0.840636 -0.448997
-34.8193 5.68751 -52.3442 -0.30252 0.842649 -0.445449
-34.6457 5.69149 -52.4546 -0.302346 0.842647 -0.44557
-34.4286 5.69809 -52.5893 -0.302172 0.842643 -0.445695
-34.2268 5.70322 -52.7164 -0.300863 0.843533 -0.444893
-33.9985 5.71053 -52.8567 -0.29893 0.845592 -0.442284
-33.8228 5.71686 -52.9634 -0.29893 0.845593 -0.442282
-33.585 5.72252 -53.1095 -0.29273 0.845907 -0.445815
-33.3849 5.72644 -53.233 -0.285773 0.842953 -0.455752
-33.1995 5.72378 -53.35 -0.276405 0.844992 -0.457808
-33.0057 5.72158 -53.4711 -0.275217 0.844822 -0.458834
-32.8213 5.71541 -53.5923 -0.274029 0.84465 -0.459864
-32.611 5.70682 -53.7336 -0.273887 0.844191 -0.460789
-32.4097 5.69803 -53.8687 -0.273118 0.843948 -0.46169
-32.2165 5.6887 -54.0003 -0.273193 0.843205 -0.462999
-32.0197 5.68072 -54.1301 -0.272041 0.842937 -0.464166
-31.8204 5.67451 -54.2584 -0.270781 0.844094 -0.462799
-31.5978 5.67256 -54.3911 -0.268705 0.844539 -0.463198
-31.3714 5.67315 -54.5214 -0.267177 0.844165 -0.464755
-31.1512 5.67093 -54.6504 -0.262418 0.844795 -0.466324
-30.9755 5.66788 -54.7548 -0.262422 0.844794 -0.466325
-30.721 5.66425 -54.9056 -0.263151 0.845554 -0.464531
-30.5092 5.66329 -55.027 -0.262383 0.845806 -0.464508
-30.2879 5.66956 -55.1406 -0.262386 0.845808 -0.464502
-30.0432 5.6827 -55.254 -0.261109 0.846661 -0.463666
-29.8402 5.69363 -55.3488 -0.261774 0.846938 -0.462786
-29.5846 5.70279 -55.4741 -0.256799 0.84811 -0.463426
-29.3664 5.70293 -55.5929 -0.250229 0.847884 -0.467398
-29.1461 5.69798 -55.7178 -0.246279 0.848765 -0.467915
-28.9255 5.69551 -55.8392 -0.247334 0.849326 -0.466339
-28.7026 5.6956 -55.9518 -0.235778 0.852088 -0.467284
-28.472 5.69946 -56.0585 -0.23197 0.850224 -0.472555
-28.2525 5.70505 -56.1558 -0.231076 0.850472 -0.472548
-28.0215 5.71041 -56.2561 -0.229602 0.846945 -0.47954
-27.7876 5.71687 -56.358 -0.232457 0.846066 -0.479724
-27.5427 5.71898 -56.4646 -0.222891 0.840592 -0.493677
-27.2993 5.7194 -56.575 -0.22544 0.839766 -0.493933
-27.0437 5.71475 -56.6981 -0.223406 0.838947 -0.496243
-26.8156 5.70441 -56.8162 -0.210806 0.837865 -0.503419
-26.6047 5.6902 -56.9236 -0.204191 0.834904 -0.511118
-26.3939 5.67834 -57.0274 -0.205338 0.834508 -0.511305
-26.1979 5.6707 -57.1185 -0.205258 0.834467 -0.511404
-26.0034 5.66565 -57.2048 -0.205321 0.83444 -0.511422
-25.7894 5.65791 -57.3008 -0.202328 0.83071 -0.518636
-25.5778 5.65208 -57.3927 -0.202783 0.830843 -0.518245
-25.3794 5.64811 -57.4763 -0.200928 0.831793 -0.517444
-25.1845 5.64546 -57.5563 -0.201688 0.831953 -0.51689
-24.9905 5.64565 -57.6312 -0.197158 0.83489 -0.513894
-24.7696 5.64549 -57.7157 -0.192577 0.835057 -0.515358
-24.5001 5.64744 -57.8133 -0.194364 0.837442 -0.510768
-24.2062 5.65312 -57.9135 -0.186743 0.840101 -0.509271
-23.9969 5.65718 -57.9835 -0.184526 0.840081 -0.510106
-23.7941 5.65884 -58.0532 -0.182313 0.840062 -0.510939
-23.5888 5.6601 -58.1241 -0.175587 0.843681 -0.507318
-23.2995 5.64724 -58.2464 -0.175645 0.845641 -0.504024
-23.0694 5.64447 -58.33 -0.172425 0.845742 -0.504966
-22.8098 5.6466 -58.4162 -0.175064 0.847819 -0.50055
-22.52 5.65014 -58.512 -0.173097 0.847452 -0.501848
-22.2467 5.64462 -58.6124 -0.165874 0.847002 -0.505048
-21.9452 5.64175 -58.7162 -0.164095 0.847533 -0.504735
-21.6768 5.64091 -58.801 -0.156012 0.846412 -0.509162
-21.3821 5.64276 -58.8882 -0.154075 0.84729 -0.508287
-21.1175 5.64108 -58.9696 -0.149269 0.851852 -0.502063
-20.8586 5.64231 -59.0445 -0.147099 0.851445 -0.503386
-20.5766 5.64489 -59.1209 -0.1442 0.85132 -0.504441
-20.292 5.64621 -59.2 -0.14146 0.850708 -0.506235
-20.0936 5.64562 -59.2552 -0.137999 0.850335 -0.507825
-19.8579 5.64368 -59.3222 -0.137279 0.850571 -0.507626
-19.5912 5.64436 -59.3904 -0.130559 0.848969 -0.512061
-19.3786 5.64989 -59.4367 -0.134892 0.846355 -0.515255
-19.1842 5.64835 -59.49 -0.134595 0.846333 -0.515369
-18.9398 5.64679 -59.5556 -0.13341 0.843121 -0.520912
-18.7234 5.64283 -59.6179 -0.136229 0.84171 -0.522462
-18.4989 5.63814 -59.684 -0.136229 0.84171 -0.522462
-18.2765 5.63311 -59.7518 -0.139602 0.84252 -0.520261
-18.0311 5.63228 -59.8183 -0.137567 0.843169 -0.519751
-17.7349 5.6311 -59.8986 -0.137445 0.843132 -0.519844
-17.4651 5.63241 -59.9694 -0.140789 0.84094 -0.522483
-17.2577 5.63034 -60.0274 -0.138171 0.840359 -0.524124
-17.0116 5.6293 -60.0937 -0.133808 0.839847 -0.526056
-16.7891 5.62982 -60.1475 -0.127273 0.841815 -0.524547
-16.5833 5.62901 -60.1988 -0.120432 0.842432 -0.525126
-16.3445 5.63308 -60.244 -0.114416 0.84364 -0.524577
-16.1046 5.63539 -60.2926 -0.11292 0.843768 -0.524693
-15.866 5.63308 -60.347 -0.111418 0.843899 -0.524804
-15.6225 5.62995 -60.4038 -0.108007 0.843499 -0.526144
-15.4059 5.63013 -60.4461 -0.103644 0.843056 -0.527745
-15.1911 5.62951 -60.4892 -0.103644 0.843056 -0.527745
-14.99 5.62874 -60.5276 -0.0975072 0.843198 -0.528687
-14.7901 5.62828 -60.5644 -0.0938802 0.837705 -0.537989
-14.5365 5.6225 -60.6186 -0.0951289 0.838624 -0.53634
-14.2676 5.61959 -60.669 -0.0880873 0.838744 -0.537353
-14.0257 5.61946 -60.7084 -0.0878414 0.838264 -0.538143
-13.8082 5.62211 -60.74 -0.0882721 0.83822 -0.538141
-13.6003 5.62867 -60.7639 -0.0879646 0.838 -0.538533
-13.3561 5.627 -60.8063 -0.0876123 0.838607 -0.537645
-13.124 5.629 -60.841 -0.0876167 0.838607 -0.537645
-12.8839 5.63118 -60.8769 -0.0878714 0.838587 -0.537635
-12.645 5.63422 -60.9108 -0.0817155 0.84157 -0.533925
-12.4023 5.63627 -60.9437 -0.0796375 0.842502 -0.532774
-12.1598 5.63863 -60.9762 -0.0830199 0.842266 -0.532619
-11.9344 5.6421 -61.0073 -0.0864063 0.842022 -0.532478
-11.6978 5.64516 -61.0385 -0.0753407 0.847432 -0.525518
-11.4823 5.64767 -61.0638 -0.0716273 0.847503 -0.525936
-11.2223 5.65267 -61.0902 -0.0734993 0.844729 -0.530109
-10.8993 5.65734 -61.1268 -0.0677055 0.85108 -0.520652
-10.5821 5.66336 -61.1548 -0.0597099 0.849777 -0.52375
-10.3264 5.66856 -61.1762 -0.0577405 0.848077 -0.5267
-10.0697 5.66967 -61.2007 -0.0541378 0.846972 -0.528874
-9.79457 5.68149 -61.2068 -0.0400044 0.848706 -0.527322
-9.56308 5.74164 -61.1262 -0.0356039 0.847223 -0.530043
-9.50132 5.87531 -60.9171 -0.0383155 0.850322 -0.524806
-9.48749 6.00161 -60.7118 -0.0326261 0.851775 -0.52289
-9.48437 6.12393 -60.512 -0.0458035 0.853031 -0.519845
-9.48425 6.25251 -60.299 -0.0369464 0.856157 -0.515394
-9.48613 6.43242 -60.001 -0.0398183 0.85589 -0.515614
-9.48653 6.54825 -59.8079 -0.0422029 0.854024 -0.518493
-9.48406 6.78178 -59.4271 -0.0403025 0.852261 -0.521562
-9.4841 6.89119 -59.2477 -0.0424293 0.851985 -0.521839
-9.48447 7.02254 -59.0342 -0.0435467 0.850895 -0.523528
-9.48555 7.15549 -58.8181 -0.0431315 0.850909 -0.523539
-9.48317 7.29138 -58.5973 -0.0429637 0.851066 -0.523297
-9.48076 7.398 -58.4241 -0.0441213 0.851831 -0.521951
-9.47415 7.54432 -58.1865 -0.0469814 0.85078 -0.523418
-9.46936 7.68802 -57.9533 -0.0466071 0.850494 -0.523915
-9.46807 7.83956 -57.708 -0.0465453 0.849927 -0.52484
-9.47604 7.98638 -57.4695 -0.0477437 0.851097 -0.522827
-9.46239 8.1518 -57.203 -0.0492975 0.849287 -0.525618
-9.45403 8.31577 -56.9384 -0.0470915 0.848352 -0.527328
-9.45408 8.43596 -56.7452 -0.0549397 0.849582 -0.524588
-9.45469 8.54891 -56.5622 -0.0550222 0.850663 -0.52282
-9.46615 8.66308 -56.3744 -0.0550941 0.851745 -0.521052
-9.47393 8.76838 -56.2014 -0.0548096 0.851848 -0.520913
-9.47491 8.91036 -55.9682 -0.0609935 0.852646 -0.518917
-9.47178 9.04189 -55.7525 -0.0610308 0.852673 -0.518869
-9.47323 9.18125 -55.5243 -0.0628791 0.851101 -0.521222
-9.47488 9.32423 -55.2906 -0.0631772 0.851341 -0.520795
-9.4806 9.45535 -55.0756 -0.0640722 0.850918 -0.521377
-9.48724 9.58361 -54.8655 -0.0642195 0.851051 -0.52114
-9.50056 9.69795 -54.6769 -0.0641151 0.851381 -0.520614
-9.50951 9.80223 -54.5053 -0.0637791 0.850895 -0.521448
-9.51482 9.92161 -54.3103 -0.0634347 0.850407 -0.522287
-9.50736 10.0562 -54.092 -0.0637482 0.850503 -0.522093
-9.50106 10.1779 -53.8944 -0.0639659 0.850687 -0.521767
-9.50185 10.2942 -53.7045 -0.0628382 0.851405 -0.52073
-9.49384 10.4383 -53.47 -0.0627151 0.851267 -0.520972
-9.48152 10.6077 -53.1947 -0.0629196 0.851245 -0.520983
-9.47528 10.7228 -53.0073 -0.0630414 0.851314 -0.520855
-9.47058 10.8969 -52.7228 -0.0625802 0.851985 -0.519812
-9.47194 11.0264 -52.51 -0.0644206 0.852853 -0.518162
-9.47696 11.1566 -52.2951 -0.0644672 0.852777 -0.518281
-9.48007 11.2999 -52.0587 -0.0626224 0.852897 -0.51831
-9.479 11.4297 -51.8434 -0.0688885 0.855712 -0.512847
-9.48017 11.5572 -51.6305 -0.0702751 0.852604 -0.517776
-9.48132 11.6792 -51.4321 -0.0716654 0.849497 -0.522703
-9.47798 11.799 -51.2336 -0.0814009 0.852576 -0.516217
-9.46575 11.989 -50.9236 -0.084937 0.852493 -0.515773
-9.46363 12.1011 -50.7401 -0.0926311 0.849475 -0.519433
-9.45498 12.2592 -50.4834 -0.0925726 0.848561 -0.520936
-9.44674 12.4065 -50.245 -0.0929668 0.849245 -0.519748
-9.43845 12.5418 -50.0256 -0.0981815 0.847859 -0.521053
-9.43011 12.7004 -49.7689 -0.0982308 0.848166 -0.520543
-9.42522 12.8247 -49.5673 -0.0980376 0.848176 -0.520564
-9.42273 12.9323 -49.3924 -0.0984923 0.84807 -0.52065
-9.41863 13.1169 -49.0933 -0.0986656 0.846813 -0.522659
-9.41469 13.2558 -48.869 -0.0983898 0.845628 -0.524621
-9.41073 13.3769 -48.6754 -0.0982073 0.844461 -0.526537
-9.40734 13.4973 -48.483 -0.0964681 0.844016 -0.527568
-9.40458 13.6239 -48.2814 -0.0983158 0.843483 -0.528081
-9.40319 13.7427 -48.0919 -0.0983158 0.843483 -0.528081
-9.40248 13.8856 -47.8655 -0.0980137 0.841671 -0.53102
-9.40272 14.0218 -47.6494 -0.0984662 0.84169 -0.530907
-9.40369 14.162 -47.4271 -0.0985802 0.84157 -0.531076
-9.40517 14.3024 -47.2043 -0.0985856 0.841602 -0.531024
-9.40738 14.4431 -46.9808 -0.10105 0.842164 -0.529669
-9.40953 14.5821 -46.7593 -0.101152 0.842627 -0.528911
-9.41105 14.7201 -46.5388 -0.101247 0.84309 -0.528156
-9.41169 14.8386 -46.3494 -0.103634 0.843601 -0.526868
-9.41271 14.9958 -46.098 -0.107614 0.842442 -0.527931
-9.41207 15.1347 -45.8766 -0.107733 0.842826 -0.527292
-9.411 15.2623 -45.6725 -0.107866 0.843212 -0.526649
-9.409 15.3996 -45.4521 -0.111766 0.843571 -0.525258
-9.40882 15.5308 -45.2418 -0.111593 0.84312 -0.526018
-9.40556 15.6606 -45.0345 -0.111722 0.84228 -0.527334
-9.40585 15.7692 -44.8615 -0.111801 0.841595 -0.528411
-9.40442 15.9175 -44.6256 -0.111924 0.841255 -0.528926
-9.40102 16.0462 -44.4221 -0.113335 0.840041 -0.530552
-9.3957 16.1601 -44.243 -0.113336 0.840043 -0.53055
-9.39074 16.3038 -44.0175 -0.11273 0.838846 -0.532568
-9.38805 16.4312 -43.8179 -0.114913 0.837948 -0.533515
-9.38674 16.5546 -43.6242 -0.115089 0.838239 -0.533019
-9.38673 16.6776 -43.4306 -0.116603 0.837971 -0.533112
-9.38922 16.7985 -43.2409 -0.117843 0.83681 -0.534661
-9.39384 16.9188 -43.0516 -0.117818 0.836765 -0.534737
-9.40044 17.0365 -42.866 -0.1183 0.836417 -0.535175
-9.4087 17.1533 -42.6817 -0.118433 0.836677 -0.534739
-9.41648 17.2642 -42.5062 -0.11856 0.83694 -0.534298
-9.42751 17.374 -42.3317 -0.117853 0.837773 -0.533147
-9.43358 17.5351 -42.0762 -0.121828 0.838418 -0.531238
-9.43831 17.6681 -41.8638 -0.122188 0.84191 -0.525596
-9.43827 17.8043 -41.6446 -0.121048 0.843599 -0.523151
-9.43586 17.9303 -41.4417 -0.121422 0.843991 -0.522433
-9.43353 18.0554 -41.2402 -0.122466 0.84413 -0.521962
-9.43532 18.1784 -41.0404 -0.122992 0.8447 -0.520918
-9.44429 18.2996 -40.8421 -0.124852 0.842828 -0.5235
-9.4614 18.4087 -40.6625 -0.124683 0.842653 -0.523823
-9.50013 18.5255 -40.465 -0.128651 0.842871 -0.522511
-9.60313 18.6945 -40.1687 -0.131966 0.840251 -0.525893
-9.69457 18.803 -39.9707 -0.134902 0.841719 -0.522791
-9.81271 18.919 -39.7551 -0.135174 0.83967 -0.526006
-9.92318 19.0187 -39.5651 -0.141058 0.840332 -0.523397
-10.0535 19.1317 -39.349 -0.140999 0.839803 -0.524261
-10.1767 19.2285 -39.1602 -0.142502 0.840241 -0.523152
-10.2711 19.3104 -39.0029 -0.142525 0.840304 -0.523044
-10.3653 19.3926 -38.8452 -0.145385 0.839647 -0.523308
-10.5356 19.5509 -38.5428 -0.145276 0.840657 -0.521719
-10.6318 19.6458 -38.3602 -0.148226 0.843612 -0.516088
-10.724 19.7378 -38.1835 -0.145745 0.843532 -0.516925
-10.8064 19.8253 -38.0175 -0.142746 0.84537 -0.514756
-10.8918 19.9112 -37.8527 -0.144935 0.848702 -0.508571
-10.9948 20.0038 -37.6658 -0.143468 0.852105 -0.503323
-11.1001 20.0866 -37.4957 -0.144857 0.8534 -0.500714
-11.2182 20.1602 -37.3346 -0.146249 0.854694 -0.498106
-11.3363 20.2275 -37.1845 -0.146739 0.854149 -0.498895
-11.4896 20.3055 -37.0024 -0.155268 0.85451 -0.495685
-11.6229 20.3674 -36.8538 -0.155269 0.85451 -0.495685
-11.8049 20.4477 -36.659 -0.154539 0.85414 -0.49655
-11.9665 20.5197 -36.4847 -0.158021 0.85382 -0.496003
-12.1288 20.5959 -36.3016 -0.159452 0.853219 -0.496581
-12.258 20.6561 -36.1565 -0.159445 0.853221 -0.49658
-12.4424 20.737 -35.9526 -0.167703 0.856556 -0.488044
-12.5948 20.8007 -35.7887 -0.166478 0.857878 -0.486133
-12.7484 20.8631 -35.6254 -0.169203 0.856591 -0.487466
-12.9021 20.9258 -35.4619 -0.172632 0.857924 -0.483878
-13.0495 20.9825 -35.3065 -0.176056 0.859261 -0.480285
-13.197 21.0379 -35.1526 -0.183992 0.857576 -0.480323
-13.34 21.0894 -35.0059 -0.185385 0.856199 -0.482241
-13.4849 21.1401 -34.8601 -0.185724 0.85631 -0.481912
-13.6267 21.1886 -34.7191 -0.186052 0.856428 -0.481577
-13.7678 21.238 -34.576 -0.188181 0.855561 -0.482289
-13.9167 21.2931 -34.4206 -0.187993 0.85461 -0.484043
-14.1062 21.3682 -34.2148 -0.189044 0.85384 -0.484994
-14.2371 21.4211 -34.0706 -0.189118 0.853534 -0.485503
-14.4438 21.5066 -33.8401 -0.190277 0.853139 -0.485743
-14.6567 21.5905 -33.6022 -0.199429 0.855603 -0.477658
-14.8088 21.6558 -33.4221 -0.201721 0.854049 -0.479489
-14.9761 21.7311 -33.2154 -0.206027 0.854606 -0.476656
-15.1445 21.8111 -32.9991 -0.215823 0.857654 -0.466524
-15.2708 21.8709 -32.825 -0.227758 0.856932 -0.462378
-15.4005 21.926 -32.6591 -0.226917 0.856595 -0.463413
-15.5332 21.9792 -32.4964 -0.22608 0.856254 -0.464454
-15.6729 22.0292 -32.3355 -0.237621 0.853891 -0.463036
-15.8246 22.0785 -32.1654 -0.237972 0.855432 -0.460006
-15.984 22.1229 -32.0004 -0.236584 0.85471 -0.462051
-16.1426 22.1648 -31.8412 -0.247962 0.851241 -0.462498
-16.2987 22.202 -31.689 -0.24796 0.851242 -0.462497
-16.478 22.2443 -31.5158 -0.247301 0.850835 -0.463598
-16.6618 22.2883 -31.3364 -0.24761 0.849975 -0.465003
-16.8311 22.3329 -31.1657 -0.246858 0.849308 -0.466623
-17.005 22.3818 -30.9837 -0.249946 0.849008 -0.465524
-17.1709 22.4285 -30.8092 -0.250061 0.849149 -0.465204
-17.3794 22.4778 -30.6048 -0.255569 0.848759 -0.462917
-17.5653 22.5062 -30.4499 -0.254697 0.848965 -0.463018
-17.7325 22.5325 -30.3102 -0.253728 0.848935 -0.463606
-17.931 22.5583 -30.1511 -0.269762 0.845295 -0.461159
-18.1194 22.5684 -30.0194 -0.27395 0.846332 -0.456808
-18.3462 22.5591 -29.901 -0.273686 0.848297 -0.453289
-18.6315 22.5228 -29.7945 -0.275939 0.849375 -0.449911
-18.8511 22.4935 -29.7149 -0.276811 0.849197 -0.449711
-19.1069 22.4599 -29.6208 -0.277065 0.849632 -0.44873
-19.4157 22.4163 -29.5132 -0.275664 0.850466 -0.448015
-19.6565 22.3754 -29.4427 -0.275875 0.850458 -0.4479
-19.8506 22.3363 -29.3973 -0.276258 0.850355 -0.447859
-20.1166 22.2789 -29.3422 -0.276439 0.850258 -0.447931
-20.3601 22.2204 -29.3006 -0.280766 0.849961 -0.445798
-20.5935 22.1563 -29.2751 -0.28875 0.84864 -0.443149
-20.8418 22.0769 -29.2616 -0.295032 0.8484 -0.439514
-21.1152 21.9838 -29.2569 -0.305699 0.847395 -0.43399
-21.3861 21.8842 -29.255 -0.31479 0.847362 -0.42765
-21.575 21.8152 -29.251 -0.318173 0.845578 -0.428676
-21.7655 21.7485 -29.2394 -0.326135 0.847911 -0.417922
-21.9736 21.673 -29.2323 -0.322653 0.85043 -0.415529
-22.2262 21.5833 -29.2182 -0.326421 0.849347 -0.414801
-22.4575 21.506 -29.1954 -0.325032 0.852261 -0.409883
-22.6605 21.4381 -29.174 -0.329301 0.85235 -0.406275
-22.8643 21.3719 -29.1478 -0.329297 0.852352 -0.406276
-23.1221 21.2895 -29.1153 -0.324119 0.854773 -0.405351
-23.3589 21.2139 -29.0854 -0.325679 0.854133 -0.405446
-23.5919 21.1401 -29.0527 -0.327174 0.853486 -0.405609
-23.8229 21.0671 -29.0195 -0.32895 0.854023 -0.403034
-24.0264 21.0021 -28.9913 -0.328587 0.854241 -0.402867
-24.2297 20.9372 -28.9633 -0.331769 0.852913 -0.40306
-24.4197 20.8743 -28.9376 -0.337905 0.852124 -0.399631
-24.6348 20.8005 -28.9128 -0.34081 0.850901 -0.399769
-24.9386 20.6885 -28.8921 -0.342948 0.851242 -0.397192
-25.2123 20.5773 -28.8901 -0.349205 0.851643 -0.390846
-25.4285 20.4851 -28.8979 -0.348741 0.851846 -0.390816
-25.6477 20.3887 -28.9126 -0.349357 0.852171 -0.389553
-25.8727 20.2878 -28.9311 -0.351293 0.851926 -0.388348
-26.0968 20.1852 -28.9529 -0.352138 0.851559 -0.388389
-26.3217 20.0828 -28.9736 -0.352908 0.851905 -0.386928
-26.5289 19.9902 -28.987 -0.356684 0.851831 -0.383616
-26.7373 19.898 -28.998 -0.356681 0.851833 -0.383613
-26.927 19.8162 -29.0043 -0.354948 0.85261 -0.383495
-27.1149 19.7358 -29.0088 -0.356476 0.852899 -0.381429
-27.4007 19.6162 -29.0092 -0.356553 0.852562 -0.382109
-27.6235 19.5228 -29.0094 -0.357133 0.852328 -0.382091
-27.8544 19.4264 -29.0089 -0.356317 0.852279 -0.382961
-28.0486 19.3449 -29.0092 -0.356578 0.851982 -0.383379
-28.2825 19.2476 -29.0076 -0.357211 0.851738 -0.383332
-28.5231 19.148 -29.0048 -0.357117 0.851801 -0.383278
-28.7843 19.0412 -28.9985 -0.35798 0.851259 -0.383677
-29.0215 18.9474 -28.9848 -0.358616 0.851056 -0.383534
-29.2337 18.8646 -28.9687 -0.363506 0.848763 -0.384009
-29.4597 18.7756 -28.9509 -0.367396 0.84679 -0.384649
-29.6773 18.6888 -28.9322 -0.371393 0.845751 -0.383107
-30.0119 18.5554 -28.8984 -0.377132 0.844214 -0.380886
-30.2142 18.4756 -28.8752 -0.377441 0.844309 -0.380368
-30.4152 18.4003 -28.8424 -0.379281 0.844368 -0.378402
-30.6205 18.3197 -28.8164 -0.380104 0.844022 -0.378347
-30.9013 18.1962 -28.8089 -0.380436 0.844329 -0.377326
-31.0922 18.0969 -28.8399 -0.378383 0.845505 -0.37676
-31.2983 17.9725 -28.9124 -0.380144 0.845471 -0.375048
-31.4898 17.8425 -29.0097 -0.382865 0.844542 -0.374385
-31.6848 17.7048 -29.1245 -0.378801 0.849775 -0.36659
-31.8799 17.565 -29.2458 -0.380796 0.849106 -0.366078
-32.0741 17.4274 -29.366 -0.378012 0.851738 -0.362836
-32.2461 17.305 -29.4717 -0.381841 0.851955 -0.358267
-32.409 17.1911 -29.5713 -0.379848 0.853968 -0.355605
-32.5729 17.0763 -29.6711 -0.386368 0.85205 -0.353171
-32.7487 16.9532 -29.7761 -0.384994 0.851789 -0.355295
-32.9262 16.829 -29.8814 -0.384907 0.851874 -0.355187
-33.1047 16.7043 -29.9868 -0.386662 0.851417 -0.354374
-33.2633 16.5932 -30.0805 -0.386669 0.851414 -0.354375
-33.4651 16.4521 -30.1995 -0.386577 0.851514 -0.354235
-33.6447 16.3267 -30.3051 -0.386525 0.851515 -0.354289
-33.8234 16.2018 -30.4103 -0.386546 0.851493 -0.354319
-33.9962 16.0809 -30.5123 -0.386534 0.851497 -0.354323
-34.1822 15.9506 -30.6224 -0.38635 0.851334 -0.354914
-34.3605 15.8246 -30.7305 -0.38623 0.851468 -0.354724
-34.53 15.7044 -30.8347 -0.38601 0.851638 -0.354553
-34.7281 15.5623 -30.9603 -0.385997 0.851664 -0.354507
-34.9074 15.4322 -31.0779 -0.386361 0.851694 -0.354037
-35.1024 15.2928 -31.2 -0.386987 0.851538 -0.353729
-35.3358 15.126 -31.345 -0.388177 0.850605 -0.354669
-35.5102 15.0031 -31.4468 -0.396582 0.849164 -0.348756
-35.6719 14.8897 -31.5412 -0.394461 0.851034 -0.346615
-35.8467 14.7671 -31.6419 -0.392074 0.849096 -0.353996
-36.0181 14.6447 -31.7407 -0.405567 0.844324 -0.350188
-36.1928 14.5197 -31.8398 -0.40362 0.846156 -0.347991
-36.3628 14.3999 -31.9361 -0.404662 0.846928 -0.344893
-36.5404 14.2738 -32.0356 -0.405487 0.847841 -0.341661
-36.7338 14.1389 -32.1438 -0.403321 0.849814 -0.339334
-36.9201 14.0083 -32.2483 -0.406947 0.848851 -0.33741
-37.0761 13.905 -32.3208 -0.406472 0.850331 -0.334243
-37.2766 13.7695 -32.4219 -0.403725 0.851601 -0.334325
-37.4572 13.6437 -32.5261 -0.400982 0.852867 -0.334413
-37.6443 13.51 -32.6414 -0.400821 0.852202 -0.336294
-37.8503 13.3632 -32.7686 -0.399996 0.852566 -0.336355
-38.0454 13.2248 -32.8862 -0.400539 0.851656 -0.338011
-38.2277 13.0979 -32.99 -0.40041 0.851717 -0.33801
-38.4037 12.9778 -33.0819 -0.40076 0.84907 -0.344189
-38.5717 12.8652 -33.1655 -0.398586 0.850143 -0.344072
-38.7418 12.7481 -33.259 -0.402066 0.851541 -0.336409
-38.9059 12.631 -33.3552 -0.408496 0.848544 -0.336309
-39.0653 12.5155 -33.4522 -0.407656 0.847369 -0.340252
-39.2337 12.3936 -33.5559 -0.404735 0.848835 -0.3401
-39.4014 12.2728 -33.6594 -0.407177 0.85004 -0.334079
-39.5598 12.1575 -33.7564 -0.41204 0.847584 -0.334402
-39.7154 12.0455 -33.8478 -0.410823 0.846292 -0.339119
-39.8674 11.9379 -33.9342 -0.407668 0.848012 -0.338646
-40.0202 11.831 -34.0181 -0.40907 0.849477 -0.333223
-40.1853 11.7171 -34.1031 -0.41651 0.848012 -0.327713
-40.3425 11.6068 -34.1884 -0.417129 0.848066 -0.326781
-40.505 11.4923 -34.2788 -0.41669 0.848638 -0.325857
-40.6683 11.3759 -34.3725 -0.420478 0.847068 -0.325075
-40.8347 11.2554 -34.4719 -0.420263 0.847394 -0.324504
-41.0068 11.1304 -34.575 -0.422114 0.846933 -0.323298
-41.157 11.0198 -34.6692 -0.421819 0.847545 -0.32208
-41.3411 10.8851 -34.7834 -0.420086 0.848971 -0.320587
-41.5183 10.7507 -34.9073 -0.417163 0.851564 -0.31748
-41.6847 10.6332 -35.0072 -0.414179 0.853884 -0.31518
-41.8617 10.5092 -35.111 -0.411236 0.856933 -0.310707
-42.0222 10.3986 -35.2059 -0.4084 0.858686 -0.309625
-42.1971 10.2798 -35.3033 -0.415424 0.858405 -0.300937
-42.3716 10.1622 -35.3993 -0.414696 0.859653 -0.298368
-42.5483 10.0438 -35.4949 -0.414698 0.859653 -0.298365
-42.7256 9.92482 -35.5909 -0.414812 0.859308 -0.299201
-42.9086 9.80174 -35.6906 -0.414493 0.859497 -0.299099
-43.0805 9.68631 -35.7845 -0.41412 0.859807 -0.298724
-43.2546 9.56869 -35.8816 -0.414116 0.859808 -0.298727
-43.4371 9.44412 -35.9869 -0.414518 0.859583 -0.298817
-43.6068 9.32519 -36.0939 -0.414435 0.859771 -0.298392
-43.7797 9.20241 -36.2074 -0.414437 0.859769 -0.298393
-43.9527 9.07958 -36.3172 -0.414312 0.856767 -0.307072
-44.138 8.95476 -36.4169 -0.412904 0.857606 -0.30663
-44.326 8.8309 -36.5095 -0.417264 0.857933 -0.299728
-44.4968 8.71814 -36.5932 -0.416464 0.856318 -0.305414
-44.6715 8.6008 -36.684 -0.417757 0.855661 -0.305485
-44.8505 8.47775 -36.7836 -0.417776 0.856958 -0.301803
-45.013 8.36666 -36.8741 -0.41827 0.856677 -0.301919
-45.1696 8.25666 -36.9689 -0.418758 0.856398 -0.302032
-45.3211 8.15082 -37.0583 -0.417764 0.85306 -0.312668
-45.4697 8.04633 -37.1437 -0.420495 0.852078 -0.311685
-45.6396 7.92297 -37.2523 -0.416818 0.85454 -0.309878
-45.7943 7.8137 -37.3455 -0.416818 0.85454 -0.309878
-45.964 7.69066 -37.4559 -0.416676 0.853699 -0.312376
-46.1697 7.54118 -37.5889 -0.420238 0.852521 -0.310817
-46.3556 7.40893 -37.7002 -0.420237 0.852521 -0.310819
-46.5732 7.26108 -37.8195 -0.413686 0.857855 -0.304876
-46.7525 7.13803 -37.9209 -0.422828 0.85507 -0.30012
-46.9109 7.02179 -38.0286 -0.422468 0.854622 -0.301897
-47.0725 6.90282 -38.1393 -0.419665 0.856566 -0.300271
-47.2351 6.78683 -38.2457 -0.416856 0.85851 -0.29865
-47.4024 6.66942 -38.3483 -0.425704 0.855065 -0.296026
-47.5747 6.54649 -38.4533 -0.42809 0.853657 -0.296662
-47.7459 6.42493 -38.556 -0.430719 0.851653 -0.298586
-47.8983 6.31422 -38.6493 -0.43335 0.849648 -0.300511
-48.0965 6.17123 -38.765 -0.442826 0.844249 -0.301827
-48.2711 6.04234 -38.864 -0.44714 0.840536 -0.305885
-48.4305 5.92592 -38.951 -0.446551 0.840117 -0.307881
-48.5929 5.79667 -39.0617 -0.45291 0.835107 -0.312199
-51.8341 5.79339 -33.7291 -0.481994 0.829821 -0.281194
-51.6438 5.94111 -33.6166 -0.479271 0.831606 -0.280589
-51.443 6.09774 -33.4953 -0.477983 0.832613 -0.279794
-51.2721 6.22987 -33.3925 -0.476689 0.833624 -0.278995
-51.1182 6.35018 -33.2959 -0.475166 0.834212 -0.279829
-50.9268 6.49796 -33.1792 -0.474051 0.834957 -0.279506
-50.7544 6.636 -33.0592 -0.473243 0.835526 -0.279173
-50.5999 6.75838 -32.954 -0.47243 0.836096 -0.278841
-50.4438 6.88373 -32.8425 -0.470733 0.837528 -0.277404
-50.2897 7.00125 -32.7477 -0.469036 0.838563 -0.277158
-50.1321 7.12038 -32.6541 -0.467319 0.839717 -0.276556
-49.9833 7.23124 -32.5673 -0.4656 0.840871 -0.275958
-49.794 7.37286 -32.4559 -0.464911 0.840785 -0.277377
-49.6352 7.49003 -32.3664 -0.464188 0.841268 -0.277125
-49.4062 7.65828 -32.239 -0.46168 0.842612 -0.27722
-49.2045 7.81433 -32.1002 -0.460546 0.842423 -0.279681
-48.9833 7.98288 -31.9569 -0.457934 0.843713 -0.280065
-48.7912 8.1244 -31.8424 -0.455335 0.844982 -0.280491
-48.5989 8.26339 -31.7358 -0.454541 0.845369 -0.280612
-48.4065 8.40016 -31.6349 -0.45391 0.845512 -0.281202
-48.2165 8.53395 -31.5395 -0.453258 0.845842 -0.281261
-48.0225 8.67012 -31.4419 -0.452618 0.846154 -0.281356
-47.8328 8.80442 -31.3433 -0.451348 0.84681 -0.281417
-47.659 8.92814 -31.2486 -0.450324 0.847097 -0.282195
-47.5082 9.03744 -31.1617 -0.450568 0.846727 -0.282916
-47.2661 9.21395 -31.0176 -0.449064 0.84752 -0.282933
-47.0864 9.34607 -30.9068 -0.449524 0.847377 -0.282631
-46.8831 9.49472 -30.785 -0.450097 0.84706 -0.282668
-46.7115 9.61676 -30.6922 -0.453319 0.845113 -0.283313
-46.5507 9.73547 -30.5983 -0.45114 0.844693 -0.288039
-46.3577 9.8742 -30.4938 -0.451937 0.844007 -0.288796
-46.1778 10.0023 -30.402 -0.452739 0.843318 -0.289555
-46.0006 10.1297 -30.3074 -0.450144 0.843887 -0.291931
-45.8274 10.2579 -30.2055 -0.449962 0.842607 -0.295886
-45.6561 10.3853 -30.1029 -0.450725 0.841926 -0.296659
-45.5029 10.4995 -30.0126 -0.451494 0.841243 -0.297428
-45.3292 10.6261 -29.9152 -0.447182 0.842324 -0.300859
-45.1556 10.7541 -29.816 -0.447895 0.841605 -0.301814
-44.9734 10.8883 -29.7121 -0.448385 0.840831 -0.303233
-44.7787 11.0338 -29.5981 -0.449019 0.840001 -0.304599
-44.5743 11.1859 -29.4792 -0.447688 0.840437 -0.305353
-44.3915 11.3258 -29.3629 -0.447928 0.840052 -0.30606
-44.2333 11.4492 -29.2557 -0.448689 0.839551 -0.306322
-44.0772 11.5726 -29.1468 -0.448947 0.839281 -0.306682
-43.906 11.7057 -29.0334 -0.448248 0.838864 -0.308838
-43.7269 11.8424 -28.9214 -0.446523 0.83953 -0.309526
-43.5345 11.9855 -28.811 -0.447035 0.838893 -0.310511
-43.3155 12.144 -28.6988 -0.447488 0.838288 -0.311493
-43.0349 12.3464 -28.5572 -0.447582 0.838074 -0.311934
-42.8279 12.4989 -28.4434 -0.444634 0.838931 -0.313839
-42.6463 12.6323 -28.3441 -0.444673 0.838911 -0.313837
-42.4055 12.8132 -28.2014 -0.444589 0.839022 -0.31366
-42.1894 12.9736 -28.0786 -0.445069 0.838991 -0.31306
-42.0082 13.1093 -27.9732 -0.446156 0.838435 -0.313003
-41.824 13.2455 -27.871 -0.446866 0.837726 -0.313885
-41.6358 13.3834 -27.7717 -0.44701 0.83727 -0.314899
-41.4471 13.5214 -27.6727 -0.447481 0.836796 -0.315489
-41.2639 13.6573 -27.5723 -0.444998 0.837671 -0.316677
-41.1156 13.77 -27.4825 -0.444997 0.837672 -0.316676
-40.9274 13.9157 -27.3638 -0.446778 0.835954 -0.318701
-40.7642 14.0417 -27.2605 -0.443403 0.837573 -0.319163
-40.6013 14.1657 -27.1611 -0.443113 0.837849 -0.318841
-40.4422 14.2855 -27.0661 -0.439384 0.838935 -0.321137
-40.2767 14.409 -26.9707 -0.440111 0.838302 -0.321795
-40.111 14.5321 -26.8771 -0.439465 0.837754 -0.324096
-39.9483 14.6558 -26.7767 -0.436537 0.838841 -0.325242
-39.7813 14.7813 -26.6772 -0.43725 0.838166 -0.32602
-39.6303 14.8944 -26.5896 -0.437963 0.837492 -0.326794
-39.4806 15.0064 -26.5021 -0.435305 0.838441 -0.327912
-39.3285 15.1167 -26.4224 -0.435513 0.838248 -0.328129
-39.1745 15.2293 -26.3392 -0.435444 0.838226 -0.328277
-39.0098 15.351 -26.2466 -0.435291 0.838293 -0.328309
-38.8567 15.4679 -26.1511 -0.435145 0.838398 -0.328234
-38.711 15.5786 -26.0614 -0.435005 0.838501 -0.328157
-38.565 15.6898 -25.971 -0.434804 0.838405 -0.328669
-38.3188 15.8756 -25.8222 -0.434318 0.838653 -0.328678
-38.1444 16.0067 -25.7175 -0.433638 0.839212 -0.328149
-37.9967 16.1176 -25.6289 -0.431606 0.840424 -0.327722
-37.8509 16.2267 -25.5402 -0.430624 0.841242 -0.326917
-37.7059 16.3361 -25.45 -0.427637 0.842784 -0.326845
-37.5468 16.4531 -25.3532 -0.422508 0.845608 -0.326242
-37.3906 16.5694 -25.2541 -0.423097 0.845144 -0.326681
-37.2019 16.7085 -25.1393 -0.423671 0.84468 -0.327136
-37.0318 16.8308 -25.0437 -0.421379 0.84527 -0.32856
-36.8042 16.9945 -24.9189 -0.423112 0.842011 -0.334654
-36.5942 17.1446 -24.8066 -0.422778 0.842207 -0.334583
-36.4186 17.27 -24.7134 -0.423291 0.840288 -0.338734
-36.2481 17.3923 -24.623 -0.423289 0.840287 -0.33874
-36.0658 17.5212 -24.5279 -0.418879 0.842773 -0.338044
-35.8855 17.6496 -24.4321 -0.420156 0.84142 -0.339824
-35.7286 17.7626 -24.3467 -0.420886 0.841029 -0.33989
-35.5698 17.8825 -24.2496 -0.422003 0.83817 -0.345516
-35.4229 17.9979 -24.148 -0.420262 0.839089 -0.345412
-35.213 18.1591 -24.0114 -0.419276 0.839725 -0.345064
-35.0171 18.3001 -23.9082 -0.421546 0.838024 -0.346424
-34.8515 18.4181 -23.8235 -0.422329 0.838359 -0.344662
-34.6712 18.5472 -23.7309 -0.420159 0.838427 -0.347123
-34.4862 18.6839 -23.6238 -0.418062 0.83849 -0.349511
-34.3096 18.815 -23.5216 -0.41879 0.837106 -0.351949
-34.1219 18.957 -23.407 -0.417481 0.837847 -0.35174
-33.9197 19.1042 -23.2953 -0.41621 0.838397 -0.351936
-33.7473 19.2259 -23.2094 -0.416285 0.838176 -0.352374
-33.5918 19.3423 -23.1162 -0.416317 0.838152 -0.352394
-33.3879 19.49 -23.0045 -0.413457 0.83909 -0.353526
-33.1935 19.628 -22.9043 -0.413403 0.839145 -0.353459
-32.975 19.773 -22.8152 -0.41254 0.839282 -0.354142
-32.6414 19.9602 -22.7606 -0.412766 0.838994 -0.354561
-32.4571 20.0475 -22.7669 -0.408562 0.840595 -0.355637
-32.0939 20.205 -22.8125 -0.408191 0.840072 -0.357291
-31.8923 20.2864 -22.8504 -0.40684 0.840545 -0.357723
-31.6531 20.3848 -22.8912 -0.403479 0.841578 -0.359082
-31.4429 20.4714 -22.9231 -0.403416 0.839978 -0.362895
-31.259 20.5488 -22.9485 -0.403412 0.839978 -0.362898
-31.0311 20.6438 -22.9824 -0.404079 0.839742 -0.362703
-30.8209 20.7312 -23.0147 -0.405015 0.83874 -0.363974
-30.5779 20.833 -23.0501 -0.404584 0.838841 -0.364221
-30.3781 20.9152 -23.0809 -0.400623 0.8399 -0.366154
-30.0914 21.0316 -23.1262 -0.397636 0.841241 -0.366332
-29.9025 21.1066 -23.159 -0.395774 0.841916 -0.366793
-29.5792 21.2364 -23.2082 -0.394248 0.842532 -0.367026
-29.3533 21.3289 -23.2347 -0.387311 0.843786 -0.371505
-29.1656 21.4072 -23.2525 -0.388969 0.843077 -0.371377
-28.9655 21.4935 -23.2673 -0.390636 0.842366 -0.371246
-28.7664 21.581 -23.2768 -0.385173 0.84194 -0.377861
-28.5304 21.6852 -23.285 -0.385101 0.84176 -0.378334
-28.3079 21.787 -23.2852 -0.383794 0.8424 -0.378236
-28.0883 21.8922 -23.2727 -0.382491 0.843039 -0.378134
-27.8493 22.0118 -23.2459 -0.377653 0.843336 -0.382311
-27.666 22.1039 -23.2233 -0.377575 0.842322 -0.384607
-27.4482 22.2173 -23.1899 -0.375981 0.842084 -0.386687
-27.2584 22.3176 -23.1545 -0.373802 0.843254 -0.386257
-27.0701 22.4183 -23.117 -0.373282 0.843555 -0.386102
-26.8821 22.5174 -23.0824 -0.373579 0.841894 -0.389427
-26.6861 22.6188 -23.0511 -0.373398 0.84198 -0.389414
-26.4873 22.7173 -23.0288 -0.373215 0.842066 -0.389403
-26.2857 22.8133 -23.0146 -0.373461 0.842608 -0.387993
-26.0832 22.9054 -23.0096 -0.373576 0.841197 -0.390933
-25.878 22.9954 -23.012 -0.371859 0.842001 -0.390835
-25.6679 23.0815 -23.0253 -0.370141 0.842806 -0.390734
-25.4574 23.1658 -23.0428 -0.367543 0.843805 -0.391022
-25.2557 23.2416 -23.067 -0.364377 0.845891 -0.389484
-25.0495 23.3173 -23.0957 -0.362953 0.846492 -0.389505
-24.8532 23.3849 -23.1308 -0.361529 0.847089 -0.389534
-24.6571 23.4513 -23.1684 -0.3618 0.8468 -0.389911
-24.36 23.5494 -23.2293 -0.359719 0.847194 -0.39098
-24.1674 23.6132 -23.2683 -0.360046 0.847071 -0.390945
-23.8954 23.703 -23.3241 -0.359477 0.847463 -0.390619
-23.6553 23.7811 -23.3753 -0.358984 0.847431 -0.391141
-23.456 23.8464 -23.417 -0.35949 0.846959 -0.391699
-23.1588 23.945 -23.4765 -0.359606 0.846852 -0.391823
-22.9634 24.0111 -23.5119 -0.357486 0.847614 -0.392115
-22.6113 24.1333 -23.565 -0.350087 0.850199 -0.393193
-22.4046 24.2069 -23.5899 -0.34417 0.851887 -0.394712
-22.0976 24.3191 -23.6146 -0.345683 0.846769 -0.404334
-21.8244 24.4221 -23.6279 -0.337268 0.849126 -0.406492
-21.6188 24.504 -23.629 -0.340267 0.843624 -0.415335
-21.2558 24.6513 -23.6247 -0.341134 0.845281 -0.411247
-21.0604 24.7356 -23.6151 -0.344855 0.838399 -0.422092
-20.7347 24.876 -23.602 -0.344188 0.838815 -0.421811
-20.5056 24.9731 -23.596 -0.344258 0.838827 -0.421729
-20.2048 25.0977 -23.5927 -0.34277 0.839571 -0.421462
-19.9762 25.1878 -23.5981 -0.336634 0.840052 -0.42542
-19.7296 25.2738 -23.6219 -0.334034 0.841155 -0.425299
-19.4902 25.3449 -23.6691 -0.332903 0.841795 -0.424919
-19.2235 25.4032 -23.7602 -0.329186 0.843168 -0.42509
-18.9871 25.4484 -23.854 -0.326681 0.84403 -0.425304
-18.7822 25.4795 -23.9475 -0.322771 0.844753 -0.426863
-18.5643 25.5128 -24.0465 -0.321144 0.844584 -0.428416
-18.3341 25.5468 -24.1484 -0.31022 0.848489 -0.428755
-18.1005 25.5816 -24.2484 -0.304803 0.847789 -0.433926
-17.8654 25.6158 -24.3438 -0.305839 0.844133 -0.440343
-17.6761 25.646 -24.4174 -0.305839 0.844134 -0.440342
-17.4377 25.685 -24.5037 -0.296343 0.84367 -0.44766
-17.1631 25.7335 -24.593 -0.294749 0.844339 -0.447454
-16.9509 25.7713 -24.6608 -0.292808 0.843683 -0.449958
-16.7237 25.8205 -24.7161 -0.29331 0.842936 -0.451027
-16.4541 25.8752 -24.7898 -0.292452 0.842265 -0.452833
-16.2336 25.9117 -24.8632 -0.290628 0.84245 -0.453666
-16.0147 25.9398 -24.9514 -0.288794 0.842857 -0.454078
-15.8272 25.9528 -25.0454 -0.286862 0.843086 -0.454881
-15.583 25.9604 -25.1856 -0.282881 0.842423 -0.458548
-15.3813 25.9548 -25.3162 -0.276688 0.8416 -0.463846
-15.1848 25.9456 -25.4502 -0.273509 0.84181 -0.465335
-15.004 25.9309 -25.5815 -0.270322 0.841986 -0.466889
-14.7892 25.9098 -25.7439 -0.269843 0.841962 -0.467209
-14.5482 25.8929 -25.9131 -0.269372 0.84197 -0.467466
-14.3435 25.8799 -26.0545 -0.270452 0.841266 -0.468107
-14.063 25.8549 -26.2569 -0.265057 0.840305 -0.472897
-13.832 25.8207 -26.4475 -0.260231 0.844819 -0.467505
-13.6472 25.7779 -26.6223 -0.247508 0.847087 -0.470302
-13.4698 25.7305 -26.8011 -0.247181 0.846671 -0.471221
-13.3004 25.6779 -26.9813 -0.239601 0.846998 -0.474537
-13.1182 25.6225 -27.172 -0.239197 0.844942 -0.478371
-12.9468 25.5714 -27.3457 -0.23783 0.842786 -0.482854
-12.7797 25.519 -27.5195 -0.236252 0.842544 -0.484047
-12.6411 25.4747 -27.6634 -0.235059 0.840813 -0.487619
-12.4706 25.4241 -27.832 -0.234406 0.839077 -0.49092
-12.3338 25.3794 -27.9731 -0.233367 0.838834 -0.491831
-12.1748 25.3349 -28.1231 -0.22633 0.840913 -0.491569
-12.0157 25.2936 -28.2667 -0.226104 0.840802 -0.491862
-11.8515 25.2547 -28.4084 -0.226738 0.83845 -0.49557
-11.6883 25.217 -28.5442 -0.217041 0.840037 -0.497224
-11.5089 25.1749 -28.6936 -0.216552 0.839302 -0.498674
-11.2987 25.1188 -28.8775 -0.213126 0.838717 -0.50113
-11.0868 25.0497 -29.0832 -0.213057 0.838286 -0.501878
-10.8405 24.9646 -29.3286 -0.211203 0.83767 -0.503689
-10.6725 24.889 -29.5249 -0.210387 0.837022 -0.505102
-10.5456 24.8064 -29.7141 -0.208531 0.837737 -0.504689
-10.4302 24.7218 -29.9022 -0.207958 0.837537 -0.505257
-10.3206 24.6466 -30.0716 -0.20738 0.837344 -0.505814
-10.1883 24.5623 -30.265 -0.201711 0.835706 -0.51074
-10.0746 24.481 -30.4401 -0.196417 0.837195 -0.510392
-9.92307 24.3939 -30.6437 -0.197173 0.839669 -0.506042
-9.76945 24.3169 -30.83 -0.188063 0.839424 -0.509897
-9.63849 24.2559 -30.9777 -0.187283 0.838459 -0.511772
-9.46848 24.1827 -31.1601 -0.185406 0.839618 -0.510555
-9.30865 24.1237 -31.3134 -0.179185 0.84026 -0.511719
-9.14675 24.0668 -31.4636 -0.179463 0.840502 -0.511222
-9.00136 24.0187 -31.594 -0.1785 0.840777 -0.511106
-8.84138 23.9709 -31.728 -0.177254 0.840809 -0.511489
-8.54788 23.8821 -31.9756 -0.176791 0.840936 -0.511441
-8.39366 23.8277 -32.1184 -0.172847 0.840225 -0.513929
-8.24014 23.7672 -32.267 -0.168651 0.839555 -0.516434
-8.08963 23.6933 -32.4362 -0.16574 0.839282 -0.517809
-7.92595 23.5976 -32.6419 -0.16254 0.838483 -0.520122
-7.78768 23.5068 -32.8314 -0.161841 0.837326 -0.522194
-7.64255 23.4219 -33.0108 -0.157455 0.836681 -0.52457
-7.51404 23.3561 -33.1543 -0.157452 0.836685 -0.524564
-7.31101 23.2623 -33.3635 -0.156334 0.835321 -0.527066
-7.0823 23.1798 -33.5616 -0.155727 0.835695 -0.526652
-6.87565 23.1167 -33.7233 -0.155883 0.836069 -0.526013
-6.67869 23.0593 -33.8711 -0.151257 0.83445 -0.52991
-6.51887 23.0028 -34.0042 -0.141328 0.834068 -0.533251
-6.32735 22.9152 -34.1929 -0.143818 0.835881 -0.529736
-6.13389 22.7941 -34.4367 -0.140134 0.836179 -0.530239
-6.02005 22.7071 -34.6028 -0.135664 0.836732 -0.530542
-5.92073 22.6182 -34.7685 -0.135574 0.8367 -0.530616
-5.83182 22.531 -34.9286 -0.135487 0.836875 -0.530362
-5.72638 22.4164 -35.1366 -0.135493 0.837078 -0.530039
-5.63183 22.3094 -35.3297 -0.135062 0.837468 -0.529533
-5.53663 22.2124 -35.5077 -0.135212 0.837901 -0.52881
-5.43673 22.1169 -35.6845 -0.13571 0.837903 -0.528678
-5.34299 22.0108 -35.8768 -0.135392 0.838119 -0.528417
-5.24595 21.9068 -36.0667 -0.135745 0.83882 -0.527211
-5.14747 21.819 -36.2323 -0.136099 0.839523 -0.526003
-5.02819 21.7066 -36.4408 -0.130729 0.840135 -0.526383
-4.92897 21.6217 -36.6016 -0.131301 0.841043 -0.524791
-4.82905 21.531 -36.7723 -0.127671 0.84163 -0.524737
-4.71778 21.4373 -36.9481 -0.123496 0.840863 -0.526971
-4.60721 21.3474 -37.1174 -0.121445 0.839687 -0.529307
-4.48513 21.2522 -37.2951 -0.118394 0.839878 -0.529698
-4.3531 21.1433 -37.498 -0.116591 0.840583 -0.528985
-4.2377 21.0451 -37.6788 -0.11578 0.839921 -0.530214
-4.08477 20.925 -37.901 -0.110549 0.839874 -0.531404
-3.94434 20.8293 -38.0811 -0.11028 0.839631 -0.531845
-3.79531 20.7335 -38.2635 -0.110078 0.840324 -0.53079
-3.66635 20.6387 -38.4404 -0.107514 0.840761 -0.530624
-3.53346 20.5413 -38.6217 -0.107006 0.840277 -0.531492
-3.41669 20.436 -38.8111 -0.106484 0.839793 -0.532361
-3.31912 20.3221 -39.0104 -0.106288 0.840435 -0.531386
-3.26193 20.2167 -39.1887 -0.106554 0.840669 -0.530963
-3.23284 20.0889 -39.3968 -0.104795 0.84113 -0.530582
-3.22409 19.9693 -39.5867 -0.108164 0.838584 -0.533926
-3.22585 19.8407 -39.7884 -0.105399 0.836558 -0.53762
-3.2236 19.7089 -39.9933 -0.101059 0.836573 -0.538454
-3.2165 19.5832 -40.1899 -0.100172 0.835603 -0.54012
-3.21004 19.459 -40.3819 -0.100858 0.833434 -0.543337
-3.20071 19.3411 -40.5645 -0.100491 0.832838 -0.544318
-3.19612 19.2272 -40.7391 -0.10014 0.832237 -0.545301
-3.19255 19.1172 -40.907 -0.10264 0.829953 -0.548308
-3.1912 19.0051 -41.0765 -0.100105 0.828959 -0.550272
-3.1882 18.8849 -41.2577 -0.0980482 0.829102 -0.550432
-3.18833 18.7691 -41.4325 -0.0988056 0.829394 -0.549857
-3.18733 18.653 -41.6079 -0.099055 0.83002 -0.548865
-3.18526 18.5374 -41.7835 -0.0992948 0.830642 -0.547881
-3.18488 18.4237 -41.9555 -0.0969517 0.830129 -0.549077
-3.18388 18.2905 -42.1571 -0.0958212 0.830718 -0.548385
-3.18292 18.167 -42.3444 -0.0959278 0.831344 -0.547415
-3.17872 18.037 -42.5431 -0.0960174 0.831975 -0.546442
-3.17401 17.8928 -42.7629 -0.0936444 0.831475 -0.547613
-3.17586 17.7704 -42.9485 -0.0936081 0.831667 -0.547327
-3.18295 17.6475 -43.1343 -0.0924948 0.832085 -0.546881
-3.19408 17.5256 -43.3179 -0.0927389 0.832219 -0.546637
-3.20362 17.404 -43.5014 -0.092734 0.832203 -0.546661
-3.21135 17.2889 -43.6754 -0.0927321 0.832181 -0.546695
-3.21333 17.1747 -43.849 -0.0910971 0.832791 -0.546041
-3.21361 17.0579 -44.027 -0.0901621 0.832519 -0.54661
-3.21371 16.9047 -44.2605 -0.0903157 0.833117 -0.545674
-3.20301 16.7073 -44.5644 -0.0887489 0.833829 -0.544841
-3.20036 16.5788 -44.7611 -0.0884306 0.83345 -0.545473
-3.19511 16.4464 -44.965 -0.0869757 0.834491 -0.544113
-3.1896 16.3154 -45.1667 -0.086876 0.834228 -0.544534
-3.19419 16.2004 -45.3419 -0.0860252 0.833571 -0.545673
-3.20738 16.0594 -45.5553 -0.0860382 0.833528 -0.545736
-3.23186 15.8569 -45.8607 -0.083682 0.832545 -0.547591
-3.22354 15.6774 -46.1315 -0.0794274 0.829472 -0.552872
-3.21158 15.5614 -46.3073 -0.0794335 0.829469 -0.552876
-3.20923 15.4268 -46.5103 -0.0792181 0.830655 -0.551123
-3.20107 15.2913 -46.7147 -0.0764723 0.829929 -0.552601
-3.19128 15.164 -46.9078 -0.0760415 0.830619 -0.551624
-3.18588 15.039 -47.0967 -0.076054 0.831258 -0.550659
-3.18695 14.9176 -47.2803 -0.0757862 0.831721 -0.549997
-3.19379 14.8025 -47.4534 -0.075799 0.831728 -0.549985
-3.19709 14.6805 -47.6377 -0.0755705 0.832207 -0.549291
-3.2001 14.5639 -47.8139 -0.0755771 0.832199 -0.549302
-3.2026 14.4469 -47.9908 -0.0755723 0.832192 -0.549313
-3.20392 14.3277 -48.1713 -0.0753707 0.832186 -0.54935
-3.20423 14.2134 -48.3443 -0.0753368 0.832261 -0.549242
-3.20138 14.0988 -48.5184 -0.0755095 0.832194 -0.549319
-3.20338 13.9536 -48.7379 -0.0749949 0.831937 -0.549779
-3.2098 13.7895 -48.9849 -0.0751106 0.831246 -0.550807
-3.2181 13.6544 -49.1875 -0.0728647 0.829513 -0.553705
-3.22175 13.4987 -49.4226 -0.0653793 0.833653 -0.548406
-3.2249 13.3375 -49.6672 -0.0633607 0.831674 -0.551621
-3.22783 13.1909 -49.8879 -0.0583435 0.832423 -0.551061
-3.22947 13.044 -50.1095 -0.0569369 0.83113 -0.553148
-3.23679 12.926 -50.2881 -0.0503613 0.835336 -0.547429
-3.24758 12.8147 -50.4568 -0.0566971 0.834275 -0.548425
-3.24469 12.6707 -50.6746 -0.0494531 0.832695 -0.551519
-3.2419 12.5255 -50.8958 -0.0515915 0.835484 -0.547087
-3.23656 12.3827 -51.114 -0.0520763 0.834786 -0.548106
-3.23128 12.2615 -51.2989 -0.0519095 0.834541 -0.548495
-3.23034 12.135 -51.4919 -0.0501377 0.835041 -0.547897
-3.23106 12.0022 -51.6939 -0.0497043 0.834497 -0.548765
-3.23286 11.8639 -51.9044 -0.0482261 0.83576 -0.546973
-3.23605 11.728 -52.1118 -0.0481836 0.835714 -0.547046
-3.23585 11.5893 -52.3234 -0.0475457 0.833438 -0.550556
-3.23485 11.454 -52.5272 -0.045977 0.832125 -0.552679
-3.23138 11.3126 -52.7408 -0.0436728 0.832617 -0.55212
-3.22801 11.1623 -52.9668 -0.0424034 0.831776 -0.55349
-3.22815 11.001 -53.2097 -0.0424226 0.832736 -0.552042
-3.22524 10.8486 -53.4401 -0.0420754 0.833895 -0.550315
-3.21867 10.6907 -53.6807 -0.041234 0.834766 -0.549058
-3.21309 10.5515 -53.8935 -0.0421432 0.835604 -0.547713
-3.20606 10.4202 -54.0948 -0.0396709 0.836662 -0.546281
-3.19956 10.3042 -54.2727 -0.0393463 0.836341 -0.546796
-3.19409 10.1533 -54.5036 -0.0366162 0.836055 -0.547422
-3.18903 10.0353 -54.6852 -0.0327076 0.837925 -0.544804
-3.18457 9.91984 -54.863 -0.0322808 0.836799 -0.546554
-3.18607 9.81 -55.0303 -0.0318403 0.835676 -0.548299
-3.19351 9.65703 -55.2627 -0.0332819 0.835969 -0.547764
-3.1885 9.52604 -55.4627 -0.0295219 0.834694 -0.549922
-3.18949 9.36039 -55.7141 -0.0285917 0.835366 -0.548949
-3.19898 9.19995 -55.9579 -0.027201 0.835066 -0.549477
-3.20682 9.03926 -56.2017 -0.0262068 0.835798 -0.548408
-3.20149 8.92455 -56.3773 -0.0248843 0.836614 -0.547227
-3.19347 8.78314 -56.5938 -0.0244821 0.836802 -0.546957
-3.20409 8.66372 -56.7762 -0.0249808 0.836924 -0.546749
-3.21758 8.49067 -57.0407 -0.023456 0.836556 -0.547375
-3.20983 8.34566 -57.2618 -0.0223499 0.835548 -0.548963
-3.20496 8.2265 -57.4433 -0.0217118 0.836106 -0.548137
-3.20332 8.10124 -57.6329 -0.0180593 0.833508 -0.552213
-3.20549 7.91986 -57.9066 -0.0173145 0.83246 -0.55381
-3.20707 7.77671 -58.1219 -0.0135036 0.833292 -0.552668
-3.20988 7.63714 -58.3323 -0.0129934 0.832491 -0.553884
-3.21172 7.51876 -58.5096 -0.0114766 0.832371 -0.554097
-3.21462 7.3661 -58.7395 -0.0101217 0.832381 -0.55411
-3.21635 7.23986 -58.9286 -0.00975669 0.831709 -0.555126
-3.21607 7.11917 -59.1103 -0.00692221 0.834149 -0.551496
-3.21838 7.00146 -59.2885 -0.00704838 0.834433 -0.551064
-3.21359 6.88056 -59.4716 -0.00670166 0.833925 -0.551837
-3.21254 6.69036 -59.7595 -0.0040905 0.834515 -0.55097
-3.20972 6.53243 -59.998 -0.003525 0.833506 -0.5525
-3.2156 6.41059 -60.1819 -0.00215839 0.832006 -0.554752
-3.21784 6.28076 -60.3751 0.00163049 0.829277 -0.558835
-3.22828 6.14545 -60.5759 0.00180483 0.828776 -0.559576
-3.23092 6.03011 -60.7464 0.00197675 0.828278 -0.560314
-3.24017 5.9015 -60.9373 0.0045934 0.828464 -0.56002
-3.2387 5.75958 -61.1466 0.00511882 0.827587 -0.561313
-3.23223 5.60946 -61.368 0.00655663 0.827768 -0.561031
-3.22913 5.49338 -61.5389 0.00707059 0.827316 -0.561693
-3.22872 5.33903 -61.7663 0.00659921 0.827731 -0.561086
-3.22747 5.16073 -62.0295 0.00637736 0.826732 -0.562556
-3.23262 5.01748 -62.2398 0.0100158 0.827152 -0.561889
-3.23571 4.87241 -62.4534 0.0110437 0.824819 -0.565273
-3.24145 4.73478 -62.6526 0.0120703 0.822489 -0.568653
-3.24051 4.60231 -62.8444 0.0134691 0.821737 -0.569704
-3.24112 4.47224 -63.0313 0.0119251 0.821202 -0.570513
-3.23611 4.33733 -63.2254 0.0122499 0.819222 -0.573335
-3.22967 4.20121 -63.4183 0.0125808 0.817246 -0.576152
-3.22334 4.06664 -63.6093 0.0156728 0.817513 -0.575695
-3.214 3.93158 -63.8004 0.0159004 0.816879 -0.576591
-3.20979 3.79606 -63.9923 0.0159305 0.816147 -0.577623
-3.20734 3.65551 -64.1903 0.0159689 0.815408 -0.578667
-3.20967 3.51538 -64.388 0.0182012 0.812664 -0.582418
-3.20997 3.38001 -64.5746 0.0183933 0.809187 -0.587263
-3.20749 3.24407 -64.7618 0.018394 0.809539 -0.586777
-3.20433 3.12538 -64.9257 0.0176177 0.809608 -0.586706
-3.19811 2.98674 -65.1166 0.0169759 0.806383 -0.591129
-3.19603 2.85553 -65.2937 0.0221209 0.801477 -0.597587
-3.20095 2.69468 -65.5051 0.0239776 0.790729 -0.611697
-3.21129 2.56222 -65.6768 0.0213513 0.792561 -0.609406
-3.22936 2.38038 -65.9093 0.0170303 0.785465 -0.618668
-3.26855 2.19516 -66.1458 0.0200469 0.786388 -0.617406
-3.4187 2.0641 -66.316 0.0243032 0.778633 -0.627009
-3.75747 2.03495 -66.3654 0.0242274 0.778564 -0.627098
-3.96496 2.03336 -66.3753 0.0225616 0.780658 -0.62454
-4.32515 2.03091 -66.3906 0.0246852 0.782744 -0.621843
-4.55881 2.01758 -66.418 0.0281377 0.782405 -0.622134
-4.88082 2.01343 -66.4376 0.0278808 0.782111 -0.622515
-5.15252 2.01462 -66.4483 0.0262589 0.781047 -0.623916
-5.41507 2.02 -66.4538 0.0288629 0.783409 -0.620836
-5.66139 2.0268 -66.4566 0.0295086 0.783313 -0.620927
-5.88414 2.02686 -66.4674 0.0257429 0.779577 -0.625733
-6.14245 2.02962 -66.4727 0.0149143 0.776543 -0.629854
-6.35272 2.03265 -66.4718 0.00846593 0.777118 -0.629298
-6.5565 2.03512 -66.4715 0.00867123 0.777253 -0.629128
-6.77425 2.04343 -66.4636 0.00710778 0.783117 -0.621833
-6.98484 2.05162 -66.4557 -0.00206353 0.78445 -0.620117
-7.1966 2.05708 -66.4448 -0.0125297 0.785073 -0.619277
-7.41323 2.06077 -66.4358 -0.0102017 0.784709 -0.619776
-7.61664 2.06497 -66.4279 -0.00787435 0.784345 -0.620275
-7.8174 2.06862 -66.4199 -0.0178513 0.77767 -0.628417
-8.06235 2.0709 -66.4085 -0.0236413 0.786983 -0.616522
-8.36876 2.07392 -66.3935 -0.0254281 0.784535 -0.619541
-8.69519 2.07563 -66.3777 -0.0216872 0.781776 -0.623182
-8.95363 2.07914 -66.363 -0.0287013 0.788681 -0.614131
-9.25911 2.06943 -66.3592 -0.0339935 0.785039 -0.618513
-9.56036 2.06798 -66.3454 -0.0312384 0.784577 -0.619244
-9.79201 2.06697 -66.335 -0.0338692 0.785494 -0.617934
-10.0443 2.06355 -66.3244 -0.0365467 0.786389 -0.61665
-10.3717 2.05248 -66.3167 -0.04711 0.786046 -0.61636
-10.6311 2.03901 -66.3131 -0.0468697 0.787813 -0.614123
-10.8339 2.03929 -66.2981 -0.0443894 0.788049 -0.61401
-11.0462 2.04011 -66.28 -0.0594252 0.777738 -0.625757
-11.3027 2.04148 -66.2508 -0.0689252 0.785381 -0.615164
-11.547 2.04263 -66.222 -0.0698688 0.785467 -0.614946
-11.7925 2.04128 -66.1955 -0.0698316 0.786157 -0.614068
-12.066 2.04484 -66.1602 -0.0718502 0.78725 -0.612425
-12.2918 2.04604 -66.131 -0.0748599 0.787741 -0.611441
-12.4991 2.04823 -66.1028 -0.0768386 0.78648 -0.612812
-12.7234 2.04693 -66.0741 -0.0831337 0.79021 -0.607172
-12.937 2.04904 -66.0421 -0.0843974 0.790021 -0.607242
-13.1481 2.04953 -66.0117 -0.0856612 0.789832 -0.607312
-13.4287 2.05372 -65.9677 -0.0847749 0.78821 -0.609538
-13.6884 2.05645 -65.9275 -0.0872541 0.788114 -0.609312
-13.9374 2.05653 -65.8912 -0.088301 0.788531 -0.608623
-14.2065 2.05447 -65.8538 -0.0907907 0.78723 -0.609939
-14.4614 2.04965 -65.8224 -0.0902062 0.78696 -0.610374
-14.7203 2.04508 -65.7904 -0.0890228 0.7873 -0.61011
-14.9383 2.04093 -65.7599 -0.0959805 0.79652 -0.596918
-15.205 2.03914 -65.7219 -0.0903721 0.797513 -0.596495
-15.4607 2.03967 -65.6825 -0.0926716 0.793599 -0.601306
-15.7285 2.03713 -65.6381 -0.108236 0.788717 -0.605153
-15.9794 2.03869 -65.5912 -0.106215 0.788268 -0.606092
-16.2136 2.04778 -65.5388 -0.106415 0.786881 -0.60786
-16.4388 2.05906 -65.4848 -0.105468 0.786726 -0.608224
-16.6676 2.06575 -65.4368 -0.104531 0.786573 -0.608585
-16.8821 2.07175 -65.3894 -0.118122 0.778774 -0.616083
-17.095 2.07974 -65.3383 -0.118867 0.779655 -0.614822
-17.3295 2.08689 -65.2836 -0.124697 0.780688 -0.612329
-17.572 2.08116 -65.2393 -0.12741 0.783419 -0.608276
-17.8216 2.07744 -65.1927 -0.140075 0.783529 -0.605162
-18.0618 2.06717 -65.145 -0.151053 0.77866 -0.608993
-18.284 2.063 -65.0952 -0.151053 0.778659 -0.608993
-18.5661 2.06102 -65.0289 -0.155374 0.783495 -0.60156
-18.8641 2.05755 -64.9518 -0.163133 0.787167 -0.594774
-19.1047 2.05934 -64.8843 -0.162802 0.788471 -0.59313
-19.3456 2.05805 -64.8189 -0.164748 0.78896 -0.591947
-19.5455 2.0586 -64.7625 -0.163852 0.789472 -0.591511
-19.8112 2.06204 -64.6863 -0.158868 0.791559 -0.590081
-20.0407 2.06671 -64.6183 -0.157615 0.791372 -0.590666
-20.2683 2.073 -64.5497 -0.156352 0.791204 -0.591228
-20.4961 2.07646 -64.4833 -0.162983 0.786665 -0.595478
-20.7303 2.07905 -64.416 -0.162572 0.787294 -0.594758
-20.9672 2.07814 -64.3523 -0.159388 0.787489 -0.595351
-21.2162 2.08046 -64.2838 -0.158873 0.785159 -0.598569
-21.4494 2.08243 -64.2193 -0.166626 0.785462 -0.596001
-21.7474 2.07006 -64.1481 -0.173068 0.784455 -0.595542
-21.9665 2.06964 -64.0829 -0.183639 0.779657 -0.598674
-22.1581 2.0697 -64.024 -0.185182 0.780301 -0.597356
-22.3914 2.06889 -63.952 -0.18689 0.780877 -0.596074
-22.6133 2.06763 -63.884 -0.190232 0.781872 -0.593692
-22.8306 2.06523 -63.8161 -0.193574 0.782867 -0.591311
-23.053 2.0644 -63.7446 -0.19073 0.782599 -0.592582
-23.2711 2.06372 -63.6762 -0.188545 0.782015 -0.594057
-23.4979 2.06185 -63.6057 -0.196773 0.77851 -0.595989
-23.7128 2.0613 -63.5353 -0.197161 0.778645 -0.595683
-23.9135 2.06015 -63.4703 -0.196769 0.778759 -0.595664
-24.1354 2.05963 -63.3949 -0.202675 0.782998 -0.588079
-24.3569 2.06356 -63.3133 -0.203715 0.782734 -0.58807
-24.5779 2.07 -63.2272 -0.20626 0.783754 -0.585821
-24.7912 2.07655 -63.1433 -0.206829 0.783648 -0.585762
-25.0242 2.08269 -63.0526 -0.209941 0.787619 -0.579237
-25.2439 2.07962 -62.9753 -0.207951 0.791539 -0.574628
-25.457 2.07781 -62.902 -0.210745 0.787696 -0.578896
-25.7004 2.07733 -62.8141 -0.210748 0.787697 -0.578894
-25.9746 2.08029 -62.7087 -0.213471 0.7885 -0.5768
-26.1974 2.08455 -62.6216 -0.212867 0.790858 -0.573775
-26.4031 2.08279 -62.5463 -0.216118 0.791361 -0.571875
-26.6218 2.0789 -62.4681 -0.219783 0.798931 -0.559824
-26.9566 2.07215 -62.3381 -0.241344 0.783019 -0.573267
-27.1535 2.0648 -62.2663 -0.237957 0.783369 -0.574203
-27.3677 2.05902 -62.1833 -0.242825 0.787023 -0.567125
-27.5599 2.05477 -62.1067 -0.243388 0.786846 -0.567129
-27.8275 2.0551 -61.9958 -0.235944 0.781166 -0.578005
-28.0262 2.0587 -61.9088 -0.236776 0.778701 -0.580993
-28.2345 2.06144 -61.8215 -0.234035 0.778405 -0.582506
-28.4404 2.06094 -61.7387 -0.231403 0.787204 -0.571616
-28.6385 2.06854 -61.6442 -0.250477 0.775512 -0.579518
-28.838 2.07621 -61.5477 -0.256973 0.777189 -0.574343
-29.0675 2.08775 -61.4257 -0.263466 0.77887 -0.569163
-29.2828 2.09898 -61.3112 -0.259647 0.779979 -0.569398
-29.479 2.09753 -61.2244 -0.257342 0.776938 -0.574579
-29.6945 2.09134 -61.1362 -0.264142 0.777199 -0.571079
-29.9016 2.09348 -61.0344 -0.26928 0.778532 -0.566897
-30.2224 2.09091 -60.883 -0.277872 0.783235 -0.556133
-30.4569 2.08548 -60.7718 -0.272288 0.786696 -0.553994
-30.6802 2.08011 -60.6723 -0.274832 0.781122 -0.560638
-30.8679 2.0765 -60.5853 -0.274832 0.78112 -0.560641
-31.0898 2.06918 -60.4822 -0.286278 0.78216 -0.553417
-31.4492 2.06693 -60.2972 -0.29125 0.782513 -0.550315
-31.6481 2.06688 -60.192 -0.292759 0.781969 -0.550285
-31.9003 2.06306 -60.0643 -0.290462 0.783525 -0.549264
-32.1443 2.05825 -59.9414 -0.29009 0.786781 -0.544814
-32.3427 2.0651 -59.8256 -0.291128 0.786495 -0.544675
-32.5217 2.07216 -59.7197 -0.291129 0.786497 -0.544671
-32.7409 2.07814 -59.5911 -0.295953 0.788279 -0.539469
-33.0089 2.07633 -59.4465 -0.296533 0.788097 -0.539418
-33.234 2.07117 -59.3311 -0.296164 0.786872 -0.541404
-33.434 2.06527 -59.2298 -0.297246 0.786568 -0.541253
-33.6459 2.05886 -59.1201 -0.306349 0.789862 -0.531283
-33.9291 2.05166 -58.9662 -0.307079 0.788282 -0.533204
-34.1839 2.05405 -58.8156 -0.312187 0.783641 -0.537072
-34.4464 2.05673 -58.6612 -0.308249 0.783172 -0.540022
-34.6455 2.05836 -58.545 -0.307911 0.785547 -0.536756
-34.8235 2.05734 -58.4438 -0.311127 0.783312 -0.538166
-34.9947 2.06079 -58.3398 -0.307617 0.783228 -0.540287
-35.1776 2.06786 -58.227 -0.3041 0.783148 -0.542405
-35.3644 2.08051 -58.1028 -0.308758 0.788208 -0.532337
-35.5379 2.08472 -57.9945 -0.312179 0.787969 -0.530706
-35.7122 2.08688 -57.8874 -0.325893 0.775561 -0.540646
-35.8831 2.09967 -57.7638 -0.325867 0.784789 -0.527178
-36.2163 2.1097 -57.5417 -0.337393 0.781976 -0.524004
-36.4599 2.10773 -57.3833 -0.346685 0.778364 -0.523411
-36.7182 2.11125 -57.2047 -0.345928 0.78124 -0.519598
-36.9668 2.11422 -57.0365 -0.343677 0.783533 -0.517645
-37.1979 2.10937 -56.8892 -0.345157 0.784228 -0.515609
-37.3983 2.10108 -56.7672 -0.346549 0.783729 -0.515434
-37.6848 2.09858 -56.5814 -0.343254 0.781935 -0.52034
-37.8579 2.10047 -56.4627 -0.350042 0.778588 -0.520836
-38.0541 2.09223 -56.3429 -0.350757 0.779369 -0.519183
-38.3177 2.08477 -56.1764 -0.34704 0.781067 -0.519131
-38.5096 2.08395 -56.0493 -0.349786 0.783599 -0.513395
-38.7097 2.08385 -55.9066 -0.368971 0.780574 -0.504544
-38.8859 2.0838 -55.7778 -0.361565 0.777453 -0.514465
-39.0597 2.08767 -55.6548 -0.361895 0.771331 -0.523461
-39.2195 2.09385 -55.5327 -0.374487 0.771768 -0.513832
-39.3915 2.09989 -55.3942 -0.379349 0.775204 -0.505126
-39.5777 2.10719 -55.2453 -0.372195 0.777714 -0.506589
-39.7989 2.11242 -55.0745 -0.372372 0.777892 -0.506185
-40.0591 2.10886 -54.8897 -0.371036 0.780928 -0.502446
-40.2497 2.10487 -54.7533 -0.372594 0.783317 -0.497581
-40.5448 2.09923 -54.5378 -0.379105 0.781448 -0.495599
-40.7891 2.10031 -54.3484 -0.381598 0.781338 -0.493852
-40.9516 2.10193 -54.2196 -0.383296 0.780708 -0.493538
-41.2237 2.10428 -54.0059 -0.382027 0.779942 -0.495728
-41.4407 2.10308 -53.842 -0.37878 0.7812 -0.496238
-41.6572 2.09665 -53.6865 -0.382509 0.780242 -0.49487
-41.8679 2.08883 -53.5343 -0.385791 0.778992 -0.494305
-42.0937 2.08622 -53.3624 -0.391667 0.776137 -0.494129
-42.2778 2.08745 -53.2121 -0.397784 0.773472 -0.493466
-42.4852 2.0889 -53.0437 -0.396197 0.773234 -0.495114
-42.6477 2.09476 -52.9046 -0.396144 0.77327 -0.4951
-42.8275 2.09337 -52.7615 -0.398892 0.772814 -0.493603
-43.0004 2.08954 -52.6278 -0.4029 0.77319 -0.489711
-43.1679 2.08999 -52.4868 -0.406901 0.773577 -0.485808
-43.3611 2.08564 -52.3318 -0.408355 0.774071 -0.483791
-43.5361 2.08333 -52.1867 -0.409685 0.774626 -0.48178
-43.7004 2.08273 -52.048 -0.411437 0.773831 -0.481562
-43.8755 2.08993 -51.887 -0.410288 0.774849 -0.480908
-44.0392 2.09972 -51.7316 -0.411968 0.775453 -0.478484
-44.2207 2.10527 -51.5648 -0.413635 0.77606 -0.476063
-44.3751 2.10558 -51.4302 -0.413632 0.776062 -0.476064
-44.5618 2.10349 -51.2698 -0.413865 0.778023 -0.472643
-44.7306 2.1013 -51.1265 -0.411884 0.7786 -0.473427
-44.8994 2.09767 -50.9837 -0.421803 0.779533 -0.463002
-45.0599 2.09011 -50.8476 -0.427433 0.777819 -0.460759
-45.2208 2.0829 -50.7104 -0.432371 0.769404 -0.470144
-45.3843 2.07865 -50.5635 -0.431413 0.777765 -0.457127
-45.5475 2.07668 -50.4129 -0.431288 0.777803 -0.45718
-45.7291 2.07461 -50.246 -0.429682 0.775798 -0.462072
-45.8729 2.07793 -50.1068 -0.42968 0.775802 -0.462068
-46.0677 2.0851 -49.9112 -0.435151 0.774599 -0.458953
-46.2882 2.0934 -49.6873 -0.435545 0.774999 -0.457905
-46.4724 2.09988 -49.5025 -0.432328 0.776175 -0.45896
-46.6592 2.10138 -49.3241 -0.4323 0.776163 -0.459008
-46.8346 2.10267 -49.1566 -0.435358 0.774631 -0.458692
-47.0178 2.10218 -48.9826 -0.437414 0.773753 -0.458232
-47.1904 2.10247 -48.8174 -0.433272 0.773061 -0.463259
-47.3407 2.10686 -48.6724 -0.434837 0.769506 -0.467693
-47.5439 2.11503 -48.4617 -0.453085 0.772192 -0.445458
-47.7237 2.12088 -48.2686 -0.454946 0.771341 -0.445031
-47.9294 2.1183 -48.0684 -0.444233 0.777721 -0.444756
-48.102 2.11559 -47.9008 -0.458328 0.774928 -0.434877
-48.2506 2.10798 -47.7494 -0.472429 0.772134 -0.424993
-48.4143 2.10371 -47.5795 -0.470383 0.766571 -0.437158
-48.5918 2.09965 -47.3951 -0.47121 0.766319 -0.43671
-48.7763 2.09481 -47.202 -0.478276 0.767728 -0.42641
-48.9532 2.08947 -47.0108 -0.482191 0.766317 -0.424559
-49.1252 2.0845 -46.8208 -0.481924 0.773503 -0.411596
-49.2925 2.08259 -46.6316 -0.477179 0.77513 -0.414094
-49.4572 2.08083 -46.4441 -0.484862 0.77635 -0.402671
-49.6196 2.0742 -46.2576 -0.490412 0.774589 -0.399384
-49.8097 2.06523 -46.0413 -0.48952 0.77223 -0.404966
-49.9983 2.05565 -45.8294 -0.486797 0.777939 -0.39729
-50.1869 2.05055 -45.6083 -0.483541 0.779155 -0.398862
-50.3339 2.04988 -45.4318 -0.480655 0.783222 -0.394364
-50.522 2.04971 -45.202 -0.479945 0.785094 -0.391511
-50.6442 2.05423 -45.0429 -0.480321 0.785078 -0.391081
-50.7677 2.0573 -44.885 -0.481354 0.785829 -0.388289
-50.8954 2.06963 -44.7017 -0.479362 0.787732 -0.386899
-51.032 2.07273 -44.5261 -0.480316 0.787704 -0.385769
-51.1856 2.0695 -44.3405 -0.481271 0.787679 -0.384629
-51.3432 2.06448 -44.1535 -0.480569 0.788486 -0.383852
-51.485 2.06854 -43.9675 -0.48232 0.787042 -0.38462
-51.631 2.06892 -43.7837 -0.482555 0.78702 -0.384371
-51.8307 2.06542 -43.5399 -0.482484 0.787833 -0.382788
-51.9795 2.06355 -43.3556 -0.484484 0.786716 -0.382548
-52.1172 2.06094 -43.1863 -0.490602 0.783404 -0.381531
-52.2648 2.05462 -43.0053 -0.49503 0.783659 -0.375264
-52.4109 2.04518 -42.8322 -0.49287 0.78431 -0.376736
-52.5572 2.03834 -42.6566 -0.491092 0.788117 -0.370998
-52.7131 2.03175 -42.4603 -0.4943 0.790419 -0.36179
-52.8556 2.02767 -42.2724 -0.497125 0.78957 -0.359788
-53.0031 2.02718 -42.0691 -0.50492 0.787562 -0.353154
-53.1238 2.0268 -41.8926 -0.512556 0.784532 -0.348992
-53.2712 2.02895 -41.6718 -0.513008 0.783651 -0.350304
-53.431 2.03182 -41.4309 -0.518697 0.782719 -0.343864
-53.6158 2.02468 -41.1608 -0.522786 0.783546 -0.335777
-53.76 2.02143 -40.9447 -0.519943 0.785358 -0.335965
-53.8803 2.02361 -40.7534 -0.520101 0.786082 -0.334014
-54.0365 2.02796 -40.4939 -0.525241 0.784832 -0.328876
-54.1887 2.03635 -40.2308 -0.524536 0.787039 -0.324666
-54.3664 2.02536 -39.9643 -0.526216 0.788714 -0.317849
-54.5166 2.02522 -39.7161 -0.525895 0.788488 -0.318935
-54.6265 2.03163 -39.5175 -0.532949 0.784502 -0.317052
-54.7347 2.03921 -39.3168 -0.534468 0.785715 -0.311384
-54.8403 2.04753 -39.1103 -0.535979 0.78693 -0.305724
-54.9849 2.05188 -38.8454 -0.536128 0.788388 -0.301649
-55.1302 2.04912 -38.5911 -0.536154 0.789898 -0.297659
-55.2396 2.04949 -38.3947 -0.534737 0.790221 -0.299343
-55.3506 2.04692 -38.2025 -0.535148 0.793276 -0.290382
-55.4426 2.05117 -38.0147 -0.551717 0.783411 -0.286139
-55.5403 2.05424 -37.8179 -0.550861 0.783164 -0.288444
-55.6334 2.0593 -37.6281 -0.55 0.782923 -0.290744
-55.7654 2.05955 -37.3739 -0.555035 0.7815 -0.284933
-55.8675 2.05764 -37.1784 -0.555149 0.782375 -0.282311
-55.9726 2.05755 -36.9719 -0.555282 0.782328 -0.282178
-56.0906 2.06589 -36.7191 -0.558013 0.779041 -0.285854
-56.1924 2.07818 -36.4834 -0.566329 0.774904 -0.280706
-56.2107 2.1644 -36.2084 -0.565433 0.774483 -0.28364
-56.08 2.30202 -36.0899 -0.556331 0.782578 -0.279405
-55.8548 2.5082 -35.9603 -0.555812 0.782868 -0.279627
-55.6345 2.70701 -35.8419 -0.54513 0.788579 -0.284259
-55.4523 2.86727 -35.738 -0.530174 0.798849 -0.284076
-55.2295 3.06085 -35.601 -0.524916 0.803825 -0.279868
-55.0709 3.20017 -35.4991 -0.524762 0.803016 -0.282473
-54.9217 3.33186 -35.4018 -0.520598 0.805494 -0.283078
-54.7003 3.51978 -35.2682 -0.515864 0.808822 -0.282297
-54.55 3.64533 -35.1833 -0.517246 0.808909 -0.279487
-54.3026 3.8541 -35.0368 -0.512289 0.809306 -0.287373
-54.126 4.00143 -34.9366 -0.511731 0.809734 -0.287161
-53.9699 4.12837 -34.8563 -0.511232 0.810026 -0.287229
-53.8067 4.26159 -34.7711 -0.511233 0.810026 -0.287226
-53.6275 4.40534 -34.6779 -0.5047 0.814677 -0.285623
-53.4479 4.54858 -34.5845 -0.499451 0.819686 -0.280418
-53.2582 4.69686 -34.4838 -0.494996 0.822729 -0.279456
-53.1049 4.81721 -34.4011 -0.495175 0.822189 -0.280722
-52.9558 4.93387 -34.3187 -0.488726 0.826063 -0.280654
-52.6713 5.15585 -34.1608 -0.488214 0.826342 -0.280724
-52.4714 5.31057 -34.0524 -0.487789 0.826757 -0.280241
-52.2923 5.44875 -33.9564 -0.48779 0.826757 -0.280238
-52.0444 5.63626 -33.83 -0.484038 0.829211 -0.279494
-51.9746 5.68808 -33.7971 -0.484114 0.82872 -0.280811
-42.5067 7.39555 -42.4162 -0.367519 0.862911 -0.346863
-42.1998 7.50655 -42.4652 -0.36998 0.861221 -0.348443
-41.9747 7.58813 -42.5007 -0.366654 0.861062 -0.352332
-41.7755 7.66013 -42.5321 -0.364527 0.861758 -0.352836
-41.5742 7.73184 -42.5635 -0.362358 0.862484 -0.353295
-41.3685 7.80508 -42.5957 -0.362472 0.86245 -0.353262
-41.1697 7.8759 -42.6268 -0.36258 0.862416 -0.353233
-40.8947 7.9741 -42.6698 -0.361978 0.862107 -0.354604
-40.6296 8.06834 -42.7113 -0.361775 0.862269 -0.354416
-40.4038 8.1481 -42.7464 -0.359438 0.861202 -0.359355
-40.2018 8.21934 -42.7778 -0.355974 0.862579 -0.3595
-39.9931 8.29123 -42.8096 -0.352516 0.86393 -0.359663
-39.7929 8.36034 -42.8403 -0.354911 0.862166 -0.361535
-39.5782 8.4344 -42.8735 -0.350172 0.86039 -0.370281
-39.3487 8.51271 -42.9086 -0.349866 0.860546 -0.370209
-39.082 8.60345 -42.9494 -0.349563 0.8607 -0.370138
-38.7911 8.70163 -42.9937 -0.34817 0.859866 -0.373374
-38.529 8.79093 -43.0339 -0.349936 0.858872 -0.374009
-38.2734 8.87797 -43.0733 -0.350939 0.858485 -0.373959
-38.0298 8.96132 -43.1111 -0.351658 0.858099 -0.374168
-37.8016 9.03924 -43.1465 -0.350782 0.85797 -0.375286
-37.5795 9.11501 -43.1811 -0.351117 0.857819 -0.375317
-37.3591 9.19015 -43.2155 -0.350297 0.857918 -0.375856
-37.1487 9.2617 -43.2481 -0.350101 0.858007 -0.375837
-36.9512 9.32883 -43.2788 -0.348475 0.858071 -0.377199
-36.7443 9.39862 -43.3108 -0.347818 0.85799 -0.377989
-36.5501 9.4641 -43.3408 -0.346967 0.858362 -0.377926
-36.3244 9.54006 -43.3755 -0.34704 0.858748 -0.376982
-36.0924 9.61811 -43.4113 -0.34598 0.858545 -0.378415
-35.8647 9.69421 -43.4461 -0.345566 0.858138 -0.379716
-35.6469 9.76708 -43.48 -0.346065 0.857998 -0.379578
-35.4331 9.83856 -43.513 -0.345795 0.858616 -0.378424
-35.2228 9.90903 -43.5457 -0.346019 0.858248 -0.379054
-34.9844 9.98868 -43.5827 -0.345778 0.858023 -0.379782
-34.7475 10.0676 -43.6195 -0.344339 0.859067 -0.378727
-34.5442 10.1351 -43.6513 -0.344339 0.859067 -0.378727
-34.3201 10.2081 -43.6855 -0.337599 0.859362 -0.384088
-34.1028 10.279 -43.7188 -0.339089 0.858626 -0.384421
-33.8722 10.3539 -43.7543 -0.333038 0.862263 -0.38156
-33.6462 10.4243 -43.7878 -0.324741 0.862317 -0.388526
-33.4182 10.4951 -43.8213 -0.321998 0.863325 -0.38857
-33.1807 10.5674 -43.8556 -0.319257 0.864328 -0.388603
-32.9459 10.6389 -43.8895 -0.315996 0.863206 -0.393728
-32.7068 10.7089 -43.9229 -0.308498 0.863855 -0.398225
-32.4706 10.778 -43.9559 -0.307007 0.864468 -0.398047
-32.231 10.8473 -43.9892 -0.301861 0.864334 -0.402253
-31.9723 10.9201 -44.0243 -0.296711 0.864156 -0.406445
-31.7216 10.9899 -44.058 -0.295219 0.86475 -0.406266
-31.4689 11.0599 -44.0919 -0.290687 0.863927 -0.411257
-31.2572 11.1178 -44.12 -0.290879 0.863639 -0.411724
-30.9653 11.1976 -44.1587 -0.290905 0.863421 -0.412163
-30.7064 11.2681 -44.1932 -0.289482 0.863358 -0.413296
-30.44 11.3404 -44.2288 -0.289451 0.863372 -0.413288
-30.1745 11.4104 -44.2632 -0.274056 0.862549 -0.425327
-29.8951 11.4818 -44.2983 -0.275989 0.861576 -0.426048
-29.6081 11.5548 -44.3342 -0.265208 0.860817 -0.434348
-29.2803 11.6356 -44.3741 -0.266371 0.860096 -0.435065
-29.0609 11.689 -44.4007 -0.261585 0.860166 -0.437822
-28.7928 11.7541 -44.4332 -0.258806 0.860677 -0.438468
-28.5412 11.8138 -44.4628 -0.25638 0.860398 -0.440437
-28.2836 11.875 -44.4932 -0.256163 0.860384 -0.440591
-28.0176 11.9386 -44.5249 -0.25818 0.859269 -0.441589
-27.7491 12.0027 -44.5572 -0.256864 0.859112 -0.44266
-27.4427 12.0753 -44.5937 -0.2565 0.858538 -0.443983
-27.1515 12.1444 -44.6284 -0.257138 0.85726 -0.446077
-26.897 12.2041 -44.6584 -0.253492 0.854178 -0.454007
-26.6494 12.2619 -44.6879 -0.252406 0.854473 -0.454056
-26.4501 12.3079 -44.7116 -0.251322 0.854773 -0.454093
-26.2405 12.3562 -44.7366 -0.248494 0.855392 -0.454484
-26.0299 12.4038 -44.7612 -0.246747 0.85546 -0.455307
-25.8114 12.4534 -44.7864 -0.246685 0.855475 -0.455312
-25.6103 12.4991 -44.8095 -0.245587 0.854884 -0.457012
-25.3262 12.563 -44.8418 -0.245567 0.8541 -0.458487
-25.1172 12.6103 -44.8661 -0.246355 0.854094 -0.458074
-24.8538 12.6697 -44.897 -0.246182 0.854255 -0.457867
-24.6508 12.7154 -44.921 -0.246233 0.854251 -0.457848
-24.446 12.7615 -44.9453 -0.245672 0.853307 -0.459906
-24.1781 12.821 -44.9766 -0.243048 0.852879 -0.462087
-23.8553 12.8905 -45.0129 -0.23188 0.855475 -0.463028
-23.6404 12.9359 -45.0366 -0.228411 0.855481 -0.464738
-23.4154 12.9822 -45.061 -0.227016 0.854292 -0.4676
-23.1913 13.0284 -45.0853 -0.221626 0.854287 -0.470187
-22.9568 13.0745 -45.1096 -0.21725 0.853661 -0.473355
-22.7232 13.1205 -45.1338 -0.215965 0.85366 -0.473944
-22.4855 13.1668 -45.1584 -0.216295 0.852747 -0.475435
-22.2438 13.2141 -45.1835 -0.215844 0.852742 -0.47565
-22.0464 13.2526 -45.2039 -0.215038 0.852898 -0.475735
-21.8327 13.294 -45.2261 -0.214684 0.853062 -0.4756
-21.6257 13.3341 -45.2477 -0.215592 0.852771 -0.475711
-21.4288 13.3727 -45.2682 -0.217077 0.851233 -0.477786
-21.2217 13.4134 -45.2897 -0.216312 0.851442 -0.477761
-21.0139 13.454 -45.3112 -0.215671 0.851707 -0.477579
-20.8071 13.4943 -45.3327 -0.21536 0.851797 -0.477559
-20.5984 13.5348 -45.3545 -0.21505 0.851876 -0.477557
-20.3883 13.5752 -45.3764 -0.204572 0.851041 -0.483611
-20.1499 13.6181 -45.3998 -0.201689 0.8492 -0.488038
-19.8858 13.665 -45.4253 -0.194211 0.850409 -0.488964
-19.574 13.7193 -45.4546 -0.193347 0.851237 -0.487866
-19.2833 13.7661 -45.4796 -0.178481 0.850064 -0.495516
-19.0016 13.811 -45.5041 -0.17737 0.850518 -0.495136
-18.7459 13.8509 -45.5262 -0.174674 0.850807 -0.495596
-18.4757 13.893 -45.5491 -0.174377 0.850941 -0.495472
-18.1271 13.9469 -45.5789 -0.173943 0.851033 -0.495466
-17.8873 13.9843 -45.5988 -0.17371 0.851098 -0.495437
-17.6603 14.0194 -45.6177 -0.172364 0.850239 -0.497377
-17.4474 14.0522 -45.6355 -0.172818 0.850126 -0.497414
-17.1933 14.0912 -45.6571 -0.171761 0.850918 -0.496424
-16.9752 14.1232 -45.6753 -0.16525 0.849569 -0.500925
-16.7535 14.1556 -45.6936 -0.161768 0.850704 -0.500133
-16.5446 14.1844 -45.71 -0.151657 0.850249 -0.504061
-16.3278 14.2133 -45.7265 -0.152674 0.849902 -0.504338
-16.115 14.2422 -45.7428 -0.153687 0.849553 -0.504618
-15.8838 14.2714 -45.7592 -0.141173 0.847045 -0.512431
-15.6527 14.3001 -45.7752 -0.141081 0.847083 -0.512394
-15.4249 14.3286 -45.7911 -0.140293 0.847907 -0.511244
-15.1911 14.3574 -45.8067 -0.138611 0.848541 -0.510651
-14.9545 14.3863 -45.8225 -0.133181 0.848844 -0.511592
-14.727 14.4128 -45.8367 -0.130766 0.849794 -0.510638
-14.4345 14.4467 -45.8552 -0.131857 0.850052 -0.509926
-14.1898 14.4749 -45.8711 -0.130894 0.851149 -0.508343
-13.9474 14.5024 -45.8873 -0.127713 0.850827 -0.509689
-13.6977 14.53 -45.9035 -0.127306 0.849101 -0.51266
-13.443 14.5584 -45.9198 -0.126642 0.84891 -0.513141
-13.172 14.5876 -45.936 -0.122173 0.848659 -0.514638
-12.9251 14.6142 -45.9508 -0.122612 0.848534 -0.514739
-12.6713 14.6409 -45.9658 -0.118871 0.847095 -0.517976
-12.5462 14.654 -45.9732 -0.118875 0.847094 -0.517978
-12.6986 11.4653 -51.2235 -0.113206 0.851365 -0.512212
-12.9388 11.4406 -51.21 -0.115657 0.853746 -0.507681
-13.1589 11.418 -51.1978 -0.115654 0.853749 -0.507678
-13.3639 11.3953 -51.1856 -0.122272 0.855892 -0.502493
-13.5906 11.3703 -51.173 -0.122273 0.855891 -0.502494
-13.8168 11.3452 -51.1601 -0.124367 0.856035 -0.501733
-14.0651 11.3172 -51.146 -0.12506 0.855822 -0.501924
-14.3107 11.2896 -51.132 -0.124818 0.855647 -0.502284
-14.5601 11.2615 -51.1178 -0.124545 0.856462 -0.500961
-14.8088 11.2338 -51.1033 -0.125019 0.856322 -0.501081
-15.0498 11.2066 -51.0892 -0.126871 0.856718 -0.499938
-15.2841 11.1798 -51.0756 -0.126867 0.856716 -0.499942
-15.5162 11.1528 -51.0618 -0.129601 0.85599 -0.500484
-15.7442 11.1261 -51.0484 -0.130579 0.855288 -0.501429
-15.9736 11.0987 -51.0347 -0.131911 0.85537 -0.500942
-16.2055 11.071 -51.021 -0.132176 0.855312 -0.500971
-16.4152 11.0458 -51.0085 -0.13287 0.855515 -0.50044
-16.6734 11.0146 -50.9931 -0.133374 0.855756 -0.499892
-16.9089 10.9862 -50.9789 -0.133448 0.855743 -0.499896
-17.1447 10.9579 -50.9647 -0.131514 0.85772 -0.497012
-17.3772 10.93 -50.9505 -0.134027 0.85964 -0.493007
-17.5981 10.9034 -50.9369 -0.134023 0.859641 -0.493006
-17.8548 10.87 -50.9198 -0.144805 0.85699 -0.494569
-18.0936 10.8389 -50.9039 -0.150389 0.855634 -0.495251
-18.3711 10.7996 -50.8841 -0.156071 0.854297 -0.495801
-18.6352 10.7632 -50.8662 -0.155867 0.860513 -0.484998
-18.9278 10.7189 -50.8445 -0.169472 0.861046 -0.479457
-19.2443 10.6698 -50.8209 -0.168686 0.861403 -0.479093
-19.5401 10.6253 -50.799 -0.164242 0.861333 -0.480759
-19.8717 10.5758 -50.7744 -0.162425 0.862759 -0.478817
-20.1502 10.5325 -50.7529 -0.171245 0.864728 -0.472144
-20.4197 10.4904 -50.7324 -0.169087 0.865308 -0.471859
-20.6434 10.4566 -50.7154 -0.163195 0.864379 -0.475621
-20.861 10.4243 -50.6996 -0.16567 0.86378 -0.475854
-21.0591 10.394 -50.6845 -0.168143 0.863176 -0.476083
-21.2582 10.3634 -50.6697 -0.170547 0.865781 -0.470464
-21.4609 10.3312 -50.6543 -0.173316 0.863127 -0.474314
-21.6631 10.2991 -50.6387 -0.175548 0.862981 -0.473758
-21.8969 10.2612 -50.62 -0.17778 0.862836 -0.47319
-22.1166 10.2253 -50.6028 -0.182783 0.862178 -0.472483
-22.3298 10.1887 -50.5848 -0.188652 0.862152 -0.470217
-22.5654 10.1478 -50.5649 -0.192213 0.862238 -0.468615
-22.7894 10.1081 -50.5448 -0.196122 0.860416 -0.47034
-23.2135 10.0298 -50.5064 -0.204094 0.858224 -0.470954
-23.5108 9.97346 -50.4788 -0.209504 0.862915 -0.459875
-23.8466 9.9083 -50.4469 -0.210868 0.863391 -0.458356
-24.1576 9.84797 -50.4176 -0.211282 0.863924 -0.45716
-24.4253 9.79546 -50.3922 -0.212954 0.863823 -0.456574
-24.6931 9.74274 -50.3671 -0.21248 0.864024 -0.456414
-24.9409 9.69414 -50.3439 -0.212324 0.864278 -0.456006
-25.1699 9.64915 -50.3226 -0.212824 0.864104 -0.456103
-25.3727 9.60918 -50.3034 -0.213683 0.864009 -0.455882
-25.5935 9.56551 -50.2825 -0.214038 0.864086 -0.455569
-25.8452 9.51544 -50.2589 -0.214633 0.863909 -0.455625
-26.0692 9.47071 -50.238 -0.219848 0.864432 -0.452133
-26.3657 9.40854 -50.2098 -0.224138 0.864038 -0.450779
-26.6732 9.34414 -50.1803 -0.227635 0.864266 -0.448583
-26.9497 9.28542 -50.153 -0.227157 0.866606 -0.44429
-27.2264 9.22684 -50.1258 -0.232211 0.866902 -0.441089
-27.493 9.16727 -50.098 -0.23971 0.86583 -0.439178
-27.7579 9.10794 -50.0703 -0.240638 0.865847 -0.438637
-28.0155 9.04991 -50.0433 -0.240991 0.866204 -0.437737
-28.2636 8.99411 -50.0171 -0.242496 0.866055 -0.4372
-28.4882 8.9428 -49.9931 -0.245772 0.864769 -0.437916
-28.7056 8.89278 -49.9698 -0.245772 0.864768 -0.437919
-28.9267 8.84178 -49.9462 -0.246208 0.864733 -0.437742
-29.1246 8.79563 -49.9248 -0.250915 0.862516 -0.43944
-29.3979 8.73104 -49.8949 -0.250552 0.861372 -0.441885
-29.6943 8.66123 -49.8626 -0.251362 0.860961 -0.442225
-29.8889 8.61533 -49.8413 -0.252265 0.860795 -0.442034
-30.1019 8.56459 -49.8181 -0.253167 0.860627 -0.441845
-30.3139 8.51404 -49.7951 -0.252601 0.860681 -0.442064
-30.5251 8.4644 -49.7728 -0.248687 0.858771 -0.447958
-30.7364 8.41479 -49.7506 -0.251555 0.858151 -0.447545
-30.9482 8.36387 -49.7278 -0.254415 0.857534 -0.447112
-31.1561 8.314 -49.7054 -0.254569 0.858264 -0.44562
-31.3604 8.26457 -49.6835 -0.254392 0.857234 -0.4477
-31.5742 8.21305 -49.6607 -0.262945 0.854778 -0.447454
-31.7786 8.16044 -49.6368 -0.271484 0.852249 -0.447177
-31.9794 8.10897 -49.6132 -0.273222 0.852719 -0.445218
-32.2111 8.04723 -49.5852 -0.281174 0.852245 -0.441158
-32.448 7.9837 -49.5569 -0.284379 0.850783 -0.441923
-32.7023 7.91401 -49.5257 -0.286221 0.849284 -0.443615
-32.9832 7.83736 -49.4912 -0.287683 0.848493 -0.444183
-33.2134 7.77421 -49.4622 -0.288243 0.847703 -0.445326
-33.4716 7.70345 -49.4298 -0.288591 0.847461 -0.445561
-33.7262 7.63294 -49.3985 -0.289421 0.847126 -0.445661
-33.9457 7.57208 -49.3716 -0.292252 0.846922 -0.444197
-34.1988 7.50036 -49.3405 -0.293435 0.847975 -0.4414
-34.4144 7.43962 -49.3139 -0.293435 0.847974 -0.441403
-34.4453 7.43076 -49.3101 -0.3003 0.84658 -0.439456
-39.0631 11.0441 -37.0832 -0.388859 0.859363 -0.332091
-38.8341 11.1313 -37.1246 -0.385232 0.858096 -0.339511
-38.6094 11.2165 -37.1652 -0.386602 0.857575 -0.339271
-38.3727 11.3062 -37.2079 -0.384565 0.859192 -0.337488
-38.157 11.3863 -37.2458 -0.378104 0.858947 -0.345322
-37.9414 11.466 -37.2837 -0.378584 0.858758 -0.345266
-37.7334 11.5431 -37.3203 -0.376811 0.858026 -0.349006
-37.5096 11.6248 -37.3593 -0.373577 0.857819 -0.352969
-37.2991 11.7012 -37.3958 -0.372615 0.858177 -0.353116
-37.1033 11.7723 -37.4297 -0.37193 0.857954 -0.354377
-36.8877 11.85 -37.4669 -0.370843 0.857208 -0.35731
-36.6866 11.9225 -37.5016 -0.371387 0.857016 -0.357205
-36.4946 11.992 -37.5348 -0.371935 0.856822 -0.357099
-36.3019 12.0617 -37.5681 -0.370655 0.856793 -0.358498
-36.1056 12.1325 -37.602 -0.371366 0.855446 -0.360969
-35.9111 12.2027 -37.6357 -0.372025 0.855198 -0.36088
-35.7194 12.2722 -37.669 -0.37268 0.854954 -0.36078
-35.5292 12.3412 -37.7021 -0.372622 0.855424 -0.359725
-35.3364 12.4111 -37.7357 -0.373682 0.853791 -0.362496
-35.1456 12.4805 -37.7691 -0.372745 0.854144 -0.362628
-34.9412 12.5542 -37.8048 -0.371808 0.854499 -0.362755
-34.7389 12.6273 -37.8402 -0.36976 0.855475 -0.362547
-34.5196 12.7051 -37.8784 -0.367394 0.856324 -0.362948
-34.3215 12.7754 -37.9131 -0.367397 0.856322 -0.36295
-34.0874 12.8575 -37.9538 -0.36339 0.857941 -0.363159
-33.8661 12.9345 -37.9923 -0.355301 0.858034 -0.370862
-33.6504 13.0075 -38.0289 -0.353996 0.856862 -0.3748
-33.4326 13.0812 -38.066 -0.351559 0.857864 -0.374802
-33.2312 13.1484 -38.0997 -0.349116 0.858861 -0.374802
-33.0365 13.2131 -38.132 -0.347149 0.858339 -0.377812
-32.8048 13.2903 -38.1703 -0.34983 0.855574 -0.381593
-32.6159 13.353 -38.2016 -0.339797 0.857342 -0.386655
-32.2513 13.4709 -38.2613 -0.341165 0.856625 -0.38704
-32.0572 13.5336 -38.2932 -0.338618 0.856546 -0.389444
-31.8662 13.5949 -38.3243 -0.339233 0.85549 -0.391225
-31.6713 13.6576 -38.3561 -0.337843 0.856045 -0.391213
-31.3235 13.7688 -38.4124 -0.337118 0.856673 -0.390464
-31.1167 13.8345 -38.4457 -0.334986 0.857529 -0.390421
-30.7868 13.9391 -38.4988 -0.334637 0.857697 -0.390352
-30.5636 14.0098 -38.5347 -0.334536 0.85783 -0.390145
-30.2954 14.0948 -38.5779 -0.334552 0.857845 -0.390099
-30.051 14.1721 -38.6173 -0.333389 0.858031 -0.390685
-29.8605 14.232 -38.6479 -0.332779 0.857991 -0.391292
-29.6341 14.3034 -38.6844 -0.333814 0.857567 -0.39134
-29.3246 14.3982 -38.7331 -0.318129 0.861004 -0.396819
-29.0754 14.4726 -38.7715 -0.314763 0.860629 -0.400303
-28.8721 14.5322 -38.8024 -0.314021 0.854489 -0.41381
-28.6793 14.5888 -38.8318 -0.307272 0.857136 -0.413402
-28.4835 14.6432 -38.8603 -0.296542 0.859062 -0.417223
-28.289 14.6966 -38.8885 -0.293475 0.860196 -0.417056
-28.0922 14.7495 -38.9164 -0.2904 0.861323 -0.416882
-27.8964 14.8017 -38.9442 -0.287894 0.860662 -0.419975
-27.701 14.8536 -38.972 -0.289087 0.859279 -0.421982
-27.5052 14.9058 -38.9998 -0.288648 0.859432 -0.42197
-27.3093 14.9577 -39.0277 -0.286833 0.859311 -0.423451
-27.1139 15.0092 -39.0554 -0.287609 0.859038 -0.423478
-26.9191 15.0609 -39.0832 -0.288382 0.858763 -0.42351
-26.7244 15.1126 -39.1111 -0.28861 0.859238 -0.422391
-26.5306 15.164 -39.1388 -0.288953 0.858042 -0.424582
-26.3367 15.2156 -39.1666 -0.289059 0.858004 -0.424588
-26.056 15.2902 -39.2069 -0.289095 0.857953 -0.424666
-25.7752 15.3651 -39.2474 -0.290332 0.8575 -0.424736
-25.4862 15.4421 -39.2892 -0.289997 0.856732 -0.426511
-25.2195 15.5132 -39.3277 -0.289945 0.856943 -0.426123
-24.91 15.5946 -39.3716 -0.284856 0.856395 -0.430633
-24.674 15.6541 -39.4039 -0.273662 0.860545 -0.429618
-24.2859 15.7471 -39.4553 -0.263069 0.855363 -0.44626
-24.0394 15.8057 -39.4882 -0.263496 0.855362 -0.446011
-23.8008 15.8617 -39.52 -0.259231 0.853959 -0.451168
-23.5616 15.9177 -39.5515 -0.260696 0.853443 -0.451301
-23.3577 15.966 -39.5787 -0.2598 0.852299 -0.453972
-23.0779 16.0308 -39.6155 -0.258571 0.851216 -0.456697
-22.883 16.0765 -39.6413 -0.259711 0.850771 -0.45688
-22.6286 16.1355 -39.6746 -0.258002 0.849441 -0.46031
-22.3912 16.1911 -39.706 -0.257406 0.848574 -0.462238
-22.1749 16.2407 -39.7343 -0.255195 0.848753 -0.463136
-21.9551 16.2913 -39.7632 -0.255844 0.847608 -0.46487
-21.7338 16.3419 -39.7921 -0.254662 0.847682 -0.465385
-21.5386 16.3865 -39.8177 -0.254794 0.847602 -0.465457
-21.336 16.433 -39.8442 -0.255093 0.846447 -0.467391
-21.1249 16.4813 -39.8717 -0.252009 0.846959 -0.468137
-20.8612 16.5409 -39.9057 -0.251768 0.84712 -0.467975
-20.6325 16.5928 -39.9355 -0.253347 0.846865 -0.467583
-20.4335 16.638 -39.9615 -0.246322 0.847835 -0.469576
-20.2218 16.683 -39.9878 -0.239355 0.8487 -0.471611
-20.011 16.7277 -40.0141 -0.228627 0.845202 -0.483077
-19.791 16.7688 -40.0384 -0.211209 0.852299 -0.478517
-19.5692 16.8101 -40.0628 -0.206813 0.852411 -0.480232
-19.2117 16.8753 -40.101 -0.20971 0.848119 -0.486534
-19.0146 16.9102 -40.1215 -0.200493 0.848575 -0.489615
-18.6867 16.9683 -40.1559 -0.20107 0.847023 -0.49206
-18.455 17.0094 -40.1797 -0.201786 0.846259 -0.49308
-18.2404 17.0483 -40.2019 -0.204237 0.845732 -0.492976
-18.0254 17.087 -40.2245 -0.203191 0.84571 -0.493445
-17.8026 17.1266 -40.2481 -0.202813 0.845362 -0.494197
-17.5808 17.166 -40.2716 -0.198461 0.845285 -0.496091
-17.34 17.2065 -40.2957 -0.18974 0.847039 -0.496512
-17.0749 17.2506 -40.3218 -0.189335 0.846987 -0.496754
-16.774 17.2989 -40.3504 -0.179463 0.849677 -0.495825
-16.4945 17.3428 -40.3766 -0.177057 0.849275 -0.497377
-16.2595 17.3782 -40.3978 -0.171702 0.848289 -0.500923
-16.0151 17.4147 -40.4198 -0.171808 0.848272 -0.500916
-15.7952 17.4475 -40.4397 -0.171912 0.848247 -0.500923
-15.5751 17.4803 -40.4597 -0.172011 0.84821 -0.500952
-15.3553 17.5131 -40.4798 -0.172482 0.847709 -0.501637
-15.1347 17.546 -40.5001 -0.171604 0.847873 -0.501661
-14.8956 17.5812 -40.5219 -0.170729 0.848031 -0.501692
-14.6723 17.6141 -40.5424 -0.167425 0.848602 -0.501841
-14.4391 17.6464 -40.563 -0.160734 0.851018 -0.499933
-14.1861 17.6812 -40.5851 -0.154764 0.850936 -0.501952
-13.9671 17.7096 -40.6027 -0.15415 0.848186 -0.506773
-13.737 17.7402 -40.6215 -0.147929 0.847797 -0.509271
-13.5099 17.7677 -40.6385 -0.139541 0.848338 -0.510736
-13.2892 17.794 -40.6551 -0.139564 0.84834 -0.510727
-13.0624 17.821 -40.6724 -0.140524 0.847905 -0.511185
-12.83 17.8487 -40.6904 -0.140133 0.847877 -0.511339
-17.3823 20.2173 -34.835 -0.236268 0.859023 -0.454156
-17.6148 20.1692 -34.805 -0.237535 0.858856 -0.453809
-17.8104 20.1281 -34.7798 -0.240887 0.856517 -0.456455
-18.1865 20.0491 -34.7308 -0.238063 0.857168 -0.456716
-18.4237 19.9992 -34.6994 -0.241779 0.859783 -0.449795
-18.6365 19.9539 -34.6712 -0.243111 0.858958 -0.450654
-18.8473 19.909 -34.6431 -0.244168 0.858735 -0.450507
-19.0518 19.8649 -34.6158 -0.245225 0.858511 -0.450359
-19.2579 19.8203 -34.5881 -0.248128 0.859825 -0.446243
-19.455 19.777 -34.5618 -0.247634 0.861163 -0.443932
-19.8348 19.6934 -34.5106 -0.250806 0.860222 -0.443975
-20.0507 19.6454 -34.4809 -0.252989 0.860947 -0.441323
-20.2834 19.5937 -34.4481 -0.252655 0.861353 -0.440724
-20.5598 19.5326 -34.4092 -0.252787 0.861349 -0.440655
-20.8063 19.4775 -34.3754 -0.253193 0.861176 -0.44076
-21.0576 19.4213 -34.3409 -0.255735 0.861133 -0.439374
-21.2715 19.3723 -34.311 -0.258144 0.861175 -0.437879
-21.535 19.3122 -34.2741 -0.262744 0.860998 -0.435487
-21.7776 19.2544 -34.239 -0.267476 0.860705 -0.433179
-22.0174 19.1963 -34.204 -0.28098 0.855897 -0.434155
-22.2502 19.1357 -34.1685 -0.288382 0.855219 -0.430624
-22.4761 19.0768 -34.1342 -0.285271 0.857414 -0.428324
-22.7223 19.0103 -34.0959 -0.297582 0.858379 -0.417889
-22.9611 18.9456 -34.0587 -0.298779 0.85829 -0.417216
-23.1975 18.881 -34.0215 -0.300393 0.857876 -0.416908
-23.4097 18.8229 -33.9882 -0.30039 0.857876 -0.41691
-23.6565 18.7552 -33.9497 -0.300803 0.857569 -0.417245
-23.9356 18.6787 -33.9053 -0.300771 0.857234 -0.417956
-24.1713 18.6144 -33.868 -0.301768 0.856566 -0.418606
-24.3865 18.555 -33.8335 -0.303317 0.855911 -0.418825
-24.5857 18.4999 -33.8018 -0.302559 0.855695 -0.419814
-24.8 18.4404 -33.7685 -0.303173 0.854051 -0.422709
-24.9913 18.3873 -33.7384 -0.303174 0.854051 -0.422708
-25.2103 18.3258 -33.7033 -0.307398 0.852874 -0.422034
-25.4192 18.2671 -33.6698 -0.315564 0.85167 -0.418422
-25.6406 18.2018 -33.6327 -0.319984 0.853244 -0.411808
-25.862 18.1365 -33.5959 -0.32252 0.852478 -0.411414
-26.0682 18.0746 -33.5613 -0.326461 0.852242 -0.408787
-26.3057 18.0024 -33.5211 -0.331019 0.851804 -0.406025
-26.5295 17.9329 -33.4826 -0.33417 0.850821 -0.405506
-26.7519 17.8629 -33.4441 -0.343521 0.851789 -0.395536
-26.9825 17.7881 -33.4029 -0.346485 0.850843 -0.394986
-27.1823 17.7233 -33.3673 -0.348835 0.85147 -0.391552
-27.4004 17.6515 -33.328 -0.350528 0.852202 -0.388434
-27.6693 17.5629 -33.2797 -0.350563 0.852103 -0.388621
-27.9002 17.4866 -33.2381 -0.351841 0.852454 -0.38669
-28.1314 17.4101 -33.1964 -0.351843 0.852454 -0.38669
-28.3609 17.3341 -33.155 -0.351842 0.852455 -0.386688
-28.5901 17.2582 -33.1138 -0.351893 0.852439 -0.386676
-28.8107 17.1851 -33.0742 -0.351946 0.852423 -0.386664
-29.0429 17.1081 -33.0326 -0.352131 0.852335 -0.38669
-29.2616 17.0354 -32.9935 -0.35237 0.852262 -0.386632
-29.4534 16.9716 -32.9592 -0.35233 0.852246 -0.386706
-29.6955 16.8911 -32.916 -0.352579 0.852227 -0.38652
-29.9109 16.8194 -32.8777 -0.352828 0.852153 -0.386455
-30.1217 16.749 -32.8402 -0.353074 0.852075 -0.386402
-30.3308 16.6791 -32.803 -0.353906 0.852473 -0.38476
-30.5344 16.6109 -32.7668 -0.353899 0.852574 -0.384543
-30.738 16.5427 -32.7306 -0.353643 0.852647 -0.384616
-30.9428 16.4742 -32.6943 -0.353387 0.852721 -0.384687
-31.1475 16.4058 -32.6581 -0.353476 0.85249 -0.385118
-31.3476 16.3383 -32.6225 -0.356109 0.85457 -0.378017
-21.6 7.31344 -56.0219 -0.159503 0.853712 -0.495717
-21.343 7.35194 -56.0391 -0.161381 0.852895 -0.496514
-21.1136 7.38646 -56.0546 -0.161777 0.852931 -0.496323
-20.8779 7.42123 -56.0701 -0.152403 0.854964 -0.495792
-20.6788 7.44844 -56.0824 -0.147544 0.854408 -0.498214
-20.4533 7.47934 -56.0964 -0.147036 0.853509 -0.499902
-20.176 7.51668 -56.1134 -0.145575 0.853047 -0.501118
-19.9399 7.54734 -56.1266 -0.138539 0.854597 -0.500471
-19.7329 7.57395 -56.1384 -0.136673 0.853365 -0.503079
-19.4788 7.60502 -56.1522 -0.131508 0.85422 -0.503005
-19.2685 7.6307 -56.1636 -0.131508 0.85422 -0.503005
-18.9838 7.66624 -56.1789 -0.133717 0.853662 -0.50337
-18.711 7.70037 -56.1933 -0.134674 0.853213 -0.503875
-18.4522 7.73301 -56.2079 -0.135849 0.852843 -0.504186
-18.1931 7.76554 -56.2225 -0.135695 0.85242 -0.504943
-17.9888 7.79144 -56.2339 -0.136286 0.852231 -0.505102
-17.7085 7.82719 -56.2492 -0.13606 0.852186 -0.50524
-17.4763 7.85627 -56.2624 -0.135352 0.852364 -0.50513
-17.2524 7.88411 -56.2755 -0.13558 0.852395 -0.505016
-17.0425 7.9102 -56.2877 -0.13507 0.853177 -0.50383
-16.6959 7.95218 -56.3075 -0.12878 0.854139 -0.503847
-16.3911 7.98878 -56.3248 -0.131434 0.855239 -0.50129
-16.0976 8.02242 -56.3412 -0.12469 0.857615 -0.498948
-15.7963 8.05667 -56.3576 -0.12386 0.858138 -0.498256
-15.4557 8.09367 -56.3745 -0.114356 0.858301 -0.500242
-15.1609 8.12476 -56.3884 -0.111388 0.857425 -0.502409
-14.9299 8.14753 -56.3989 -0.106925 0.858833 -0.500972
-14.6969 8.17032 -56.4095 -0.102752 0.858725 -0.502029
-14.2859 8.20737 -56.427 -0.0989542 0.858398 -0.50335
-13.9951 8.23296 -56.4387 -0.0949083 0.858037 -0.504743
-13.746 8.25486 -56.4483 -0.0950154 0.858053 -0.504695
-13.4962 8.27664 -56.458 -0.0925066 0.859067 -0.503435
-13.2555 8.2972 -56.4671 -0.0924525 0.859054 -0.503466
-13.0169 8.31766 -56.476 -0.0930019 0.858812 -0.503779
-12.8087 8.33555 -56.484 -0.093002 0.858812 -0.503779
-12.7898 8.33719 -56.4847 -0.0894665 0.858444 -0.505044
-12.707 8.34376 -56.4876 -0.0859293 0.858064 -0.506303
