-44.5246 7.61554 40.6177 -0.395726 0.853085 0.340066
-44.4783 7.54604 40.8458 -0.394514 0.853614 0.34015
-44.2698 7.54386 41.0931 -0.393417 0.853887 0.340733
-44.1073 7.54648 41.2738 -0.392374 0.854714 0.339862
-43.9434 7.54985 41.4546 -0.390401 0.854909 0.34163
-43.7852 7.55352 41.6244 -0.388439 0.855094 0.343409
-43.647 7.55621 41.7741 -0.388371 0.855334 0.342886
-43.4699 7.5564 41.9721 -0.386916 0.855035 0.345269
-43.3124 7.5561 42.1494 -0.386564 0.855069 0.345579
-43.1518 7.55688 42.3268 -0.386214 0.855103 0.345886
-42.9881 7.56132 42.499 -0.385427 0.855693 0.345304
-42.836 7.56664 42.6551 -0.384461 0.855948 0.345749
-42.6342 7.5739 42.8613 -0.384102 0.856151 0.345645
-42.4901 7.57816 43.0106 -0.383577 0.855457 0.347941
-42.27 7.58362 43.2398 -0.383049 0.855674 0.347987
-42.058 7.58725 43.4637 -0.38234 0.855876 0.34827
-41.8916 7.59074 43.6378 -0.38057 0.855498 0.35111
-41.7345 7.58925 43.8095 -0.378664 0.855167 0.353982
-41.5872 7.59051 43.964 -0.378665 0.855167 0.35398
-41.405 7.59389 44.1499 -0.377989 0.854979 0.355156
-41.2324 7.59975 44.3204 -0.379167 0.853977 0.356304
-41.051 7.60546 44.4986 -0.378371 0.853731 0.357741
-40.8725 7.61033 44.6758 -0.376442 0.853179 0.361057
-40.7038 7.61588 44.8362 -0.374525 0.852622 0.364371
-40.5509 7.61936 44.9852 -0.375334 0.851623 0.365867
-40.3746 7.62546 45.1528 -0.381417 0.847045 0.370183
-40.2161 7.62801 45.3102 -0.376512 0.8469 0.37543
-40.0379 7.63104 45.4774 -0.371603 0.846758 0.380674
-39.8611 7.63365 45.6442 -0.368494 0.848589 0.379597
-39.6766 7.63659 45.816 -0.362821 0.853017 0.37513
-39.4923 7.6401 45.9863 -0.359705 0.852613 0.378998
-39.2292 7.6323 46.2487 -0.355248 0.852728 0.38295
-39.0517 7.63698 46.3996 -0.352241 0.851265 0.38894
-38.88 7.64226 46.5436 -0.348854 0.852225 0.389872
-38.645 7.64707 46.7437 -0.348407 0.854204 0.385938
-38.4467 7.65188 46.911 -0.347241 0.852075 0.391641
-38.2713 7.65754 47.0525 -0.341778 0.854066 0.392099
-38.0959 7.66408 47.1902 -0.337985 0.856129 0.390908
-37.9241 7.66999 47.325 -0.337193 0.85359 0.397096
-37.7344 7.67341 47.4787 -0.339239 0.85316 0.39627
-37.4852 7.67497 47.6904 -0.338199 0.849779 0.404229
-37.3128 7.67506 47.8303 -0.336158 0.846343 0.41316
-37.1326 7.67462 47.9758 -0.32099 0.844455 0.428791
-36.9406 7.67159 48.1255 -0.320992 0.844453 0.428792
-36.7316 7.67161 48.2789 -0.309495 0.852736 0.420752
-36.511 7.67093 48.4452 -0.313272 0.851981 0.41951
-36.2745 7.66903 48.6257 -0.307289 0.853085 0.421637
-36.102 7.66624 48.7549 -0.304732 0.856229 0.417146
-35.93 7.664 48.8852 -0.304731 0.856228 0.417148
-35.7492 7.66437 49.0159 -0.304659 0.857517 0.414526
-35.5534 7.66499 49.1603 -0.307772 0.854961 0.417514
-35.3433 7.66715 49.3108 -0.310542 0.854852 0.41567
-35.1779 7.66839 49.4335 -0.313316 0.854739 0.413828
-34.9621 7.66971 49.5931 -0.308021 0.856068 0.415043
-34.797 7.66789 49.7178 -0.305627 0.855953 0.417057
-34.5646 7.66622 49.8901 -0.30821 0.852219 0.422759
-34.3979 7.66149 50.0218 -0.308289 0.8529 0.42133
-34.214 7.66286 50.1536 -0.308289 0.852903 0.421325
-34.0183 7.67093 50.2738 -0.298448 0.84923 0.435585
-33.8127 7.67464 50.4066 -0.296925 0.849481 0.436141
-33.5994 7.67713 50.5462 -0.2928 0.852631 0.432767
-33.415 7.67857 50.6676 -0.293953 0.848379 0.440279
-33.2333 7.68026 50.7856 -0.291613 0.848404 0.441774
-33.0506 7.67697 50.9112 -0.289277 0.848428 0.44327
-32.8554 7.67287 51.0468 -0.287004 0.847556 0.446381
-32.6684 7.66692 51.176 -0.283304 0.847334 0.449181
-32.4954 7.66333 51.292 -0.277021 0.849988 0.448031
-32.2929 7.65647 51.4204 -0.262271 0.847243 0.461945
-32.1095 7.65019 51.5361 -0.264065 0.847747 0.459986
-31.9083 7.64536 51.6612 -0.261669 0.849888 0.457406
-31.7048 7.63928 51.789 -0.262183 0.850046 0.456816
-31.5019 7.6346 51.9145 -0.262695 0.850206 0.456225
-31.3018 7.63122 52.0354 -0.26063 0.851559 0.454881
-31.0897 7.62884 52.162 -0.26151 0.851789 0.453948
-30.8796 7.62677 52.2872 -0.260812 0.855473 0.447371
-30.6846 7.62537 52.404 -0.261025 0.856034 0.446174
-30.4907 7.62402 52.5201 -0.260775 0.855964 0.446454
-30.2836 7.62318 52.6422 -0.257932 0.856874 0.446362
-30.0909 7.62355 52.7528 -0.257933 0.856871 0.446366
-29.8559 7.6255 52.8839 -0.25625 0.856672 0.447714
-29.6333 7.62894 53.0045 -0.255167 0.856687 0.448304
-29.4151 7.63163 53.1231 -0.254591 0.856522 0.448947
-29.2005 7.63266 53.2432 -0.252834 0.855425 0.452002
-28.9362 7.62898 53.3954 -0.251323 0.854325 0.454934
-28.7599 7.62894 53.4927 -0.250917 0.853102 0.457447
-28.5058 7.63028 53.628 -0.243777 0.854303 0.459064
-28.1955 7.63241 53.7897 -0.244287 0.855585 0.456397
-27.9924 7.63521 53.8928 -0.243501 0.855715 0.456573
-27.7898 7.63764 53.996 -0.236908 0.854591 0.462091
-27.5783 7.6402 54.0969 -0.229277 0.857766 0.460076
-27.3645 7.64463 54.1952 -0.225734 0.858132 0.461129
-27.1565 7.64355 54.296 -0.216484 0.851617 0.477372
-26.9468 7.64294 54.3922 -0.214598 0.85179 0.47791
-26.7442 7.64193 54.4841 -0.212716 0.851963 0.478446
-26.5448 7.6402 54.5758 -0.206446 0.856214 0.473493
-26.33 7.63478 54.6722 -0.194433 0.854281 0.482079
-26.1195 7.62645 54.7718 -0.195186 0.854238 0.48185
-25.921 7.61775 54.868 -0.195829 0.853993 0.482023
-25.7259 7.61213 54.9571 -0.194868 0.85376 0.482824
-25.4862 7.60542 55.0652 -0.19401 0.853736 0.483213
-25.2533 7.6046 55.1605 -0.195511 0.85294 0.484013
-25.0564 7.60611 55.2375 -0.195668 0.852843 0.484121
-24.7987 7.60831 55.3377 -0.195623 0.852751 0.484301
-24.6106 7.60908 55.4127 -0.197869 0.852693 0.483489
-24.2733 7.60486 55.5582 -0.196857 0.853331 0.482776
-23.9693 7.6078 55.6741 -0.19143 0.854709 0.482522
-23.7258 7.61041 55.7661 -0.191428 0.854709 0.482522
-23.4986 7.6092 55.8558 -0.18674 0.854794 0.484207
-23.2817 7.60613 55.9449 -0.183975 0.856557 0.48213
-23.0381 7.60984 56.0288 -0.17938 0.856945 0.483186
-22.8041 7.61273 56.1106 -0.179381 0.856946 0.483184
-22.5597 7.61836 56.1893 -0.175488 0.857493 0.483641
-22.293 7.62175 56.2793 -0.175457 0.856415 0.485558
-22.092 7.62531 56.3461 -0.176553 0.856184 0.48557
-21.8769 7.62858 56.4187 -0.172871 0.857952 0.483748
-21.6421 7.62643 56.5045 -0.168464 0.85937 0.482807
-21.3821 7.62661 56.5917 -0.166359 0.857022 0.487668
-21.1317 7.62967 56.6735 -0.165328 0.855192 0.491208
-20.9168 7.62949 56.7437 -0.160577 0.85474 0.493593
-20.713 7.62305 56.8212 -0.156443 0.856624 0.491626
-20.4879 7.62259 56.8888 -0.147726 0.854034 0.498802
-20.2943 7.61746 56.9549 -0.147721 0.854037 0.498798
-20.0478 7.61387 57.035 -0.149716 0.853857 0.49851
-19.821 7.60884 57.1079 -0.141174 0.843538 0.518171
-19.5904 7.60849 57.1727 -0.143175 0.844263 0.516451
-19.3518 7.61208 57.233 -0.136261 0.844763 0.517454
-19.1392 7.61363 57.2835 -0.129347 0.845263 0.518458
-18.9211 7.61092 57.3415 -0.125321 0.844181 0.521197
-18.7269 7.60701 57.3935 -0.12256 0.844386 0.521527
-18.5286 7.59972 57.4517 -0.121236 0.847056 0.517489
-18.3161 7.59603 57.5083 -0.123008 0.847086 0.517025
-18.1104 7.59294 57.5623 -0.122491 0.846935 0.517394
-17.7882 7.59183 57.6364 -0.11345 0.848452 0.51697
-17.4794 7.59486 57.6985 -0.112851 0.850747 0.513315
-17.2518 7.59181 57.7534 -0.111867 0.848417 0.517373
-17.0475 7.58662 57.8061 -0.111865 0.848415 0.517377
-16.7938 7.57893 57.8711 -0.106281 0.848792 0.517935
-16.5587 7.5716 57.929 -0.108368 0.844461 0.524498
-16.2563 7.56467 58.0065 -0.109083 0.841426 0.529189
-16.051 7.5573 58.0569 -0.0985758 0.84067 0.5325
-15.7672 7.54507 58.1284 -0.097025 0.840277 0.533405
-15.5547 7.53839 58.1775 -0.0964456 0.840425 0.533277
-15.3166 7.53374 58.2275 -0.094742 0.839881 0.534439
-15.0683 7.52862 58.2804 -0.0953556 0.838005 0.537258
-14.8379 7.52484 58.326 -0.0929856 0.837161 0.538995
-14.5625 7.51824 58.3833 -0.0921013 0.837306 0.538921
-14.3195 7.51262 58.4335 -0.0917325 0.837147 0.539231
-14.0674 7.50777 58.4838 -0.0916389 0.837158 0.539229
-13.805 7.50296 58.5362 -0.0923754 0.837826 0.538066
-13.4892 7.49819 58.5977 -0.0920708 0.837891 0.538017
-13.2162 7.50341 58.6371 -0.09439 0.840091 0.53417
-12.9354 7.58144 58.5627 -0.0917662 0.839661 0.535296
-12.8729 7.74265 58.3218 -0.0919593 0.838464 0.537141
-12.8596 7.86331 58.1345 -0.0889163 0.841332 0.533156
-12.8568 8.07476 57.8033 -0.0844153 0.840296 0.535504
-12.8578 8.22638 57.5638 -0.0825872 0.842207 0.532791
-12.8563 8.36738 57.3408 -0.0829388 0.8426 0.532115
-12.8519 8.51966 57.0974 -0.0759249 0.844771 0.529696
-12.8511 8.66225 56.872 -0.0737642 0.842949 0.532913
-12.855 8.78277 56.6803 -0.075139 0.847351 0.525637
-12.8652 8.91521 56.4619 -0.0776064 0.850885 0.519588
-12.8797 9.03714 56.2596 -0.0702164 0.851225 0.52005
-12.8687 9.17966 56.028 -0.0769487 0.85121 0.519154
-12.8641 9.32683 55.7874 -0.0765139 0.851866 0.518139
-12.8628 9.45353 55.5782 -0.0783357 0.853897 0.514513
-12.8615 9.58135 55.3662 -0.0780656 0.854283 0.513912
-12.8633 9.69008 55.1849 -0.0815188 0.856737 0.509236
-12.8715 9.82177 54.9597 -0.0872764 0.855983 0.509554
-12.8801 9.9519 54.7422 -0.089311 0.853159 0.513948
-12.8882 10.0782 54.529 -0.0930364 0.855682 0.509069
-12.8954 10.2125 54.3017 -0.0927671 0.856098 0.50842
-12.8985 10.3482 54.0717 -0.0980316 0.855896 0.507756
-12.8971 10.4552 53.893 -0.0995034 0.853961 0.510735
-12.9015 10.6076 53.6374 -0.102314 0.855698 0.507237
-12.9107 10.731 53.4262 -0.10324 0.856824 0.505168
-12.9193 10.853 53.2175 -0.103721 0.856029 0.506413
-12.9242 10.9744 53.0107 -0.108983 0.85681 0.503983
-12.9271 11.0943 52.8063 -0.10891 0.856954 0.503754
-12.929 11.214 52.6021 -0.108834 0.857096 0.50353
-12.9776 11.3373 52.3807 -0.110871 0.857878 0.50175
-13.1854 11.413 52.2053 -0.111684 0.858309 0.50083
-13.3867 11.4346 52.1231 -0.112589 0.85861 0.500112
-13.6473 11.4462 52.0444 -0.111567 0.858003 0.501379
-13.9173 11.4561 51.965 -0.11794 0.856718 0.50212
-14.1501 11.4746 51.8788 -0.120076 0.857862 0.499642
-14.3646 11.4862 51.8047 -0.125499 0.858322 0.497527
-14.5785 11.4819 51.7583 -0.127895 0.858059 0.497364
-14.7999 11.4664 51.727 -0.130102 0.857679 0.497453
-15.0161 11.443 51.7108 -0.130837 0.857631 0.497343
-15.2384 11.4151 51.7001 -0.131572 0.857581 0.497236
-15.4503 11.3858 51.6946 -0.131272 0.857871 0.496815
-15.6884 11.3532 51.6866 -0.133853 0.856572 0.498365
-15.9151 11.3216 51.6801 -0.135537 0.856526 0.497985
-16.1295 11.2917 51.6725 -0.137218 0.856478 0.497611
-16.3409 11.2638 51.6622 -0.139186 0.856666 0.496734
-16.5486 11.2294 51.6629 -0.139215 0.854652 0.500189
-16.7552 11.1954 51.6636 -0.140284 0.854589 0.499997
-16.9759 11.1584 51.6645 -0.141348 0.854528 0.499802
-17.1817 11.1233 51.6668 -0.141321 0.855862 0.497519
-17.3956 11.0875 51.6668 -0.142974 0.855654 0.497408
-17.6609 11.0448 51.6643 -0.141682 0.854618 0.499555
-17.9094 11.0123 51.649 -0.142881 0.854021 0.500233
-18.1651 10.9784 51.6341 -0.142294 0.856543 0.49607
-18.3901 10.9471 51.6207 -0.149241 0.85801 0.491473
-18.6123 10.9159 51.6078 -0.154216 0.856721 0.492158
-19.0078 10.8627 51.5672 -0.16861 0.858128 0.484962
-19.224 10.834 51.5455 -0.171949 0.861946 0.476951
-19.441 10.8006 51.5277 -0.171945 0.861947 0.47695
-19.6723 10.7665 51.5091 -0.167201 0.864697 0.473644
-19.941 10.7278 51.4838 -0.168986 0.86484 0.472752
-20.1476 10.7059 51.4518 -0.164446 0.866867 0.470637
-20.4137 10.6816 51.4036 -0.164812 0.866977 0.470306
-20.6258 10.6558 51.377 -0.16431 0.867275 0.469933
-20.86 10.629 51.3439 -0.170329 0.867935 0.466559
-21.1031 10.6015 51.306 -0.170911 0.867717 0.466751
-21.3551 10.5748 51.2617 -0.178344 0.867576 0.46422
-21.6245 10.5467 51.2097 -0.1803 0.866784 0.464949
-21.8578 10.5219 51.161 -0.190159 0.867846 0.459001
-22.1314 10.4951 51.1004 -0.189846 0.87033 0.454377
-22.3728 10.4712 51.0426 -0.194212 0.870707 0.45183
-22.6112 10.4497 50.9816 -0.195122 0.870565 0.451713
-22.8334 10.4308 50.9218 -0.195673 0.870702 0.45121
-23.0954 10.4107 50.8468 -0.195672 0.870797 0.451027
-23.3334 10.3946 50.7745 -0.196056 0.87059 0.451259
-23.5508 10.3816 50.7052 -0.196057 0.870588 0.451263
-23.7955 10.3682 50.6245 -0.196625 0.870615 0.450963
-24.0177 10.3575 50.548 -0.197401 0.870139 0.451542
-24.2402 10.3479 50.4693 -0.197145 0.869755 0.452393
-24.4651 10.3401 50.3864 -0.197717 0.869747 0.452158
-24.6792 10.3331 50.3057 -0.1988 0.869468 0.45222
-24.8872 10.3281 50.2241 -0.201063 0.869382 0.451378
-25.0835 10.3233 50.1446 -0.203322 0.869298 0.450534
-25.2816 10.3217 50.0578 -0.209079 0.870101 0.446298
-25.4678 10.3191 49.9732 -0.21568 0.868817 0.44569
-25.6536 10.3202 49.8811 -0.21932 0.868572 0.444372
-25.8323 10.3222 49.7872 -0.222786 0.867905 0.443966
-26.0371 10.3233 49.6827 -0.22375 0.867594 0.444088
-26.2195 10.3325 49.5721 -0.224633 0.867789 0.443264
-26.422 10.3418 49.4512 -0.224629 0.86779 0.443264
-26.6408 10.3524 49.3191 -0.225191 0.868103 0.442364
-26.8461 10.3648 49.1903 -0.225018 0.868149 0.442363
-27.0565 10.3794 49.0546 -0.224992 0.868137 0.442398
-27.249 10.3947 48.9268 -0.224992 0.868135 0.442402
-27.429 10.4106 48.8041 -0.224987 0.868137 0.442401
-27.6041 10.427 48.6822 -0.228377 0.866684 0.443509
-27.7696 10.4442 48.564 -0.227431 0.86631 0.444727
-27.9555 10.4649 48.4284 -0.226725 0.867204 0.443344
-28.1239 10.4881 48.2956 -0.231616 0.865926 0.443312
-28.2942 10.5108 48.1624 -0.232611 0.866302 0.442052
-28.4623 10.5323 48.029 -0.244183 0.864374 0.439583
-28.6974 10.5565 47.8508 -0.244881 0.865711 0.436539
-28.8561 10.575 47.7211 -0.257984 0.86602 0.428304
-29.122 10.6154 47.4778 -0.260761 0.864933 0.428831
-29.3141 10.6451 47.2946 -0.269977 0.866178 0.420533
-29.4769 10.6725 47.1336 -0.271712 0.865747 0.420304
-29.6519 10.699 46.966 -0.272884 0.864304 0.422508
-29.826 10.7279 46.7945 -0.273602 0.864405 0.421835
-29.9958 10.7561 46.626 -0.274326 0.8645 0.421171
-30.1632 10.7853 46.4569 -0.274543 0.864366 0.421305
-30.337 10.8174 46.2792 -0.275589 0.861447 0.426567
-30.4904 10.8498 46.1148 -0.275586 0.861449 0.426566
-30.6931 10.8941 45.8909 -0.279469 0.861932 0.423048
-30.8614 10.9357 45.6956 -0.28296 0.861587 0.4214
-31.0987 11.0094 45.3796 -0.290419 0.861142 0.417243
-31.2664 11.0541 45.1705 -0.295006 0.860772 0.414748
-31.4078 11.091 44.9904 -0.299787 0.861131 0.410586
-31.5387 11.1272 44.8188 -0.300844 0.861084 0.409909
-31.6639 11.1648 44.6474 -0.301901 0.861037 0.409231
-31.7877 11.2051 44.4713 -0.3019 0.861041 0.409225
-31.9041 11.2442 44.3028 -0.302321 0.861821 0.407267
-32.0413 11.2926 44.0985 -0.302127 0.861856 0.407338
-32.1831 11.3469 43.8742 -0.306072 0.863284 0.401324
-32.2938 11.3908 43.6954 -0.306773 0.86444 0.398275
-32.4127 11.4357 43.5052 -0.303842 0.866338 0.396408
-32.5248 11.4808 43.3207 -0.303843 0.866338 0.396406
-32.6468 11.5269 43.1219 -0.305357 0.869275 0.388739
-32.7603 11.5707 42.9348 -0.306154 0.869365 0.38791
-32.8723 11.611 42.7556 -0.306137 0.86982 0.386902
-32.9843 11.6514 42.5762 -0.306149 0.869826 0.38688
-33.1021 11.6927 42.3899 -0.30615 0.86984 0.386846
-33.2211 11.7313 42.2086 -0.308929 0.869475 0.385454
-33.3457 11.7662 42.0296 -0.310998 0.868164 0.386744
-33.4787 11.7981 41.8512 -0.310582 0.86784 0.387803
-33.6234 11.8282 41.6682 -0.314765 0.86605 0.388433
-33.7747 11.8535 41.4893 -0.315163 0.86633 0.387483
-33.9768 11.8818 41.2607 -0.324528 0.864298 0.384161
-34.1313 11.886 41.1143 -0.334513 0.865823 0.372091
-34.4265 11.8946 40.8271 -0.33664 0.865847 0.370112
-34.6022 11.9039 40.6449 -0.345384 0.864693 0.364637
-34.7506 11.9093 40.4861 -0.347827 0.868651 0.352793
-34.9003 11.9129 40.3297 -0.347536 0.868592 0.353222
-35.0433 11.9163 40.1809 -0.347242 0.868541 0.353638
-35.2161 11.916 40.0109 -0.350251 0.867905 0.352225
-35.3568 11.9169 39.8679 -0.350842 0.868191 0.350934
-35.5276 11.9151 39.702 -0.348968 0.868048 0.353146
-35.7372 11.9053 39.52 -0.348803 0.867484 0.354694
-35.9406 11.899 39.3341 -0.350213 0.867307 0.353736
-36.1547 11.8974 39.1263 -0.351079 0.866969 0.353705
-36.3403 11.8964 38.9437 -0.352002 0.866728 0.35338
-36.5166 11.8944 38.7712 -0.353165 0.867449 0.350437
-36.6809 11.8918 38.6124 -0.353847 0.868132 0.348038
-36.8526 11.8857 38.4511 -0.35501 0.868674 0.345505
-37.0517 11.874 38.2749 -0.357861 0.868401 0.343239
-37.2431 11.86 38.11 -0.358304 0.868779 0.341821
-37.4262 11.8482 37.9488 -0.357058 0.869081 0.342357
-37.7001 11.8315 37.7056 -0.359118 0.868007 0.342926
-37.897 11.8175 37.5348 -0.359918 0.868077 0.341903
-38.074 11.8025 37.3871 -0.359845 0.866643 0.345604
-38.2713 11.7647 37.2763 -0.364336 0.865333 0.344143
-38.516 11.6715 37.2481 -0.368834 0.864024 0.342671
-38.7565 11.5386 37.3237 -0.371673 0.862576 0.343246
-38.9739 11.4093 37.4119 -0.373658 0.86187 0.34287
-39.1451 11.3039 37.4901 -0.374289 0.861078 0.344166
-39.3271 11.187 37.5814 -0.380117 0.858406 0.344455
-39.496 11.0744 37.6758 -0.379904 0.85863 0.344134
-39.6521 10.9623 37.783 -0.38154 0.858439 0.342796
-39.9567 10.7488 37.9775 -0.38295 0.857901 0.34257
-40.1738 10.6042 38.0973 -0.382666 0.858397 0.341646
-40.3369 10.496 38.1867 -0.382454 0.858519 0.341576
-40.4996 10.3874 38.2772 -0.384237 0.855944 0.346004
-40.7004 10.2547 38.3809 -0.38713 0.855024 0.345056
-40.8861 10.1276 38.4878 -0.386112 0.855483 0.34506
-41.0349 10.0235 38.5792 -0.386188 0.855315 0.345392
-41.2054 9.90303 38.6857 -0.3882 0.854028 0.346318
-41.3584 9.79209 38.7877 -0.388145 0.85408 0.346251
-41.5367 9.67123 38.8861 -0.388086 0.854125 0.346208
-41.709 9.5551 38.9794 -0.388172 0.854143 0.346067
-41.8838 9.4342 39.0818 -0.388124 0.854229 0.345908
-42.0616 9.3121 39.1839 -0.388136 0.854216 0.345926
-42.2398 9.19202 39.2804 -0.38816 0.854203 0.345933
-42.4164 9.07214 39.3783 -0.387902 0.854357 0.345841
-42.5895 8.95929 39.4635 -0.387867 0.855208 0.34377
-42.7573 8.84787 39.5513 -0.387911 0.855176 0.343801
-42.9416 8.71733 39.6681 -0.387967 0.855137 0.343835
-43.1174 8.59297 39.7788 -0.388357 0.855069 0.343563
-43.3193 8.46187 39.8774 -0.388053 0.85599 0.341609
-43.5112 8.33666 39.9731 -0.388052 0.85599 0.341608
-43.7145 8.20122 40.0809 -0.388997 0.855494 0.341776
-43.8796 8.08905 40.1741 -0.389332 0.85557 0.341204
-44.0481 7.97302 40.2724 -0.389821 0.855301 0.341321
-44.2129 7.85748 40.3739 -0.392094 0.854356 0.34107
-44.368 7.74516 40.4751 -0.394575 0.852909 0.341843
-44.5143 7.62354 40.6096 -0.395765 0.852753 0.340855
-49.1802 8.07726 33.4366 -0.453416 0.829859 0.32519
-49.3577 7.94019 33.5408 -0.456268 0.830679 0.319038
-49.5289 7.80558 33.6444 -0.460187 0.828705 0.318554
-49.6977 7.66959 33.7543 -0.461325 0.827832 0.319172
-49.8574 7.54086 33.8562 -0.462654 0.82769 0.317609
-50.023 7.40867 33.9604 -0.461508 0.829531 0.314459
-50.166 7.28935 34.0666 -0.460171 0.830645 0.313484
-50.3625 7.12846 34.2021 -0.465966 0.828426 0.310783
-50.5393 6.99258 34.2992 -0.466486 0.829778 0.306366
-50.7186 6.85809 34.3905 -0.467207 0.829181 0.30688
-50.8604 6.74493 34.4796 -0.467925 0.82858 0.30741
-51.0366 6.60907 34.5745 -0.473213 0.826397 0.305183
-51.2921 6.40983 34.7182 -0.473246 0.826416 0.30508
-51.5247 6.23156 34.8427 -0.472592 0.827956 0.301904
-51.7139 6.08266 34.9557 -0.470376 0.830676 0.297832
-51.9003 5.93734 35.0697 -0.471202 0.831426 0.294438
-52.0574 5.81568 35.1601 -0.473143 0.83018 0.294852
-52.2187 5.69307 35.2449 -0.476485 0.826646 0.299352
-52.3689 5.57873 35.3198 -0.478687 0.825232 0.299752
-52.5218 5.46248 35.394 -0.489844 0.820307 0.295147
-52.8089 5.23697 35.5344 -0.495337 0.815771 0.298596
-52.9577 5.11698 35.6107 -0.501647 0.811584 0.299469
-53.1133 4.98588 35.6992 -0.505815 0.805078 0.309838
-53.2805 4.84125 35.8017 -0.505659 0.805608 0.308712
-53.4351 4.70191 35.913 -0.50499 0.806449 0.307613
-53.6517 4.50906 36.0557 -0.516075 0.800021 0.305991
-53.8952 4.29837 36.1944 -0.51631 0.799276 0.307543
-54.1001 4.11883 36.3092 -0.524107 0.793544 0.309191
-54.2861 3.95557 36.4142 -0.529235 0.790618 0.307876
-54.4631 3.79768 36.51 -0.53476 0.786668 0.308522
-54.6504 3.62818 36.6191 -0.538993 0.785249 0.304672
-54.8272 3.46268 36.7277 -0.544593 0.781495 0.304439
-55.0084 3.29306 36.8383 -0.546488 0.779481 0.306201
-55.187 3.12032 36.9582 -0.547646 0.778716 0.306079
-55.3713 2.93504 37.1015 -0.547597 0.779776 0.303453
-55.391 2.83306 37.3277 -0.548959 0.779031 0.30291
-55.2969 2.8162 37.5409 -0.547597 0.779642 0.303803
-55.1937 2.81134 37.7394 -0.547633 0.779806 0.303315
-55.0764 2.81032 37.952 -0.544021 0.781665 0.305026
-54.9424 2.81351 38.1828 -0.542412 0.782403 0.305993
-54.8254 2.81796 38.3785 -0.54105 0.783969 0.304398
-54.7122 2.82085 38.5723 -0.539822 0.784339 0.305616
-54.5958 2.82279 38.7716 -0.538594 0.784712 0.306827
-54.4857 2.81871 38.976 -0.53679 0.785765 0.307284
-54.383 2.80988 39.1764 -0.534993 0.786289 0.309081
-54.275 2.80256 39.3787 -0.532006 0.784718 0.318077
-54.1635 2.79915 39.5709 -0.529223 0.785542 0.320696
-54.0494 2.80052 39.7552 -0.528165 0.784007 0.326147
-53.9296 2.80207 39.9436 -0.520165 0.789255 0.32635
-53.8057 2.80612 40.1312 -0.518493 0.789606 0.328148
-53.6864 2.80626 40.3175 -0.519056 0.785178 0.337753
-53.5686 2.80413 40.5035 -0.520471 0.784897 0.336218
-53.4493 2.80199 40.6944 -0.521883 0.784621 0.334677
-53.3305 2.79936 40.8835 -0.508983 0.793447 0.333735
-53.2087 2.79838 41.0688 -0.512636 0.785883 0.34582
-53.0888 2.80204 41.2383 -0.511024 0.785853 0.348255
-52.967 2.80257 41.4139 -0.509397 0.785831 0.350691
-52.8116 2.80679 41.6289 -0.507089 0.787304 0.350731
-52.6639 2.8125 41.83 -0.507296 0.787424 0.350162
-52.518 2.81688 42.0306 -0.504193 0.789158 0.350739
-52.3672 2.82053 42.2394 -0.504372 0.789249 0.350279
-52.2305 2.81943 42.4387 -0.502212 0.790348 0.350895
-52.088 2.8118 42.6512 -0.493654 0.791641 0.360014
-51.952 2.80459 42.8535 -0.492467 0.791315 0.36234
-51.8058 2.80008 43.0609 -0.496179 0.78822 0.364028
-51.6869 2.79692 43.2299 -0.496182 0.788219 0.364025
-51.5602 2.80037 43.3917 -0.491966 0.788891 0.368266
-51.3903 2.80073 43.6122 -0.487354 0.785754 0.380864
-51.2235 2.79891 43.8266 -0.483558 0.787207 0.382723
-51.0675 2.79502 44.034 -0.485281 0.788188 0.378499
-50.8889 2.78868 44.2703 -0.472663 0.794084 0.382125
-50.7396 2.78684 44.4588 -0.472584 0.794051 0.382293
-50.587 2.78655 44.6471 -0.462266 0.79764 0.387386
-50.4351 2.78248 44.8346 -0.463267 0.79417 0.393291
-50.283 2.77756 45.0236 -0.465658 0.795436 0.387823
-50.1226 2.77888 45.2108 -0.451844 0.80381 0.386946
-49.9469 2.78335 45.4068 -0.450584 0.802264 0.391564
-49.7953 2.78407 45.5778 -0.452487 0.800189 0.393641
-49.6582 2.78482 45.7339 -0.45149 0.800771 0.3936
-49.4658 2.79114 45.9421 -0.45117 0.802039 0.391381
-49.3111 2.79727 46.1077 -0.452885 0.801377 0.390751
-49.0998 2.79837 46.3539 -0.456271 0.802193 0.385102
-48.9704 2.79843 46.5071 -0.459927 0.796887 0.391605
-48.7562 2.79828 46.7519 -0.45298 0.795496 0.402487
-48.6103 2.79758 46.9175 -0.454334 0.796213 0.399518
-48.4656 2.79741 47.0842 -0.455227 0.797149 0.396639
-48.287 2.79865 47.2864 -0.45099 0.794904 0.405751
-48.1178 2.79778 47.4705 -0.447211 0.792441 0.414777
-47.9015 2.80597 47.6914 -0.452631 0.79049 0.412614
-47.7383 2.809 47.8644 -0.452499 0.790243 0.413231
-47.5537 2.80766 48.0603 -0.438364 0.793935 0.421312
-47.3905 2.80788 48.2308 -0.44004 0.794622 0.418259
-47.2287 2.81095 48.3958 -0.440965 0.794373 0.417757
-47.0737 2.81579 48.5468 -0.431063 0.790636 0.434773
-46.9169 2.81769 48.6954 -0.425022 0.791818 0.438611
-46.7656 2.81793 48.8415 -0.425412 0.792415 0.43715
-46.6022 2.81547 49.0093 -0.427574 0.796189 0.428094
-46.4436 2.81273 49.1728 -0.423712 0.797024 0.430348
-46.2843 2.80856 49.3328 -0.417407 0.794039 0.441898
-46.1259 2.80387 49.4909 -0.419272 0.793667 0.440793
-45.9791 2.80223 49.6345 -0.421137 0.793301 0.439679
-45.8046 2.80619 49.7963 -0.414903 0.796579 0.439595
-45.6452 2.8078 49.9397 -0.407709 0.797812 0.444151
-45.4855 2.80977 50.0827 -0.40555 0.800395 0.441467
-45.3214 2.80966 50.2345 -0.407348 0.799814 0.440869
-45.1568 2.81037 50.3853 -0.405922 0.800028 0.441791
-44.9946 2.80972 50.5347 -0.404504 0.800235 0.442719
-44.8328 2.80832 50.6841 -0.407475 0.796759 0.446234
-44.6737 2.80807 50.8315 -0.408922 0.797514 0.443571
-44.516 2.80618 50.9802 -0.410167 0.797315 0.442774
-44.3688 2.80571 51.1179 -0.410973 0.795653 0.445014
-44.2136 2.8044 51.2635 -0.41351 0.79512 0.443605
-44.0057 2.80709 51.4543 -0.415617 0.793989 0.443667
-43.8055 2.81507 51.6242 -0.408629 0.794676 0.448902
-43.6143 2.82997 51.7718 -0.410822 0.794295 0.447564
-43.4395 2.83863 51.9165 -0.412392 0.790066 0.453574
-43.283 2.84773 52.043 -0.412386 0.790068 0.453575
-43.0486 2.86241 52.2282 -0.409289 0.790443 0.455722
-42.8388 2.87352 52.3969 -0.407056 0.78828 0.461424
-42.6363 2.86833 52.5798 -0.39229 0.795935 0.461082
-42.4492 2.86138 52.751 -0.392295 0.795933 0.46108
-42.25 2.85545 52.9281 -0.388684 0.79568 0.464562
-42.0658 2.85249 53.0868 -0.379842 0.80004 0.464385
-41.8858 2.84855 53.2387 -0.3817 0.792954 0.474899
-41.707 2.84564 53.3873 -0.383377 0.793282 0.472989
-41.5164 2.84526 53.5429 -0.375319 0.798566 0.470562
-41.3222 2.84433 53.6994 -0.375214 0.798542 0.470686
-41.1248 2.83877 53.8661 -0.375108 0.798519 0.470809
-40.9132 2.83694 54.0383 -0.378403 0.79782 0.469352
-40.7483 2.84009 54.1666 -0.3793 0.798155 0.46806
-40.482 2.8461 54.3722 -0.373924 0.80054 0.468276
-40.254 2.84433 54.5508 -0.367371 0.796055 0.480973
-40.051 2.84499 54.7047 -0.369762 0.796038 0.479157
-39.8841 2.84482 54.8351 -0.372152 0.796026 0.477332
-39.7101 2.84474 54.9704 -0.367983 0.797552 0.478013
-39.5467 2.83907 55.1048 -0.366648 0.797454 0.479203
-39.3858 2.83629 55.2298 -0.371702 0.786851 0.492644
-39.2055 2.83217 55.3676 -0.350469 0.796053 0.493428
-39.0146 2.8276 55.5106 -0.351674 0.796492 0.491855
-38.8072 2.82771 55.6593 -0.349331 0.79834 0.490532
-38.6315 2.82898 55.7823 -0.349332 0.798337 0.490535
-38.4655 2.8286 55.8956 -0.338375 0.794356 0.504481
-38.1918 2.82492 56.0857 -0.341485 0.794007 0.502929
-38.0004 2.82001 56.2243 -0.342671 0.794473 0.501387
-37.8034 2.81795 56.3616 -0.338715 0.795707 0.502117
-37.6325 2.81708 56.478 -0.338305 0.795534 0.502669
-37.378 2.81842 56.6471 -0.33902 0.795241 0.50265
-37.1453 2.82077 56.7975 -0.337385 0.788932 0.513574
-36.954 2.82412 56.918 -0.33739 0.788929 0.513574
-36.7303 2.83171 57.0545 -0.339692 0.788765 0.512308
-36.5295 2.83973 57.1745 -0.335508 0.785006 0.520758
-36.3301 2.83785 57.304 -0.33029 0.786855 0.521314
-36.1304 2.8354 57.4342 -0.328721 0.786928 0.522191
-35.9132 2.83397 57.5721 -0.327148 0.786998 0.523075
-35.7106 2.83279 57.7006 -0.326115 0.786814 0.523995
-35.5178 2.82504 57.8305 -0.315741 0.791485 0.523316
-35.3075 2.81742 57.9689 -0.315742 0.791484 0.523316
-35.1207 2.81283 58.088 -0.314736 0.791193 0.524362
-34.917 2.81257 58.2095 -0.309544 0.791832 0.526476
-34.7045 2.81432 58.3306 -0.307839 0.791086 0.528601
-34.447 2.81701 58.4742 -0.302143 0.793166 0.528768
-34.2409 2.82009 58.5877 -0.302716 0.793627 0.527749
-34.0059 2.82275 58.7156 -0.295953 0.795228 0.529173
-33.8009 2.82486 58.8259 -0.295884 0.793573 0.531687
-33.5921 2.82667 58.9401 -0.297708 0.793149 0.531304
-33.3899 2.82703 59.0532 -0.299613 0.793097 0.530308
-33.1838 2.82652 59.171 -0.301068 0.792776 0.529966
-32.9854 2.82405 59.2863 -0.297838 0.791584 0.533559
-32.7884 2.82027 59.4014 -0.296759 0.791795 0.533849
-32.5918 2.81754 59.5134 -0.294708 0.78763 0.541093
-32.3946 2.81688 59.6226 -0.296773 0.787257 0.540512
-32.1949 2.81916 59.7277 -0.280975 0.797871 0.533305
-31.9747 2.81939 59.8389 -0.27306 0.794834 0.54192
-31.7873 2.82029 59.9321 -0.273055 0.794834 0.541923
-31.5059 2.82371 60.0713 -0.277622 0.794336 0.54033
-31.2709 2.82839 60.1838 -0.279325 0.786744 0.550447
-31.0251 2.82536 60.3122 -0.274094 0.791007 0.546974
-30.7557 2.82394 60.4492 -0.277762 0.792602 0.542767
-30.5097 2.82303 60.5692 -0.256376 0.801244 0.540628
-30.2854 2.82805 60.669 -0.260363 0.795136 0.547694
-30.0595 2.82753 60.7752 -0.256806 0.793443 0.551814
-29.832 2.82571 60.8837 -0.254008 0.794107 0.552146
-29.6055 2.82466 60.9889 -0.253081 0.795908 0.549982
-29.3749 2.82431 61.0956 -0.25148 0.796323 0.550113
-29.1459 2.82206 61.2013 -0.245204 0.794187 0.556006
-28.9244 2.81615 61.3074 -0.245112 0.794208 0.556017
-28.6831 2.81179 61.4209 -0.247838 0.796071 0.55213
-28.4613 2.8128 61.519 -0.240422 0.797007 0.554002
-28.2606 2.80868 61.609 -0.233001 0.797949 0.555867
-28.0699 2.8107 61.6858 -0.230527 0.797424 0.557645
-27.8329 2.81346 61.7789 -0.231549 0.795156 0.56044
-27.5998 2.81945 61.8653 -0.222692 0.792289 0.568048
-27.3077 2.82096 61.9769 -0.221786 0.790995 0.570209
-27.0434 2.81463 62.0889 -0.222838 0.790978 0.569821
-26.8591 2.80947 62.1682 -0.220857 0.792357 0.568669
-26.5997 2.80875 62.2692 -0.219295 0.792108 0.569627
-26.4018 2.81036 62.3431 -0.219295 0.792108 0.569627
-26.159 2.81528 62.4313 -0.222801 0.791772 0.568733
-25.9678 2.8212 62.4979 -0.222586 0.791959 0.568557
-25.7171 2.82679 62.5847 -0.214765 0.791232 0.572563
-25.4969 2.83105 62.6614 -0.215086 0.791228 0.572447
-25.2848 2.82967 62.7432 -0.215402 0.791232 0.572324
-25.0433 2.82565 62.8431 -0.220258 0.784613 0.579503
-24.8553 2.82201 62.9172 -0.214428 0.783857 0.582743
-24.6591 2.82005 62.9896 -0.192162 0.795864 0.574172
-24.4037 2.82095 63.074 -0.192508 0.795947 0.573942
-24.1725 2.82233 63.1499 -0.186123 0.794908 0.577417
-23.9227 2.81246 63.2391 -0.176103 0.792665 0.583669
-23.6252 2.7992 63.3469 -0.176794 0.792528 0.583646
-23.3641 2.78477 63.4441 -0.174107 0.790878 0.586684
-23.1006 2.78118 63.5271 -0.171212 0.79175 0.586352
-22.8855 2.76848 63.6077 -0.171501 0.794505 0.582537
-22.6681 2.76436 63.6773 -0.171346 0.794471 0.582628
-22.4565 2.76164 63.7432 -0.171991 0.794142 0.582888
-22.2139 2.76402 63.8115 -0.172308 0.794258 0.582635
-22.0086 2.76719 63.8681 -0.172614 0.794376 0.582384
-21.7732 2.76552 63.9395 -0.171059 0.794644 0.582477
-21.5735 2.76518 63.9988 -0.173407 0.795439 0.580693
-21.3575 2.76479 64.0642 -0.172581 0.797405 0.57824
-21.1419 2.76799 64.1241 -0.172629 0.797401 0.57823
-20.9356 2.7745 64.1768 -0.172671 0.7974 0.57822
-20.7061 2.77911 64.2387 -0.171723 0.796935 0.579143
-20.3772 2.7837 64.3296 -0.167986 0.795679 0.581941
-20.0858 2.7884 64.4003 -0.15262 0.800632 0.579393
-19.8544 2.79142 64.4624 -0.166483 0.801755 0.573997
-19.6574 2.7919 64.5177 -0.150065 0.808422 0.569119
-19.4535 2.7887 64.5725 -0.140748 0.803331 0.578662
-19.25 2.78472 64.6275 -0.145063 0.803518 0.577318
-19.0435 2.78241 64.6843 -0.149354 0.803714 0.575966
-18.8402 2.78264 64.7367 -0.146261 0.806068 0.573446
-18.6273 2.78074 64.7883 -0.132978 0.803952 0.579636
-18.4249 2.77889 64.8373 -0.132968 0.803952 0.579639
-18.2222 2.77767 64.8877 -0.139054 0.804409 0.577572
-18.0247 2.77593 64.9375 -0.129055 0.807732 0.575231
-17.819 2.77096 64.9877 -0.123721 0.798464 0.589193
-17.6133 2.76732 65.0359 -0.125105 0.798775 0.588477
-17.3949 2.76505 65.0861 -0.127325 0.798678 0.588134
-17.1782 2.76376 65.1347 -0.127324 0.798678 0.588134
-16.934 2.76268 65.1861 -0.120859 0.797076 0.591662
-16.6945 2.76454 65.2332 -0.123334 0.796155 0.59239
-16.4524 2.76904 65.2777 -0.123636 0.796229 0.592227
-16.2183 2.77128 65.3231 -0.120743 0.797556 0.591038
-16.019 2.77073 65.3645 -0.120532 0.797514 0.591137
-15.7451 2.77779 65.4108 -0.120531 0.79724 0.591507
-15.4686 2.7858 65.454 -0.113048 0.804934 0.582496
-15.2305 2.79063 65.4935 -0.102386 0.806219 0.582591
-15.0281 2.78983 65.5265 -0.0917238 0.807505 0.582685
-14.6377 2.78324 65.5957 -0.093531 0.802337 0.589498
-14.3363 2.77547 65.6522 -0.082229 0.802628 0.590775
-14.088 2.77089 65.694 -0.0843453 0.804105 0.588473
-13.8252 2.76741 65.7364 -0.0841898 0.80413 0.588461
-13.6035 2.76686 65.7676 -0.0845653 0.799025 0.595285
-13.3619 2.76677 65.8045 -0.0867808 0.803511 0.58893
-13.1306 2.76888 65.8357 -0.0873486 0.803436 0.588949
-12.8861 2.76965 65.8696 -0.0807337 0.799926 0.594643
-12.6192 2.77036 65.9049 -0.0845476 0.799072 0.595248
-12.3936 2.77326 65.9342 -0.0852164 0.796653 0.5984
-12.1734 2.77677 65.9609 -0.0829966 0.797116 0.59809
-11.9508 2.77781 65.9896 -0.0807769 0.79758 0.59778
-11.7227 2.77846 66.0177 -0.0788204 0.791335 0.606253
-11.4996 2.78099 66.0454 -0.084343 0.790007 0.607269
-11.275 2.78257 66.0742 -0.076929 0.795641 0.600842
-11.0269 2.78244 66.1029 -0.068896 0.79466 0.603133
-10.7776 2.78256 66.1312 -0.0649946 0.795558 0.602368
-10.5384 2.78096 66.1566 -0.0560271 0.793313 0.60623
-10.2919 2.78056 66.1799 -0.0580799 0.792737 0.606786
-9.86289 2.78532 66.2138 -0.0545453 0.789434 0.611407
-9.57329 2.79125 66.2293 -0.0520467 0.794604 0.604894
-9.29439 2.79514 66.2482 -0.0496833 0.795656 0.603701
-9.05353 2.79705 66.2624 -0.0394377 0.793213 0.607659
-8.79241 2.7958 66.2806 -0.0389068 0.791572 0.609836
-8.5723 2.79158 66.3 -0.0380449 0.792046 0.609275
-8.36875 2.78778 66.3177 -0.0380453 0.792046 0.609275
-8.13677 2.78564 66.3364 -0.04232 0.793316 0.607338
-7.8688 2.78521 66.3484 -0.0262855 0.800286 0.599034
-7.60818 2.78455 66.3618 -0.0258193 0.802109 0.596611
-7.38397 2.78253 66.3731 -0.0230288 0.8028 0.595804
-7.18248 2.78004 66.3826 -0.0163301 0.798194 0.602176
-6.96932 2.77383 66.3972 -0.0146789 0.801762 0.597421
-6.65782 2.77005 66.4084 -0.00810763 0.801925 0.597328
-6.40499 2.76692 66.4144 -0.000124625 0.79833 0.602204
-6.20352 2.76856 66.4109 0.00418634 0.798311 0.602231
-5.97135 2.77309 66.4031 0.00238737 0.798539 0.601934
-5.75072 2.76875 66.4088 0.000324093 0.798555 0.601922
-5.52736 2.76573 66.4122 0.00439025 0.79656 0.604539
-5.32317 2.76552 66.4108 0.00198193 0.792166 0.610303
-5.07824 2.76859 66.4055 0.00714942 0.792576 0.609731
-4.81326 2.78513 66.3809 0.00729608 0.792442 0.609904
-4.52314 2.83782 66.3057 0.0157608 0.795031 0.606364
-4.44856 2.94826 66.159 0.0130127 0.797267 0.603469
-4.41754 3.11554 65.9363 0.00933528 0.798273 0.602224
-4.40073 3.25869 65.7463 0.00846177 0.799506 0.600595
-4.39032 3.45516 65.4833 0.00799245 0.800941 0.59869
-4.3827 3.57846 65.319 0.00814733 0.799607 0.600469
-4.37824 3.70187 65.1545 0.00357503 0.804723 0.593613
-4.3838 3.82734 64.9829 1.42939e-05 0.807014 0.590533
-4.38301 3.95197 64.8126 -0.000116875 0.805522 0.59256
-4.38982 4.08635 64.6309 -0.000248697 0.80403 0.594588
-4.38785 4.2184 64.4503 -0.0161508 0.811071 0.58472
-4.38395 4.35711 64.257 -0.0157207 0.812565 0.582658
-4.37865 4.49533 64.0644 -0.015713 0.812411 0.582873
-4.37113 4.64552 63.8554 -0.0157407 0.812257 0.583087
-4.37075 4.794 63.6484 -0.0182012 0.813665 0.581048
-4.36859 4.96428 63.4089 -0.016761 0.81507 0.57912
-4.36909 5.13832 63.1639 -0.0183879 0.818371 0.574364
-4.36859 5.26566 62.9803 -0.0205031 0.821419 0.569956
-4.37231 5.41443 62.7659 -0.0213778 0.822078 0.56897
-4.3763 5.54783 62.5724 -0.0217565 0.822997 0.567629
-4.38531 5.6807 62.3794 -0.0220703 0.827225 0.561376
-4.39869 5.87612 62.0855 -0.0232153 0.832013 0.55427
-4.40689 6.0037 61.8925 -0.0235949 0.833816 0.551538
-4.41481 6.11393 61.7254 -0.0250257 0.836142 0.54793
-4.41198 6.22626 61.5534 -0.028619 0.83679 0.546776
-4.40913 6.33799 61.3826 -0.0286321 0.836873 0.546648
-4.40681 6.44834 61.2137 -0.028629 0.836958 0.546518
-4.40285 6.55951 61.0434 -0.0314126 0.83932 0.542724
-4.39937 6.67107 60.8701 -0.0317823 0.840563 0.540781
-4.39442 6.78515 60.6931 -0.0316384 0.839625 0.542241
-4.3939 6.89483 60.5239 -0.0314876 0.838685 0.543705
-4.39093 7.00448 60.355 -0.0344902 0.838827 0.543303
-4.3871 7.11892 60.1789 -0.0340004 0.838306 0.544138
-4.38337 7.23334 60.0028 -0.0338412 0.837676 0.545117
-4.37964 7.35363 59.8187 -0.0336911 0.837049 0.546089
-4.37564 7.47409 59.6342 -0.0325655 0.837289 0.54579
-4.36799 7.60137 59.4396 -0.0314886 0.836881 0.546478
-4.35692 7.72581 59.2496 -0.0315995 0.837139 0.546077
-4.35134 7.85047 59.0586 -0.031008 0.837714 0.545228
-4.35089 7.97682 58.8645 -0.0310251 0.837765 0.545148
-4.35494 8.16913 58.5687 -0.0304513 0.838126 0.544625
-4.3581 8.28534 58.3876 -0.0323021 0.841267 0.539654
-4.36211 8.39711 58.2131 -0.0330026 0.840662 0.540553
-4.35685 8.55778 57.9626 -0.0354136 0.842423 0.537652
-4.35125 8.69665 57.7454 -0.0334273 0.842226 0.538083
-4.35039 8.84131 57.5165 -0.0345611 0.845376 0.533053
-4.35086 8.96282 57.3238 -0.0349303 0.845851 0.532273
-4.35166 9.09069 57.1201 -0.035303 0.846326 0.531495
-4.35144 9.21879 56.9162 -0.0353038 0.846327 0.531493
-4.3501 9.35136 56.7054 -0.0358387 0.845935 0.53208
-4.34848 9.48284 56.4965 -0.0358336 0.845928 0.532092
-4.35487 9.61839 56.2808 -0.0365321 0.845405 0.532875
-4.36622 9.72776 56.1065 -0.036533 0.845406 0.532873
-4.37789 9.87107 55.8783 -0.0367723 0.845221 0.53315
-4.37911 10.0303 55.626 -0.0369766 0.84499 0.533502
-4.37362 10.1656 55.4116 -0.0386997 0.844908 0.533507
-4.36942 10.3347 55.1453 -0.0391122 0.843887 0.535093
-4.38979 10.5131 54.86 -0.0403477 0.84662 0.530667
-4.41748 10.6324 54.6676 -0.0401942 0.84507 0.533132
-4.42045 10.7822 54.43 -0.0441995 0.845066 0.532832
-4.41723 10.9334 54.1905 -0.0448456 0.844178 0.534181
-4.40614 11.0675 53.9804 -0.0450473 0.842954 0.536096
-4.38928 11.2037 53.7677 -0.0454912 0.842434 0.536875
-4.36751 11.3435 53.5507 -0.0453335 0.841441 0.538444
-4.34913 11.4696 53.3552 -0.0453287 0.841441 0.538445
-4.33134 11.6401 53.092 -0.0472675 0.839476 0.541337
-4.32478 11.788 52.8633 -0.0472791 0.839491 0.541313
-4.31921 11.9403 52.6272 -0.0474208 0.840362 0.539946
-4.31337 12.0925 52.3904 -0.0480252 0.840855 0.539125
-4.30338 12.234 52.1723 -0.0499145 0.838881 0.542021
-4.28662 12.3645 51.9713 -0.0510799 0.839531 0.540906
-4.26456 12.5208 51.731 -0.0515492 0.839774 0.540484
-4.27491 12.6576 51.5162 -0.0489766 0.841828 0.537519
-4.28599 12.7653 51.3481 -0.0482825 0.83787 0.54373
-4.30587 12.927 51.0971 -0.0503882 0.838244 0.542958
-4.31186 13.0566 50.8956 -0.0524098 0.83931 0.54112
-4.31877 13.169 50.7206 -0.0519194 0.838594 0.542275
-4.32845 13.2803 50.5484 -0.0529504 0.836361 0.545616
-4.33774 13.404 50.3579 -0.0535249 0.836925 0.544692
-4.34477 13.5236 50.173 -0.0556376 0.835929 0.546001
-4.35067 13.6684 49.9521 -0.0571695 0.834364 0.548241
-4.35232 13.802 49.7486 -0.0571979 0.834389 0.5482
-4.3531 13.9382 49.5415 -0.0584859 0.834743 0.547523
-4.3534 14.0725 49.3359 -0.0593167 0.835479 0.546312
-4.35603 14.2059 49.1318 -0.0603316 0.835481 0.546197
-4.35885 14.3239 48.9506 -0.0608059 0.83591 0.545488
-4.36046 14.4811 48.7096 -0.0611588 0.835599 0.545925
-4.35902 14.6259 48.4891 -0.0654674 0.834185 0.547586
-4.35437 14.771 48.2687 -0.0662519 0.83483 0.546504
-4.34883 14.9182 48.0443 -0.0615756 0.835203 0.546483
-4.34515 15.0609 47.8267 -0.0629929 0.833808 0.548441
-4.34381 15.2093 47.6022 -0.064895 0.832832 0.549709
-4.35981 15.3639 47.366 -0.0656166 0.83217 0.550623
-4.46522 15.5344 47.0968 -0.0669416 0.830811 0.552513
-4.67691 15.6161 46.9478 -0.068341 0.830692 0.552522
-4.89756 15.6644 46.8479 -0.0684408 0.830759 0.552409
-5.10979 15.7082 46.7556 -0.0698901 0.830548 0.552545
-5.31355 15.7464 46.6723 -0.0700346 0.830613 0.552428
-5.52189 15.7889 46.582 -0.0719715 0.830583 0.55222
-5.73645 15.8291 46.4927 -0.0738966 0.831155 0.551108
-5.9443 15.8689 46.4048 -0.078819 0.832461 0.548419
-6.16584 15.9137 46.3024 -0.0837373 0.833768 0.545727
-6.39598 15.9465 46.2168 -0.0843144 0.835605 0.542822
-6.65891 15.9586 46.1555 -0.0893093 0.834197 0.544187
-6.95938 15.9533 46.1142 -0.0904153 0.8347 0.54323
-7.22365 15.9463 46.0781 -0.0977315 0.834636 0.542062
-7.45826 15.9368 46.0504 -0.0977331 0.834637 0.542061
-7.68359 15.9247 46.0272 -0.101192 0.835035 0.540812
-7.9113 15.9128 46.003 -0.101188 0.835036 0.540811
-8.14097 15.9009 45.9778 -0.104405 0.835386 0.539655
-8.37362 15.8954 45.9406 -0.105931 0.835057 0.53987
-8.60788 15.8929 45.899 -0.10194 0.8396 0.533554
-8.83493 15.8876 45.8645 -0.100475 0.838841 0.535023
-9.07144 15.8848 45.8246 -0.101001 0.838674 0.535186
-9.28337 15.8846 45.7847 -0.102797 0.838877 0.534524
-9.48146 15.8895 45.7383 -0.104067 0.839246 0.533701
-9.71109 15.8984 45.6806 -0.103742 0.842697 0.528266
-9.92952 15.9033 45.6279 -0.108197 0.844648 0.524274
-10.1574 15.9102 45.5695 -0.108863 0.844545 0.524302
-10.3705 15.9193 45.5085 -0.116751 0.847969 0.517021
-10.5983 15.9322 45.4348 -0.119372 0.847683 0.516898
-10.8263 15.9503 45.3526 -0.121153 0.846608 0.518236
-11.0725 15.9744 45.2544 -0.124012 0.846277 0.518109
-11.3324 16.0066 45.1395 -0.126049 0.845746 0.518479
-11.5433 16.0394 45.0342 -0.127624 0.845207 0.518978
-11.722 16.0662 44.9467 -0.127623 0.845205 0.518981
-11.9167 16.1022 44.84 -0.127552 0.845198 0.51901
-12.0945 16.1336 44.7452 -0.128378 0.844911 0.519273
-12.2751 16.1658 44.6482 -0.128385 0.844968 0.519179
-12.4546 16.1964 44.554 -0.128814 0.845066 0.518912
-12.6351 16.2245 44.4632 -0.129615 0.845058 0.518726
-12.8209 16.2407 44.3904 -0.135464 0.846233 0.515259
-13.0252 16.2413 44.3329 -0.141327 0.847401 0.5118
-13.2823 16.2223 44.2928 -0.142827 0.846859 0.512279
-13.5036 16.1955 44.2755 -0.143541 0.846549 0.512592
-13.722 16.1611 44.2693 -0.154751 0.847531 0.507684
-13.9235 16.1216 44.2738 -0.154844 0.847497 0.507712
-14.1352 16.0766 44.2844 -0.154936 0.847455 0.507755
-14.3464 16.0335 44.2919 -0.154739 0.847389 0.507926
-14.5994 15.9818 44.3011 -0.154819 0.847359 0.507951
-14.8014 15.937 44.3142 -0.154628 0.847279 0.508143
-15.1786 15.8712 44.3085 -0.155892 0.84637 0.50927
-15.4551 15.8185 44.3118 -0.155212 0.84639 0.509444
-15.6809 15.7753 44.3144 -0.159974 0.845685 0.509128
-15.9053 15.7305 44.3166 -0.163601 0.845702 0.50796
-16.1328 15.6851 44.3191 -0.166388 0.846207 0.506196
-16.3618 15.6377 44.3215 -0.169894 0.846265 0.504947
-16.581 15.5925 44.3235 -0.168947 0.844625 0.50799
-16.8096 15.545 44.3226 -0.177345 0.842282 0.509028
-17.0277 15.5008 44.3197 -0.177128 0.842278 0.50911
-17.2398 15.4603 44.3127 -0.178387 0.841457 0.510028
-17.4523 15.4214 44.3026 -0.179857 0.841492 0.509451
-17.6701 15.3825 44.2893 -0.181331 0.841531 0.508867
-17.8829 15.3467 44.2736 -0.178082 0.842784 0.507937
-18.0957 15.3133 44.2548 -0.17707 0.842768 0.508319
-18.3089 15.2817 44.2325 -0.18063 0.841305 0.509488
-18.5147 15.2525 44.2075 -0.181497 0.841329 0.509141
-18.7365 15.2206 44.1816 -0.179638 0.839252 0.51321
-18.9546 15.1868 44.1603 -0.180777 0.838088 0.514711
-19.1745 15.1514 44.1406 -0.186615 0.838338 0.512175
-19.3894 15.1145 44.1201 -0.190222 0.840026 0.508098
-19.6592 15.0715 44.0914 -0.199676 0.840506 0.50352
-19.8956 15.0303 44.0607 -0.211362 0.839552 0.500479
-20.1449 14.9931 44.0196 -0.21319 0.834239 0.508467
-20.3753 14.9569 43.9795 -0.213864 0.84069 0.497496
-20.6092 14.9239 43.9347 -0.21844 0.839918 0.49679
-20.8361 14.8928 43.8849 -0.226451 0.84164 0.490267
-21.0576 14.8645 43.831 -0.223979 0.842024 0.490738
-21.2815 14.841 43.7704 -0.221504 0.842401 0.491219
-21.5046 14.8214 43.7034 -0.226635 0.842092 0.489382
-21.7045 14.8049 43.6371 -0.231267 0.841376 0.48847
-21.9133 14.793 43.5598 -0.226794 0.848381 0.478343
-22.1328 14.7829 43.4707 -0.231559 0.850968 0.471416
-22.3542 14.778 43.3709 -0.238559 0.849867 0.469853
-22.5605 14.7729 43.2692 -0.250643 0.852719 0.458309
-22.7627 14.77 43.164 -0.256056 0.851886 0.456829
-22.973 14.7705 43.0424 -0.261463 0.851041 0.455375
-23.1646 14.774 42.9258 -0.261465 0.85104 0.455375
-23.3781 14.7803 42.7884 -0.26675 0.850462 0.453386
-23.5801 14.7902 42.6533 -0.268017 0.846152 0.460634
-23.7892 14.8128 42.4882 -0.270952 0.845906 0.459378
-23.9546 14.8384 42.3436 -0.27175 0.847107 0.456676
-24.1581 14.8758 42.1519 -0.271448 0.848529 0.454219
-24.3446 14.919 41.9598 -0.269874 0.846574 0.458751
-24.5168 14.9663 41.7718 -0.280265 0.842321 0.460376
-24.6678 15.0112 41.5977 -0.280262 0.842319 0.460381
-24.8368 15.0669 41.3964 -0.278205 0.839436 0.46685
-24.9781 15.1155 41.2248 -0.280965 0.841887 0.46069
-25.1197 15.1646 41.0453 -0.283476 0.844382 0.454598
-25.2388 15.21 40.8868 -0.288949 0.838853 0.461225
-25.3825 15.2713 40.6786 -0.303703 0.837721 0.453859
-25.5031 15.3291 40.4913 -0.306093 0.839755 0.448419
-25.6136 15.3844 40.3092 -0.308476 0.84179 0.442981
-25.7209 15.4404 40.1266 -0.317469 0.84075 0.438573
-25.8215 15.4961 39.9458 -0.31689 0.842945 0.43477
-25.9218 15.5521 39.764 -0.31621 0.842414 0.436287
-26.0209 15.608 39.5845 -0.324052 0.839961 0.435264
-26.1188 15.6636 39.4044 -0.32384 0.839797 0.43574
-26.2174 15.718 39.2265 -0.323628 0.839633 0.436214
-26.3172 15.7718 39.0488 -0.32741 0.838731 0.435123
-26.4181 15.824 38.8724 -0.327405 0.838735 0.435121
-26.5212 15.8749 38.6965 -0.327887 0.839102 0.434046
-26.6321 15.9242 38.5168 -0.328868 0.839335 0.432853
-26.7581 15.9721 38.328 -0.330451 0.840114 0.430118
-26.9185 16.0178 38.1138 -0.331514 0.841034 0.427505
-27.0858 16.053 37.9146 -0.334451 0.841349 0.424575
-27.2608 16.0776 37.7253 -0.334548 0.844869 0.417462
-27.4485 16.0963 37.5371 -0.33571 0.845162 0.415927
-27.5979 16.1076 37.3926 -0.336881 0.845452 0.414394
-27.8028 16.1182 37.2028 -0.341019 0.843969 0.414032
-27.9647 16.1341 37.0367 -0.34126 0.844059 0.413649
-28.1216 16.1545 36.8657 -0.342183 0.84377 0.413475
-28.3471 16.1845 36.6161 -0.344332 0.843393 0.412459
-28.508 16.2043 36.441 -0.345076 0.843515 0.411589
-28.6846 16.2202 36.26 -0.345229 0.843099 0.41231
-28.8558 16.2333 36.0904 -0.344954 0.842785 0.413183
-29.0241 16.2432 35.9286 -0.34698 0.842367 0.412337
-29.2938 16.2605 35.6672 -0.34694 0.841953 0.413216
-29.4969 16.2732 35.4701 -0.34893 0.841855 0.411737
-29.641 16.2848 35.3244 -0.348107 0.842313 0.411497
-29.8885 16.3033 35.0739 -0.353377 0.842103 0.407416
-30.0789 16.3168 34.883 -0.362599 0.837983 0.407675
-30.2518 16.324 34.7083 -0.370974 0.837343 0.401541
-30.4187 16.333 34.5354 -0.370949 0.836496 0.403321
-30.602 16.3259 34.3751 -0.379643 0.835751 0.396726
-30.7815 16.3174 34.2213 -0.381432 0.835466 0.395602
-30.9621 16.3148 34.0513 -0.383212 0.83519 0.394471
-31.1389 16.3085 33.8919 -0.384142 0.836797 0.390134
-31.3039 16.301 33.7455 -0.378779 0.840312 0.387817
-31.486 16.2914 33.5885 -0.376775 0.84024 0.389908
-31.6552 16.2863 33.4377 -0.37477 0.840168 0.392001
-31.8304 16.2815 33.2812 -0.371845 0.842709 0.389312
-32.0041 16.2802 33.1164 -0.374225 0.842124 0.388304
-32.197 16.2805 32.9301 -0.375039 0.841313 0.389278
-32.3623 16.2834 32.7661 -0.369602 0.8434 0.389962
-32.528 16.2882 32.5986 -0.369815 0.843516 0.389509
-32.6779 16.2955 32.4402 -0.372208 0.842928 0.388494
-32.8753 16.3024 32.2348 -0.375591 0.843498 0.383957
-33.0275 16.3035 32.0815 -0.376795 0.844771 0.379983
-33.1986 16.306 31.9011 -0.384236 0.843757 0.37475
-33.3446 16.3071 31.7492 -0.388556 0.841086 0.37626
-33.4904 16.3092 31.59 -0.395088 0.839668 0.372643
-33.6352 16.312 31.4303 -0.396375 0.839719 0.371154
-33.7903 16.3119 31.2637 -0.397665 0.839763 0.369677
-33.948 16.3077 31.1036 -0.398314 0.839704 0.36911
-34.104 16.305 30.9406 -0.399307 0.839605 0.368262
-34.2509 16.3003 30.7922 -0.399307 0.839605 0.368262
-34.4416 16.2926 30.6027 -0.399358 0.839613 0.368189
-34.6224 16.2846 30.425 -0.399551 0.839495 0.368248
-34.7943 16.2852 30.2371 -0.399831 0.838961 0.369162
-34.9668 16.2851 30.0505 -0.399654 0.838939 0.369402
-35.1415 16.2811 29.871 -0.399487 0.838911 0.369647
-35.3092 16.2747 29.704 -0.399926 0.838789 0.369448
-35.4894 16.2474 29.5707 -0.400261 0.838348 0.370086
-35.7658 16.1795 29.4258 -0.400171 0.837909 0.371177
-36.0657 16.0638 29.3652 -0.39719 0.841058 0.367234
-36.3297 15.9519 29.3359 -0.397287 0.841028 0.367199
-36.5469 15.8597 29.3122 -0.397381 0.840999 0.367164
-36.7664 15.7676 29.2863 -0.395889 0.844871 0.359796
-37.0038 15.6691 29.254 -0.399216 0.844195 0.357718
-37.2343 15.5698 29.231 -0.401326 0.84384 0.356181
-37.5301 15.4427 29.1988 -0.400776 0.844976 0.354111
-37.8058 15.3297 29.1571 -0.400487 0.847835 0.347541
-38.0191 15.2383 29.1324 -0.403541 0.847442 0.344958
-38.2306 15.1451 29.1139 -0.403268 0.847568 0.344968
-38.4421 15.0528 29.0937 -0.402989 0.847697 0.344977
-38.6442 14.964 29.0751 -0.404125 0.847767 0.343474
-38.8482 14.8746 29.0557 -0.404214 0.847728 0.343466
-39.0524 14.7847 29.0372 -0.404226 0.847708 0.343499
-39.2534 14.6977 29.0156 -0.404224 0.847709 0.343501
-39.454 14.6113 28.9925 -0.404559 0.847568 0.343454
-39.6513 14.5294 28.9623 -0.404889 0.847431 0.343402
-39.8501 14.4488 28.9267 -0.406321 0.846692 0.343529
-40.0399 14.3728 28.8888 -0.407093 0.846931 0.342029
-40.2341 14.2938 28.8531 -0.408712 0.846279 0.341707
-40.4282 14.2153 28.8143 -0.410329 0.845625 0.341393
-40.6145 14.1374 28.7833 -0.410795 0.845189 0.34191
-40.8279 14.043 28.7589 -0.412863 0.844044 0.342249
-41.0218 13.9397 28.7796 -0.412893 0.844085 0.342111
-41.1972 13.8305 28.8365 -0.414415 0.843374 0.342023
-41.4173 13.6767 28.9491 -0.414468 0.843335 0.342057
-41.5693 13.567 29.0354 -0.414593 0.843301 0.34199
-41.7666 13.4257 29.1443 -0.414988 0.842994 0.342265
-41.9158 13.3158 29.234 -0.415147 0.842901 0.342303
-42.0697 13.2038 29.3233 -0.414751 0.843493 0.341319
-42.2557 13.0696 29.4298 -0.413198 0.844715 0.340183
-42.4537 12.9286 29.5394 -0.412863 0.845254 0.339246
-42.6804 12.7726 29.6539 -0.410541 0.84686 0.33806
-42.9398 12.5963 29.7804 -0.410085 0.847973 0.335806
-43.1937 12.4217 29.9121 -0.41204 0.848193 0.332854
-43.3653 12.2984 30.0137 -0.41204 0.848192 0.332858
-43.5649 12.1543 30.1347 -0.411128 0.848941 0.332074
-43.7215 12.0398 30.2339 -0.41132 0.849212 0.331141
-43.9107 11.9024 30.3488 -0.415798 0.847674 0.329487
-44.0584 11.795 30.4386 -0.415795 0.847675 0.329487
-44.2451 11.6582 30.5535 -0.417492 0.846343 0.330763
-44.3897 11.5519 30.6427 -0.417468 0.846304 0.330893
-44.5631 11.4261 30.746 -0.418405 0.846523 0.329146
-44.7212 11.3118 30.8389 -0.417484 0.847223 0.32851
-44.9316 11.1596 30.9654 -0.417996 0.847438 0.3273
-45.1556 10.9972 31.1001 -0.417902 0.848367 0.325009
-45.3063 10.8884 31.1904 -0.417502 0.848903 0.32412
-45.4594 10.7784 31.2814 -0.41958 0.848443 0.322641
-45.608 10.6711 31.3702 -0.419523 0.848485 0.322604
-45.798 10.5357 31.4792 -0.419466 0.848527 0.322569
-45.9781 10.4048 31.5896 -0.419321 0.84856 0.322669
-46.1915 10.253 31.7112 -0.420127 0.84857 0.321592
-46.3947 10.1069 31.8315 -0.420122 0.84858 0.321573
-46.5814 9.97369 31.9389 -0.420329 0.848508 0.321493
-46.7676 9.83989 32.0485 -0.420171 0.848661 0.321296
-46.9534 9.7085 32.1526 -0.420502 0.848608 0.321003
-47.1428 9.57707 32.252 -0.420389 0.848709 0.320882
-47.3588 9.42765 32.3633 -0.422731 0.847877 0.320006
-47.5627 9.28765 32.4648 -0.42366 0.847135 0.320739
-47.7669 9.1425 32.5762 -0.429757 0.844929 0.318439
-47.9692 8.99535 32.6937 -0.429754 0.844939 0.318418
-48.1461 8.86544 32.7996 -0.429737 0.844948 0.318416
-48.326 8.73428 32.9039 -0.435728 0.842397 0.317028
-48.4968 8.60602 33.0091 -0.437796 0.842504 0.313883
-48.6703 8.47384 33.1219 -0.442679 0.838669 0.317207
-48.8402 8.34138 33.2297 -0.446187 0.835244 0.321378
-49.0033 8.21437 33.3334 -0.449805 0.83255 0.323283
-49.1289 8.11726 33.4061 -0.45342 0.829857 0.325189
