52.6179 10.2532 -19.0055 0.49004 0.846049 -0.209907
52.7229 10.1423 -19.2073 0.490254 0.845755 -0.210592
52.9391 9.98309 -19.3459 0.485823 0.848235 -0.210889
53.1836 9.80772 -19.4881 0.486145 0.847673 -0.212393
53.3955 9.65513 -19.6102 0.490172 0.846235 -0.208849
53.575 9.52495 -19.7164 0.48766 0.847807 -0.208333
53.7522 9.3967 -19.8251 0.485687 0.847127 -0.215602
53.9235 9.27142 -19.9314 0.485345 0.847347 -0.215508
54.0938 9.14701 -20.0375 0.485004 0.847568 -0.215408
54.2625 9.02427 -20.14 0.483458 0.847773 -0.218048
54.4349 8.9001 -20.2424 0.482739 0.848591 -0.216465
54.6085 8.77589 -20.3423 0.48096 0.849759 -0.215828
54.7904 8.64759 -20.444 0.479191 0.849934 -0.219062
54.9683 8.52232 -20.541 0.477474 0.851087 -0.218322
55.1581 8.39043 -20.6426 0.475757 0.852242 -0.217577
55.3475 8.25886 -20.7438 0.478517 0.85074 -0.217388
55.5279 8.13194 -20.8407 0.480379 0.849486 -0.218195
55.697 8.01292 -20.9317 0.48038 0.849486 -0.218196
55.8893 7.876 -21.0389 0.48216 0.848236 -0.219128
56.0788 7.74306 -21.1369 0.481572 0.847553 -0.223003
56.2205 7.63667 -21.2316 0.48337 0.845375 -0.227363
56.3702 7.52503 -21.3285 0.48516 0.844183 -0.227968
56.5891 7.36715 -21.4444 0.48754 0.842793 -0.228044
56.7714 7.23676 -21.5388 0.484495 0.844026 -0.229966
57.0016 7.07008 -21.6643 0.486834 0.842196 -0.231726
57.1489 6.96137 -21.7492 0.487752 0.841703 -0.231589
57.3938 6.77824 -21.8989 0.488432 0.840862 -0.233198
57.5972 6.62491 -22.0285 0.484519 0.842555 -0.235248
57.7872 6.48215 -22.1482 0.485447 0.842635 -0.233039
57.9841 6.33176 -22.2685 0.489396 0.836296 -0.247185
58.1825 6.18139 -22.3845 0.487363 0.837458 -0.247257
58.3676 6.04397 -22.4827 0.487144 0.83595 -0.25274
58.56 5.92236 -22.5142 0.488932 0.834917 -0.252695
58.734 5.89069 -22.2808 0.492449 0.83368 -0.249923
58.8513 5.88592 -22.0622 0.493078 0.835288 -0.243204
58.9598 5.8911 -21.8163 0.500858 0.834143 -0.230969
59.0727 5.90421 -21.526 0.50049 0.833314 -0.234731
59.1514 5.91022 -21.3368 0.502649 0.832341 -0.233548
59.2784 5.91276 -21.0435 0.506506 0.834115 -0.218414
59.3893 5.90936 -20.7994 0.51314 0.831491 -0.212662
59.4857 5.90428 -20.5836 0.520056 0.826374 -0.215981
59.5769 5.90289 -20.3693 0.525233 0.824377 -0.210894
59.6635 5.89955 -20.1484 0.529218 0.827266 -0.188572
59.7469 5.89688 -19.926 0.52871 0.827471 -0.189096
59.8113 5.89878 -19.7338 0.525141 0.831157 -0.182771
59.8882 5.89627 -19.5236 0.526348 0.831031 -0.179848
59.9979 5.89017 -19.2305 0.529542 0.829286 -0.178476
60.0697 5.88801 -19.0209 0.532559 0.828638 -0.172451
60.1766 5.88524 -18.7047 0.532164 0.828251 -0.175489
60.2804 5.88646 -18.388 0.532628 0.827492 -0.177663
60.3722 5.88648 -18.1077 0.535415 0.825944 -0.176477
60.4599 5.88865 -17.8339 0.535592 0.825449 -0.178257
60.5458 5.89076 -17.5635 0.53796 0.823982 -0.177902
60.6108 5.89392 -17.354 0.538089 0.823555 -0.179491
60.6917 5.89743 -17.0939 0.538859 0.823735 -0.176322
60.768 5.8996 -16.849 0.539052 0.824282 -0.173145
60.8302 5.90342 -16.6344 0.539872 0.824124 -0.171341
60.8901 5.90869 -16.4213 0.542538 0.822509 -0.170647
60.9485 5.91141 -16.2176 0.545978 0.820991 -0.166979
61.0098 5.91222 -16.0131 0.545259 0.821059 -0.168966
61.0693 5.91495 -15.8103 0.544542 0.821128 -0.170948
61.1574 5.91802 -15.5042 0.5419 0.825088 -0.159851
61.2069 5.92549 -15.2939 0.545509 0.823145 -0.157647
61.279 5.92717 -15.0421 0.543978 0.823264 -0.162249
61.3423 5.93159 -14.8022 0.542149 0.825397 -0.157463
61.4053 5.93615 -14.5611 0.542236 0.825373 -0.157288
61.4751 5.9371 -14.313 0.539457 0.827496 -0.155656
61.5334 5.93666 -14.1169 0.537956 0.828048 -0.157924
61.596 5.93348 -13.9198 0.543754 0.824766 -0.155188
61.6452 5.93807 -13.7172 0.542508 0.826533 -0.150092
61.6952 5.94118 -13.5191 0.542626 0.827296 -0.145309
61.7542 5.93982 -13.3021 0.532532 0.832737 -0.151521
61.8243 5.93625 -13.0755 0.532444 0.834225 -0.143178
61.8758 5.93509 -12.8788 0.534689 0.834484 -0.133207
61.9352 5.93386 -12.646 0.535197 0.834792 -0.129175
62.0064 5.93271 -12.3587 0.533002 0.835968 -0.130608
62.0662 5.92844 -12.1375 0.532383 0.836986 -0.12658
62.1406 5.92738 -11.8334 0.531669 0.837191 -0.12822
62.1956 5.92938 -11.592 0.531441 0.837394 -0.12783
62.2707 5.92874 -11.2858 0.53011 0.838074 -0.128901
62.3307 5.93121 -11.0231 0.53055 0.838084 -0.126994
62.3771 5.93949 -10.7717 0.531967 0.837333 -0.126034
62.4207 5.95226 -10.5029 0.532516 0.837115 -0.125156
62.4647 5.96767 -10.2144 0.53482 0.835175 -0.128263
62.5098 5.9803 -9.94431 0.53851 0.833885 -0.120708
62.5577 5.98559 -9.67639 0.542599 0.83222 -0.114002
62.6101 5.98665 -9.41942 0.5426 0.832219 -0.114005
62.6621 5.98523 -9.15601 0.547778 0.830205 -0.103442
62.706 5.98701 -8.8933 0.546675 0.832443 -0.0903024
62.7423 5.9901 -8.63015 0.549108 0.831372 -0.0854404
62.7767 5.99462 -8.36661 0.550066 0.830804 -0.0847962
62.8099 5.99916 -8.10198 0.550745 0.830495 -0.0834172
62.8429 6.00445 -7.8357 0.551789 0.829615 -0.0852517
62.8758 6.00997 -7.56744 0.552058 0.829491 -0.0847108
62.9122 6.0155 -7.28077 0.553237 0.828616 -0.0855722
62.9452 6.02137 -7.00661 0.553815 0.828332 -0.0845874
62.9726 6.02568 -6.78213 0.553453 0.828723 -0.0831125
63.0088 6.03091 -6.48776 0.553105 0.82933 -0.0791986
63.0387 6.03138 -6.26425 0.552577 0.830029 -0.0755655
63.0724 6.0297 -6.031 0.553423 0.830016 -0.0691264
63.1068 6.02537 -5.79388 0.552603 0.830898 -0.0651014
63.1419 6.0215 -5.55093 0.549509 0.832952 -0.0649577
63.1782 6.0172 -5.28655 0.548669 0.833763 -0.0616664
63.2115 6.01559 -5.02347 0.54506 0.8359 -0.0646287
63.2475 6.01328 -4.74281 0.544647 0.836294 -0.0630215
63.281 6.0132 -4.46567 0.540947 0.838792 -0.0614557
63.3122 6.01261 -4.17669 0.53972 0.839945 -0.0565293
63.3416 6.01053 -3.9102 0.541822 0.839174 -0.046617
63.3628 6.00986 -3.63985 0.540758 0.840212 -0.0403091
63.3753 6.01253 -3.40344 0.543634 0.838605 -0.034559
63.3889 6.01364 -3.13964 0.543632 0.838735 -0.0314355
63.3978 6.01661 -2.90543 0.540963 0.840382 -0.0332164
63.4084 6.01714 -2.649 0.536514 0.843596 -0.0223331
63.4169 6.01779 -2.4214 0.536541 0.843608 -0.0211601
63.4278 6.01678 -2.17114 0.536569 0.84362 -0.0199864
63.439 6.01535 -1.93255 0.536714 0.843592 -0.0167342
63.4496 6.01193 -1.71939 0.538441 0.842541 -0.0142362
63.4615 6.00923 -1.44515 0.539916 0.841631 -0.0116645
63.4727 6.00437 -1.20629 0.540059 0.841587 -0.00818675
63.4852 5.99867 -0.949633 0.541288 0.840812 -0.00631923
63.4963 5.99313 -0.688008 0.54075 0.84117 -0.00457777
63.506 5.98814 -0.437925 0.53991 0.841716 -0.00310629
63.52 5.9798 -0.194668 0.539649 0.841887 -0.00226441
63.5312 5.97335 0.0810431 0.539299 0.842113 -0.00122238
63.5254 5.97699 0.305055 0.54159 0.840636 0.00322615
63.5169 5.98171 0.506484 0.541623 0.840616 0.00307412
63.5092 5.98575 0.759868 0.541658 0.840594 0.00291708
63.5101 5.98444 0.971029 0.542917 0.83977 0.0047159
63.5053 5.98479 1.27798 0.543496 0.839375 0.00789041
63.5001 5.98533 1.57451 0.543914 0.839095 0.00874863
63.4952 5.98511 1.83603 0.543531 0.839317 0.0109808
63.4891 5.98568 2.09763 0.54364 0.839243 0.0112938
63.474 5.99163 2.36052 0.543218 0.839502 0.0122787
63.4653 5.99356 2.6119 0.543211 0.839508 0.0121884
63.4566 5.99599 2.83535 0.54204 0.840251 0.0129791
63.4507 5.99599 3.06401 0.540902 0.840976 0.013562
63.4444 5.99649 3.28971 0.540927 0.840965 0.0132575
63.4359 5.99826 3.52266 0.540848 0.841 0.0142106
63.4338 5.99529 3.76259 0.539374 0.841917 0.0158396
63.4303 5.99289 4.00633 0.538787 0.842173 0.0207101
63.422 5.99087 4.24858 0.538207 0.842424 0.0255858
63.411 5.99107 4.49364 0.53263 0.845874 0.0278052
63.395 5.99215 4.73352 0.538856 0.841882 0.0294652
63.3774 5.9949 4.97643 0.538204 0.842086 0.0346409
63.361 5.99345 5.22872 0.537553 0.84229 0.0398123
63.3458 5.99128 5.48079 0.536612 0.842824 0.0411488
63.3293 5.98972 5.73817 0.543762 0.838322 0.0392331
63.3145 5.98857 5.96699 0.543759 0.838324 0.039231
63.293 5.98704 6.24512 0.543278 0.838209 0.047479
63.2757 5.98617 6.45897 0.544212 0.837566 0.0481181
63.25 5.98585 6.73422 0.554625 0.830455 0.0522971
63.2245 5.98764 6.9764 0.554545 0.830253 0.0560863
63.1933 5.99192 7.20609 0.554467 0.830049 0.0598811
63.1598 5.9973 7.43579 0.561187 0.824799 0.0690335
63.126 5.99976 7.66078 0.55448 0.828756 0.0755993
63.0941 6.00068 7.88519 0.554486 0.828751 0.0756151
63.0662 5.99863 8.11177 0.554486 0.82875 0.0756248
63.0363 5.99724 8.34084 0.559806 0.824795 0.07956
63.0161 5.98906 8.56326 0.552629 0.829277 0.083076
62.993 5.98185 8.78906 0.552625 0.829248 0.0833837
62.9636 5.97294 9.07143 0.559842 0.823594 0.0902369
62.918 5.96815 9.35125 0.56213 0.819893 0.108565
62.8682 5.96743 9.61434 0.560268 0.821538 0.105644
62.8221 5.95769 9.90793 0.553734 0.824614 0.115719
62.7792 5.94912 10.1747 0.552844 0.824636 0.119676
62.7336 5.94527 10.4037 0.551954 0.824659 0.12363
62.6839 5.9443 10.6369 0.545328 0.829664 0.119463
62.6179 5.94989 10.8943 0.544217 0.830077 0.121651
62.5598 5.95256 11.1359 0.542179 0.830881 0.125142
62.4989 5.94715 11.4323 0.537407 0.834434 0.122119
62.4296 5.94562 11.7478 0.535627 0.835223 0.124487
62.3632 5.94468 12.0327 0.534201 0.835663 0.127658
62.2969 5.94493 12.3083 0.532769 0.83625 0.129755
62.2435 5.94466 12.5255 0.530934 0.837237 0.13093
62.1686 5.94378 12.8366 0.530536 0.837632 0.130016
62.0835 5.94576 13.1663 0.529546 0.837997 0.131691
62.0132 5.94742 13.423 0.532933 0.833209 0.147345
61.9551 5.94006 13.665 0.531139 0.833353 0.153016
61.8917 5.93297 13.923 0.530145 0.83399 0.152996
61.8487 5.92442 14.1182 0.532777 0.831882 0.15531
61.7975 5.91668 14.3353 0.531377 0.832099 0.158856
61.7331 5.91475 14.5554 0.52998 0.832312 0.162411
61.6714 5.91088 14.7762 0.53046 0.83186 0.163161
61.6207 5.89947 14.9998 0.531856 0.831113 0.16242
61.5634 5.88961 15.2379 0.531822 0.831104 0.162575
61.5062 5.88361 15.4555 0.531788 0.831096 0.162728
61.4464 5.88071 15.6659 0.531772 0.83111 0.162708
61.3799 5.87839 15.8959 0.531096 0.831693 0.161939
61.3227 5.87105 16.1209 0.531298 0.831744 0.161008
61.2309 5.85741 16.4961 0.530723 0.832311 0.159969
61.1674 5.8593 16.6977 0.530713 0.832433 0.15937
61.0927 5.86501 16.909 0.525773 0.83454 0.164636
61.013 5.86915 17.1428 0.525753 0.834604 0.164378
60.9055 5.86974 17.4819 0.525721 0.834171 0.166664
60.7965 5.8683 17.8332 0.523996 0.835068 0.167585
60.7138 5.86411 18.1076 0.520741 0.836696 0.16961
60.6314 5.86311 18.3655 0.520837 0.83666 0.169493
60.5546 5.86201 18.6056 0.521024 0.836219 0.171091
60.4698 5.86396 18.8542 0.519045 0.837058 0.172968
60.3841 5.86501 19.0953 0.517283 0.836375 0.181373
60.2965 5.86692 19.3363 0.513263 0.838053 0.184923
60.2079 5.86684 19.5757 0.509264 0.839634 0.188851
60.1182 5.867 19.8169 0.509563 0.839508 0.188605
60.0267 5.86473 20.062 0.509841 0.836799 0.199575
59.935 5.8623 20.3065 0.506021 0.838349 0.202696
59.844 5.85845 20.5383 0.502055 0.838518 0.211726
59.7519 5.85642 20.7649 0.501916 0.838569 0.211855
59.6581 5.85541 20.9859 0.50178 0.837014 0.218231
59.5641 5.85544 21.2019 0.500723 0.837372 0.219277
59.4703 5.85565 21.4113 0.499719 0.836318 0.225508
59.377 5.85632 21.6156 0.499173 0.836491 0.226073
59.2818 5.85741 21.8205 0.498716 0.835148 0.231972
59.1869 5.85958 22.0166 0.49633 0.835838 0.234559
59.0851 5.86279 22.2174 0.493947 0.836528 0.237143
58.9802 5.8695 22.4092 0.494637 0.834674 0.242183
58.8546 5.89446 22.5804 0.495183 0.834528 0.24157
58.5773 6.06587 22.5536 0.493057 0.835899 0.24118
58.3835 6.20918 22.4531 0.492644 0.837244 0.237293
58.1604 6.37466 22.3296 0.490384 0.838642 0.237073
58.0154 6.48535 22.238 0.490385 0.838641 0.237072
57.7916 6.65164 22.0987 0.4798 0.846177 0.231897
57.6087 6.78468 21.988 0.480186 0.847661 0.225592
57.4311 6.91312 21.8844 0.480964 0.847144 0.225876
57.2532 7.04114 21.7832 0.47931 0.848494 0.224303
57.0738 7.16873 21.6796 0.476682 0.850658 0.22171
56.894 7.29641 21.5763 0.477552 0.8501 0.221973
56.7177 7.42187 21.4762 0.478421 0.849542 0.222243
56.5445 7.54313 21.3851 0.479717 0.848922 0.221812
56.38 7.65904 21.299 0.481525 0.847836 0.222054
56.2085 7.7787 21.2141 0.482144 0.847409 0.222339
56.0418 7.89577 21.1301 0.482762 0.846982 0.222626
55.8778 8.01115 21.0462 0.483716 0.846931 0.220739
55.719 8.12319 20.965 0.483777 0.846632 0.22175
55.5611 8.23514 20.8821 0.484414 0.846176 0.222097
55.3548 8.37943 20.7834 0.484514 0.846855 0.219252
55.1854 8.49905 20.6928 0.483214 0.848453 0.215946
54.9824 8.64407 20.5788 0.484011 0.846972 0.219932
54.8004 8.77761 20.4636 0.482846 0.84763 0.219961
54.6015 8.92408 20.3283 0.478924 0.851921 0.211806
54.3957 9.0719 20.2004 0.479999 0.851355 0.211648
54.1896 9.21612 20.0857 0.475857 0.853888 0.210767
54.0114 9.33916 19.986 0.47262 0.855571 0.211254
53.816 9.47276 19.8797 0.471196 0.85673 0.209735
53.6493 9.58733 19.7852 0.468806 0.857934 0.210167
53.5007 9.69024 19.6961 0.469158 0.858745 0.206029
53.3741 9.79111 19.5641 0.470646 0.857644 0.207207
53.4331 9.82259 19.301 0.472206 0.856753 0.207351
53.5363 9.81155 19.1104 0.472834 0.856734 0.205999
53.6355 9.79921 18.9341 0.472969 0.856877 0.205089
53.7421 9.78297 18.7551 0.473361 0.856893 0.204119
53.9131 9.75129 18.4883 0.47536 0.856846 0.19962
54.0767 9.71732 18.2448 0.478312 0.85539 0.19878
54.231 9.67819 18.0329 0.48273 0.854481 0.191923
54.3718 9.63819 17.8571 0.484372 0.853227 0.193359
54.5975 9.56193 17.627 0.485092 0.852897 0.193008
54.7969 9.49219 17.4231 0.491086 0.850867 0.186707
54.9332 9.44435 17.2826 0.487902 0.852838 0.186021
55.1177 9.37531 17.1084 0.491133 0.85203 0.181199
55.2778 9.31538 16.9562 0.493403 0.851134 0.179206
55.476 9.23857 16.7705 0.495661 0.850247 0.177201
55.6554 9.16838 16.6071 0.492166 0.852572 0.175767
55.8416 9.09573 16.4332 0.493895 0.85311 0.168137
56.0659 9.00412 16.2391 0.491812 0.854303 0.168169
56.2753 8.91983 16.054 0.49194 0.855102 0.163688
56.493 8.83288 15.8523 0.491053 0.855792 0.162743
56.6531 8.76928 15.7051 0.490343 0.856077 0.163388
56.8145 8.70554 15.5559 0.489055 0.857113 0.161806
56.9766 8.64086 15.4063 0.489498 0.857726 0.157157
57.1371 8.57551 15.2629 0.489596 0.857689 0.157051
57.3019 8.51062 15.1033 0.490204 0.857342 0.157048
57.4811 8.44029 14.9256 0.492311 0.856551 0.15476
57.626 8.38423 14.7749 0.491208 0.857173 0.154817
57.8056 8.31404 14.583 0.49626 0.856487 0.141968
57.973 8.24917 14.3892 0.496195 0.856523 0.141979
58.1195 8.19296 14.2151 0.497158 0.855931 0.142186
58.2519 8.14325 14.0515 0.497696 0.855791 0.141135
58.3847 8.093 13.885 0.50459 0.851997 0.139603
58.5084 8.04605 13.7242 0.503344 0.852378 0.14174
58.6322 8.00058 13.5618 0.502106 0.852754 0.143876
58.7528 7.95643 13.4005 0.499686 0.855147 0.137974
58.9268 7.89808 13.121 0.508564 0.849974 0.137504
59.0908 7.8416 12.8774 0.504267 0.85229 0.138894
59.2276 7.79669 12.6401 0.514656 0.84726 0.131455
59.3314 7.76288 12.4516 0.513586 0.847508 0.133988
59.4184 7.73914 12.2727 0.512516 0.847756 0.13652
59.5034 7.71653 12.0929 0.507779 0.852286 0.12556
59.6047 7.68399 11.9006 0.508784 0.851947 0.123793
59.6975 7.65709 11.7043 0.507943 0.852195 0.125516
59.8085 7.62602 11.4702 0.507092 0.852448 0.127243
59.912 7.5984 11.2425 0.504561 0.85456 0.12295
59.9982 7.58285 10.9881 0.505044 0.854902 0.118626
60.0839 7.56672 10.7395 0.505042 0.85535 0.115313
60.1632 7.5494 10.5161 0.502962 0.856843 0.113351
60.2246 7.53935 10.3195 0.502962 0.856843 0.113356
60.3003 7.5258 10.0811 0.503291 0.856949 0.111074
60.3629 7.51958 9.84285 0.500343 0.859788 0.10201
60.4086 7.51767 9.62193 0.508893 0.85544 0.0961801
60.4507 7.51753 9.40051 0.508919 0.855438 0.0960635
60.4914 7.51765 9.18086 0.505238 0.85826 0.0901345
60.5291 7.51861 8.96071 0.50623 0.858054 0.086368
60.563 7.5205 8.73279 0.507222 0.857848 0.0826013
60.5919 7.52622 8.50665 0.513318 0.853596 0.0887253
60.617 7.53439 8.27702 0.513854 0.85351 0.0864544
60.6372 7.54555 8.04602 0.521338 0.849884 0.0762696
60.6563 7.55103 7.80568 0.51742 0.853613 0.0601771
60.6726 7.55811 7.56484 0.517114 0.853691 0.0616571
60.6825 7.5704 7.31767 0.515816 0.854467 0.0617819
60.6965 7.58285 7.02182 0.515736 0.85479 0.0578116
60.7104 7.58986 6.78369 0.516652 0.854414 0.0552085
60.7263 7.59399 6.55264 0.512839 0.857275 0.0455145
60.7252 7.60718 6.30657 0.513446 0.857016 0.0435464
60.6999 7.63903 6.00516 0.519308 0.853383 0.0447232
60.6634 7.67368 5.73393 0.522825 0.85158 0.0382938
60.6314 7.70298 5.48054 0.521212 0.852819 0.0322186
60.6043 7.72783 5.255 0.52323 0.851749 0.0274534
60.5797 7.74947 5.04238 0.523365 0.851699 0.0264141
60.5542 7.77196 4.82369 0.523407 0.851667 0.0266221
60.5384 7.78852 4.60492 0.52344 0.85164 0.0268333
60.523 7.80436 4.39873 0.524002 0.851301 0.0266135
60.5135 7.81694 4.18569 0.521543 0.852851 0.0252536
60.5054 7.8282 3.97145 0.521577 0.852822 0.0255406
60.5024 7.83634 3.7649 0.521598 0.852801 0.0258287
60.5027 7.84184 3.55861 0.525191 0.850605 0.0252853
60.5061 7.84639 3.35341 0.525682 0.850225 0.0278528
60.5141 7.84817 3.14836 0.525649 0.850256 0.0275489
60.5237 7.84872 2.94703 0.525627 0.850279 0.027245
60.5414 7.84783 2.59227 0.528523 0.848594 0.0234926
60.5551 7.84575 2.35583 0.527665 0.849116 0.0238917
60.5726 7.84022 2.14973 0.532476 0.846196 0.0205559
60.5937 7.83185 1.94681 0.532489 0.846259 0.0169932
60.6149 7.82198 1.73046 0.531842 0.846724 0.0141805
60.6371 7.81193 1.51151 0.53119 0.84712 0.0149775
60.67 7.79624 1.1447 0.535404 0.844571 0.00627094
60.6928 7.78311 0.902947 0.534929 0.844884 0.00459646
60.717 7.76937 0.658131 0.533529 0.845767 0.00494995
60.7409 7.75537 0.420146 0.533186 0.845989 0.00381147
60.7669 7.7396 0.160825 0.536239 0.844063 0.00155474
60.7963 7.72173 -0.0684481 0.536956 0.843605 0.0030521
60.8229 7.70524 -0.318199 0.53764 0.843174 0.000523374
60.843 7.69256 -0.529344 0.536939 0.843621 7.4881e-05
60.8738 7.67146 -0.838363 0.53481 0.844955 -0.00538197
60.8956 7.65609 -1.08142 0.534744 0.844993 -0.00590637
60.9264 7.63243 -1.43341 0.538387 0.842608 -0.0122986
60.9537 7.61076 -1.67012 0.539051 0.841991 -0.0218062
60.98 7.58773 -1.90792 0.539277 0.841843 -0.0219118
61.0116 7.55925 -2.19538 0.539839 0.8414 -0.0249102
61.0322 7.54005 -2.39565 0.538689 0.842115 -0.0256066
61.0607 7.5152 -2.61499 0.539015 0.841914 -0.0253746
61.0837 7.4941 -2.82738 0.539119 0.841839 -0.0256494
61.1142 7.46684 -3.07696 0.539706 0.841475 -0.0252283
61.1417 7.44115 -3.3528 0.540647 0.840834 -0.0263651
61.1616 7.4194 -3.61872 0.541086 0.840494 -0.0282022
61.1783 7.40171 -3.8263 0.539895 0.841273 -0.0277629
61.2094 7.3699 -4.14713 0.539189 0.841574 -0.0320767
61.2378 7.34184 -4.40609 0.539192 0.841572 -0.032074
61.2659 7.30843 -4.66658 0.541507 0.839255 -0.0492037
61.2873 7.28233 -4.8763 0.541149 0.839467 -0.0495265
61.2966 7.25565 -5.18215 0.5419 0.838432 -0.0580956
61.2978 7.23669 -5.44503 0.541396 0.838458 -0.0621515
61.2969 7.21988 -5.66501 0.540906 0.838473 -0.0662081
61.2931 7.20491 -5.88799 0.539549 0.839454 -0.0648386
61.2868 7.1931 -6.09371 0.538267 0.84024 -0.0653063
61.2821 7.17981 -6.30363 0.537716 0.840214 -0.0698717
61.2782 7.16347 -6.51578 0.540558 0.837806 -0.0766727
61.2708 7.13401 -6.89174 0.537761 0.839438 -0.0783603
61.2639 7.11492 -7.13579 0.535245 0.840646 -0.0826079
61.2598 7.09579 -7.35216 0.53551 0.840301 -0.0843972
61.2549 7.0764 -7.57616 0.536381 0.839369 -0.0879806
61.244 7.05983 -7.79234 0.537315 0.838404 -0.0914928
61.2263 7.04753 -8.00873 0.536815 0.838642 -0.0922439
61.1993 7.03801 -8.25465 0.538788 0.837443 -0.0916331
61.1651 7.03311 -8.50026 0.533293 0.840495 -0.09561
61.1212 7.02899 -8.74356 0.536697 0.836419 -0.111177
61.0698 7.03022 -8.98242 0.535105 0.836962 -0.114644
61.0165 7.03011 -9.22294 0.533882 0.837173 -0.118789
60.9572 7.03572 -9.44983 0.533143 0.83728 -0.121301
60.8942 7.04075 -9.68691 0.532403 0.837387 -0.123817
60.8271 7.04852 -9.92321 0.53136 0.837904 -0.124782
60.7681 7.05446 -10.132 0.531618 0.837535 -0.126164
60.7048 7.06163 -10.3513 0.531496 0.83748 -0.127035
60.643 7.06774 -10.5681 0.531381 0.837423 -0.127895
60.5512 7.08504 -10.8337 0.529894 0.838186 -0.12906
60.4519 7.1081 -11.0919 0.529883 0.838207 -0.128969
60.3106 7.1476 -11.4117 0.528151 0.839224 -0.129448
60.19 7.18514 -11.6624 0.527028 0.839965 -0.12922
60.0978 7.21528 -11.8404 0.526272 0.840294 -0.13017
59.983 7.25392 -12.0581 0.526322 0.84084 -0.12638
59.8866 7.28472 -12.2553 0.526769 0.840594 -0.126156
59.7634 7.32648 -12.4879 0.526314 0.840579 -0.128145
59.6537 7.36543 -12.6824 0.52493 0.841123 -0.130219
59.54 7.40726 -12.8676 0.52353 0.841955 -0.130491
59.4198 7.4509 -13.0685 0.520106 0.843082 -0.136574
59.2865 7.50365 -13.2389 0.516679 0.844211 -0.142653
59.1567 7.55512 -13.4059 0.517166 0.843376 -0.14576
59.0314 7.60249 -13.5739 0.513979 0.845911 -0.14234
58.8997 7.65556 -13.7339 0.512076 0.846515 -0.145522
58.7606 7.71021 -13.8997 0.510165 0.847126 -0.14869
58.6152 7.76867 -14.0651 0.508984 0.847643 -0.149782
58.4842 7.82056 -14.2149 0.508332 0.847829 -0.150943
58.32 7.88684 -14.3962 0.507053 0.848753 -0.150047
58.1626 7.94866 -14.5731 0.503311 0.850726 -0.151469
58.0038 8.01239 -14.743 0.503578 0.850647 -0.151023
57.8458 8.07814 -14.8995 0.502488 0.851355 -0.150667
57.6804 8.1482 -15.0554 0.502402 0.851379 -0.150821
57.5062 8.22382 -15.2078 0.501064 0.852104 -0.151174
57.3071 8.31152 -15.3735 0.50086 0.852141 -0.151642
57.0585 8.42324 -15.5592 0.495822 0.854714 -0.1537
56.8464 8.51786 -15.7187 0.49683 0.853702 -0.156047
56.6772 8.59367 -15.8403 0.495393 0.854359 -0.157026
56.5015 8.67308 -15.9625 0.495392 0.854359 -0.157026
56.321 8.7555 -16.0806 0.493672 0.855255 -0.157565
56.1361 8.84041 -16.1987 0.493501 0.855238 -0.158192
55.9428 8.9293 -16.321 0.493504 0.855235 -0.1582
55.7646 9.01152 -16.4324 0.493027 0.855217 -0.159769
55.5741 9.09752 -16.5564 0.491669 0.855578 -0.162012
55.3946 9.1795 -16.6684 0.490624 0.856069 -0.162578
55.1905 9.27447 -16.7821 0.489253 0.855979 -0.16708
54.993 9.3661 -16.8887 0.485822 0.856464 -0.174424
54.7756 9.46479 -17.0041 0.484688 0.856394 -0.177952
54.5049 9.58838 -17.1468 0.484228 0.856462 -0.178872
54.2948 9.68247 -17.2655 0.485505 0.855569 -0.179681
54.1045 9.76479 -17.3875 0.482858 0.856104 -0.18414
53.8531 9.86225 -17.5977 0.489201 0.851243 -0.189915
53.6762 9.92527 -17.7706 0.489053 0.851291 -0.190082
53.523 9.97786 -17.9311 0.494737 0.847412 -0.192679
53.3695 10.0293 -18.0956 0.494757 0.846183 -0.197963
53.2183 10.079 -18.2611 0.494707 0.846198 -0.198026
53.0725 10.1256 -18.4265 0.494659 0.846211 -0.198088
52.9317 10.1683 -18.5962 0.495084 0.845512 -0.199992
52.7767 10.2118 -18.7928 0.494116 0.845304 -0.203251
52.6557 10.2442 -18.9518 0.494115 0.845304 -0.203252
52.6326 10.2504 -18.9823 0.492078 0.845677 -0.206579
48.9356 13.4326 -14.8067 0.516571 0.83539 -0.18782
48.7833 13.4881 -14.9739 0.514523 0.835603 -0.192444
48.6308 13.5436 -15.1409 0.513924 0.835898 -0.192757
48.4797 13.5979 -15.3072 0.512807 0.835663 -0.196712
48.3375 13.6483 -15.4634 0.512334 0.835882 -0.197014
48.1899 13.6989 -15.6319 0.51186 0.836103 -0.197309
48.0466 13.7475 -15.7971 0.511525 0.835507 -0.200672
47.8968 13.7966 -15.9751 0.515485 0.832631 -0.202487
47.7493 13.8435 -16.1576 0.514073 0.833236 -0.203577
47.608 13.8843 -16.3454 0.512752 0.833583 -0.205484
47.4537 13.9245 -16.5665 0.509725 0.834648 -0.208629
47.2954 13.9624 -16.7966 0.506605 0.835972 -0.210955
47.1382 13.9983 -17.0324 0.50644 0.836388 -0.2097
46.9679 14.0369 -17.2897 0.506336 0.836432 -0.209775
46.8109 14.072 -17.5271 0.506538 0.835247 -0.213967
46.6766 14.1002 -17.7357 0.508168 0.834253 -0.213977
46.5297 14.1305 -17.9663 0.508281 0.834242 -0.213752
46.4176 14.1521 -18.1488 0.508395 0.834231 -0.213528
46.3059 14.1712 -18.3401 0.50644 0.834564 -0.216814
46.185 14.1948 -18.5295 0.509696 0.831625 -0.220477
46.067 14.2182 -18.7139 0.508354 0.832026 -0.222047
45.9483 14.2411 -18.8978 0.507002 0.832433 -0.223618
45.8222 14.2677 -19.0832 0.506471 0.831772 -0.227246
45.7084 14.291 -19.2503 0.5054 0.832112 -0.228388
45.5667 14.3193 -19.4615 0.506536 0.831187 -0.229236
45.4438 14.3388 -19.6609 0.507841 0.828995 -0.23423
45.3271 14.3518 -19.8681 0.508705 0.828745 -0.233237
45.2198 14.3591 -20.0776 0.509574 0.828492 -0.232242
45.1308 14.3597 -20.2705 0.510462 0.827914 -0.232348
45.0343 14.3541 -20.5 0.512434 0.82568 -0.23593
44.9547 14.3438 -20.7091 0.512296 0.825712 -0.236118
44.8762 14.325 -20.9439 0.513473 0.823982 -0.239582
44.8082 14.3102 -21.1405 0.512598 0.823913 -0.241671
44.7043 14.2893 -21.4294 0.511381 0.824012 -0.243915
44.6358 14.2646 -21.6536 0.510954 0.823153 -0.24768
44.6349 14.1946 -21.8881 0.511152 0.823024 -0.247701
44.788 14.0525 -22.0428 0.510272 0.822581 -0.250965
44.9731 13.8994 -22.1684 0.510361 0.822439 -0.251248
45.1466 13.7601 -22.2746 0.507363 0.824107 -0.251854
45.3213 13.6233 -22.3702 0.505149 0.825502 -0.251721
45.5004 13.486 -22.4634 0.502989 0.826757 -0.251944
45.676 13.3522 -22.552 0.501466 0.827734 -0.251762
45.8536 13.2172 -22.6436 0.499944 0.828712 -0.251581
46.0279 13.0835 -22.7373 0.500862 0.827188 -0.254747
46.1933 12.9542 -22.8315 0.500574 0.827082 -0.25566
46.3606 12.8235 -22.9269 0.499281 0.827987 -0.255251
46.5671 12.6632 -23.0447 0.497997 0.828892 -0.254828
46.7515 12.5195 -23.1501 0.497412 0.827064 -0.261813
46.961 12.3493 -23.292 0.493867 0.828829 -0.26294
47.19 12.1645 -23.4444 0.494167 0.82847 -0.263507
47.3878 12.0069 -23.5715 0.489532 0.830802 -0.264815
47.5932 11.8454 -23.6986 0.489827 0.830426 -0.265446
47.7896 11.6916 -23.8163 0.490454 0.829869 -0.266032
47.9876 11.537 -23.9335 0.490286 0.830083 -0.265671
48.1507 11.4107 -24.0274 0.490112 0.830301 -0.265312
48.3074 11.2896 -24.117 0.489863 0.830571 -0.264927
48.4625 11.174 -24.1932 0.488947 0.831113 -0.264921
48.6776 11.0144 -24.2972 0.488508 0.831437 -0.264713
48.9579 10.8076 -24.4295 0.485587 0.833304 -0.264193
49.2289 10.6067 -24.5698 0.482493 0.835377 -0.263336
49.3803 10.495 -24.6484 0.479296 0.83701 -0.263989
49.6738 10.2703 -24.8302 0.477778 0.838384 -0.262374
49.8395 10.1435 -24.9349 0.474966 0.839501 -0.263902
50.0004 10.0255 -25.02 0.475401 0.839075 -0.264474
50.2143 9.86835 -25.1337 0.47579 0.83795 -0.267322
50.4591 9.68531 -25.2725 0.473904 0.838527 -0.268862
50.683 9.51733 -25.402 0.473412 0.838686 -0.269235
50.8602 9.38417 -25.5053 0.473233 0.838758 -0.269324
51.0292 9.25671 -25.6053 0.473285 0.838721 -0.269348
51.1802 9.13717 -25.7121 0.473338 0.838682 -0.269376
51.3258 9.02322 -25.8107 0.472486 0.838463 -0.271543
51.4818 8.90362 -25.9087 0.472768 0.838441 -0.271122
51.635 8.78767 -26 0.472585 0.838585 -0.270995
51.8242 8.65172 -26.0911 0.472403 0.838728 -0.270869
51.9959 8.52958 -26.1698 0.472672 0.838729 -0.270397
52.1824 8.389 -26.2792 0.47298 0.838365 -0.270987
52.409 8.21332 -26.4273 0.472991 0.838455 -0.27069
52.6901 7.99535 -26.6105 0.47398 0.838026 -0.27029
52.8418 7.88242 -26.6943 0.474195 0.837747 -0.270776
53.0531 7.72755 -26.8035 0.474186 0.837753 -0.270773
53.2375 7.59211 -26.8992 0.474483 0.837382 -0.271399
53.5266 7.36733 -27.0872 0.474432 0.837212 -0.272011
53.7512 7.19543 -27.2241 0.475045 0.836793 -0.27223
53.9304 7.05904 -27.3299 0.475749 0.83626 -0.272638
54.1085 6.92253 -27.4379 0.476741 0.835742 -0.272492
54.2669 6.80178 -27.5311 0.477036 0.835724 -0.272033
54.5292 6.60054 -27.6882 0.478625 0.83462 -0.272631
54.7081 6.46563 -27.787 0.480206 0.833685 -0.272706
54.8815 6.33088 -27.8921 0.481452 0.832608 -0.273801
55.0492 6.20338 -27.9849 0.481593 0.832502 -0.273876
55.2172 6.07618 -28.076 0.481739 0.832394 -0.273948
55.3942 5.94604 -28.1603 0.485137 0.829359 -0.277077
55.5704 5.80903 -28.2558 0.487749 0.824495 -0.286894
55.7436 5.67423 -28.3487 0.487517 0.824698 -0.286705
55.9172 5.53877 -28.4441 0.482136 0.826999 -0.289167
56.0868 5.40368 -28.5477 0.484277 0.825112 -0.290954
56.2455 5.27426 -28.6481 0.486423 0.823226 -0.292732
56.4036 5.14438 -28.7502 0.486781 0.821086 -0.29809
56.5626 5.01388 -28.8484 0.488479 0.819856 -0.298706
56.7135 4.8907 -28.9398 0.488483 0.819853 -0.298707
56.872 4.76216 -29.0309 0.491284 0.817956 -0.299312
57.0767 4.5955 -29.1482 0.492116 0.816617 -0.301593
57.2587 4.44707 -29.252 0.494628 0.814537 -0.303094
57.4392 4.29798 -29.3564 0.495554 0.813312 -0.304876
57.6214 4.14753 -29.4617 0.496979 0.811091 -0.308419
57.7961 4.00015 -29.5645 0.498709 0.808702 -0.311913
57.9681 3.85408 -29.6688 0.498693 0.807671 -0.314583
58.1304 3.71336 -29.7705 0.499923 0.805943 -0.31707
58.291 3.57303 -29.8739 0.50201 0.803546 -0.31982
58.4523 3.42932 -29.9791 0.503417 0.801521 -0.322701
58.6045 3.29492 -30.0755 0.503404 0.801519 -0.322726
58.7798 3.13926 -30.1788 0.513925 0.793509 -0.325922
58.9509 2.99095 -30.2702 0.516366 0.789464 -0.331748
59.1249 2.83684 -30.3568 0.526182 0.780417 -0.33776
59.2993 2.67952 -30.4485 0.525678 0.781455 -0.336135
59.4728 2.52612 -30.5306 0.52654 0.77855 -0.341491
59.6345 2.38804 -30.5961 0.529143 0.776341 -0.342477
59.7876 2.24926 -30.6719 0.531592 0.773586 -0.344923
59.9875 2.14893 -30.5886 0.531531 0.774218 -0.343601
60.1261 2.13364 -30.4087 0.531307 0.774307 -0.343746
60.2851 2.12902 -30.1734 0.532202 0.775618 -0.339346
60.4452 2.11771 -29.9481 0.527732 0.778978 -0.338662
60.5956 2.10617 -29.7406 0.526607 0.780776 -0.336258
60.7141 2.10427 -29.5581 0.527423 0.781166 -0.334074
60.8617 2.10371 -29.3247 0.529863 0.781667 -0.329001
61.0222 2.10338 -29.0664 0.530704 0.781227 -0.328692
61.1582 2.10532 -28.8427 0.530476 0.781117 -0.329319
61.2885 2.10567 -28.633 0.528784 0.782281 -0.329278
61.4181 2.10569 -28.4243 0.529031 0.782449 -0.32848
61.5529 2.10628 -28.205 0.531312 0.782456 -0.324748
61.669 2.11104 -28.0017 0.531893 0.78318 -0.322053
61.7772 2.12063 -27.7995 0.535589 0.78397 -0.313815
61.8941 2.12577 -27.5816 0.537276 0.785638 -0.306771
62.018 2.13191 -27.3493 0.541247 0.782337 -0.308219
62.155 2.12842 -27.1172 0.542383 0.781571 -0.308168
62.2782 2.13 -26.8963 0.546804 0.781185 -0.301142
62.3815 2.12839 -26.7069 0.551218 0.780804 -0.294115
62.4837 2.12672 -26.5202 0.556133 0.779502 -0.288121
62.5768 2.12925 -26.3261 0.563444 0.777408 -0.279584
62.6785 2.1269 -26.1277 0.563814 0.777446 -0.278729
62.7848 2.1267 -25.9126 0.564188 0.777478 -0.277885
62.8898 2.12851 -25.6945 0.562647 0.778427 -0.278352
62.9982 2.12525 -25.4838 0.560019 0.781617 -0.274689
63.0997 2.12769 -25.2699 0.561734 0.781835 -0.270497
63.2629 2.14145 -24.8858 0.56112 0.783021 -0.268366
63.3588 2.14788 -24.6674 0.561025 0.782721 -0.269442
63.4586 2.15335 -24.4343 0.568673 0.780065 -0.260976
63.5531 2.15222 -24.2282 0.565309 0.784439 -0.255091
63.6715 2.14734 -23.9841 0.563592 0.784924 -0.257408
63.7688 2.15184 -23.7485 0.563523 0.789771 -0.24229
63.9143 2.1591 -23.391 0.5668 0.786421 -0.245455
64.0108 2.15983 -23.1624 0.571535 0.783651 -0.24339
64.1057 2.151 -22.9677 0.571713 0.78364 -0.243007
64.2159 2.14423 -22.7285 0.571501 0.784696 -0.240079
64.3072 2.144 -22.5111 0.571988 0.784534 -0.23945
64.399 2.14554 -22.2883 0.573782 0.7819 -0.243732
64.4837 2.1473 -22.0825 0.57442 0.781667 -0.242978
64.5887 2.14833 -21.8303 0.583048 0.776375 -0.239285
64.6719 2.14688 -21.6127 0.583428 0.783015 -0.215635
64.7497 2.14947 -21.3929 0.580768 0.783974 -0.219255
64.8142 2.1578 -21.1939 0.576381 0.787268 -0.219073
64.896 2.16378 -20.9537 0.580174 0.788006 -0.206019
65.0265 2.16588 -20.5782 0.577845 0.790511 -0.202894
65.1017 2.16401 -20.3711 0.590046 0.780449 -0.20675
65.17 2.16486 -20.173 0.590046 0.780449 -0.20675
65.2427 2.16209 -19.9758 0.590068 0.780445 -0.206702
65.3203 2.15943 -19.7524 0.581078 0.789668 -0.196801
65.4011 2.15851 -19.5254 0.577773 0.790713 -0.202363
65.4877 2.15595 -19.288 0.583672 0.78819 -0.194904
65.56 2.15134 -19.0801 0.58962 0.785589 -0.187612
65.6264 2.14745 -18.8876 0.58967 0.785246 -0.188882
65.7211 2.15185 -18.5696 0.594528 0.781911 -0.18749
65.7999 2.1565 -18.305 0.593799 0.78155 -0.191266
65.874 2.15539 -18.0776 0.599395 0.777883 -0.188742
65.9384 2.15392 -17.8803 0.598744 0.778224 -0.189401
66.0418 2.15587 -17.5389 0.60048 0.778401 -0.183073
66.1094 2.15869 -17.3021 0.616757 0.766877 -0.177438
66.1767 2.15855 -17.0564 0.616444 0.769377 -0.167497
66.2446 2.15771 -16.8104 0.614371 0.770138 -0.171504
66.3015 2.15723 -16.6141 0.612299 0.770899 -0.175513
66.3656 2.16018 -16.3693 0.610832 0.773464 -0.169226
66.4169 2.16201 -16.1686 0.616394 0.77078 -0.161093
66.4972 2.15854 -15.8745 0.614149 0.772354 -0.1621
66.5657 2.15772 -15.623 0.610784 0.774905 -0.162682
66.6407 2.15929 -15.33 0.611668 0.774761 -0.160025
66.6879 2.16307 -15.1315 0.612827 0.773903 -0.159733
66.7429 2.16833 -14.9013 0.611112 0.774399 -0.163857
66.7998 2.17004 -14.6809 0.611266 0.774372 -0.163404
66.86 2.17049 -14.4528 0.611422 0.774345 -0.162951
66.9235 2.16761 -14.2234 0.606772 0.779518 -0.155493
66.9924 2.15986 -13.9916 0.613812 0.774372 -0.153564
67.058 2.15262 -13.7659 0.612486 0.7748 -0.156637
67.1286 2.14795 -13.5153 0.605749 0.781358 -0.150159
67.1914 2.1466 -13.2689 0.606093 0.781263 -0.149257
67.2484 2.14786 -13.0292 0.606437 0.781169 -0.148354
67.3069 2.14789 -12.7815 0.628586 0.765502 -0.137393
67.3534 2.14702 -12.5596 0.617861 0.776694 -0.122451
67.3987 2.14668 -12.3335 0.61869 0.776485 -0.119522
67.4371 2.14798 -12.121 0.619515 0.776276 -0.116603
67.4774 2.14885 -11.9006 0.619988 0.776015 -0.115825
67.5176 2.14856 -11.6864 0.621657 0.774568 -0.116562
67.5595 2.14629 -11.4779 0.622306 0.774715 -0.111935
67.5994 2.14486 -11.2569 0.62274 0.775019 -0.107427
67.6394 2.14363 -11.0341 0.622505 0.774943 -0.109306
67.6822 2.14661 -10.7735 0.622267 0.774868 -0.111194
67.7152 2.15438 -10.5351 0.624832 0.772991 -0.109811
67.7613 2.16001 -10.2453 0.629157 0.768595 -0.115858
67.7908 2.17849 -9.96212 0.622889 0.773665 -0.115977
67.8213 2.18841 -9.72754 0.625563 0.771799 -0.114005
67.8578 2.19431 -9.48756 0.623762 0.774075 -0.108101
67.897 2.19483 -9.24967 0.620731 0.777054 -0.104307
67.9284 2.20117 -9.01589 0.620536 0.777286 -0.103736
67.9579 2.20655 -8.77614 0.62708 0.7734 -0.0928565
67.987 2.21155 -8.53793 0.626841 0.773687 -0.0920726
68.0239 2.21048 -8.2793 0.632094 0.770442 -0.0829267
68.0663 2.20483 -8.00882 0.632993 0.769434 -0.0853414
68.1243 2.19477 -7.66992 0.635169 0.767775 -0.0841479
68.1714 2.18923 -7.36583 0.635005 0.768175 -0.0816578
68.2103 2.18312 -7.11015 0.632709 0.770643 -0.0760826
68.2425 2.18059 -6.86799 0.632774 0.770696 -0.0749946
68.2665 2.18003 -6.66763 0.634276 0.769718 -0.0722609
68.2927 2.18306 -6.39883 0.635931 0.768455 -0.0711924
68.3134 2.18678 -6.1761 0.636958 0.767711 -0.0699932
68.3349 2.19068 -5.93133 0.637798 0.767179 -0.0681858
68.3561 2.19383 -5.68232 0.63597 0.769157 -0.0627722
68.3746 2.19507 -5.4796 0.635948 0.769175 -0.0627732
68.4007 2.19836 -5.16984 0.636338 0.769011 -0.0607927
68.4293 2.19637 -4.89615 0.635015 0.770287 -0.0583537
68.464 2.18469 -4.63168 0.640395 0.766481 -0.0489973
68.4952 2.17356 -4.39822 0.639014 0.767406 -0.0522988
68.5242 2.16507 -4.17092 0.636549 0.769607 -0.0500968
68.5469 2.16463 -3.89437 0.639398 0.767216 -0.0504678
68.558 2.17331 -3.60181 0.642565 0.764832 -0.046275
68.5683 2.17693 -3.38929 0.642604 0.765033 -0.0422493
68.5822 2.18112 -3.08729 0.636413 0.770263 -0.0406997
68.5938 2.18471 -2.8514 0.641958 0.765651 -0.0408547
68.6024 2.19007 -2.61529 0.641964 0.765665 -0.0404844
68.6164 2.1899 -2.39393 0.641629 0.765987 -0.0396792
68.6292 2.19366 -2.12366 0.639974 0.767159 -0.0436051
68.6397 2.19648 -1.9208 0.639206 0.767907 -0.0415861
68.65 2.19886 -1.6987 0.639891 0.767623 -0.0359659
68.6617 2.19904 -1.48559 0.640661 0.766857 -0.0384239
68.676 2.19876 -1.26262 0.642755 0.765121 -0.0381525
68.6852 2.20125 -1.05772 0.641448 0.766447 -0.0326983
68.6906 2.20471 -0.834119 0.641323 0.766854 -0.025141
68.6947 2.20695 -0.595962 0.63515 0.772373 -0.00501435
68.7086 2.20028 -0.207655 0.633928 0.773289 -0.012587
68.7226 2.19247 0.00883475 0.635102 0.772351 -0.0104254
68.7331 2.18571 0.218672 0.636427 0.771307 -0.00675225
68.7445 2.17824 0.545042 0.637028 0.770839 -0.00141617
68.7447 2.1786 0.786598 0.636477 0.771275 -0.00471287
68.7462 2.17953 1.00478 0.635732 0.77187 -0.00780009
68.7459 2.18026 1.28877 0.633864 0.773429 0.00333949
68.7403 2.18254 1.56896 0.635406 0.772151 0.0064164
68.7336 2.1855 1.84781 0.635201 0.772315 0.00706434
68.7253 2.19051 2.09887 0.632434 0.774506 0.0112382
68.7146 2.19351 2.35601 0.630758 0.775787 0.0172797
68.7068 2.1929 2.60757 0.63773 0.769926 0.0222084
68.7039 2.18965 2.85035 0.638739 0.769217 0.0178166
68.6978 2.189 3.09429 0.636381 0.770972 0.0241804
68.6889 2.18678 3.32005 0.638131 0.769206 0.0333318
68.6775 2.1866 3.54381 0.638767 0.768844 0.0289168
68.6686 2.18695 3.76544 0.639416 0.76847 0.0245161
68.6574 2.18881 3.98826 0.642459 0.765754 0.0293911
68.6464 2.18932 4.19759 0.640262 0.767484 0.0321332
68.6369 2.18861 4.40421 0.639883 0.767725 0.0338345
68.6262 2.18687 4.63459 0.639504 0.767966 0.0355361
68.6179 2.18323 4.86482 0.639928 0.767763 0.0319563
68.6101 2.18163 5.08096 0.640628 0.767314 0.0287243
68.6025 2.17971 5.29813 0.632806 0.773346 0.0380699
68.586 2.17804 5.53476 0.636043 0.770026 0.0500925
68.5675 2.17788 5.77202 0.635657 0.77024 0.051657
68.5475 2.17901 5.99562 0.634775 0.770911 0.0525034
68.526 2.18121 6.22256 0.632906 0.77192 0.0593209
68.4913 2.18664 6.49038 0.631066 0.772903 0.0661486
68.4515 2.19724 6.74545 0.631986 0.772025 0.0676056
68.4338 2.1899 6.99792 0.633748 0.770695 0.0662791
68.4203 2.18329 7.20456 0.633747 0.770695 0.0662793
68.4001 2.1746 7.46859 0.634533 0.769164 0.0758613
68.3813 2.16807 7.68442 0.630552 0.772324 0.0768826
68.3607 2.16441 7.89735 0.630142 0.772937 0.0740856
68.3381 2.16242 8.10988 0.632273 0.770862 0.0774324
68.3128 2.16153 8.32237 0.633752 0.769527 0.0786474
68.2862 2.1617 8.53438 0.633761 0.769525 0.0786038
68.2566 2.16278 8.75875 0.628037 0.773489 0.0853525
68.2253 2.1638 8.97994 0.628453 0.77276 0.088754
68.1909 2.16417 9.2115 0.628868 0.772033 0.0921441
68.1554 2.16465 9.44641 0.627426 0.772908 0.0945966
68.1183 2.1644 9.69286 0.627525 0.772752 0.0952163
68.081 2.16317 9.94384 0.622958 0.77571 0.10098
68.0478 2.16049 10.1689 0.622991 0.775661 0.101155
68.0046 2.15718 10.4604 0.622247 0.776109 0.10228
67.9695 2.15317 10.7051 0.628708 0.770829 0.102707
67.9381 2.14688 10.9445 0.629 0.770319 0.104704
67.9028 2.14247 11.1712 0.621941 0.774722 0.113995
67.8608 2.14267 11.3989 0.621565 0.775428 0.111171
67.8039 2.15038 11.667 0.617999 0.778284 0.111138
67.7554 2.15671 11.8924 0.618006 0.778279 0.111132
67.7014 2.16284 12.1339 0.61726 0.777779 0.11853
67.6523 2.16531 12.3716 0.612277 0.780932 0.123517
67.6071 2.16446 12.5944 0.614388 0.778547 0.128031
67.5627 2.16257 12.819 0.613664 0.778464 0.131893
67.5209 2.16045 13.02 0.612938 0.77838 0.135766
67.4772 2.15997 13.2277 0.621471 0.771951 0.133623
67.4312 2.16145 13.4279 0.621044 0.771728 0.136895
67.3803 2.16369 13.6468 0.620202 0.771697 0.140758
67.3256 2.16539 13.8712 0.619862 0.771166 0.145169
67.2764 2.1655 14.081 0.619869 0.771161 0.145164
67.2162 2.16063 14.3433 0.619313 0.769282 0.157022
67.157 2.1557 14.5948 0.614455 0.772968 0.157975
67.0885 2.1535 14.8772 0.614512 0.773536 0.154976
67.032 2.15034 15.1172 0.607594 0.777941 0.15983
66.9644 2.14337 15.3993 0.60881 0.77572 0.166161
66.8979 2.14284 15.6453 0.608714 0.775704 0.166585
66.8411 2.14401 15.847 0.608615 0.775688 0.167019
66.7777 2.14991 16.0503 0.607975 0.776705 0.16458
66.7104 2.15593 16.2727 0.612554 0.772974 0.165192
66.6494 2.1569 16.4942 0.612222 0.772432 0.168877
66.5943 2.15414 16.702 0.608716 0.773937 0.174548
66.5305 2.14849 16.9456 0.605799 0.776357 0.173986
66.4462 2.14211 17.2724 0.607261 0.775502 0.172702
66.3798 2.14198 17.499 0.602023 0.778251 0.178588
66.3023 2.14151 17.7606 0.601266 0.777282 0.185198
66.2248 2.13858 18.0203 0.602367 0.775669 0.188392
66.1594 2.1365 18.2311 0.597436 0.779001 0.190283
66.086 2.13891 18.4565 0.59481 0.781346 0.188909
66.0146 2.14217 18.6638 0.592845 0.782154 0.191753
65.9417 2.14589 18.8729 0.593579 0.781169 0.193492
65.8448 2.14346 19.1804 0.593549 0.781281 0.193131
65.7729 2.14059 19.4036 0.590325 0.781779 0.200841
65.6994 2.13743 19.6313 0.591482 0.780757 0.201407
65.6152 2.13322 19.8964 0.592781 0.779983 0.200592
65.5283 2.12582 20.1776 0.590569 0.780147 0.206385
65.4432 2.11827 20.4477 0.588933 0.781138 0.207317
65.3776 2.11565 20.6428 0.588749 0.780945 0.208563
65.3071 2.11493 20.8462 0.592181 0.776542 0.215012
65.2294 2.11306 21.0589 0.592458 0.774035 0.223303
65.1428 2.11394 21.2816 0.587292 0.776898 0.226972
65.0345 2.11962 21.5434 0.587218 0.777208 0.226103
64.9268 2.1256 21.7995 0.584177 0.777716 0.232131
64.8202 2.12994 22.05 0.584339 0.776716 0.235075
64.7144 2.13293 22.2969 0.578417 0.778419 0.243906
64.6189 2.13065 22.5281 0.57851 0.777529 0.246527
64.5274 2.12546 22.7656 0.584536 0.774884 0.240566
64.4443 2.12052 22.983 0.581752 0.775595 0.244937
64.3664 2.1176 23.1733 0.578936 0.776525 0.24868
64.2069 2.11675 23.5416 0.576686 0.776296 0.254479
64.1119 2.11841 23.7495 0.570929 0.779927 0.25642
64.0102 2.12004 23.9688 0.571389 0.77826 0.260435
63.9118 2.11762 24.192 0.574033 0.77793 0.255498
63.7809 2.11037 24.5158 0.577991 0.774214 0.257786
63.6825 2.11029 24.7241 0.571148 0.774275 0.272558
63.5808 2.11435 24.9258 0.571011 0.776016 0.267806
63.4372 2.12358 25.2017 0.563055 0.780404 0.271917
63.3379 2.1257 25.4013 0.560844 0.782114 0.271559
63.1935 2.12599 25.6883 0.557434 0.780151 0.283959
63.0857 2.12633 25.8991 0.558266 0.779875 0.283077
62.9704 2.13012 26.1161 0.559336 0.778522 0.284687
62.8593 2.1346 26.3223 0.559333 0.778523 0.28469
62.737 2.13873 26.5479 0.556453 0.779545 0.287522
62.6351 2.13934 26.7409 0.556349 0.777925 0.292075
62.5071 2.14173 26.975 0.552654 0.779394 0.295158
62.3268 2.14412 27.2931 0.550319 0.774452 0.312047
62.1933 2.14258 27.5323 0.550191 0.775452 0.309771
62.0325 2.14424 27.8131 0.547814 0.777215 0.309576
61.9171 2.15056 28.0015 0.545828 0.778998 0.308587
61.7219 2.14251 28.3497 0.535765 0.779681 0.32412
61.5816 2.13415 28.6019 0.535238 0.779559 0.32528
61.4563 2.12894 28.8195 0.5364 0.778494 0.32591
61.3107 2.13272 29.0501 0.537345 0.776389 0.329363
61.1898 2.13892 29.2327 0.528899 0.779893 0.334548
61.0629 2.13918 29.4265 0.520735 0.783676 0.338653
60.9498 2.13536 29.61 0.521012 0.783958 0.337575
60.8184 2.13405 29.8178 0.52523 0.777395 0.345902
60.6747 2.13931 30.0176 0.524534 0.772971 0.356903
60.524 2.14655 30.222 0.522729 0.773551 0.358293
60.3828 2.15421 30.4147 0.521694 0.776686 0.352967
60.2547 2.1662 30.5761 0.519398 0.777582 0.35439
60.0918 2.20592 30.727 0.519305 0.77492 0.360304
59.8934 2.33182 30.7412 0.518081 0.775975 0.359798
59.7406 2.46634 30.6701 0.515153 0.780766 0.353551
59.5879 2.60262 30.5902 0.520297 0.780856 0.345768
59.4352 2.74114 30.5072 0.517654 0.783196 0.344418
59.293 2.86812 30.4298 0.515005 0.785542 0.343064
59.1496 2.99734 30.3494 0.510865 0.788675 0.34202
58.9779 3.14799 30.2554 0.510425 0.790808 0.337772
58.8324 3.27588 30.1734 0.504319 0.796926 0.332522
58.6705 3.41873 30.0766 0.505079 0.796533 0.332309
58.4701 3.59636 29.9552 0.505239 0.796967 0.331025
58.2718 3.77444 29.8292 0.502918 0.798183 0.331617
58.0939 3.93171 29.7123 0.49756 0.804678 0.323925
57.9235 4.08084 29.6036 0.4972 0.805187 0.323211
57.7442 4.23429 29.4951 0.494423 0.807057 0.322809
57.5492 4.39623 29.389 0.493069 0.809187 0.319504
57.3435 4.55967 29.2899 0.492364 0.810926 0.31619
57.1512 4.71119 29.2006 0.489634 0.811731 0.318354
56.927 4.887 29.0921 0.487619 0.815371 0.312086
56.7623 5.02013 28.9995 0.483683 0.818057 0.311182
56.591 5.16545 28.8824 0.483066 0.820628 0.30531
56.4396 5.28476 28.8004 0.483733 0.820958 0.303364
56.2827 5.41146 28.7077 0.482901 0.821703 0.302671
56.108 5.55827 28.5867 0.482064 0.822447 0.301984
55.9274 5.70802 28.4676 0.483032 0.822666 0.299825
55.7564 5.84584 28.3625 0.482356 0.824863 0.294846
55.5728 5.99165 28.2549 0.481245 0.825722 0.29425
55.4076 6.12135 28.16 0.480132 0.826581 0.293663
55.2446 6.24978 28.0656 0.482254 0.826002 0.291808
55.0649 6.39381 27.9544 0.482183 0.826558 0.290347
54.8927 6.53054 27.8511 0.481157 0.827429 0.289562
54.7335 6.6549 27.7591 0.481492 0.827696 0.288241
54.5266 6.81874 27.6354 0.4821 0.827856 0.286762
54.3649 6.94614 27.5384 0.481353 0.828619 0.285815
54.1941 7.07978 27.4376 0.478939 0.830198 0.285283
54.0197 7.21591 27.3332 0.478248 0.830953 0.284245
53.8443 7.35254 27.2287 0.474818 0.833994 0.281032
53.6977 7.46373 27.1431 0.472985 0.836572 0.276463
53.4628 7.64009 27.0112 0.472494 0.837667 0.273969
53.2632 7.78801 26.902 0.472808 0.838101 0.272104
53.0693 7.93079 26.7993 0.472323 0.838537 0.271599
52.8866 8.06213 26.7111 0.473552 0.838249 0.270346
52.7068 8.19265 26.6212 0.472276 0.839392 0.269019
52.5351 8.31756 26.5311 0.470997 0.840537 0.267694
52.373 8.43676 26.444 0.474314 0.839441 0.26526
52.2155 8.55349 26.355 0.473434 0.840178 0.264501
52.0588 8.6712 26.2615 0.472939 0.841216 0.262073
51.8933 8.79332 26.1664 0.471026 0.842327 0.261954
51.731 8.91371 26.0711 0.470901 0.842418 0.261886
51.5559 9.04406 25.9666 0.470775 0.842508 0.261822
51.3859 9.17346 25.8563 0.472996 0.841994 0.25946
51.2085 9.30061 25.7648 0.471673 0.843427 0.257207
51.024 9.43529 25.6616 0.472485 0.842957 0.257257
50.8724 9.54825 25.5702 0.47307 0.842801 0.256692
50.5955 9.753 25.4073 0.47253 0.844157 0.253189
50.3673 9.91949 25.2769 0.474417 0.844086 0.249891
50.2179 10.0303 25.1868 0.475334 0.843723 0.24938
50.0347 10.1653 25.0777 0.474004 0.844729 0.248503
49.7547 10.3708 24.9081 0.472733 0.847187 0.242477
49.5786 10.4975 24.8082 0.473429 0.846321 0.244136
49.4192 10.6137 24.716 0.475028 0.846218 0.241377
49.2612 10.7287 24.6239 0.475973 0.845524 0.241946
49.101 10.8466 24.5281 0.476914 0.844829 0.242522
48.9392 10.9648 24.4341 0.47598 0.844855 0.244256
48.7731 11.086 24.339 0.477078 0.844784 0.242358
48.6021 11.2092 24.2464 0.477309 0.844621 0.242469
48.4282 11.333 24.1577 0.477533 0.844459 0.242592
48.2561 11.4548 24.0713 0.477292 0.84377 0.245431
48.0901 11.573 23.9901 0.479486 0.842562 0.245317
47.9139 11.6991 23.901 0.480516 0.842171 0.244644
47.7637 11.808 23.822 0.481482 0.841486 0.245106
47.5873 11.9356 23.7302 0.482233 0.840645 0.246502
47.404 12.0739 23.6183 0.483848 0.84073 0.24303
47.2343 12.2032 23.5088 0.484156 0.840491 0.243244
47.0405 12.345 23.4052 0.48446 0.840253 0.24346
46.8337 12.4948 23.3008 0.486755 0.839143 0.242712
46.6549 12.6259 23.2068 0.487142 0.838814 0.243071
46.4741 12.7591 23.1093 0.487621 0.838886 0.24186
46.3119 12.8805 23.0157 0.488629 0.838364 0.241636
46.1621 12.994 22.925 0.48863 0.838363 0.241635
45.9788 13.1352 22.8076 0.489936 0.837175 0.243105
45.8065 13.2673 22.7006 0.490879 0.836718 0.242779
45.6387 13.396 22.5964 0.490909 0.836692 0.242804
45.4854 13.5139 22.4998 0.491527 0.836396 0.242572
45.3258 13.6389 22.3936 0.492578 0.835698 0.242848
45.1815 13.7531 22.2933 0.493289 0.835054 0.243618
45.0412 13.8648 22.1958 0.496178 0.833359 0.243557
44.9023 13.9754 22.1004 0.497522 0.832143 0.24496
44.7602 14.0899 22.0021 0.498874 0.830922 0.24636
44.6167 14.2046 21.9055 0.499481 0.829728 0.249113
44.4752 14.3199 21.8082 0.501556 0.827739 0.251573
44.3531 14.4295 21.691 0.502144 0.827172 0.252264
44.3708 14.4879 21.465 0.502926 0.826846 0.251774
44.4595 14.4979 21.254 0.503118 0.827089 0.25059
44.5569 14.502 21.0448 0.503412 0.827495 0.248646
44.6625 14.504 20.8224 0.50473 0.827009 0.247597
44.7787 14.4993 20.6014 0.505123 0.827443 0.245325
44.9186 14.4795 20.3784 0.504431 0.82841 0.243486
45.1054 14.4301 20.1597 0.50498 0.828955 0.240457
45.3465 14.3448 19.9451 0.504808 0.829838 0.237776
45.5236 14.2775 19.8045 0.504844 0.830223 0.236349
45.7098 14.2032 19.666 0.506148 0.830136 0.233855
45.8754 14.1348 19.5507 0.50732 0.829736 0.232728
46.0308 14.0729 19.4311 0.507885 0.829717 0.231563
46.2578 13.9799 19.2669 0.507288 0.830093 0.231524
46.4487 13.8999 19.1332 0.503938 0.832641 0.229618
46.6607 13.8175 18.9725 0.499126 0.835385 0.230231
46.8666 13.7396 18.8041 0.501942 0.834836 0.226061
47.0316 13.6809 18.6563 0.499086 0.836704 0.225476
47.3153 13.582 18.3934 0.49964 0.837018 0.22307
47.4616 13.5313 18.2555 0.500024 0.836862 0.222798
47.6151 13.4805 18.0999 0.501023 0.837453 0.218286
47.8332 13.4108 17.8664 0.501572 0.837511 0.216789
47.9674 13.3707 17.7104 0.500627 0.838375 0.215639
48.1065 13.3345 17.528 0.500946 0.838364 0.21494
48.22 13.3093 17.3616 0.500945 0.838364 0.214941
48.3492 13.2877 17.1463 0.497477 0.840597 0.214267
48.4679 13.268 16.946 0.499472 0.839275 0.214816
48.5841 13.2507 16.7437 0.500591 0.839366 0.211807
48.7088 13.2278 16.5365 0.499313 0.840819 0.20907
48.8296 13.2053 16.3385 0.501266 0.840701 0.204774
48.939 13.1878 16.1374 0.503207 0.840592 0.200468
49.0539 13.1693 15.9268 0.50251 0.841569 0.198083
49.164 13.1495 15.7282 0.503317 0.841769 0.195184
49.2711 13.1294 15.5392 0.504056 0.841178 0.195821
49.4062 13.0996 15.3167 0.504801 0.841206 0.193776
49.5402 13.0674 15.1074 0.501624 0.843531 0.19191
49.66 13.042 14.9056 0.501924 0.843329 0.192013
49.7818 13.0144 14.7086 0.503647 0.842701 0.190231
49.8935 12.9863 14.5344 0.50542 0.842355 0.18705
50.0158 12.9555 14.3426 0.507561 0.841455 0.185276
50.1485 12.9207 14.1307 0.51035 0.842007 0.174836
50.3063 12.8737 13.8961 0.512159 0.841121 0.173791
50.4589 12.8205 13.6976 0.514856 0.841088 0.165814
50.6279 12.7543 13.5084 0.515041 0.840988 0.165746
50.8013 12.6819 13.3341 0.516062 0.841209 0.161395
50.9847 12.603 13.1592 0.513971 0.842354 0.162075
51.1688 12.5239 12.9898 0.512299 0.843529 0.161273
51.3172 12.4595 12.8553 0.512298 0.84353 0.161273
51.5194 12.3706 12.6732 0.515516 0.842037 0.158793
51.7103 12.2859 12.5004 0.515986 0.842053 0.157177
51.8984 12.2026 12.3305 0.515206 0.842473 0.157488
52.0642 12.1281 12.1784 0.518237 0.842107 0.149281
52.223 12.0563 12.0297 0.519382 0.841501 0.148719
52.3745 11.9867 11.8902 0.522309 0.841723 0.136728
52.5311 11.913 11.7447 0.519796 0.843699 0.134108
52.6875 11.8388 11.6053 0.518949 0.844134 0.134643
52.8396 11.7674 11.4613 0.521168 0.844628 0.122426
53.0322 11.6755 11.2756 0.521158 0.844633 0.122427
53.2201 11.5862 11.0911 0.521391 0.844564 0.121912
53.4046 11.4973 10.9175 0.518822 0.84606 0.122461
53.5714 11.4178 10.7646 0.51642 0.847529 0.122495
53.7361 11.3395 10.6122 0.515284 0.848177 0.122787
53.8967 11.2635 10.459 0.51628 0.848468 0.116434
54.0551 11.1881 10.3066 0.513752 0.849896 0.117159
54.2173 11.1142 10.1337 0.512841 0.851023 0.112937
54.3762 11.0447 9.9357 0.514702 0.849964 0.112418
54.5465 10.9729 9.6873 0.518422 0.848473 0.106456
54.7145 10.9076 9.38964 0.519104 0.848076 0.106294
54.8131 10.8759 9.15536 0.521149 0.847022 0.104672
54.8987 10.8508 8.93289 0.520632 0.846898 0.108138
54.9648 10.8373 8.72729 0.522987 0.845275 0.109455
55.0448 10.8253 8.42884 0.525856 0.843778 0.107302
55.0974 10.8244 8.1767 0.525763 0.843942 0.106467
55.1264 10.8329 7.9518 0.536172 0.839362 0.0889311
55.1379 10.8497 7.69768 0.535874 0.840503 0.0799552
55.1456 10.8676 7.45766 0.535776 0.840763 0.0778063
55.1469 10.8883 7.17884 0.533976 0.843037 0.0644779
55.1391 10.9129 6.92196 0.53405 0.843026 0.0640083
55.1238 10.9376 6.71974 0.53321 0.843683 0.0623329
55.1017 10.9688 6.4871 0.533324 0.843631 0.0620675
55.0714 11.0041 6.26522 0.533312 0.843681 0.0614821
55.0487 11.0337 6.05706 0.534881 0.842745 0.0606849
55.0421 11.0528 5.85282 0.529384 0.846077 0.0625062
55.0335 11.0825 5.51566 0.528567 0.847005 0.0564379
55.0165 11.1106 5.23727 0.526823 0.848287 0.0535474
55.0075 11.1339 4.94389 0.52797 0.847851 0.0489401
54.9922 11.1601 4.65088 0.527631 0.848093 0.0484197
54.9735 11.1848 4.39262 0.530588 0.846654 0.0406449
54.9505 11.2143 4.0729 0.530293 0.846869 0.0400366
54.933 11.2377 3.80953 0.530235 0.846923 0.0396402
54.9205 11.2567 3.5693 0.530161 0.846988 0.039258
54.9176 11.2707 3.31792 0.534405 0.8444 0.0371392
54.9281 11.2743 3.06552 0.530482 0.84695 0.0355735
54.9444 11.274 2.82944 0.530479 0.846952 0.0355719
54.9643 11.2694 2.62479 0.530423 0.847121 0.0322087
54.9812 11.2664 2.42457 0.525953 0.850197 0.0228171
55.0139 11.2515 2.17904 0.52748 0.849356 0.0189707
55.0496 11.2349 1.92993 0.526994 0.849675 0.0181127
55.0777 11.2211 1.66616 0.526114 0.850338 0.0114042
55.1038 11.2084 1.41111 0.52616 0.850313 0.0111513
55.128 11.1973 1.11077 0.526828 0.849893 0.011564
55.1545 11.1833 0.855016 0.529818 0.848081 0.00719569
55.1757 11.1719 0.643628 0.524681 0.851264 0.00767383
55.1972 11.1604 0.440576 0.523771 0.85183 0.00699604
55.244 11.1345 0.0358228 0.524346 0.851489 0.00527666
55.2732 11.1181 -0.190687 0.525711 0.850651 0.00318694
55.2999 11.1016 -0.45445 0.525126 0.851024 -2.05528e-05
55.3282 11.0842 -0.726787 0.524927 0.851147 -0.000765922
55.3557 11.0663 -0.984291 0.52686 0.849942 -0.00412521
55.3842 11.0473 -1.23922 0.526257 0.850296 -0.00660992
55.4083 11.0303 -1.44097 0.527253 0.849625 -0.0115323
55.4468 11.0015 -1.73532 0.528898 0.848573 -0.0138092
55.482 10.9747 -2.0088 0.530919 0.847284 -0.0153453
55.5136 10.9491 -2.28682 0.53082 0.847276 -0.018803
55.5319 10.9332 -2.4875 0.533461 0.845647 -0.0169614
55.5445 10.9216 -2.68853 0.528284 0.848926 -0.0155213
55.5589 10.9074 -2.95267 0.528345 0.848753 -0.0216695
55.572 10.8924 -3.21829 0.527097 0.849548 -0.0208377
55.5864 10.8758 -3.47552 0.521619 0.852497 -0.0333338
55.6045 10.852 -3.77135 0.516933 0.855017 -0.0413311
55.6202 10.8308 -3.99128 0.517503 0.854468 -0.0455408
55.6393 10.8074 -4.23452 0.511466 0.857903 -0.0485825
55.6631 10.7779 -4.47153 0.512364 0.856999 -0.0550926
55.6904 10.7431 -4.73995 0.505658 0.860577 -0.0609761
55.7132 10.7135 -4.96659 0.502144 0.862679 -0.0601464
55.7367 10.6827 -5.2217 0.49935 0.864066 -0.0633853
55.7504 10.6579 -5.43588 0.499918 0.863385 -0.0681766
55.7675 10.6252 -5.72364 0.500046 0.86316 -0.0700466
55.7834 10.5956 -5.96815 0.50039 0.862826 -0.0717085
55.7986 10.5665 -6.21263 0.501548 0.861463 -0.0791722
55.8085 10.5376 -6.44229 0.503383 0.859714 -0.0865875
55.818 10.5093 -6.66808 0.503499 0.859539 -0.0876318
55.8237 10.4823 -6.89785 0.503615 0.859366 -0.0886678
55.8251 10.4605 -7.10076 0.505166 0.858374 -0.0894252
55.8166 10.4407 -7.33152 0.508972 0.855795 -0.0925316
55.8022 10.4272 -7.53499 0.508881 0.855967 -0.0914301
55.7776 10.4202 -7.7399 0.508796 0.856136 -0.090325
55.7445 10.4178 -7.94904 0.509618 0.8547 -0.0985305
55.6659 10.4218 -8.29335 0.509464 0.853676 -0.108078
55.5875 10.4273 -8.61391 0.508633 0.853947 -0.109849
55.516 10.4366 -8.84653 0.505465 0.854175 -0.122026
55.3986 10.4699 -9.10428 0.507649 0.852853 -0.122191
55.2695 10.516 -9.31567 0.507529 0.852672 -0.123954
55.0801 10.593 -9.57096 0.51031 0.851168 -0.122859
54.964 10.6401 -9.72934 0.513026 0.849549 -0.122766
54.8405 10.6931 -9.87916 0.513161 0.849606 -0.121801
54.701 10.7555 -10.036 0.515091 0.848698 -0.119972
54.5635 10.8195 -10.1741 0.515531 0.848463 -0.119744
54.4194 10.8883 -10.3078 0.515975 0.848227 -0.119503
54.2734 10.9596 -10.4319 0.515975 0.848227 -0.119507
54.124 11.0339 -10.5492 0.515971 0.848228 -0.119509
53.972 11.1106 -10.6602 0.515479 0.847851 -0.124219
53.8065 11.1948 -10.7732 0.516927 0.846822 -0.125218
53.6393 11.2811 -10.8802 0.516019 0.847304 -0.125696
53.4608 11.3739 -10.9851 0.515115 0.847784 -0.12617
53.2767 11.4693 -11.0911 0.516772 0.845341 -0.135404
53.0787 11.5768 -11.1833 0.523177 0.840699 -0.139684
52.8938 11.6767 -11.2748 0.523908 0.840249 -0.139645
52.6751 11.7932 -11.3871 0.519925 0.841382 -0.147493
52.4204 11.9277 -11.5176 0.523265 0.839131 -0.148443
52.2027 12.0432 -11.6325 0.524087 0.837749 -0.153325
51.9888 12.1552 -11.7516 0.52443 0.837525 -0.153378
51.7557 12.2753 -11.8923 0.524458 0.837391 -0.154012
51.5352 12.386 -12.0417 0.524461 0.837227 -0.154889
51.3391 12.4816 -12.1887 0.524599 0.837074 -0.155254
51.1491 12.5727 -12.3392 0.524482 0.837093 -0.155542
50.9571 12.6631 -12.4991 0.523728 0.83751 -0.155836
50.7704 12.7496 -12.6618 0.522028 0.837814 -0.159799
50.5863 12.8319 -12.829 0.524359 0.835675 -0.163389
50.4062 12.9117 -12.999 0.522479 0.835962 -0.16781
50.2293 12.9864 -13.1708 0.520527 0.836293 -0.172238
50.0909 13.0438 -13.3102 0.520528 0.836293 -0.172234
49.9087 13.1145 -13.5034 0.51561 0.837207 -0.182294
49.7813 13.1592 -13.6612 0.52051 0.834255 -0.181902
49.6582 13.2009 -13.8233 0.520538 0.834644 -0.180027
49.4562 13.2621 -14.1195 0.518034 0.835558 -0.182986
49.3241 13.3021 -14.3109 0.519327 0.83466 -0.18341
49.1045 13.3739 -14.6011 0.51787 0.83474 -0.187137
49.0664 13.3869 -14.6484 0.517874 0.834738 -0.187134
