134.043 2.1126 30.7253 0.063306 0.972471 0.224258
136.074 1.99365 30.8236 0.0242027 0.977576 0.209186
138.267 1.98457 30.7801 -0.000614173 0.976797 0.214166
139.337 2.28038 29.3176 0.0135002 0.982647 0.184995
139.712 2.63633 27.1817 0.00643764 0.989901 0.141616
140.03 2.9111 25.2167 -0.00276496 0.989993 0.141088
140.405 3.10961 23.2507 -0.00800706 0.998503 0.054107
140.723 3.2148 21.0821 -0.0178915 0.998891 0.0435545
140.994 3.29654 18.9622 -0.0154577 0.999661 0.0209366
141.323 3.26083 16.8385 -0.0248064 0.998862 -0.0407353
141.579 3.17172 14.769 -0.0260285 0.998057 -0.0566138
141.822 3.02288 12.7586 -0.03088 0.993644 -0.108249
142.007 2.78058 10.7432 -0.0311862 0.991166 -0.128883
142.081 2.49217 8.6134 -0.0203523 0.98879 -0.147919
142.224 2.10617 6.45635 -0.0163999 0.980914 -0.19375
140.959 1.92121 5.69154 -0.0287655 0.976452 -0.213807
138.82 1.88238 5.75753 -0.00251626 0.977017 -0.212766
137.41 2.07834 6.50709 0.0313961 0.97838 -0.204398
137.264 2.42936 8.50517 0.0419639 0.989712 -0.13678
137.145 2.70442 10.543 0.0459808 0.990558 -0.129157
136.947 2.96905 12.5896 0.0360225 0.994123 -0.102087
136.781 3.165 14.727 0.0321478 0.996745 -0.0736528
136.509 3.29025 16.7071 0.0420405 0.9978 -0.0512711
136.195 3.37354 18.8675 0.0277304 0.999435 -0.0190177
135.939 3.36432 20.8809 0.0689325 0.995902 0.0585388
135.633 3.23802 22.9456 0.057806 0.994947 0.0820905
135.214 3.05507 24.9034 0.0454795 0.991102 0.125091
134.811 2.7859 26.9431 0.054634 0.987022 0.151007
134.362 2.45534 29.0763 0.0558185 0.978784 0.197145
134.064 2.15914 30.5178 0.0635495 0.972412 0.224448
129.195 2.64846 29.6145 0.0698749 0.98302 0.169673
128.728 2.16988 31.7144 0.064869 0.960478 0.270692
128.205 1.64323 33.6101 0.0357485 0.95688 0.28825
127.677 1.04505 35.6052 0.0355221 0.953267 0.300033
129.137 0.852187 36.0613 0.0262245 0.954651 0.296569
131.241 0.846167 35.8887 0.0325381 0.954256 0.297214
133.386 0.826852 35.7325 0.035089 0.95664 0.289152
135.477 0.81269 35.6632 0.0132874 0.961224 0.275429
137.493 0.77674 35.6627 0.0234378 0.957064 0.288927
139.548 0.759155 35.5284 0.0230923 0.953587 0.300196
141.67 0.798072 35.2798 0.0138915 0.942745 0.333226
143.32 1.08145 34.4249 0.0137478 0.941413 0.336976
143.785 1.65029 32.4816 -0.0182902 0.972947 0.230295
144.137 2.06935 30.5499 -0.0149918 0.983669 0.179341
144.533 2.433 28.522 -0.00935588 0.985238 0.170933
144.947 2.80482 26.3871 -0.0155982 0.985797 0.167215
145.331 3.10143 24.4166 -0.0258277 0.991501 0.127513
145.635 3.2741 22.4236 -0.0366123 0.998163 0.0482761
145.923 3.35958 20.3617 -0.0345994 0.999248 0.0173042
146.17 3.387 18.3483 -0.0244968 0.999688 0.00477741
146.476 3.38777 16.1853 -0.0347204 0.999356 -0.00906414
146.712 3.34758 14.1963 -0.0490173 0.9977 -0.0467914
146.902 3.18232 12.1653 -0.048775 0.991669 -0.118925
146.988 2.88979 10.1073 -0.0371428 0.987256 -0.154745
147.119 2.55302 8.05289 -0.0331832 0.985681 -0.165325
147.227 2.21755 6.08389 -0.0463097 0.982748 -0.179058
147.33 1.8242 4.11362 -0.0461345 0.969366 -0.241251
147.34 1.29135 2.14698 -0.0347734 0.957834 -0.28521
146.831 0.778637 0.490539 -0.0354929 0.957548 -0.286082
144.807 0.733237 0.577509 -0.0287402 0.959285 -0.280954
142.744 0.732906 0.737967 -0.0195669 0.95991 -0.279623
140.711 0.733439 0.881371 -0.0193754 0.959371 -0.281482
138.546 0.716895 0.893854 0.00727205 0.960876 -0.276883
136.471 0.722364 0.797103 0.0255595 0.955249 -0.294695
134.397 0.757863 0.72692 0.0278756 0.954791 -0.295967
132.542 0.921245 1.07205 0.027518 0.95365 -0.299638
132.518 1.53085 3.08938 0.0407194 0.964408 -0.261242
132.445 1.99463 5.13227 0.047719 0.980132 -0.192519
132.346 2.37329 7.14941 0.0296858 0.98546 -0.167297
132.204 2.71076 9.15082 0.0326054 0.986652 -0.159541
132.089 3.01999 11.1619 0.046149 0.991427 -0.122237
131.914 3.21183 13.161 0.0589782 0.994497 -0.0865838
131.677 3.39357 15.1535 0.0507553 0.996171 -0.0708698
131.395 3.52951 17.1538 0.0414998 0.997392 -0.0590545
131.128 3.63249 19.166 0.0685565 0.997488 -0.0178481
130.876 3.65257 21.2026 0.070858 0.996113 0.0523326
130.487 3.48304 23.3404 0.06561 0.99132 0.113927
130.049 3.24393 25.451 0.0451251 0.989958 0.133966
129.654 2.9882 27.4177 0.0603405 0.98724 0.147317
129.235 2.67934 29.4193 0.0685375 0.982738 0.171822
129.222 2.66935 29.4825 0.0698743 0.983021 0.16967
