133.84 5.8485 -31.2512 0.0319011 0.701894 -0.711567
135.87 5.5805 -31.4566 0.0104229 0.698976 -0.71507
137.933 5.60391 -31.4063 0.00933113 0.698774 -0.71528
139.079 6.43795 -30.547 0.0018642 0.726385 -0.687286
139.316 7.83148 -29.0498 -0.00225175 0.730695 -0.682693
139.645 9.24755 -27.5374 -0.00218207 0.746627 -0.665239
139.934 10.6255 -25.9035 -0.0121359 0.780426 -0.625131
140.2 11.8347 -24.3027 -0.0213425 0.800208 -0.599342
140.463 13.0519 -22.6762 -0.0130198 0.807403 -0.589857
140.685 14.2181 -20.9757 -0.0291525 0.841308 -0.53976
140.904 15.3715 -19.1472 -0.0320813 0.848479 -0.528256
141.11 16.4375 -17.4078 -0.0082968 0.865954 -0.500048
140.183 16.9382 -16.4844 -0.00901514 0.881404 -0.472254
138.098 16.9452 -16.585 0.039205 0.888583 -0.457037
136.487 16.6661 -17.2385 0.0459642 0.879579 -0.473527
136.206 15.6404 -18.9613 0.059583 0.839511 -0.540066
135.927 14.5779 -20.633 0.0549214 0.836628 -0.545011
135.613 13.4875 -22.3163 0.0555582 0.821751 -0.567132
135.338 12.2481 -23.979 0.0654445 0.788555 -0.611471
135.049 11.0567 -25.5716 0.082344 0.795204 -0.600714
134.725 9.76624 -27.2005 0.0552291 0.730361 -0.680604
134.399 8.36302 -28.6757 0.0615583 0.713528 -0.697917
134.047 6.95425 -30.1355 0.0481685 0.70977 -0.702784
133.85 5.93929 -31.161 0.0319062 0.702364 -0.711102
128.855 6.78189 -30.9009 0.134288 0.749576 -0.648153
128.546 5.35211 -32.322 0.0548405 0.616807 -0.785201
128.201 3.6596 -33.5909 0.0237398 0.593191 -0.804712
128.002 2.0426 -34.7894 0.0224954 0.595057 -0.803369
130.058 1.97568 -34.8149 -0.00536356 0.630138 -0.776335
132.123 1.97789 -34.858 -0.0169346 0.653656 -0.756602
134.244 1.97346 -34.8902 0.00695304 0.659215 -0.751921
136.288 1.94466 -34.8749 0.0133708 0.666235 -0.74562
138.324 1.94781 -34.8525 0.00484277 0.669797 -0.742528
140.459 1.94633 -34.8435 0.000221269 0.662205 -0.749315
142.482 1.96002 -34.8417 -0.00943 0.651968 -0.758188
143.423 3.02642 -33.9364 -0.00943822 0.65196 -0.758195
143.774 4.4644 -32.5853 -0.0124643 0.709362 -0.704734
144.049 5.92625 -31.1195 -0.0160695 0.712971 -0.701009
144.305 7.33674 -29.6614 -0.0141455 0.720739 -0.693062
144.627 8.78085 -28.1334 -0.048929 0.746653 -0.663411
144.909 10.1609 -26.5661 -0.0540186 0.757134 -0.651023
145.227 11.5184 -24.9016 -0.0253985 0.803403 -0.594893
145.546 12.7298 -23.274 -0.0240639 0.804072 -0.594045
145.732 13.9134 -21.6432 -0.0318113 0.828706 -0.55878
145.895 15.0781 -19.9114 -0.0426712 0.829263 -0.557228
146.221 16.1606 -18.0918 -0.0402976 0.877639 -0.477625
146.407 17.1019 -16.3036 -0.017804 0.890611 -0.454418
146.589 18.0144 -14.5221 -0.0180775 0.890732 -0.454169
146.784 18.9629 -12.664 -0.0323524 0.896439 -0.441959
144.965 19.0907 -12.2226 -0.0355587 0.921786 -0.386009
142.877 19.0733 -12.0925 -0.0212335 0.92361 -0.382744
140.858 19.0992 -11.9323 -0.0223156 0.939039 -0.34308
138.817 19.0638 -11.9371 -0.00144157 0.933038 -0.359735
136.801 19.0535 -12.1186 0.0316967 0.931583 -0.362144
134.738 19.0453 -12.3124 0.0303465 0.930708 -0.364501
132.686 19.0693 -12.4724 0.0506617 0.934381 -0.352651
131.834 18.5851 -13.8887 0.0529583 0.934768 -0.35129
131.613 17.8221 -15.7921 0.094661 0.891195 -0.443195
131.396 16.8695 -17.5419 0.060225 0.82956 -0.55516
131.125 15.7734 -19.2213 0.0476968 0.843533 -0.534944
130.812 14.7225 -20.9879 0.122765 0.86025 -0.494636
130.543 13.7743 -22.7545 0.127657 0.862869 -0.489041
130.238 12.5651 -24.5013 0.166072 0.75943 -0.629036
129.933 11.2545 -26.0595 0.104481 0.723322 -0.682561
129.622 9.83842 -27.5137 0.0446702 0.710849 -0.701924
129.283 8.40055 -28.9888 0.0751092 0.714355 -0.695614
128.919 7.04896 -30.5784 0.132222 0.752528 -0.64515
128.906 6.99399 -30.6449 0.133248 0.750088 -0.647774
128.876 6.86682 -30.7982 0.134284 0.749579 -0.64815
