128.16 4.47019 -42.6153 -0.00249828 0.579313 -0.815098
130.14 4.34065 -42.6736 0.0204577 0.591488 -0.806054
132.194 4.27663 -42.6756 0.000994363 0.595421 -0.803411
134.214 4.19295 -42.7729 -0.0212697 0.597556 -0.801545
136.258 4.20875 -42.8215 -0.0294187 0.598787 -0.800368
138.279 4.39172 -42.7676 -0.0340408 0.602813 -0.797156
138.709 5.98669 -41.5581 -0.0324017 0.615402 -0.787547
139.101 7.56609 -40.34 -0.0317319 0.615247 -0.787696
139.452 9.21223 -39.0254 -0.00974609 0.6508 -0.759172
139.861 10.855 -37.6407 -0.00227475 0.641792 -0.766875
140.162 12.3732 -36.3641 0.00801995 0.648497 -0.761173
140.473 13.8067 -35.0009 0.0502476 0.700176 -0.712197
140.83 15.2642 -33.5884 0.0246482 0.691417 -0.722031
140.363 16.3159 -32.5656 0.0443856 0.715261 -0.697429
138.345 16.2759 -32.7268 0.0564923 0.699303 -0.712586
136.275 16.2376 -32.9339 0.0618957 0.693601 -0.717695
134.215 16.187 -33.134 0.0369943 0.681125 -0.731228
132.048 16.1398 -33.2784 0.0336973 0.681053 -0.731458
130.654 15.5065 -33.9634 0.0801847 0.69592 -0.71317
130.307 13.917 -35.297 0.0521387 0.603432 -0.795611
129.928 12.3526 -36.5214 0.0420351 0.612319 -0.789493
129.541 10.763 -37.7687 0.0290943 0.609631 -0.792151
129.13 9.17983 -39.0153 0.0216291 0.618306 -0.78564
128.803 7.5252 -40.3207 0.0144555 0.61781 -0.786195
128.398 5.96706 -41.5234 0.019118 0.594075 -0.804183
128.161 4.48109 -42.6076 0.00389841 0.579551 -0.814897
124.69 4.93143 -42.3298 0.0484833 0.53628 -0.842647
124.306 3.17112 -43.495 0.0296013 0.558683 -0.828853
124.14 1.5588 -44.6045 -0.0107233 0.573666 -0.819019
126.144 1.51379 -44.6711 -0.0145163 0.575957 -0.817351
128.304 1.52058 -44.7047 -0.0145213 0.575959 -0.81735
130.439 1.51893 -44.7282 0.00954985 0.582287 -0.812927
132.483 1.4578 -44.7671 -0.0185521 0.597349 -0.801766
134.547 1.45909 -44.8256 -0.0275319 0.598444 -0.800691
136.574 1.49214 -44.8645 -0.0112682 0.584252 -0.811494
138.636 1.49864 -44.8789 -0.00538776 0.558786 -0.829294
140.667 1.50565 -44.8842 -0.00368364 0.55776 -0.829994
141.484 2.79515 -44.0212 -0.00452606 0.557773 -0.829981
141.834 4.54349 -42.8024 -0.0259853 0.59661 -0.802046
142.235 6.14322 -41.5804 -0.0324196 0.616596 -0.786612
142.606 7.74541 -40.3394 -0.0277177 0.617621 -0.785987
142.968 9.27484 -39.0296 -0.0101824 0.677604 -0.735357
143.323 10.8123 -37.6799 0.0206107 0.650383 -0.759327
143.65 12.3099 -36.3027 -0.00164796 0.675575 -0.737289
143.987 13.7556 -34.9571 0.0420086 0.703096 -0.709582
144.318 15.124 -33.5132 0.0569682 0.721045 -0.690543
144.681 16.5692 -31.9736 0.0570364 0.721216 -0.690358
145.018 17.9666 -30.4948 0.0398801 0.713819 -0.699193
144.13 18.7345 -29.7649 0.0480685 0.714717 -0.697652
142.13 18.7415 -29.9149 0.0570125 0.721206 -0.690371
139.934 18.7309 -30.0993 0.0504613 0.718442 -0.693754
137.841 18.7299 -30.3009 0.0779068 0.712775 -0.697053
135.853 18.7306 -30.5216 0.076836 0.711913 -0.698052
133.76 18.7103 -30.7571 0.0706757 0.69928 -0.711346
131.697 18.679 -30.932 0.039282 0.680963 -0.731264
129.571 18.6788 -31.0665 0.0491181 0.679684 -0.731858
127.848 18.3459 -31.5522 0.133474 0.731247 -0.668926
127.474 17.04 -33.101 0.172552 0.715394 -0.677079
127.132 15.5549 -34.4088 0.0852294 0.585924 -0.805871
126.793 13.9701 -35.619 0.0854245 0.59599 -0.798435
126.393 12.4183 -36.8204 0.0901202 0.595126 -0.798563
126.028 10.85 -38.0407 0.118012 0.594301 -0.795537
125.661 9.26636 -39.2921 0.127774 0.597839 -0.791367
125.323 7.70267 -40.4932 0.0843192 0.576006 -0.813085
124.91 6.0675 -41.5911 0.0526758 0.536786 -0.842073
124.711 5.03915 -42.26 0.0484827 0.53628 -0.842647
130.388 6.77123 -40.8743 0.0227825 0.601553 -0.798508
132.566 6.74955 -40.8442 0.00846922 0.601683 -0.79869
134.639 6.7602 -40.8582 -0.0135182 0.608804 -0.793206
136.687 6.7745 -40.8774 -0.0141216 0.610661 -0.791766
137.099 6.77858 -40.8828 -0.0183277 0.60984 -0.792312
137.693 9.44617 -38.8142 -0.00629004 0.628841 -0.777508
135.682 9.43781 -38.8011 -0.0124346 0.613475 -0.789616
133.647 9.42304 -38.7806 -0.0122876 0.613515 -0.789587
131.572 9.42208 -38.7784 0.0137995 0.617991 -0.786064
131.024 9.42699 -38.7846 0.0144837 0.617983 -0.786058
131.62 12.0814 -36.6917 0.00352777 0.61814 -0.78606
133.624 12.09 -36.7064 -0.00692188 0.617547 -0.786504
135.744 12.0643 -36.6792 0.032549 0.650661 -0.758671
137.763 12.035 -36.6471 -0.00109885 0.641977 -0.766723
138.323 12.0353 -36.6483 -0.00224043 0.64181 -0.76686
138.751 14.5485 -34.3962 0.0521157 0.700597 -0.711651
136.664 14.6115 -34.4623 0.0381578 0.666751 -0.744303
134.514 14.6594 -34.5142 0.0367507 0.652594 -0.756816
132.53 14.7065 -34.5664 0.0326687 0.656395 -0.75371
132.386 14.7094 -34.5696 0.0336784 0.653654 -0.756044
