132.528 2.94422 36.8165 0.0457227 0.94553 0.322309
134.621 2.83206 36.8275 0.0433945 0.949017 0.312224
136.658 2.79624 36.8523 -0.000828736 0.951079 0.308948
137.867 3.22848 35.5176 0.00472902 0.953511 0.301322
138.35 3.77334 33.5919 0.0205366 0.968909 0.246484
138.753 4.2635 31.615 -0.00860344 0.970143 0.242382
139.244 4.74399 29.6073 0.00331728 0.978756 0.204958
139.651 5.10844 27.648 0.00148194 0.987938 0.154841
140.018 5.42088 25.5353 -0.00536499 0.989628 0.143556
140.354 5.65316 23.3558 -0.0139732 0.998238 0.0576569
140.633 5.76096 21.3625 -0.0174051 0.998624 0.0494705
140.903 5.86064 19.2895 -0.00973584 0.999431 0.0321231
141.226 5.84805 17.1016 -0.0308601 0.999012 -0.0319822
141.556 5.77731 15.0543 -0.031781 0.998347 -0.0478817
141.76 5.65474 12.962 -0.0282863 0.996454 -0.0790017
141.875 5.40266 10.8812 -0.0411061 0.990862 -0.128461
142.039 5.13789 8.83003 -0.0361205 0.990096 -0.13565
142.201 4.76148 6.67908 -0.0204535 0.978868 -0.203466
142.362 4.32627 4.67036 -0.0354637 0.972405 -0.230587
142.292 3.8295 2.67221 -0.0239121 0.968352 -0.248442
142.265 3.28797 0.645263 -0.0261989 0.958794 -0.282861
142.026 2.6968 -1.21885 -0.0278986 0.952367 -0.303676
139.905 2.63141 -1.23862 -0.0105027 0.953384 -0.301577
137.778 2.66409 -1.2071 0.0234661 0.952032 -0.305099
137.572 3.25046 0.61106 0.0240165 0.954094 -0.298543
137.59 3.80696 2.69572 0.0359881 0.970301 -0.239164
137.505 4.2722 4.67323 0.0428761 0.97323 -0.225797
137.433 4.72514 6.65992 0.0304187 0.976414 -0.213755
137.333 5.06933 8.67134 0.047603 0.989639 -0.13546
137.202 5.34278 10.6639 0.0508221 0.99 -0.131592
136.958 5.60285 12.6873 0.0294096 0.994226 -0.1032
136.798 5.78579 14.863 0.0284332 0.996879 -0.0736432
136.532 5.90452 16.9273 0.0436291 0.997959 -0.0466217
136.201 5.96122 19.08 0.0272368 0.999582 -0.00965583
135.991 5.93094 21.0709 0.0622905 0.99597 0.064527
135.583 5.79599 23.1436 0.0514207 0.994223 0.0942132
135.224 5.59273 25.1921 0.0397898 0.992256 0.117664
134.865 5.31248 27.1483 0.0572177 0.985363 0.160578
134.445 4.98435 29.1463 0.0587615 0.980585 0.186844
133.899 4.52756 31.2665 0.0678336 0.967185 0.24485
133.438 4.03675 33.2212 0.0440814 0.96114 0.27252
132.958 3.48483 35.127 0.0536692 0.948914 0.310938
132.547 2.98087 36.7063 0.0457213 0.945531 0.322305
127.672 3.62001 35.6271 0.0559634 0.950211 0.306526
127.071 2.94975 37.6549 0.0711411 0.936634 0.343008
126.523 2.26307 39.6452 0.074524 0.924796 0.373094
125.926 1.45206 41.4012 0.0185127 0.890436 0.454732
127.343 1.1694 41.8947 0.0237981 0.893862 0.447703
129.345 1.12309 41.7683 0.0658869 0.911261 0.406522
131.383 1.05898 41.6196 0.0523838 0.912456 0.405808
133.476 1.02839 41.4514 0.029486 0.916843 0.398133
135.532 1.01258 41.4778 -0.0124168 0.922733 0.385239
137.536 1.02212 41.5097 -0.0098735 0.919999 0.391796
139.567 1.08908 41.4295 -0.0157969 0.920536 0.390339
141.514 1.2202 41.2051 -0.0165187 0.921859 0.387161
142.015 1.91616 39.3932 0.00416969 0.945333 0.326075
142.485 2.56412 37.552 -0.0131748 0.942998 0.332538
142.964 3.22236 35.6917 -0.0208833 0.947809 0.31802
143.442 3.79926 33.7752 -0.0390442 0.967106 0.251359
143.906 4.30922 31.8637 -0.0284212 0.970558 0.239185
144.357 4.76313 29.7899 -0.0278811 0.981219 0.190865
144.702 5.14207 27.7692 -0.0169224 0.985817 0.166961
145.111 5.47616 25.699 -0.0275125 0.989765 0.140011
145.46 5.73303 23.7131 -0.0306084 0.996153 0.0820836
145.713 5.86103 21.7045 -0.0353258 0.997901 0.0542766
145.95 5.94504 19.7075 -0.0379539 0.998944 0.0259011
146.253 5.96839 17.6271 -0.0304365 0.999529 -0.00379613
146.519 5.9649 15.5993 -0.0368376 0.999283 -0.00803017
146.754 5.89104 13.5878 -0.0475092 0.996749 -0.0650704
146.907 5.73042 11.5313 -0.0595311 0.991042 -0.119551
146.983 5.44618 9.53112 -0.0484152 0.986838 -0.154296
147.187 5.11434 7.47238 -0.0430166 0.98463 -0.169271
147.312 4.74453 5.44122 -0.0593721 0.979643 -0.191767
147.341 4.28452 3.35414 -0.0709482 0.964699 -0.253471
147.287 3.72439 1.43498 -0.0563533 0.95382 -0.295012
147.3 3.08516 -0.527066 -0.0445245 0.949332 -0.311105
147.305 2.44612 -2.53231 -0.0322343 0.952544 -0.302689
147.289 1.80404 -4.48824 -0.0422663 0.940786 -0.336274
146.76 1.13781 -6.04789 -0.022319 0.885009 -0.465039
144.654 1.0857 -6.0241 -0.036865 0.899556 -0.435241
142.557 1.04311 -5.99139 -0.0167207 0.918294 -0.395547
140.428 1.0244 -5.92988 -0.0216948 0.929421 -0.368382
138.386 1.0218 -5.93039 0.0170221 0.931979 -0.362113
136.38 1.05389 -5.94423 0.0246212 0.931051 -0.364056
134.361 1.1136 -5.9257 0.0358655 0.919701 -0.390979
132.48 1.32102 -5.52533 0.0286945 0.922229 -0.385404
132.549 2.05006 -3.47072 0.012194 0.953944 -0.299717
132.547 2.68607 -1.4903 0.0159767 0.950592 -0.310024
132.558 3.34969 0.494697 0.0343314 0.946873 -0.319771
132.567 3.97166 2.40933 0.0685876 0.956455 -0.283699
132.508 4.45773 4.37808 0.0625865 0.979197 -0.193021
132.394 4.87702 6.36373 0.0542243 0.97941 -0.19433
132.339 5.25714 8.51683 0.0318084 0.98625 -0.162156
132.141 5.57624 10.5267 0.0542414 0.989588 -0.133318
131.974 5.78212 12.6128 0.0554897 0.99572 -0.0738727
131.777 5.95545 14.6488 0.0520668 0.995475 -0.0794914
131.489 6.10746 16.7087 0.0417819 0.997371 -0.0592039
131.222 6.21389 18.7559 0.0712015 0.997327 -0.0164196
130.977 6.22842 20.7726 0.0712106 0.997048 0.0274261
130.595 6.10595 22.822 0.063734 0.992407 0.105185
130.218 5.89656 24.8304 0.0530332 0.990314 0.128319
129.808 5.63835 26.87 0.051528 0.988651 0.141093
129.318 5.3161 28.9538 0.0666289 0.981752 0.178111
128.888 4.94829 30.9668 0.0782373 0.96641 0.244808
128.373 4.39819 33.0177 0.0616781 0.956235 0.285931
127.864 3.84608 34.882 0.0504935 0.952484 0.300375
127.735 3.69461 35.3818 0.0567226 0.951047 0.303797
127.683 3.63221 35.5869 0.0567243 0.951047 0.303797
