100.442 4.71061 89.823 0.115195 0.638216 0.76119
101.521 5.96234 88.6071 0.114933 0.639995 0.759734
102.663 7.24997 87.3514 0.109317 0.641473 0.759316
103.704 8.53492 86.1159 0.107403 0.644549 0.756982
104.802 9.86601 84.8032 0.102685 0.655596 0.748097
105.859 11.1213 83.5601 0.100298 0.654882 0.749046
106.891 12.3418 82.3551 0.0984825 0.655267 0.748949
107.925 13.6736 81.0239 0.113023 0.664541 0.738655
108.889 14.9302 79.7541 0.105184 0.663753 0.740519
109.827 16.1786 78.4731 0.121567 0.676847 0.726014
110.818 17.4559 77.11 0.119783 0.678474 0.724791
111.532 18.8094 75.7292 0.109989 0.682877 0.722206
111.808 20.2685 74.2992 0.108686 0.688689 0.716865
111.461 21.7477 72.9221 0.115705 0.693602 0.711005
110.935 23.1778 71.6088 0.116067 0.694502 0.710067
110.298 24.626 70.2979 0.11878 0.695371 0.708767
110.197 25.5785 69.377 0.116659 0.697486 0.707039
111.754 24.3994 70.2803 0.11485 0.695379 0.709406
113.305 23.2961 71.1103 0.114968 0.695364 0.709402
114.79 22.1902 71.9593 0.110074 0.694617 0.710907
116.297 21.0903 72.8175 0.0960107 0.693673 0.713863
117.867 19.9906 73.6618 0.0951867 0.686979 0.720416
119.335 18.9 74.5219 0.0868458 0.68941 0.719147
120.916 17.7153 75.4678 0.0870464 0.688814 0.719693
122.544 16.7259 76.2186 0.0758276 0.684506 0.725048
122.124 15.4349 77.4926 0.0819783 0.685028 0.723889
121.289 14.1227 78.8366 0.0898323 0.685781 0.722243
120.452 12.8439 80.1369 0.0776444 0.677558 0.731357
119.636 11.4918 81.4639 0.0785836 0.671477 0.736847
118.745 10.0953 82.8025 0.0776383 0.663912 0.743769
117.848 8.76098 84.0954 0.081988 0.66273 0.744356
116.984 7.4141 85.3787 0.0785664 0.658367 0.748586
116.11 6.09067 86.627 0.089567 0.649989 0.754647
115.216 4.78688 87.8558 0.0905414 0.649577 0.754886
113.229 4.57944 88.2725 0.0899475 0.649048 0.755411
111.19 4.56947 88.5235 0.0899137 0.648686 0.755726
109.111 4.59741 88.7519 0.0938126 0.643228 0.759905
106.979 4.58209 89.0397 0.0997781 0.643319 0.759068
104.98 4.56369 89.3191 0.100111 0.643939 0.758499
102.995 4.55884 89.5852 0.100101 0.643931 0.758507
100.964 4.6024 89.8346 0.1152 0.638324 0.761099
100.604 4.65948 89.8412 0.115173 0.638217 0.761193
100.949 1.602 92.326 0.110556 0.632422 0.766694
103.078 1.56903 92.0545 0.10641 0.631826 0.767771
105.177 1.57849 91.7583 0.105079 0.629278 0.770044
107.222 1.5716 91.4893 0.102142 0.628594 0.770997
109.261 1.57382 91.2288 0.0941092 0.62866 0.771965
111.286 1.56952 91.0047 0.0840074 0.627131 0.774371
113.424 1.58496 90.7608 0.0826483 0.62896 0.773032
115.467 1.58067 90.5475 0.0809674 0.63161 0.771047
117.438 1.649 90.2864 0.0784465 0.636981 0.766863
118.491 2.93552 89.0659 0.090181 0.650725 0.753939
119.346 4.26448 87.8253 0.0844814 0.645875 0.758755
120.236 5.62471 86.5797 0.0565399 0.646557 0.760768
121.116 7.0124 85.3366 0.0443212 0.657167 0.752441
122.018 8.38769 84.0397 0.0468868 0.675043 0.736287
122.889 9.71243 82.7674 0.0533701 0.673963 0.736834
123.725 11.0575 81.4848 0.0564632 0.672859 0.737609
124.559 12.3494 80.1975 0.0654981 0.688014 0.722735
125.427 13.7512 78.7877 0.063528 0.68754 0.723362
126.288 15.1651 77.3682 0.0635009 0.687537 0.723368
127.105 16.4991 76.0286 0.0634536 0.68763 0.723283
127.942 17.8382 74.6458 0.0660612 0.723489 0.687167
127.339 18.6038 73.8953 0.070517 0.729034 0.680835
125.309 18.7101 73.9808 0.0669537 0.722795 0.687811
123.5 19.6226 73.2618 0.0972659 0.699959 0.707528
122.029 20.7088 72.3926 0.0985264 0.700166 0.707149
120.44 21.8649 71.4684 0.102103 0.703055 0.703768
118.936 22.922 70.6321 0.107276 0.703569 0.702483
117.426 24.0539 69.7275 0.103607 0.70366 0.702939
115.863 25.1618 68.8592 0.111969 0.703815 0.701503
114.308 26.282 67.9924 0.123064 0.70198 0.701484
112.75 27.4539 67.1032 0.128827 0.698417 0.704001
111.296 28.5896 66.2294 0.116615 0.696644 0.707876
109.859 29.691 65.3765 0.11488 0.701602 0.703248
108.309 30.8047 64.4904 0.106088 0.707644 0.698559
106.713 31.9409 63.5847 0.110269 0.706927 0.698638
105.149 33.0488 62.7225 0.117606 0.705507 0.698877
103.64 34.1841 61.832 0.118182 0.705036 0.699255
102.272 35.0526 61.1888 0.119306 0.70427 0.699835
102.836 33.6239 62.5328 0.118107 0.705211 0.699091
103.393 32.1613 63.9134 0.116549 0.704241 0.700329
103.916 30.7514 65.2483 0.114088 0.705678 0.699286
104.443 29.2284 66.7079 0.118169 0.710426 0.69378
104.961 27.8195 68.0558 0.124073 0.704248 0.699021
105.597 26.361 69.3906 0.128547 0.698562 0.703909
106.237 24.9227 70.7023 0.12917 0.699676 0.702686
106.925 23.3825 72.1024 0.134397 0.69343 0.707879
107.503 21.9208 73.4203 0.122462 0.693124 0.710339
107.989 20.434 74.7787 0.125174 0.68584 0.716906
107.368 19.0227 76.2198 0.121208 0.67865 0.724392
106.437 17.7834 77.5349 0.11821 0.678223 0.725286
105.501 16.5115 78.8595 0.119504 0.665673 0.736612
104.506 15.2409 80.1387 0.0989609 0.653331 0.750561
103.471 13.9281 81.4173 0.100897 0.656493 0.747553
102.409 12.6803 82.6801 0.130025 0.655999 0.743478
101.322 11.4118 84.0007 0.136843 0.657058 0.741316
100.298 10.2073 85.2411 0.126253 0.644265 0.75431
99.2408 8.94804 86.4571 0.115699 0.635547 0.763344
98.1678 7.72647 87.6368 0.114351 0.637228 0.762144
97.0926 6.50525 88.8204 0.113632 0.638691 0.761027
95.9838 5.30902 90.0059 0.136173 0.639975 0.756233
94.7542 4.0325 91.252 0.127776 0.615153 0.777984
93.556 2.7453 92.4604 0.106225 0.619765 0.777565
92.908 1.59209 93.4695 0.0996248 0.625247 0.774042
94.9348 1.60222 93.1954 0.10711 0.628998 0.769993
97.0136 1.58935 92.9113 0.111305 0.631693 0.767186
99.0244 1.5678 92.6351 0.112212 0.631794 0.766971
100.776 1.60504 92.3486 0.110432 0.632323 0.766793
105.819 8.15989 86.1555 0.101068 0.650832 0.752465
107.931 8.01962 85.9926 0.100133 0.654559 0.749351
110.081 7.87598 85.8267 0.101945 0.65394 0.749646
112.126 7.74151 85.6719 0.0955685 0.653145 0.751178
114.151 7.62039 85.5328 0.0892778 0.654401 0.750859
114.83 7.57962 85.4861 0.0901013 0.656594 0.748843
116.447 10.0735 83.0839 0.0858382 0.66336 0.743361
114.436 10.1959 83.2211 0.0955863 0.661829 0.743536
112.38 10.3287 83.3706 0.104324 0.662312 0.74193
110.358 10.4688 83.5286 0.100687 0.655186 0.748728
108.264 10.6089 83.6875 0.100492 0.65413 0.749677
107.89 10.6338 83.7158 0.0996643 0.65442 0.749534
109.853 13.0932 81.2638 0.105192 0.663762 0.74051
111.864 12.9504 81.1052 0.105828 0.662538 0.741515
113.941 12.8094 80.9498 0.0942006 0.663677 0.742064
116.105 12.6691 80.7957 0.0982875 0.672078 0.733928
118.061 12.547 80.6625 0.0802732 0.676396 0.73215
119.52 15.0015 78.2225 0.0897819 0.685829 0.722203
117.35 15.1304 78.3597 0.0898828 0.678162 0.729395
115.344 15.2618 78.5005 0.0957582 0.678417 0.72841
113.285 15.3977 78.6469 0.10326 0.679187 0.726665
111.682 15.5199 78.7794 0.119133 0.677749 0.725578
113.292 17.9341 76.2841 0.106702 0.677778 0.727483
115.311 17.7926 76.1348 0.106526 0.687139 0.718674
117.374 17.6408 75.9755 0.0982948 0.688708 0.718345
118.52 17.567 75.8984 0.0876652 0.689347 0.719107
114.745 20.3336 73.7764 0.108408 0.691879 0.713829
113.831 20.4028 73.8481 0.110804 0.692596 0.712764
113.678 20.4147 73.8604 0.111074 0.692809 0.712516
