-16.6084 137.847 -3.66111 -0.140307 0.990098 0.00454266
-16.5812 137.792 -1.51067 -0.0835175 0.995426 0.0463965
-16.256 137.621 0.60893 0.0125932 0.995903 0.0895468
-15.3049 137.696 -0.360315 0.0150907 0.99562 0.0922709
-14.5489 137.856 -2.21919 -0.00489164 0.995311 0.0966008
-13.8046 138.06 -4.09121 -0.0759589 0.993904 0.0784048
-13.1317 138.106 -5.97824 -0.0293217 0.99908 -0.0313047
-12.5407 138.003 -7.92193 -0.0325705 0.996615 -0.0747101
-12.0979 137.845 -9.98656 -0.00996166 0.996982 -0.0769165
-12.5679 137.657 -11.8055 -0.00366308 0.993355 -0.115031
-14.279 137.657 -11.5193 -0.0348483 0.995411 -0.0891262
-15.255 137.691 -9.72754 -0.0772623 0.99555 -0.0539336
-16.2192 137.696 -7.95753 -0.0960387 0.993478 -0.0601654
-16.5521 137.835 -5.88688 -0.110881 0.991392 -0.0681334
-16.6041 137.849 -3.82485 -0.143951 0.989574 0.00234635
-20.106 137.301 -3.6103 -0.147454 0.988993 0.0122902
-20.0739 137.284 -1.60912 -0.14528 0.989341 0.00990207
-19.9309 137.277 0.386739 -0.118552 0.992817 0.0161485
-19.434 137.303 2.33543 -0.0999925 0.994475 0.0294718
-18.5615 137.283 4.14925 -0.078001 0.994626 0.0680742
-17.3034 137.243 5.61844 -0.0336249 0.996003 0.0827473
-15.1551 137.313 5.20173 0.00306421 0.994397 0.105667
-13.5507 137.331 4.08458 0.101891 0.991793 0.0771544
-12.5738 137.399 2.13631 0.107025 0.99063 0.084835
-11.7325 137.459 0.234005 0.0936039 0.993152 0.069907
-10.9685 137.515 -1.78983 0.190563 0.974899 0.114304
-10.1495 137.581 -3.83511 0.248498 0.960396 0.126045
-9.54354 137.645 -5.913 0.274514 0.95811 0.081654
-8.88941 137.563 -7.8636 0.259013 0.965103 0.0384076
-8.56243 137.501 -9.99592 0.229623 0.972628 -0.0356078
-8.4752 137.434 -12.1477 0.152709 0.987043 -0.0384147
-8.45087 137.328 -14.1686 0.0633534 0.995972 -0.0634516
-10.3078 137.325 -14.8369 0.0203917 0.99349 -0.112082
-12.2965 137.293 -15.3431 -0.00251316 0.995813 -0.0913842
-14.3217 137.241 -15.8369 -0.0040716 0.996444 -0.0841583
-16.2285 137.223 -15.5089 -0.0585252 0.996296 -0.0629934
-17.1033 137.329 -13.7109 -0.0938496 0.989644 -0.10825
-18.0163 137.374 -11.8787 -0.114966 0.991417 -0.0622514
-19.192 137.309 -9.97932 -0.112242 0.993159 -0.0321245
-19.8112 137.316 -7.97268 -0.130844 0.990498 -0.0423584
-20.0211 137.337 -5.85364 -0.145544 0.989347 0.00196064
-20.1178 137.302 -3.82186 -0.147705 0.988953 0.0124463
-20.1168 137.301 -3.77802 -0.147532 0.988979 0.0124275
