94.7798 5.34024 96.4168 0.103705 0.623157 0.775191
96.823 5.29817 96.1771 0.104171 0.62337 0.774957
98.8198 5.31153 95.8875 0.110232 0.62548 0.772414
101.02 5.32343 95.5641 0.109299 0.626046 0.772088
103.064 5.31158 95.2892 0.104697 0.628237 0.770945
105.106 5.3125 95.0079 0.108072 0.632574 0.766923
107.169 5.30595 94.7274 0.105019 0.633161 0.766863
109.241 5.45204 94.3336 0.0963324 0.629961 0.770629
110.277 6.81316 93.0958 0.0962535 0.630314 0.770349
111.224 8.1721 91.8443 0.0993609 0.644517 0.758106
112.211 9.4692 90.6141 0.0958428 0.643598 0.759339
113.224 10.875 89.2976 0.0906436 0.644098 0.759553
114.122 12.2086 88.0431 0.093806 0.65791 0.747232
115.02 13.5105 86.7817 0.0990792 0.657587 0.746835
115.969 14.8504 85.4492 0.099277 0.670731 0.735027
116.95 16.1385 84.1396 0.100953 0.670454 0.735051
117.821 17.4413 82.819 0.0997161 0.679497 0.72687
118.739 18.7437 81.4801 0.0946598 0.679666 0.727388
119.689 20.1144 80.0622 0.0988918 0.686477 0.720395
119.712 21.6044 78.6369 0.0985363 0.687161 0.719792
119.099 23.1059 77.2809 0.097625 0.690417 0.716794
118.48 24.5288 75.9895 0.103547 0.694107 0.712386
117.851 25.975 74.6718 0.104372 0.69446 0.711921
116.44 27.2076 73.6815 0.109356 0.693757 0.711858
114.919 28.3003 72.8512 0.109508 0.69363 0.711959
113.453 29.3816 72.0179 0.111164 0.696084 0.709301
111.821 30.5006 71.1877 0.118241 0.695446 0.708783
110.357 31.5959 70.3574 0.118299 0.695429 0.708791
108.942 32.7583 69.4317 0.117142 0.700389 0.704083
107.409 33.8703 68.5864 0.119031 0.699044 0.705103
105.907 34.9936 67.7277 0.119415 0.69865 0.705428
104.319 36.2137 66.7818 0.118375 0.702893 0.701377
102.787 37.3169 65.9292 0.118209 0.704954 0.699333
101.312 38.406 65.0807 0.118194 0.70495 0.699339
100.148 38.9533 64.7256 0.118226 0.704948 0.699336
100.69 37.5466 66.052 0.1182 0.704949 0.699339
101.278 36.1185 67.3915 0.118817 0.7031 0.701094
101.826 34.6436 68.7653 0.119428 0.69869 0.705385
102.393 33.2279 70.071 0.119276 0.698342 0.705756
102.934 31.8119 71.3805 0.119201 0.698267 0.705843
103.445 30.3829 72.7083 0.118677 0.698458 0.705743
103.854 28.9123 74.0889 0.122335 0.69376 0.70974
104.496 27.3381 75.5028 0.11984 0.687729 0.716008
104.996 25.7629 76.9318 0.119992 0.687778 0.715935
105.459 24.287 78.2724 0.118528 0.68555 0.718312
106.041 22.832 79.5638 0.119704 0.685434 0.718228
106.476 21.3075 80.9378 0.123803 0.675638 0.726764
106.687 19.7483 82.3342 0.126275 0.668924 0.732527
106.334 18.2755 83.7446 0.127473 0.669998 0.731336
105.488 16.927 85.1126 0.114842 0.658331 0.743892
104.416 15.6734 86.3677 0.109681 0.653887 0.748599
103.402 14.4424 87.5711 0.110839 0.646613 0.75472
102.267 13.2312 88.7882 0.120361 0.646428 0.753422
101.106 12.0758 89.96 0.115806 0.642828 0.757206
99.9363 10.8598 91.1673 0.114519 0.641417 0.758597
98.8452 9.62436 92.3544 0.112628 0.63221 0.766568
97.7132 8.3824 93.5436 0.112049 0.631947 0.766869
96.5171 7.2047 94.6819 0.107245 0.625387 0.772909
95.3493 5.94618 95.8534 0.103692 0.623108 0.775232
94.8791 5.40748 96.3495 0.103768 0.623172 0.77517
91.2495 7.6722 95.047 0.110166 0.619018 0.777612
89.97 6.48984 96.173 0.112542 0.619556 0.776842
88.7509 5.34228 97.2771 0.131202 0.616835 0.77608
87.4808 4.15516 98.3928 0.117612 0.605691 0.78696
86.1495 2.91728 99.5448 0.116143 0.606155 0.786821
85.5703 1.89001 100.428 0.114366 0.610136 0.783999
87.606 1.85013 100.163 0.114231 0.610151 0.784007
89.6447 1.85873 99.859 0.114004 0.610202 0.784
91.6642 1.81177 99.6212 0.0959351 0.617557 0.780654
93.686 1.8138 99.3732 0.095017 0.617939 0.780463
95.7452 1.81626 99.1168 0.101473 0.62012 0.777917
97.9293 1.80991 98.8339 0.101046 0.624241 0.77467
100.038 1.81087 98.5594 0.104386 0.628174 0.771039
102.089 1.82332 98.2651 0.107209 0.628893 0.770065
104.104 1.82243 97.9825 0.109249 0.624833 0.773077
106.107 1.81025 97.7146 0.104261 0.619678 0.777901
108.263 1.82756 97.4136 0.101742 0.622369 0.776083
110.343 1.82399 97.1483 0.0994862 0.627882 0.771924
112.226 2.15964 96.6304 0.0997387 0.627434 0.772256
113.161 3.49257 95.4302 0.097284 0.624894 0.774625
114.105 4.82641 94.2401 0.0820528 0.625584 0.775824
115.113 6.23045 93.0067 0.0779984 0.625747 0.776116
116.055 7.53905 91.8182 0.0799716 0.647246 0.758075
117.048 8.90824 90.5442 0.0804622 0.646919 0.758302
118.028 10.2435 89.2878 0.083942 0.6523 0.753298
118.986 11.6573 87.9353 0.0900128 0.660413 0.745488
119.908 12.9851 86.6401 0.0939818 0.668525 0.737716
120.848 14.2827 85.3286 0.0959577 0.67297 0.733419
121.741 15.6216 83.9785 0.0958077 0.675408 0.731193
122.675 16.9408 82.6565 0.071449 0.673444 0.735777
123.569 18.2667 81.3249 0.0827134 0.689554 0.719496
124.391 19.5748 79.9789 0.0865974 0.685781 0.722637
124.492 20.9697 78.6421 0.0906674 0.688657 0.719397
123.9 22.4646 77.2713 0.0924084 0.69363 0.714379
123.297 23.8806 75.9744 0.0924173 0.693627 0.714382
122.701 25.2918 74.6813 0.0925026 0.693617 0.71438
122.084 26.7843 73.3138 0.0942159 0.692984 0.71477
121.139 28.122 72.1417 0.0946995 0.693088 0.714605
119.603 29.2387 71.257 0.0941068 0.699253 0.708653
118.065 30.32 70.3953 0.0961585 0.700558 0.707087
116.486 31.4878 69.4723 0.111557 0.701005 0.704377
114.992 32.5614 68.6462 0.107663 0.697981 0.707977
113.471 33.7032 67.7691 0.116238 0.698419 0.706182
111.981 34.8117 66.8861 0.112461 0.703787 0.701453
110.512 35.8964 66.052 0.117924 0.700928 0.703416
109.054 37.002 65.1874 0.118217 0.704959 0.699326
107.573 38.1222 64.3085 0.118188 0.704962 0.699329
106.063 39.202 63.4752 0.118198 0.704957 0.699332
104.445 40.3707 62.5706 0.118197 0.704954 0.699335
102.954 41.4858 61.6988 0.118513 0.704498 0.699741
101.462 42.6286 60.8054 0.120312 0.70349 0.700448
99.9547 43.7374 59.9506 0.120313 0.703493 0.700444
98.4891 44.8191 59.116 0.120321 0.703497 0.700439
97.0081 45.9075 58.2777 0.120906 0.703531 0.700304
95.5082 47.0321 57.4206 0.126858 0.701319 0.701469
94.024 48.1528 56.5702 0.127289 0.700005 0.702702
92.5098 49.3116 55.6902 0.127124 0.699844 0.702892
91.5519 49.8242 55.3531 0.127132 0.699847 0.702888
92.1153 48.399 56.6703 0.127151 0.699912 0.70282
92.6686 46.9689 57.9972 0.126896 0.701271 0.70151
93.2291 45.5423 59.3222 0.12687 0.701324 0.701462
93.7716 44.0784 60.6877 0.126845 0.701335 0.701456
94.3548 42.6684 61.9922 0.126313 0.701267 0.701619
94.8717 41.1916 63.3807 0.120458 0.703246 0.700667
95.452 39.6942 64.7849 0.120328 0.703502 0.700432
95.9735 38.2242 66.1717 0.120314 0.703493 0.700445
96.556 36.8035 67.5002 0.118814 0.704429 0.699759
97.1027 35.3526 68.8623 0.118697 0.698855 0.705346
97.6471 33.9366 70.1718 0.119162 0.698323 0.705794
98.2074 32.435 71.5684 0.124633 0.70024 0.702943
98.7606 31.0142 72.8958 0.129558 0.703604 0.698681
99.2791 29.5534 74.2682 0.131052 0.699799 0.702215
99.7147 28.0646 75.644 0.12928 0.688613 0.713511
100.322 26.5708 76.9768 0.128109 0.688461 0.71387
100.829 24.9637 78.4254 0.125585 0.684051 0.718542
101.361 23.449 79.7744 0.125595 0.684041 0.718549
101.889 21.9723 81.09 0.123606 0.685634 0.717375
102.327 20.4487 82.4571 0.127602 0.672097 0.729384
101.715 18.9813 83.8851 0.118347 0.653629 0.747504
100.649 17.7625 85.1409 0.132349 0.658996 0.74041
99.6318 16.5399 86.3868 0.12457 0.645305 0.7537
98.5104 15.3018 87.6077 0.111878 0.641816 0.758653
97.3224 14.0847 88.8426 0.134248 0.646358 0.751132
96.1708 12.8846 90.0825 0.134901 0.64643 0.750953
95.0156 11.6544 91.3326 0.127225 0.628363 0.767446
93.8576 10.4665 92.4718 0.116841 0.618082 0.777382
92.7113 9.24668 93.5937 0.108228 0.615064 0.781014
91.5852 8.02908 94.7156 0.10954 0.618985 0.777726
91.3426 7.76803 94.9575 0.110156 0.619015 0.777616
100.32 8.11944 93.3802 0.111808 0.632359 0.766565
102.362 7.974 93.2049 0.109955 0.631553 0.767496
104.388 7.83067 93.0329 0.109383 0.631915 0.76728
106.405 7.69016 92.8649 0.102806 0.632458 0.767742
108.092 7.58288 92.7371 0.0946992 0.631089 0.769909
110.012 10.1106 90.3524 0.0993151 0.645215 0.757519
107.933 10.2458 90.5104 0.100015 0.644747 0.757825
105.739 10.393 90.6832 0.106385 0.645891 0.755981
103.674 10.5479 90.8659 0.118356 0.644301 0.755558
102.595 10.6292 90.9623 0.114824 0.64285 0.757337
104.998 13.0927 88.4935 0.104452 0.643496 0.758289
106.992 12.9572 88.337 0.103149 0.643265 0.758663
109 12.8196 88.1788 0.103348 0.647142 0.755332
111.057 12.6853 88.0253 0.0969538 0.65097 0.752886
111.638 12.6479 87.9828 0.096615 0.650481 0.753352
113.483 15.1226 85.5452 0.103048 0.671347 0.733944
111.272 15.2777 85.718 0.108764 0.6697 0.734624
109.128 15.4327 85.8917 0.101253 0.65971 0.744668
107.211 15.5684 86.0444 0.108917 0.65545 0.747344
108.729 18.0316 83.5856 0.110746 0.671342 0.732827
110.809 17.8755 83.4139 0.112221 0.671488 0.732469
112.901 17.7227 83.2465 0.102295 0.676303 0.729486
114.998 17.5774 83.0879 0.101796 0.678582 0.727436
115.262 17.5591 83.068 0.102954 0.678274 0.727561
116.973 19.9735 80.5698 0.100925 0.680561 0.725707
114.894 20.1173 80.7236 0.100603 0.681321 0.725038
112.868 20.2571 80.8734 0.101827 0.681255 0.724929
110.75 20.4229 81.0518 0.121774 0.679025 0.723945
108.9 20.5769 81.2179 0.119297 0.677141 0.726119
108.207 23.1633 78.893 0.117772 0.68445 0.719485
110.214 22.9997 78.7196 0.119215 0.683694 0.719965
112.35 22.8259 78.5357 0.109683 0.680992 0.72403
114.477 22.6699 78.3707 0.108139 0.688905 0.71674
116.521 22.5167 78.2091 0.108016 0.689404 0.716279
117.019 22.4799 78.1704 0.10564 0.68942 0.716618
115.971 25.0574 75.8437 0.107142 0.691371 0.714511
113.782 25.2201 76.0132 0.106825 0.69214 0.713814
111.785 25.3757 76.1755 0.11993 0.689737 0.714058
109.743 25.5464 76.3536 0.118699 0.689317 0.71467
107.704 25.7145 76.5291 0.11822 0.688781 0.715266
107.211 25.7552 76.5715 0.118197 0.688789 0.715261
106.293 28.3342 74.2345 0.122228 0.694128 0.709399
108.303 28.1641 74.0592 0.117842 0.694264 0.710008
110.322 27.9969 73.8868 0.119493 0.692088 0.711854
112.451 27.8186 73.703 0.116559 0.690687 0.713698
112.534 27.8118 73.696 0.116609 0.690365 0.714002
108.692 30.6177 71.5946 0.117755 0.694897 0.709402
106.689 30.7852 71.7655 0.118983 0.696369 0.707753
105.559 30.88 71.862 0.118587 0.698202 0.706011
105.114 33.3886 69.4516 0.119248 0.69881 0.705297
104.714 33.4224 69.4857 0.119415 0.698643 0.705435
104.523 33.4385 69.502 0.1194 0.698649 0.705431
