81.9719 79.7508 -25.3829 0.117898 0.529452 -0.840108
82.9745 78.1483 -26.2518 0.118383 0.52948 -0.840022
84.0972 76.5917 -27.0747 0.11837 0.529477 -0.840025
85.2578 75.0125 -27.9066 0.118386 0.529486 -0.840017
86.4183 73.407 -28.7301 0.112203 0.499663 -0.858906
87.5439 71.9063 -29.4564 0.0922838 0.495471 -0.863708
88.646 70.3854 -30.2193 0.0790795 0.493998 -0.86586
89.814 68.8147 -31.0089 0.07878 0.493919 -0.865932
91.0071 67.1982 -31.8134 0.0919897 0.484851 -0.869741
92.1527 65.5786 -32.564 0.103696 0.474766 -0.873982
93.3086 64.0535 -33.2554 0.103696 0.474775 -0.873977
94.4323 62.5484 -33.9414 0.098197 0.475445 -0.874247
95.5852 61.0364 -34.6422 0.0668617 0.468804 -0.880761
96.7504 59.5248 -35.3244 0.0846955 0.441528 -0.893241
97.9629 57.9037 -36.0079 0.0838057 0.43878 -0.894678
99.0844 56.3633 -36.6584 0.0828861 0.438142 -0.895076
100.253 54.797 -37.3169 0.0828024 0.43803 -0.895139
101.398 53.2494 -37.9683 0.0828077 0.438032 -0.895137
102.621 51.6337 -38.6459 0.0826411 0.438212 -0.895065
103.758 50.0965 -39.2992 0.0763771 0.439027 -0.895222
105.006 48.4686 -39.9696 0.0838553 0.427024 -0.900344
106.112 46.8735 -40.6283 0.0784086 0.42971 -0.899556
107.347 45.1882 -41.3202 0.074972 0.421338 -0.903799
108.508 43.6414 -41.9442 0.0748004 0.420783 -0.904072
109.665 42.0293 -42.5988 0.074809 0.420787 -0.90407
110.883 40.478 -43.2204 0.0735523 0.42134 -0.903915
112.042 38.916 -43.8601 0.0683633 0.423096 -0.903502
113.194 37.3966 -44.4843 0.0682431 0.422805 -0.903647
114.354 35.8699 -45.1112 0.0675625 0.42318 -0.903523
115.571 34.234 -45.8003 0.0614718 0.433798 -0.898911
116.766 32.65 -46.4855 0.0611522 0.434931 -0.898385
117.875 31.1151 -47.1531 0.0611585 0.434928 -0.898386
119.06 29.491 -47.8587 0.0611575 0.434934 -0.898383
120.208 27.9397 -48.5316 0.0619549 0.433972 -0.898793
121.376 26.3697 -49.1985 0.0500412 0.412652 -0.909503
122.528 24.8359 -49.8325 0.0372402 0.408596 -0.911955
123.595 23.2774 -50.5925 -0.0116468 0.446798 -0.894491
124.316 21.5001 -51.4854 0.00467104 0.461249 -0.887258
124.452 19.6883 -52.3972 -0.0102292 0.453413 -0.891229
124.055 17.9417 -53.3519 -0.00602893 0.495973 -0.868317
123.591 16.1975 -54.3461 -0.0027551 0.49815 -0.867084
123.055 14.5164 -55.3424 0.0325715 0.506863 -0.861399
122.588 12.7548 -56.391 0.0447346 0.501059 -0.864256
122.077 10.9457 -57.4654 0.0443881 0.500625 -0.864525
121.601 9.23502 -58.4607 0.0269702 0.481494 -0.87603
121.131 7.48574 -59.4299 0.0142986 0.482433 -0.875816
120.637 5.71715 -60.4298 0.00714387 0.491973 -0.870581
121.45 4.75547 -60.9725 0.00409796 0.495131 -0.868809
123.561 4.76063 -60.9593 0.00578995 0.495363 -0.868666
125.588 4.80533 -60.9087 0.0125838 0.496844 -0.867749
127.713 4.83415 -60.8668 0.00869156 0.499885 -0.866048
129.757 4.79113 -60.8704 0.00920306 0.500115 -0.86591
131.492 5.33617 -60.5369 0.00940905 0.500214 -0.865851
132.013 7.07901 -59.5197 0.0116597 0.504976 -0.863054
132.524 8.89165 -58.4436 0.0148003 0.508686 -0.860825
132.983 10.6398 -57.4046 0.0111202 0.507654 -0.861487
133.434 12.3948 -56.3516 0.0169935 0.515022 -0.857008
133.833 14.1293 -55.301 0.0182074 0.513002 -0.858195
134.256 15.8911 -54.2368 0.03229 0.511227 -0.858839
134.659 17.6226 -53.2034 0.0736715 0.500123 -0.862785
134.997 19.341 -52.1583 0.0876649 0.507691 -0.857068
133.95 20.8924 -51.3455 0.0850577 0.506547 -0.858007
132.889 22.5104 -50.5134 0.0865417 0.482008 -0.871882
131.822 24.0349 -49.7711 0.0916018 0.483448 -0.870565
130.56 25.6308 -49.014 0.0865121 0.485648 -0.869863
129.379 27.1616 -48.2856 0.0740037 0.477468 -0.875494
128.221 28.7491 -47.5178 0.0735843 0.478704 -0.874887
127.068 30.301 -46.7772 0.0792504 0.466889 -0.880758
125.867 31.9783 -46.0422 0.0929845 0.450001 -0.888172
124.745 33.5103 -45.3813 0.0854695 0.44945 -0.889207
123.525 35.1883 -44.6546 0.0876217 0.447876 -0.889789
122.278 36.7358 -44.0004 0.0908543 0.440863 -0.892964
120.996 38.3837 -43.3575 0.0941091 0.416321 -0.904334
119.772 39.9367 -42.7674 0.0850234 0.418739 -0.904118
118.526 41.4547 -42.1616 0.0731335 0.425027 -0.902221
117.238 43.0716 -41.5043 0.0731404 0.42504 -0.902215
116.008 44.6907 -40.8422 0.0734247 0.421696 -0.90376
114.866 46.2421 -40.2165 0.0739543 0.416892 -0.905942
113.658 47.8835 -39.5489 0.0613139 0.421252 -0.904869
112.498 49.4401 -38.9001 0.0597326 0.421816 -0.904712
111.355 50.9617 -38.2661 0.0597142 0.421928 -0.904661
110.177 52.5731 -37.5839 0.056954 0.431426 -0.900347
108.952 54.2088 -36.8596 0.0556652 0.440349 -0.896099
107.826 55.7499 -36.1847 0.0720811 0.439875 -0.895162
106.677 57.2966 -35.5185 0.0732168 0.439766 -0.895123
105.547 58.8484 -34.8359 0.0611733 0.447673 -0.892102
104.439 60.3821 -34.1735 0.0843661 0.440659 -0.893701
103.215 62.0179 -33.4835 0.0847728 0.440391 -0.893795
102.162 63.5908 -32.803 0.0778382 0.44944 -0.88991
101.066 65.1696 -32.0449 0.0608317 0.471769 -0.879621
99.9669 66.7085 -31.2956 0.0608145 0.471767 -0.879623
98.8781 68.2922 -30.5193 0.0639195 0.479595 -0.875159
97.7793 69.8234 -29.738 0.071866 0.505517 -0.859816
96.153 71.1059 -29.1217 0.0735513 0.506419 -0.859145
94.4526 72.1302 -28.6638 0.075797 0.506462 -0.858925
92.7391 73.1638 -28.221 0.0857541 0.505379 -0.858626
90.9639 74.2652 -27.7501 0.0858506 0.50537 -0.858621
89.2354 75.3262 -27.2978 0.085368 0.50595 -0.858328
87.5677 76.3876 -26.8303 0.0760627 0.508469 -0.857714
85.8428 77.4632 -26.3446 0.0754917 0.508634 -0.857667
84.0208 78.5403 -25.8739 0.0957543 0.513129 -0.852953
82.3203 79.5271 -25.4753 0.116591 0.5287 -0.840763
81.9728 79.7512 -25.3826 0.117259 0.529116 -0.840408
83.8024 82.1842 -23.6237 0.0720891 0.551366 -0.831143
85.5609 81.2348 -24.1002 0.0730513 0.542176 -0.837084
87.2705 80.2846 -24.5447 0.0755527 0.510195 -0.856734
89 79.2417 -25.0104 0.0778847 0.50732 -0.85823
90.7301 78.1391 -25.4908 0.0853182 0.506028 -0.858287
92.4445 77.081 -25.9442 0.0853553 0.505984 -0.858309
94.259 75.9508 -26.43 0.0814034 0.504495 -0.859569
95.9471 74.9423 -26.8766 0.0733006 0.506685 -0.859009
97.6465 73.9287 -27.3294 0.0733093 0.506687 -0.859007
99.3281 72.9235 -27.7787 0.0734025 0.506475 -0.859125
100.659 71.6176 -28.4343 0.0735957 0.506232 -0.859252
101.766 70.079 -29.2459 0.0735998 0.506231 -0.859252
102.847 68.5479 -30.0552 0.0733173 0.505569 -0.859665
103.917 67.0481 -30.8346 0.0708777 0.48909 -0.869349
105.012 65.4762 -31.5995 0.0670146 0.459364 -0.885711
106.164 63.8267 -32.3197 0.0754361 0.443078 -0.893304
107.308 62.2775 -33.011 0.0597594 0.44407 -0.893997
108.462 60.6873 -33.71 0.0637141 0.439507 -0.895967
109.629 59.086 -34.4215 0.0561874 0.440419 -0.896032
110.795 57.5555 -35.1004 0.0566105 0.440438 -0.895996
111.995 55.8884 -35.8439 0.0569733 0.440523 -0.895932
113.166 54.3064 -36.5467 0.0566193 0.439969 -0.896226
114.362 52.6633 -37.2721 0.058783 0.430835 -0.900512
115.612 50.9991 -37.9643 0.0683647 0.420624 -0.904653
116.83 49.3499 -38.6261 0.0739324 0.416902 -0.90594
118.071 47.6799 -39.2932 0.0739478 0.416889 -0.905945
119.329 46.0116 -39.9583 0.0739466 0.416884 -0.905947
120.479 44.471 -40.5822 0.0732964 0.424865 -0.902284
121.719 42.9026 -41.2024 0.0955563 0.416267 -0.904203
122.942 41.4114 -41.7508 0.127683 0.418372 -0.899256
124.21 39.7663 -42.3223 0.154179 0.423389 -0.892732
125.426 38.1367 -42.8866 0.154463 0.42439 -0.892207
126.686 36.5494 -43.4662 0.152511 0.469926 -0.869431
127.853 34.9483 -44.139 0.124881 0.468879 -0.874389
128.966 33.3926 -44.8613 0.09737 0.482401 -0.870522
130.132 31.8399 -45.5928 0.0965503 0.482563 -0.870523
131.276 30.291 -46.3244 0.0965365 0.482556 -0.870529
132.421 28.7419 -47.0565 0.0973215 0.483293 -0.870032
133.545 27.2403 -47.767 0.0980833 0.487129 -0.867805
134.736 25.7218 -48.4859 0.100093 0.489534 -0.86622
135.84 24.1442 -49.2636 0.0883943 0.499835 -0.861598
136.954 22.5339 -50.0861 0.0858238 0.500178 -0.861659
138.063 21.0191 -50.8557 0.0863401 0.501524 -0.860825
138.806 19.3092 -51.7929 0.0862152 0.524386 -0.847104
138.364 17.5696 -52.9552 0.034392 0.569061 -0.821575
137.926 15.8533 -54.1512 0.030334 0.552742 -0.832778
137.552 14.1693 -55.2121 0.0186535 0.522049 -0.852712
137.107 12.3882 -56.3045 0.012392 0.518285 -0.855118
136.679 10.6944 -57.3381 0.00952548 0.51674 -0.856089
136.198 8.94783 -58.3779 0.00225623 0.509571 -0.860421
135.752 7.22106 -59.4278 -0.0144209 0.526787 -0.849875
135.263 5.4296 -60.4968 -0.0158033 0.50201 -0.864717
134.812 3.69416 -61.4881 -0.0133295 0.500077 -0.865878
134.339 1.98842 -62.4666 -0.0108721 0.5009 -0.865436
132.496 1.65174 -62.6544 0.00796327 0.500092 -0.865936
130.332 1.63101 -62.6886 0.00898394 0.499939 -0.866014
128.294 1.65283 -62.6973 0.00912671 0.500336 -0.865783
126.29 1.66952 -62.7081 0.00831108 0.500753 -0.86555
124.278 1.62815 -62.745 0.00320899 0.497674 -0.867358
122.22 1.63979 -62.7482 0.00291244 0.495512 -0.868593
120.135 1.6498 -62.7454 0.000186428 0.487739 -0.87299
118.039 1.65725 -62.7345 -0.00349161 0.484316 -0.874886
115.892 1.70478 -62.7121 0.00712029 0.473824 -0.880591
116.284 3.44714 -61.7688 0.0216743 0.490769 -0.871019
116.816 5.14629 -60.8057 0.0152539 0.487272 -0.873117
117.329 7.03649 -59.7546 0.0193518 0.477753 -0.878281
117.814 8.77659 -58.7982 0.0196426 0.477286 -0.878529
118.29 10.4955 -57.8537 0.0197797 0.47741 -0.878458
118.788 12.2989 -56.8482 0.0346866 0.492319 -0.869724
119.272 14.0064 -55.8252 0.0406359 0.514695 -0.85641
119.757 15.7498 -54.7358 0.0381156 0.523148 -0.851389
120.245 17.4776 -53.6525 0.0376002 0.522872 -0.851582
120.72 19.2185 -52.5936 0.00197135 0.500128 -0.865949
120.823 21.0484 -51.6203 -0.0261066 0.444666 -0.895316
119.828 22.6265 -50.8956 0.0347715 0.399972 -0.915868
118.712 24.18 -50.2671 0.0374892 0.397428 -0.916867
117.526 25.746 -49.6367 0.0374944 0.397426 -0.916868
116.309 27.3925 -48.9728 0.0374905 0.397426 -0.916868
115.122 28.9996 -48.3237 0.0401884 0.399088 -0.916031
113.999 30.5398 -47.6896 0.0570276 0.423809 -0.903949
112.845 32.0708 -47.0327 0.0609123 0.434832 -0.898449
111.731 33.622 -46.3659 0.0665653 0.425779 -0.902375
110.579 35.1794 -45.7149 0.0647488 0.424509 -0.903106
109.429 36.7325 -45.0724 0.0648327 0.421466 -0.904523
108.289 38.2835 -44.4421 0.0708871 0.418773 -0.90532
107.033 39.8851 -43.803 0.0773042 0.421621 -0.903471
105.757 41.5984 -43.1237 0.0880952 0.421186 -0.902686
104.651 43.1584 -42.5035 0.089199 0.421853 -0.902266
103.484 44.7137 -41.8918 0.0893266 0.421855 -0.902252
102.345 46.3009 -41.2604 0.0893338 0.425576 -0.900501
101.104 47.9196 -40.6035 0.0842484 0.43791 -0.895063
99.9105 49.5426 -39.9198 0.0827928 0.438037 -0.895136
98.7832 51.0755 -39.2741 0.0834914 0.437836 -0.89517
97.5653 52.7117 -38.5873 0.0853445 0.438438 -0.8947
96.3321 54.3663 -37.8951 0.0878057 0.439375 -0.894002
95.1836 55.9309 -37.2397 0.0881608 0.439198 -0.894054
94.023 57.5012 -36.5828 0.0881748 0.439202 -0.894051
92.8097 59.1118 -35.9112 0.0881513 0.439316 -0.893997
91.6163 60.7166 -35.2377 0.0897297 0.443624 -0.89171
90.4357 62.2883 -34.5519 0.0972105 0.464863 -0.88003
89.2571 63.8628 -33.8396 0.102915 0.475612 -0.873614
88.1311 65.4025 -33.1084 0.0812796 0.493841 -0.865745
86.9945 66.9509 -32.3437 0.100566 0.49525 -0.862907
85.8168 68.6162 -31.5408 0.109672 0.49239 -0.863438
84.6922 70.1924 -30.7848 0.109666 0.492392 -0.863437
83.5496 71.7389 -30.048 0.109676 0.492391 -0.863436
82.4327 73.2893 -29.3057 0.109661 0.49239 -0.863439
81.3396 74.8189 -28.5658 0.107611 0.508042 -0.854578
80.2244 76.3272 -27.7872 0.118255 0.529471 -0.840045
79.1738 77.8295 -26.9872 0.117451 0.529998 -0.839826
78.0844 79.3784 -26.1621 0.117441 0.530205 -0.839697
76.9792 80.9459 -25.3057 0.118812 0.558696 -0.820816
75.9105 82.4361 -24.4003 0.102025 0.577532 -0.809966
74.8179 84.0121 -23.4304 0.126506 0.57578 -0.807759
73.7501 85.599 -22.4831 0.147726 0.583328 -0.798686
72.6607 87.0961 -21.5147 0.145693 0.620153 -0.770833
72.178 88.1381 -20.7694 0.142719 0.618919 -0.772379
74.076 87.1241 -21.2313 0.137813 0.613441 -0.777622
75.9048 86.1175 -21.7309 0.101791 0.627871 -0.771632
77.7192 85.2374 -22.1931 0.096584 0.58946 -0.802003
79.6861 84.2952 -22.6403 0.0925289 0.562741 -0.821432
81.6022 83.3399 -23.057 0.091847 0.554771 -0.826918
83.426 82.3858 -23.5226 0.0720851 0.551363 -0.831145
83.6661 82.2573 -23.587 0.0720834 0.551364 -0.831145
88.2859 73.6613 -28.3726 0.0849659 0.502893 -0.860162
88.9268 73.6336 -28.3254 0.0853813 0.504871 -0.858962
90.5521 70.6731 -29.8817 0.078813 0.493952 -0.86591
92.6576 70.59 -29.7357 0.0823434 0.496687 -0.864015
93.9968 70.5365 -29.6414 0.0762786 0.497762 -0.863953
92.8198 67.6657 -31.3511 0.103815 0.474946 -0.87387
94.9772 67.5707 -31.1791 0.067726 0.470362 -0.879871
97.0217 67.51 -31.0693 0.0608227 0.471765 -0.879624
97.275 67.5026 -31.0558 0.0608307 0.471762 -0.879625
99.391 64.5 -32.5198 0.0608232 0.471769 -0.879622
97.1642 64.5637 -32.6397 0.0608195 0.471777 -0.879618
95.1662 64.6226 -32.7496 0.0703151 0.473513 -0.877976
95.0903 64.6251 -32.7543 0.0687681 0.475932 -0.876789
97.4017 61.6141 -34.2051 0.0601333 0.471741 -0.879684
99.5919 61.5398 -34.0611 0.0804934 0.444672 -0.89207
101.486 61.4671 -33.9189 0.0847785 0.440396 -0.893792
99.7122 58.5411 -35.5289 0.0847756 0.440404 -0.893788
101.801 58.4612 -35.3701 0.0847891 0.440389 -0.893794
103.666 58.3901 -35.2283 0.0846918 0.44048 -0.893759
102.046 55.4574 -36.8266 0.0842478 0.439395 -0.894334
104.067 55.3818 -36.6738 0.0825291 0.441462 -0.893476
105.998 55.3187 -36.5457 0.0732439 0.439709 -0.895149
104.223 52.3814 -38.1363 0.0769567 0.440219 -0.894586
106.397 52.3109 -37.9912 0.0734029 0.440221 -0.894884
108.291 52.251 -37.8672 0.0668218 0.436288 -0.897323
106.535 49.3007 -39.4331 0.0821786 0.428175 -0.899952
108.551 49.2328 -39.2908 0.0764136 0.43063 -0.899288
110.545 49.17 -39.1582 0.0643143 0.425446 -0.902696
108.688 46.2175 -40.7226 0.0765088 0.429653 -0.899747
110.844 46.1474 -40.5733 0.0764032 0.430593 -0.899307
112.758 46.0885 -40.4469 0.0644069 0.423257 -0.903718
111.129 43.116 -41.9719 0.0748187 0.420789 -0.904068
113.186 43.0531 -41.8364 0.0688042 0.422937 -0.903543
115.05 42.9979 -41.7163 0.0729778 0.425 -0.902247
113.344 40.0246 -43.2426 0.0683643 0.423092 -0.903504
115.375 39.9658 -43.116 0.0697807 0.423719 -0.903102
117.428 39.9035 -42.9815 0.0731132 0.425037 -0.902218
117.452 39.9027 -42.9798 0.0731451 0.425045 -0.902212
115.855 36.9272 -44.5029 0.0683113 0.422813 -0.903639
117.922 36.8644 -44.37 0.0797207 0.421555 -0.903292
119.95 36.7865 -44.2061 0.0932256 0.423109 -0.90127
118.116 33.8515 -45.8119 0.0605719 0.435716 -0.898044
120.188 33.7852 -45.6749 0.0822696 0.443554 -0.892464
122.291 33.7079 -45.5174 0.0839563 0.445677 -0.891248
122.357 33.7054 -45.5124 0.0841894 0.445765 -0.891182
120.398 30.784 -47.1395 0.0666214 0.43863 -0.896195
122.4 30.7135 -46.9972 0.0821399 0.443383 -0.892561
124.458 30.6372 -46.8457 0.0821371 0.443382 -0.892561
124.668 30.6294 -46.8303 0.0822541 0.443369 -0.892557
122.581 27.7179 -48.4667 0.0739538 0.441855 -0.894033
124.639 27.6433 -48.3185 0.0768299 0.453594 -0.887891
126.84 27.5908 -48.2171 0.0441636 0.464337 -0.884557
126.845 27.5907 -48.2169 0.0442485 0.464419 -0.88451
124.801 24.6807 -49.8455 0.0415441 0.462098 -0.885855
126.945 24.6363 -49.7624 0.0440986 0.464238 -0.884612
128.959 24.5908 -49.6788 0.0513959 0.465407 -0.883603
129.173 24.5856 -49.6691 0.0514306 0.465332 -0.883641
131.327 21.583 -51.1271 0.0507796 0.472546 -0.879842
129.318 21.633 -51.2156 0.0509891 0.46565 -0.883499
127.299 21.6764 -51.293 0.0383412 0.459783 -0.887203
126.166 21.6969 -51.33 0.0356566 0.456673 -0.88892
126.24 18.7485 -52.8772 0.0207905 0.487726 -0.872749
128.304 18.7294 -52.845 0.0173971 0.490596 -0.871213
130.332 18.7013 -52.7975 0.0367683 0.493364 -0.869045
132.362 18.6626 -52.7322 0.0378846 0.49454 -0.868329
133.019 18.6496 -52.7105 0.040049 0.493896 -0.868598
132.317 15.7687 -54.3792 0.0341728 0.49804 -0.86648
130.307 15.806 -54.4418 0.0311655 0.493977 -0.868916
128.179 15.8315 -54.4844 0.0209708 0.496186 -0.867963
126.118 15.8576 -54.5281 0.0149526 0.496234 -0.86806
125.39 15.8622 -54.5356 0.00525117 0.493409 -0.869781
124.605 12.9749 -56.1927 0.0163671 0.500956 -0.865318
126.72 12.9621 -56.1716 0.0154899 0.495681 -0.868367
128.725 12.9393 -56.1333 0.0241363 0.500431 -0.86544
130.923 12.9192 -56.0997 0.016129 0.505799 -0.8625
131.695 12.9116 -56.087 0.0229549 0.510559 -0.859537
130.955 10.0499 -57.7868 0.0151382 0.508557 -0.860895
128.908 10.065 -57.8121 0.0125126 0.50699 -0.861861
126.885 10.0787 -57.8353 0.016605 0.503851 -0.863631
124.702 10.0975 -57.8675 0.017106 0.503492 -0.863831
123.708 10.1065 -57.883 0.0262025 0.505028 -0.862705
122.913 7.22864 -59.5558 0.00646025 0.495458 -0.868608
125.046 7.21693 -59.5357 0.0149987 0.499799 -0.866011
127.101 7.20115 -59.5086 0.0160713 0.503384 -0.863913
129.115 7.18896 -59.4878 0.00929679 0.50328 -0.864073
130.025 7.18466 -59.4805 0.00929467 0.503251 -0.86409
130.063 7.18448 -59.4802 0.00926416 0.503267 -0.864081
