-110.667 3.13931 73.5183 -0.685132 0.643349 0.341608
-109.464 3.56135 75.0711 -0.678297 0.644479 0.352931
-108.33 3.83155 76.7022 -0.656346 0.660424 0.364753
-107.106 4.09345 78.4391 -0.659049 0.657859 0.364521
-105.911 4.41139 80.0341 -0.662566 0.654681 0.363864
-104.688 4.5953 81.7782 -0.633914 0.652842 0.414669
-103.419 4.71488 83.447 -0.583719 0.69593 0.418267
-101.993 4.87161 85.1045 -0.564267 0.700545 0.436851
-100.649 4.93156 86.742 -0.564816 0.699401 0.437974
-99.3441 4.83532 88.3042 -0.508598 0.68447 0.52233
-97.96 4.66606 89.8193 -0.491287 0.698336 0.520503
-96.4757 4.52344 91.4192 -0.471969 0.707936 0.525423
-95.0734 4.29357 92.9621 -0.464853 0.709216 0.530023
-93.685 4.09569 94.3907 -0.439247 0.699459 0.563688
-92.2033 3.83279 95.8109 -0.42395 0.698424 0.576602
-90.717 3.61392 97.1653 -0.424998 0.69598 0.578782
-89.1508 3.38253 98.5948 -0.426414 0.693784 0.580374
-87.9194 3.03736 99.9053 -0.424343 0.693027 0.582792
-86.5286 2.99036 100.971 -0.419362 0.692957 0.58647
-87.9363 3.00936 99.9263 -0.424351 0.69302 0.582794
-89.5823 3.01105 98.7231 -0.424585 0.69446 0.580907
-91.2452 3.02762 97.4838 -0.422955 0.697357 0.578621
-92.8926 3.00796 96.3033 -0.422896 0.698053 0.577823
-94.6691 3.00229 94.9941 -0.429547 0.70412 0.565425
-96.2848 2.97801 93.6583 -0.465334 0.70893 0.529983
-97.8589 3.00152 92.2166 -0.489581 0.706778 0.510662
-99.2781 3.05403 90.7532 -0.50287 0.703498 0.502207
-100.713 3.0192 89.3558 -0.509786 0.686974 0.517865
-102.155 3.01677 87.8506 -0.552871 0.694453 0.460504
-103.418 2.99081 86.2793 -0.564346 0.700629 0.436614
-104.509 3.12502 84.5606 -0.610481 0.685123 0.397388
-105.581 3.10805 82.8605 -0.628608 0.676879 0.382997
-106.589 3.13213 81.1306 -0.645256 0.671929 0.363523
-107.644 3.10365 79.2824 -0.646916 0.670316 0.363549
-108.587 3.1379 77.5136 -0.645826 0.672815 0.360826
-109.574 3.12709 75.6627 -0.67717 0.651748 0.341563
-110.53 3.14566 73.78 -0.680208 0.643717 0.35063
-110.568 3.1413 73.7138 -0.683179 0.643309 0.345541
-112.154 1.08357 74.4391 -0.680144 0.650574 0.337771
-111.277 1.0817 76.2953 -0.672467 0.669979 0.314508
-110.378 1.09627 78.16 -0.657402 0.679125 0.326515
-109.437 1.07165 79.9361 -0.639035 0.685804 0.348293
-108.377 1.10125 81.791 -0.633197 0.678111 0.373131
-107.341 1.08371 83.5418 -0.630524 0.675522 0.382242
-106.278 1.0684 85.3208 -0.630319 0.675842 0.382014
-105.176 1.0699 87.0696 -0.585704 0.6984 0.411
-103.954 1.04229 88.6902 -0.546036 0.696246 0.465924
-102.582 1.04912 90.1477 -0.514034 0.695888 0.501507
-101.13 1.06379 91.621 -0.515136 0.695765 0.500546
-99.7253 1.07389 93.0521 -0.513609 0.696527 0.501055
-98.3058 1.03866 94.474 -0.472026 0.707587 0.525844
-96.6601 1.04304 95.897 -0.451378 0.709974 0.54055
-94.9955 1.03341 97.1499 -0.423843 0.698103 0.57707
-93.3167 1.05092 98.3554 -0.421578 0.6972 0.579814
-91.5611 1.04341 99.6381 -0.421742 0.695053 0.582268
-89.8458 1.04505 100.878 -0.421703 0.695054 0.582294
-88.2081 1.03608 102.076 -0.423554 0.693737 0.582521
-86.5715 1.05415 103.232 -0.400371 0.699594 0.591838
-84.8291 1.07587 104.314 -0.380501 0.696194 0.608714
-83.0672 1.06334 105.429 -0.378974 0.696743 0.609039
-81.2217 1.06988 106.509 -0.363372 0.687844 0.628356
-79.4206 1.0774 107.54 -0.359969 0.688421 0.629681
-77.5407 1.03165 108.547 -0.307794 0.692385 0.652584
-75.7306 1.03228 109.4 -0.307793 0.692384 0.652586
-73.7841 1.06946 110.263 -0.291726 0.690872 0.661508
-71.9185 1.04094 111.025 -0.259451 0.693679 0.6719
-69.8516 1.04347 111.759 -0.22709 0.689319 0.687941
-67.9193 1.05258 112.391 -0.229009 0.679461 0.697056
-67.0351 1.27909 112.472 -0.239087 0.670551 0.702277
-68.7128 1.72187 111.483 -0.235308 0.673577 0.700659
-70.3853 2.21601 110.442 -0.256903 0.666109 0.700214
-72.1009 2.60639 109.414 -0.281411 0.67889 0.678162
-73.8009 2.99693 108.226 -0.307694 0.692424 0.652589
-75.4372 3.35896 107.07 -0.307694 0.692416 0.652598
-77.0961 3.74306 105.874 -0.316988 0.693413 0.647057
-78.8447 4.04507 104.625 -0.355047 0.690093 0.630623
-80.4004 4.30513 103.389 -0.380036 0.695755 0.609505
-82.05 4.54568 102.083 -0.380441 0.696209 0.608734
-83.6778 4.76515 100.811 -0.383682 0.697341 0.605395
-85.2564 5.02783 99.4601 -0.405332 0.698153 0.59016
-86.7789 5.19055 98.1718 -0.425748 0.694459 0.580056
-88.3104 5.43633 96.7491 -0.426379 0.694958 0.578994
-89.777 5.68667 95.3687 -0.426321 0.695147 0.57881
-91.2495 5.88701 94.0253 -0.430465 0.698103 0.572146
-92.689 6.11791 92.6105 -0.457696 0.70569 0.540796
-94.1986 6.2853 91.0661 -0.465378 0.708939 0.529934
-95.5579 6.51627 89.558 -0.477711 0.705639 0.523322
-96.9281 6.70164 88.0924 -0.467743 0.692149 0.549679
-98.3445 6.8901 86.5315 -0.543643 0.699559 0.463756
-99.6332 6.8495 84.9796 -0.563999 0.700561 0.437172
-100.943 6.76276 83.4279 -0.56416 0.701034 0.436205
-102.36 6.6983 81.7281 -0.560673 0.68474 0.465589
-103.587 6.69036 80.1398 -0.647293 0.648501 0.400572
-104.789 6.41151 78.48 -0.664411 0.653836 0.362017
-105.992 6.08626 76.8614 -0.662543 0.655659 0.362144
-107.15 5.84555 75.2046 -0.656084 0.657717 0.370083
-108.34 5.58536 73.531 -0.676352 0.643952 0.357596
-109.503 5.23689 71.8019 -0.691448 0.649437 0.316434
-110.567 4.91223 70.066 -0.713297 0.641855 0.281477
-111.625 4.47092 68.378 -0.715201 0.641566 0.277267
-112.671 4.04881 66.6596 -0.718481 0.62925 0.29636
-113.645 3.60559 64.9611 -0.748349 0.620993 0.233113
-114.558 3.00632 63.2812 -0.772123 0.610243 0.177284
-115.46 2.34754 61.6206 -0.772163 0.610199 0.177264
-116.375 1.69187 59.8876 -0.775876 0.607825 0.168827
-116.874 1.16425 59.4753 -0.784618 0.601021 0.152147
-116.416 1.18077 61.4731 -0.772168 0.610185 0.177287
-115.949 1.18121 63.504 -0.772174 0.610175 0.177298
-115.474 1.16922 65.5643 -0.770513 0.603421 0.20485
-114.867 1.14682 67.4736 -0.737497 0.628555 0.246994
-114.191 1.13852 69.4426 -0.720546 0.637349 0.273129
-113.427 1.12962 71.4277 -0.714839 0.64089 0.27976
-112.674 1.12165 73.3045 -0.691818 0.650129 0.314041
-112.245 1.08743 74.2528 -0.679289 0.64795 0.344567
-112.182 1.08465 74.3822 -0.678381 0.648641 0.345053
