75.5955 87.1221 -24.1955 0.0995932 0.576253 -0.81118
76.6513 85.588 -25.1618 0.0963163 0.577934 -0.81038
77.7089 84.0547 -26.1293 0.0964982 0.577798 -0.810455
78.7494 82.5351 -27.072 0.10329 0.571919 -0.813781
79.8539 81.0694 -27.9237 0.112603 0.539815 -0.834217
80.9737 79.5756 -28.7312 0.113169 0.536815 -0.836075
82.1485 78.0082 -29.5659 0.111486 0.517423 -0.848436
83.2655 76.4259 -30.3426 0.105857 0.490574 -0.864946
84.3813 74.8979 -31.078 0.102544 0.495068 -0.862782
85.4297 73.3624 -31.8352 0.102521 0.495413 -0.862587
86.5273 71.7778 -32.6158 0.10068 0.494951 -0.863069
87.6709 70.1347 -33.4283 0.0907298 0.487294 -0.868512
88.7664 68.5443 -34.2075 0.0905484 0.488017 -0.868125
89.8793 66.9966 -34.9592 0.0906115 0.480421 -0.872344
91.001 65.4691 -35.6589 0.0897705 0.462797 -0.881907
92.2184 63.8097 -36.4061 0.0886674 0.463435 -0.881684
93.3234 62.2734 -37.1026 0.0842396 0.45691 -0.885515
94.4167 60.7346 -37.7774 0.0828679 0.446722 -0.890827
95.5986 59.1699 -38.4519 0.0825237 0.44622 -0.89111
96.7867 57.4985 -39.1795 0.0834421 0.446407 -0.890931
97.9861 55.8916 -39.8738 0.084661 0.448521 -0.889754
99.1064 54.3525 -40.5417 0.084829 0.447445 -0.890279
100.252 52.8113 -41.1991 0.0807214 0.437144 -0.895762
101.442 51.1584 -41.8971 0.0817929 0.43737 -0.895554
102.578 49.6054 -42.5501 0.0842771 0.436466 -0.895761
103.704 48.0224 -43.2156 0.0837487 0.430796 -0.898555
104.899 46.4783 -43.846 0.0735219 0.42587 -0.901792
106.06 44.938 -44.4789 0.0739 0.425367 -0.901999
107.23 43.3721 -45.1231 0.0735783 0.426379 -0.901547
108.37 41.8486 -45.7496 0.074889 0.426293 -0.90148
109.481 40.2935 -46.3939 0.0747106 0.427217 -0.901057
110.6 38.7299 -47.0459 0.0722499 0.42926 -0.900286
111.739 37.1914 -47.6887 0.0731715 0.430481 -0.899629
112.913 35.6426 -48.3343 0.073165 0.430493 -0.899624
114.134 33.9133 -49.063 0.0728254 0.431017 -0.8994
115.368 32.2062 -49.7827 0.0727008 0.43171 -0.899078
116.627 30.6777 -50.4267 0.0585858 0.437799 -0.897162
117.777 29.108 -51.125 0.0530415 0.438619 -0.897106
118.977 27.5203 -51.8303 0.053047 0.438623 -0.897104
120.202 26.022 -52.4867 0.0522594 0.433514 -0.899627
121.338 24.4748 -53.1327 0.0443256 0.41806 -0.907337
122.346 22.921 -53.8901 0.00296684 0.452088 -0.891968
122.929 21.1242 -54.799 0.00299458 0.452107 -0.891959
122.932 19.2827 -55.7736 0.0081183 0.489505 -0.871963
122.53 17.5427 -56.7553 0.00813013 0.491252 -0.87098
122.041 15.8167 -57.7718 0.0354247 0.502035 -0.864121
121.549 14.1226 -58.7578 0.0324698 0.49409 -0.868804
121.081 12.412 -59.7323 0.017136 0.485185 -0.874244
120.509 10.6542 -60.709 0.0146136 0.483532 -0.875205
119.971 8.95082 -61.659 0.014603 0.483522 -0.87521
119.451 7.22923 -62.62 0.0129413 0.485035 -0.874399
118.954 5.52778 -63.5732 0.00554827 0.485897 -0.873998
120.256 4.81107 -63.96 0.00672702 0.483246 -0.875459
122.374 4.77848 -63.9609 0.00748831 0.487448 -0.873119
124.575 4.80786 -63.9233 0.00858408 0.488824 -0.87234
126.599 4.81268 -63.8983 0.0113793 0.490529 -0.871351
128.701 4.79158 -63.8901 0.00605063 0.492744 -0.870153
130.275 5.54966 -63.4481 0.00882079 0.493246 -0.869845
130.713 7.28048 -62.457 0.0111231 0.495505 -0.868534
131.156 8.97111 -61.4841 0.0127226 0.497523 -0.867358
131.648 10.6875 -60.4828 0.017979 0.502204 -0.864562
132.066 12.4087 -59.4745 0.018326 0.501742 -0.864823
132.464 14.1473 -58.4476 0.0295382 0.505466 -0.862341
132.934 15.8712 -57.4155 0.0311575 0.50752 -0.861077
133.423 17.6119 -56.3768 0.0393001 0.501691 -0.864143
133.723 19.3424 -55.3852 0.0423789 0.487027 -0.872358
132.65 20.9102 -54.5707 0.0406581 0.481166 -0.875686
131.576 22.4339 -53.7822 0.0408909 0.47903 -0.876845
130.436 24.0697 -52.9679 0.0453208 0.46636 -0.883433
129.319 25.679 -52.1763 0.049712 0.470074 -0.881225
128.238 27.2868 -51.3848 0.0506647 0.468829 -0.881835
127.199 28.8407 -50.6175 0.0475693 0.468416 -0.882225
125.979 30.4671 -49.8258 0.0550486 0.464556 -0.883831
124.839 32.0117 -49.1163 0.084369 0.455612 -0.886171
123.665 33.5931 -48.4173 0.0845693 0.455984 -0.885961
122.537 35.1057 -47.7467 0.084203 0.455781 -0.8861
121.35 36.6228 -47.0957 0.0949148 0.43118 -0.897252
120.063 38.1819 -46.4923 0.0943038 0.428425 -0.898643
118.875 39.718 -45.866 0.0846404 0.433451 -0.897193
117.666 41.2233 -45.2529 0.0846406 0.433452 -0.897193
116.46 42.8101 -44.6 0.0846383 0.433447 -0.897196
115.32 44.3513 -43.9634 0.0841441 0.43275 -0.897579
114.167 45.9423 -43.316 0.0818352 0.421515 -0.903121
112.996 47.4884 -42.6986 0.0756488 0.421209 -0.903798
111.733 49.0795 -42.0415 0.0607653 0.426204 -0.902584
110.546 50.6897 -41.3614 0.0607345 0.425967 -0.902698
109.447 52.2972 -40.6768 0.0607069 0.425978 -0.902695
108.291 53.8056 -40.0417 0.0635226 0.42922 -0.900963
107.136 55.3376 -39.3728 0.0634286 0.440372 -0.895572
106.033 56.8873 -38.6895 0.0649409 0.440697 -0.895304
104.902 58.4613 -37.9967 0.0649647 0.44071 -0.895295
103.731 59.996 -37.326 0.0648529 0.441228 -0.895048
102.555 61.5565 -36.633 0.0638414 0.447604 -0.89195
101.402 63.0827 -35.9537 0.0668613 0.446506 -0.892279
100.307 64.6328 -35.26 0.0668653 0.446522 -0.892271
99.2918 66.2244 -34.5369 0.065001 0.454461 -0.888392
98.1582 67.8393 -33.7441 0.0618849 0.489412 -0.869854
96.9943 69.4734 -32.9046 0.0609615 0.49019 -0.869481
95.9172 70.9898 -32.1273 0.0669045 0.489089 -0.869664
94.8124 72.6273 -31.3033 0.0843007 0.494736 -0.864945
93.6878 74.1741 -30.5184 0.08856 0.50343 -0.859485
92.5243 75.7922 -29.6892 0.0893875 0.504509 -0.858767
91.4445 77.3178 -28.9054 0.0893431 0.5046 -0.858718
90.412 78.9091 -28.0637 0.080416 0.519688 -0.850562
89.0274 80.2002 -27.3995 0.0781746 0.521738 -0.849516
87.2181 81.2011 -26.9498 0.0815407 0.528086 -0.845267
85.4661 82.1447 -26.5178 0.0801094 0.545438 -0.834311
83.6111 83.1742 -26.0157 0.095925 0.566324 -0.81858
81.875 84.1201 -25.5709 0.0986136 0.565195 -0.819042
80.0966 84.9704 -25.1971 0.0973 0.567579 -0.817549
78.2293 85.8744 -24.7743 0.0928676 0.574529 -0.813198
76.3143 86.7574 -24.3688 0.0942917 0.576944 -0.811323
75.7003 87.0674 -24.2216 0.0989629 0.575787 -0.811588
77.4061 89.4899 -22.1196 0.0820269 0.638011 -0.765646
75.6514 90.4079 -21.6242 0.133375 0.615037 -0.777135
73.8635 91.3843 -21.1623 0.134708 0.614109 -0.77764
72.0169 92.4527 -20.6386 0.134156 0.612645 -0.778889
70.1511 93.5177 -20.1235 0.133579 0.61037 -0.780772
68.3338 94.5262 -19.6301 0.112339 0.613088 -0.781986
66.3766 95.3672 -19.2524 0.128955 0.634256 -0.762266
66.8811 94.1595 -20.1818 0.153309 0.642559 -0.750727
67.9171 92.6181 -21.251 0.150223 0.622707 -0.767899
68.8705 91.1564 -22.2506 0.147222 0.622424 -0.768709
69.7711 89.6851 -23.2711 0.147033 0.622648 -0.768564
70.8341 88.2562 -24.1801 0.136532 0.585486 -0.799103
71.9096 86.6999 -25.0965 0.138351 0.57032 -0.809687
72.9198 85.1949 -25.984 0.138359 0.570307 -0.809695
73.9898 83.6357 -26.9008 0.131716 0.56682 -0.813244
75.0448 82.1122 -27.8317 0.0961462 0.578244 -0.810179
76.1162 80.6241 -28.7228 0.11626 0.538686 -0.834447
77.2014 79.1389 -29.5152 0.111678 0.525894 -0.843178
78.3142 77.5841 -30.2918 0.105976 0.490377 -0.865043
79.413 76.0312 -31.0377 0.105837 0.490384 -0.865056
80.5863 74.4394 -31.7967 0.105607 0.490584 -0.864971
81.6415 72.8811 -32.5617 0.102231 0.494375 -0.863216
82.7897 71.2427 -33.3575 0.100498 0.489824 -0.86601
83.9037 69.6439 -34.1318 0.103955 0.493531 -0.863493
85.039 68.0163 -34.9242 0.107551 0.496129 -0.861562
86.0885 66.48 -35.6741 0.110122 0.490901 -0.864228
87.2092 64.9462 -36.3859 0.116686 0.484923 -0.866738
88.4226 63.3069 -37.1349 0.11275 0.469401 -0.875757
89.6052 61.6797 -37.8359 0.112079 0.455631 -0.883085
90.76 60.0477 -38.5303 0.111994 0.454973 -0.883435
91.9499 58.4034 -39.2264 0.110959 0.454764 -0.883673
93.0719 56.8741 -39.8729 0.105186 0.451823 -0.885885
94.2076 55.2423 -40.5778 0.100574 0.451096 -0.886788
95.348 53.7276 -41.2307 0.0891004 0.451449 -0.887837
96.5553 52.0936 -41.9374 0.0902532 0.449864 -0.888525
97.7198 50.485 -42.6101 0.0965639 0.440083 -0.89275
98.8768 48.9189 -43.2581 0.0935735 0.441109 -0.892562
99.9859 47.3756 -43.9071 0.0912953 0.437659 -0.894494
101.222 45.7147 -44.5731 0.0966024 0.426231 -0.899442
102.356 44.1549 -45.1903 0.0966577 0.426171 -0.899464
103.527 42.5726 -45.8145 0.0935737 0.425634 -0.900044
104.746 40.9668 -46.4559 0.0759083 0.425546 -0.901748
105.91 39.387 -47.1045 0.0710258 0.424697 -0.902545
107.114 37.7189 -47.7999 0.0695859 0.428726 -0.900751
108.234 36.1483 -48.4638 0.0697069 0.429596 -0.900327
109.444 34.5527 -49.1307 0.0704374 0.429772 -0.900186
110.642 32.9591 -49.7994 0.070676 0.431311 -0.899431
111.853 31.3052 -50.4975 0.0707449 0.431441 -0.899363
113.007 29.7775 -51.1391 0.0716889 0.431725 -0.899152
114.197 28.211 -51.796 0.0694403 0.431513 -0.89943
115.35 26.6608 -52.465 0.0558731 0.438059 -0.897208
116.589 25.0481 -53.1599 0.054844 0.413294 -0.908929
117.837 23.3826 -53.8304 0.0555205 0.408401 -0.911112
118.976 21.8058 -54.4781 0.0251656 0.423082 -0.905665
119.436 20.09 -55.3559 0.00181999 0.481406 -0.876496
119.02 18.2935 -56.4199 0.0393479 0.52305 -0.851393
118.513 16.5221 -57.5051 0.036865 0.498999 -0.865818
118.029 14.7919 -58.4754 0.0121722 0.4794 -0.877512
117.506 13.0086 -59.4588 0.0140307 0.481608 -0.876274
116.96 11.2774 -60.4259 0.0261811 0.485937 -0.873601
116.433 9.58232 -61.39 0.0392359 0.487719 -0.872113
115.961 7.88893 -62.3623 0.0418554 0.488655 -0.871473
115.426 6.17784 -63.3275 0.0336769 0.468962 -0.882574
114.888 4.37364 -64.2714 0.030699 0.455621 -0.889644
114.324 2.50456 -65.2545 0.0171105 0.462745 -0.886307
115.354 1.65311 -65.6943 0.0099383 0.47401 -0.880463
117.427 1.6497 -65.6784 0.000415098 0.477724 -0.87851
119.434 1.65592 -65.6813 -0.00359 0.476263 -0.879296
121.604 1.65016 -65.6894 0.00269067 0.479567 -0.877501
123.607 1.6655 -65.669 0.00604038 0.482647 -0.875794
125.609 1.67615 -65.6535 0.0018721 0.486073 -0.873916
127.805 1.64166 -65.669 0.00118842 0.486244 -0.873822
129.864 1.6676 -65.6499 0.00257424 0.488527 -0.872545
131.884 1.66438 -65.6402 0.00639267 0.494753 -0.86901
133.179 2.63716 -65.0747 0.00957496 0.49511 -0.868778
133.635 4.33164 -64.1039 0.00669653 0.494387 -0.869214
134.128 6.1135 -63.0847 0.00260662 0.494756 -0.869028
134.568 7.85776 -62.0865 0.00062098 0.499444 -0.866346
135.033 9.61413 -61.0706 -0.000293005 0.500432 -0.865775
135.511 11.3451 -60.0558 0.0125592 0.514259 -0.857535
135.921 13.0505 -59.0002 0.0209498 0.523354 -0.851858
136.372 14.7176 -57.9652 0.0217885 0.521256 -0.85312
136.864 16.4678 -56.8941 0.0378518 0.506855 -0.861199
137.334 18.297 -55.7915 0.04728 0.512142 -0.857598
137.485 19.9649 -54.7422 0.059141 0.502073 -0.86274
136.453 21.5036 -53.9502 0.0717085 0.493442 -0.866818
135.371 23.0136 -53.1809 0.0714835 0.492876 -0.867158
134.273 24.5895 -52.3758 0.0715023 0.492861 -0.867165
133.112 26.2197 -51.5451 0.071646 0.492619 -0.867291
132.038 27.7684 -50.7575 0.081951 0.491044 -0.867263
130.943 29.3466 -49.9722 0.0944569 0.493171 -0.864789
129.857 30.8867 -49.2135 0.0950801 0.491684 -0.865567
128.741 32.4 -48.4883 0.0938187 0.481063 -0.871652
127.591 33.9113 -47.778 0.0938047 0.481059 -0.871656
126.429 35.4891 -47.0431 0.116175 0.478 -0.870638
125.257 37.0472 -46.374 0.146768 0.466398 -0.872314
123.982 38.7044 -45.7745 0.152774 0.429168 -0.890211
122.772 40.2451 -45.219 0.118371 0.420302 -0.89963
121.609 41.7892 -44.6072 0.0859428 0.432546 -0.897507
120.31 43.3853 -43.9609 0.083343 0.429805 -0.899067
119.173 44.9192 -43.3432 0.0814952 0.421744 -0.903045
117.983 46.5262 -42.7007 0.0811614 0.42124 -0.90331
116.803 48.1054 -42.0703 0.0811531 0.421239 -0.903312
115.641 49.6581 -41.4506 0.0811744 0.421232 -0.903313
114.486 51.1806 -40.8439 0.0790404 0.421968 -0.903158
113.255 52.8219 -40.173 0.0626723 0.425588 -0.902742
112.091 54.4681 -39.4679 0.0593097 0.438717 -0.896666
110.945 55.9662 -38.8064 0.0594164 0.442108 -0.894992
109.812 57.4964 -38.126 0.0596101 0.441872 -0.895096
108.694 59.0398 -37.4391 0.0605085 0.441965 -0.894989
107.525 60.6302 -36.7386 0.0648064 0.441203 -0.895064
106.381 62.1595 -36.0584 0.063234 0.448045 -0.891772
105.231 63.7151 -35.3584 0.0632264 0.448048 -0.891771
104.056 65.3009 -34.6458 0.0651007 0.44778 -0.89177
103.022 66.877 -33.9273 0.0625883 0.461639 -0.884816
101.875 68.4304 -33.1494 0.0659824 0.494607 -0.866609
100.827 69.942 -32.361 0.0689382 0.502242 -0.861972
99.7547 71.4642 -31.559 0.0722415 0.505213 -0.859965
98.6827 73.0105 -30.74 0.0726071 0.505728 -0.859632
97.5242 74.642 -29.8781 0.0726632 0.505712 -0.859637
96.4532 76.1511 -29.0816 0.0744851 0.506867 -0.8588
95.3618 77.6881 -28.2804 0.086257 0.504983 -0.858805
94.2502 79.2466 -27.479 0.0886178 0.506755 -0.857523
93.2134 80.7616 -26.6659 0.0765302 0.530931 -0.843952
91.9658 82.1307 -25.8815 0.0819659 0.564066 -0.821651
90.1005 83.1312 -25.3808 0.0829072 0.565858 -0.820324
88.2351 84.1078 -24.8953 0.0828757 0.566061 -0.820187
86.4408 85.0659 -24.4154 0.0828755 0.566055 -0.820191
84.5592 86.0882 -23.9012 0.0860805 0.564777 -0.820742
82.6787 87.0746 -23.4328 0.0960728 0.568502 -0.817053
80.8111 87.9663 -23.0057 0.0898987 0.601317 -0.793908
78.9784 88.7758 -22.5476 0.0844305 0.636357 -0.76675
77.5087 89.442 -22.1485 0.0820269 0.638011 -0.765646
82.4523 80.4519 -27.9685 0.113162 0.536815 -0.836076
84.4803 80.3281 -27.7741 0.111926 0.537043 -0.836097
85.657 80.2646 -27.6738 0.086255 0.527871 -0.844933
84.5792 77.4747 -29.5766 0.110989 0.515403 -0.84973
86.7716 77.3496 -29.3725 0.103176 0.521514 -0.846981
88.7927 77.2554 -29.2178 0.090095 0.505825 -0.857918
89.4377 77.2253 -29.168 0.0881118 0.507669 -0.857034
91.5082 74.221 -30.7102 0.0848818 0.49793 -0.863053
89.3787 74.3129 -30.8658 0.0844756 0.497131 -0.863554
87.2502 74.4068 -31.0237 0.0928986 0.498902 -0.861665
86.9781 74.4202 -31.0461 0.0970269 0.496111 -0.862821
88.9035 71.4096 -32.5829 0.0853866 0.494372 -0.865046
91.0024 71.3185 -32.4252 0.0867909 0.490784 -0.866948
93.1152 71.2257 -32.2634 0.0886157 0.485403 -0.869788
93.6537 71.2019 -32.2218 0.0886385 0.485405 -0.869785
95.6182 68.1834 -33.7294 0.062492 0.490546 -0.869172
93.4004 68.2696 -33.884 0.0886299 0.485404 -0.869786
91.3585 68.3586 -34.0431 0.0891059 0.486464 -0.869145
91.0082 68.374 -34.0704 0.0893737 0.487255 -0.868674
93.2656 65.3155 -35.5094 0.0890328 0.463463 -0.881632
95.4247 65.2259 -35.3433 0.0826005 0.461032 -0.883531
97.5398 65.1528 -35.2072 0.0672148 0.446833 -0.892089
97.8883 65.1417 -35.1866 0.066828 0.446539 -0.892265
99.833 62.069 -36.5812 0.0711205 0.448611 -0.890893
97.694 62.1515 -36.7398 0.0865294 0.464558 -0.881305
95.6137 62.2354 -36.9001 0.086652 0.464618 -0.881261
95.4515 62.242 -36.9126 0.086655 0.464613 -0.881263
97.9168 59.1391 -38.2529 0.0824335 0.446336 -0.891061
100.059 59.0585 -38.095 0.0822374 0.446382 -0.891056
102.244 58.9805 -37.941 0.0745128 0.447238 -0.891306
102.307 58.9783 -37.9368 0.0727659 0.445967 -0.892087
100.115 56.0433 -39.6012 0.079753 0.447577 -0.890682
102.237 55.9705 -39.4555 0.0755182 0.448181 -0.890747
104.291 55.9013 -39.3161 0.0755203 0.44818 -0.890748
104.603 55.8908 -39.295 0.0745182 0.447461 -0.891193
106.792 52.7984 -40.6401 0.0768951 0.433917 -0.897666
104.793 52.8662 -40.7793 0.0770435 0.43427 -0.897482
102.772 52.9349 -40.9197 0.076834 0.434278 -0.897496
102.313 52.9505 -40.9515 0.0776115 0.434438 -0.897352
104.558 49.8403 -42.2634 0.0773834 0.434118 -0.897526
106.631 49.7704 -42.1182 0.0775453 0.434031 -0.897554
108.639 49.7028 -41.9774 0.0775343 0.43404 -0.897551
109.081 49.6881 -41.9466 0.0762574 0.433659 -0.897845
107.047 46.7202 -43.5521 0.075588 0.428049 -0.900589
109.221 46.6491 -43.4026 0.0779393 0.431548 -0.898717
111.241 46.5829 -43.2628 0.0736316 0.430764 -0.899456
111.509 46.5746 -43.2452 0.0723047 0.42939 -0.90022
113.682 43.4616 -44.5452 0.0818548 0.431185 -0.898543
111.636 43.5267 -44.6834 0.0725488 0.428151 -0.90079
109.561 43.5932 -44.824 0.0752976 0.426934 -0.901142
109.275 43.6024 -44.8435 0.075324 0.426923 -0.901146
111.485 40.4871 -46.1396 0.0719052 0.428142 -0.900846
113.527 40.4241 -46.0067 0.0718564 0.428128 -0.900857
115.62 40.3564 -45.8639 0.0817869 0.433582 -0.897395
116.169 40.3366 -45.8224 0.0839699 0.433021 -0.897464
113.83 37.3705 -47.4342 0.0717906 0.428682 -0.900599
115.907 37.3056 -47.2989 0.0720912 0.428613 -0.900607
117.913 37.2363 -47.1556 0.0838639 0.433008 -0.89748
118.639 37.2092 -47.0996 0.0870213 0.432477 -0.897436
121.113 34.092 -48.4031 0.0839056 0.455301 -0.886375
119.093 34.1658 -48.5515 0.0804135 0.448299 -0.890259
117.082 34.2265 -48.6752 0.0682523 0.433592 -0.898521
116.092 34.2577 -48.7392 0.07232 0.431358 -0.899277
118.397 31.1635 -50.0833 0.0532314 0.438713 -0.897049
120.454 31.1093 -49.9747 0.072353 0.448543 -0.890828
122.483 31.0359 -49.8296 0.0817325 0.45079 -0.88888
123.436 31.0003 -49.7601 0.0817351 0.450787 -0.888882
125.585 27.9406 -51.1753 0.0448848 0.465566 -0.883874
123.56 27.9922 -51.2746 0.0802347 0.450836 -0.888993
121.489 28.063 -51.4134 0.0594239 0.441651 -0.895217
120.828 28.08 -51.4471 0.0536116 0.438349 -0.897205
123.139 25.0072 -52.8261 0.0184809 0.452582 -0.891531
125.212 24.9714 -52.7587 0.0434944 0.465869 -0.883784
127.302 24.9267 -52.6757 0.044972 0.465834 -0.883729
127.595 24.9204 -52.6642 0.0449627 0.465815 -0.883739
129.741 21.9033 -54.1573 0.0410148 0.478732 -0.877002
127.701 21.9427 -54.2279 0.039641 0.462888 -0.88553
125.682 21.9819 -54.2992 0.0403756 0.46147 -0.886237
124.592 22.0013 -54.3352 0.0285239 0.455957 -0.889544
124.723 19.0265 -55.8991 0.0137084 0.488076 -0.872694
126.796 19.0049 -55.8611 0.0235975 0.486332 -0.873455
128.818 18.9811 -55.8194 0.0243752 0.486583 -0.873294
130.923 18.9424 -55.7518 0.0445855 0.489442 -0.870895
131.776 18.9233 -55.7184 0.0451012 0.489398 -0.870894
131.079 16.013 -57.4 0.0338775 0.500642 -0.864991
129.075 16.0421 -57.4501 0.0234382 0.488401 -0.872304
127.009 16.0656 -57.4909 0.0218543 0.48908 -0.871965
124.982 16.0882 -57.5303 0.0231994 0.486975 -0.873108
124.033 16.0986 -57.5486 0.0187131 0.490037 -0.871501
123.361 13.1857 -59.2243 0.0299247 0.494822 -0.868479
125.523 13.1625 -59.1836 0.0194394 0.494763 -0.86881
127.567 13.142 -59.1478 0.0208495 0.496963 -0.867521
129.594 13.122 -59.1132 0.0184015 0.500335 -0.865636
130.264 13.1159 -59.1027 0.0181785 0.50038 -0.865615
129.553 10.2132 -60.795 0.0119358 0.49712 -0.867599
127.393 10.2282 -60.8212 0.0169401 0.497291 -0.867418
125.257 10.2465 -60.8533 0.0174943 0.496557 -0.867828
123.169 10.2628 -60.8818 0.0141116 0.487764 -0.872861
122.392 10.268 -60.8911 0.0141662 0.483632 -0.875157
121.476 7.33784 -62.5356 0.0086738 0.489039 -0.872219
123.503 7.32923 -62.5203 0.00866634 0.489041 -0.872218
125.615 7.31907 -62.5024 0.0118462 0.490154 -0.871555
127.77 7.30612 -62.4796 0.0120855 0.490202 -0.871525
128.768 7.30048 -62.4697 0.0106826 0.493835 -0.86949
128.848 7.30006 -62.469 0.0106811 0.493828 -0.869494
