-114.416 4.82409 69.4211 -0.723954 0.633121 0.273952
-113.396 5.22787 71.1158 -0.704719 0.645859 0.293663
-112.363 5.51743 72.8098 -0.688056 0.647349 0.327868
-111.192 5.80894 74.5604 -0.680555 0.639761 0.357144
-110.04 6.05081 76.3113 -0.674805 0.644338 0.359812
-108.835 6.29696 78.0667 -0.662803 0.652179 0.367905
-107.676 6.54845 79.7062 -0.662685 0.651942 0.368538
-106.452 6.83552 81.3648 -0.639972 0.660011 0.393474
-105.202 7.03158 82.9416 -0.624152 0.667875 0.405424
-103.97 7.11024 84.5903 -0.577925 0.683821 0.445411
-102.69 7.1002 86.2327 -0.566113 0.691575 0.448598
-101.308 7.12423 87.8437 -0.530616 0.685834 0.498005
-99.8347 7.00064 89.5219 -0.51816 0.687305 0.509041
-98.495 6.85891 91.0588 -0.500484 0.692824 0.519144
-97.0731 6.64276 92.6425 -0.472269 0.700087 0.535574
-95.5976 6.45716 94.1713 -0.462052 0.695046 0.550824
-94.0829 6.24416 95.6729 -0.448566 0.696671 0.559856
-92.6212 6.01709 97.117 -0.44184 0.693212 0.569416
-91.0665 5.79123 98.5624 -0.433196 0.690965 0.578712
-89.4166 5.58156 100.046 -0.431209 0.691703 0.579315
-87.8906 5.37141 101.433 -0.431407 0.691695 0.579177
-86.1951 5.18483 102.878 -0.404405 0.693721 0.595959
-84.6065 4.93148 104.215 -0.381182 0.697688 0.606574
-83.0141 4.6878 105.482 -0.375579 0.692935 0.615452
-82.3097 4.49714 106.112 -0.363868 0.687813 0.628103
-84.1607 4.4261 105.072 -0.378939 0.696068 0.609831
-86.0405 4.34901 103.96 -0.395756 0.697404 0.597499
-87.7965 4.39974 102.664 -0.431403 0.691682 0.579195
-89.4832 4.37161 101.443 -0.427501 0.694465 0.578759
-91.1138 4.32973 100.283 -0.431421 0.696397 0.573504
-92.7938 4.28676 99.0697 -0.432849 0.693339 0.576127
-94.4352 4.29717 97.8085 -0.443464 0.695179 0.565743
-96.1695 4.20335 96.5102 -0.456171 0.696366 0.55406
-97.7462 4.23693 95.1715 -0.455999 0.699481 0.550264
-99.2986 4.19104 93.8159 -0.498848 0.700115 0.510873
-100.685 4.25446 92.3782 -0.488431 0.713434 0.502401
-102.182 4.23942 90.8978 -0.520617 0.701639 0.486469
-103.618 4.22302 89.3433 -0.532635 0.693634 0.484945
-104.867 4.30423 87.7713 -0.588118 0.676556 0.443159
-106.009 4.38091 86.0757 -0.59875 0.676265 0.429142
-107.106 4.4276 84.3606 -0.623507 0.674046 0.396106
-108.265 4.4132 82.5141 -0.638002 0.665448 0.387463
-109.3 4.39957 80.7347 -0.645937 0.675732 0.355179
-110.285 4.45081 78.8434 -0.648049 0.676435 0.349921
-111.161 4.49172 77.0197 -0.676666 0.654423 0.337422
-112.062 4.57463 75.1288 -0.676104 0.645762 0.354789
-112.993 4.59509 73.2949 -0.685177 0.646929 0.334608
-113.82 4.68607 71.2863 -0.709318 0.639669 0.296095
-114.386 4.80547 69.5431 -0.723954 0.633114 0.273965
-112.628 7.75463 67.4726 -0.723801 0.627374 0.287254
-113.657 7.31284 65.7638 -0.744394 0.619227 0.249867
-114.621 6.80375 64.0498 -0.748392 0.622519 0.228867
-115.548 6.23065 62.3256 -0.772257 0.610123 0.177112
-116.442 5.53801 60.6731 -0.780608 0.608329 0.1434
-117.314 4.80937 58.952 -0.782706 0.603548 0.151993
-118.172 4.07351 57.1269 -0.813254 0.57036 0.115341
-118.986 3.26237 55.3603 -0.803201 0.586395 0.104923
-119.805 2.46125 53.5831 -0.798316 0.593535 0.101974
-120.553 1.63461 52.5017 -0.788671 0.610002 0.0767824
-120.325 1.62994 54.5128 -0.783644 0.614166 0.0932828
-120.101 1.62673 56.5165 -0.779457 0.620765 0.0842469
-119.835 1.64596 58.5959 -0.77927 0.614559 0.121793
-119.484 1.63571 60.5716 -0.77871 0.611305 0.141057
-119.101 1.65222 62.5847 -0.777943 0.605873 0.166437
-118.642 1.65253 64.6068 -0.77223 0.610153 0.177127
-118.138 1.64406 66.546 -0.741496 0.629024 0.233477
-117.496 1.64025 68.4528 -0.739282 0.627122 0.245312
-116.863 1.6209 70.4159 -0.738067 0.628298 0.245965
-116.148 1.60806 72.434 -0.710623 0.647555 0.275112
-115.343 1.56747 74.3698 -0.684378 0.64927 0.331776
-114.472 1.54698 76.18 -0.673388 0.66947 0.31362
-113.606 1.54801 78.0427 -0.672887 0.670651 0.31217
-112.723 1.54289 79.9294 -0.662113 0.672552 0.330536
-111.797 1.49749 81.7669 -0.636594 0.693303 0.337756
-110.756 1.4942 83.5489 -0.617647 0.69174 0.374176
-109.657 1.49834 85.3644 -0.617388 0.694176 0.37007
-108.566 1.51041 87.1605 -0.61333 0.696996 0.371516
-107.5 1.47748 88.9101 -0.583394 0.714115 0.386898
-106.252 1.44005 90.6635 -0.515434 0.730463 0.448054
-104.784 1.4398 92.2379 -0.498656 0.71907 0.484025
-103.345 1.43903 93.7153 -0.496293 0.720003 0.485065
-101.907 1.43858 95.187 -0.496935 0.718802 0.486188
-100.486 1.41914 96.6295 -0.476658 0.727206 0.493932
-98.9533 1.42259 97.9717 -0.426325 0.734057 0.52859
-97.2896 1.4438 99.2288 -0.422675 0.716868 0.554469
-95.5807 1.47002 100.46 -0.413365 0.70865 0.571791
-93.9154 1.47384 101.658 -0.415814 0.707337 0.57164
-92.2555 1.49094 102.877 -0.431087 0.696934 0.573103
-90.583 1.50237 104.086 -0.42044 0.697227 0.580607
-88.8903 1.51045 105.305 -0.425626 0.694916 0.579599
-87.2501 1.49968 106.479 -0.386221 0.699077 0.601769
-85.5038 1.5263 107.515 -0.363086 0.690365 0.625751
-83.7695 1.51072 108.537 -0.363376 0.687827 0.628372
-82.026 1.49222 109.566 -0.363375 0.687821 0.628379
-80.2311 1.49514 110.6 -0.36144 0.686952 0.630443
-78.4259 1.50897 111.533 -0.310829 0.691915 0.651641
-76.5371 1.51393 112.383 -0.276398 0.681354 0.677641
-74.633 1.51638 113.137 -0.275155 0.690082 0.669381
-72.7202 1.5329 113.905 -0.269245 0.691013 0.670827
-70.8096 1.51583 114.595 -0.224799 0.69341 0.684579
-68.8636 1.52242 115.233 -0.22843 0.690722 0.686093
-66.8614 1.50554 115.881 -0.211394 0.680303 0.701767
-64.9281 1.53497 116.453 -0.220238 0.669636 0.709281
-62.9287 1.57332 116.927 -0.157673 0.664905 0.730096
-60.9422 1.58185 117.348 -0.157126 0.665153 0.729989
-58.9831 1.55553 117.793 -0.157049 0.665174 0.729986
-58.6655 1.83952 117.603 -0.157056 0.66518 0.729978
-60.4285 2.43329 116.682 -0.157077 0.665175 0.729979
-62.1377 2.99928 115.799 -0.15718 0.664969 0.730145
-63.9131 3.60144 114.821 -0.196035 0.664315 0.721274
-65.6461 4.0404 113.879 -0.232349 0.667207 0.707707
-67.333 4.54747 112.838 -0.235313 0.668693 0.705321
-69.0053 5.0137 111.826 -0.24572 0.664832 0.705422
-70.7565 5.46472 110.752 -0.274118 0.674465 0.685532
-72.534 5.91078 109.606 -0.272889 0.682425 0.678106
-74.2327 6.32713 108.399 -0.307694 0.69239 0.652626
-75.8682 6.652 107.283 -0.309126 0.692901 0.651405
-77.6311 6.96013 106.057 -0.334814 0.693461 0.637974
-79.3236 7.23656 104.839 -0.359389 0.688813 0.629584
-80.922 7.51447 103.564 -0.379883 0.696158 0.60914
-82.5357 7.77761 102.255 -0.381281 0.695901 0.608561
-84.224 8.01735 100.878 -0.396437 0.697781 0.596607
-85.8422 8.19484 99.5773 -0.418436 0.692352 0.587835
-87.3216 8.43497 98.2029 -0.429519 0.690887 0.581541
-88.8734 8.6501 96.7991 -0.432137 0.69073 0.579783
-90.3831 8.8746 95.3935 -0.43729 0.690165 0.576584
-91.8814 9.13315 93.9252 -0.45407 0.68301 0.572117
-93.3424 9.30146 92.5209 -0.47686 0.690628 0.543726
-94.7433 9.4795 91.0539 -0.479897 0.690701 0.540954
-96.13 9.68043 89.5777 -0.475575 0.686759 0.549718
-97.5089 9.91818 88.0845 -0.489706 0.676262 0.550325
-98.929 10.0433 86.4945 -0.555495 0.676849 0.483012
-100.299 9.98616 84.8738 -0.574073 0.683465 0.450906
-101.594 10.006 83.2205 -0.564544 0.680787 0.466703
-102.924 10.0272 81.6043 -0.57103 0.668433 0.476567
-104.187 9.93197 80.0009 -0.644722 0.653212 0.397049
-105.363 9.63925 78.4083 -0.666528 0.650068 0.3649
-106.65 9.33013 76.6283 -0.662889 0.65205 0.367978
-107.837 9.0829 74.938 -0.662707 0.648894 0.373833
-108.998 8.91805 73.2174 -0.68559 0.619953 0.381506
-110.16 8.59076 71.4313 -0.705383 0.634564 0.315852
-111.212 8.28041 69.7215 -0.701532 0.631771 0.329725
-112.276 7.91734 68.0085 -0.728664 0.62011 0.29071
-112.441 7.84075 67.7571 -0.725593 0.62545 0.286915
-112.538 7.7959 67.6102 -0.723806 0.627368 0.287253
