-49.2268 102.122 -41.6091 -0.837907 0.518756 -0.169719
-49.2013 102.167 -41.5973 -0.837822 0.518827 -0.169921
-48.9114 102.781 -41.1508 -0.838025 0.518803 -0.168988
-48.872 102.866 -41.0856 -0.838024 0.51881 -0.168975
-48.7949 103.039 -40.9367 -0.838147 0.518529 -0.169223
-48.1241 104.505 -39.7638 -0.838289 0.5187 -0.167993
-47.3912 106.116 -38.4396 -0.838325 0.518935 -0.167085
-46.7379 107.565 -37.216 -0.837923 0.51946 -0.167469
-46.0653 109.023 -35.9993 -0.832494 0.529071 -0.164431
-45.3717 110.48 -34.7733 -0.829381 0.53526 -0.160074
-44.5541 112.051 -33.6399 -0.822234 0.547565 -0.155254
-43.7841 113.549 -32.4087 -0.819871 0.551161 -0.155025
-43.0261 115.029 -31.1441 -0.819443 0.551989 -0.154339
-42.2274 116.56 -29.8944 -0.814367 0.558137 -0.158987
-41.4445 118.041 -28.6351 -0.80817 0.56714 -0.158788
-40.5097 119.604 -27.5901 -0.791997 0.592841 -0.145869
-39.4565 121.197 -26.6417 -0.777378 0.617516 -0.119793
-38.3879 122.683 -25.8075 -0.7701 0.624967 -0.127916
-37.241 124.213 -25.0898 -0.762857 0.6351 -0.121234
-36.1288 125.719 -24.2776 -0.762884 0.629712 -0.146487
-35.0186 127.22 -23.5519 -0.747 0.647442 -0.150756
-33.7558 128.784 -22.9573 -0.742093 0.654504 -0.144647
-32.4939 130.312 -22.5231 -0.739438 0.658292 -0.14086
-31.136 131.855 -22.0562 -0.707212 0.692884 -0.140447
-29.7935 133.379 -21.5509 -0.713169 0.674874 -0.189565
-30.179 132.793 -22.3123 -0.710514 0.688725 -0.143948
-31.2534 131.463 -23.4433 -0.718382 0.683384 -0.130053
-32.2692 130.128 -24.5375 -0.742201 0.654541 -0.143917
-33.2803 128.746 -25.637 -0.741896 0.658007 -0.128904
-34.3637 127.313 -26.7232 -0.74588 0.653982 -0.126373
-35.4234 125.873 -27.8 -0.758778 0.638975 -0.12635
-36.4739 124.409 -28.8525 -0.767628 0.627723 -0.129247
-37.4408 122.998 -29.9107 -0.768885 0.625944 -0.130413
-38.4342 121.534 -30.9234 -0.787818 0.599573 -0.140905
-39.4487 119.916 -31.93 -0.79663 0.58649 -0.146321
-40.3789 118.375 -32.9002 -0.811997 0.565 -0.146409
-41.3289 116.749 -33.8888 -0.816141 0.560998 -0.138548
-42.2575 115.152 -34.8278 -0.821698 0.551367 -0.144228
-43.1495 113.575 -35.7078 -0.824624 0.546337 -0.146667
-44.0453 111.978 -36.6055 -0.826641 0.542854 -0.148235
-44.9426 110.344 -37.4717 -0.83488 0.529702 -0.149637
-45.8174 108.708 -38.312 -0.839172 0.520525 -0.157618
-46.6875 107.027 -39.1624 -0.84224 0.514735 -0.160251
-47.5466 105.357 -40.0189 -0.839723 0.517269 -0.16522
-48.4063 103.703 -40.8285 -0.838116 0.518352 -0.169921
-48.6728 103.182 -41.1028 -0.838021 0.518567 -0.169733
-47.2977 104.22 -44.7272 -0.839974 0.514997 -0.170945
-46.4723 105.849 -43.8872 -0.841353 0.513024 -0.170094
-45.6422 107.504 -43.0289 -0.844919 0.506667 -0.171464
-44.7912 109.205 -42.1803 -0.844721 0.509654 -0.163395
-43.9175 110.875 -41.3718 -0.836882 0.528047 -0.144197
-43.0237 112.504 -40.4421 -0.827483 0.543027 -0.142799
-42.1027 114.128 -39.5514 -0.821727 0.550555 -0.14715
-41.1276 115.849 -38.5765 -0.825289 0.545904 -0.144522
-40.2125 117.462 -37.6798 -0.825037 0.550589 -0.127145
-39.25 119.086 -36.6686 -0.809147 0.573896 -0.126191
-38.269 120.649 -35.7002 -0.797845 0.587559 -0.134974
-37.2942 122.191 -34.74 -0.796653 0.589313 -0.134366
-36.3439 123.661 -33.755 -0.790203 0.60256 -0.111803
-35.3089 125.122 -32.7122 -0.766472 0.634075 -0.102305
-34.223 126.604 -31.5941 -0.756453 0.645065 -0.108023
-33.0996 128.104 -30.4935 -0.760306 0.640925 -0.10559
-31.9975 129.52 -29.4665 -0.742835 0.660481 -0.109369
-30.9627 130.872 -28.3337 -0.741802 0.661249 -0.111714
-29.8634 132.218 -27.236 -0.7142 0.692946 -0.0987151
-28.7798 133.527 -26.0957 -0.706511 0.698183 -0.115502
-27.6318 134.8 -24.9239 -0.657285 0.745843 -0.108145
-26.4023 136.042 -23.6321 -0.642102 0.752821 -0.144793
-24.9062 137.35 -22.8504 -0.531606 0.817478 -0.221642
-23.201 138.142 -23.651 -0.453036 0.865621 -0.213135
-21.687 138.458 -24.9498 -0.290769 0.923921 -0.248641
-20.0519 138.386 -26.1918 -0.0837005 0.93153 -0.353889
-18.3878 138.07 -27.3293 -0.0294005 0.942075 -0.334112
-16.5093 137.882 -27.3746 0.170407 0.911357 -0.374686
-14.6794 137.879 -26.5318 0.176148 0.909784 -0.375851
-12.7751 137.808 -25.6182 0.205372 0.932189 -0.298047
-11.0515 137.784 -24.4582 0.221325 0.932139 -0.286583
-9.3609 137.788 -23.1328 0.219134 0.925069 -0.310207
-7.71564 137.926 -21.8438 0.214124 0.891238 -0.399807
-6.11043 137.95 -20.6385 0.229425 0.911877 -0.34036
-4.56227 138.014 -19.3311 0.280886 0.895827 -0.344379
-2.98079 137.983 -17.9831 0.339097 0.900148 -0.273399
-2.10533 138.012 -16.179 0.438584 0.892294 -0.107032
-1.6843 138.028 -13.9863 0.460239 0.88266 -0.0953481
-1.24453 138.031 -11.8656 0.464513 0.880533 -0.0942878
-1.34992 138.215 -9.8594 0.605164 0.794805 -0.0427936
-1.62382 138.474 -7.81363 0.678969 0.733656 0.0173809
-2.50738 139.165 -6.29849 0.731574 0.673649 0.102953
-3.78745 140.421 -5.31701 0.693193 0.705654 0.146726
-4.9619 141.21 -3.87354 0.688551 0.692982 0.213684
-5.89558 141.457 -2.01945 0.680706 0.688377 0.250551
-6.33264 141.153 -0.0997164 0.665669 0.709942 0.229929
-6.17762 140.41 1.73255 0.707912 0.665066 0.237795
-5.71925 139.248 3.35027 0.737396 0.619379 0.269477
-5.70585 138.544 5.0958 0.666631 0.702584 0.248412
-6.44155 138.423 7.04586 0.588167 0.749319 0.304271
-7.31128 138.23 9.00287 0.462519 0.805925 0.368548
-8.51598 138.091 10.6172 0.404248 0.830225 0.383787
-9.80877 138.027 12.2081 0.375315 0.873799 0.309214
-11.1868 138.019 13.6858 0.245141 0.894091 0.374843
-12.9299 137.884 14.699 0.131422 0.921572 0.365136
-14.8211 137.799 15.5279 0.0900406 0.939494 0.330349
-16.7027 137.703 16.307 0.0771414 0.944467 0.319349
-18.6376 137.618 16.7156 -0.0375713 0.947064 0.318838
-20.602 137.775 15.9836 -0.074276 0.945516 0.316989
-22.0814 137.932 14.6165 -0.270434 0.918314 0.288351
-23.3196 137.952 12.9669 -0.363397 0.905436 0.219004
-24.3062 137.955 11.0739 -0.376021 0.907437 0.18748
-25.1642 138.057 9.08498 -0.426004 0.877899 0.218664
-25.9471 138.086 7.17416 -0.500486 0.846626 0.180934
-26.4725 138.106 5.2068 -0.531749 0.836882 0.129845
-26.9694 138.099 3.24322 -0.563485 0.813013 0.146567
-27.4226 138.142 1.28489 -0.591272 0.795458 0.132731
-27.7588 138.17 -0.721934 -0.61915 0.778784 0.100693
-28.0008 138.101 -2.71988 -0.633127 0.773993 0.00923183
-28.193 137.979 -4.75231 -0.643813 0.764982 0.0175284
-28.3132 137.81 -6.96876 -0.629483 0.772969 -0.0790855
-28.3049 137.574 -9.2078 -0.592155 0.799734 -0.0988781
-28.2821 137.362 -11.2201 -0.632528 0.767119 -0.106917
-28.4147 136.942 -13.1779 -0.652914 0.741243 -0.155766
-28.6335 136.265 -15.2196 -0.662631 0.72469 -0.189058
-29.4427 135.096 -16.7289 -0.679792 0.703629 -0.206854
-30.5937 133.693 -17.5752 -0.699001 0.685544 -0.203538
-31.8823 132.178 -18.082 -0.716526 0.668149 -0.200413
-33.2108 130.581 -18.5684 -0.729607 0.657333 -0.188645
-34.4807 129.015 -19.0617 -0.738988 0.647454 -0.186282
-35.7293 127.459 -19.4503 -0.746347 0.637794 -0.190224
-36.8063 125.926 -20.2255 -0.761545 0.620356 -0.187636
-37.9311 124.352 -20.9703 -0.760833 0.628636 -0.161089
-39.057 122.797 -21.7146 -0.762154 0.626621 -0.162687
-40.1579 121.216 -22.4611 -0.778186 0.604265 -0.171143
-41.1627 119.699 -23.3532 -0.778253 0.611062 -0.144642
-42.2248 118.111 -24.2821 -0.787116 0.600703 -0.140011
-43.1278 116.583 -25.3511 -0.807057 0.564886 -0.171938
-43.8901 115.104 -26.5947 -0.813964 0.555544 -0.169804
-44.6117 113.676 -27.7964 -0.816741 0.552405 -0.16668
-45.3571 112.221 -28.9694 -0.817124 0.552041 -0.166009
-46.139 110.647 -30.2854 -0.820833 0.546495 -0.166058
-46.9539 109.109 -31.3153 -0.824081 0.541597 -0.166018
-47.6695 107.546 -32.6493 -0.835712 0.521191 -0.173047
-48.3687 105.996 -33.9314 -0.837539 0.51974 -0.168519
-49.1069 104.379 -35.2497 -0.837437 0.519866 -0.168637
-49.8001 102.85 -36.5259 -0.837137 0.520608 -0.167837
-50.4865 101.347 -37.7683 -0.836709 0.521238 -0.168014
-51.1758 99.8511 -38.986 -0.835518 0.523153 -0.16799
-51.8639 98.3704 -40.1729 -0.835357 0.523219 -0.16858
-52.5778 96.8118 -41.4699 -0.834438 0.523959 -0.170823
-53.3284 95.2421 -42.6437 -0.831913 0.527808 -0.171289
-54.0658 93.704 -43.8128 -0.83135 0.528725 -0.171196
-54.8188 92.1511 -44.9669 -0.827099 0.533866 -0.175767
-55.5898 90.6147 -46.0078 -0.825911 0.534761 -0.178608
-56.4331 88.9143 -47.2041 -0.822449 0.538837 -0.182297
-57.2243 87.346 -48.2733 -0.819188 0.5424 -0.18637
-57.9879 85.83 -49.3306 -0.817936 0.543755 -0.18791
-58.8251 84.1888 -50.4346 -0.817935 0.543742 -0.187957
-59.6198 82.6057 -51.5559 -0.81792 0.543667 -0.188235
-60.4188 81.0073 -52.6429 -0.819884 0.537355 -0.197582
-61.1624 79.4435 -53.8062 -0.82064 0.536238 -0.197481
-61.9013 77.8927 -54.9443 -0.821733 0.534915 -0.196523
-62.6264 76.3776 -56.0352 -0.82221 0.534309 -0.196176
-63.3653 74.8428 -57.1158 -0.822255 0.534117 -0.196511
-64.1295 73.2489 -58.2504 -0.822251 0.5341 -0.196574
-64.8873 71.6742 -59.3601 -0.822284 0.534055 -0.196556
-65.6048 70.1596 -60.4737 -0.82226 0.534099 -0.196536
-66.354 68.6039 -61.5735 -0.820986 0.53569 -0.197514
-67.1096 67.0489 -62.6613 -0.817303 0.537142 -0.20854
-67.8819 65.4601 -63.7575 -0.814049 0.539954 -0.213948
-68.6299 63.8361 -64.9318 -0.80674 0.537563 -0.245349
-69.3492 62.2393 -66.131 -0.80326 0.544223 -0.242064
-69.99 60.7632 -67.3096 -0.813767 0.536027 -0.224628
-69.5965 61.5065 -66.9722 -0.815844 0.535906 -0.217247
-68.7452 63.1601 -66.1274 -0.818018 0.537369 -0.205134
-67.894 64.8081 -65.3206 -0.830517 0.51968 -0.200429
-67.0683 66.4496 -64.4733 -0.826971 0.529538 -0.188963
-66.1671 68.1667 -63.584 -0.825248 0.531999 -0.189586
-65.2688 69.8801 -62.687 -0.825176 0.532029 -0.189817
-64.4032 71.5299 -61.8269 -0.825045 0.532099 -0.190187
-63.5664 73.1394 -60.9558 -0.825021 0.532013 -0.19053
-62.6963 74.8017 -60.0813 -0.824976 0.532056 -0.190605
-61.8445 76.4322 -59.2165 -0.824992 0.532052 -0.190552
-60.9922 78.049 -58.3884 -0.824296 0.533437 -0.189684
-60.0694 79.7852 -57.5039 -0.823913 0.534406 -0.188623
-59.2311 81.3991 -56.6205 -0.829802 0.526289 -0.185605
-58.3406 83.1131 -55.7215 -0.829503 0.529637 -0.177224
-57.4372 84.8164 -54.8118 -0.825818 0.534842 -0.178799
-56.535 86.5077 -53.9198 -0.825678 0.53496 -0.179091
-55.6699 88.1332 -53.0569 -0.825519 0.534502 -0.181178
-54.7836 89.7829 -52.2249 -0.825039 0.535046 -0.18176
-53.9222 91.4224 -51.3139 -0.824981 0.534898 -0.182457
-53.0782 93.0264 -50.4471 -0.825703 0.532854 -0.185152
-52.1996 94.6909 -49.583 -0.826181 0.532089 -0.185218
-51.3441 96.3192 -48.732 -0.828551 0.528792 -0.18407
-50.4712 98.0321 -47.8369 -0.836187 0.515665 -0.186766
-49.6322 99.6835 -47.005 -0.835944 0.519695 -0.176392
-48.772 101.358 -46.1445 -0.83737 0.519196 -0.171017
-47.9257 102.991 -45.3463 -0.839538 0.515654 -0.171107
-47.3802 104.062 -44.7995 -0.839976 0.514996 -0.170936
-26.5971 137.055 -19.0336 -0.61492 0.761581 -0.204611
-24.9448 138.31 -19.017 -0.556093 0.794268 -0.244741
-23.0521 139.194 -19.5374 -0.345745 0.910872 -0.225327
-21.2981 139.518 -20.4732 -0.192997 0.964968 -0.177733
-19.6172 139.555 -21.7143 -0.143162 0.973046 -0.180789
-18.0045 139.533 -22.9838 -0.0109832 0.983509 -0.180524
-16.0732 139.26 -23.1083 0.186306 0.957784 -0.218951
-14.2312 139.145 -22.0779 0.160627 0.960213 -0.228344
-12.5165 139.303 -20.937 0.0835414 0.931918 -0.352916
-10.8216 139.604 -19.7079 0.108991 0.930784 -0.348081
-9.19185 139.614 -18.4685 0.288274 0.906306 -0.309042
-7.48359 139.621 -17.0652 0.233027 0.911715 -0.338339
-5.92116 139.554 -15.6366 0.298215 0.929884 -0.215366
-5.22828 139.903 -13.7127 0.395231 0.869103 -0.291983
-4.77482 140.121 -11.7626 0.469962 0.864515 -0.178183
-4.70692 140.481 -9.74942 0.525954 0.832518 -0.174028
-5.89632 141.573 -8.43004 0.50836 0.82543 -0.245431
-7.05178 142.723 -6.91519 0.522004 0.833013 -0.183157
-8.01992 143.394 -5.2615 0.452511 0.891752 -0.00360018
-8.90307 143.572 -3.41637 0.281859 0.957142 0.0665936
-9.52997 143.343 -1.36742 0.300816 0.91974 0.251402
-9.71958 142.963 0.732768 0.383161 0.905946 0.180101
-9.51669 142.366 2.65364 0.373148 0.889351 0.264226
-9.07869 141.444 4.45388 0.393458 0.829681 0.396004
-9.60281 140.712 6.22602 0.245969 0.851697 0.462721
-10.713 140.14 7.92218 0.223098 0.878355 0.422717
-12.1839 139.724 9.56199 0.229423 0.870045 0.436333
-13.803 139.432 10.9703 0.197826 0.891121 0.408246
-15.607 139.201 11.7948 0.0262631 0.941994 0.334601
-17.5279 138.986 12.5723 0.019342 0.947156 0.320188
-19.3071 139.169 12.0453 -0.0318918 0.944631 0.326462
-20.4894 139.388 10.411 -0.273892 0.950813 0.144647
-21.3938 139.556 8.53445 -0.282825 0.925681 0.251248
-22.3054 139.817 6.75833 -0.31753 0.897383 0.306395
-23.0558 140.13 4.92111 -0.434922 0.858475 0.27178
-23.6359 140.271 2.93344 -0.497116 0.850795 0.170353
-24.1851 140.363 0.885436 -0.504796 0.845424 0.1743
-24.5905 140.506 -1.08221 -0.544949 0.824491 0.152457
-24.8662 140.497 -3.11609 -0.577444 0.815969 0.0274533
-25.0538 140.327 -5.23343 -0.570244 0.820747 -0.0345826
-25.0766 140.062 -7.2745 -0.499442 0.844543 -0.193141
-24.9463 139.705 -9.27075 -0.472164 0.864924 -0.169875
-24.8996 139.414 -11.3784 -0.433638 0.894683 -0.107242
-25.0723 139.194 -13.4099 -0.427172 0.90381 -0.0255274
-25.4215 138.759 -15.4808 -0.525791 0.841393 -0.124906
-25.8846 138.045 -17.497 -0.587222 0.787367 -0.187675
-26.5128 137.159 -18.898 -0.615602 0.761316 -0.203547
-70.3951 60.0059 -67.6677 -0.803178 0.546276 -0.237671
-70.384 60.0095 -67.697 -0.803178 0.546271 -0.237684
-40.6472 118.663 -30.4571 -0.806442 0.569438 -0.159348
-40.626 118.691 -30.464 -0.802489 0.575053 -0.159139
-37.5929 123.299 -27.5971 -0.76786 0.627187 -0.130485
-37.5838 123.31 -27.5995 -0.768002 0.626701 -0.13198
-22.6922 139.644 -17.618 -0.281296 0.951572 -0.124031
-20.7273 140.225 -17.6781 -0.290886 0.944552 -0.152336
-18.7394 140.645 -17.7296 -0.0850144 0.971724 -0.220283
-16.6798 140.757 -17.7125 -0.044558 0.972818 -0.227245
-14.5879 140.68 -17.6872 0.101224 0.938064 -0.331345
-12.5865 140.506 -17.6445 0.122056 0.948769 -0.291443
-11.1904 140.327 -17.618 0.139617 0.954411 -0.263832
-8.10636 140.424 -15.1001 0.312659 0.892677 -0.32461
-10.0827 140.898 -15.1615 0.135354 0.927882 -0.34744
-12.145 141.191 -15.1801 0.140264 0.934623 -0.326813
-14.2096 141.446 -15.2262 0.00316569 0.94983 -0.312749
-16.2802 141.313 -15.1785 -0.0660566 0.979239 -0.191645
-18.275 141.149 -15.1472 -0.171647 0.976966 -0.126785
-20.278 140.68 -15.085 -0.255033 0.962771 -0.0896131
-22.4366 140.075 -15.0033 -0.290124 0.948995 -0.123438
-23.3806 139.787 -14.9609 -0.296209 0.950624 -0.0925958
-23.0566 140.192 -12.364 -0.40297 0.90591 -0.130161
-21.1191 140.791 -12.4437 -0.228055 0.950744 -0.209945
-19.0353 141.273 -12.5051 -0.242447 0.948171 -0.205403
-17.0581 141.731 -12.5968 -0.186198 0.965575 -0.181646
-15.0663 142.038 -12.6689 -0.158271 0.949378 -0.271351
-13.0718 142.204 -12.7436 0.0535553 0.921449 -0.384791
-11.0345 142.144 -12.8074 -0.0264165 0.863622 -0.503447
-9.03577 141.707 -12.7642 0.3273 0.874056 -0.359026
-7.08974 141.016 -12.6619 0.354903 0.888904 -0.289643
-6.82314 140.918 -12.6505 0.355158 0.894692 -0.270904
-6.96557 141.642 -10.1084 0.446507 0.860629 -0.244845
-8.78414 142.531 -10.2249 0.359009 0.892529 -0.272955
-10.7662 143.169 -10.2763 0.188082 0.968821 -0.161277
-12.8977 143.062 -10.2014 -0.0868639 0.959696 -0.267279
-14.8938 142.91 -10.1283 -0.132405 0.942456 -0.306996
-16.8853 142.538 -10.0404 -0.267168 0.916424 -0.297974
-18.8326 141.981 -9.9288 -0.25189 0.927381 -0.276614
-20.9344 141.476 -9.87095 -0.227742 0.941908 -0.246867
-22.9797 140.68 -9.78594 -0.459737 0.876126 -0.145068
-23.2078 140.56 -9.7704 -0.468053 0.871629 -0.145563
-23.3139 141.02 -7.16982 -0.44954 0.870499 -0.200364
-21.4575 141.954 -7.26289 -0.409604 0.878531 -0.245779
-19.5826 142.647 -7.32693 -0.30696 0.856946 -0.414028
-17.6741 143.245 -7.40625 -0.25703 0.87221 -0.416155
-15.6906 143.559 -7.46159 -0.0226189 0.986861 -0.159977
-13.6859 143.62 -7.4801 -0.0492568 0.98932 -0.137185
-11.6286 143.678 -7.53926 -0.0123239 0.988852 -0.14839
-9.47298 143.483 -7.57217 0.219688 0.938464 -0.2665
-8.88997 143.315 -7.56519 0.274205 0.921022 -0.276642
-10.5105 143.944 -4.73892 0.0539072 0.997819 -0.0380985
-12.6576 143.953 -4.69423 -0.0110385 0.996132 -0.0871712
-14.7742 143.93 -4.67524 0.00285198 0.995234 -0.0974772
-16.8111 144.013 -4.67993 -0.0148913 0.998388 0.0547694
-18.8184 143.779 -4.66484 -0.232749 0.971105 0.0527558
-20.695 143.065 -4.62372 -0.497563 0.86656 -0.0387884
-22.4801 142.06 -4.56758 -0.47409 0.870826 -0.130002
-23.3401 141.546 -4.53996 -0.560706 0.820525 -0.111122
-22.8237 141.637 -1.86655 -0.452145 0.878406 0.154816
-21.0036 142.633 -1.82642 -0.483566 0.859059 0.167876
-19.1277 143.461 -1.79444 -0.238684 0.966939 0.0897739
-17.1458 143.951 -1.79485 -0.23267 0.971895 0.0358419
-15.1415 144.171 -1.80568 -0.0254611 0.996454 -0.080197
-13.1174 144.175 -1.84519 0.00982062 0.997195 -0.0741978
-11.417 143.983 -1.87756 0.261572 0.957262 0.123404
-11.5583 143.657 0.985602 0.35863 0.927652 0.104145
-13.4465 144.34 1.12937 0.267644 0.962737 0.0387765
-15.4247 144.266 1.13788 -0.279925 0.959346 0.0360187
-17.3322 143.636 1.04362 -0.32496 0.936455 0.132113
-19.1878 142.833 0.936224 -0.431969 0.871359 0.232673
-21.1089 141.94 0.831735 -0.397686 0.890773 0.219932
-22.3829 141.362 0.785988 -0.456547 0.874361 0.16449
-21.6276 141.164 3.41416 -0.331389 0.916525 0.223971
-19.6968 141.822 3.50591 -0.305349 0.900591 0.309351
-17.7973 142.438 3.6137 -0.335486 0.869466 0.362599
-15.7835 143.104 3.79612 -0.229825 0.850884 0.472416
-13.6279 143.275 3.87611 0.0508889 0.783131 0.619771
-11.6317 142.802 3.67325 0.31843 0.855017 0.409326
-11.4146 142.731 3.64814 0.327804 0.853088 0.405938
-11.7696 141.369 5.99572 0.204249 0.844648 0.494825
-13.8999 141.698 6.07987 0.102149 0.898059 0.42785
-16.1193 141.829 6.16921 -0.0668288 0.910045 0.409086
-18.0937 141.443 6.08577 -0.294725 0.903425 0.311385
-20.0533 140.84 5.96116 -0.300634 0.901935 0.310053
-20.6738 140.644 5.93115 -0.298898 0.903173 0.30812
-19.3465 140.234 8.43016 -0.289374 0.906892 0.306283
-17.1745 140.669 8.52183 -0.0688591 0.897431 0.435748
-15.1004 140.776 8.54199 -0.0163083 0.901729 0.431994
-13.6163 140.643 8.49351 0.208446 0.876844 0.433237
-14.6479 139.836 -20.0868 0.109203 0.93638 -0.333568
-16.6477 140.043 -20.1775 0.111312 0.946434 -0.303105
-18.295 140.033 -20.2186 -0.124713 0.972075 -0.198786
-18.3782 140.022 -20.2185 -0.124713 0.972076 -0.198786
