6.76886 43.3463 -126.97 0.325028 0.565966 -0.757654
6.89465 45.0908 -125.613 0.325634 0.565779 -0.757533
7.32214 46.6405 -124.281 0.33631 0.555169 -0.760712
7.81044 48.2247 -122.907 0.344375 0.550296 -0.760644
8.30374 49.7219 -121.594 0.352911 0.552681 -0.754982
8.68452 51.2179 -120.316 0.356119 0.553672 -0.752746
9.1069 52.7126 -119.017 0.356188 0.55372 -0.752678
9.54101 54.2403 -117.688 0.356149 0.553769 -0.75266
9.92283 55.8753 -116.294 0.357471 0.558417 -0.748589
10.3044 57.4152 -114.963 0.357382 0.558556 -0.748527
10.69 58.9846 -113.609 0.358218 0.556895 -0.749365
11.0599 60.5212 -112.29 0.360867 0.55682 -0.748149
11.4346 62.1416 -110.901 0.361398 0.557416 -0.747448
11.8526 63.7275 -109.517 0.361475 0.557262 -0.747526
12.2574 65.2806 -108.163 0.361225 0.557143 -0.747736
12.6434 66.7635 -106.871 0.363893 0.55689 -0.746629
13.0135 68.306 -105.541 0.362458 0.556729 -0.747447
13.4002 69.8784 -104.183 0.369894 0.55451 -0.745451
13.7974 71.3841 -102.865 0.374166 0.553048 -0.744404
14.158 72.8823 -101.571 0.374194 0.553128 -0.74433
14.5135 74.4319 -100.24 0.374022 0.553022 -0.744496
14.884 75.9501 -98.926 0.373874 0.552725 -0.744791
15.201 77.5106 -97.6073 0.373968 0.553277 -0.744334
15.5319 79.0477 -96.2927 0.378744 0.555848 -0.739991
15.8389 80.635 -94.9406 0.378612 0.556906 -0.739262
16.1699 82.1978 -93.5942 0.378988 0.556989 -0.739007
16.4604 83.7091 -92.3073 0.379544 0.556596 -0.739018
16.7442 85.2746 -90.9834 0.378305 0.556509 -0.739718
17.0018 86.8838 -89.6393 0.379016 0.556915 -0.739048
17.3118 88.3785 -88.3482 0.383374 0.558299 -0.73575
17.756 89.8796 -86.9761 0.383121 0.558972 -0.73537
18.1555 91.3389 -85.6587 0.383053 0.559028 -0.735363
18.5961 92.7996 -84.3188 0.383027 0.55902 -0.735382
18.9376 94.3361 -82.9702 0.383708 0.560911 -0.733584
19.3071 95.8176 -81.6369 0.383918 0.563229 -0.731696
19.6189 97.3143 -80.321 0.38377 0.563337 -0.731691
19.9511 98.8126 -78.9916 0.384015 0.564548 -0.730628
20.2859 100.316 -77.6513 0.383669 0.565295 -0.730232
20.6574 101.853 -76.265 0.384899 0.56473 -0.730022
20.9912 103.329 -74.9469 0.386337 0.5644 -0.729518
21.3434 104.809 -73.6172 0.383359 0.565304 -0.730389
21.6867 106.362 -72.227 0.381993 0.56948 -0.727855
21.9667 107.876 -70.8918 0.384834 0.570969 -0.725187
22.261 109.42 -69.5171 0.386668 0.571508 -0.723786
22.4619 110.958 -68.1952 0.386396 0.571865 -0.723649
22.6712 112.486 -66.8745 0.384992 0.572179 -0.72415
22.9622 113.997 -65.5279 0.383177 0.573121 -0.724367
23.3396 115.538 -64.1117 0.388252 0.570314 -0.72388
23.6297 117.101 -62.7006 0.379744 0.582393 -0.718758
23.9217 118.623 -61.3056 0.380259 0.588295 -0.713661
24.1889 120.131 -59.9212 0.38535 0.585068 -0.713583
24.4583 121.643 -58.5492 0.386326 0.579544 -0.717552
24.8532 123.139 -57.1216 0.37867 0.584923 -0.717269
25.2354 124.575 -55.7223 0.376715 0.594342 -0.710523
25.5813 126.068 -54.2931 0.376452 0.593849 -0.711074
26.0799 127.442 -52.8723 0.391949 0.589994 -0.705892
27.1949 128.583 -51.3045 0.390986 0.589652 -0.706711
28.6624 128.648 -50.4381 0.392437 0.586668 -0.708388
30.1653 127.346 -50.6774 0.397211 0.586607 -0.705772
31.7984 126.077 -50.8091 0.39942 0.587409 -0.703856
33.4549 124.941 -50.8207 0.40274 0.5878 -0.701635
35.0914 123.777 -50.8265 0.416568 0.584184 -0.696563
36.6356 122.394 -51.0615 0.422511 0.583499 -0.69355
38.0438 120.969 -51.3727 0.434183 0.576769 -0.691971
39.549 119.476 -51.6594 0.434737 0.569683 -0.69747
40.9831 118.063 -51.9177 0.435906 0.56922 -0.697119
42.4948 116.647 -52.1257 0.440007 0.567083 -0.696283
44.1464 115.173 -52.2788 0.441754 0.56723 -0.695056
45.6443 113.794 -52.4424 0.445975 0.562228 -0.696424
47.2832 112.321 -52.5786 0.449063 0.561903 -0.6947
48.7652 110.837 -52.8159 0.451654 0.56045 -0.694193
50.138 109.342 -53.1297 0.451666 0.560448 -0.694188
51.5821 107.876 -53.3727 0.452825 0.560602 -0.693308
53.0481 106.335 -53.6639 0.4528 0.562593 -0.691709
54.4842 104.824 -53.9469 0.457879 0.560667 -0.689927
55.8819 103.359 -54.2052 0.459754 0.56005 -0.689181
57.2472 101.842 -54.5305 0.459576 0.561789 -0.687883
58.6376 100.27 -54.8856 0.460466 0.561344 -0.687651
60.1446 98.7016 -55.1486 0.464458 0.559721 -0.686288
61.567 97.1614 -55.4421 0.464417 0.559683 -0.686346
62.9252 95.6667 -55.7419 0.464532 0.559631 -0.686311
64.3017 94.206 -56.0009 0.46473 0.559568 -0.686229
65.6688 92.7632 -56.2498 0.465508 0.558414 -0.686641
67.0966 91.1957 -56.5564 0.465791 0.558592 -0.686304
68.4642 89.6213 -56.9068 0.468427 0.558022 -0.684972
69.768 88.1014 -57.2523 0.469464 0.558124 -0.684179
71.0948 86.6155 -57.5538 0.469707 0.557711 -0.684349
72.3864 85.0463 -57.9446 0.469953 0.556916 -0.684827
73.6644 83.5085 -58.318 0.470355 0.556766 -0.684674
74.9838 81.9831 -58.6511 0.473072 0.557049 -0.682566
76.3968 80.3645 -58.9838 0.478197 0.555605 -0.680169
77.6921 78.8656 -59.2975 0.478221 0.555665 -0.680104
78.988 77.3713 -59.6071 0.478227 0.555592 -0.680159
80.2966 75.8385 -59.9351 0.481339 0.553973 -0.679284
81.6285 74.2404 -60.2941 0.481572 0.553886 -0.67919
82.9445 72.7185 -60.602 0.481659 0.553476 -0.679462
84.2717 71.2047 -60.891 0.482363 0.551921 -0.680227
85.616 69.7025 -61.156 0.483269 0.551533 -0.679899
86.9578 68.1751 -61.4399 0.484088 0.551232 -0.67956
88.2734 66.6733 -61.721 0.484118 0.551329 -0.67946
89.6214 65.1138 -62.0248 0.485853 0.551427 -0.678141
90.9754 63.5939 -62.2908 0.486645 0.55174 -0.677318
92.2867 62.0895 -62.5686 0.491743 0.547642 -0.676962
93.6847 60.5694 -62.7723 0.494599 0.544923 -0.677076
95.0773 59.04 -62.9854 0.494435 0.544885 -0.677225
96.4538 57.467 -63.2457 0.495491 0.545066 -0.676307
97.8229 55.9553 -63.461 0.496505 0.545766 -0.674997
99.1851 54.496 -63.635 0.498853 0.545852 -0.673195
100.563 52.9328 -63.8811 0.499251 0.546155 -0.672654
101.931 51.4543 -64.0656 0.49924 0.546112 -0.672697
103.365 49.963 -64.2109 0.49943 0.545947 -0.67269
104.793 48.4065 -64.4041 0.507508 0.544227 -0.668022
106.103 46.8911 -64.6437 0.510385 0.545515 -0.664771
107.427 45.3666 -64.879 0.510256 0.545828 -0.664613
108.755 43.8624 -65.0944 0.510599 0.545988 -0.664218
110.071 42.3178 -65.3519 0.51042 0.546078 -0.664282
111.445 40.7075 -65.6197 0.510474 0.546147 -0.664183
112.828 39.1331 -65.8539 0.510345 0.547021 -0.663563
114.183 37.6272 -66.049 0.515764 0.550458 -0.656489
115.522 36.0656 -66.2935 0.522423 0.548656 -0.652726
116.863 34.5639 -66.4823 0.522797 0.548818 -0.65229
118.217 33.0174 -66.6985 0.522559 0.548912 -0.652401
119.621 31.4685 -66.8821 0.521075 0.550791 -0.652004
120.944 29.977 -67.0848 0.521816 0.551011 -0.651226
122.342 28.3949 -67.3017 0.523202 0.550218 -0.650784
123.765 26.8202 -67.4887 0.524258 0.550507 -0.649689
125.179 25.2303 -67.6948 0.525356 0.551199 -0.648213
126.513 23.7339 -67.8896 0.527641 0.553569 -0.644325
127.917 22.1608 -68.086 0.531681 0.55505 -0.639714
127.646 20.9519 -69.349 0.524703 0.553512 -0.646767
126.83 19.9177 -70.8831 0.521291 0.551748 -0.651022
125.979 18.8541 -72.4649 0.520229 0.551546 -0.652043
125.021 17.7969 -74.1003 0.513196 0.547258 -0.661165
124.162 16.7809 -75.6084 0.511635 0.549409 -0.66059
123.264 15.7462 -77.1663 0.507372 0.553177 -0.660734
122.263 14.7892 -78.715 0.503976 0.547805 -0.667771
121.323 13.7753 -80.258 0.505359 0.547388 -0.667067
120.332 12.8437 -81.7698 0.502706 0.54659 -0.669721
119.307 11.8361 -83.3536 0.501051 0.545424 -0.671909
118.26 10.9183 -84.8734 0.495737 0.541822 -0.678726
117.083 9.89855 -86.5358 0.493804 0.539842 -0.68171
115.955 8.9115 -88.1302 0.492629 0.539686 -0.682682
114.844 8.0377 -89.6193 0.489812 0.537371 -0.686525
113.709 7.22492 -91.0622 0.491995 0.535563 -0.686377
112.52 6.45046 -92.5129 0.490811 0.533324 -0.688964
110.894 6.22302 -93.8461 0.488731 0.530622 -0.692518
109.172 6.2082 -95.0684 0.487563 0.530366 -0.693538
107.352 6.21831 -96.3306 0.483046 0.528646 -0.697997
105.669 6.17028 -97.5295 0.481099 0.527687 -0.700064
103.981 6.16294 -98.6949 0.480882 0.527972 -0.699999
102.288 6.12909 -99.8826 0.480353 0.527434 -0.700767
100.567 6.16426 -101.035 0.48071 0.526659 -0.701104
98.904 6.18487 -102.161 0.480966 0.525292 -0.701954
97.2138 6.18853 -103.308 0.477741 0.524771 -0.704542
95.5322 6.18237 -104.453 0.477733 0.524757 -0.704558
93.8686 6.14925 -105.604 0.476163 0.525168 -0.705313
92.1643 6.14386 -106.756 0.475429 0.525118 -0.705846
90.4953 6.1674 -107.865 0.476958 0.524516 -0.705262
88.7646 6.22511 -108.987 0.474294 0.523225 -0.708012
87.0911 6.19385 -110.13 0.472347 0.523383 -0.709195
85.3093 6.14467 -111.35 0.471103 0.524254 -0.70938
83.5608 6.16835 -112.493 0.470088 0.52448 -0.709886
81.8364 6.19793 -113.607 0.46758 0.525201 -0.711008
80.1153 6.21246 -114.729 0.467587 0.525869 -0.71051
78.3059 6.20727 -115.915 0.463312 0.526909 -0.712537
76.4817 6.17666 -117.125 0.464075 0.527369 -0.7117
74.7282 6.14638 -118.284 0.458357 0.529292 -0.713974
72.8985 6.17291 -119.441 0.459016 0.530255 -0.712835
71.1982 6.14816 -120.554 0.457597 0.530771 -0.713364
69.3735 6.13581 -121.722 0.450758 0.532141 -0.716689
67.6535 6.13532 -122.804 0.450594 0.532163 -0.716776
65.8847 6.17668 -123.884 0.44976 0.532616 -0.716963
64.2081 6.07946 -124.999 0.44473 0.531055 -0.721246
62.4164 6.10218 -126.086 0.444498 0.531294 -0.721213
60.7086 6.07112 -127.162 0.443919 0.532106 -0.720971
58.9286 6.10483 -128.22 0.437391 0.533862 -0.723657
57.1744 6.10283 -129.28 0.437936 0.531453 -0.7251
55.4638 6.0814 -130.323 0.433794 0.533604 -0.72601
53.6519 6.10284 -131.382 0.429902 0.535636 -0.726828
51.8324 6.11656 -132.449 0.429758 0.536623 -0.726185
50.072 6.10909 -133.489 0.421479 0.540505 -0.728155
48.3098 6.09296 -134.521 0.422044 0.541786 -0.726874
46.5017 6.07762 -135.582 0.418505 0.543039 -0.727985
44.6962 6.08797 -136.602 0.414243 0.543152 -0.730335
42.823 6.05011 -137.698 0.416335 0.546883 -0.72635
40.9564 6.06455 -138.751 0.412037 0.547172 -0.728579
39.1878 6.0855 -139.733 0.407983 0.549851 -0.728842
37.3233 6.07201 -140.78 0.403111 0.553756 -0.728598
35.5204 6.80277 -141.22 0.39929 0.556066 -0.728943
33.6563 7.64684 -141.589 0.399096 0.561608 -0.724789
31.805 8.42953 -141.999 0.394863 0.563304 -0.72579
29.9005 9.25742 -142.386 0.388677 0.563009 -0.72935
28.0645 10.0463 -142.746 0.384017 0.565378 -0.729985
26.2509 10.8341 -143.084 0.37475 0.565585 -0.734627
24.4122 11.6702 -143.356 0.365964 0.569817 -0.735785
22.5359 12.5603 -143.597 0.363792 0.575726 -0.732253
20.6713 13.3553 -143.882 0.357538 0.578668 -0.733015
18.7389 14.2351 -144.12 0.352556 0.581103 -0.733501
16.8931 15.1316 -144.297 0.352794 0.580298 -0.734023
15.0077 16.0744 -144.449 0.34382 0.582025 -0.736907
13.1603 16.9254 -144.63 0.3405 0.58477 -0.736277
11.179 17.8401 -144.815 0.334577 0.587739 -0.736628
9.40086 18.7839 -144.862 0.332923 0.590051 -0.735528
7.61464 19.6928 -144.942 0.335162 0.592371 -0.732641
6.89557 21.1676 -144.08 0.319581 0.586112 -0.744541
6.86239 22.7599 -142.846 0.327874 0.583188 -0.743225
6.90432 24.4292 -141.514 0.328024 0.583271 -0.743097
6.85443 26.0847 -140.237 0.330063 0.582121 -0.743097
6.87751 27.809 -138.871 0.328632 0.584026 -0.742236
6.9309 29.3749 -137.617 0.32723 0.583123 -0.743565
6.91265 30.9529 -136.388 0.32713 0.583182 -0.743562
6.92552 32.5924 -135.099 0.323685 0.581083 -0.746706
6.87708 34.2736 -133.814 0.323302 0.579433 -0.748153
6.89565 35.9073 -132.541 0.321934 0.580352 -0.748031
6.843 37.5588 -131.286 0.320682 0.574544 -0.753032
6.86545 39.28 -129.973 0.322857 0.5707 -0.755027
6.90124 40.8737 -128.76 0.324997 0.566012 -0.757633
6.79279 42.5576 -127.549 0.325026 0.565968 -0.757653
6.77068 43.2585 -127.035 0.325026 0.565975 -0.757648
2.32758 44.221 -128.295 0.345943 0.549625 -0.760418
2.31361 42.5507 -129.509 0.345222 0.550487 -0.760122
2.3519 40.7748 -130.79 0.328675 0.560886 -0.759855
2.34286 39.0452 -132.084 0.322342 0.568738 -0.756725
2.38039 37.4402 -133.292 0.321526 0.580654 -0.747972
2.34701 35.8031 -134.582 0.324402 0.582704 -0.74513
2.32879 34.1535 -135.883 0.32184 0.582656 -0.746278
2.33843 32.4948 -137.174 0.318764 0.582862 -0.747436
2.42055 30.7466 -138.502 0.317203 0.583475 -0.747623
2.37527 29.163 -139.755 0.314773 0.582616 -0.749317
2.35511 27.5671 -141.006 0.313986 0.583226 -0.749173
2.36104 25.9525 -142.259 0.312161 0.583021 -0.750094
2.38556 24.3513 -143.497 0.308371 0.585317 -0.749874
2.35167 22.6463 -144.844 0.30865 0.585984 -0.749238
2.35108 21.0705 -146.084 0.307046 0.598294 -0.740102
2.31979 19.4864 -147.398 0.305289 0.60524 -0.735175
2.61216 18.3059 -148.25 0.304782 0.607097 -0.733848
4.47724 17.3723 -148.218 0.320706 0.599243 -0.733518
6.36081 16.4301 -148.155 0.323857 0.596114 -0.734687
8.2004 15.4922 -148.081 0.339631 0.593052 -0.730027
10.0827 14.5 -148.001 0.344245 0.587057 -0.732706
11.9078 13.6204 -147.852 0.342687 0.587808 -0.732835
13.9061 12.6933 -147.66 0.345359 0.586853 -0.732345
15.6971 11.8081 -147.514 0.35101 0.584796 -0.731304
17.5149 10.9294 -147.341 0.352596 0.583658 -0.73145
19.4244 10.0235 -147.127 0.359626 0.578122 -0.732423
21.3415 9.19796 -146.834 0.361328 0.58166 -0.728776
23.1613 8.34017 -146.585 0.375419 0.573748 -0.727925
25.0954 7.48878 -146.266 0.371708 0.570391 -0.732453
26.9829 6.6498 -145.954 0.380456 0.570513 -0.727852
28.8794 5.84534 -145.583 0.385374 0.570279 -0.725444
30.7244 5.02723 -145.226 0.398502 0.563705 -0.723487
32.5982 4.22977 -144.802 0.402981 0.556527 -0.726556
34.4977 3.39862 -144.389 0.400529 0.554835 -0.729202
36.3081 2.57682 -144.014 0.404074 0.555852 -0.726466
38.1679 2.0759 -143.351 0.415723 0.5498 -0.724496
39.9215 2.08142 -142.341 0.416151 0.54873 -0.725061
41.6853 2.10876 -141.309 0.415734 0.547872 -0.725948
43.4303 2.08198 -140.332 0.415572 0.545417 -0.727888
45.1737 2.08438 -139.335 0.416715 0.544868 -0.727645
47.0253 2.07514 -138.272 0.423128 0.542486 -0.725721
48.7627 2.08582 -137.247 0.424609 0.541698 -0.725445
50.5419 2.08018 -136.211 0.425629 0.540381 -0.725829
52.3442 2.10609 -135.124 0.42899 0.54035 -0.723871
54.1026 2.08673 -134.098 0.428845 0.539812 -0.724359
55.9171 2.05636 -133.039 0.432603 0.538345 -0.723215
57.6666 2.08484 -131.97 0.43316 0.538649 -0.722654
59.3955 2.0998 -130.917 0.441314 0.534628 -0.720703
61.187 2.0868 -129.822 0.444222 0.533931 -0.719433
62.897 2.07848 -128.772 0.444264 0.5339 -0.719431
64.6179 2.07275 -127.712 0.444694 0.534219 -0.718928
66.3717 2.06387 -126.633 0.445991 0.533406 -0.718728
68.0523 2.10339 -125.553 0.449919 0.535854 -0.714446
69.7426 2.11598 -124.474 0.455226 0.53158 -0.714277
71.506 2.10299 -123.358 0.457958 0.529081 -0.714386
73.2188 2.09631 -122.261 0.460476 0.528469 -0.71322
75.02 2.09745 -121.094 0.462029 0.527266 -0.713106
76.7326 2.08807 -119.991 0.462669 0.527417 -0.712579
78.5039 2.13029 -118.806 0.466602 0.525049 -0.711763
80.3135 2.10394 -117.634 0.468892 0.524556 -0.71062
81.997 2.12049 -116.512 0.468531 0.524517 -0.710887
83.6976 2.13094 -115.384 0.468691 0.524338 -0.710914
85.3766 2.13048 -114.276 0.470571 0.523846 -0.710034
87.1248 2.11215 -113.125 0.473405 0.523758 -0.708213
88.795 2.14474 -111.982 0.474552 0.523475 -0.707654
90.54 2.14144 -110.815 0.474367 0.523091 -0.708062
92.2952 2.10711 -109.662 0.47598 0.522996 -0.707049
93.9878 2.0847 -108.538 0.475964 0.523084 -0.706994
95.6903 2.1202 -107.364 0.477628 0.523185 -0.705796
97.386 2.115 -106.22 0.477734 0.523636 -0.70539
99.2231 2.08587 -104.996 0.478169 0.524027 -0.704805
100.996 2.10068 -103.782 0.478689 0.523945 -0.704513
102.683 2.108 -102.627 0.47964 0.524686 -0.703313
104.44 2.10551 -101.427 0.481774 0.525137 -0.701516
106.226 2.11795 -100.189 0.482043 0.525375 -0.701153
107.918 2.11104 -99.0316 0.481997 0.52562 -0.701001
109.667 2.09073 -97.8433 0.482458 0.526326 -0.700154
111.454 2.13426 -96.5769 0.484841 0.527555 -0.697578
113.17 2.12373 -95.3792 0.489164 0.530335 -0.692433
114.76 2.25852 -94.1539 0.487842 0.531135 -0.692752
116.017 3.05715 -92.66 0.486072 0.531395 -0.693796
117.165 3.87006 -91.2268 0.486937 0.535921 -0.689695
118.319 4.68778 -89.7631 0.49333 0.539121 -0.682623
119.398 5.57923 -88.2745 0.49493 0.538902 -0.681637
120.466 6.47003 -86.789 0.497879 0.539043 -0.679373
121.504 7.43409 -85.2664 0.494018 0.541821 -0.679982
122.625 8.40178 -83.6698 0.493943 0.54652 -0.676266
123.614 9.35052 -82.164 0.501604 0.547729 -0.669617
124.631 10.2855 -80.6353 0.502101 0.548366 -0.668722
125.59 11.3015 -79.0791 0.503084 0.549219 -0.667282
126.515 12.2696 -77.5813 0.505689 0.5529 -0.662254
127.481 13.2786 -75.9875 0.509532 0.555425 -0.657176
128.342 14.2956 -74.4608 0.509361 0.554634 -0.657976
129.244 15.31 -72.9027 0.510402 0.559071 -0.653398
130.064 16.36 -71.3563 0.512039 0.560323 -0.65104
130.911 17.3881 -69.7763 0.525991 0.567864 -0.633138
131.714 18.3833 -68.2108 0.527894 0.568184 -0.631265
132.518 19.4049 -66.6306 0.532629 0.556653 -0.637528
133.297 20.4418 -65.0752 0.535195 0.55495 -0.636864
132.203 21.9838 -64.6542 0.5368 0.55374 -0.636568
130.807 23.539 -64.4764 0.535372 0.554507 -0.637102
129.347 25.182 -64.2705 0.535344 0.556529 -0.63536
128.019 26.6783 -64.0822 0.535129 0.552539 -0.639011
126.601 28.2375 -63.9171 0.531267 0.550853 -0.643673
125.286 29.7306 -63.728 0.529351 0.54838 -0.647354
123.972 31.2491 -63.5207 0.528943 0.546123 -0.649592
122.614 32.7726 -63.3456 0.528989 0.546087 -0.649585
121.266 34.2937 -63.1646 0.528992 0.546086 -0.649583
119.828 35.9347 -62.9557 0.528031 0.546401 -0.650099
118.466 37.4653 -62.77 0.525597 0.547099 -0.651483
117.142 39.0043 -62.5453 0.524844 0.54701 -0.652165
115.77 40.5715 -62.3355 0.523666 0.5459 -0.654039
114.371 42.1641 -62.1282 0.521727 0.543502 -0.657576
113.071 43.6759 -61.9098 0.521612 0.543258 -0.657868
111.677 45.3353 -61.6437 0.520419 0.543111 -0.658934
110.316 46.909 -61.4193 0.516506 0.544776 -0.660637
108.952 48.4882 -61.181 0.508351 0.542644 -0.668668
107.646 50.0065 -60.9395 0.507576 0.543114 -0.668875
106.281 51.5527 -60.7203 0.507801 0.542334 -0.669337
104.861 53.0472 -60.588 0.508051 0.542042 -0.669384
103.488 54.529 -60.4219 0.500257 0.544986 -0.672853
102.108 56.0775 -60.1899 0.499178 0.544638 -0.673937
100.763 57.5448 -60.0031 0.499725 0.543705 -0.674284
99.3465 59.1481 -59.7599 0.49972 0.543704 -0.674289
98.0163 60.6379 -59.5445 0.499729 0.543707 -0.67428
96.6502 62.1389 -59.3442 0.497502 0.54466 -0.675157
95.3101 63.6336 -59.122 0.493568 0.5457 -0.677202
93.8965 65.206 -58.8705 0.487671 0.551868 -0.676475
92.5715 66.724 -58.5871 0.487638 0.551835 -0.676526
91.1548 68.3295 -58.2989 0.487232 0.550879 -0.677597
89.7547 69.9336 -58.0019 0.486594 0.550476 -0.678382
88.3379 71.5536 -57.7069 0.486267 0.548238 -0.680425
86.9517 73.1421 -57.4204 0.486399 0.546991 -0.681335
85.5326 74.7215 -57.1596 0.479741 0.549607 -0.683945
84.2103 76.259 -56.8481 0.477184 0.550112 -0.685327
82.9199 77.8031 -56.5028 0.476533 0.554337 -0.682368
81.6279 79.298 -56.1885 0.476094 0.555126 -0.682033
80.3108 80.8169 -55.8717 0.476102 0.555123 -0.682031
78.9532 82.4001 -55.5308 0.475981 0.55505 -0.682174
77.6464 83.9539 -55.1785 0.476219 0.554861 -0.682162
76.3255 85.486 -54.8537 0.476143 0.554738 -0.682315
74.9801 87.0757 -54.4988 0.473396 0.55564 -0.683491
73.611 88.6601 -54.1564 0.471231 0.555352 -0.685219
72.2725 90.2561 -53.7784 0.469139 0.557745 -0.684711
70.8997 91.8866 -53.3896 0.46938 0.558392 -0.684018
69.5591 93.3978 -53.0745 0.469298 0.559966 -0.682786
68.1213 94.9663 -52.7732 0.468945 0.561115 -0.682085
66.7437 96.4157 -52.528 0.469027 0.561106 -0.682037
65.3185 97.9298 -52.2632 0.46937 0.560999 -0.681889
63.871 99.4929 -51.9732 0.469261 0.560922 -0.682027
62.44 101.044 -51.6776 0.46717 0.56235 -0.682287
61.0278 102.556 -51.3949 0.465466 0.563063 -0.682863
59.6575 104.11 -51.0466 0.465214 0.563587 -0.682602
58.2801 105.616 -50.7418 0.465237 0.563572 -0.682599
56.8768 107.118 -50.4581 0.465595 0.563193 -0.682668
55.4951 108.546 -50.2259 0.466194 0.561407 -0.683729
54.0339 110.091 -49.9535 0.465687 0.560636 -0.684706
52.5835 111.617 -49.6954 0.461388 0.556371 -0.691065
51.1738 113.154 -49.3917 0.452387 0.560229 -0.693894
49.6658 114.631 -49.1813 0.452742 0.562536 -0.691793
48.1872 115.972 -49.0538 0.451669 0.564707 -0.690725
46.6325 117.395 -48.9018 0.444496 0.563314 -0.696492
45.0757 118.8 -48.7476 0.439543 0.56529 -0.698032
43.6324 120.171 -48.5385 0.436434 0.568635 -0.697266
42.1844 121.572 -48.2996 0.434675 0.56864 -0.69836
40.7333 123.008 -48.0325 0.433678 0.569015 -0.698674
39.3498 124.422 -47.7208 0.422667 0.575581 -0.700042
37.923 125.801 -47.4403 0.418538 0.578771 -0.699892
36.2602 127.056 -47.3946 0.416553 0.578951 -0.700927
34.5984 128.235 -47.4029 0.412373 0.58185 -0.700998
32.9601 129.437 -47.3632 0.409849 0.581781 -0.702534
31.4231 130.752 -47.1811 0.408895 0.575944 -0.70788
29.8778 132.274 -46.7816 0.392296 0.59155 -0.704395
27.9694 132.763 -47.4326 0.390534 0.589157 -0.707374
25.9854 133.281 -48.0952 0.387617 0.590514 -0.707846
24.6654 132.7 -49.2942 0.383443 0.587578 -0.712547
23.6177 131.66 -50.7078 0.379133 0.585363 -0.716664
22.5149 130.582 -52.1721 0.376941 0.589413 -0.714498
21.6888 129.413 -53.5773 0.377869 0.591011 -0.712686
21.3066 127.935 -55.0046 0.374639 0.591631 -0.713874
20.9267 126.469 -56.4116 0.367734 0.591163 -0.717842
20.5469 125.03 -57.7917 0.365458 0.593496 -0.717079
20.1429 123.47 -59.2941 0.363838 0.596146 -0.715704
19.8467 121.872 -60.7753 0.366811 0.595577 -0.714658
19.5719 120.314 -62.211 0.372583 0.592164 -0.714509
19.2993 118.835 -63.5759 0.375851 0.588967 -0.71544
18.9981 117.348 -64.9511 0.379696 0.58329 -0.718056
18.5962 115.812 -66.3874 0.380978 0.574464 -0.724463
18.325 114.314 -67.7296 0.37888 0.577427 -0.723206
18.1147 112.758 -69.0754 0.380158 0.576151 -0.723554
17.8986 111.135 -70.4792 0.38416 0.574346 -0.722874
17.6641 109.545 -71.8566 0.386843 0.570285 -0.724647
17.3624 108.058 -73.1883 0.391389 0.568077 -0.723944
17.0022 106.575 -74.528 0.385258 0.562576 -0.731495
16.6146 105.015 -75.9383 0.383132 0.565804 -0.73012
16.2485 103.461 -77.3349 0.382836 0.566055 -0.730081
15.9081 101.956 -78.6806 0.382898 0.565986 -0.730102
15.5502 100.479 -80.0126 0.381164 0.56573 -0.731207
15.212 98.9677 -81.3567 0.381687 0.5652 -0.731344
14.9047 97.4505 -82.6879 0.383285 0.563828 -0.731567
14.5667 95.9544 -84.0175 0.383663 0.563481 -0.731637
14.2298 94.4395 -85.3548 0.384735 0.558066 -0.735215
13.8056 92.9584 -86.7018 0.38458 0.558482 -0.73498
13.3754 91.418 -88.0936 0.382154 0.556497 -0.737746
12.9527 89.9328 -89.4317 0.381435 0.556484 -0.738128
12.648 88.432 -90.7206 0.382462 0.556122 -0.737869
12.3921 86.9006 -92.0087 0.383747 0.556144 -0.737185
12.1191 85.3713 -93.3028 0.385361 0.552706 -0.738927
11.8159 83.8187 -94.6187 0.38485 0.552014 -0.73971
11.4911 82.2009 -95.993 0.384029 0.55068 -0.74113
11.1495 80.7074 -97.2793 0.382522 0.549422 -0.742841
10.8293 79.1084 -98.6238 0.38469 0.549234 -0.74186
10.5117 77.589 -99.9077 0.382144 0.550774 -0.742033
10.1373 75.9824 -101.284 0.380974 0.547918 -0.744745
9.75238 74.4417 -102.62 0.376007 0.550361 -0.745465
9.32684 72.7708 -104.059 0.370058 0.548123 -0.750079
8.94041 71.2409 -105.37 0.36713 0.550038 -0.750116
8.5414 69.7334 -106.671 0.3672 0.550056 -0.750068
8.15836 68.1943 -107.987 0.36719 0.550144 -0.750008
7.72824 66.5943 -109.374 0.362654 0.554965 -0.748662
7.36641 64.9801 -110.751 0.361198 0.5574 -0.747557
6.94209 63.4179 -112.119 0.35986 0.555732 -0.749442
6.6141 61.8714 -113.421 0.358904 0.555286 -0.75023
6.26309 60.3718 -114.699 0.358913 0.555269 -0.750239
5.87485 58.8236 -116.031 0.35873 0.555692 -0.750013
5.49623 57.3292 -117.323 0.356954 0.557899 -0.749221
5.12753 55.7565 -118.659 0.355166 0.55355 -0.753286
4.6964 54.2671 -119.947 0.34775 0.550609 -0.758881
4.25727 52.7878 -121.218 0.345624 0.550379 -0.760018
3.82736 51.2942 -122.495 0.345621 0.550376 -0.760021
3.36608 49.8083 -123.781 0.345635 0.550377 -0.760014
2.93157 48.3211 -125.056 0.345645 0.550353 -0.760027
2.48104 46.7493 -126.398 0.345954 0.549674 -0.760378
2.32423 45.0897 -127.669 0.345962 0.549615 -0.760417
2.32724 44.4003 -128.166 0.34596 0.549624 -0.760411
9.20574 44.3368 -125.17 0.339634 0.561217 -0.754774
11.2451 43.8942 -124.576 0.341769 0.561271 -0.75377
13.231 43.4617 -123.999 0.340856 0.564473 -0.75179
15.1197 43.0566 -123.465 0.331719 0.572905 -0.749495
17.0671 42.6342 -122.911 0.348498 0.566373 -0.746841
19.0265 42.1877 -122.324 0.352362 0.565035 -0.746041
20.9641 41.7418 -121.739 0.357892 0.568545 -0.740723
22.8666 41.2909 -121.156 0.361572 0.570848 -0.737155
24.8783 40.812 -120.538 0.365062 0.569287 -0.736643
26.7708 40.3533 -119.949 0.367402 0.566964 -0.73727
28.708 39.8814 -119.345 0.371534 0.567101 -0.735091
30.6962 39.3794 -118.704 0.381826 0.567178 -0.729738
32.6311 38.8817 -118.075 0.384732 0.565198 -0.729748
34.6259 38.3654 -117.421 0.386235 0.565476 -0.728738
36.5115 37.875 -116.801 0.386931 0.56563 -0.72825
38.5152 37.353 -116.141 0.3878 0.564175 -0.728916
40.4435 36.8465 -115.502 0.390533 0.562783 -0.728532
42.3003 36.3478 -114.873 0.399935 0.56221 -0.723859
44.1696 35.8373 -114.231 0.408112 0.558403 -0.72224
46.1514 35.2826 -113.533 0.410553 0.557137 -0.721835
47.9869 34.7644 -112.883 0.414684 0.557038 -0.719546
49.8738 34.227 -112.21 0.415051 0.557062 -0.719315
51.8324 33.6676 -111.513 0.414943 0.557593 -0.718966
53.7569 33.1179 -110.829 0.415061 0.557847 -0.718701
55.6769 32.5603 -110.135 0.428974 0.554037 -0.71346
57.555 31.9953 -109.431 0.432187 0.550747 -0.714068
59.403 31.4407 -108.743 0.431171 0.550439 -0.714919
61.3701 30.8504 -108.011 0.431176 0.55042 -0.71493
63.3606 30.2493 -107.267 0.438064 0.547686 -0.71284
65.277 29.654 -106.53 0.444129 0.545067 -0.711092
67.1044 29.0803 -105.821 0.447421 0.545889 -0.708392
68.9734 28.4915 -105.095 0.447058 0.546145 -0.708425
70.818 27.9183 -104.386 0.440851 0.550665 -0.708815
72.6693 27.334 -103.665 0.452633 0.548201 -0.703278
74.4938 26.7499 -102.945 0.454021 0.54872 -0.701977
76.283 26.1734 -102.233 0.457723 0.55054 -0.698137
78.1311 25.5649 -101.482 0.46651 0.54596 -0.695915
79.9743 24.9518 -100.727 0.466643 0.54589 -0.69588
81.8625 24.3283 -99.9598 0.461032 0.543725 -0.701293
83.6814 23.7297 -99.2238 0.463297 0.542383 -0.70084
85.5004 23.1284 -98.4844 0.465195 0.539174 -0.702058
87.4314 22.474 -97.6811 0.476876 0.538154 -0.694968
89.3373 21.8213 -96.8789 0.476491 0.538245 -0.69516
91.1503 21.1998 -96.1178 0.476408 0.538331 -0.695152
92.9152 20.5933 -95.3765 0.477431 0.537305 -0.695243
94.7615 19.9585 -94.5988 0.47785 0.534116 -0.697409
96.5404 19.3437 -93.8454 0.482279 0.532605 -0.695514
98.3742 18.6942 -93.0543 0.487901 0.532635 -0.691559
100.126 18.0738 -92.2937 0.487762 0.534434 -0.690268
101.886 17.4485 -91.5311 0.488549 0.534905 -0.689345
103.788 16.7682 -90.7044 0.490831 0.534838 -0.687775
105.618 16.1143 -89.9102 0.487415 0.535941 -0.689344
107.397 15.4806 -89.1396 0.490866 0.536831 -0.686194
109.355 14.7761 -88.2889 0.491635 0.538914 -0.684008
111.117 14.1377 -87.5169 0.49625 0.538759 -0.680789
112.961 13.4645 -86.7052 0.496412 0.538007 -0.681266
114.742 12.8136 -85.9227 0.494573 0.539238 -0.68163
116.176 12.2911 -85.2977 0.494361 0.540057 -0.681136
118.967 14.8819 -81.1329 0.503505 0.545682 -0.669861
117.171 15.5508 -81.9297 0.500824 0.544988 -0.672431
115.334 16.2323 -82.7463 0.501723 0.544571 -0.672099
113.53 16.9024 -83.5556 0.501773 0.541371 -0.674641
111.745 17.5559 -84.3429 0.495584 0.540735 -0.679707
109.956 18.2062 -85.1285 0.493922 0.541136 -0.680598
108.109 18.8714 -85.938 0.493751 0.541678 -0.68029
106.325 19.5144 -86.7223 0.494166 0.542077 -0.67967
104.583 20.1368 -87.4847 0.49127 0.54481 -0.679585
102.779 20.7832 -88.2751 0.490729 0.5406 -0.683328
100.986 21.4189 -89.0532 0.488106 0.539639 -0.685961
99.1105 22.0801 -89.864 0.48629 0.539642 -0.687247
97.3553 22.6961 -90.6222 0.486531 0.539925 -0.686854
95.5786 23.3219 -91.3931 0.48907 0.542956 -0.682649
93.8273 23.9337 -92.1489 0.476498 0.540078 -0.693733
91.9813 24.5646 -92.9283 0.477933 0.540022 -0.692788
90.0797 25.2144 -93.7309 0.474628 0.545315 -0.690912
88.2024 25.8499 -94.5168 0.474352 0.5465 -0.690166
86.4321 26.4502 -95.2577 0.473571 0.546069 -0.691043
84.529 27.0919 -96.0528 0.470414 0.544459 -0.69446
82.6457 27.7113 -96.8221 0.46006 0.544186 -0.701574
80.8215 28.3053 -97.5572 0.459969 0.544277 -0.701563
79.0376 28.8863 -98.2765 0.460745 0.544554 -0.700839
77.2521 29.4694 -98.9988 0.457853 0.549753 -0.698672
75.4688 30.0443 -99.7132 0.457135 0.548933 -0.699785
73.5714 30.6564 -100.474 0.458556 0.547501 -0.699978
71.7332 31.2486 -101.212 0.457276 0.54588 -0.702078
69.8847 31.834 -101.943 0.447274 0.546354 -0.708127
68.0051 32.4224 -102.677 0.447413 0.54588 -0.708405
66.1114 33.0149 -103.416 0.447411 0.545872 -0.708412
64.2328 33.6018 -104.149 0.445221 0.546573 -0.70925
62.3618 34.1714 -104.858 0.432199 0.549168 -0.715275
60.5099 34.7254 -105.549 0.431312 0.54955 -0.715517
58.6901 35.2688 -106.229 0.431314 0.549547 -0.715518
56.7952 35.834 -106.937 0.431315 0.54946 -0.715585
54.9285 36.382 -107.624 0.422139 0.555025 -0.716761
53.1017 36.9035 -108.279 0.414327 0.55544 -0.720985
51.0684 37.4802 -109.003 0.414505 0.555732 -0.720657
49.1428 38.025 -109.691 0.414833 0.556058 -0.720218
47.2826 38.5514 -110.357 0.415048 0.556909 -0.719436
45.4329 39.0722 -111.016 0.411433 0.557824 -0.720802
43.4979 39.6005 -111.685 0.40028 0.561813 -0.723977
41.6115 40.1105 -112.333 0.400539 0.561377 -0.724172
39.6977 40.6241 -112.985 0.389502 0.562488 -0.729312
37.7872 41.1219 -113.615 0.386702 0.561857 -0.731285
35.8588 41.6199 -114.252 0.386704 0.56186 -0.731282
33.915 42.1208 -114.894 0.385565 0.563066 -0.730956
32.0664 42.5923 -115.499 0.380436 0.564248 -0.73273
30.2021 43.0637 -116.102 0.380146 0.564903 -0.732375
28.2199 43.5659 -116.746 0.379303 0.56738 -0.730896
26.3374 44.0259 -117.335 0.362498 0.569614 -0.737655
24.4682 44.4691 -117.91 0.362669 0.568375 -0.738527
22.596 44.9125 -118.487 0.362538 0.567528 -0.739242
20.7316 45.3529 -119.064 0.362649 0.564043 -0.74185
18.8237 45.8015 -119.657 0.363399 0.561506 -0.743406
16.8959 46.2445 -120.249 0.349345 0.566921 -0.746028
15.0006 46.6591 -120.808 0.343654 0.565934 -0.749413
13.0758 47.0809 -121.369 0.343399 0.564939 -0.750281
11.0914 47.5121 -121.95 0.342358 0.563809 -0.751606
10.1718 47.7125 -122.219 0.342278 0.562061 -0.75295
11.2717 51.0672 -119.201 0.356773 0.553854 -0.752302
13.3355 50.6112 -118.576 0.344415 0.566142 -0.748907
15.2389 50.1964 -118.017 0.343499 0.567346 -0.748416
17.2614 49.7436 -117.411 0.357899 0.566353 -0.742397
19.1717 49.3031 -116.826 0.357919 0.566348 -0.742391
21.0742 48.8606 -116.245 0.359272 0.563919 -0.743585
23.0303 48.3977 -115.638 0.365475 0.563346 -0.740992
24.9544 47.938 -115.037 0.365856 0.563713 -0.740525
26.8244 47.4872 -114.449 0.377304 0.563394 -0.735003
28.7645 47.001 -113.816 0.380733 0.563789 -0.732929
30.6815 46.5205 -113.192 0.379839 0.564356 -0.732956
32.623 46.0319 -112.556 0.383771 0.563952 -0.731217
34.5647 45.5366 -111.919 0.383865 0.564024 -0.731112
36.4969 45.043 -111.284 0.38596 0.56249 -0.731191
38.3905 44.5548 -110.658 0.388309 0.56216 -0.7302
40.3712 44.028 -109.982 0.400482 0.561358 -0.724218
42.2637 43.5189 -109.332 0.398948 0.560176 -0.725977
44.2372 42.9906 -108.657 0.397764 0.558765 -0.727712
46.1099 42.4777 -108.003 0.41353 0.555083 -0.721717
47.9469 41.9616 -107.344 0.414271 0.555482 -0.720985
49.8223 41.4339 -106.673 0.414232 0.555463 -0.721022
51.7376 40.8943 -105.989 0.414229 0.55547 -0.721018
53.7079 40.335 -105.281 0.420208 0.555353 -0.717641
55.5669 39.7981 -104.602 0.422332 0.555195 -0.716515
57.5024 39.237 -103.893 0.426493 0.554086 -0.714907
59.313 38.7017 -103.217 0.431309 0.54956 -0.715511
61.2114 38.1368 -102.506 0.431781 0.549575 -0.715215
63.0775 37.5718 -101.796 0.440111 0.549792 -0.709951
64.9619 36.9968 -101.071 0.442447 0.54922 -0.708942
66.8192 36.4196 -100.346 0.447421 0.545894 -0.708388
68.7216 35.8262 -99.5985 0.450696 0.547216 -0.705286
70.5472 35.2477 -98.8726 0.453901 0.546816 -0.703539
72.5052 34.6247 -98.0909 0.456725 0.544927 -0.703176
74.3068 34.0457 -97.3656 0.458171 0.544504 -0.702563
76.1474 33.4517 -96.6232 0.460483 0.545012 -0.700655
77.9325 32.8709 -95.8963 0.462487 0.545414 -0.699021
79.7636 32.2759 -95.1522 0.460106 0.546885 -0.699442
81.5588 31.6955 -94.4259 0.460546 0.547089 -0.698993
83.4199 31.0803 -93.6556 0.473149 0.548033 -0.689775
85.1967 30.484 -92.9106 0.473232 0.547953 -0.689781
87.014 29.8735 -92.1472 0.474316 0.546843 -0.689918
88.8255 29.2639 -91.3862 0.473236 0.546824 -0.690674
90.5932 28.6675 -90.6435 0.476392 0.548893 -0.686854
92.386 28.0586 -89.8855 0.477088 0.550656 -0.684957
94.1699 27.4443 -89.1205 0.485108 0.547606 -0.681761
95.9475 26.8256 -88.3526 0.48512 0.547599 -0.681758
97.8043 26.1789 -87.55 0.486409 0.547382 -0.681014
99.7013 25.5107 -86.7211 0.492179 0.546955 -0.677201
101.447 24.8871 -85.9494 0.494554 0.544813 -0.677197
103.225 24.2526 -85.1681 0.490109 0.544722 -0.680493
105.062 23.6017 -84.3664 0.48984 0.544736 -0.680676
106.878 22.9566 -83.5734 0.49188 0.544458 -0.679426
108.627 22.3311 -82.8057 0.49277 0.543522 -0.679531
110.41 21.688 -82.0211 0.497549 0.544649 -0.675132
112.174 21.0366 -81.2284 0.504603 0.545403 -0.669262
113.91 20.3906 -80.4438 0.504906 0.543691 -0.670425
115.68 19.7338 -79.649 0.502905 0.545395 -0.670546
117.458 19.0729 -78.852 0.504405 0.545603 -0.669248
119.235 18.4052 -78.053 0.506522 0.545277 -0.667913
120.965 17.7508 -77.2747 0.507261 0.545615 -0.667076
121.585 17.5148 -76.9952 0.508755 0.546697 -0.665049
123.922 20.238 -72.9286 0.517546 0.550156 -0.655343
122.14 20.9275 -73.7445 0.513186 0.547213 -0.661209
120.346 21.614 -74.5658 0.511443 0.547472 -0.662345
118.571 22.2893 -75.3772 0.510991 0.547302 -0.662834
116.761 22.9679 -76.2013 0.505282 0.545764 -0.668455
114.994 23.6221 -76.9981 0.503955 0.54519 -0.669923
113.189 24.2892 -77.8131 0.503402 0.545103 -0.67041
111.396 24.9461 -78.6216 0.501963 0.545099 -0.671491
109.6 25.6039 -79.4301 0.502341 0.545234 -0.671099
107.849 26.246 -80.2218 0.501412 0.545853 -0.67129
106.03 26.8981 -81.0299 0.491117 0.545227 -0.679361
104.202 27.5439 -81.8297 0.489657 0.545115 -0.680504
102.407 28.1739 -82.6154 0.488903 0.546757 -0.679728
100.626 28.7981 -83.3939 0.488788 0.54719 -0.679462
98.8376 29.426 -84.1758 0.489612 0.548156 -0.678089
97.0866 30.0403 -84.9448 0.490144 0.548865 -0.67713
95.2644 30.6771 -85.7443 0.487303 0.547209 -0.680514
93.4842 31.2928 -86.5154 0.482549 0.548726 -0.682676
91.6791 31.9058 -87.2849 0.47707 0.55066 -0.684965
89.9021 32.5069 -88.0401 0.477473 0.550053 -0.685173
88.0415 33.1366 -88.8328 0.478044 0.54945 -0.685258
86.2053 33.7571 -89.6117 0.47434 0.549392 -0.687873
84.4111 34.3577 -90.3674 0.473694 0.54941 -0.688304
82.6132 34.9591 -91.1246 0.473659 0.54934 -0.688384
80.7506 35.5798 -91.909 0.470008 0.548599 -0.69147
78.8053 36.2136 -92.7103 0.462644 0.545779 -0.698632
76.9406 36.8178 -93.4728 0.462419 0.545809 -0.698757
75.1433 37.4001 -94.2077 0.462412 0.545786 -0.69878
73.3298 37.9863 -94.9458 0.45786 0.546303 -0.701368
71.4941 38.568 -95.6805 0.454456 0.54839 -0.701953
69.6871 39.1394 -96.4017 0.454156 0.548034 -0.702425
67.8743 39.712 -97.1267 0.454068 0.547247 -0.703095
65.9585 40.3113 -97.8851 0.44297 0.549903 -0.708085
64.1219 40.8698 -98.5933 0.440093 0.549999 -0.709802
62.2938 41.4247 -99.2971 0.440253 0.549927 -0.709759
60.4833 41.9736 -99.9937 0.439047 0.549994 -0.710454
58.6372 42.5177 -100.684 0.423222 0.555122 -0.716047
56.8219 43.0408 -101.349 0.422349 0.555213 -0.716491
54.8499 43.6085 -102.072 0.422336 0.555194 -0.716514
53.0206 44.1346 -102.742 0.422244 0.555344 -0.716452
51.0656 44.6899 -103.451 0.415044 0.554837 -0.721037
49.1368 45.2309 -104.143 0.414911 0.554874 -0.721085
47.2229 45.7674 -104.831 0.414972 0.554819 -0.721092
45.2929 46.3076 -105.523 0.409502 0.557436 -0.7222
43.3936 46.8187 -106.179 0.397789 0.558738 -0.727719
41.3961 47.3507 -106.863 0.397762 0.558678 -0.727781
39.4676 47.8623 -107.525 0.398114 0.558006 -0.728104
37.5845 48.3568 -108.164 0.387123 0.560726 -0.731931
35.6335 48.8537 -108.806 0.383369 0.559853 -0.734569
33.7077 49.3418 -109.439 0.383379 0.559877 -0.734546
31.8553 49.8106 -110.049 0.383159 0.560482 -0.7342
29.9989 50.2772 -110.658 0.381024 0.561893 -0.734233
28.149 50.7397 -111.264 0.381003 0.562275 -0.73395
26.2882 51.2025 -111.875 0.380363 0.562528 -0.734088
24.2892 51.6848 -112.511 0.363749 0.56526 -0.740384
22.2969 52.1533 -113.13 0.362836 0.566551 -0.739844
20.3964 52.5942 -113.717 0.35877 0.567519 -0.741084
18.3756 53.0606 -114.338 0.358765 0.567294 -0.741259
16.4125 53.5162 -114.944 0.362449 0.561702 -0.743721
14.5281 53.951 -115.528 0.358474 0.557551 -0.748755
12.5129 54.4071 -116.151 0.358171 0.556557 -0.749639
12.108 54.4981 -116.277 0.35698 0.557138 -0.749775
12.8863 57.9304 -113.343 0.360417 0.559618 -0.746275
14.846 57.4806 -112.728 0.36245 0.559694 -0.745233
16.7359 57.0445 -112.137 0.362676 0.55956 -0.745224
18.6829 56.5926 -111.525 0.364047 0.558918 -0.745037
20.5586 56.1537 -110.937 0.364806 0.559482 -0.744242
22.4302 55.7135 -110.349 0.36268 0.562126 -0.743288
24.4056 55.2539 -109.736 0.362553 0.56304 -0.742659
26.3344 54.7869 -109.114 0.3805 0.560934 -0.735237
28.2709 54.3058 -108.479 0.380792 0.561015 -0.735024
30.2615 53.8103 -107.825 0.380888 0.561009 -0.734979
32.1891 53.3291 -107.193 0.382581 0.560403 -0.734561
34.0616 52.8572 -106.574 0.385878 0.560334 -0.732888
35.9631 52.373 -105.94 0.387317 0.56145 -0.731272
37.8367 51.8943 -105.315 0.387671 0.561347 -0.731165
39.7449 51.3964 -104.667 0.398409 0.557711 -0.728168
41.635 50.8953 -104.016 0.398436 0.557585 -0.72825
43.5364 50.3888 -103.361 0.401092 0.558192 -0.726324
45.4423 49.8683 -102.691 0.414245 0.55963 -0.717785
47.423 49.3139 -101.977 0.415401 0.558416 -0.718062
49.2703 48.7962 -101.311 0.4154 0.558415 -0.718063
51.1043 48.2808 -100.648 0.421878 0.557292 -0.715153
52.9393 47.752 -99.9684 0.42502 0.557957 -0.712771
54.7584 47.2287 -99.2971 0.423041 0.560407 -0.712026
56.6137 46.6956 -98.6143 0.423499 0.560546 -0.711644
58.4487 46.1652 -97.9359 0.426073 0.561726 -0.709172
60.3749 45.6041 -97.2178 0.433363 0.558565 -0.707249
62.2722 45.0314 -96.4863 0.440945 0.554605 -0.705677
64.129 44.4687 -95.7676 0.441666 0.554776 -0.705092
65.9213 43.918 -95.0639 0.447956 0.555511 -0.70053
67.7116 43.3622 -94.3557 0.452503 0.552477 -0.700008
69.504 42.799 -93.6376 0.454061 0.551949 -0.699414
71.3727 42.2107 -92.8888 0.454009 0.551949 -0.699449
73.2232 41.6281 -92.1476 0.453947 0.55194 -0.699495
75.0986 41.034 -91.3915 0.45975 0.548434 -0.698463
76.9446 40.4385 -90.6347 0.462599 0.546686 -0.697952
78.716 39.8625 -89.9021 0.470999 0.547058 -0.692017
80.6386 39.2211 -89.0885 0.475256 0.54803 -0.688327
82.4975 38.5992 -88.3003 0.474934 0.548245 -0.688378
84.2972 37.9996 -87.5387 0.473963 0.549302 -0.688205
86.219 37.3558 -86.7211 0.478031 0.549458 -0.685261
87.9811 36.7621 -85.9679 0.478101 0.549237 -0.685389
89.764 36.1623 -85.2058 0.477805 0.548457 -0.68622
91.5794 35.5517 -84.4319 0.476561 0.547313 -0.687996
93.3762 34.9436 -83.6615 0.486088 0.544669 -0.683414
95.172 34.3191 -82.8721 0.489643 0.546293 -0.679569
96.9621 33.6959 -82.0853 0.488929 0.546941 -0.679561
98.784 33.0625 -81.2846 0.488822 0.547157 -0.679465
100.541 32.4514 -80.5129 0.488732 0.547194 -0.6795
102.411 31.7999 -79.6929 0.488798 0.54738 -0.679302
104.166 31.1836 -78.9196 0.492402 0.54986 -0.674681
105.934 30.5573 -78.1362 0.496421 0.547931 -0.673304
107.746 29.9022 -77.3185 0.501362 0.547252 -0.670188
109.585 29.2363 -76.4864 0.501531 0.547221 -0.670086
111.324 28.6035 -75.6966 0.50447 0.548622 -0.666727
113.143 27.9363 -74.8679 0.505324 0.547946 -0.666636
114.885 27.2939 -74.0746 0.506535 0.546726 -0.666719
116.619 26.6473 -73.2772 0.511065 0.548313 -0.661941
118.394 25.9795 -72.4592 0.511858 0.548708 -0.661
120.119 25.3251 -71.6602 0.517996 0.549304 -0.655702
121.937 24.6236 -70.8085 0.519058 0.549667 -0.654556
123.722 23.9306 -69.9711 0.521917 0.550185 -0.651843
124.552 23.6055 -69.5795 0.522864 0.551798 -0.649717
119.499 29.1844 -68.909 0.520934 0.550829 -0.652086
117.696 29.869 -69.7635 0.513915 0.549883 -0.658423
115.934 30.5267 -70.5844 0.511611 0.549962 -0.660148
114.135 31.1939 -71.4207 0.5108 0.550978 -0.659929
112.338 31.8556 -72.2501 0.505036 0.549497 -0.665576
110.491 32.5268 -73.0956 0.504538 0.549411 -0.666025
108.764 33.1542 -73.8862 0.504511 0.549309 -0.666129
106.901 33.8312 -74.7386 0.503973 0.549019 -0.666776
105.048 34.4934 -75.5757 0.493442 0.548229 -0.675248
103.296 35.1098 -76.3564 0.493902 0.546535 -0.676284
101.55 35.7211 -77.1376 0.494321 0.545285 -0.676987
99.7093 36.366 -77.9623 0.494258 0.544955 -0.677298
97.8411 37.0173 -78.7936 0.490537 0.543728 -0.68098
95.975 37.6659 -79.6201 0.490542 0.543702 -0.680997
94.1896 38.2854 -80.4097 0.488811 0.544616 -0.681511
92.2559 38.9458 -81.2538 0.48388 0.546844 -0.683244
90.4294 39.5674 -82.0477 0.482137 0.545392 -0.685632
88.6043 40.1777 -82.8302 0.476204 0.545068 -0.690022
86.837 40.7679 -83.5837 0.476212 0.54503 -0.690047
85.0057 41.3769 -84.3636 0.473245 0.547089 -0.690458
83.2223 41.9647 -85.117 0.473663 0.549018 -0.688638
81.3934 42.5731 -85.896 0.475677 0.549083 -0.687197
79.5733 43.1804 -86.6705 0.475647 0.548902 -0.687362
77.6948 43.8065 -87.47 0.475435 0.548256 -0.688024
75.8983 44.3954 -88.2253 0.459157 0.549035 -0.69838
73.9323 45.013 -89.0165 0.453927 0.551988 -0.699471
72.0259 45.6102 -89.7825 0.453921 0.552025 -0.699445
70.1024 46.212 -90.5559 0.453964 0.551977 -0.699455
68.1612 46.8166 -91.3331 0.450347 0.553856 -0.700308
66.2447 47.4071 -92.0905 0.447959 0.555502 -0.700536
64.3997 47.9749 -92.8201 0.447963 0.555496 -0.700538
62.4737 48.5665 -93.5801 0.444591 0.554786 -0.703244
60.6549 49.1077 -94.2776 0.42782 0.561112 -0.708607
58.8054 49.6434 -94.9682 0.427106 0.558853 -0.710819
56.9798 50.1755 -95.6532 0.429875 0.555734 -0.711595
55.0896 50.7253 -96.3616 0.425694 0.556822 -0.713256
53.191 51.2723 -97.0667 0.425532 0.55706 -0.713167
51.3661 51.7983 -97.745 0.425656 0.557194 -0.712988
49.502 52.3289 -98.4297 0.415953 0.558301 -0.717832
47.621 52.8529 -99.1086 0.413156 0.560171 -0.71799
45.6578 53.3965 -99.8136 0.412878 0.560388 -0.717981
43.7344 53.9264 -100.502 0.408994 0.560163 -0.720376
41.8447 54.4362 -101.163 0.403452 0.561422 -0.722517
39.8934 54.9599 -101.846 0.403592 0.561237 -0.722584
38.0423 55.447 -102.482 0.390872 0.558407 -0.731711
36.1744 55.9238 -103.109 0.388271 0.558239 -0.733222
34.2653 56.4109 -103.749 0.388254 0.558249 -0.733224
32.3909 56.8869 -104.378 0.387641 0.558247 -0.733549
30.4867 57.3616 -105.007 0.379285 0.557998 -0.738093
28.6338 57.8179 -105.614 0.379252 0.558017 -0.738096
26.7293 58.2898 -106.238 0.379435 0.559593 -0.736807
24.8283 58.7571 -106.862 0.376017 0.56288 -0.736056
22.8718 59.219 -107.483 0.367008 0.559979 -0.742784
20.9949 59.6616 -108.077 0.367424 0.558801 -0.743465
19.0135 60.1276 -108.706 0.367394 0.558744 -0.743524
17.0073 60.5906 -109.338 0.362011 0.561132 -0.744364
15.0731 61.0375 -109.944 0.365394 0.558657 -0.744573
13.7393 61.3473 -110.367 0.366588 0.55573 -0.746175
14.6168 64.7741 -107.385 0.367009 0.555446 -0.746179
16.4914 64.3361 -106.789 0.367007 0.555458 -0.746172
18.3793 63.894 -106.189 0.366891 0.555683 -0.746061
20.4177 63.4186 -105.542 0.36744 0.558542 -0.743652
22.4179 62.9488 -104.903 0.368796 0.559072 -0.742582
24.3131 62.5001 -104.298 0.373289 0.558027 -0.741121
26.1873 62.0421 -103.681 0.380344 0.556716 -0.738516
28.0378 61.5875 -103.071 0.379761 0.55727 -0.738399
29.9406 61.1188 -102.447 0.380975 0.55762 -0.737508
31.7973 60.6497 -101.828 0.388665 0.559204 -0.732278
33.6871 60.1673 -101.19 0.390314 0.560508 -0.730401
35.5652 59.6852 -100.555 0.390592 0.560525 -0.73024
37.4411 59.204 -99.9197 0.393115 0.560911 -0.728587
39.2825 58.7147 -99.2748 0.404743 0.56039 -0.722597
41.118 58.2224 -98.6286 0.404633 0.560455 -0.722608
42.9509 57.73 -97.9835 0.407111 0.559684 -0.721813
44.9092 57.1924 -97.2814 0.412868 0.560227 -0.718112
46.7793 56.6779 -96.6104 0.410882 0.558776 -0.720378
48.6507 56.1641 -95.9406 0.413529 0.556397 -0.720705
50.5654 55.6224 -95.2362 0.425444 0.556639 -0.713548
52.3928 55.0981 -94.5556 0.425343 0.556854 -0.71344
54.3071 54.5487 -93.8433 0.425297 0.556939 -0.713401
56.1651 54.0134 -93.149 0.429636 0.555674 -0.711786
57.9834 53.4846 -92.4635 0.4299 0.555604 -0.711682
59.8962 52.9285 -91.7426 0.429678 0.555347 -0.712016
61.7436 52.3807 -91.0334 0.447594 0.552316 -0.703283
63.5648 51.8211 -90.3094 0.447991 0.554419 -0.701373
65.418 51.2531 -89.5753 0.447803 0.554545 -0.701393
67.2338 50.6968 -88.8553 0.448674 0.554084 -0.701201
69.1561 50.1024 -88.0884 0.451476 0.554643 -0.698957
70.9743 49.5377 -87.358 0.453866 0.553166 -0.698579
72.7864 48.9738 -86.6268 0.453965 0.553109 -0.69856
74.6057 48.4011 -85.8866 0.463144 0.555051 -0.690953
76.4688 47.8023 -85.1148 0.466656 0.553975 -0.689452
78.3873 47.1729 -84.3015 0.475676 0.549064 -0.687212
80.1764 46.5799 -83.5369 0.475679 0.549075 -0.687201
81.9844 45.9821 -82.7663 0.471566 0.549234 -0.689904
83.8162 45.3841 -81.9918 0.470822 0.548878 -0.690695
85.5975 44.8018 -81.2404 0.470841 0.548756 -0.690779
87.5665 44.1535 -80.4035 0.478781 0.545274 -0.688074
89.4426 43.5199 -79.5851 0.483865 0.546854 -0.683246
91.3014 42.8887 -78.7738 0.48392 0.54688 -0.683187
93.1077 42.2771 -77.9841 0.483908 0.546915 -0.683167
94.8715 41.6778 -77.2103 0.48803 0.544745 -0.681967
96.6157 41.0744 -76.4309 0.494142 0.545872 -0.676645
98.4746 40.4242 -75.5944 0.495917 0.547569 -0.673969
100.213 39.8156 -74.8084 0.496096 0.54842 -0.673144
102.089 39.158 -73.9604 0.496389 0.548479 -0.672881
103.892 38.5239 -73.1456 0.497802 0.5491 -0.671329
105.74 37.8603 -72.297 0.504891 0.549082 -0.666029
107.515 37.2214 -71.4785 0.50489 0.549055 -0.666052
109.365 36.5556 -70.6249 0.504618 0.549027 -0.666281
111.205 35.8869 -69.773 0.509165 0.549346 -0.662548
113.023 35.2246 -68.9249 0.508772 0.547361 -0.66449
114.606 34.6459 -68.1892 0.509218 0.547356 -0.664152
109.853 40.0077 -67.4184 0.510596 0.546007 -0.664205
108.119 40.6349 -68.2326 0.505033 0.54443 -0.66973
106.325 41.2696 -69.057 0.500843 0.545184 -0.672258
104.469 41.9279 -69.9093 0.503713 0.546582 -0.66897
102.599 42.5943 -70.7745 0.503322 0.549449 -0.666913
100.778 43.2307 -71.6081 0.496379 0.548482 -0.672886
99.0107 43.8466 -72.4098 0.496468 0.548384 -0.6729
97.1275 44.5029 -73.2655 0.497208 0.547372 -0.673178
95.3695 45.1159 -74.0656 0.497178 0.547181 -0.673355
93.5845 45.7316 -74.8662 0.484862 0.549582 -0.680345
91.7825 46.3403 -75.6578 0.484197 0.549355 -0.681
90.0285 46.9308 -76.4277 0.483687 0.54878 -0.681827
88.2724 47.5227 -77.1971 0.483701 0.548755 -0.681836
86.4728 48.1274 -77.9863 0.480861 0.548498 -0.684049
84.7099 48.7065 -78.7402 0.471427 0.54938 -0.689882
82.9016 49.295 -79.507 0.4711 0.549161 -0.690281
81.0746 49.8889 -80.2809 0.470849 0.548871 -0.690682
79.3117 50.4662 -81.0303 0.475612 0.549145 -0.687192
77.5193 51.0515 -81.7912 0.465564 0.555168 -0.68923
75.6791 51.6392 -82.5579 0.464554 0.555326 -0.689784
73.8927 52.2108 -83.3009 0.464566 0.555214 -0.689866
72.083 52.7875 -84.0541 0.462206 0.553291 -0.692989
70.2989 53.3431 -84.7788 0.451481 0.554369 -0.699171
68.3939 53.9311 -85.5426 0.451479 0.554629 -0.698966
66.5356 54.5042 -86.2877 0.450993 0.554821 -0.699127
64.7303 55.0567 -87.0075 0.448545 0.553957 -0.701384
62.8106 55.6458 -87.7748 0.450537 0.552665 -0.701126
60.9309 56.2241 -88.5266 0.450139 0.553011 -0.701109
59.1138 56.7606 -89.2262 0.429822 0.555396 -0.711891
57.2944 57.2873 -89.9126 0.429115 0.556043 -0.711812
55.4713 57.8126 -90.5974 0.427132 0.557737 -0.71168
53.6569 58.3334 -91.2774 0.42612 0.556761 -0.713049
51.7474 58.8796 -91.9905 0.425526 0.556578 -0.713546
49.9255 59.4003 -92.6698 0.424789 0.556935 -0.713707
48.1091 59.9185 -93.3464 0.424763 0.556941 -0.713718
46.2688 60.4303 -94.0157 0.410411 0.555502 -0.723174
44.3924 60.9424 -94.6868 0.409693 0.555987 -0.723208
42.5194 61.4494 -95.3542 0.407626 0.55723 -0.72342
40.6765 61.9423 -96.0038 0.402839 0.557122 -0.726179
38.8247 62.4346 -96.6533 0.402864 0.557127 -0.726161
36.8749 62.9525 -97.3377 0.401227 0.558157 -0.726277
35.0161 63.4332 -97.9755 0.391769 0.557511 -0.731914
33.1439 63.9128 -98.6133 0.392192 0.556477 -0.732474
31.2858 64.3879 -99.2472 0.39078 0.556845 -0.732949
29.3641 64.8716 -99.8924 0.383955 0.560833 -0.733515
27.4468 65.3482 -100.531 0.38371 0.560623 -0.733804
25.5743 65.81 -101.155 0.380881 0.558288 -0.737051
23.6557 66.2736 -101.785 0.369877 0.55863 -0.742377
21.7219 66.7327 -102.401 0.369415 0.558462 -0.742734
19.8362 67.1805 -103.003 0.369724 0.558368 -0.742651
17.899 67.6396 -103.623 0.37003 0.558314 -0.742539
15.893 68.1105 -104.268 0.369864 0.558187 -0.742716
15.4739 68.2089 -104.403 0.369151 0.557084 -0.743898
16.4363 71.6123 -101.367 0.372776 0.555027 -0.743628
18.2961 71.1747 -100.767 0.370068 0.558271 -0.742552
20.2062 70.7245 -100.154 0.369587 0.558413 -0.742685
22.1141 70.2729 -99.5419 0.372533 0.560073 -0.739958
24.0105 69.8149 -98.9237 0.37717 0.560739 -0.737099
25.866 69.3601 -98.3116 0.385326 0.556247 -0.736283
27.7423 68.8908 -97.6832 0.385744 0.555947 -0.736291
29.6792 68.4045 -97.0357 0.385709 0.555948 -0.736308
31.5996 67.9246 -96.39 0.390638 0.555249 -0.734235
33.5143 67.4313 -95.7305 0.397119 0.556749 -0.729608
35.5419 66.9065 -95.0299 0.398015 0.559632 -0.726908
37.4672 66.4015 -94.3585 0.400533 0.558864 -0.726116
39.3731 65.8989 -93.6913 0.402711 0.557206 -0.726185
41.3222 65.3789 -93.002 0.407888 0.557225 -0.723276
43.252 64.8582 -92.3149 0.407966 0.557258 -0.723207
45.1015 64.3592 -91.6544 0.410198 0.557299 -0.721911
46.9389 63.8446 -90.979 0.424848 0.557098 -0.713545
48.7893 63.3176 -90.2887 0.424834 0.557114 -0.71354
50.6818 62.7798 -89.5823 0.424193 0.557033 -0.713984
52.6772 62.2114 -88.8356 0.427057 0.555361 -0.71358
54.5551 61.6735 -88.1287 0.427616 0.555095 -0.713453
56.3833 61.1498 -87.4403 0.42763 0.555114 -0.713429
58.2615 60.6107 -86.7335 0.428705 0.555559 -0.712437
60.1787 60.0472 -85.9946 0.448809 0.55473 -0.700603
62.1308 59.449 -85.2115 0.450802 0.553468 -0.700322
63.9169 58.9018 -84.4944 0.450497 0.553367 -0.700598
65.7109 58.3533 -83.7766 0.449984 0.553266 -0.701007
67.6015 57.7738 -83.019 0.45067 0.552439 -0.701219
69.4864 57.1964 -82.2625 0.450986 0.552151 -0.701242
71.323 56.623 -81.513 0.462131 0.5519 -0.694148
73.1298 56.0514 -80.7632 0.464768 0.549966 -0.693922
74.9147 55.4797 -80.0147 0.467161 0.548398 -0.693556
76.7451 54.8928 -79.2458 0.467211 0.54843 -0.693497
78.5566 54.3122 -78.4816 0.469657 0.549039 -0.69136
80.3732 53.7229 -77.7099 0.47186 0.548431 -0.690342
82.2081 53.1282 -76.9286 0.47161 0.549032 -0.690035
83.983 52.5531 -76.1736 0.471649 0.54909 -0.689961
85.7416 51.9722 -75.4112 0.483895 0.549158 -0.681374
87.6368 51.3375 -74.5751 0.48456 0.549458 -0.68066
89.426 50.7356 -73.7873 0.484555 0.549471 -0.680653
91.3316 50.0988 -72.9448 0.484554 0.549452 -0.680669
93.1273 49.4958 -72.1511 0.487291 0.548844 -0.679204
94.9892 48.8557 -71.3064 0.497256 0.547269 -0.673226
96.761 48.2393 -70.4988 0.49727 0.547283 -0.673204
98.639 47.5883 -69.6411 0.497025 0.547063 -0.673564
100.376 46.9898 -68.8459 0.49739 0.546922 -0.673409
102.158 46.367 -68.0279 0.500642 0.545406 -0.672228
103.907 45.7547 -67.2216 0.500817 0.545204 -0.672261
105.347 45.2497 -66.5579 0.501396 0.544788 -0.672166
100.442 50.5837 -65.8789 0.499597 0.546201 -0.672359
98.6074 51.2147 -66.7244 0.496734 0.546404 -0.674313
96.8508 51.8196 -67.5276 0.496513 0.546576 -0.674336
94.9584 52.4715 -68.3925 0.49651 0.546579 -0.674336
93.1012 53.1097 -69.2428 0.496104 0.547755 -0.673681
91.3271 53.7047 -70.037 0.484552 0.549564 -0.680579
89.5122 54.3081 -70.8417 0.48446 0.54968 -0.680551
87.5553 54.9609 -71.7075 0.484461 0.549703 -0.680532
85.8018 55.5464 -72.4829 0.484464 0.549696 -0.680535
84.0085 56.1426 -73.2743 0.481726 0.551073 -0.681366
82.2112 56.7344 -74.0596 0.476246 0.550164 -0.685937
80.4155 57.3158 -74.8284 0.471966 0.548179 -0.690469
78.4736 57.941 -75.6581 0.47049 0.548577 -0.69116
76.6747 58.5195 -76.4213 0.469695 0.548869 -0.691469
74.8975 59.0877 -77.1715 0.465689 0.550486 -0.692891
73.0856 59.6596 -77.9252 0.462134 0.551899 -0.694146
71.3038 60.221 -78.6651 0.462133 0.551903 -0.694145
69.5268 60.7811 -79.4018 0.461408 0.55159 -0.694875
67.7339 61.3344 -80.1285 0.45013 0.552589 -0.701447
65.845 61.9099 -80.8852 0.449186 0.553375 -0.701433
64.0241 62.4642 -81.614 0.449187 0.553366 -0.701439
62.2369 63.0073 -82.3312 0.450246 0.553769 -0.700441
60.3382 63.5839 -83.0902 0.443744 0.557568 -0.701576
58.5428 64.1178 -83.7926 0.440431 0.558617 -0.702829
56.5644 64.7018 -84.5624 0.433957 0.557586 -0.707658
54.7313 65.2288 -85.2569 0.427618 0.555085 -0.713459
52.8424 65.768 -85.9678 0.425451 0.556092 -0.713969
50.8875 66.3213 -86.6977 0.424064 0.556983 -0.714101
49.0719 66.8345 -87.3757 0.424097 0.556984 -0.71408
47.1798 67.3697 -88.0828 0.42433 0.557392 -0.713623
45.276 67.9087 -88.7923 0.42351 0.557499 -0.714027
43.3465 68.441 -89.495 0.409401 0.558371 -0.721536
41.4703 68.947 -90.1649 0.408373 0.557989 -0.722412
39.6379 69.4383 -90.8185 0.406343 0.558684 -0.72302
37.7366 69.9413 -91.4862 0.400423 0.558791 -0.726233
35.8445 70.4405 -92.1528 0.404527 0.555938 -0.726148
33.9405 70.9444 -92.8249 0.399647 0.555569 -0.729127
32.0748 71.43 -93.4722 0.395245 0.556907 -0.730504
30.2269 71.902 -94.1045 0.388612 0.56268 -0.729638
28.3516 72.3703 -94.7368 0.384158 0.559017 -0.734795
26.3728 72.8638 -95.3954 0.379567 0.559134 -0.737087
24.3569 73.3535 -96.0551 0.377461 0.560003 -0.737509
22.4139 73.824 -96.692 0.377798 0.559242 -0.737914
20.4493 74.3005 -97.337 0.379032 0.557196 -0.738828
18.5246 74.7685 -97.9672 0.376196 0.553355 -0.743152
17.2422 75.073 -98.3886 0.375405 0.552589 -0.744121
17.8212 78.5821 -95.4709 0.378961 0.555343 -0.740258
19.7206 78.1183 -94.8454 0.380999 0.554865 -0.739571
21.6194 77.6514 -94.2121 0.383397 0.55446 -0.738635
23.5232 77.1853 -93.5822 0.377658 0.558615 -0.73846
25.4933 76.7057 -92.9354 0.380066 0.560533 -0.735767
27.373 76.2387 -92.303 0.388894 0.557853 -0.733186
29.3993 75.7255 -91.6102 0.392228 0.557429 -0.731731
31.2455 75.2552 -90.9775 0.391986 0.559471 -0.730301
33.1299 74.7728 -90.3322 0.399481 0.560327 -0.725567
35.1151 74.2478 -89.6325 0.403819 0.558963 -0.724218
36.9582 73.7597 -88.9818 0.403719 0.559047 -0.724208
38.8376 73.2586 -88.3157 0.407246 0.558962 -0.722296
40.6826 72.7645 -87.6579 0.407267 0.558847 -0.722374
42.6078 72.2476 -86.9717 0.410969 0.558967 -0.720181
44.4716 71.7302 -86.2851 0.423103 0.557114 -0.714568
46.2905 71.219 -85.6065 0.423112 0.557063 -0.714603
48.2169 70.6763 -84.8884 0.423857 0.556826 -0.714346
50.0875 70.1478 -84.1895 0.424215 0.556616 -0.714297
51.9579 69.6194 -83.4904 0.424234 0.556626 -0.714278
53.9106 69.0656 -82.7575 0.430037 0.557842 -0.709846
55.7253 68.5338 -82.0529 0.440017 0.555319 -0.705695
57.6708 67.9588 -81.2923 0.440107 0.555301 -0.705653
59.4814 67.424 -80.5841 0.440015 0.555019 -0.705933
61.3914 66.8579 -79.8346 0.444328 0.553982 -0.704043
63.1895 66.3139 -79.1155 0.44909 0.551744 -0.702778
65.0403 65.7531 -78.373 0.449095 0.551754 -0.702767
66.9167 65.1834 -77.6195 0.453118 0.551636 -0.700272
68.788 64.6002 -76.8493 0.462268 0.554579 -0.691918
70.5833 64.0356 -76.1014 0.462731 0.554168 -0.691938
72.3828 63.4685 -75.3522 0.462771 0.554123 -0.691947
74.2464 62.8809 -74.5758 0.463848 0.554126 -0.691223
76.132 62.2857 -73.7862 0.464423 0.554056 -0.690893
77.9061 61.7259 -73.0383 0.468537 0.55027 -0.691141
79.6712 61.1563 -72.2809 0.478865 0.549754 -0.684441
81.5892 60.5237 -71.4411 0.481319 0.55106 -0.681663
83.5408 59.8823 -70.5815 0.481325 0.55105 -0.681667
85.3144 59.298 -69.7991 0.483812 0.550013 -0.680744
87.0694 58.7139 -69.0219 0.484461 0.549694 -0.680539
88.897 58.1083 -68.21 0.484455 0.549687 -0.680549
90.6487 57.5274 -67.4324 0.484428 0.549666 -0.680586
92.4027 56.944 -66.6477 0.492899 0.547546 -0.676198
94.2445 56.3174 -65.801 0.496515 0.546579 -0.674333
95.7055 55.8194 -65.1289 0.496526 0.546559 -0.674341
91.0267 60.9966 -64.3615 0.484872 0.549583 -0.680336
89.1233 61.6236 -65.2097 0.484281 0.549983 -0.680434
87.3617 62.2049 -65.9938 0.484275 0.550397 -0.680104
85.609 62.7828 -66.7738 0.483486 0.551228 -0.679992
83.8164 63.3737 -67.5638 0.48119 0.551496 -0.681402
81.9773 63.9775 -68.3738 0.481163 0.551495 -0.681422
80.1266 64.5846 -69.1892 0.48117 0.551477 -0.681431
78.3648 65.16 -69.9618 0.474737 0.552575 -0.685044
76.4278 65.7803 -70.7889 0.467513 0.552723 -0.689876
74.5866 66.3594 -71.5627 0.463834 0.55278 -0.69231
72.8122 66.9184 -72.3034 0.462178 0.553529 -0.692818
70.9415 67.5042 -73.0819 0.462409 0.554044 -0.692253
69.1132 68.0769 -73.8447 0.462367 0.554629 -0.691812
67.2122 68.6726 -74.6348 0.460028 0.555275 -0.692852
65.4264 69.2291 -75.3745 0.459981 0.555231 -0.692918
63.5193 69.815 -76.1559 0.449637 0.551887 -0.702316
61.6966 70.3613 -76.8819 0.4431 0.554912 -0.704085
59.8351 70.9149 -77.6165 0.442892 0.555027 -0.704125
57.8499 71.501 -78.3976 0.440007 0.554772 -0.706132
55.9702 72.054 -79.1327 0.438065 0.555888 -0.706461
54.0509 72.6138 -79.877 0.435981 0.557451 -0.706519
52.2342 73.1369 -80.5711 0.426498 0.5584 -0.71154
50.4247 73.651 -81.2522 0.426524 0.558395 -0.711528
48.5264 74.1889 -81.9663 0.425552 0.558083 -0.712355
46.67 74.7106 -82.6598 0.423069 0.557153 -0.714558
44.8332 75.2258 -83.3457 0.423087 0.55716 -0.714542
42.9197 75.7639 -84.0615 0.424626 0.556363 -0.71425
41.0656 76.2712 -84.7375 0.406444 0.557506 -0.723872
39.1034 76.7947 -85.4361 0.406463 0.557508 -0.723859
37.2638 77.2863 -86.0911 0.406696 0.556969 -0.724144
35.4019 77.7816 -86.7502 0.403711 0.556707 -0.726013
33.5368 78.2742 -87.4095 0.403702 0.556703 -0.726021
31.6751 78.7638 -88.0635 0.398842 0.556518 -0.728844
29.8361 79.2356 -88.6976 0.394061 0.556223 -0.731664
27.9767 79.7114 -89.3366 0.393248 0.555742 -0.732466
26.0837 80.1869 -89.9789 0.387213 0.555808 -0.735625
24.1621 80.6661 -90.6241 0.384622 0.557317 -0.735842
22.1566 81.1641 -91.2926 0.383805 0.557163 -0.736385
20.3023 81.6219 -91.9123 0.383038 0.557252 -0.736717
18.5611 82.0469 -92.4877 0.377203 0.557288 -0.739694
19.1164 85.5474 -89.5551 0.3833 0.557889 -0.736099
21.0143 85.0785 -88.9221 0.383324 0.557911 -0.736069
22.9177 84.6078 -88.2872 0.383805 0.557657 -0.736011
24.8057 84.1371 -87.6555 0.385796 0.560616 -0.732715
26.6917 83.6641 -87.0164 0.391152 0.560228 -0.730168
28.6764 83.16 -86.3358 0.393799 0.558837 -0.72981
30.5803 82.667 -85.6699 0.401321 0.558327 -0.726094
32.527 82.1578 -84.9855 0.401333 0.558275 -0.726127
34.4714 81.645 -84.3043 0.402558 0.557798 -0.725815
36.3025 81.1582 -83.6544 0.407437 0.556699 -0.723935
38.1435 80.6657 -82.9967 0.407554 0.55675 -0.723829
40.0609 80.1527 -82.312 0.407811 0.55707 -0.723438
41.9459 79.6368 -81.6235 0.424142 0.556511 -0.714422
43.7716 79.1228 -80.9388 0.424592 0.556253 -0.714355
45.7564 78.5624 -80.1924 0.426439 0.556465 -0.713089
47.7131 78.0095 -79.4546 0.426301 0.557446 -0.712406
49.608 77.4734 -78.7405 0.425951 0.558008 -0.712174
51.4628 76.948 -78.0423 0.426963 0.558431 -0.711237
53.3202 76.4136 -77.3301 0.43574 0.557141 -0.706912
55.2254 75.8597 -76.5922 0.435756 0.556198 -0.707644
57.0298 75.3343 -75.8916 0.438781 0.557239 -0.704951
58.9604 74.7631 -75.1281 0.443621 0.557061 -0.702057
60.8722 74.1946 -74.3711 0.443615 0.557046 -0.702072
62.6634 73.6582 -73.655 0.455154 0.555977 -0.695503
64.5523 73.0728 -72.8761 0.459762 0.555031 -0.693224
66.3679 72.5094 -72.1221 0.460104 0.554892 -0.693108
68.151 71.954 -71.3823 0.460601 0.554799 -0.692853
69.9529 71.3934 -70.6331 0.460681 0.554572 -0.692981
71.7487 70.8343 -69.8856 0.461165 0.553637 -0.693407
73.5884 70.257 -69.1163 0.468169 0.552199 -0.689851
75.4196 69.6743 -68.3331 0.471155 0.555013 -0.685546
77.2864 69.0775 -67.5333 0.47117 0.555039 -0.685515
79.0986 68.4939 -66.7506 0.480148 0.551543 -0.682098
80.8787 67.9131 -65.9644 0.481237 0.551504 -0.681362
82.6361 67.3373 -65.188 0.482013 0.551795 -0.680577
84.4608 66.7387 -64.3799 0.482315 0.551889 -0.680288
86.2385 66.154 -63.5915 0.48393 0.551271 -0.679642
86.6447 66.0211 -63.41 0.484016 0.551227 -0.679615
82.2151 71.0413 -62.4817 0.4823 0.55188 -0.680305
80.3997 71.6342 -63.2876 0.482194 0.552079 -0.680219
78.5154 72.2511 -64.1165 0.47507 0.552494 -0.684879
76.6513 72.8447 -64.9179 0.470558 0.556111 -0.685067
74.8751 73.4092 -65.6795 0.470522 0.556268 -0.684964
72.9511 74.022 -66.5034 0.470125 0.556348 -0.685171
71.1059 74.603 -67.2826 0.463262 0.55758 -0.688835
69.3146 75.1643 -68.0329 0.463147 0.557455 -0.689012
67.5057 75.73 -68.7875 0.460936 0.554906 -0.692544
65.7022 76.2892 -69.5367 0.459003 0.555652 -0.69323
63.8969 76.8463 -70.2836 0.458294 0.556173 -0.69328
62.0996 77.4014 -71.0263 0.45725 0.556121 -0.694011
60.2964 77.9487 -71.756 0.4439 0.558087 -0.701065
58.4025 78.5084 -72.5088 0.443648 0.557049 -0.702049
56.5209 79.067 -73.2547 0.443653 0.557041 -0.702052
54.6183 79.6289 -74.0059 0.439753 0.555963 -0.705352
52.7587 80.1689 -74.7266 0.434542 0.556115 -0.708455
50.8723 80.7122 -75.4496 0.431062 0.557342 -0.709616
49.0293 81.2371 -76.1501 0.426581 0.55623 -0.713188
47.1775 81.7591 -76.8503 0.426431 0.556148 -0.713341
45.28 82.2949 -77.5666 0.426279 0.556237 -0.713363
43.3929 82.8294 -78.2774 0.426062 0.556221 -0.713505
41.5207 83.3571 -78.9803 0.422126 0.55736 -0.714954
39.6924 83.8618 -79.6561 0.413759 0.557134 -0.720004
37.8543 84.3557 -80.3155 0.407426 0.557861 -0.723046
35.9242 84.8712 -81.0051 0.407074 0.558032 -0.723112
33.9672 85.3911 -81.7022 0.403557 0.559208 -0.724175
32.1319 85.873 -82.3469 0.401727 0.558034 -0.726095
30.2739 86.3638 -83.0006 0.403114 0.557072 -0.726065
28.3056 86.8801 -83.6921 0.397627 0.558863 -0.727712
26.4175 87.3616 -84.3394 0.393666 0.556048 -0.73201
24.4104 87.8717 -85.0267 0.390158 0.555286 -0.734462
22.3886 88.3759 -85.7034 0.383359 0.558539 -0.735574
20.5171 88.838 -86.3281 0.383474 0.558601 -0.735468
20.0293 88.9584 -86.491 0.383481 0.558605 -0.735461
20.9011 92.3793 -83.4377 0.383024 0.558965 -0.735426
22.8669 91.8913 -82.7828 0.385394 0.559548 -0.733742
24.7531 91.4196 -82.1462 0.389344 0.558761 -0.732255
26.7285 90.9158 -81.4673 0.396734 0.556551 -0.729968
28.6155 90.4191 -80.8053 0.404566 0.557269 -0.725105
30.4792 89.9251 -80.1468 0.40266 0.559518 -0.724434
32.3888 89.4216 -79.4741 0.402703 0.559563 -0.724375
34.3325 88.9046 -78.7855 0.406357 0.559 -0.722767
36.2681 88.3884 -78.0964 0.406499 0.558409 -0.723144
38.2443 87.8578 -77.3869 0.416476 0.559349 -0.716712
40.1284 87.3365 -76.6893 0.420399 0.55997 -0.713931
41.9476 86.8319 -76.0116 0.423026 0.559154 -0.713019
43.8486 86.2968 -75.297 0.425152 0.558889 -0.711961
45.6932 85.777 -74.603 0.425486 0.557854 -0.712573
47.6245 85.2308 -73.8724 0.429511 0.557818 -0.710183
49.5092 84.6917 -73.1517 0.43131 0.557991 -0.708955
51.3193 84.1728 -72.4595 0.430522 0.558186 -0.70928
53.1295 83.6494 -71.7611 0.439807 0.556629 -0.704794
55.1129 83.0624 -70.9738 0.44373 0.557408 -0.701712
56.987 82.506 -70.2307 0.443716 0.557759 -0.701442
58.871 81.9485 -69.4821 0.444237 0.557608 -0.701232
60.6589 81.4092 -68.7594 0.457558 0.559091 -0.691417
62.4479 80.8578 -68.0182 0.458857 0.557554 -0.691798
64.3218 80.2799 -67.241 0.458846 0.557565 -0.691796
66.1487 79.7153 -66.4821 0.462423 0.556989 -0.689876
67.9239 79.1596 -65.7368 0.463877 0.556683 -0.689146
69.7939 78.5741 -64.9512 0.463586 0.557055 -0.689041
71.6404 77.996 -64.1748 0.466861 0.557436 -0.686517
73.4306 77.4276 -63.4095 0.469934 0.555631 -0.685884
75.2217 76.8593 -62.6429 0.469841 0.555564 -0.686002
77.0839 76.2675 -61.8449 0.473099 0.556227 -0.683219
78.0032 75.9693 -61.4452 0.478237 0.555669 -0.68009
73.7511 80.8882 -60.3862 0.469381 0.556148 -0.685843
71.965 81.4517 -61.1515 0.469312 0.556216 -0.685836
70.1917 82.0069 -61.9103 0.465228 0.556525 -0.688362
68.4051 82.5651 -62.6622 0.463802 0.556618 -0.689249
66.5908 83.1334 -63.4242 0.463834 0.556664 -0.689191
64.7924 83.6935 -64.1774 0.459507 0.557614 -0.691317
62.8396 84.2924 -64.9876 0.457773 0.558624 -0.691653
61.0391 84.846 -65.7321 0.457743 0.558685 -0.691623
59.1398 85.4313 -66.5161 0.457305 0.558866 -0.691766
57.2546 86.0013 -67.2816 0.444764 0.558136 -0.700477
55.4177 86.5454 -68.0114 0.443741 0.55779 -0.701402
53.5227 87.1057 -68.7637 0.443056 0.558244 -0.701474
51.5864 87.6766 -69.5274 0.434356 0.55919 -0.706145
49.6871 88.2211 -70.2554 0.431127 0.559466 -0.707903
47.8021 88.7657 -70.9839 0.436765 0.555453 -0.707608
45.9686 89.2958 -71.6924 0.427474 0.55636 -0.712551
44.1026 89.8197 -72.3908 0.423471 0.55671 -0.714665
42.2423 90.3411 -73.0872 0.423668 0.556421 -0.714774
40.4269 90.8487 -73.7674 0.422947 0.556019 -0.715513
38.5124 91.3827 -74.4817 0.418717 0.55814 -0.716348
36.6645 91.8888 -75.1584 0.411172 0.560294 -0.719033
34.7136 92.4122 -75.8555 0.406662 0.559718 -0.72204
32.7799 92.9282 -76.5453 0.407049 0.558901 -0.722455
30.9175 93.4243 -77.2083 0.405322 0.558519 -0.72372
29.0743 93.9151 -77.8618 0.404513 0.559078 -0.723741
27.1834 94.411 -78.5228 0.396727 0.563935 -0.724282
25.2303 94.9176 -79.1975 0.395883 0.564996 -0.723917
23.3539 95.3961 -79.8355 0.385917 0.561933 -0.731642
21.7023 95.8069 -80.388 0.384226 0.563227 -0.731536
22.4562 99.2324 -77.3403 0.386377 0.565502 -0.728643
24.3894 98.7445 -76.6885 0.38944 0.565278 -0.727185
26.3968 98.2284 -76.0011 0.396496 0.560892 -0.726768
28.2716 97.7358 -75.3487 0.402976 0.561184 -0.722968
30.3268 97.1935 -74.6242 0.402846 0.560731 -0.723392
32.1819 96.6976 -73.9662 0.407624 0.558389 -0.722526
34.0907 96.185 -73.2846 0.407779 0.558297 -0.72251
35.9593 95.6796 -72.6107 0.415926 0.559317 -0.717057
37.8461 95.1625 -71.9184 0.416521 0.559201 -0.716801
39.7503 94.6389 -71.2197 0.417791 0.557795 -0.717157
41.7803 94.0704 -70.4601 0.424244 0.556371 -0.714471
43.627 93.5507 -69.7678 0.42437 0.557204 -0.713746
45.47 93.0311 -69.0722 0.431352 0.557875 -0.709021
47.3874 92.4737 -68.3287 0.437117 0.555994 -0.706965
49.1936 91.948 -67.6261 0.436243 0.556929 -0.706769
51.0192 91.4175 -66.9125 0.440658 0.557855 -0.703291
52.8797 90.8679 -66.176 0.443027 0.558017 -0.701672
54.7335 90.3195 -65.4414 0.443142 0.5581 -0.701534
56.5893 89.7687 -64.6995 0.453805 0.556656 -0.695842
58.4427 89.202 -63.9386 0.455281 0.553119 -0.697695
60.2722 88.6423 -63.1887 0.45518 0.553005 -0.697852
62.238 88.0422 -62.3786 0.458648 0.556664 -0.692652
64.0755 87.472 -61.6105 0.46308 0.557016 -0.689413
65.8565 86.916 -60.8623 0.463554 0.556967 -0.689134
67.7049 86.3383 -60.0858 0.463579 0.556949 -0.689132
69.4893 85.7806 -59.3333 0.467156 0.557236 -0.686479
69.5487 85.7619 -59.3081 0.467162 0.557237 -0.686474
65.4081 90.6071 -58.1792 0.464639 0.558039 -0.687534
63.6312 91.1634 -58.9262 0.463387 0.557069 -0.689163
61.8098 91.7291 -59.6923 0.462872 0.557139 -0.689453
59.939 92.3116 -60.4764 0.462152 0.558132 -0.689133
58.087 92.876 -61.2414 0.45305 0.558759 -0.694647
56.2714 93.4274 -61.9804 0.452169 0.5573 -0.696391
54.4202 93.983 -62.7277 0.443701 0.557973 -0.701281
52.6177 94.5158 -63.443 0.443859 0.55733 -0.701693
50.6694 95.093 -64.2186 0.443952 0.556805 -0.70205
48.829 95.631 -64.9416 0.437015 0.557741 -0.705651
46.9651 96.1718 -65.6655 0.433995 0.56018 -0.705582
45.1104 96.7071 -66.3794 0.433312 0.560728 -0.705567
43.2386 97.2415 -67.0931 0.42538 0.560758 -0.710353
41.4044 97.7573 -67.7833 0.427965 0.558897 -0.710268
39.5062 98.299 -68.507 0.428514 0.556978 -0.711443
37.4993 98.8569 -69.2492 0.416564 0.557613 -0.718013
35.5497 99.3924 -69.9619 0.415502 0.558279 -0.718111
33.604 99.9257 -70.6711 0.412863 0.558749 -0.719266
31.6591 100.449 -71.3673 0.406802 0.558045 -0.723256
29.8181 100.942 -72.0211 0.404981 0.558245 -0.724122
27.9315 101.44 -72.6828 0.39903 0.557916 -0.727671
25.9236 101.963 -73.373 0.393787 0.562379 -0.727091
24.04 102.445 -74.0134 0.389091 0.56048 -0.731074
23.2051 102.658 -74.2937 0.387971 0.56091 -0.73134
23.965 106.077 -71.2432 0.389545 0.571525 -0.722228
25.8668 105.585 -70.595 0.394925 0.565343 -0.72417
27.749 105.096 -69.9491 0.396341 0.565529 -0.72325
29.7055 104.58 -69.2692 0.405228 0.560388 -0.722327
31.6835 104.048 -68.5658 0.40854 0.56148 -0.719608
33.6284 103.514 -67.8598 0.417918 0.559026 -0.716125
35.4764 103.005 -67.1838 0.414768 0.562487 -0.715246
37.3585 102.488 -66.4988 0.415183 0.563378 -0.714303
39.2213 101.965 -65.803 0.430686 0.559021 -0.708523
41.1285 101.418 -65.0735 0.431352 0.558029 -0.7089
42.9544 100.896 -64.3743 0.431864 0.560333 -0.706768
44.8935 100.337 -63.6277 0.433257 0.561004 -0.705382
46.8458 99.7741 -62.8759 0.433364 0.561124 -0.70522
48.7219 99.2328 -62.1529 0.436131 0.560398 -0.70409
50.6314 98.6699 -61.3987 0.444626 0.560598 -0.698596
52.5624 98.0972 -60.6292 0.444829 0.560704 -0.698383
54.3536 97.5637 -59.9069 0.45249 0.560363 -0.693719
56.1808 97.0078 -59.1568 0.454892 0.559564 -0.692792
57.9828 96.4581 -58.4177 0.454898 0.559579 -0.692777
59.7775 95.9041 -57.6753 0.462548 0.558667 -0.688434
60.607 95.6462 -57.3264 0.464064 0.558975 -0.687162
56.0234 100.598 -56.3597 0.455644 0.560619 -0.691444
54.2307 101.145 -57.0957 0.453366 0.55969 -0.69369
52.3617 101.704 -57.8516 0.447891 0.561616 -0.695687
50.5489 102.246 -58.5803 0.446487 0.560763 -0.697277
48.6765 102.797 -59.3207 0.439763 0.562534 -0.700117
46.8637 103.33 -60.031 0.438946 0.562495 -0.700661
44.9869 103.873 -60.7568 0.434535 0.560365 -0.705103
43.0025 104.451 -61.5337 0.440417 0.556098 -0.704832
41.1408 104.991 -62.255 0.42987 0.557873 -0.709922
39.2559 105.529 -62.9737 0.429953 0.557937 -0.709822
37.294 106.084 -63.7117 0.418577 0.559045 -0.715725
35.3328 106.63 -64.4344 0.4195 0.558361 -0.715719
33.3658 107.178 -65.1587 0.418091 0.558758 -0.716233
31.5256 107.677 -65.8153 0.401669 0.569039 -0.717535
29.4592 108.223 -66.5355 0.399944 0.571171 -0.716804
27.5632 108.724 -67.1912 0.396278 0.570009 -0.71976
25.5907 109.235 -67.8631 0.392411 0.570857 -0.721204
24.7314 109.458 -68.1542 0.392213 0.570888 -0.721288
25.0979 112.942 -65.2053 0.392 0.569241 -0.722704
27.1262 112.412 -64.5218 0.392372 0.56963 -0.722196
28.9829 111.93 -63.8924 0.394466 0.567732 -0.722549
30.8401 111.437 -63.2452 0.406152 0.565656 -0.717686
32.686 110.937 -62.5892 0.408261 0.566357 -0.715935
34.5204 110.437 -61.9318 0.416921 0.561439 -0.714817
36.3666 109.921 -61.2479 0.424571 0.56072 -0.710868
38.3201 109.368 -60.5155 0.426481 0.5599 -0.71037
40.2191 108.826 -59.7966 0.429162 0.558951 -0.709502
42.1375 108.274 -59.0603 0.43799 0.556445 -0.706069
43.9625 107.738 -58.3423 0.441782 0.555606 -0.704365
45.9073 107.164 -57.571 0.441601 0.557255 -0.703175
47.7493 106.625 -56.8476 0.438692 0.559212 -0.703442
49.6079 106.074 -56.1064 0.450575 0.55939 -0.695748
51.4051 105.533 -55.3779 0.449185 0.560168 -0.696021
51.4755 105.512 -55.3493 0.448791 0.560535 -0.695979
46.8263 110.451 -54.3821 0.447104 0.559445 -0.697939
44.9985 110.992 -55.1115 0.444332 0.559277 -0.699842
43.1339 111.544 -55.8534 0.443109 0.560043 -0.700004
41.215 112.104 -56.6011 0.43435 0.559215 -0.706129
39.3592 112.637 -57.313 0.42918 0.559488 -0.709068
37.495 113.163 -58.0125 0.42122 0.5649 -0.70955
35.6162 113.688 -58.7059 0.418549 0.567199 -0.709297
33.7221 114.203 -59.3888 0.407779 0.571095 -0.712437
31.8573 114.708 -60.0516 0.407915 0.570889 -0.712524
29.9898 115.213 -60.7115 0.402036 0.573501 -0.713767
28.0288 115.738 -61.3918 0.400069 0.573499 -0.714873
25.9977 116.277 -62.0835 0.393155 0.571564 -0.720239
25.9815 116.281 -62.089 0.394031 0.57075 -0.720405
26.5966 119.638 -59.0277 0.384803 0.587581 -0.711811
28.4565 119.146 -58.3969 0.399253 0.576977 -0.712527
30.2959 118.659 -57.7648 0.396533 0.576006 -0.714827
32.2913 118.132 -57.0718 0.406279 0.568876 -0.715065
34.2674 117.595 -56.3663 0.412973 0.567779 -0.712095
36.1134 117.08 -55.6894 0.422598 0.567395 -0.706735
38.0254 116.545 -54.9779 0.421392 0.569976 -0.705377
39.9685 115.991 -54.2385 0.434414 0.568909 -0.698303
41.0384 115.681 -53.825 0.4345 0.568717 -0.698406
35.8493 120.679 -52.9595 0.417821 0.570402 -0.707155
34.005 121.183 -53.6225 0.409108 0.579075 -0.705197
31.9925 121.725 -54.3331 0.402792 0.581149 -0.707124
29.9725 122.261 -55.0328 0.397776 0.577543 -0.712895
27.9839 122.79 -55.7194 0.398861 0.574351 -0.714864
27.2968 122.97 -55.9509 0.388238 0.57648 -0.718987
28.1754 126.188 -52.7522 0.394966 0.591091 -0.703288
29.1245 125.937 -52.4301 0.394976 0.589272 -0.704807
9.18268 40.7691 -127.842 0.335623 0.569207 -0.750574
11.0906 40.3624 -127.306 0.331418 0.572991 -0.749562
12.9797 39.9601 -126.778 0.331437 0.572985 -0.749558
14.911 39.5474 -126.239 0.333336 0.57211 -0.749385
16.9501 39.0929 -125.649 0.352382 0.565547 -0.745643
18.8799 38.6496 -125.073 0.352373 0.565131 -0.745962
20.7928 38.2096 -124.506 0.348802 0.569063 -0.744651
22.7275 37.7642 -123.939 0.348837 0.573379 -0.741316
24.7171 37.2927 -123.334 0.367648 0.56969 -0.735043
26.6802 36.8146 -122.722 0.36773 0.569978 -0.734779
28.7015 36.3205 -122.094 0.36773 0.569958 -0.734794
30.5631 35.8568 -121.507 0.379649 0.566782 -0.73118
32.4759 35.362 -120.884 0.384767 0.565929 -0.729163
34.3613 34.8733 -120.268 0.384736 0.565951 -0.729162
36.2325 34.3855 -119.657 0.387986 0.565509 -0.727782
38.1337 33.8819 -119.028 0.390602 0.564514 -0.727155
40.0892 33.3636 -118.381 0.38982 0.562944 -0.72879
42.0465 32.844 -117.733 0.3961 0.560944 -0.726943
43.877 32.3367 -117.101 0.410371 0.557298 -0.721814
45.7087 31.823 -116.461 0.406888 0.561843 -0.72026
47.5719 31.3025 -115.812 0.411115 0.560302 -0.719059
49.4114 30.7737 -115.157 0.416594 0.559292 -0.716688
51.248 30.2455 -114.506 0.414701 0.557866 -0.718894
53.0822 29.718 -113.857 0.415226 0.557685 -0.718732
54.9673 29.1706 -113.179 0.421719 0.554481 -0.717428
56.8501 28.6116 -112.491 0.432519 0.554545 -0.71092
58.7996 28.0194 -111.759 0.434945 0.552929 -0.710699
60.6623 27.452 -111.061 0.434754 0.552606 -0.711067
62.4883 26.8967 -110.377 0.438783 0.546363 -0.713412
64.3403 26.3202 -109.668 0.443517 0.545614 -0.711054
66.2125 25.7331 -108.951 0.443536 0.546033 -0.710721
68.1375 25.1322 -108.212 0.443009 0.546506 -0.710685
70.031 24.5426 -107.492 0.440419 0.546182 -0.712542
71.8823 23.9672 -106.787 0.444123 0.544949 -0.711186
73.8319 23.3382 -106.019 0.456006 0.542215 -0.705735
75.6564 22.7466 -105.295 0.456545 0.541491 -0.705942
77.4891 22.1464 -104.559 0.466012 0.54034 -0.700618
79.2632 21.5527 -103.834 0.466806 0.539271 -0.700913
81.1546 20.9198 -103.062 0.466298 0.539304 -0.701226
83.0968 20.2698 -102.269 0.467952 0.539771 -0.699763
84.8794 19.6712 -101.537 0.468213 0.538962 -0.700212
86.7466 19.0418 -100.774 0.467714 0.536029 -0.702792
88.5832 18.4156 -100.011 0.476186 0.528956 -0.702461
90.4187 17.7794 -99.2342 0.48242 0.527666 -0.699171
92.2159 17.1544 -98.4698 0.477756 0.530413 -0.700294
94.0638 16.5168 -97.6957 0.477238 0.531619 -0.699732
95.8255 15.9069 -96.9555 0.478165 0.531344 -0.699308
97.6917 15.2565 -96.1656 0.482951 0.530751 -0.696464
99.5504 14.5994 -95.3703 0.485782 0.530841 -0.694423
101.401 13.943 -94.5746 0.486522 0.532676 -0.692498
103.2 13.3051 -93.8017 0.486534 0.53286 -0.692347
104.996 12.6676 -93.0282 0.488471 0.533505 -0.690484
106.863 12.0048 -92.2243 0.486132 0.535967 -0.690228
108.631 11.3752 -91.4649 0.489342 0.536296 -0.6877
110.425 10.7292 -90.688 0.491103 0.535758 -0.686863
112.185 10.0931 -89.9221 0.493344 0.535856 -0.685179
113.081 9.76723 -89.5316 0.493338 0.536123 -0.684975
107.011 8.27751 -95.0026 0.484463 0.531879 -0.694551
105.109 8.94493 -95.8139 0.48241 0.531571 -0.696214
103.315 9.57794 -96.5745 0.483107 0.528718 -0.6979
101.542 10.2092 -97.3261 0.483854 0.526204 -0.699282
99.712 10.8555 -98.104 0.482865 0.526487 -0.699752
97.9079 11.486 -98.8697 0.480756 0.528857 -0.699416
95.9921 12.1548 -99.679 0.478349 0.528341 -0.701454
94.1978 12.7819 -100.428 0.477424 0.52733 -0.702844
92.3894 13.4097 -101.186 0.47767 0.527286 -0.70271
90.618 14.0221 -101.929 0.47797 0.525521 -0.703827
88.8363 14.6404 -102.68 0.478845 0.525856 -0.702982
87.0789 15.2507 -103.417 0.475569 0.528317 -0.70336
85.2083 15.8904 -104.186 0.470994 0.532297 -0.703438
83.3881 16.508 -104.935 0.469494 0.531659 -0.704922
81.4568 17.1558 -105.722 0.465174 0.532405 -0.707219
79.5901 17.7831 -106.482 0.469677 0.530241 -0.705867
77.7996 18.3869 -107.216 0.46428 0.529137 -0.710252
76.0019 18.9881 -107.944 0.464086 0.53146 -0.708643
74.2057 19.5806 -108.662 0.456354 0.541955 -0.705709
72.4028 20.1591 -109.367 0.446738 0.542347 -0.711537
70.5937 20.7309 -110.059 0.443326 0.545455 -0.711295
68.6809 21.3365 -110.792 0.445472 0.546154 -0.709415
66.7334 21.9506 -111.541 0.444017 0.546811 -0.709821
64.9396 22.5148 -112.226 0.443071 0.547363 -0.709987
63.103 23.0913 -112.927 0.44146 0.547372 -0.710983
61.2474 23.6659 -113.63 0.438264 0.548433 -0.712142
59.4195 24.2286 -114.318 0.437168 0.548995 -0.712382
57.5475 24.8055 -115.021 0.434734 0.54939 -0.713566
55.5799 25.3929 -115.74 0.422134 0.556171 -0.715875
53.581 25.9837 -116.459 0.421667 0.556276 -0.716069
51.761 26.5162 -117.112 0.418608 0.557803 -0.716675
49.886 27.0616 -117.781 0.417878 0.558911 -0.716238
47.9484 27.6239 -118.471 0.413416 0.560871 -0.717294
46.0924 28.1479 -119.115 0.406502 0.562116 -0.720265
44.1628 28.689 -119.781 0.406025 0.561818 -0.720766
42.2707 29.2134 -120.428 0.395851 0.564332 -0.724452
40.3771 29.7225 -121.056 0.391411 0.565327 -0.726087
38.5182 30.2187 -121.671 0.391138 0.565268 -0.72628
36.6083 30.7231 -122.298 0.386752 0.56501 -0.728825
34.6516 31.237 -122.937 0.385829 0.565612 -0.728847
32.7765 31.726 -123.547 0.38328 0.565807 -0.73004
30.8664 32.2143 -124.156 0.376673 0.564683 -0.734337
28.8629 32.7229 -124.792 0.376391 0.564855 -0.734349
26.8931 33.2144 -125.41 0.367836 0.570207 -0.734548
24.9939 33.6784 -125.994 0.360396 0.570171 -0.738254
22.9798 34.1552 -126.596 0.355461 0.56969 -0.741013
21.015 34.6136 -127.178 0.348745 0.573236 -0.74147
19.0783 35.0588 -127.741 0.34733 0.573748 -0.741738
17.1457 35.4985 -128.306 0.347538 0.573939 -0.741493
15.0756 35.9699 -128.907 0.338258 0.576439 -0.743842
13.0897 36.393 -129.457 0.329086 0.578326 -0.746486
11.0599 36.8234 -130.018 0.329688 0.578054 -0.746431
9.21602 37.2147 -130.527 0.328217 0.574722 -0.749646
9.26838 33.695 -133.229 0.323155 0.579912 -0.747846
11.2538 33.2759 -132.693 0.325733 0.579548 -0.747009
13.3072 32.834 -132.127 0.331101 0.57838 -0.745552
15.2881 32.4025 -131.58 0.333291 0.578427 -0.74454
17.1982 31.9676 -131.03 0.351989 0.57619 -0.737638
19.0831 31.5261 -130.475 0.350783 0.575491 -0.738756
20.9799 31.0805 -129.919 0.354159 0.570999 -0.74063
22.8713 30.6308 -129.358 0.355527 0.570529 -0.740336
24.7843 30.1777 -128.79 0.355251 0.571256 -0.739908
26.6565 29.7263 -128.228 0.370993 0.565209 -0.73682
28.6174 29.2269 -127.609 0.376383 0.566166 -0.733343
30.5226 28.7394 -127.007 0.376584 0.566161 -0.733243
32.5222 28.2285 -126.375 0.376415 0.566527 -0.733048
34.4433 27.7337 -125.764 0.385444 0.564541 -0.729881
36.36 27.2278 -125.14 0.386778 0.565321 -0.728571
38.2454 26.7289 -124.526 0.386776 0.565296 -0.728591
40.247 26.1938 -123.869 0.393076 0.563989 -0.726229
42.14 25.681 -123.242 0.393244 0.563917 -0.726193
44.1031 25.1385 -122.579 0.407214 0.559725 -0.721723
45.9343 24.6184 -121.946 0.409086 0.557638 -0.722281
47.8095 24.0794 -121.29 0.414842 0.553654 -0.722062
49.6906 23.5364 -120.63 0.412947 0.55474 -0.722314
51.639 22.9689 -119.941 0.419487 0.55681 -0.716933
53.4883 22.4228 -119.279 0.421004 0.556267 -0.716465
55.3467 21.8737 -118.613 0.422229 0.55597 -0.715975
57.1833 21.317 -117.939 0.439542 0.5492 -0.710762
59.0217 20.745 -117.247 0.437334 0.548889 -0.712362
60.9173 20.1563 -116.534 0.438908 0.547889 -0.712164
62.7678 19.5813 -115.835 0.439561 0.546961 -0.712474
64.623 18.9966 -115.127 0.452692 0.537951 -0.711111
66.4464 18.4032 -114.415 0.453009 0.536485 -0.712015
68.393 17.779 -113.658 0.447665 0.537506 -0.714621
70.2273 17.194 -112.95 0.445731 0.536579 -0.716524
72.1482 16.5793 -112.215 0.446683 0.535261 -0.716917
74.1162 15.9358 -111.44 0.463281 0.52693 -0.712542
75.9573 15.3186 -110.699 0.464175 0.527463 -0.711565
77.7783 14.709 -109.964 0.463074 0.528285 -0.711672
79.619 14.0912 -109.223 0.464727 0.528027 -0.710786
81.4559 13.4699 -108.474 0.469494 0.52701 -0.708404
83.2501 12.8577 -107.741 0.469517 0.525888 -0.709221
85.0315 12.2514 -107.012 0.46893 0.525616 -0.709811
86.989 11.5847 -106.206 0.474419 0.524492 -0.70699
88.8439 10.9385 -105.431 0.476787 0.525766 -0.704446
90.6066 10.3272 -104.695 0.476605 0.525824 -0.704526
92.408 9.70258 -103.943 0.476076 0.525615 -0.705039
94.285 9.0499 -103.162 0.476994 0.524981 -0.704891
96.2285 8.37228 -102.349 0.477802 0.524914 -0.704394
96.5229 8.27004 -102.226 0.477916 0.524929 -0.704306
86.0402 8.20438 -109.343 0.471127 0.524242 -0.709373
84.273 8.81095 -110.068 0.471023 0.524313 -0.709389
82.4563 9.43451 -110.812 0.468854 0.525057 -0.710275
80.5207 10.095 -111.594 0.466532 0.525926 -0.71116
78.6806 10.7153 -112.337 0.463197 0.52759 -0.712108
76.8344 11.3379 -113.076 0.462934 0.527498 -0.712347
74.9296 11.98 -113.839 0.463045 0.527432 -0.712324
73.0916 12.592 -114.575 0.45757 0.526022 -0.71689
71.1659 13.2243 -115.326 0.449959 0.530165 -0.718653
69.2306 13.849 -116.077 0.449904 0.530261 -0.718616
67.3495 14.4604 -116.806 0.450637 0.533373 -0.715849
65.4753 15.0663 -117.533 0.449935 0.534131 -0.715725
63.6391 15.6588 -118.241 0.44574 0.535398 -0.717401
61.825 16.2342 -118.933 0.443376 0.5363 -0.718192
59.9283 16.8356 -119.655 0.443295 0.536521 -0.718077
58.0663 17.4223 -120.357 0.439278 0.536982 -0.720198
56.1995 17.9992 -121.05 0.426389 0.541315 -0.724687
54.3493 18.5488 -121.713 0.424055 0.543765 -0.724221
52.4041 19.1353 -122.416 0.425896 0.546273 -0.721248
50.5269 19.6925 -123.085 0.416932 0.548543 -0.724754
48.6949 20.2279 -123.732 0.415487 0.5506 -0.724024
46.8494 20.7682 -124.381 0.415946 0.552494 -0.722316
44.9587 21.3188 -125.046 0.411354 0.556926 -0.721541
43.0686 21.8548 -125.697 0.404161 0.558711 -0.724221
41.1932 22.3729 -126.322 0.391483 0.563155 -0.727734
39.2524 22.897 -126.957 0.390316 0.563536 -0.728066
37.3624 23.4057 -127.573 0.387895 0.563487 -0.729397
35.4159 23.9215 -128.201 0.384946 0.564838 -0.729914
33.3905 24.453 -128.849 0.37695 0.56657 -0.73274
31.4181 24.9612 -129.468 0.375827 0.566968 -0.733009
29.5044 25.4527 -130.07 0.376515 0.566476 -0.733036
27.5309 25.959 -130.69 0.371968 0.565522 -0.736087
25.5785 26.4428 -131.282 0.361567 0.567739 -0.739555
23.6315 26.9186 -131.864 0.356797 0.571386 -0.739063
21.7264 27.3739 -132.427 0.354637 0.572171 -0.739495
19.761 27.8401 -133.008 0.354179 0.572015 -0.739835
17.7778 28.3115 -133.591 0.3524 0.573148 -0.739808
15.8874 28.7519 -134.136 0.338713 0.575515 -0.744349
13.8356 29.206 -134.704 0.333482 0.576282 -0.746116
11.9264 29.6253 -135.231 0.331094 0.578385 -0.745551
9.95345 30.0496 -135.764 0.323811 0.580932 -0.74677
9.34193 30.1804 -135.928 0.323348 0.581997 -0.746141
9.28729 26.7074 -138.669 0.329148 0.580975 -0.744399
11.347 26.2567 -138.108 0.330365 0.580374 -0.744329
13.2678 25.8274 -137.578 0.335788 0.580268 -0.741981
15.2519 25.3815 -137.029 0.335961 0.579362 -0.74261
17.168 24.9408 -136.492 0.350309 0.575273 -0.739152
19.0979 24.4814 -135.927 0.353554 0.575348 -0.737547
21.0479 24.0143 -135.357 0.353276 0.575528 -0.737539
23.0148 23.5356 -134.775 0.361303 0.570521 -0.73754
24.8957 23.0685 -134.212 0.362727 0.570896 -0.736551
26.7684 22.6042 -133.649 0.362822 0.56954 -0.737553
28.7244 22.1108 -133.052 0.374892 0.565721 -0.734449
30.6159 21.6209 -132.462 0.375944 0.565972 -0.733718
32.5818 21.1111 -131.849 0.376183 0.565706 -0.7338
34.492 20.608 -131.244 0.391985 0.556544 -0.732534
36.4619 20.0704 -130.595 0.393996 0.554158 -0.733264
38.4173 19.5351 -129.95 0.391944 0.553659 -0.734739
40.2656 19.0332 -129.349 0.390126 0.553367 -0.735926
42.1857 18.5029 -128.717 0.398536 0.548456 -0.735096
44.019 17.9856 -128.096 0.41051 0.547227 -0.7294
45.9699 17.4202 -127.416 0.413358 0.546413 -0.728401
47.9084 16.8512 -126.738 0.41643 0.548071 -0.725399
49.7404 16.3123 -126.093 0.416816 0.547163 -0.725863
51.5603 15.7733 -125.453 0.421858 0.544417 -0.725015
53.391 15.2188 -124.791 0.429076 0.538513 -0.725188
55.211 14.6618 -124.127 0.429072 0.538493 -0.725205
57.09 14.0782 -123.433 0.438155 0.533624 -0.723371
58.9518 13.4936 -122.735 0.437826 0.535152 -0.722441
60.8845 12.8842 -122.012 0.442326 0.535597 -0.719363
62.7427 12.2925 -121.305 0.444361 0.534922 -0.718611
64.6606 11.6751 -120.568 0.4499 0.532594 -0.716892
66.4978 11.077 -119.859 0.449965 0.532594 -0.716851
68.3782 10.4638 -119.132 0.452467 0.532763 -0.715148
70.254 9.84523 -118.402 0.453916 0.532418 -0.714487
72.106 9.23082 -117.678 0.457498 0.529841 -0.714118
73.933 8.62507 -116.96 0.456487 0.528804 -0.715532
75.2051 8.20005 -116.457 0.462664 0.527578 -0.712463
64.2534 8.15421 -123.438 0.448114 0.531927 -0.718503
62.3801 8.75465 -124.154 0.443742 0.532135 -0.721059
60.4014 9.38877 -124.902 0.442883 0.53284 -0.721066
58.5326 9.97722 -125.6 0.435817 0.534568 -0.724086
56.656 10.5668 -126.294 0.435913 0.53475 -0.723894
54.7901 11.149 -126.984 0.432334 0.53593 -0.725166
52.9097 11.7332 -127.671 0.431405 0.538543 -0.723782
51.0449 12.3042 -128.346 0.419834 0.543149 -0.727137
49.1005 12.8831 -129.03 0.417635 0.544417 -0.727455
47.0917 13.4777 -129.736 0.414992 0.545829 -0.727909
45.1704 14.0415 -130.403 0.410972 0.545866 -0.730159
43.3373 14.5677 -131.032 0.401563 0.549219 -0.732875
41.4322 15.1061 -131.663 0.397717 0.55116 -0.733515
39.505 15.6424 -132.305 0.395951 0.552801 -0.733235
37.519 16.1919 -132.959 0.394187 0.55438 -0.732994
35.5103 16.7466 -133.619 0.394327 0.554388 -0.732912
33.5564 17.288 -134.261 0.393661 0.554573 -0.73313
31.5744 17.8154 -134.889 0.375779 0.563425 -0.73576
29.6362 18.319 -135.489 0.372369 0.562145 -0.738468
27.7666 18.7979 -136.062 0.371534 0.56333 -0.737986
25.7467 19.3204 -136.689 0.375112 0.567842 -0.732698
23.8223 19.8052 -137.267 0.360858 0.57148 -0.737016
21.8418 20.2974 -137.855 0.361044 0.571303 -0.737062
19.8087 20.8022 -138.456 0.354709 0.575496 -0.736875
17.908 21.2518 -138.996 0.343836 0.576817 -0.740985
15.9508 21.7115 -139.548 0.344896 0.574759 -0.742091
14.0336 22.1611 -140.09 0.344167 0.576543 -0.741045
12.1299 22.5966 -140.615 0.331193 0.581787 -0.742856
10.2365 23.0201 -141.13 0.3319 0.582948 -0.741629
9.28993 23.2318 -141.388 0.332297 0.583483 -0.741031
13.0859 18.9121 -143.093 0.33937 0.583011 -0.738191
15.045 18.4506 -142.55 0.344209 0.583264 -0.735747
16.9424 18.002 -142.017 0.347786 0.580855 -0.73597
19.0058 17.4991 -141.424 0.354844 0.575506 -0.736803
21.0088 17.0011 -140.84 0.363226 0.575309 -0.732862
22.9827 16.499 -140.251 0.365098 0.574895 -0.732256
24.8468 16.0267 -139.695 0.364688 0.571768 -0.734904
26.7281 15.5358 -139.119 0.376356 0.567868 -0.73204
28.7487 15.0046 -138.492 0.376567 0.569182 -0.73091
30.6707 14.4992 -137.897 0.37667 0.569566 -0.730557
32.6092 13.9752 -137.283 0.393566 0.559966 -0.72907
34.5268 13.4408 -136.658 0.394263 0.561489 -0.727521
36.4441 12.9104 -136.029 0.394045 0.56161 -0.727546
38.4572 12.3455 -135.366 0.397211 0.557038 -0.729336
40.3249 11.8242 -134.751 0.397338 0.553998 -0.73158
42.1929 11.2951 -134.126 0.403686 0.552139 -0.729507
44.0267 10.7638 -133.5 0.409996 0.547659 -0.729365
45.9045 10.2136 -132.849 0.41487 0.54364 -0.729616
47.7727 9.65394 -132.189 0.421682 0.539618 -0.728695
49.7014 9.0701 -131.506 0.42156 0.539168 -0.729098
51.6278 8.48672 -130.822 0.425103 0.535666 -0.729622
52.6544 8.16984 -130.45 0.429319 0.534719 -0.727847
40.9361 8.06412 -137.26 0.412829 0.546643 -0.728529
39.1041 8.59302 -137.884 0.403738 0.552667 -0.729078
37.1783 9.14314 -138.532 0.402223 0.556034 -0.727353
35.3054 9.67021 -139.146 0.392249 0.560552 -0.72933
33.4221 10.193 -139.756 0.392256 0.560429 -0.729421
31.5633 10.7123 -140.361 0.394977 0.560858 -0.72762
30.1985 11.0937 -140.803 0.384245 0.566779 -0.728778
30.1721 11.1008 -140.811 0.384248 0.566778 -0.728777
