69.4659 94.5228 -22.7469 0.137398 0.628151 -0.765865
71.2067 93.5768 -23.2106 0.137385 0.6282 -0.765826
72.9344 92.6449 -23.6653 0.136531 0.628014 -0.766131
74.697 91.7072 -24.1191 0.134718 0.626898 -0.767365
76.4743 90.8503 -24.5288 0.100402 0.599893 -0.793755
78.2638 89.9523 -24.9519 0.0943246 0.566379 -0.818729
80.0877 89.084 -25.3443 0.0924011 0.563167 -0.821161
81.9246 88.235 -25.7228 0.0914415 0.563135 -0.82129
83.6223 87.2079 -26.2238 0.0993081 0.556185 -0.825104
84.6988 85.6931 -27.1154 0.098992 0.55588 -0.825347
85.7121 84.1482 -28.033 0.0936015 0.553175 -0.827787
86.7304 82.579 -28.955 0.0919186 0.540908 -0.836034
87.7851 80.9936 -29.856 0.0938552 0.528762 -0.843565
88.8289 79.4551 -30.7255 0.0792672 0.539355 -0.838339
89.9559 77.9088 -31.5937 0.0739192 0.516728 -0.852953
91.0961 76.2652 -32.4583 0.0813948 0.504622 -0.859495
92.2115 74.7171 -33.2658 0.0821918 0.506898 -0.858078
93.3265 73.1728 -34.0717 0.0829032 0.506179 -0.858435
94.4741 71.5084 -34.9151 0.0813881 0.488257 -0.868897
95.5751 69.9511 -35.6997 0.0679128 0.494711 -0.866396
96.6352 68.4421 -36.484 0.0619881 0.488816 -0.870182
97.6901 66.9079 -37.2133 0.0651128 0.44996 -0.890672
98.768 65.2639 -37.965 0.0651133 0.449962 -0.890671
99.8845 63.6678 -38.6897 0.0651061 0.449963 -0.890671
101.014 62.1122 -39.3926 0.0661243 0.449703 -0.890727
102.294 60.483 -40.114 0.0650783 0.443423 -0.893947
103.486 58.8709 -40.8255 0.0653365 0.442404 -0.894433
104.623 57.2535 -41.5443 0.068152 0.445866 -0.8925
105.826 55.6505 -42.2516 0.0670189 0.444961 -0.893039
106.97 54.0982 -42.9215 0.0694729 0.431678 -0.899348
108.215 52.5261 -43.5794 0.0718903 0.431552 -0.899219
109.388 50.9206 -44.2589 0.0686899 0.430904 -0.899775
110.577 49.2326 -44.9765 0.0682251 0.430044 -0.900223
111.819 47.613 -45.6508 0.0798446 0.429194 -0.899675
112.979 46.0534 -46.2858 0.0938881 0.434682 -0.895676
114.137 44.5405 -46.9095 0.102715 0.446886 -0.888673
115.311 42.9845 -47.5577 0.0991837 0.446672 -0.889173
116.504 41.439 -48.2002 0.103184 0.448181 -0.887968
117.666 39.9162 -48.8337 0.103174 0.448172 -0.887974
118.834 38.4091 -49.4587 0.103177 0.448161 -0.887979
120.017 36.7914 -50.1422 0.0953815 0.460261 -0.882637
121.216 35.2201 -50.858 0.0939614 0.475328 -0.874773
122.39 33.6134 -51.6065 0.0909507 0.468888 -0.878563
123.555 31.933 -52.3909 0.0817909 0.472517 -0.877518
124.7 30.3516 -53.1228 0.0686184 0.465015 -0.88264
125.738 28.8152 -53.8732 0.0606927 0.475785 -0.877465
126.843 27.1896 -54.6733 0.0644362 0.474599 -0.87784
127.976 25.6102 -55.4451 0.0649893 0.475984 -0.877049
129.14 23.9709 -56.2461 0.0673868 0.475613 -0.87707
130.243 22.3784 -57.0308 0.0619506 0.477745 -0.876311
131.401 20.7328 -57.8525 0.057543 0.484234 -0.873043
132.306 19.1251 -58.714 0.0584032 0.50199 -0.862899
131.967 17.4086 -59.7125 0.041473 0.489363 -0.871093
131.52 15.7093 -60.6913 0.0352942 0.498144 -0.866357
130.98 13.8895 -61.7686 0.0228373 0.50082 -0.865244
130.513 12.1893 -62.737 0.00930188 0.488505 -0.872512
130.086 10.4644 -63.7043 0.00778843 0.487427 -0.873129
129.565 8.62859 -64.734 0.00748321 0.488039 -0.87279
129.096 6.88336 -65.7132 0.00393726 0.485238 -0.874371
128.56 5.10901 -66.6926 0.00252066 0.482708 -0.875777
126.577 4.89812 -66.8152 0.0029474 0.482551 -0.875863
124.509 4.85674 -66.8476 0.00571484 0.479738 -0.877393
122.46 4.9163 -66.8264 0.00486847 0.478253 -0.878208
120.423 4.92247 -66.8386 0.00822248 0.475592 -0.879628
118.421 4.93921 -66.8485 0.0079542 0.474423 -0.880261
117.415 5.74225 -66.4278 0.0113562 0.47233 -0.881348
117.992 7.48746 -65.485 0.0131856 0.472206 -0.88139
118.483 9.28451 -64.5127 0.0144094 0.473085 -0.880899
118.978 10.9881 -63.5887 0.014283 0.473995 -0.880412
119.537 12.6842 -62.6661 0.0142133 0.474197 -0.880304
120.066 14.3955 -61.7357 0.0142171 0.474205 -0.8803
120.632 16.3029 -60.699 0.0143753 0.474209 -0.880295
121.204 18.0326 -59.7568 0.015277 0.474761 -0.879982
121.546 19.9149 -58.7397 0.0231464 0.464879 -0.885072
121.406 21.6897 -57.824 0.0290716 0.456972 -0.889006
120.667 23.479 -56.9272 0.0297466 0.458121 -0.888392
119.478 25.0442 -56.162 0.0356883 0.453349 -0.890618
118.295 26.5132 -55.4987 0.0572465 0.4393 -0.896514
117.203 28.0478 -54.8173 0.0578277 0.439196 -0.896528
115.997 29.6372 -54.1164 0.0577349 0.439145 -0.896559
114.732 31.3331 -53.3637 0.0505779 0.433201 -0.899875
113.559 32.9171 -52.662 0.0540259 0.436081 -0.898284
112.375 34.4154 -52.0176 0.0730515 0.439712 -0.895163
111.156 35.9768 -51.3519 0.0698272 0.436984 -0.896755
109.984 37.5094 -50.6959 0.0698224 0.436957 -0.896769
108.831 39.0958 -50.0125 0.0708444 0.436486 -0.896917
107.704 40.7015 -49.33 0.0761207 0.431618 -0.898839
106.582 42.303 -48.6574 0.0759003 0.430734 -0.899282
105.405 43.9463 -47.9699 0.0760193 0.430699 -0.899288
104.223 45.4916 -47.3296 0.0760477 0.430733 -0.89927
102.972 47.1362 -46.6481 0.0770041 0.43139 -0.898873
101.732 48.7695 -45.984 0.0902434 0.434392 -0.896192
100.601 50.3325 -45.3247 0.0877995 0.442434 -0.892493
99.4822 51.9048 -44.6554 0.0870677 0.441983 -0.892788
98.3522 53.5053 -43.9734 0.0879818 0.441594 -0.892891
97.2486 55.0559 -43.3183 0.0965859 0.447174 -0.889217
96.1291 56.5881 -42.6516 0.0964616 0.459155 -0.883103
94.9897 58.1878 -41.9474 0.0957211 0.456801 -0.884404
93.8436 59.7455 -41.266 0.0945876 0.454594 -0.885661
92.6478 61.3785 -40.5493 0.0886305 0.455231 -0.88595
91.4582 62.9548 -39.8637 0.0934406 0.454673 -0.885744
90.1846 64.5614 -39.1588 0.104247 0.472376 -0.875207
88.9719 66.192 -38.4102 0.104949 0.476653 -0.872804
87.8015 67.8017 -37.6684 0.0930247 0.470815 -0.877314
86.6417 69.3466 -36.9503 0.0982178 0.490891 -0.865667
85.4382 71.0269 -36.1169 0.107103 0.500248 -0.859233
84.3487 72.6176 -35.3236 0.114428 0.504749 -0.855647
83.3215 74.1585 -34.5549 0.119964 0.50515 -0.854653
82.2791 75.6881 -33.7961 0.120011 0.505491 -0.854445
81.2016 77.2689 -33.0121 0.119347 0.506437 -0.853978
80.0731 78.8848 -32.2029 0.117016 0.511217 -0.851449
78.99 80.4286 -31.3737 0.125166 0.548674 -0.826614
77.898 81.9454 -30.5315 0.125423 0.549194 -0.82623
76.8117 83.4282 -29.699 0.118863 0.560568 -0.819531
75.7722 85.0229 -28.7605 0.114917 0.557335 -0.822297
74.7579 86.5847 -27.8236 0.109682 0.57772 -0.808832
73.8198 88.1263 -26.8506 0.126876 0.575459 -0.807929
72.8653 89.6484 -25.9279 0.132554 0.571648 -0.809721
71.9148 91.1643 -25.0189 0.136176 0.571834 -0.808988
70.8462 92.659 -24.0284 0.137541 0.628343 -0.765681
69.775 94.0557 -23.0747 0.137559 0.628327 -0.765691
69.5067 94.4326 -22.8136 0.137674 0.628284 -0.765705
66.3143 93.2409 -24.3675 0.143061 0.62482 -0.76755
67.4023 91.8121 -25.3111 0.135042 0.578374 -0.804488
68.4337 90.3141 -26.192 0.134297 0.568623 -0.811562
69.4396 88.7568 -27.1179 0.132739 0.571101 -0.810076
70.426 87.1894 -28.0638 0.132262 0.571964 -0.809546
71.4146 85.613 -29.016 0.132267 0.571974 -0.809538
72.4319 84.0024 -29.9881 0.131915 0.572145 -0.809475
73.4163 82.4914 -30.895 0.132412 0.568204 -0.812165
74.5619 80.8744 -31.7852 0.138345 0.541118 -0.829488
75.634 79.366 -32.5619 0.130705 0.516103 -0.846495
76.7029 77.8202 -33.3305 0.123122 0.504242 -0.85474
77.8273 76.1882 -34.1309 0.123404 0.504178 -0.854737
78.9105 74.6276 -34.895 0.123075 0.504181 -0.854783
79.986 73.055 -35.6697 0.120195 0.504597 -0.854948
81.0304 71.5075 -36.4375 0.1182 0.504405 -0.855339
82.1627 69.849 -37.2524 0.121262 0.493453 -0.861278
83.2513 68.3151 -37.9679 0.115642 0.484228 -0.867266
84.4108 66.7197 -38.7041 0.115438 0.484334 -0.867234
85.5181 65.1476 -39.4358 0.113744 0.484735 -0.867233
86.6703 63.5744 -40.1513 0.111121 0.471145 -0.875028
87.8166 62.0556 -40.792 0.11737 0.457938 -0.881202
88.96 60.5054 -41.4453 0.117376 0.457946 -0.881197
90.1042 58.9357 -42.1095 0.114868 0.458232 -0.881379
91.2408 57.3857 -42.7792 0.0989251 0.459261 -0.882776
92.3576 55.8068 -43.475 0.10001 0.457195 -0.883726
93.5129 54.2439 -44.1352 0.0983584 0.441598 -0.891805
94.6961 52.6051 -44.8152 0.0985619 0.44121 -0.891975
95.8618 51.0114 -45.4747 0.0985473 0.441199 -0.891982
97.0041 49.4361 -46.1282 0.0964226 0.441838 -0.891898
98.1026 47.8854 -46.7836 0.0880712 0.442026 -0.892668
99.3032 46.2845 -47.436 0.0985018 0.427441 -0.898661
100.451 44.74 -48.0447 0.0983065 0.427137 -0.898827
101.655 43.123 -48.6859 0.0854741 0.42936 -0.899079
102.803 41.5738 -49.3257 0.0759199 0.430651 -0.89932
103.983 39.9287 -50.0163 0.0757699 0.433493 -0.897966
105.18 38.2756 -50.7138 0.0759402 0.433867 -0.897771
106.353 36.647 -51.4017 0.0755091 0.434058 -0.897715
107.576 34.9654 -52.1204 0.0690222 0.436778 -0.896917
108.795 33.3984 -52.7841 0.0688743 0.431065 -0.899688
109.953 31.8328 -53.4442 0.0688544 0.430318 -0.900048
111.105 30.3113 -54.0835 0.0688547 0.430318 -0.900048
112.251 28.77 -54.7328 0.0688458 0.430314 -0.90005
113.442 27.174 -55.4048 0.0662352 0.431266 -0.899786
114.594 25.6347 -56.0719 0.0405716 0.428895 -0.902424
115.771 24.0756 -56.7644 0.0247955 0.425168 -0.904775
116.97 22.5448 -57.4419 0.00695018 0.414248 -0.910133
117.908 20.7704 -58.3128 -0.0208281 0.439822 -0.897843
117.633 18.9216 -59.2769 -0.00750203 0.481751 -0.876276
117.084 17.1617 -60.2402 -0.000836286 0.481165 -0.87663
116.55 15.4383 -61.1888 0.00571722 0.479932 -0.877285
116.046 13.7146 -62.1495 0.0422024 0.477937 -0.87738
115.504 11.9913 -63.1308 0.0709666 0.481134 -0.87377
114.991 10.2623 -64.1042 0.058558 0.458616 -0.886688
114.467 8.53163 -65.0108 0.0465035 0.450219 -0.891697
113.939 6.81934 -65.9151 0.0335926 0.460595 -0.886974
113.395 5.11303 -66.825 0.0188822 0.462101 -0.886626
112.881 3.37736 -67.756 0.0143904 0.470381 -0.882346
112.598 1.72567 -68.6369 0.0143394 0.466387 -0.884464
114.782 1.69539 -68.6299 0.00800703 0.473414 -0.880804
116.878 1.70391 -68.6046 0.00971085 0.471264 -0.881939
119.01 1.6889 -68.5912 0.00384563 0.470902 -0.882172
121.065 1.70329 -68.5835 0.00052407 0.475364 -0.879789
123.094 1.69342 -68.5838 0.00277279 0.479057 -0.87778
125.102 1.67354 -68.587 0.00400975 0.48005 -0.877232
127.17 1.67831 -68.5769 0.00224606 0.479505 -0.877536
129.274 1.72275 -68.5481 0.0013581 0.479915 -0.877314
131.266 1.80462 -68.5012 -0.00088751 0.478868 -0.877887
131.901 3.57196 -67.5388 -0.00138625 0.479828 -0.877362
132.407 5.29392 -66.5841 0.00570858 0.489057 -0.872233
132.93 7.02328 -65.6094 0.00656719 0.490073 -0.871657
133.389 8.77175 -64.6203 0.00965348 0.491626 -0.870753
133.864 10.5898 -63.5876 0.0142261 0.490873 -0.871115
134.344 12.4281 -62.5263 0.0226095 0.500063 -0.865694
134.849 14.2365 -61.4583 0.0258878 0.5072 -0.861439
135.352 16.0082 -60.3742 0.0432649 0.518829 -0.853782
135.773 17.7444 -59.2973 0.0451116 0.515224 -0.855868
136.217 19.4254 -58.2694 0.0584316 0.503484 -0.862026
135.392 21.0818 -57.394 0.0581859 0.479613 -0.875547
134.321 22.6202 -56.6267 0.0582534 0.477553 -0.87667
133.216 24.21 -55.8341 0.058258 0.477556 -0.876668
132.124 25.7681 -55.0579 0.0582659 0.477564 -0.876663
130.963 27.4073 -54.2425 0.0602888 0.477927 -0.876328
129.884 28.9803 -53.465 0.0674794 0.476287 -0.876697
128.786 30.5211 -52.7125 0.0681391 0.477696 -0.875879
127.714 32.0651 -51.9526 0.0692887 0.478346 -0.875433
126.559 33.7208 -51.1334 0.07769 0.487822 -0.869473
125.406 35.3462 -50.3241 0.098736 0.496765 -0.862245
124.214 36.9675 -49.566 0.118465 0.482491 -0.867847
123.037 38.5277 -48.9039 0.111918 0.446889 -0.887555
121.865 40.0886 -48.2589 0.103206 0.448173 -0.887969
120.657 41.656 -47.6095 0.0957082 0.4397 -0.89303
119.48 43.2282 -46.9692 0.0900775 0.428687 -0.898949
118.254 44.842 -46.3264 0.0893076 0.426411 -0.90011
117.028 46.4648 -45.6799 0.0894937 0.426252 -0.900167
115.848 48.062 -45.041 0.0895009 0.426252 -0.900166
114.661 49.6451 -44.4093 0.0895029 0.426243 -0.90017
113.491 51.1598 -43.8084 0.0895006 0.426247 -0.900168
112.27 52.823 -43.139 0.0806126 0.428993 -0.899694
111.121 54.4061 -42.4746 0.0648833 0.429205 -0.900874
109.989 55.9268 -41.8195 0.062345 0.443735 -0.893987
108.861 57.4422 -41.147 0.0631465 0.442578 -0.894504
107.644 59.073 -40.4278 0.0640234 0.442107 -0.894674
106.432 60.6765 -39.7156 0.0663146 0.448642 -0.891248
105.332 62.2442 -39.0061 0.0659948 0.449632 -0.890773
104.127 63.822 -38.299 0.0659932 0.449625 -0.890776
102.908 65.4557 -37.5647 0.0659554 0.44964 -0.890772
101.818 66.9897 -36.8702 0.0651046 0.44996 -0.890673
100.772 68.5677 -36.113 0.0632561 0.489448 -0.869735
99.7025 70.0681 -35.3315 0.0646743 0.497635 -0.864972
98.5968 71.6236 -34.5141 0.0675837 0.503552 -0.861317
97.4638 73.2317 -33.6641 0.0698569 0.503602 -0.861107
96.412 74.7587 -32.8622 0.0751898 0.501088 -0.862124
95.3238 76.2952 -32.0644 0.0762651 0.501583 -0.861741
94.2069 77.8106 -31.2797 0.0762544 0.502376 -0.86128
93.0839 79.4061 -30.448 0.0753033 0.503975 -0.860429
92.0341 80.9034 -29.6184 0.0550335 0.527443 -0.847795
90.9831 82.4418 -28.7046 0.0670683 0.553751 -0.829976
89.9258 83.9852 -27.7511 0.066992 0.557966 -0.827155
88.9159 85.4854 -26.8209 0.0669842 0.557967 -0.827155
87.8977 87.0172 -25.8705 0.0675223 0.55742 -0.82748
86.8714 88.5175 -24.955 0.08801 0.555373 -0.826925
85.5497 89.8464 -24.2105 0.0939118 0.560785 -0.822618
83.7785 90.7156 -23.8061 0.087154 0.580141 -0.80984
81.9589 91.5644 -23.3446 0.0808977 0.638134 -0.765662
80.1187 92.3768 -22.8675 0.0855349 0.644362 -0.759922
78.3173 93.2038 -22.369 0.085548 0.644352 -0.759929
76.5228 94.0075 -21.9297 0.125164 0.629028 -0.76724
74.785 94.9282 -21.4798 0.132741 0.622752 -0.771077
73.0713 95.8871 -21.0156 0.136117 0.615218 -0.776517
71.3474 96.858 -20.5493 0.131153 0.615764 -0.776936
69.4402 97.7632 -20.0996 0.114862 0.637847 -0.76155
67.6173 98.5034 -19.6725 0.11911 0.703443 -0.7007
65.7092 99.297 -19.1612 0.175607 0.710125 -0.681825
63.9647 100.22 -18.6958 0.188567 0.696206 -0.692632
62.2242 101.146 -18.2388 0.188657 0.695506 -0.693311
60.9227 101.655 -18.0794 0.185631 0.695079 -0.694555
61.7086 100.204 -19.3169 0.184756 0.693625 -0.696239
62.7099 98.775 -20.4502 0.171158 0.661543 -0.729961
63.702 97.2453 -21.5195 0.175659 0.633898 -0.753205
64.7085 95.7581 -22.5563 0.148879 0.641533 -0.75251
65.6215 94.3004 -23.6322 0.138213 0.631191 -0.763209
66.2553 93.326 -24.3093 0.143113 0.62448 -0.767817
74.8614 89.6878 -25.5792 0.123994 0.57353 -0.809746
75.3619 89.6535 -25.5329 0.111977 0.580059 -0.806841
76.663 86.8123 -27.4036 0.109276 0.579953 -0.807287
78.6837 86.6832 -27.2201 0.113163 0.571584 -0.812703
80.7327 86.5505 -27.0294 0.116424 0.559073 -0.820904
81.84 86.48 -26.9268 0.101854 0.553666 -0.826487
84.0724 83.5336 -28.6209 0.090794 0.547683 -0.831745
82.0694 83.6377 -28.7776 0.109667 0.550999 -0.827268
80.0801 83.7754 -28.9835 0.125496 0.549313 -0.826139
78.6584 83.8748 -29.1313 0.119814 0.55113 -0.825772
80.7193 80.9023 -30.7967 0.125452 0.549287 -0.826164
82.7105 80.7699 -30.592 0.100238 0.548006 -0.830447
84.7746 80.6656 -30.4286 0.0996427 0.543642 -0.833381
85.9534 80.6014 -30.3278 0.103222 0.53892 -0.836009
87.9454 77.6354 -31.9744 0.0982924 0.520144 -0.848404
85.9296 77.7402 -32.1448 0.0987316 0.50543 -0.8572
83.9321 77.8435 -32.311 0.097392 0.504321 -0.858006
82.8434 77.9035 -32.4077 0.112393 0.501702 -0.857708
85.0624 74.8554 -33.9274 0.0935007 0.500879 -0.860452
87.2306 74.7495 -33.7509 0.0968704 0.502705 -0.859013
89.3392 74.65 -33.5832 0.0832671 0.508072 -0.85728
89.9705 74.6233 -33.5379 0.0829892 0.507821 -0.857456
92.2886 71.5961 -35.0704 0.0813562 0.48823 -0.868914
90.232 71.6807 -35.2179 0.0871722 0.493025 -0.865637
88.2185 71.7719 -35.3759 0.0940331 0.499297 -0.861313
87.0231 71.8282 -35.4732 0.0931582 0.499783 -0.861127
89.2953 68.7835 -36.9809 0.095593 0.479303 -0.872428
91.4045 68.6884 -36.8113 0.0945785 0.490221 -0.866451
93.5776 68.5928 -36.6398 0.0821146 0.492234 -0.866581
94.3685 68.5624 -36.5851 0.072236 0.490292 -0.86856
96.3595 65.4961 -38.0323 0.0774777 0.463773 -0.88256
94.2539 65.5832 -38.195 0.0893478 0.468678 -0.878839
92.1554 65.6727 -38.3607 0.0892546 0.468777 -0.878796
91.5636 65.698 -38.4072 0.0892094 0.468849 -0.878762
94.0156 62.5974 -39.797 0.0851298 0.451346 -0.888279
96.1435 62.5123 -39.6349 0.0883688 0.457011 -0.88506
98.1899 62.4294 -39.4759 0.0883511 0.466703 -0.87999
98.5608 62.4143 -39.4469 0.0869688 0.466542 -0.880213
96.3321 59.4842 -41.1549 0.0844291 0.450419 -0.888816
98.4198 59.4037 -40.9975 0.0842105 0.450366 -0.888864
100.566 59.3239 -40.8407 0.0789382 0.452302 -0.888364
100.842 59.314 -40.8213 0.0786366 0.452407 -0.888338
103.101 56.2169 -42.1986 0.0786238 0.452381 -0.888352
100.967 56.292 -42.3492 0.0785573 0.45238 -0.888359
98.8524 56.3668 -42.4987 0.079761 0.451868 -0.888512
98.543 56.3781 -42.5211 0.0810191 0.452244 -0.888207
100.656 53.2691 -43.8771 0.0787559 0.436929 -0.896042
102.742 53.1963 -43.7294 0.0786909 0.436862 -0.89608
104.827 53.1238 -43.5815 0.0790543 0.436719 -0.896118
105.545 53.0988 -43.5304 0.0791315 0.436508 -0.896213
107.836 49.9751 -44.8488 0.0793946 0.436477 -0.896205
105.841 50.0442 -44.992 0.0793985 0.436482 -0.896203
103.796 50.1152 -45.1385 0.079247 0.436508 -0.896203
102.942 50.1448 -45.1995 0.0790364 0.436804 -0.896078
105.297 47.0144 -46.5065 0.0781776 0.43195 -0.898503
107.381 46.9435 -46.3593 0.0781893 0.431945 -0.898504
109.565 46.8692 -46.2047 0.0781637 0.432342 -0.898316
110.054 46.8527 -46.1702 0.0785397 0.432712 -0.898105
107.786 43.8772 -47.7981 0.0781746 0.431937 -0.898509
109.788 43.8092 -47.6567 0.0774121 0.432177 -0.89846
111.814 43.7419 -47.5167 0.0757036 0.432845 -0.898284
112.518 43.7187 -47.4686 0.0757963 0.432628 -0.898381
114.952 40.5863 -48.773 0.0760634 0.433252 -0.898057
112.803 40.6577 -48.9196 0.075677 0.432864 -0.898277
110.777 40.7249 -49.058 0.0756805 0.432901 -0.898259
109.883 40.7544 -49.1192 0.0757973 0.433158 -0.898125
112.19 37.6342 -50.4462 0.0793918 0.441869 -0.893559
114.348 37.5585 -50.292 0.0792575 0.441995 -0.893509
116.343 37.4891 -50.1514 0.0763106 0.438008 -0.895726
117.388 37.4529 -50.0788 0.0780883 0.435397 -0.896845
119.651 34.3533 -51.4539 0.0694028 0.45581 -0.887367
117.65 34.4175 -51.5805 0.0712696 0.455494 -0.887382
115.494 34.4868 -51.7191 0.0722185 0.451803 -0.88919
114.482 34.5205 -51.787 0.0731331 0.446741 -0.891669
116.941 31.4281 -53.1696 0.0661455 0.448862 -0.89115
119.032 31.3616 -53.0381 0.0711154 0.455451 -0.887416
121.159 31.2937 -52.906 0.066517 0.455175 -0.887914
121.702 31.277 -52.8739 0.0664746 0.454505 -0.888261
123.85 28.2125 -54.3122 0.0531087 0.471212 -0.88042
121.814 28.2647 -54.4113 0.0573757 0.463264 -0.884361
119.638 28.3234 -54.5252 0.0576805 0.439651 -0.896315
119.218 28.3344 -54.5469 0.0578408 0.439205 -0.896523
121.595 25.2674 -55.9729 0.0305158 0.458745 -0.888044
123.603 25.2329 -55.9075 0.0427694 0.461572 -0.886071
125.675 25.1868 -55.8213 0.0522792 0.46967 -0.881293
126.105 25.1761 -55.8013 0.052749 0.47069 -0.88072
128.265 22.1412 -57.2928 0.0497915 0.465685 -0.883549
126.142 22.1856 -57.3739 0.0414038 0.461173 -0.886344
124.036 22.2272 -57.4506 0.0408561 0.460896 -0.886513
123.246 22.2413 -57.477 0.0332542 0.461118 -0.886715
123.403 19.2562 -59.0562 0.018723 0.474226 -0.880204
125.525 19.2311 -59.0103 0.033771 0.481715 -0.875677
127.655 19.1866 -58.9296 0.0448104 0.488314 -0.871516
129.68 19.1427 -58.8507 0.0437204 0.488532 -0.87145
130.264 19.1305 -58.8289 0.0420144 0.488453 -0.871578
129.718 16.1954 -60.5002 0.0430407 0.48809 -0.871731
127.662 16.2352 -60.5712 0.0315043 0.479836 -0.876792
125.601 16.2594 -60.6146 0.0229119 0.47398 -0.880237
123.478 16.2827 -60.6565 0.0214223 0.474254 -0.880127
122.615 16.2905 -60.6705 0.0165698 0.474326 -0.880193
121.776 13.3248 -62.2846 0.0145083 0.474271 -0.88026
123.826 13.3062 -62.2511 0.0228516 0.474093 -0.880178
125.843 13.2838 -62.2107 0.0228867 0.474261 -0.880087
127.951 13.263 -62.1735 0.0171728 0.481407 -0.876329
128.816 13.2563 -62.1616 0.014375 0.484615 -0.874609
128.123 10.3113 -63.8122 0.0135617 0.48647 -0.873592
126.06 10.3257 -63.8381 0.0144635 0.486315 -0.873664
123.822 10.3407 -63.8652 0.0115156 0.483247 -0.875408
121.643 10.353 -63.8876 0.0129113 0.474654 -0.880078
120.739 10.3591 -63.8987 0.0142697 0.473387 -0.880739
119.886 7.39167 -65.5094 0.00997248 0.475935 -0.879424
121.957 7.38271 -65.4926 0.00861359 0.47702 -0.87885
124.09 7.37455 -65.4775 0.00748345 0.47745 -0.878627
126.154 7.36728 -65.4642 0.00751435 0.478202 -0.878218
127.248 7.36356 -65.4575 0.00589914 0.479793 -0.877362
127.277 7.36347 -65.4573 0.00642331 0.479985 -0.877253
