129.418 4.01325 46.3713 0.0465899 0.874646 0.482518
131.453 3.84727 46.4866 0.0277431 0.880609 0.473032
133.684 3.8401 46.4921 -0.00334678 0.89052 0.454932
134.94 4.38232 45.4408 -0.00621866 0.890666 0.454615
135.47 5.25949 43.6866 0.00546692 0.907672 0.41961
136.003 6.07302 41.845 -0.0079421 0.921359 0.38863
136.575 6.8328 40.0487 -0.00769401 0.92191 0.387327
137.058 7.57612 38.1812 -0.00897099 0.946169 0.323347
137.572 8.21255 36.2141 -0.00805492 0.953107 0.302526
138.086 8.80309 34.2696 0.00349781 0.966849 0.255309
138.556 9.26121 32.344 0.014022 0.974219 0.225169
139.001 9.70909 30.4299 -0.00547688 0.972653 0.232198
139.475 10.1336 28.4599 -0.0147991 0.98476 0.173132
139.807 10.436 26.3659 -0.015542 0.990274 0.138258
139.992 10.7208 24.3023 -0.00393893 0.992691 0.120322
140.456 10.8782 22.312 -0.0127391 0.998479 0.0536368
140.744 10.9867 20.3266 -0.01065 0.998631 0.0512052
141.052 11.0508 18.1731 -0.0141487 0.999709 -0.0195385
141.325 10.9987 16.1893 -0.0230398 0.999265 -0.0306226
141.553 10.9393 14.1127 -0.0239957 0.999214 -0.0315604
141.741 10.8225 12.0698 -0.0257588 0.994246 -0.103837
141.884 10.5892 10.024 -0.036965 0.992071 -0.120116
142.004 10.3273 8.0009 -0.0187836 0.988462 -0.150302
142.159 9.98467 6.0242 -0.0286431 0.979273 -0.20047
142.271 9.52693 3.96607 -0.049134 0.972455 -0.227855
142.276 9.05293 1.95403 -0.0453838 0.971718 -0.231742
142.249 8.46252 -0.154134 -0.0444793 0.949409 -0.310854
142.167 7.815 -2.05283 -0.0502619 0.945012 -0.323149
142.07 7.11122 -4.08932 -0.0450471 0.943269 -0.32896
142.124 6.3736 -6.09518 -0.0254663 0.926069 -0.376477
142.122 5.52007 -8.05713 -0.035343 0.912031 -0.408594
141.993 4.64894 -9.95465 -0.0294674 0.902339 -0.429991
141.612 3.7655 -11.7105 -0.0127498 0.890013 -0.455757
139.486 3.73941 -11.6828 -0.00228396 0.882314 -0.470655
137.462 3.80992 -11.6731 0.0314037 0.889874 -0.455124
137.188 4.61726 -10.0841 0.0442683 0.899137 -0.435424
137.307 5.47458 -8.24252 0.0536445 0.905329 -0.42131
137.455 6.28654 -6.34736 0.0277998 0.926472 -0.375337
137.525 7.01555 -4.48337 0.0420139 0.940024 -0.338511
137.61 7.67879 -2.58031 0.0579281 0.942703 -0.328565
137.611 8.31605 -0.657969 0.0335567 0.955263 -0.293847
137.617 8.89328 1.33381 0.0370144 0.971494 -0.234136
137.577 9.35654 3.29924 0.0371437 0.97402 -0.223392
137.502 9.79899 5.25472 0.0301749 0.977213 -0.210078
137.47 10.2216 7.28928 0.0276781 0.982509 -0.184105
137.338 10.5251 9.27191 0.0371631 0.991024 -0.128412
137.15 10.7951 11.3885 0.027082 0.994277 -0.103347
136.954 10.9607 13.4069 0.0172737 0.99757 -0.0674906
136.75 11.0807 15.4086 0.0302741 0.998865 -0.0367184
136.538 11.1471 17.3976 0.0321812 0.999335 -0.0171194
136.192 11.1515 19.3909 0.0237695 0.999707 0.00467453
135.828 11.0952 21.3756 0.0458942 0.996539 0.0689705
135.469 10.9379 23.3877 0.0360044 0.99478 0.0954806
135.267 10.7323 25.3741 0.0545463 0.991033 0.121974
134.894 10.4513 27.3852 0.0434674 0.984932 0.167388
134.387 10.1143 29.4494 0.0464073 0.982126 0.182225
133.881 9.67416 31.5176 0.0566092 0.969199 0.239682
133.383 9.20244 33.4284 0.0450555 0.965891 0.254998
132.908 8.66893 35.3702 0.0575696 0.950522 0.305239
132.4 8.07322 37.222 0.0401963 0.94353 0.328839
131.786 7.33901 39.3045 0.0465957 0.92157 0.385407
131.178 6.558 41.1139 0.0519171 0.907481 0.416872
130.592 5.7447 42.9498 0.049923 0.90554 0.4213
129.996 4.90521 44.6769 0.0530923 0.877232 0.477122
129.455 4.10565 46.2002 0.0478249 0.874852 0.482022
124.632 5.02848 45.0251 0.0532367 0.873046 0.484721
125.249 5.9534 43.2299 0.0490826 0.885157 0.462697
125.91 6.82857 41.4289 0.0805043 0.891888 0.445033
126.463 7.60494 39.6582 0.0812366 0.925136 0.370842
127.058 8.18019 37.7774 0.0775405 0.948256 0.307877
127.604 8.78859 35.9159 0.0503142 0.944782 0.323814
128.077 9.36463 34.0448 0.053958 0.953041 0.297995
128.605 9.88172 32.1228 0.0804233 0.96141 0.263102
129.075 10.2665 30.2038 0.0662807 0.983395 0.168939
129.544 10.5862 28.1851 0.0568807 0.983289 0.172935
130 10.9086 26.0676 0.0481217 0.987768 0.148317
130.383 11.1332 24.0889 0.0602809 0.992646 0.10497
130.678 11.3053 21.9461 0.0472017 0.996891 0.0628545
131.061 11.3922 19.8887 0.0547013 0.998011 0.0298491
131.379 11.3882 17.8521 0.0487959 0.99868 -0.0158938
131.636 11.2799 15.8634 0.0388518 0.997263 -0.0629017
131.821 11.1401 13.8443 0.0386235 0.997049 -0.0663402
132.059 10.9864 11.6922 0.0375734 0.996911 -0.0689719
132.235 10.7779 9.68273 0.0381864 0.989574 -0.138704
132.372 10.4529 7.70003 0.0300746 0.984233 -0.174258
132.467 10.0561 5.6758 0.0404231 0.980815 -0.190695
132.508 9.68442 3.69138 0.0553246 0.980625 -0.187546
132.585 9.20142 1.68213 0.0533695 0.955399 -0.290456
132.53 8.56112 -0.27137 0.0313041 0.948609 -0.314899
132.571 7.92128 -2.30939 0.00979044 0.956157 -0.29269
132.549 7.40144 -4.24969 0.066448 0.955966 -0.285834
132.427 6.67329 -6.21219 0.0917135 0.920125 -0.380734
132.298 5.82433 -8.11342 0.0415949 0.891666 -0.450779
132.178 4.87711 -9.98405 0.0383106 0.890057 -0.454237
132.07 3.94506 -11.8181 0.0393488 0.890643 -0.452994
131.907 3.06203 -13.7191 0.0979521 0.899309 -0.426047
131.7 2.03395 -15.4546 -0.00818023 0.80052 -0.599226
133.136 1.55184 -16.1096 -0.00122382 0.812069 -0.58356
135.139 1.48189 -16.119 0.0734384 0.869846 -0.487762
137.276 1.34343 -16.0858 0.0557485 0.867286 -0.49468
139.402 1.2935 -16.053 -0.0275531 0.873526 -0.485998
141.455 1.35602 -16.111 -0.0534369 0.878385 -0.474956
143.514 1.45388 -16.1493 -0.0387665 0.86537 -0.499632
145.549 1.50608 -16.1869 -0.0130671 0.825308 -0.564532
146.56 2.26738 -14.9945 -0.0435535 0.869735 -0.491456
146.762 3.22436 -13.2282 -0.0539365 0.895347 -0.442092
146.921 4.10962 -11.4409 -0.0463839 0.894665 -0.444324
147.028 5.02477 -9.6521 -0.0579848 0.885638 -0.460737
147.127 5.93689 -7.85818 -0.0907981 0.9069 -0.411441
147.194 6.74431 -5.94673 -0.0890795 0.932605 -0.349733
147.231 7.49452 -3.88355 -0.0799044 0.939388 -0.333415
147.267 8.18757 -1.8337 -0.065709 0.951032 -0.302027
147.279 8.80992 0.139807 -0.0660783 0.952187 -0.298283
147.336 9.35909 2.09008 -0.0720307 0.967638 -0.241831
147.292 9.81674 4.07485 -0.0613255 0.976208 -0.207869
147.211 10.1912 6.14761 -0.0676109 0.984246 -0.163364
147.03 10.5217 8.21656 -0.0673063 0.984351 -0.162857
146.966 10.8183 10.2763 -0.056114 0.994159 -0.0921904
146.836 10.9913 12.3828 -0.0464044 0.996375 -0.0711698
146.637 11.097 14.3747 -0.0424452 0.998327 -0.0392646
146.395 11.1423 16.4782 -0.0310613 0.999505 -0.00505906
146.163 11.1315 18.4839 -0.036317 0.999245 0.0137845
145.881 11.0592 20.4967 -0.0212213 0.998633 0.0477107
145.645 10.9381 22.5221 -0.0174915 0.997539 0.067903
145.213 10.7395 24.6084 -0.0230597 0.993778 0.108968
144.897 10.4849 26.6097 -0.0168504 0.990654 0.135333
144.532 10.1453 28.6053 -0.0107553 0.977184 0.212102
144.178 9.71503 30.5723 -0.021414 0.977249 0.21101
143.715 9.22213 32.6749 -0.0231286 0.96961 0.24356
143.214 8.72479 34.5871 -0.0215153 0.967394 0.25236
142.701 8.18469 36.5155 -0.0233222 0.953523 0.300415
142.226 7.55032 38.3503 -0.0263805 0.944722 0.326809
141.778 6.8567 40.1949 -0.0277277 0.92891 0.369213
141.192 6.06874 42.0361 -0.0316351 0.916345 0.399122
140.624 5.23188 43.8603 -0.0358528 0.90808 0.417258
140.099 4.33188 45.625 -0.0149128 0.884827 0.465681
139.53 3.36382 47.4661 -0.00328251 0.887931 0.459966
138.917 2.41208 49.2285 -0.0166344 0.871815 0.489553
137.976 1.50197 50.79 -0.00338541 0.855548 0.517713
135.956 1.43201 50.8383 -0.017842 0.861324 0.507741
133.932 1.37452 50.8624 -0.0181828 0.861166 0.507999
131.847 1.35938 50.8308 -0.0120567 0.859519 0.510961
129.664 1.35889 50.7996 0.00872969 0.856517 0.515953
127.545 1.3902 50.9114 0.051688 0.847383 0.528461
125.481 1.46234 51.0429 0.0515636 0.836681 0.544798
123.385 1.4836 51.0998 0.0165699 0.821693 0.56969
122.62 2.10687 50.2231 0.0165825 0.821689 0.569695
123.274 3.15274 48.6304 0.0720896 0.842939 0.533157
123.916 4.03719 46.9196 0.0867948 0.880807 0.465453
124.555 4.91236 45.2433 0.0543055 0.873394 0.483977
124.608 4.99224 45.0933 0.0543055 0.873391 0.483982
