64.2339 100.512 -21.9372 0.171794 0.635623 -0.75264
65.1021 99.0314 -23.0027 0.138129 0.643972 -0.752476
65.9327 97.5746 -24.0967 0.13628 0.640125 -0.756087
66.9404 96.0027 -25.1822 0.139377 0.614842 -0.776237
67.9448 94.5419 -26.1596 0.138888 0.615526 -0.775782
68.9757 92.9815 -27.167 0.134031 0.585895 -0.799227
69.913 91.4705 -28.1148 0.140015 0.589565 -0.795493
70.9015 89.9265 -29.0804 0.140611 0.587948 -0.796584
71.9035 88.3526 -30.0494 0.134912 0.578077 -0.804752
72.9391 86.7711 -31.0179 0.134382 0.580589 -0.803031
73.9888 85.2567 -31.9375 0.13438 0.580557 -0.803054
75.1192 83.6409 -32.8803 0.137478 0.552569 -0.822051
76.2038 82.167 -33.6922 0.126231 0.552973 -0.823581
77.274 80.6283 -34.5397 0.114714 0.519745 -0.846585
78.3858 79.1029 -35.3139 0.116586 0.513864 -0.849913
79.4851 77.5069 -36.116 0.121335 0.50645 -0.85369
80.5069 75.8967 -36.9249 0.122137 0.505605 -0.854076
81.7117 74.3031 -37.6982 0.122674 0.506512 -0.853461
82.9029 72.7065 -38.4754 0.122344 0.507619 -0.852851
84.0871 71.1231 -39.2412 0.11124 0.494187 -0.862198
85.2316 69.4863 -40.012 0.104266 0.478988 -0.871596
86.3053 67.8811 -40.7675 0.108347 0.48206 -0.869413
87.436 66.2528 -41.5292 0.10845 0.482014 -0.869426
88.5387 64.7136 -42.2325 0.114193 0.465613 -0.87759
89.7425 63.0661 -42.9551 0.10602 0.465089 -0.878892
90.959 61.4523 -43.6623 0.105808 0.464339 -0.879314
92.1924 59.8683 -44.3521 0.105009 0.46492 -0.879103
93.3702 58.2711 -45.0549 0.105764 0.464697 -0.879131
94.5423 56.6588 -45.7465 0.0999084 0.444242 -0.890317
95.7403 55.0185 -46.4284 0.0955412 0.442495 -0.891666
96.8779 53.4979 -47.0668 0.0862751 0.442416 -0.89265
98.058 51.8285 -47.7801 0.0862829 0.44242 -0.892648
99.2428 50.2742 -48.4358 0.0864176 0.441989 -0.892848
100.426 48.7212 -49.0715 0.0928606 0.433267 -0.896469
101.648 47.1636 -49.7097 0.084306 0.434971 -0.896489
102.843 45.4817 -50.4134 0.0843044 0.434972 -0.896489
103.965 43.791 -51.1283 0.0840804 0.435164 -0.896417
105.169 42.181 -51.8008 0.0841759 0.438413 -0.894823
106.339 40.618 -52.4569 0.0836678 0.438451 -0.894852
107.494 38.9474 -53.1693 0.0824265 0.439222 -0.894589
108.708 37.3114 -53.8607 0.0823567 0.43923 -0.894592
109.877 35.8105 -54.4901 0.0823892 0.439124 -0.894641
111.091 34.3179 -55.1099 0.0825987 0.438469 -0.894943
112.277 32.6882 -55.8104 0.067865 0.445067 -0.89292
113.494 31.0132 -56.5584 0.0654223 0.446313 -0.892482
114.611 29.4521 -57.2571 0.0654548 0.446133 -0.89257
115.717 27.8586 -57.9664 0.0664481 0.435414 -0.897775
116.861 26.2486 -58.6617 0.0567095 0.437786 -0.897285
117.97 24.7095 -59.4081 0.0140179 0.451083 -0.892372
119.06 23.1484 -60.18 0.0151937 0.45171 -0.892035
119.743 21.3965 -61.0583 0.015069 0.459142 -0.888224
119.76 19.6157 -62.0049 0.0159153 0.471385 -0.881784
119.331 17.7731 -62.9977 0.0211451 0.469927 -0.882452
118.835 16.0292 -63.938 0.0215371 0.469701 -0.882563
118.347 14.2842 -64.8786 0.0215032 0.469643 -0.882594
117.843 12.5732 -65.7995 0.021261 0.467814 -0.883571
117.321 10.8221 -66.74 0.0223494 0.468142 -0.88337
116.734 9.00415 -67.7179 0.0217895 0.465065 -0.885008
116.143 7.31119 -68.6142 0.0198653 0.46119 -0.887079
115.567 5.58873 -69.5259 0.0162012 0.466262 -0.884497
116.932 5.01207 -69.8094 0.01404 0.468794 -0.883196
119.084 5.00616 -69.7784 0.0136724 0.468831 -0.883182
121.12 4.98786 -69.7573 0.0138188 0.469156 -0.883007
123.128 4.99585 -69.7269 0.00724248 0.4728 -0.88114
125.243 4.96052 -69.7283 0.00942237 0.474562 -0.880172
127.086 5.44927 -69.4482 0.00478096 0.478036 -0.878327
127.556 7.18676 -68.5016 0.00738995 0.476837 -0.878961
128.091 9.04526 -67.4915 0.0112602 0.476341 -0.879185
128.651 10.7716 -66.5335 0.0206971 0.48333 -0.875193
129.156 12.4704 -65.5834 0.0206952 0.483352 -0.875182
129.608 14.1726 -64.6326 0.0207125 0.483314 -0.875202
130.079 15.8769 -63.6809 0.0216491 0.481433 -0.876215
130.507 17.6094 -62.7186 0.0451362 0.481558 -0.875251
130.799 19.4263 -61.7011 0.0476079 0.483075 -0.874284
129.733 21.0218 -60.8793 0.0488738 0.482845 -0.874341
128.548 22.6743 -60.0333 0.0491034 0.482346 -0.874603
127.502 24.2263 -59.2428 0.0462643 0.476061 -0.878194
126.431 25.7411 -58.4803 0.0475009 0.474323 -0.879068
125.257 27.341 -57.6838 0.0501089 0.47392 -0.879141
124.253 28.8903 -56.9059 0.0501114 0.473911 -0.879146
123.179 30.4516 -56.1259 0.0504797 0.473349 -0.879428
122.09 32.0266 -55.3411 0.0505347 0.473115 -0.87955
120.976 33.5737 -54.5762 0.0621275 0.466852 -0.882095
119.88 35.1707 -53.8519 0.08877 0.455952 -0.885566
118.735 36.8103 -53.1226 0.0888879 0.455726 -0.885671
117.597 38.3926 -52.4339 0.0930236 0.447363 -0.889501
116.475 39.9545 -51.7679 0.0937017 0.446236 -0.889996
115.304 41.5596 -51.087 0.0950105 0.442968 -0.891488
114.206 43.1204 -50.4411 0.0916517 0.430132 -0.898101
112.99 44.7879 -49.7666 0.0916478 0.430096 -0.898119
111.798 46.4076 -49.1126 0.0916498 0.430102 -0.898116
110.595 47.9755 -48.4845 0.0916286 0.430097 -0.898121
109.243 49.6209 -47.8299 0.0840228 0.431759 -0.898063
108.065 51.2158 -47.1644 0.079587 0.433709 -0.897531
106.877 52.7889 -46.5107 0.0794291 0.436361 -0.896259
105.709 54.3524 -45.8468 0.0785046 0.439342 -0.894883
104.58 55.9134 -45.1798 0.0795171 0.441255 -0.893852
103.478 57.5082 -44.4731 0.0767805 0.453197 -0.888098
102.339 59.0905 -43.763 0.0758799 0.451035 -0.889275
101.114 60.7256 -43.0352 0.0743825 0.449701 -0.890077
99.9463 62.3127 -42.3254 0.0743587 0.452057 -0.888884
98.8014 63.9314 -41.5912 0.0706433 0.454712 -0.887832
97.6023 65.5852 -40.8388 0.0698427 0.454492 -0.888009
96.4281 67.2343 -40.0866 0.0697415 0.454623 -0.887949
95.3368 68.7972 -39.3671 0.0677349 0.463231 -0.883645
94.1923 70.4145 -38.5547 0.0747368 0.490883 -0.868014
93.0849 71.9661 -37.7833 0.0808091 0.488014 -0.869087
91.9186 73.583 -36.9686 0.0863348 0.5028 -0.860081
90.8195 75.1188 -36.1689 0.0872999 0.509034 -0.856308
89.7346 76.6414 -35.3748 0.0886979 0.508466 -0.856501
88.6241 78.2371 -34.5417 0.0945719 0.5215 -0.847951
87.6173 79.7809 -33.6856 0.107409 0.537561 -0.836356
86.6064 81.3187 -32.8271 0.107105 0.537527 -0.836417
85.585 82.8805 -31.9265 0.0928497 0.55203 -0.828639
84.521 84.4992 -30.9634 0.0920391 0.553175 -0.827965
83.4406 86.0742 -30.0312 0.0920564 0.553216 -0.827936
82.3412 87.6569 -29.0952 0.0924146 0.556074 -0.825978
81.2527 89.1818 -28.1602 0.0829712 0.570926 -0.816798
80.2286 90.7201 -27.1902 0.0825495 0.570432 -0.817186
79.331 92.2473 -26.2152 0.082483 0.570432 -0.817193
78.4339 93.7394 -25.2271 0.0788176 0.619941 -0.780635
76.8568 94.743 -24.5688 0.0872366 0.629438 -0.772097
74.9194 95.6711 -24.1025 0.122492 0.618979 -0.775797
72.9901 96.6609 -23.6174 0.123007 0.619176 -0.775558
71.227 97.5171 -23.2108 0.114571 0.621075 -0.775332
69.3629 98.3297 -22.8385 0.118436 0.63705 -0.76167
67.5351 99.1632 -22.446 0.141826 0.642327 -0.753194
65.6432 99.9618 -22.1028 0.140345 0.645318 -0.750911
64.3255 100.602 -21.84 0.170232 0.636894 -0.751921
65.9435 102.756 -19.2726 0.182731 0.718105 -0.671496
64.1485 103.701 -18.7762 0.187746 0.711154 -0.677499
62.3944 104.636 -18.3003 0.191478 0.697448 -0.690581
60.6362 105.575 -17.8344 0.188412 0.697101 -0.691774
58.8216 106.518 -17.3597 0.180359 0.701362 -0.68961
56.9424 107.435 -16.8978 0.190414 0.719563 -0.66781
56.1662 107.329 -17.2264 0.185063 0.719545 -0.669334
57.0616 105.838 -18.5105 0.180164 0.699208 -0.691845
57.9252 104.348 -19.7867 0.179391 0.695894 -0.695378
58.8766 102.819 -21.0718 0.174225 0.696507 -0.696078
59.8967 101.285 -22.2663 0.170671 0.637776 -0.751074
60.9273 99.6685 -23.3885 0.170032 0.632684 -0.755513
61.8574 98.0738 -24.5175 0.169257 0.632797 -0.755592
62.7316 96.5075 -25.6368 0.171463 0.638659 -0.750144
63.6511 95.0344 -26.6413 0.169291 0.615816 -0.769475
64.6316 93.557 -27.5737 0.162281 0.583932 -0.795417
65.6372 92.061 -28.4782 0.151058 0.592045 -0.791621
66.596 90.5664 -29.4042 0.142667 0.58023 -0.80186
67.6263 88.9513 -30.3792 0.143407 0.576154 -0.804662
68.6825 87.2973 -31.3752 0.143407 0.576168 -0.804652
69.6697 85.7579 -32.3033 0.140774 0.576974 -0.804539
70.7033 84.217 -33.2338 0.133997 0.574031 -0.807795
71.8134 82.5764 -34.1459 0.131234 0.541956 -0.830097
72.9362 80.9574 -34.9981 0.131758 0.528862 -0.838418
73.9822 79.4075 -35.7963 0.128464 0.515216 -0.847378
75.1048 77.8211 -36.5743 0.127025 0.505919 -0.853177
76.1954 76.2855 -37.323 0.125762 0.506618 -0.852949
77.2519 74.7174 -38.1017 0.124501 0.507913 -0.852363
78.361 73.2012 -38.8304 0.111661 0.488846 -0.865194
79.4668 71.6334 -39.5606 0.112399 0.48266 -0.868566
80.5824 70.1048 -40.2655 0.112362 0.482554 -0.868629
81.7362 68.497 -41.0095 0.112371 0.48256 -0.868625
82.7946 66.9452 -41.7347 0.111921 0.48256 -0.868683
83.8723 65.3553 -42.4803 0.110192 0.483068 -0.868621
85.0308 63.7532 -43.2038 0.118114 0.460652 -0.879687
86.1954 62.1521 -43.8822 0.117972 0.458717 -0.880716
87.3084 60.6178 -44.5444 0.106599 0.464523 -0.879122
88.4345 59.0969 -45.2086 0.101581 0.454126 -0.885128
89.6151 57.5338 -45.8618 0.0991565 0.44151 -0.891761
90.7661 55.9474 -46.5193 0.0991478 0.441542 -0.891746
91.9774 54.2626 -47.2188 0.0991485 0.441539 -0.891747
93.1372 52.6558 -47.8854 0.0991498 0.441535 -0.891749
94.3639 51.0239 -48.5571 0.0991465 0.441538 -0.891748
95.5505 49.3766 -49.2422 0.0948459 0.443284 -0.891347
96.7126 47.8 -49.9066 0.0867659 0.441334 -0.893138
97.897 46.2808 -50.5143 0.100063 0.428525 -0.897972
99.0393 44.7249 -51.1395 0.0865628 0.433899 -0.896794
100.204 43.0678 -51.834 0.084632 0.437028 -0.895457
101.339 41.4709 -52.5093 0.0842085 0.438584 -0.894736
102.494 39.9126 -53.1644 0.0842177 0.438586 -0.894734
103.693 38.2674 -53.858 0.0842156 0.438591 -0.894732
104.782 36.7152 -54.5164 0.0840359 0.438781 -0.894656
105.931 35.1522 -55.1765 0.0823514 0.439229 -0.894593
107.157 33.5568 -55.8458 0.0826056 0.438466 -0.894944
108.345 32.0125 -56.4928 0.082604 0.438466 -0.894944
109.516 30.4443 -57.1531 0.0818094 0.438838 -0.894834
110.677 28.8723 -57.8355 0.0661764 0.445473 -0.892846
111.826 27.2654 -58.5404 0.0660976 0.432349 -0.899281
112.965 25.6727 -59.2195 0.0666071 0.431018 -0.899882
114.093 24.0909 -59.8937 0.0665973 0.431013 -0.899885
115.267 22.4529 -60.6022 0.0331739 0.439736 -0.89751
116.178 20.8224 -61.4054 0.011884 0.45914 -0.888284
115.959 19.0742 -62.3426 0.00980057 0.474739 -0.880072
115.436 17.2999 -63.312 0.0298085 0.475898 -0.87897
114.931 15.5331 -64.3121 0.0568237 0.482939 -0.873808
114.372 13.7915 -65.269 0.0333211 0.455886 -0.889414
113.789 11.9409 -66.2409 0.0287421 0.463093 -0.885841
113.259 10.239 -67.1525 0.0221091 0.467272 -0.883837
112.651 8.44746 -68.1022 0.0208346 0.461223 -0.88704
112.087 6.72199 -69.0185 0.0317623 0.462117 -0.886243
111.503 4.95229 -69.9702 0.0415028 0.459944 -0.886978
110.927 3.1631 -70.8777 0.0295261 0.439921 -0.897551
111.046 1.75517 -71.579 0.0173825 0.451632 -0.892035
113.185 1.73812 -71.5642 0.00504695 0.456991 -0.889457
115.362 1.71092 -71.5658 0.00511691 0.457061 -0.889421
117.544 1.72101 -71.5429 0.00789527 0.464403 -0.885589
119.55 1.71675 -71.5167 0.0119532 0.468216 -0.883533
121.603 1.73489 -71.4846 0.00728808 0.471507 -0.881832
123.67 1.70311 -71.4909 0.00212515 0.474688 -0.880152
125.831 1.70091 -71.487 0.0019211 0.476015 -0.879435
127.841 1.71127 -71.4761 0.0030915 0.476649 -0.879088
129.791 1.89172 -71.3719 0.00158145 0.477113 -0.878841
130.377 3.65027 -70.4154 0.00103792 0.477624 -0.878564
130.882 5.38045 -69.475 0.000181262 0.477492 -0.878636
131.378 7.11567 -68.5314 0.000108502 0.478694 -0.877981
131.893 8.84745 -67.5688 0.00648236 0.489051 -0.872231
132.397 10.578 -66.5981 0.00764024 0.485977 -0.873938
132.891 12.372 -65.5935 0.0167564 0.488204 -0.872568
133.362 14.073 -64.6205 0.0270671 0.493832 -0.869136
133.87 15.8069 -63.611 0.0312069 0.498217 -0.866491
134.337 17.6127 -62.5537 0.0327295 0.499621 -0.865626
134.799 19.4723 -61.4332 0.0579968 0.502947 -0.862358
133.975 21.096 -60.5706 0.0634502 0.487939 -0.870569
132.866 22.6921 -59.7684 0.0585213 0.477631 -0.876609
131.788 24.2058 -59.0151 0.0577002 0.477453 -0.876761
130.721 25.7814 -58.2272 0.0545566 0.475841 -0.877838
129.612 27.3362 -57.4499 0.0516604 0.475681 -0.8781
128.527 28.889 -56.6683 0.0462693 0.475051 -0.878741
127.466 30.4208 -55.8981 0.0490825 0.474044 -0.879132
126.36 32.0333 -55.0922 0.0505469 0.473125 -0.879544
125.205 33.6491 -54.2894 0.0505368 0.473117 -0.879549
124.1 35.2031 -53.517 0.0505387 0.473115 -0.87955
122.99 36.778 -52.7352 0.0559621 0.469173 -0.881315
121.866 38.3823 -52.0008 0.0906108 0.45313 -0.886825
120.741 39.9388 -51.3281 0.0926302 0.448179 -0.889132
119.573 41.5622 -50.6428 0.0909945 0.437254 -0.894722
118.334 43.2595 -49.9532 0.0916422 0.430115 -0.898111
117.129 44.9034 -49.289 0.0916552 0.430109 -0.898112
115.911 46.5623 -48.6188 0.0916445 0.430101 -0.898117
114.745 48.153 -47.976 0.0916438 0.430108 -0.898114
113.517 49.7514 -47.3358 0.0916417 0.430105 -0.898116
112.298 51.409 -46.6665 0.0916456 0.430108 -0.898114
111.147 52.9779 -46.0326 0.0916708 0.430375 -0.897983
109.959 54.5194 -45.4083 0.0779494 0.430438 -0.899248
108.824 56.0687 -44.7576 0.0717664 0.434016 -0.898042
107.73 57.604 -44.0867 0.0695339 0.448158 -0.891246
106.606 59.1296 -43.4056 0.0727367 0.451846 -0.889126
105.467 60.709 -42.6934 0.0725143 0.453329 -0.888389
104.257 62.3471 -41.9564 0.0725124 0.453323 -0.888392
103.081 63.9317 -41.2438 0.0725086 0.453325 -0.888391
101.97 65.4876 -40.5404 0.0725008 0.453319 -0.888395
100.85 67.0192 -39.8496 0.0713481 0.453422 -0.888436
99.7125 68.5986 -39.128 0.0671736 0.463035 -0.883791
98.6407 70.1315 -38.358 0.0708154 0.498634 -0.863915
97.4544 71.77 -37.5036 0.0739683 0.502931 -0.861155
96.351 73.3544 -36.6806 0.0762361 0.499835 -0.862759
95.2151 74.9462 -35.856 0.0774004 0.503006 -0.86081
94.1001 76.4923 -35.0532 0.0787867 0.503678 -0.860291
93.0201 78.0105 -34.2633 0.078801 0.50368 -0.860289
91.9249 79.5558 -33.4576 0.0776455 0.509513 -0.856946
90.8251 81.2047 -32.536 0.0616524 0.526684 -0.847822
89.7739 82.7727 -31.5989 0.0715853 0.559987 -0.825403
88.7667 84.2722 -30.6689 0.0715729 0.559922 -0.825448
87.7163 85.8044 -29.7353 0.0914616 0.552862 -0.828238
86.6249 87.4156 -28.7788 0.0927438 0.554303 -0.827132
85.5399 89.0042 -27.8292 0.0924716 0.55714 -0.825254
84.4524 90.5497 -26.8911 0.081345 0.56931 -0.818089
83.3685 92.1526 -25.8745 0.0817898 0.571297 -0.816658
82.4116 93.782 -24.7925 0.0762764 0.616016 -0.784032
81.4335 95.3473 -23.6152 0.0769274 0.631645 -0.771432
79.9534 96.5232 -22.7998 0.0768316 0.631759 -0.771348
78.0911 97.3703 -22.2925 0.0782824 0.631111 -0.771733
76.2977 98.2473 -21.8303 0.122563 0.617869 -0.77667
74.446 99.2388 -21.3585 0.127954 0.611436 -0.78088
72.6653 100.062 -20.9654 0.109398 0.622196 -0.77518
70.7273 100.865 -20.5268 0.114986 0.723302 -0.680891
68.8978 101.581 -20.0247 0.102113 0.743971 -0.660364
67.036 102.289 -19.5272 0.122367 0.74217 -0.658944
66.0164 102.722 -19.2893 0.179798 0.715732 -0.674814
69.2885 95.6351 -25.0551 0.135661 0.619928 -0.772842
71.3856 95.4636 -24.8408 0.127707 0.622801 -0.771887
72.1151 95.4053 -24.7673 0.127653 0.622676 -0.771997
71.0663 92.8003 -26.9612 0.128098 0.581428 -0.80345
73.1161 92.6401 -26.7504 0.12808 0.58146 -0.80343
75.1388 92.4853 -26.5452 0.120476 0.583084 -0.80343
77.159 92.3525 -26.3676 0.0935899 0.572418 -0.814603
78.8682 89.5016 -28.2164 0.110933 0.588373 -0.800944
76.8521 89.6348 -28.4029 0.113039 0.590115 -0.799366
74.73 89.7761 -28.5987 0.113028 0.590104 -0.799376
73.0082 89.8934 -28.7596 0.121298 0.588106 -0.799636
74.7798 87.0033 -30.5708 0.113061 0.568854 -0.81463
76.8541 86.87 -30.3793 0.111675 0.568086 -0.815357
79.0437 86.7297 -30.1759 0.114755 0.564645 -0.817317
81.0059 86.5951 -29.9786 0.122965 0.555328 -0.82249
83.0089 83.6594 -31.6923 0.0919515 0.55311 -0.828018
80.9229 83.7867 -31.8855 0.125002 0.55488 -0.822486
78.8744 83.9295 -32.1006 0.124983 0.554891 -0.822481
76.93 84.0655 -32.3039 0.12493 0.555139 -0.822322
79.1008 81.0941 -33.9766 0.124384 0.55367 -0.823395
81.1031 80.9582 -33.7652 0.125593 0.552056 -0.824294
83.1304 80.832 -33.5676 0.0977464 0.552268 -0.827917
84.9179 80.7366 -33.417 0.104618 0.538847 -0.835882
86.7815 77.756 -35.0429 0.0984735 0.505556 -0.857156
84.7899 77.8582 -35.2097 0.095796 0.503806 -0.858489
82.744 77.9668 -35.3857 0.111185 0.506306 -0.855156
81.2443 78.0613 -35.5393 0.120569 0.505568 -0.854321
83.4099 75.0027 -37.0469 0.10973 0.504406 -0.856466
85.4319 74.8991 -36.8731 0.0949178 0.503104 -0.858998
87.4349 74.8015 -36.7085 0.0938618 0.503869 -0.858665
88.9219 74.733 -36.5921 0.0868848 0.508363 -0.856748
91.0278 71.7034 -38.1232 0.0831323 0.490788 -0.867304
88.9179 71.8 -38.2925 0.0974943 0.501249 -0.859793
86.9111 71.8979 -38.463 0.0974803 0.501278 -0.859778
85.5996 71.9618 -38.5737 0.0967721 0.501687 -0.85962
87.7766 68.8988 -40.0527 0.0911295 0.471455 -0.877169
89.8431 68.8067 -39.8881 0.0908568 0.471198 -0.877335
91.848 68.7179 -39.7282 0.0909141 0.471099 -0.877383
93.1202 68.6615 -39.626 0.0834481 0.46999 -0.878718
95.267 65.5815 -41.0531 0.0917115 0.470477 -0.877634
93.2368 65.6697 -41.2181 0.0917257 0.470477 -0.877632
91.0832 65.7638 -41.3927 0.0916831 0.470508 -0.87762
90.0346 65.8097 -41.4775 0.0915694 0.470955 -0.877392
92.4042 62.6998 -42.8545 0.0873513 0.453306 -0.887064
94.4494 62.6165 -42.6957 0.0873657 0.453349 -0.887041
96.4952 62.5334 -42.5366 0.0873849 0.454138 -0.886635
97.6449 62.4869 -42.4471 0.0869932 0.454395 -0.886543
99.8123 59.3913 -43.8354 0.08041 0.456255 -0.886209
97.7584 59.4668 -43.9836 0.0834102 0.455392 -0.886375
95.5716 59.5524 -44.1511 0.0873392 0.453314 -0.887062
94.608 59.5911 -44.2265 0.0873079 0.453548 -0.886945
96.8887 56.4811 -45.59 0.0816413 0.442766 -0.892912
98.8827 56.4086 -45.4461 0.0797688 0.445555 -0.891694
100.996 56.3324 -45.2942 0.0797968 0.446224 -0.891357
102.117 56.2921 -45.2135 0.0802199 0.446608 -0.891126
104.279 53.1739 -46.5508 0.0785031 0.439344 -0.894882
102.27 53.2443 -46.6938 0.0800159 0.4385 -0.895162
100.232 53.317 -46.8409 0.0802819 0.43843 -0.895172
99.187 53.3549 -46.9173 0.082004 0.440389 -0.894054
101.498 50.2273 -48.2382 0.0846277 0.435568 -0.896169
103.496 50.1548 -48.0904 0.0814899 0.433058 -0.897675
105.724 50.0748 -47.9266 0.0815226 0.433009 -0.897696
106.547 50.0454 -47.8661 0.0815274 0.433001 -0.897699
109.119 46.9004 -49.1485 0.0889048 0.430835 -0.898041
106.956 46.9783 -49.3083 0.0815187 0.432993 -0.897704
104.92 47.0514 -49.4584 0.0825563 0.433686 -0.897274
103.904 47.0884 -49.5344 0.0834388 0.434101 -0.896992
106.073 43.9589 -50.8485 0.0842711 0.435037 -0.896461
108.199 43.8803 -50.6877 0.0845569 0.43199 -0.897906
110.289 43.7968 -50.5168 0.0917017 0.430118 -0.898103
111.499 43.7479 -50.4168 0.0915299 0.430083 -0.898137
113.772 40.6125 -51.7225 0.0936108 0.446157 -0.890045
111.621 40.7022 -51.9041 0.0936737 0.446199 -0.890018
109.607 40.7842 -52.0707 0.0869246 0.442452 -0.89257
108.486 40.8259 -52.1557 0.082383 0.43925 -0.894579
110.68 37.7042 -53.4863 0.082358 0.439234 -0.89459
112.81 37.6229 -53.3223 0.0931214 0.445416 -0.890468
114.829 37.5384 -53.1528 0.0936144 0.446707 -0.889769
115.902 37.4933 -53.0631 0.0920967 0.447344 -0.889608
118.253 34.3829 -54.4206 0.088769 0.455955 -0.885565
116.217 34.4653 -54.5823 0.0887856 0.45596 -0.885561
114.068 34.5476 -54.7456 0.0786234 0.449084 -0.890023
113.123 34.577 -54.8045 0.0710803 0.44497 -0.89272
115.415 31.4804 -56.1822 0.0711709 0.444879 -0.892758
117.471 31.4046 -56.0325 0.0887737 0.455964 -0.88556
119.47 31.3262 -55.8796 0.0738424 0.466431 -0.88147
120.457 31.2991 -55.8268 0.053101 0.472451 -0.879756
122.428 28.2745 -57.3418 0.0501159 0.473911 -0.879145
120.423 28.3208 -57.4311 0.050202 0.473842 -0.879178
118.344 28.3693 -57.5262 0.0529024 0.464298 -0.884098
117.557 28.3909 -57.5691 0.0628205 0.4511 -0.89026
119.748 25.3437 -59.0345 0.0396861 0.458986 -0.887557
121.879 25.304 -58.9574 0.0407496 0.45896 -0.887522
123.888 25.2631 -58.8793 0.0462431 0.471513 -0.880646
124.373 25.2524 -58.8589 0.0482555 0.471296 -0.880654
126.718 22.2283 -60.371 0.03228 0.478986 -0.877229
124.608 22.2591 -60.4287 0.0319704 0.472289 -0.880864
122.449 22.2931 -60.493 0.0364552 0.467924 -0.883017
121.505 22.3095 -60.5243 0.0397015 0.46122 -0.886397
121.577 19.3264 -62.1105 0.0312273 0.471926 -0.881085
123.681 19.2949 -62.0513 0.0318412 0.472243 -0.880893
125.72 19.2654 -61.9964 0.0288799 0.472787 -0.880704
127.814 19.2365 -61.9432 0.0293223 0.473078 -0.880532
128.77 19.2221 -61.9171 0.0351485 0.474452 -0.87958
128.21 16.2542 -63.5314 0.0289346 0.473524 -0.880305
126.14 16.2829 -63.5839 0.0289034 0.472799 -0.880696
124.122 16.3111 -63.6358 0.0299974 0.472541 -0.880798
122.052 16.3409 -63.6913 0.0261272 0.469689 -0.882445
120.851 16.3541 -63.7159 0.0215302 0.4697 -0.882563
119.991 13.3809 -65.3191 0.0217837 0.469346 -0.882746
122.029 13.3602 -65.2804 0.0215536 0.469226 -0.882815
124.196 13.3344 -65.2325 0.0246775 0.475561 -0.879336
126.26 13.3113 -65.19 0.0214888 0.483181 -0.875257
127.415 13.2994 -65.1682 0.021486 0.483179 -0.875258
126.452 10.3502 -66.8143 0.0139028 0.475327 -0.8797
124.312 10.3633 -66.8386 0.0124614 0.472152 -0.881429
122.299 10.3765 -66.863 0.0148717 0.472043 -0.88145
120.262 10.3937 -66.8952 0.0211538 0.46811 -0.883417
119.18 10.4045 -66.9156 0.0213267 0.467849 -0.883551
118.161 7.42726 -68.5102 0.0175321 0.466278 -0.884465
120.311 7.4123 -68.4818 0.0142165 0.469847 -0.882633
122.34 7.39894 -68.4567 0.014068 0.470297 -0.882396
124.395 7.38618 -68.4329 0.0116889 0.472991 -0.88099
125.5 7.38014 -68.4216 0.0114531 0.47414 -0.880375
125.596 7.37962 -68.4207 0.0114825 0.474141 -0.880374
