-140.723 6.17314 21.7402 -0.854934 0.518722 -0.00383956
-140.72 6.15743 19.6361 -0.855531 0.517719 -0.00584355
-140.679 6.191 17.6372 -0.856502 0.516008 -0.0118141
-140.665 6.15693 15.6161 -0.857064 0.514923 -0.017157
-140.619 6.16277 13.5246 -0.856594 0.515597 -0.0201905
-140.552 6.18603 11.451 -0.856454 0.515711 -0.0229879
-140.509 6.16799 9.3907 -0.856409 0.515753 -0.0237241
-140.448 6.16872 7.3889 -0.855488 0.517138 -0.0266101
-140.389 6.161 5.36551 -0.855062 0.517826 -0.0269308
-140.288 6.19643 3.15177 -0.85533 0.516968 -0.0339849
-140.21 6.19107 1.07739 -0.856302 0.515385 -0.0335626
-140.104 6.23254 -1.04178 -0.857152 0.513874 -0.0349734
-140.03 6.19777 -3.05426 -0.858314 0.511377 -0.0423263
-139.95 6.16577 -5.05569 -0.858314 0.511375 -0.042336
-139.884 6.10552 -7.07032 -0.859022 0.509819 -0.0465446
-139.751 6.13341 -9.18566 -0.858826 0.510025 -0.0478812
-139.56 6.25151 -11.3272 -0.859074 0.509349 -0.050545
-139.418 6.26375 -13.4394 -0.85954 0.507913 -0.0566953
-139.276 6.25699 -15.632 -0.858881 0.508952 -0.0573651
-139.131 6.2431 -17.7941 -0.85775 0.51009 -0.0638297
-139.008 6.19646 -19.8259 -0.858026 0.509541 -0.0644972
-138.849 6.18164 -21.9174 -0.857246 0.509925 -0.071451
-138.654 6.21684 -24.0047 -0.857024 0.510221 -0.0720039
-138.488 6.19598 -26.0673 -0.857305 0.509231 -0.0755837
-138.321 6.1693 -28.1392 -0.857301 0.509219 -0.0757011
-138.144 6.1587 -30.2075 -0.857256 0.509304 -0.0756446
-137.929 6.20044 -32.3195 -0.854742 0.512529 -0.0820095
-137.737 6.15423 -34.5139 -0.852595 0.51561 -0.0850206
-137.518 6.18124 -36.5392 -0.85189 0.516543 -0.0864073
-137.239 6.27732 -38.6162 -0.850738 0.517702 -0.0907154
-137.004 6.3098 -40.6156 -0.849833 0.518788 -0.0929692
-136.8 6.27052 -42.6686 -0.849064 0.519747 -0.0946231
-136.59 6.22518 -44.7804 -0.848645 0.519547 -0.0993593
-136.345 6.1803 -46.9287 -0.84406 0.524174 -0.113151
-136.074 6.16484 -48.9866 -0.843774 0.524036 -0.115898
-135.799 6.15143 -51.0443 -0.843971 0.523573 -0.116553
-135.493 6.18635 -53.0267 -0.841477 0.525875 -0.123986
-135.052 6.42554 -55.0157 -0.840095 0.527873 -0.124862
-134.324 7.14489 -56.7937 -0.837844 0.529816 -0.131577
-133.509 7.98258 -58.5916 -0.83744 0.528996 -0.137321
-132.732 8.77463 -60.2594 -0.837124 0.528914 -0.139547
-131.894 9.62478 -61.992 -0.83428 0.531726 -0.145756
-131.019 10.4887 -63.7863 -0.830444 0.535444 -0.153824
-130.118 11.3931 -65.5019 -0.830062 0.536014 -0.153902
-129.262 12.237 -67.1209 -0.826913 0.537626 -0.164846
-128.332 13.1488 -68.7687 -0.825811 0.538003 -0.169081
-127.427 14.0243 -70.4233 -0.828867 0.533065 -0.169765
-126.499 14.9055 -72.118 -0.821675 0.539155 -0.184831
-125.568 15.7919 -73.6593 -0.821395 0.539061 -0.186343
-124.589 16.7285 -75.2693 -0.821928 0.538235 -0.18638
-123.603 17.6643 -76.8679 -0.817837 0.537406 -0.205762
-122.606 18.6009 -78.369 -0.816786 0.538172 -0.207922
-121.623 19.4895 -79.9298 -0.815951 0.538876 -0.209373
-120.565 20.4741 -81.4926 -0.815023 0.538755 -0.213262
-119.481 21.508 -83.0254 -0.814993 0.538729 -0.213445
-118.718 22.8839 -82.4753 -0.815555 0.53698 -0.215692
-118.126 24.3232 -81.1092 -0.81219 0.541491 -0.217106
-117.529 25.8098 -79.7497 -0.818806 0.526981 -0.227699
-116.98 27.2392 -78.4068 -0.819394 0.527202 -0.225057
-116.386 28.7649 -76.9932 -0.820295 0.526818 -0.222663
-115.849 30.192 -75.5898 -0.824774 0.524319 -0.211749
-115.362 31.5435 -74.1463 -0.828103 0.521936 -0.204515
-114.849 32.8925 -72.7416 -0.830689 0.521064 -0.19608
-114.315 34.3452 -71.2095 -0.831962 0.51672 -0.202087
-113.824 35.689 -69.7939 -0.831971 0.516724 -0.202044
-113.313 37.096 -68.3031 -0.833621 0.514285 -0.201461
-112.797 38.5022 -66.8339 -0.836904 0.510921 -0.196321
-112.199 40.0001 -65.3739 -0.847649 0.503709 -0.166638
-111.567 41.4738 -64.0983 -0.85098 0.501381 -0.156365
-110.954 42.9119 -62.8349 -0.849858 0.502485 -0.158905
-110.307 44.4126 -61.5507 -0.852513 0.499352 -0.154494
-109.674 45.916 -60.1977 -0.851295 0.500528 -0.157365
-109.048 47.427 -58.7595 -0.852565 0.500197 -0.151446
-108.509 48.764 -57.3461 -0.852514 0.501286 -0.148094
-107.934 50.1386 -55.9453 -0.852048 0.506162 -0.133473
-107.268 51.601 -54.5681 -0.849897 0.510752 -0.129642
-106.599 53.0472 -53.2295 -0.848685 0.513236 -0.127756
-105.933 54.474 -51.9207 -0.848696 0.513217 -0.127762
-105.262 55.9049 -50.6318 -0.848683 0.513235 -0.127777
-104.591 57.3514 -49.2759 -0.848727 0.513392 -0.126848
-103.9 58.8213 -47.9191 -0.850896 0.511551 -0.119544
-103.192 60.3161 -46.5773 -0.852849 0.508777 -0.117448
-102.541 61.7071 -45.2773 -0.85284 0.508801 -0.117415
-101.849 63.1841 -43.9055 -0.852831 0.508815 -0.117416
-101.174 64.6183 -42.5914 -0.852837 0.508806 -0.11741
-100.506 66.0206 -41.3265 -0.852724 0.511318 -0.106781
-99.8254 67.4097 -40.0136 -0.851886 0.51426 -0.0991354
-99.112 68.8625 -38.6082 -0.851979 0.514119 -0.0990634
-98.4749 70.1923 -37.184 -0.851978 0.514147 -0.0989279
-97.8795 71.465 -35.7134 -0.853031 0.512161 -0.100144
-97.2797 72.7544 -34.231 -0.853345 0.511728 -0.0996832
-96.6754 74.027 -32.8045 -0.852435 0.514289 -0.0941283
-96.0714 75.3018 -31.3099 -0.852361 0.514423 -0.0940749
-95.4413 76.5985 -29.8858 -0.853979 0.513866 -0.0816158
-94.7269 78.0166 -28.3885 -0.854934 0.513295 -0.0749462
-94.022 79.3775 -27.0723 -0.855165 0.51314 -0.0733432
-93.3447 80.7143 -25.6221 -0.855861 0.512164 -0.0720326
-92.6991 81.9955 -24.1978 -0.856649 0.511043 -0.0706248
-92.1686 83.0999 -22.6073 -0.855336 0.513721 -0.0670106
-91.6612 84.155 -20.9714 -0.85567 0.51338 -0.0653466
-91.1423 85.2265 -19.3547 -0.855596 0.513369 -0.0663878
-90.5827 86.357 -17.7545 -0.855582 0.514549 -0.0567089
-90.0193 87.463 -16.0749 -0.85705 0.512862 -0.049371
-89.4721 88.5278 -14.4551 -0.855022 0.516089 -0.0508794
-88.9213 89.5922 -12.7105 -0.855714 0.51563 -0.043354
-88.5969 90.2907 -10.8251 -0.856581 0.514477 -0.0397885
-88.2573 90.9792 -8.8107 -0.853526 0.520124 -0.0310474
-87.8932 91.6926 -6.86371 -0.853596 0.520042 -0.0305111
-87.5275 92.3996 -4.99808 -0.85416 0.519276 -0.0276195
-87.455 92.6052 -2.96399 -0.85165 0.523778 -0.0187079
-87.5377 92.5462 -0.853924 -0.851914 0.52337 -0.0180395
-87.5774 92.5376 1.24254 -0.85396 0.520298 -0.00655537
-87.8587 92.0973 3.15451 -0.854322 0.519712 -0.00583256
-88.3075 91.3888 4.97197 -0.851692 0.52397 -0.00870932
-88.7821 90.6277 6.88422 -0.850829 0.525399 0.00666445
-89.2386 89.8609 8.70562 -0.850789 0.525447 0.00796499
-89.7602 88.9895 10.5074 -0.850602 0.525753 0.00776266
-90.4895 87.7884 11.9915 -0.850733 0.525524 0.00886478
-91.298 86.454 13.4394 -0.850127 0.52645 0.0115874
-92.044 85.2184 14.8293 -0.849987 0.526665 0.0120549
-92.8103 83.9489 16.2654 -0.84991 0.526787 0.0121884
-93.5336 82.7481 17.757 -0.849333 0.52769 0.013281
-94.246 81.5563 19.1998 -0.850206 0.52621 0.0159088
-94.9967 80.293 20.6368 -0.849524 0.527217 0.0187474
-95.773 78.9902 21.9721 -0.849281 0.527546 0.0204168
-96.6343 77.555 23.1859 -0.849216 0.527616 0.0212907
-97.5211 76.0764 24.4431 -0.84927 0.527506 0.021867
-98.3585 74.6726 25.6379 -0.850733 0.52494 0.0262973
-99.2077 73.2337 26.864 -0.850324 0.525553 0.0272729
-100.088 71.7447 28.1354 -0.850437 0.525331 0.0279932
-100.902 70.3492 29.3861 -0.851188 0.523893 0.031866
-101.768 68.8676 30.6208 -0.851203 0.523869 0.0318512
-102.625 67.4028 31.8378 -0.850187 0.525513 0.0319066
-103.421 66.0182 33.1241 -0.852089 0.522072 0.0372084
-104.209 64.6415 34.4031 -0.852054 0.522067 0.0380694
-105.025 63.2167 35.6656 -0.851854 0.522348 0.0386947
-105.831 61.7859 37.0265 -0.851566 0.522018 0.0482891
-106.629 60.3628 38.2988 -0.851361 0.522214 0.0497594
-107.453 58.9114 39.4523 -0.85055 0.523428 0.0508828
-108.35 57.3428 40.5987 -0.850382 0.52364 0.0514952
-109.218 55.8232 41.7034 -0.852569 0.52007 0.0515095
-110.08 54.285 42.8625 -0.8546 0.516695 0.051822
-110.87 52.8522 44.0573 -0.854932 0.515624 0.0567707
-111.705 51.3232 45.3189 -0.855344 0.514769 0.0582983
-112.498 49.8756 46.4719 -0.854999 0.515345 0.0582685
-113.294 48.4137 47.7641 -0.851695 0.520436 0.0613355
-114.124 46.9044 49.0634 -0.84748 0.525389 0.0757906
-114.88 45.4868 50.2846 -0.849238 0.521558 0.0822882
-115.686 43.9758 51.5582 -0.849464 0.521317 0.0814775
-116.451 42.5313 52.8244 -0.848013 0.523246 0.0841839
-117.273 40.9868 54.1272 -0.847789 0.523386 0.0855629
-118.088 39.462 55.3515 -0.848038 0.522587 0.0879481
-118.893 37.9764 56.5731 -0.840326 0.534355 0.0911986
-119.686 36.5189 57.8077 -0.839923 0.535111 0.0904734
-120.521 35.0019 59.0733 -0.837535 0.539097 0.0889348
-121.328 33.5565 60.2587 -0.837657 0.538598 0.0907865
-122.132 32.113 61.3856 -0.838281 0.537553 0.0912227
-122.915 30.6657 62.6692 -0.839215 0.535181 0.0964337
-123.862 29.0183 63.5678 -0.838274 0.536484 0.0973669
-124.858 27.3569 64.1388 -0.837766 0.536172 0.103281
-125.869 25.6666 64.7117 -0.837536 0.53595 0.106255
-126.863 24.0106 65.245 -0.83713 0.536792 0.1052
-127.953 22.1832 65.8709 -0.836443 0.536617 0.111334
-128.947 20.5123 66.4147 -0.835525 0.533923 0.129686
-129.922 19.2291 65.4433 -0.829476 0.548083 0.107588
-130.761 18.2675 63.7591 -0.829929 0.548716 0.100628
-131.567 17.3364 62.1582 -0.829804 0.549772 0.0957778
-132.353 16.4359 60.4182 -0.832585 0.546762 0.0886146
-133.15 15.4972 58.7267 -0.831824 0.548161 0.0871068
-133.914 14.5803 57.0956 -0.837247 0.541402 0.0768168
-134.712 13.5953 55.2838 -0.837009 0.54242 0.0720876
-135.401 12.7693 53.4646 -0.838864 0.539571 0.0719069
-136.118 11.877 51.7777 -0.839651 0.538615 0.0698591
-136.868 10.9286 49.9141 -0.842116 0.535359 0.0650498
-137.542 10.0697 48.1759 -0.84348 0.534037 0.0578426
-138.207 9.21457 46.3168 -0.843277 0.534767 0.0539294
-138.775 8.47202 44.5279 -0.845311 0.532585 0.0424514
-139.381 7.65665 42.6342 -0.844406 0.534005 0.0426231
-139.972 6.85522 40.8512 -0.84468 0.534115 0.0351664
-140.471 6.17641 39.0086 -0.846846 0.531099 0.0280075
-140.601 6.07776 36.8902 -0.847298 0.530439 0.0268662
-140.631 6.12225 34.8624 -0.848675 0.528455 0.0220592
-140.668 6.14172 32.8395 -0.848752 0.528534 0.0164681
-140.662 6.20105 30.7317 -0.85052 0.525822 0.011297
-140.683 6.20325 28.7201 -0.852249 0.523117 0.00453752
-140.673 6.23115 26.6301 -0.853036 0.521829 0.00491308
-140.699 6.2143 24.5927 -0.853906 0.520414 0.00365734
-140.714 6.19138 22.4177 -0.854985 0.518648 -0.00202314
-140.717 6.18429 21.9685 -0.85499 0.518634 -0.00316645
-143.199 2.0966 22.0802 -0.854302 0.519758 -0.00443239
-143.181 2.09695 20.0244 -0.85635 0.516292 -0.0104039
-143.161 2.08799 18.0248 -0.856491 0.516015 -0.0122612
-143.122 2.0907 15.7946 -0.855458 0.517672 -0.0143718
-143.086 2.09546 13.7648 -0.854873 0.518589 -0.0160384
-143.021 2.12683 11.7488 -0.8546 0.518819 -0.0220619
-142.98 2.10215 9.74877 -0.855741 0.516832 -0.0243054
-142.914 2.11103 7.6844 -0.856126 0.516052 -0.027187
-142.861 2.0837 5.5687 -0.85652 0.515309 -0.028794
-142.767 2.12088 3.52411 -0.85663 0.514952 -0.0317734
-142.688 2.11277 1.48458 -0.856165 0.515362 -0.037174
-142.579 2.14826 -0.513859 -0.856461 0.51476 -0.0386855
-142.493 2.12734 -2.51708 -0.856399 0.514467 -0.0436386
-142.402 2.10821 -4.53881 -0.856952 0.513584 -0.0431821
-142.314 2.08397 -6.60928 -0.857357 0.512869 -0.0436439
-142.214 2.06544 -8.65523 -0.857648 0.51194 -0.0485475
-142.042 2.14026 -10.8056 -0.858108 0.510505 -0.0551033
-141.891 2.15346 -12.9762 -0.857805 0.510864 -0.0564631
-141.762 2.14107 -15.0529 -0.857935 0.510667 -0.0562768
-141.636 2.11037 -17.2038 -0.858109 0.509849 -0.0608486
-141.479 2.12152 -19.2239 -0.856551 0.512065 -0.0641157
-141.314 2.11771 -21.3906 -0.856378 0.511766 -0.068644
-141.148 2.09768 -23.5404 -0.856668 0.510877 -0.0715883
-140.95 2.10978 -25.7528 -0.85626 0.511042 -0.0751947
-140.778 2.10383 -27.7799 -0.855579 0.512431 -0.073477
-140.611 2.09572 -29.8236 -0.854562 0.514389 -0.0716033
-140.447 2.09055 -31.8192 -0.854258 0.514882 -0.071696
-140.268 2.08554 -33.8259 -0.85301 0.515324 -0.0825539
-140.061 2.07885 -36.0191 -0.852033 0.516957 -0.0824343
-139.835 2.11583 -38.0646 -0.849983 0.519442 -0.0878001
-139.582 2.18504 -40.0583 -0.849821 0.519197 -0.0907659
-139.361 2.17539 -42.1505 -0.849126 0.519909 -0.0931663
-139.144 2.16132 -44.1874 -0.849651 0.518671 -0.0952618
-138.928 2.14387 -46.1816 -0.848397 0.520299 -0.0975297
-138.704 2.11387 -48.1941 -0.843814 0.524956 -0.11134
-138.449 2.07457 -50.2357 -0.842695 0.525512 -0.117058
-138.15 2.09214 -52.2903 -0.843341 0.524045 -0.118965
-137.849 2.10452 -54.3669 -0.843232 0.524184 -0.119123
-137.446 2.30011 -56.3429 -0.841556 0.526455 -0.12095
-136.698 3.04922 -58.1811 -0.837317 0.530177 -0.133464
-135.92 3.83069 -59.908 -0.837101 0.529214 -0.138543
-135.138 4.61826 -61.6169 -0.836785 0.529872 -0.137938
-134.349 5.41511 -63.3371 -0.834459 0.534136 -0.135565
-133.539 6.23526 -65.0625 -0.831791 0.53607 -0.144057
-132.677 7.09823 -66.713 -0.827948 0.539454 -0.153269
-131.818 7.9423 -68.3416 -0.826739 0.539441 -0.159707
-130.961 8.76661 -69.9733 -0.824312 0.542666 -0.161317
-130.041 9.68927 -71.5769 -0.822253 0.544907 -0.164246
-129.168 10.5063 -73.181 -0.820604 0.545729 -0.169675
-128.264 11.3623 -74.787 -0.819932 0.545061 -0.174985
-127.328 12.2663 -76.3164 -0.817039 0.546747 -0.183072
-126.383 13.1549 -77.8846 -0.81819 0.54502 -0.183083
-125.384 14.076 -79.4898 -0.808953 0.553158 -0.199025
-124.362 15.0272 -80.9724 -0.807523 0.554263 -0.201739
-123.395 15.877 -82.5085 -0.807341 0.554392 -0.202114
-122.311 16.872 -84.1125 -0.807189 0.55484 -0.201493
-121.266 17.8268 -85.5693 -0.798579 0.558869 -0.22343
-120.166 18.7541 -87.0654 -0.793506 0.560136 -0.23789
-119.096 19.6775 -88.5243 -0.807818 0.536331 -0.244488
-118.044 20.6142 -89.9527 -0.810752 0.530832 -0.246777
-117.466 22.0875 -88.711 -0.812574 0.527034 -0.248913
-116.898 23.6299 -87.2955 -0.812235 0.528083 -0.247796
-116.291 25.1548 -85.9202 -0.812939 0.541272 -0.214801
-115.69 26.6064 -84.5207 -0.814863 0.535792 -0.221193
-115.121 28.0615 -83.192 -0.819003 0.526055 -0.229129
-114.568 29.5094 -81.8418 -0.818913 0.52649 -0.228452
-113.998 30.9564 -80.5345 -0.818982 0.52737 -0.226161
-113.441 32.4823 -79.0171 -0.827358 0.51428 -0.22582
-112.976 33.8969 -77.5582 -0.837992 0.498259 -0.222501
-112.474 35.3757 -76.1376 -0.838027 0.498227 -0.222443
-112.025 36.7308 -74.7162 -0.837089 0.507955 -0.203138
-111.556 38.0816 -73.2733 -0.839618 0.5042 -0.202047
-111.09 39.4654 -71.8012 -0.844005 0.496872 -0.201925
-110.596 40.8876 -70.3643 -0.848906 0.490678 -0.196454
-110.049 42.3625 -68.9449 -0.846696 0.499922 -0.182164
-109.438 43.8666 -67.6929 -0.846993 0.499101 -0.183033
-108.856 45.3306 -66.4117 -0.847023 0.498505 -0.184512
-108.237 46.8526 -65.0974 -0.847353 0.503317 -0.169308
-107.603 48.3647 -63.7563 -0.853335 0.498114 -0.153951
-107.006 49.8086 -62.385 -0.853076 0.498917 -0.152783
-106.459 51.1731 -60.9779 -0.852963 0.499208 -0.152466
-105.897 52.5744 -59.5275 -0.853045 0.499823 -0.149971
-105.295 53.9674 -58.181 -0.849695 0.510723 -0.13107
-104.613 55.4247 -56.8733 -0.848768 0.513093 -0.127778
-103.901 56.9568 -55.4585 -0.849928 0.511311 -0.127216
-103.244 58.3681 -54.1795 -0.850344 0.51067 -0.127008
-102.597 59.7703 -52.8753 -0.850347 0.510662 -0.127016
-101.929 61.2031 -51.5848 -0.850342 0.510676 -0.126998
-101.254 62.6619 -50.242 -0.850342 0.510675 -0.127003
-100.573 64.1363 -48.8716 -0.850341 0.510676 -0.127001
-99.8947 65.5992 -47.532 -0.850344 0.51067 -0.127011
-99.2249 67.04 -46.2183 -0.850594 0.510618 -0.125536
-98.5425 68.4952 -44.9015 -0.85166 0.510191 -0.11992
-97.8612 69.9501 -43.5441 -0.852549 0.509693 -0.115644
-97.1929 71.3365 -42.2653 -0.852208 0.513532 -0.100134
-96.5756 72.6345 -40.8551 -0.852645 0.512912 -0.0995918
-95.9545 73.9735 -39.3032 -0.854467 0.509909 -0.0993916
-95.3375 75.3031 -37.8024 -0.856407 0.506651 -0.0993594
-94.7062 76.6763 -36.2379 -0.856959 0.505956 -0.0981353
-94.0745 78.0399 -34.6873 -0.857205 0.506745 -0.0916896
-93.4732 79.3126 -33.2478 -0.857265 0.507223 -0.0884395
-92.7906 80.711 -31.7926 -0.855676 0.510189 -0.0867507
-92.1178 82.069 -30.4425 -0.855668 0.510203 -0.0867538
-91.458 83.4181 -28.99 -0.857507 0.508473 -0.0782984
-90.7987 84.7289 -27.5653 -0.857647 0.509417 -0.0702589
-90.2103 85.9444 -25.9306 -0.857333 0.510009 -0.0697858
-89.6881 87.0431 -24.2148 -0.85643 0.512189 -0.0647241
-89.1551 88.1382 -22.5981 -0.856326 0.512371 -0.0646742
-88.6205 89.2326 -21.0063 -0.85634 0.512347 -0.0646672
-88.0725 90.36 -19.3311 -0.85634 0.512346 -0.0646888
-87.5382 91.4662 -17.6301 -0.854738 0.515013 -0.0646891
-86.9657 92.5891 -16.0284 -0.858865 0.510427 -0.0426124
-86.5305 93.4725 -14.2189 -0.857464 0.51283 -0.0419432
-86.2079 94.1331 -12.3213 -0.855141 0.517307 -0.0335808
-85.8565 94.8395 -10.3631 -0.859053 0.510809 -0.033187
-85.5142 95.5435 -8.42312 -0.85819 0.512297 -0.0325525
-85.109 96.3261 -6.4118 -0.855409 0.517283 -0.0263436
-84.9537 96.6688 -4.44928 -0.854944 0.518393 -0.0184137
-85.005 96.6492 -2.41333 -0.854501 0.519204 -0.0159121
-85.0579 96.6233 -0.400826 -0.855539 0.517529 -0.0147
-85.1162 96.5831 1.72064 -0.854613 0.519141 -0.0113884
-85.2362 96.4243 3.74152 -0.855287 0.518123 -0.00481053
-85.7215 95.6307 5.64036 -0.853916 0.520406 0.00171887
-86.1931 94.8339 7.54897 -0.853842 0.520454 0.00901474
-86.6354 94.0765 9.3866 -0.853814 0.520499 0.00903396
-87.1033 93.2812 11.3089 -0.851299 0.524609 0.00866011
-87.5785 92.4835 13.0883 -0.851241 0.524697 0.00904985
-88.2992 91.2801 14.5929 -0.851909 0.523561 0.011609
-89.0493 90.0274 16.1028 -0.850178 0.526343 0.0126733
-89.817 88.7526 17.4399 -0.850505 0.525796 0.0134041
-90.6171 87.4095 18.9476 -0.852634 0.522261 0.0160926
-91.3567 86.1646 20.3996 -0.850051 0.52642 0.0171576
-92.1362 84.8621 21.9531 -0.849335 0.527539 0.0181966
-92.8942 83.5819 23.4474 -0.850317 0.52589 0.0200192
-93.6387 82.316 24.956 -0.850146 0.526053 0.0227825
-94.4809 80.8997 26.2455 -0.849777 0.526674 0.0221896
-95.3233 79.4894 27.4268 -0.849267 0.527352 0.02542
-96.1662 78.0633 28.6276 -0.849524 0.526608 0.0315021
-97.0244 76.6048 29.8528 -0.849686 0.526325 0.0318719
-97.8586 75.1831 31.0706 -0.849748 0.526183 0.032561
-98.7464 73.6679 32.3168 -0.850919 0.524251 0.0331338
-99.5544 72.2795 33.5448 -0.850794 0.524506 0.0322892
-100.385 70.8625 34.7074 -0.850734 0.524691 0.0308509
-101.243 69.3992 35.947 -0.850957 0.52431 0.0311616
-102.078 67.9417 37.3265 -0.853469 0.519885 0.0361817
-102.86 66.5568 38.5817 -0.854453 0.517827 0.0420129
-103.637 65.1733 39.841 -0.854483 0.51777 0.0421131
-104.435 63.7491 41.1405 -0.854638 0.517514 0.0420999
-105.243 62.3066 42.4455 -0.855692 0.515763 0.0421971
-106.08 60.8263 43.5534 -0.855762 0.515654 0.0421101
-106.916 59.3503 44.6651 -0.85573 0.515842 0.0404152
-107.766 57.8578 45.7637 -0.855903 0.515774 0.0375216
-108.644 56.2926 46.9006 -0.865929 0.497663 0.0499904
-109.418 54.8321 48.1092 -0.858354 0.510148 0.0545695
-110.187 53.4194 49.3216 -0.855363 0.51492 0.0566642
-110.992 51.9287 50.5614 -0.856646 0.511644 0.0661612
-111.74 50.4825 51.8099 -0.85839 0.507124 0.0774014
-112.519 48.9669 53.1085 -0.858392 0.507121 0.0774058
-113.309 47.4353 54.3756 -0.858429 0.507044 0.0774976
-114.055 45.9843 55.605 -0.857976 0.507812 0.0774821
-114.838 44.4796 56.8758 -0.851726 0.517805 0.0802567
-115.669 42.9126 58.2009 -0.847774 0.523281 0.0863558
-116.474 41.3974 59.4452 -0.84906 0.520744 0.0890122
-117.254 39.9153 60.6592 -0.849648 0.519782 0.0890185
-118.008 38.4735 61.8895 -0.848613 0.521364 0.0896312
-118.785 37.0308 63.0774 -0.840025 0.534993 0.0902211
-119.591 35.5888 64.2295 -0.836365 0.540872 0.089164
-120.454 34.0195 65.4981 -0.839885 0.533936 0.0974953
-121.235 32.5436 66.817 -0.840812 0.531902 0.100571
-122.082 30.9682 67.7845 -0.839874 0.525471 0.13598
-123.089 29.2185 68.3726 -0.837864 0.530428 0.128957
-124.069 27.5425 68.9045 -0.838025 0.530228 0.128733
-125.036 25.8809 69.4632 -0.836456 0.531854 0.132185
-126.055 24.1321 70.0514 -0.836278 0.531324 0.135404
-127.03 22.4611 70.5903 -0.835749 0.531944 0.136235
-128.049 20.7161 71.1678 -0.832296 0.537002 0.137505
-129.011 19.0491 72.022 -0.824925 0.549018 0.134451
-129.791 17.8803 71.9916 -0.826204 0.547077 0.134514
-130.669 16.9531 70.3535 -0.826192 0.547797 0.131628
-131.541 16.0448 68.6969 -0.821902 0.55246 0.1388
-132.433 15.1356 67.0424 -0.825213 0.549778 0.129479
-133.277 14.2018 65.341 -0.829563 0.550297 0.094856
-134.073 13.2889 63.6162 -0.830649 0.549003 0.0928269
-134.88 12.3491 61.9647 -0.829366 0.551181 0.0913849
-135.674 11.4136 60.2036 -0.834917 0.544344 0.0812637
-136.467 10.4477 58.5002 -0.835891 0.54346 0.0770466
-137.2 9.56021 56.7228 -0.835776 0.544684 0.0692551
-137.912 8.68958 54.9426 -0.835147 0.546039 0.0661065
-138.625 7.78485 53.2156 -0.840233 0.539057 0.0585335
-139.282 6.95129 51.507 -0.840618 0.537993 0.0626495
-139.97 6.09135 49.6404 -0.840844 0.537998 0.0594794
-140.628 5.25449 47.8192 -0.841067 0.538431 0.0519136
-141.181 4.53368 46.0273 -0.844757 0.533454 0.0425558
-141.782 3.72787 44.1786 -0.845683 0.531984 0.0425822
-142.364 2.94658 42.3871 -0.846046 0.531353 0.0432443
-142.929 2.18473 40.463 -0.846011 0.532269 0.0308275
-143.053 2.08246 38.4174 -0.849323 0.527472 0.0205921
-143.102 2.08135 36.3615 -0.849442 0.527295 0.0201945
-143.157 2.0714 34.3317 -0.849672 0.526904 0.0207479
-143.183 2.10151 32.3001 -0.849884 0.526767 0.014495
-143.176 2.13503 30.1655 -0.851423 0.524477 0.00188128
-143.195 2.11287 27.9415 -0.851613 0.524169 0.00149132
-143.178 2.1389 25.8879 -0.853393 0.521265 -0.00164356
-143.178 2.13418 23.869 -0.854288 0.5198 0.000856057
-143.199 2.097 22.1077 -0.854308 0.519749 -0.00445966
-139.445 8.28382 22.6352 -0.855051 0.51854 -0.00193467
-138.309 10.1527 22.6202 -0.853139 0.521681 -0.0018894
-137.229 11.9125 22.6011 -0.851309 0.524664 -0.00016541
-136.154 13.6545 22.5841 -0.851417 0.524483 0.00262818
-135.034 15.4832 22.5711 -0.8532 0.521582 0.0017426
-133.976 17.2128 22.5624 -0.852886 0.522095 0.001192
-132.882 18.9987 22.5506 -0.852641 0.522497 0.000181424
-131.769 20.8064 22.5337 -0.850509 0.52596 7.69852e-05
-130.627 22.6556 22.5203 -0.850757 0.525549 0.00320851
-129.565 24.3775 22.5062 -0.851365 0.524534 0.00652112
-128.499 26.1086 22.4963 -0.85054 0.525849 0.00802294
-127.369 27.9267 22.4779 -0.848807 0.528615 0.00963422
-126.254 29.7169 22.4621 -0.84871 0.52874 0.0111767
-125.176 31.4445 22.4436 -0.848345 0.529297 0.012506
-124.109 33.1548 22.4258 -0.848264 0.529412 0.0130625
-123.02 34.8971 22.4015 -0.846816 0.531646 0.0159835
-121.93 36.6381 22.3821 -0.848877 0.528344 0.0161075
-120.865 38.3572 22.3636 -0.850031 0.526477 0.0164251
-119.739 40.1792 22.3383 -0.850931 0.524905 0.0197751
-118.652 41.9442 22.3148 -0.851246 0.524365 0.0205187
-117.515 43.792 22.2875 -0.851256 0.524349 0.020515
-116.458 45.5106 22.2632 -0.852179 0.522879 0.0197022
-115.413 47.2172 22.2294 -0.852453 0.522431 0.0197548
-114.349 48.9538 22.1995 -0.852454 0.522428 0.0197562
-113.28 50.6991 22.1595 -0.852269 0.522667 0.0213761
-112.206 52.4488 22.123 -0.851421 0.523943 0.0237757
-111.142 54.1753 22.0825 -0.850097 0.525989 0.0258865
-110.05 55.9355 22.044 -0.84835 0.528813 0.0256867
-108.97 57.6671 21.9987 -0.847918 0.529563 0.0244489
-107.905 59.3754 21.9482 -0.848087 0.529355 0.0230571
-106.768 61.21 21.9056 -0.849871 0.526571 0.0210291
-105.702 62.9325 21.8541 -0.849992 0.526371 0.0211546
-104.651 64.6375 21.8055 -0.851325 0.524133 0.0230363
-103.599 66.3496 21.7532 -0.851383 0.524048 0.0228054
-102.51 68.121 21.7001 -0.851281 0.524219 0.022701
-101.374 69.9624 21.6391 -0.849794 0.526716 0.0205084
-100.29 71.7118 21.5824 -0.849156 0.527889 0.0163459
-99.1664 73.5205 21.5229 -0.849168 0.527869 0.0163411
-98.1043 75.2364 21.464 -0.850933 0.52505 0.0153045
-97.5347 76.1609 21.4279 -0.850946 0.52503 0.0152876
-94.4269 81.3507 16.016 -0.850755 0.525379 0.0139049
-95.5204 79.5772 16.0773 -0.850907 0.525129 0.0140296
-96.6594 77.7297 16.1499 -0.850906 0.52513 0.0140246
-97.7152 76.0157 16.2117 -0.851407 0.524344 0.013027
-98.8051 74.2491 16.2854 -0.850316 0.526148 0.0114154
-99.884 72.5047 16.3538 -0.850239 0.526276 0.0112935
-101.007 70.6886 16.4254 -0.850276 0.526218 0.0112325
-102.138 68.8553 16.4979 -0.851007 0.525051 0.0104628
-103.211 67.117 16.5649 -0.850476 0.525917 0.0101266
-104.314 65.3326 16.6249 -0.850201 0.526365 0.0099657
-105.438 63.5136 16.6818 -0.851757 0.5239 0.00623869
-106.511 61.7581 16.7348 -0.852846 0.52214 0.00473058
-107.637 59.9312 16.7948 -0.850238 0.526391 0.00272111
-108.692 58.2268 16.8544 -0.850227 0.526409 0.00275348
-109.84 56.3734 16.9183 -0.849601 0.527414 0.0036583
-110.942 54.598 16.9775 -0.849609 0.527399 0.00374358
-112.054 52.8041 17.0362 -0.850313 0.526261 0.00409984
-113.115 51.0885 17.0909 -0.850351 0.5262 0.00413039
-114.203 49.3305 17.1427 -0.850349 0.526203 0.00414262
-115.261 47.6169 17.1917 -0.85128 0.524712 -0.000718242
-116.38 45.7911 17.2438 -0.852117 0.523347 -0.0021791
-117.454 44.0341 17.2936 -0.853434 0.521196 -0.00207166
-118.547 42.2428 17.3394 -0.853646 0.520852 -0.00146681
-119.596 40.5242 17.382 -0.853643 0.520857 -0.00150203
-120.691 38.7362 17.424 -0.852061 0.52344 0.00143012
-121.751 37.0128 17.4685 -0.851345 0.524595 0.00347885
-122.858 35.2241 17.5152 -0.848456 0.529265 -0.000151448
-123.921 33.5286 17.557 -0.847146 0.53136 0.000101267
-125.013 31.7864 17.596 -0.847246 0.5312 0.00062984
-126.084 30.0757 17.6325 -0.848469 0.529221 0.00501664
-127.187 28.3055 17.6688 -0.849548 0.527441 0.00868881
-128.293 26.5105 17.7056 -0.851935 0.523633 0.00400383
-129.377 24.7408 17.7399 -0.853166 0.521637 0.00151233
-130.448 22.9883 17.7764 -0.853182 0.521612 0.00140313
-131.541 21.2005 17.807 -0.853222 0.521546 0.00147732
-132.689 19.3217 17.8475 -0.853024 0.521871 0.00116966
-133.842 17.4393 17.8848 -0.85276 0.522303 0.000643198
-134.931 15.6592 17.9186 -0.852899 0.522076 0.000234952
-136.001 13.9103 17.9537 -0.853311 0.521402 0.000177499
-137.09 12.1236 17.9845 -0.854791 0.518952 -0.00449195
-138.141 10.3916 18.015 -0.855539 0.517668 -0.00858037
-139.179 8.677 18.0474 -0.855293 0.518064 -0.00914834
-139.424 8.27226 18.0518 -0.855106 0.518367 -0.00941917
-139.369 8.24202 13.4874 -0.856927 0.515134 -0.0177205
-138.294 10.028 13.4364 -0.856064 0.516596 -0.0168453
-137.21 11.8217 13.3742 -0.855902 0.516876 -0.0164466
-136.094 13.6705 13.321 -0.856085 0.516616 -0.0150749
-134.974 15.5145 13.2659 -0.853269 0.521244 -0.0153792
-133.879 17.303 13.209 -0.852711 0.522216 -0.0132223
-132.808 19.0551 13.1553 -0.855561 0.51754 -0.012948
-131.667 20.9497 13.0961 -0.857091 0.515009 -0.0126872
-130.626 22.6791 13.0412 -0.85668 0.515629 -0.0150329
-129.52 24.5026 12.9888 -0.851896 0.523498 -0.0149084
-128.47 26.2059 12.9345 -0.851004 0.524976 -0.0138811
-127.404 27.9311 12.8804 -0.850818 0.525299 -0.0130722
-126.298 29.7127 12.8219 -0.849576 0.527417 -0.00724463
-125.193 31.4879 12.7609 -0.849194 0.528048 -0.00597034
-124.021 33.3672 12.6985 -0.848054 0.529896 -0.00388417
-122.951 35.0931 12.6395 -0.849713 0.527245 -0.00121033
-121.884 36.8159 12.5759 -0.850366 0.526157 -0.00603814
-120.788 38.5816 12.5096 -0.849762 0.527097 -0.0085281
-119.707 40.3232 12.4471 -0.849701 0.527196 -0.00851131
-118.637 42.0489 12.3813 -0.85144 0.524373 -0.00915665
-117.569 43.7905 12.3162 -0.8528 0.522163 -0.00883478
-116.513 45.5149 12.2495 -0.852697 0.522336 -0.0085902
-115.417 47.3041 12.1825 -0.853611 0.520863 -0.00714039
-114.311 49.1187 12.1111 -0.85412 0.520025 -0.00732006
-113.219 50.9114 12.0462 -0.854123 0.520018 -0.00743061
-112.121 52.7116 11.974 -0.852032 0.523425 -0.00828883
-111.057 54.4323 11.904 -0.849662 0.527291 -0.00627843
-109.945 56.2215 11.8291 -0.849607 0.52738 -0.00617307
-108.874 57.947 11.7574 -0.849614 0.527369 -0.00618126
-107.814 59.6564 11.6884 -0.851148 0.524909 -0.00426481
-106.735 61.415 11.6208 -0.853014 0.521858 -0.0056444
-105.664 63.1656 11.5534 -0.853079 0.52175 -0.00576263
-104.565 64.962 11.4799 -0.853072 0.521762 -0.00567434
-103.515 66.6813 11.4074 -0.854349 0.519676 -0.00487903
-102.453 68.4218 11.3315 -0.85257 0.522613 -0.000945736
-101.379 70.1746 11.255 -0.852418 0.522859 -0.00113091
-100.261 71.9961 11.1751 -0.852132 0.523324 0.00164578
-99.1778 73.7592 11.0899 -0.852026 0.52347 0.00550493
-98.1242 75.4724 11.0194 -0.85202 0.523472 0.00618011
-97.0617 77.2004 10.9435 -0.851303 0.524634 0.0065441
-95.931 79.039 10.8631 -0.851643 0.524098 0.00510241
-94.8577 80.7824 10.7916 -0.851118 0.524946 0.00556881
-93.7165 82.6175 10.7123 -0.847289 0.531066 0.0084178
-92.6468 84.3253 10.639 -0.848474 0.529165 0.008667
-91.5564 86.0836 10.5693 -0.850488 0.525945 0.007292
-89.7744 89.0083 5.21308 -0.8517 0.523954 -0.00891421
-90.8532 87.2558 5.27653 -0.851715 0.52393 -0.00891183
-91.9201 85.517 5.34116 -0.853458 0.521048 -0.010873
-92.9987 83.7589 5.41112 -0.851408 0.524308 -0.0143404
-94.0555 82.047 5.4833 -0.851089 0.524813 -0.0148267
-95.1755 80.233 5.56343 -0.851082 0.524823 -0.0148369
-96.2734 78.45 5.64871 -0.852528 0.522428 -0.0162559
-97.3548 76.6872 5.73147 -0.852618 0.522282 -0.0162572
-98.4193 74.9521 5.81684 -0.852613 0.52229 -0.0162232
-99.5167 73.1639 5.90896 -0.852505 0.522482 -0.015757
-100.6 71.3982 5.999 -0.853036 0.521603 -0.0161282
-101.704 69.5889 6.09275 -0.853939 0.52012 -0.0162312
-102.765 67.8494 6.18499 -0.854078 0.51989 -0.0162869
-103.87 66.0358 6.27584 -0.853785 0.520461 -0.0131351
-104.927 64.3107 6.35757 -0.852003 0.523452 -0.00945262
-106.02 62.5319 6.44468 -0.851826 0.523757 -0.00843625
-107.077 60.81 6.5268 -0.851894 0.523675 -0.00637618
-108.218 58.9521 6.6168 -0.852047 0.523426 -0.00648668
-109.279 57.2308 6.70239 -0.850898 0.525177 -0.0126695
-110.386 55.4332 6.79139 -0.851452 0.524316 -0.0110243
-111.447 53.7113 6.87521 -0.851346 0.524485 -0.0112015
-112.581 51.8709 6.963 -0.851343 0.524491 -0.0111854
-113.656 50.12 7.04245 -0.853478 0.521041 -0.00958053
-114.709 48.3941 7.12166 -0.853718 0.520684 -0.00727438
-115.789 46.6254 7.20518 -0.853721 0.52068 -0.00727385
-116.949 44.7239 7.29604 -0.853715 0.52069 -0.00727824
-117.992 43.0166 7.37858 -0.853135 0.521626 -0.00814408
-119.14 41.1552 7.47289 -0.849886 0.526894 -0.00876738
-120.256 39.3544 7.5561 -0.85089 0.525207 -0.0120026
-121.319 37.6325 7.63823 -0.851343 0.524437 -0.013463
-122.45 35.7993 7.72317 -0.851349 0.524427 -0.0134518
-123.504 34.0891 7.80221 -0.851346 0.524432 -0.0134592
-124.575 32.3553 7.88185 -0.850092 0.526447 -0.014047
-125.674 30.5866 7.96202 -0.849909 0.526699 -0.0155746
-126.726 28.8866 8.03768 -0.850713 0.525382 -0.016185
-127.79 27.1651 8.11111 -0.850833 0.525153 -0.0172351
-128.863 25.4254 8.18615 -0.851236 0.524404 -0.01994
-129.96 23.6257 8.25963 -0.85578 0.516884 -0.0216904
-131.009 21.891 8.33773 -0.856541 0.515708 -0.0195611
-132.063 20.1438 8.41305 -0.856586 0.515691 -0.0179797
-133.153 18.3368 8.48616 -0.855915 0.516792 -0.0183132
-134.196 16.6199 8.56143 -0.855415 0.517538 -0.0204979
-135.283 14.8181 8.63661 -0.856759 0.515241 -0.0221588
-136.365 13.0224 8.71247 -0.85675 0.515255 -0.0221836
-137.398 11.3088 8.77929 -0.856359 0.515819 -0.0241029
-138.465 9.53944 8.86029 -0.856631 0.515339 -0.0246777
-139.234 8.26464 8.91699 -0.856571 0.51543 -0.0248608
-139.103 8.23938 4.34047 -0.856938 0.514565 -0.0296618
-138.029 10.0245 4.25162 -0.857313 0.514045 -0.0277832
-136.982 11.7647 4.16055 -0.856976 0.5146 -0.0279076
-135.896 13.5697 4.06559 -0.856973 0.514614 -0.027737
-134.797 15.3962 3.95545 -0.85719 0.514278 -0.0272567
-133.749 17.1385 3.86443 -0.85721 0.514251 -0.0271596
-132.699 18.8772 3.76414 -0.855644 0.516917 -0.025881
-131.654 20.6 3.66409 -0.855254 0.517563 -0.0258725
-130.562 22.3994 3.57015 -0.855212 0.51763 -0.0259239
-129.493 24.1606 3.47604 -0.855207 0.517639 -0.0258994
-128.412 25.9358 3.37935 -0.853066 0.521206 -0.0249475
-127.285 27.7704 3.27836 -0.852289 0.522487 -0.0247203
-126.195 29.5422 3.18157 -0.852027 0.522877 -0.0254888
-125.146 31.247 3.08879 -0.851216 0.524215 -0.0251043
-124.064 32.9841 2.99007 -0.848524 0.528425 -0.0278137
-122.979 34.7337 2.89088 -0.850747 0.524707 -0.0301964
-121.903 36.473 2.79137 -0.850851 0.524544 -0.0301146
-120.772 38.3014 2.6872 -0.850852 0.524542 -0.0301052
-119.716 40.0089 2.58857 -0.851148 0.524079 -0.0297941
-118.56 41.8901 2.47983 -0.852798 0.521497 -0.0278521
-117.46 43.6855 2.37448 -0.853572 0.520206 -0.0282919
-116.415 45.3946 2.2746 -0.853675 0.520031 -0.0284005
-115.304 47.2121 2.16968 -0.85352 0.520319 -0.0277723
-114.193 49.0257 2.06577 -0.852753 0.521728 -0.0247483
-113.108 50.799 1.96505 -0.854116 0.519505 -0.024478
-112.068 52.505 1.86843 -0.85421 0.519358 -0.0243233
-111.006 54.2421 1.76895 -0.852047 0.523064 -0.0205152
-109.903 56.0316 1.66591 -0.851649 0.523727 -0.0200772
-108.813 57.814 1.56275 -0.855154 0.51805 -0.0182948
-107.747 59.5709 1.46216 -0.855336 0.517753 -0.0182024
-106.68 61.3299 1.36333 -0.85534 0.517747 -0.0182124
-105.604 63.1001 1.26482 -0.85398 0.5201 -0.0146104
-104.557 64.8031 1.16762 -0.851701 0.523899 -0.0116281
-103.394 66.6913 1.04956 -0.851613 0.52405 -0.0112356
-102.287 68.4876 0.941643 -0.851578 0.524111 -0.0110716
-101.134 70.3631 0.830664 -0.853358 0.521136 -0.014057
-100.077 72.0944 0.727701 -0.853695 0.520528 -0.0159859
-99.0014 73.8478 0.635202 -0.852404 0.522655 -0.015433
-97.9265 75.5981 0.540748 -0.852397 0.522666 -0.0154515
-96.8554 77.3421 0.447576 -0.852273 0.522858 -0.0157959
-95.7932 79.071 0.369733 -0.852395 0.522619 -0.017083
-94.673 80.8895 0.271379 -0.852221 0.522791 -0.0202272
-93.6045 82.6367 0.181401 -0.855574 0.517114 -0.0242241
-92.4879 84.473 0.0914727 -0.854264 0.519561 -0.0170231
-91.3636 86.3185 0.00591572 -0.853504 0.520952 -0.0118133
-90.3116 88.0413 -0.0662185 -0.853484 0.520973 -0.0123455
-89.2426 89.7859 -0.138255 -0.853266 0.521376 -0.0101724
-88.8456 90.4348 -0.160948 -0.853034 0.52174 -0.0110056
-88.9808 89.9759 -5.47761 -0.854938 0.517975 -0.0279663
-90.0204 88.2634 -5.40027 -0.855225 0.517502 -0.0279478
-91.1603 86.3843 -5.32171 -0.854415 0.518863 -0.0275063
-92.2334 84.6272 -5.23333 -0.852908 0.521524 -0.0236703
-93.2951 82.8952 -5.13764 -0.852911 0.521519 -0.0236711
-94.4069 81.0812 -5.04309 -0.852864 0.521594 -0.0237238
-95.5445 79.2328 -4.9494 -0.850765 0.52497 -0.0245923
-96.6382 77.4654 -4.85231 -0.850967 0.524608 -0.0253228
-97.6905 75.76 -4.75093 -0.85187 0.522928 -0.0293822
-98.7426 74.0518 -4.64261 -0.85185 0.522932 -0.0298869
-99.8468 72.2626 -4.52759 -0.851262 0.523908 -0.0295535
-100.961 70.4551 -4.41184 -0.852085 0.522759 -0.025975
-102.04 68.6951 -4.29324 -0.853208 0.520983 -0.0247326
-103.104 66.958 -4.17931 -0.853307 0.520823 -0.024714
-104.237 65.1038 -4.05844 -0.854139 0.519407 -0.0257344
-105.34 63.2947 -3.93594 -0.854341 0.519047 -0.0263158
-106.381 61.5871 -3.8191 -0.854303 0.519046 -0.0275074
-107.505 59.7394 -3.69537 -0.854994 0.517709 -0.031038
-108.578 57.9693 -3.57613 -0.855612 0.516552 -0.0331997
-109.642 56.2217 -3.45413 -0.85323 0.520582 -0.031492
-110.775 54.372 -3.32474 -0.85384 0.51972 -0.0291336
-111.885 52.5502 -3.19992 -0.854734 0.518326 -0.0277217
-112.925 50.8404 -3.08515 -0.8547 0.518383 -0.0277109
-114.014 49.0548 -2.96649 -0.854039 0.519479 -0.0275508
-115.087 47.2965 -2.84971 -0.85404 0.519475 -0.0275745
-116.187 45.4957 -2.72938 -0.853805 0.519822 -0.0283163
-117.231 43.7907 -2.61418 -0.852861 0.521393 -0.0278931
-118.356 41.9576 -2.48674 -0.852829 0.521446 -0.0278797
-119.422 40.2217 -2.36681 -0.85283 0.521448 -0.0277985
-120.519 38.434 -2.24542 -0.852633 0.521751 -0.0281627
-121.607 36.672 -2.12396 -0.850009 0.525908 -0.0300939
-122.689 34.9397 -2.0069 -0.848003 0.529222 -0.0285489
-123.837 33.1064 -1.885 -0.849343 0.526946 -0.0307359
-124.93 31.3416 -1.76768 -0.852881 0.520746 -0.0376569
-126.04 29.5245 -1.6466 -0.85421 0.518481 -0.0387797
-127.143 27.7166 -1.53022 -0.854193 0.518509 -0.0387555
-128.267 25.8757 -1.40872 -0.852854 0.520707 -0.0387799
-129.356 24.1079 -1.29218 -0.851992 0.522177 -0.0379617
-130.473 22.2851 -1.17445 -0.854382 0.518586 -0.0331665
-131.517 20.5657 -1.05802 -0.85642 0.515161 -0.0339731
-132.548 18.8508 -0.944647 -0.857601 0.51311 -0.0351983
-133.642 17.0284 -0.828592 -0.85818 0.512176 -0.0346762
-134.759 15.1667 -0.707057 -0.857519 0.513356 -0.033572
-135.814 13.4135 -0.592249 -0.857297 0.513743 -0.0333305
-136.88 11.6424 -0.479184 -0.857295 0.513747 -0.0333163
-137.91 9.93066 -0.369171 -0.857266 0.513798 -0.0332783
-138.841 8.38533 -0.266327 -0.856839 0.514546 -0.0326958
-138.697 8.28466 -4.86675 -0.85831 0.511445 -0.0415758
-137.627 10.0738 -5.00579 -0.858845 0.510645 -0.0403246
-136.518 11.9251 -5.14061 -0.857971 0.512125 -0.04017
-135.452 13.6973 -5.27477 -0.85725 0.513502 -0.0379392
-134.401 15.4418 -5.40392 -0.856624 0.514582 -0.0374324
-133.247 17.3451 -5.54276 -0.855042 0.517129 -0.0384767
-132.159 19.1364 -5.68245 -0.856117 0.515172 -0.0407655
-131.08 20.9169 -5.81786 -0.854145 0.518233 -0.0432598
-129.934 22.7885 -5.95492 -0.853313 0.51957 -0.0436304
-128.885 24.5021 -6.08908 -0.853754 0.518999 -0.0417606
-127.794 26.2854 -6.22999 -0.853696 0.519155 -0.0410002
-126.744 28.0015 -6.36338 -0.853654 0.519231 -0.0409034
-125.682 29.7371 -6.499 -0.853601 0.519332 -0.0407288
-124.638 31.4424 -6.63097 -0.853415 0.519635 -0.0407664
-123.549 33.2039 -6.76722 -0.849983 0.525261 -0.040354
-122.375 35.1065 -6.91349 -0.853762 0.519592 -0.0333871
-121.226 36.9868 -7.05792 -0.854004 0.519221 -0.0329704
-120.104 38.8236 -7.20252 -0.853964 0.519294 -0.0328435
-119.018 40.597 -7.34427 -0.852894 0.521187 -0.0305984
-117.928 42.3715 -7.48471 -0.852891 0.52121 -0.0302852
-116.825 44.175 -7.62628 -0.854343 0.518907 -0.0288852
-115.745 45.9452 -7.7637 -0.854339 0.51891 -0.0289227
-114.669 47.7036 -7.8998 -0.851887 0.522338 -0.0380992
-113.584 49.4641 -8.03719 -0.851229 0.522589 -0.0480588
-112.521 51.197 -8.17464 -0.854947 0.516885 -0.0435282
-111.41 53.0184 -8.31906 -0.8532 0.519892 -0.0419674
-110.343 54.7634 -8.45679 -0.854517 0.517952 -0.0390767
-109.274 56.5089 -8.59395 -0.854803 0.517508 -0.0386994
-108.195 58.271 -8.73001 -0.853557 0.519711 -0.0366122
-107.106 60.0587 -8.8697 -0.855914 0.515551 -0.0402365
-106.05 61.7932 -9.0047 -0.854279 0.517933 -0.0441867
-104.973 63.5586 -9.14259 -0.854291 0.517908 -0.044251
-103.858 65.3858 -9.27994 -0.854301 0.517893 -0.0442265
-102.794 67.1318 -9.40322 -0.854466 0.517639 -0.0440067
-101.729 68.8785 -9.5253 -0.853729 0.518916 -0.0432801
-100.679 70.5923 -9.64378 -0.852663 0.520934 -0.0399083
-99.5809 72.3763 -9.76133 -0.852106 0.521865 -0.0396567
-98.4981 74.1288 -9.8874 -0.850934 0.523365 -0.0447316
-97.4082 75.8966 -9.99991 -0.852198 0.521443 -0.0430747
-96.3354 77.6291 -10.1193 -0.850347 0.524931 -0.0368581
-95.2813 79.328 -10.2376 -0.850318 0.525004 -0.0364808
-94.1487 81.1686 -10.3546 -0.85424 0.518469 -0.0382635
-93.0547 82.9636 -10.4637 -0.854333 0.518321 -0.0381863
-91.9715 84.7403 -10.5727 -0.85419 0.518427 -0.0399121
-90.8432 86.5873 -10.6738 -0.853105 0.520007 -0.0424808
-89.9599 88.0337 -10.7507 -0.854142 0.518357 -0.0417998
-91.5044 85.0181 -15.9533 -0.853128 0.51914 -0.0516385
-92.551 83.3067 -15.8397 -0.854039 0.517404 -0.0539486
-93.5981 81.5889 -15.7229 -0.854355 0.516741 -0.0552838
-94.6441 79.8733 -15.601 -0.852603 0.519383 -0.0575267
-95.6973 78.1686 -15.4839 -0.849899 0.523568 -0.0595678
-96.8038 76.3874 -15.349 -0.850199 0.523176 -0.0587216
-97.9164 74.5922 -15.2128 -0.851638 0.520712 -0.0597645
-98.9979 72.8292 -15.0778 -0.853964 0.517332 -0.0557947
-100.045 71.1155 -14.9485 -0.853855 0.517553 -0.0554084
-101.159 69.2955 -14.8092 -0.853186 0.518649 -0.0554638
-102.221 67.5619 -14.6737 -0.85373 0.517598 -0.0568999
-103.309 65.778 -14.5218 -0.855105 0.514831 -0.0611894
-104.369 64.0371 -14.3683 -0.853475 0.517443 -0.0619091
-105.435 62.3022 -14.2217 -0.853534 0.517702 -0.0588646
-106.486 60.578 -14.072 -0.85458 0.516605 -0.0530286
-107.537 58.8679 -13.9269 -0.852542 0.519872 -0.0538903
-108.629 57.0914 -13.7706 -0.85337 0.518075 -0.0579554
-109.728 55.2995 -13.6074 -0.853008 0.518611 -0.0584751
-110.823 53.5198 -13.4507 -0.852595 0.519389 -0.0575888
-111.898 51.768 -13.2987 -0.853936 0.517911 -0.0506056
-112.978 49.9962 -13.145 -0.855348 0.515982 -0.0462943
-114.086 48.1823 -12.9868 -0.851561 0.521977 -0.0488237
-115.161 46.4475 -12.8326 -0.851359 0.522016 -0.0518449
-116.255 44.6674 -12.6698 -0.855254 0.514455 -0.0622548
-117.342 42.8808 -12.5054 -0.853884 0.516863 -0.0611126
-118.457 41.0885 -12.3437 -0.847793 0.526996 -0.0593514
-119.547 39.344 -12.1884 -0.852409 0.520117 -0.0536392
-120.647 37.55 -12.0278 -0.85384 0.518294 -0.0482619
-121.756 35.7368 -11.8673 -0.855287 0.515519 -0.0521897
-122.801 34.0104 -11.7134 -0.857564 0.510897 -0.0597416
-123.847 32.2745 -11.5592 -0.856505 0.512553 -0.0607257
-124.903 30.5688 -11.4063 -0.849287 0.5244 -0.0609661
-126.084 28.6601 -11.2348 -0.852909 0.519369 -0.0529446
-127.169 26.8921 -11.0771 -0.853265 0.518874 -0.0520427
-128.308 25.0346 -10.9129 -0.8532 0.51899 -0.0519531
-129.448 23.1787 -10.752 -0.8529 0.519494 -0.051837
-130.586 21.3266 -10.5877 -0.853109 0.519239 -0.0509483
-131.659 19.5768 -10.4331 -0.853668 0.518699 -0.0469382
-132.702 17.8619 -10.2823 -0.856452 0.513962 -0.0483037
-133.756 16.1184 -10.1321 -0.856919 0.513298 -0.0470599
-134.848 14.3051 -9.97573 -0.857704 0.511973 -0.0472082
-135.905 12.5464 -9.83215 -0.858384 0.510687 -0.0487365
-136.939 10.8219 -9.68177 -0.858496 0.510477 -0.0489623
-138.024 9.00978 -9.53132 -0.858738 0.510076 -0.0489124
-138.491 8.22937 -9.46812 -0.858774 0.510048 -0.0485531
-138.177 8.28931 -14.0747 -0.858076 0.510329 -0.057186
-137.144 10.0045 -14.2418 -0.857033 0.511931 -0.0584908
-136.111 11.71 -14.4013 -0.856146 0.5133 -0.0594696
-135.012 13.5235 -14.5745 -0.856293 0.51274 -0.0621287
-133.979 15.2294 -14.7354 -0.856409 0.512437 -0.0630238
-132.891 17.0277 -14.9104 -0.856892 0.511653 -0.0628254
-131.818 18.8091 -15.0792 -0.857651 0.510387 -0.0627679
-130.67 20.7097 -15.2602 -0.855971 0.513333 -0.0616653
-129.606 22.4419 -15.4374 -0.852837 0.518491 -0.0619436
-128.555 24.14 -15.6068 -0.850791 0.521276 -0.0665298
-127.462 25.8999 -15.7811 -0.850767 0.521125 -0.0680022
-126.403 27.6016 -15.9563 -0.849454 0.523437 -0.0666423
-125.335 29.313 -16.1326 -0.849003 0.524723 -0.0621334
-124.266 31.0218 -16.307 -0.851079 0.521416 -0.0615657
-123.181 32.8062 -16.4866 -0.857238 0.511209 -0.0617156
-122.136 34.5263 -16.6577 -0.854798 0.514364 -0.068928
-121.015 36.3602 -16.8377 -0.854045 0.515306 -0.0711754
-119.927 38.1354 -17.0132 -0.851574 0.519523 -0.0701181
-118.864 39.8388 -17.1894 -0.849042 0.52369 -0.0698296
-117.659 41.7688 -17.3869 -0.849853 0.522526 -0.0686762
-116.551 43.5678 -17.568 -0.85356 0.516805 -0.0659372
-115.483 45.3119 -17.7465 -0.854601 0.514851 -0.0677211
-114.44 47.0205 -17.9261 -0.854611 0.51483 -0.0677537
-113.387 48.7436 -18.1034 -0.854447 0.515108 -0.0677022
-112.278 50.5595 -18.2812 -0.854411 0.515166 -0.0677107
-111.226 52.2824 -18.4475 -0.854302 0.515416 -0.0671859
-110.185 53.9829 -18.6114 -0.852405 0.519028 -0.0633599
-109.121 55.7157 -18.7743 -0.852869 0.51861 -0.0604809
-108.054 57.4493 -18.9465 -0.852488 0.519208 -0.0607272
-106.958 59.2237 -19.1211 -0.851739 0.520109 -0.0634647
-105.902 60.9319 -19.2808 -0.850631 0.521308 -0.0682997
-104.835 62.6566 -19.4428 -0.851295 0.519526 -0.073412
-103.753 64.4169 -19.6084 -0.853468 0.515996 -0.0730819
-102.682 66.1633 -19.7717 -0.853216 0.516372 -0.0733646
-101.603 67.9238 -19.9362 -0.853202 0.516396 -0.0733583
-100.528 69.6679 -20.101 -0.850813 0.519922 -0.0761432
-99.4754 71.3691 -20.2468 -0.850732 0.520042 -0.0762356
-98.3731 73.1538 -20.3878 -0.851122 0.519314 -0.0768387
-97.2893 74.9072 -20.5422 -0.851131 0.519298 -0.0768436
-96.2404 76.608 -20.6823 -0.85291 0.51677 -0.0741131
-95.1519 78.3899 -20.8288 -0.854658 0.51394 -0.0736594
-94.0833 80.1476 -20.975 -0.854861 0.513729 -0.0727717
-93.2257 81.5519 -21.096 -0.853405 0.516609 -0.069388
-95.4554 77.1364 -26.0906 -0.853868 0.515289 -0.0733958
-96.5395 75.3605 -25.9265 -0.854821 0.51322 -0.0767225
-97.6042 73.6095 -25.7652 -0.853606 0.514736 -0.08002
-98.7304 71.7852 -25.5978 -0.850421 0.519529 -0.082905
-99.8747 69.9398 -25.4234 -0.850424 0.519523 -0.0829079
-101.006 68.1167 -25.2416 -0.850485 0.519414 -0.0829769
-102.083 66.3761 -25.0667 -0.852018 0.516752 -0.0838592
-103.171 64.6044 -24.8848 -0.85467 0.513242 -0.0782458
-104.266 62.8118 -24.6996 -0.851924 0.5178 -0.0781544
-105.341 61.0793 -24.5189 -0.851413 0.518608 -0.0783729
-106.414 59.3385 -24.3314 -0.852982 0.515081 -0.0843414
-107.463 57.6292 -24.1472 -0.853421 0.51426 -0.0849092
-108.566 55.8314 -23.9492 -0.853413 0.514284 -0.0848452
-109.709 53.9752 -23.7524 -0.850428 0.518897 -0.0867073
-110.862 52.1228 -23.5565 -0.849778 0.519865 -0.0872827
-111.976 50.3362 -23.359 -0.849747 0.51993 -0.0871991
-113.072 48.5804 -23.1572 -0.849692 0.520919 -0.0816532
-114.172 46.8039 -22.959 -0.852707 0.517192 -0.0735048
-115.241 45.0708 -22.7605 -0.853297 0.51675 -0.0696626
-116.285 43.3762 -22.5667 -0.852615 0.518186 -0.0673086
-117.396 41.5708 -22.3593 -0.852461 0.518554 -0.0664182
-118.513 39.7563 -22.1495 -0.852309 0.518888 -0.0657683
-119.606 37.9891 -21.9513 -0.853334 0.516482 -0.0711841
-120.725 36.1683 -21.7421 -0.853235 0.517143 -0.0674785
-121.799 34.4242 -21.5476 -0.8527 0.518268 -0.0655789
-122.895 32.647 -21.3473 -0.852694 0.518277 -0.0655912
-123.949 30.9363 -21.1557 -0.852628 0.518383 -0.0656069
-125.031 29.1874 -20.9629 -0.85105 0.520804 -0.0669131
-126.129 27.42 -20.7661 -0.85084 0.521127 -0.0670693
-127.302 25.5323 -20.5544 -0.850839 0.52113 -0.0670574
-128.4 23.7657 -20.3528 -0.851098 0.52067 -0.0673385
-129.489 22.0025 -20.1511 -0.853894 0.515915 -0.0685283
-130.587 20.211 -19.9523 -0.853763 0.516281 -0.0674014
-131.645 18.4855 -19.7681 -0.853901 0.516135 -0.0667653
-132.747 16.6871 -19.5688 -0.85432 0.515472 -0.0665269
-133.87 14.8467 -19.3722 -0.85532 0.514105 -0.0642155
-134.986 13.0101 -19.184 -0.855931 0.513282 -0.0626452
-136.118 11.1476 -18.973 -0.855894 0.513343 -0.0626519
-137.21 9.34629 -18.7834 -0.856674 0.511838 -0.0642782
-137.835 8.31181 -18.6769 -0.857383 0.510649 -0.0642757
-137.49 8.27225 -23.2894 -0.857004 0.51034 -0.0714016
-136.453 9.98599 -23.4942 -0.857046 0.510278 -0.0713349
-135.372 11.7747 -23.6862 -0.857171 0.510098 -0.0711151
-134.272 13.588 -23.9057 -0.85569 0.512716 -0.0701167
-133.195 15.3532 -24.1188 -0.855335 0.51345 -0.0690736
-132.095 17.1498 -24.3399 -0.854239 0.515583 -0.0667041
-130.97 18.9819 -24.5586 -0.853818 0.516318 -0.0664074
-129.912 20.7045 -24.7698 -0.853437 0.516848 -0.067186
-128.775 22.5434 -24.9892 -0.85085 0.520665 -0.0704423
-127.644 24.3622 -25.2127 -0.851506 0.519337 -0.0722901
-126.552 26.115 -25.4311 -0.851259 0.518787 -0.0788592
-125.455 27.8708 -25.6492 -0.84894 0.521756 -0.084092
-124.364 29.6125 -25.8662 -0.849474 0.520467 -0.0866481
-123.252 31.3906 -26.0891 -0.849506 0.520296 -0.0873631
-122.134 33.1774 -26.3122 -0.849496 0.520308 -0.0873851
-121 34.9923 -26.5374 -0.849513 0.520282 -0.0873707
-119.905 36.7418 -26.7588 -0.84958 0.520189 -0.0872764
-118.807 38.4994 -26.9792 -0.849804 0.519817 -0.0873064
-117.735 40.2305 -27.1954 -0.854256 0.51203 -0.0898409
-116.666 41.9746 -27.4192 -0.854258 0.512026 -0.0898481
-115.62 43.6809 -27.6398 -0.854064 0.512082 -0.0913559
-114.538 45.4371 -27.8632 -0.850732 0.517686 -0.0908642
-113.374 47.293 -28.0967 -0.847643 0.522524 -0.0920303
-112.284 49.0246 -28.3036 -0.847655 0.522343 -0.0929409
-111.195 50.7539 -28.5145 -0.847625 0.522354 -0.0931527
-110.072 52.5402 -28.7382 -0.84926 0.520051 -0.0911232
-108.94 54.3732 -28.9628 -0.85284 0.51456 -0.0888381
-107.863 56.1202 -29.1814 -0.852931 0.514355 -0.0891554
-106.789 57.8643 -29.3965 -0.852945 0.514312 -0.0892601
-105.652 59.7122 -29.611 -0.852942 0.514319 -0.0892527
-104.572 61.468 -29.816 -0.852832 0.51448 -0.0893744
-103.514 63.1872 -30.0164 -0.852817 0.514499 -0.0894113
-102.368 65.0491 -30.2287 -0.852814 0.514501 -0.0894259
-101.309 66.7704 -30.4266 -0.852657 0.514864 -0.0888305
-100.237 68.5096 -30.625 -0.852005 0.516246 -0.0870502
-99.1372 70.2886 -30.8176 -0.851452 0.518037 -0.0816533
-98.0634 72.0456 -31.003 -0.855081 0.512045 -0.0815266
-97.7626 72.5384 -31.0527 -0.85317 0.514938 -0.0833025
-99.6924 68.4093 -35.9687 -0.851773 0.514473 -0.0989928
-100.769 66.6688 -35.7551 -0.851721 0.514554 -0.0990277
-101.849 64.9216 -35.5442 -0.851743 0.514509 -0.0990618
-102.948 63.1474 -35.3089 -0.851782 0.514407 -0.0992667
-104.097 61.2886 -35.0792 -0.85182 0.514293 -0.0995253
-105.232 59.4575 -34.8498 -0.850709 0.516324 -0.0985096
-106.283 57.7699 -34.6244 -0.850412 0.516851 -0.0983053
-107.374 56.0185 -34.3984 -0.850574 0.516834 -0.0969818
-108.518 54.1781 -34.1466 -0.851952 0.515873 -0.089741
-109.613 52.4081 -33.9027 -0.852706 0.514809 -0.088684
-110.666 50.704 -33.6736 -0.852501 0.515166 -0.0885746
-111.729 49.0076 -33.4398 -0.847662 0.522249 -0.0934116
-112.831 47.2537 -33.196 -0.850495 0.517128 -0.0961121
-113.905 45.5239 -32.9545 -0.851623 0.515023 -0.0974142
-115.026 43.7187 -32.701 -0.851633 0.515046 -0.0972042
-116.11 41.9738 -32.4535 -0.851515 0.515283 -0.0969871
-117.212 40.1997 -32.2003 -0.851509 0.515302 -0.09693
-118.362 38.3667 -31.9416 -0.847161 0.521755 -0.100446
-119.513 36.5436 -31.6921 -0.847744 0.521561 -0.0964541
-120.71 34.6415 -31.4329 -0.848092 0.521909 -0.0913891
-121.782 32.9325 -31.1943 -0.849516 0.520277 -0.0873803
-122.854 31.2266 -30.9597 -0.848344 0.522496 -0.0855043
-123.988 29.4267 -30.7073 -0.848268 0.522626 -0.0854592
-125.108 27.6484 -30.4666 -0.848295 0.52257 -0.0855339
-126.19 25.9321 -30.2245 -0.848282 0.522618 -0.0853761
-127.325 24.1287 -29.9779 -0.84875 0.521963 -0.0847302
-128.41 22.399 -29.7439 -0.849969 0.520167 -0.0835379
-129.474 20.6939 -29.5169 -0.850505 0.519099 -0.0847198
-130.536 18.9909 -29.2848 -0.850738 0.518623 -0.0852984
-131.631 17.2334 -29.0501 -0.852062 0.516357 -0.0858235
-132.743 15.4228 -28.8139 -0.855561 0.511391 -0.0805913
-133.821 13.6539 -28.5888 -0.855252 0.511915 -0.080545
-134.866 11.9437 -28.37 -0.854933 0.512697 -0.0789442
-135.921 10.2101 -28.1425 -0.857258 0.509197 -0.07634
-137.035 8.36909 -27.9061 -0.857373 0.509114 -0.0755983
-137.097 8.26668 -27.8938 -0.857356 0.50914 -0.075614
-136.677 8.2644 -32.5029 -0.855415 0.510886 -0.0852156
-135.581 10.0495 -32.76 -0.853338 0.513835 -0.0882515
-134.464 11.8633 -33.0025 -0.853125 0.513888 -0.0899892
-133.353 13.6631 -33.2534 -0.852673 0.514463 -0.090972
-132.302 15.363 -33.4894 -0.852432 0.514795 -0.0913549
-131.155 17.214 -33.7589 -0.852113 0.515677 -0.0893357
-130.098 18.9113 -34.0061 -0.850239 0.518639 -0.0900421
-128.943 20.7575 -34.2789 -0.849834 0.518973 -0.0919233
-127.847 22.5048 -34.5382 -0.850069 0.518722 -0.0911645
-126.777 24.2081 -34.7945 -0.849035 0.519839 -0.0943732
-125.688 25.917 -35.0569 -0.844814 0.52506 -0.102963
-124.602 27.6117 -35.3158 -0.844586 0.5252 -0.104112
-123.438 29.4288 -35.5927 -0.844597 0.525184 -0.104104
-122.3 31.2111 -35.8621 -0.84654 0.522494 -0.101828
-121.233 32.8981 -36.1147 -0.847635 0.520849 -0.101151
-120.097 34.6931 -36.3848 -0.847539 0.52108 -0.100766
-118.996 36.432 -36.6469 -0.847161 0.521759 -0.100426
-117.911 38.159 -36.9106 -0.850979 0.516093 -0.0973768
-116.832 39.8914 -37.183 -0.851297 0.515599 -0.0972177
-115.764 41.604 -37.4486 -0.850322 0.516797 -0.099364
-114.678 43.3397 -37.7166 -0.850271 0.515358 -0.106979
-113.615 45.0306 -37.9762 -0.848966 0.516831 -0.110191
-112.557 46.7135 -38.2391 -0.848698 0.517061 -0.111175
-111.479 48.4195 -38.5018 -0.847544 0.518572 -0.112926
-110.345 50.2296 -38.7691 -0.85099 0.512431 -0.115024
-109.25 51.9876 -39.0349 -0.850984 0.512451 -0.114982
-108.112 53.8147 -39.314 -0.850988 0.512436 -0.115016
-107.014 55.5796 -39.5799 -0.850935 0.512568 -0.114819
-105.959 57.2727 -39.8366 -0.850981 0.5125 -0.114781
-104.876 59.0152 -40.0899 -0.85112 0.512238 -0.114923
-103.807 60.7318 -40.3393 -0.849795 0.514039 -0.116669
-102.742 62.4542 -40.5639 -0.853378 0.509322 -0.111071
-102.149 63.417 -40.6928 -0.853122 0.510246 -0.108778
-104.455 58.5079 -45.3193 -0.848925 0.514752 -0.119818
-105.556 56.757 -45.0384 -0.848933 0.514743 -0.119807
-106.626 55.0573 -44.7571 -0.849388 0.514208 -0.118867
-107.755 53.253 -44.4651 -0.850988 0.512443 -0.114982
-108.834 51.5244 -44.1811 -0.850994 0.512432 -0.114994
-109.94 49.7605 -43.8887 -0.848543 0.516691 -0.114044
-111.048 48.0126 -43.6026 -0.84717 0.519172 -0.112973
-112.115 46.3316 -43.3268 -0.847173 0.519168 -0.112968
-113.244 44.5551 -43.0241 -0.847548 0.518648 -0.112542
-114.326 42.8414 -42.7376 -0.848889 0.516813 -0.110871
-115.46 41.0461 -42.4269 -0.848895 0.516775 -0.110997
-116.548 39.3199 -42.1357 -0.84914 0.51621 -0.111752
-117.705 37.4819 -41.83 -0.849249 0.515958 -0.112091
-118.764 35.8074 -41.5444 -0.846685 0.519827 -0.113598
-119.959 33.9376 -41.2341 -0.845466 0.522078 -0.112345
-121.042 32.2445 -40.948 -0.84542 0.522153 -0.11234
-122.165 30.4885 -40.6543 -0.846154 0.521416 -0.110221
-123.276 28.7446 -40.3661 -0.846176 0.522198 -0.10628
-124.371 27.035 -40.0785 -0.845401 0.523474 -0.106175
-125.467 25.3215 -39.7975 -0.845597 0.523205 -0.105937
-126.584 23.5764 -39.5065 -0.845546 0.523287 -0.10594
-127.729 21.7862 -39.2096 -0.845771 0.522988 -0.105621
-128.845 20.0273 -38.9244 -0.849123 0.517781 -0.104367
-129.933 18.2923 -38.6474 -0.850635 0.515761 -0.102035
-131.036 16.5386 -38.3692 -0.848779 0.518847 -0.101845
-132.134 14.7848 -38.0945 -0.851302 0.515454 -0.0979369
-133.243 13.0083 -37.8248 -0.850146 0.517773 -0.0957251
-134.317 11.2915 -37.5621 -0.850876 0.516683 -0.0951222
-135.374 9.59505 -37.3015 -0.852265 0.514791 -0.0929235
-136.206 8.24941 -37.1083 -0.852803 0.514227 -0.0910923
-135.545 8.49612 -41.7462 -0.850976 0.51632 -0.0961895
-134.479 10.2006 -42.0157 -0.850004 0.517588 -0.0979546
-133.392 11.9208 -42.295 -0.847814 0.520697 -0.100429
-132.312 13.6244 -42.5769 -0.847857 0.520433 -0.101431
-131.24 15.3145 -42.8677 -0.847775 0.519028 -0.109033
-130.165 16.9977 -43.1574 -0.845578 0.52128 -0.115171
-129.023 18.7797 -43.471 -0.845437 0.521423 -0.115565
-127.945 20.4622 -43.7662 -0.844889 0.522039 -0.116781
-126.869 22.1334 -44.0607 -0.844158 0.523139 -0.117147
-125.705 23.9395 -44.383 -0.844121 0.523292 -0.116725
-124.6 25.6533 -44.692 -0.844116 0.523295 -0.116746
-123.503 27.3542 -45.0026 -0.84457 0.52259 -0.116626
-122.403 29.0711 -45.3187 -0.84641 0.519619 -0.116564
-121.335 30.7409 -45.6257 -0.846441 0.519566 -0.116568
-120.241 32.4534 -45.9408 -0.84635 0.519633 -0.11693
-119.075 34.2755 -46.2775 -0.845434 0.520261 -0.120707
-117.907 36.0972 -46.6211 -0.845707 0.518984 -0.12424
-116.785 37.8573 -46.9481 -0.846346 0.517309 -0.126843
-115.677 39.59 -47.275 -0.846278 0.517348 -0.127138
-114.543 41.364 -47.6042 -0.846284 0.517351 -0.127085
-113.372 43.1956 -47.9488 -0.847021 0.51606 -0.127426
-112.263 44.9389 -48.2769 -0.847689 0.514876 -0.127775
-111.087 46.7913 -48.6126 -0.847691 0.514872 -0.127774
-109.98 48.5386 -48.9216 -0.847798 0.514749 -0.127563
-108.909 50.227 -49.2256 -0.847932 0.514546 -0.12749
-107.805 51.9723 -49.5363 -0.848664 0.513271 -0.127758
-106.843 53.4978 -49.8018 -0.848683 0.513234 -0.127781
-108.999 48.8085 -54.2834 -0.847412 0.513946 -0.133238
-110.111 47.0628 -53.934 -0.848613 0.510293 -0.139486
-111.207 45.3378 -53.5761 -0.849318 0.507429 -0.145515
-112.354 43.5295 -53.2009 -0.847697 0.50893 -0.149669
-113.419 41.8667 -52.8676 -0.846072 0.512523 -0.146572
-114.542 40.1176 -52.5064 -0.847504 0.512447 -0.138326
-115.704 38.2974 -52.1308 -0.84769 0.512781 -0.135935
-116.778 36.6157 -51.7771 -0.847803 0.512832 -0.135033
-117.854 34.9305 -51.4318 -0.846113 0.515649 -0.134905
-118.966 33.2205 -51.0799 -0.84131 0.522922 -0.136932
-120.11 31.4748 -50.7223 -0.841293 0.522959 -0.136892
-121.234 29.7542 -50.369 -0.843201 0.521014 -0.132497
-122.355 28.0231 -50.0244 -0.843968 0.520151 -0.131001
-123.442 26.3501 -49.6911 -0.841148 0.524323 -0.132496
-124.56 24.6452 -49.3526 -0.840704 0.525242 -0.131674
-125.662 22.9592 -49.0203 -0.842174 0.524374 -0.125599
-126.758 21.268 -48.6986 -0.844357 0.522646 -0.117908
-127.852 19.5736 -48.3728 -0.8445 0.522391 -0.118013
-129.004 17.789 -48.0314 -0.844545 0.522218 -0.118456
-130.087 16.1079 -47.7182 -0.844604 0.522065 -0.118707
-131.253 14.3028 -47.386 -0.842998 0.524651 -0.118729
-132.337 12.6309 -47.084 -0.843025 0.525158 -0.116264
-133.431 10.9321 -46.7764 -0.845821 0.520709 -0.11597
-134.551 9.17624 -46.4654 -0.846559 0.519734 -0.114958
-135.149 8.24192 -46.305 -0.844642 0.522983 -0.114317
-134.529 8.22693 -50.9067 -0.843572 0.523438 -0.119995
-133.443 9.90152 -51.221 -0.842788 0.524149 -0.122376
-132.316 11.6319 -51.5567 -0.842314 0.524587 -0.123753
-131.223 13.3139 -51.8837 -0.843224 0.522807 -0.125081
-130.126 14.9954 -52.2123 -0.841969 0.523254 -0.131502
-128.964 16.7734 -52.5696 -0.841645 0.523703 -0.131788
-127.843 18.4882 -52.9132 -0.841641 0.523721 -0.131742
-126.759 20.1459 -53.2465 -0.841093 0.52456 -0.13191
-125.611 21.8904 -53.6094 -0.84056 0.525199 -0.132759
-124.491 23.5863 -53.9735 -0.839536 0.525409 -0.138289
-123.281 25.4015 -54.373 -0.837412 0.526554 -0.146568
-122.149 27.1109 -54.75 -0.840457 0.521089 -0.148655
-121.047 28.784 -55.1163 -0.840454 0.521092 -0.148657
-119.958 30.4379 -55.4773 -0.840452 0.521111 -0.148607
-118.8 32.1906 -55.8647 -0.838095 0.523967 -0.151839
-117.645 33.9246 -56.2521 -0.839601 0.52046 -0.155538
-116.489 35.6862 -56.6719 -0.843182 0.514469 -0.156092
-115.396 37.3577 -57.0688 -0.843214 0.514378 -0.156225
-114.263 39.0962 -57.4703 -0.845261 0.511857 -0.153419
-113.183 40.7802 -57.8524 -0.848292 0.508173 -0.148864
-112.088 42.4931 -58.2434 -0.848285 0.507585 -0.150896
-110.98 44.2228 -58.6336 -0.84738 0.508146 -0.154059
-110.838 44.4458 -58.683 -0.848045 0.506797 -0.154843
-112.924 39.6192 -62.832 -0.845449 0.507632 -0.165911
-114.042 37.9222 -62.3864 -0.839649 0.518518 -0.161644
-115.232 36.1444 -61.9121 -0.839539 0.518694 -0.16165
-116.362 34.4421 -61.4657 -0.842901 0.514841 -0.156385
-117.494 32.7441 -61.0333 -0.83693 0.524761 -0.155483
-118.59 31.115 -60.6346 -0.836844 0.524906 -0.155451
-119.772 29.3577 -60.2058 -0.836864 0.52479 -0.155737
-120.904 27.6714 -59.799 -0.837795 0.523717 -0.15434
-122.011 26.0158 -59.4027 -0.837055 0.526452 -0.148952
-123.108 24.3804 -59.0086 -0.837315 0.525749 -0.149972
-124.201 22.7485 -58.6207 -0.837613 0.525282 -0.149941
-125.304 21.0996 -58.239 -0.837565 0.5254 -0.149796
-126.398 19.4612 -57.8707 -0.837542 0.525431 -0.14982
-127.52 17.7805 -57.4945 -0.837467 0.525546 -0.149832
-128.718 15.9807 -57.1053 -0.837581 0.525681 -0.148721
-129.907 14.1894 -56.7302 -0.83932 0.524739 -0.142096
-131.041 12.4742 -56.3724 -0.839457 0.526957 -0.132769
-132.198 10.7219 -56.0141 -0.83948 0.527204 -0.131638
-133.341 8.98593 -55.6743 -0.839512 0.527203 -0.131442
-130.859 11.5672 -60.8279 -0.834279 0.531824 -0.145403
-129.739 13.2259 -61.1891 -0.835236 0.52891 -0.15045
-128.639 14.8589 -61.549 -0.834705 0.528982 -0.153116
-127.399 16.6929 -61.9624 -0.834133 0.529241 -0.155325
-126.26 18.3699 -62.3642 -0.834141 0.529246 -0.155267
-125.094 20.0868 -62.7929 -0.835831 0.526241 -0.156387
-123.997 21.7145 -63.197 -0.836086 0.525048 -0.159013
-122.842 23.4183 -63.62 -0.83422 0.526731 -0.163191
-121.682 25.1192 -64.0596 -0.834193 0.526723 -0.163358
-120.501 26.85 -64.5153 -0.835368 0.524537 -0.164384
-119.388 28.4894 -64.9543 -0.836687 0.520053 -0.171754
-118.254 30.145 -65.4109 -0.833031 0.523532 -0.178813
-117.036 31.9208 -65.9046 -0.837465 0.517497 -0.17564
-115.893 33.6194 -66.3916 -0.839563 0.515164 -0.172452
-114.754 35.3113 -66.8781 -0.835482 0.518595 -0.181738
-114.613 35.5186 -66.9392 -0.838059 0.513413 -0.184563
-116.021 31.7073 -70.9444 -0.828925 0.523585 -0.196832
-117.24 29.9838 -70.3993 -0.828444 0.525116 -0.194767
-118.385 28.3622 -69.9007 -0.828714 0.524919 -0.194147
-119.576 26.6666 -69.3941 -0.82932 0.524345 -0.19311
-120.706 25.0513 -68.9235 -0.829559 0.524237 -0.192373
-121.836 23.4353 -68.4609 -0.828127 0.529057 -0.185215
-122.983 21.7856 -68.0063 -0.83047 0.52778 -0.178238
-124.102 20.1596 -67.567 -0.832798 0.526723 -0.170327
-125.228 18.5211 -67.1372 -0.831022 0.52897 -0.172028
-126.353 16.8959 -66.7119 -0.830478 0.529769 -0.172196
-127.481 15.259 -66.3056 -0.831239 0.528728 -0.171723
-128.198 14.2147 -66.0544 -0.830758 0.531283 -0.166071
-125.213 17.1014 -71.4413 -0.822534 0.537443 -0.185993
-124.077 18.7003 -71.8949 -0.826376 0.531413 -0.186287
-122.869 20.4048 -72.3896 -0.826396 0.531367 -0.186332
-121.646 22.1286 -72.9002 -0.826455 0.530958 -0.187233
-120.45 23.7933 -73.4098 -0.823699 0.529517 -0.20281
-119.289 25.419 -73.9281 -0.826792 0.522338 -0.208756
-118.136 27.0332 -74.4525 -0.826611 0.52244 -0.209212
-117.384 28.0797 -74.8124 -0.826616 0.522435 -0.209207
-118.942 24.1842 -78.3889 -0.821263 0.530005 -0.211241
-120.152 22.5508 -77.8325 -0.817638 0.537476 -0.20637
-121.36 20.9152 -77.2987 -0.817862 0.53709 -0.206487
-121.704 20.4505 -77.1473 -0.817652 0.537296 -0.206783
-139.413 8.28951 27.198 -0.853412 0.521201 0.00620941
-138.345 10.0343 27.1956 -0.851988 0.523457 0.0104677
-137.271 11.7812 27.207 -0.851581 0.524057 0.0131725
-136.177 13.5585 27.2193 -0.851585 0.524053 0.0131416
-135.101 15.3068 27.2247 -0.851588 0.524043 0.0132571
-134.049 17.0153 27.2355 -0.851837 0.523586 0.0152153
-132.993 18.736 27.2447 -0.852385 0.52265 0.0166455
-131.94 20.4528 27.25 -0.852483 0.52245 0.017861
-130.851 22.2127 27.2574 -0.848731 0.528605 0.015227
-129.751 23.9798 27.2643 -0.849176 0.527917 0.0143081
-128.626 25.7889 27.2763 -0.849218 0.527851 0.0142372
-127.55 27.5193 27.2822 -0.848578 0.528894 0.0136321
-126.392 29.3747 27.2889 -0.848237 0.529442 0.0135677
-125.25 31.1959 27.2923 -0.846359 0.532344 0.0168925
-124.171 32.913 27.292 -0.846426 0.532236 0.0169727
-123.098 34.6194 27.2953 -0.846416 0.532252 0.0169745
-121.978 36.4106 27.2963 -0.849649 0.527095 0.0163587
-120.893 38.16 27.2936 -0.849764 0.526893 0.0168642
-119.737 40.0237 27.2967 -0.847683 0.530182 0.0184544
-118.614 41.8168 27.2944 -0.846182 0.531762 0.0347033
-117.522 43.5558 27.2862 -0.847205 0.530009 0.0365259
-116.409 45.3527 27.2833 -0.851802 0.522355 0.0397277
-115.313 47.1415 27.2712 -0.851605 0.522705 0.0393457
-114.262 48.855 27.2492 -0.850357 0.524976 0.0359665
-113.205 50.5795 27.2166 -0.850562 0.525056 0.0293266
-112.141 52.3075 27.201 -0.850946 0.524471 0.0286604
-111.054 54.0485 27.1916 -0.8463 0.531515 0.0356126
-109.956 55.796 27.1668 -0.846259 0.531578 0.0356611
-108.89 57.5161 27.128 -0.852096 0.522457 0.0311539
-107.784 59.324 27.0943 -0.852473 0.521868 0.0307269
-106.738 61.0301 27.061 -0.85065 0.525089 0.0260073
-105.665 62.763 27.0318 -0.850206 0.525918 0.0236529
-104.616 64.4675 26.9871 -0.851464 0.523895 0.0233085
-103.521 66.2484 26.9357 -0.850647 0.525039 0.0270911
-102.469 67.9555 26.8766 -0.850779 0.524743 0.0286225
-101.405 69.6817 26.8307 -0.850256 0.525631 0.0278821
-101.324 69.813 26.8272 -0.850358 0.525465 0.0278824
-104.832 63.7899 32.2071 -0.851478 0.522921 0.0392279
-105.897 62.0541 32.2253 -0.851398 0.523053 0.0392075
-107.052 60.1718 32.2574 -0.851177 0.523389 0.0395153
-108.179 58.3417 32.2887 -0.850403 0.524531 0.0410011
-109.253 56.5987 32.3005 -0.850348 0.52463 0.0408928
-110.33 54.8504 32.3164 -0.850432 0.524556 0.0400763
-111.388 53.1353 32.3169 -0.850441 0.524409 0.0417699
-112.52 51.3 32.313 -0.850456 0.524382 0.0418171
-113.613 49.5234 32.3169 -0.851568 0.522656 0.0407758
-114.684 47.7766 32.3401 -0.850804 0.524019 0.0391865
-115.834 45.9221 32.3248 -0.848552 0.527878 0.0361125
-116.941 44.1445 32.3067 -0.848556 0.527871 0.0361366
-118.013 42.4236 32.2857 -0.848555 0.527874 0.036109
-119.074 40.7228 32.2679 -0.846679 0.530776 0.0375626
-120.192 38.9518 32.2468 -0.844496 0.534018 0.0406316
-121.275 37.2416 32.2185 -0.844524 0.533976 0.040605
-122.376 35.4992 32.1926 -0.845351 0.532613 0.0412845
-123.536 33.6597 32.1771 -0.845654 0.532173 0.0407603
-124.673 31.8506 32.1539 -0.846276 0.531258 0.039763
-125.739 30.156 32.1264 -0.846282 0.531249 0.0397563
-126.911 28.2878 32.0973 -0.847179 0.529771 0.0403812
-128.016 26.5212 32.0719 -0.847581 0.529133 0.0402987
-129.095 24.7943 32.0433 -0.847855 0.528758 0.0394659
-130.165 23.076 32.0046 -0.849575 0.526418 0.0332747
-131.26 21.3084 31.9706 -0.849366 0.52679 0.0327254
-132.324 19.5991 31.9386 -0.848654 0.5279 0.033269
-133.462 17.7711 31.9097 -0.848528 0.528149 0.0325452
-134.555 16.0218 31.8787 -0.84722 0.530501 0.0280597
-135.626 14.3089 31.847 -0.848514 0.528513 0.0264313
-136.73 12.5318 31.819 -0.850355 0.525705 0.0230342
-137.864 10.6953 31.7929 -0.850705 0.525236 0.0207009
-138.923 8.98299 31.7635 -0.850282 0.525969 0.0193914
-139.353 8.2899 31.7531 -0.848675 0.528656 0.0165271
-139.355 8.09789 36.3132 -0.847187 0.530572 0.0277016
-138.23 9.89094 36.3633 -0.847219 0.530517 0.0277605
-137.139 11.6356 36.4078 -0.848768 0.527956 0.0292563
-136.065 13.3597 36.4536 -0.849039 0.527395 0.0314208
-134.991 15.0789 36.5054 -0.84747 0.529492 0.0378573
-133.842 16.9116 36.5572 -0.847532 0.52951 0.0361762
-132.714 18.7047 36.6082 -0.846362 0.531627 0.0323224
-131.645 20.4027 36.6619 -0.846119 0.532036 0.0319424
-130.534 22.1683 36.7151 -0.846787 0.530965 0.0320591
-129.455 23.8859 36.7745 -0.84677 0.530992 0.0320566
-128.376 25.6023 36.8283 -0.846766 0.530916 0.0333853
-127.291 27.3267 36.884 -0.845733 0.532425 0.0354895
-126.212 29.0302 36.9379 -0.843254 0.535182 0.0500286
-125.131 30.7376 36.9892 -0.845234 0.531561 0.0549796
-124.043 32.4664 37.0363 -0.846049 0.530469 0.0529539
-122.95 34.2012 37.0801 -0.845191 0.531973 0.0515513
-121.844 35.9587 37.1206 -0.844727 0.532906 0.049464
-120.676 37.8088 37.1778 -0.845676 0.531698 0.0461505
-119.58 39.5532 37.2283 -0.846882 0.529384 0.0504332
-118.438 41.369 37.2808 -0.84655 0.529477 0.0548366
-117.345 43.1066 37.3181 -0.845683 0.530401 0.0591202
-116.202 44.9212 37.3653 -0.845167 0.53116 0.0596817
-115.115 46.6468 37.395 -0.845172 0.531153 0.0596692
-114.034 48.3733 37.4241 -0.848985 0.525373 0.0566295
-112.947 50.1426 37.4422 -0.851798 0.520857 0.0561108
-111.875 51.8942 37.4655 -0.851844 0.520779 0.0561389
-110.797 53.6546 37.4881 -0.851825 0.520811 0.056123
-109.726 55.4084 37.491 -0.852449 0.520184 0.0523415
-108.593 57.2517 37.4949 -0.850619 0.523451 0.0494568
-108.303 57.7232 37.4942 -0.850721 0.523163 0.050736
-112.076 51.0102 42.636 -0.852891 0.518986 0.05684
-113.155 49.2532 42.5888 -0.850765 0.522423 0.0572082
-114.275 47.4328 42.5363 -0.85064 0.522577 0.0576661
-115.386 45.6443 42.4765 -0.845984 0.529765 0.0604904
-116.525 43.8383 42.4044 -0.845532 0.530415 0.0611165
-117.601 42.1318 42.3286 -0.845535 0.530411 0.0611059
-118.727 40.3446 42.2608 -0.845494 0.530471 0.0611553
-119.794 38.6539 42.1861 -0.845218 0.530954 0.0607755
-120.958 36.8103 42.1042 -0.845213 0.530962 0.0607769
-122.099 35.0027 42.0257 -0.845305 0.530821 0.0607341
-123.271 33.1464 41.9498 -0.844252 0.532852 0.0575161
-124.436 31.3191 41.8709 -0.842347 0.536153 0.0546899
-125.61 29.483 41.7884 -0.842336 0.536172 0.054683
-126.729 27.7351 41.7086 -0.841548 0.537282 0.0558973
-127.829 26.0308 41.6261 -0.839586 0.540292 0.0563892
-128.96 24.282 41.5377 -0.839546 0.540363 0.0563066
-130.072 22.5514 41.4579 -0.842714 0.536138 0.0488756
-131.217 20.7393 41.3748 -0.846409 0.530757 0.0434741
-132.291 19.0329 41.3018 -0.846454 0.530684 0.0434682
-133.43 17.2222 41.2271 -0.846087 0.531125 0.0452003
-134.508 15.5062 41.1529 -0.846802 0.53029 0.0414548
-135.6 13.7759 41.0853 -0.846077 0.53172 0.0377859
-136.679 12.0665 41.0209 -0.84547 0.532666 0.0380409
-137.772 10.3339 40.9587 -0.845607 0.532456 0.0379546
-138.444 9.27037 40.9183 -0.844968 0.533494 0.0375981
-136.937 11.2935 45.5715 -0.84265 0.535735 0.0541199
-135.757 13.136 45.666 -0.841501 0.53787 0.0507092
-134.617 14.9118 45.754 -0.84161 0.537761 0.0500533
-133.472 16.7156 45.8505 -0.846822 0.529428 0.0509683
-132.338 18.5076 45.9498 -0.843023 0.534774 0.057695
-131.21 20.2623 46.0536 -0.840869 0.537434 0.0640632
-130.109 21.9707 46.1561 -0.840312 0.537971 0.0667988
-128.988 23.7033 46.2604 -0.839536 0.538864 0.0693222
-127.877 25.4161 46.3712 -0.83912 0.539453 0.0697769
-126.736 27.1806 46.4863 -0.840064 0.538029 0.0694058
-125.643 28.8732 46.5905 -0.840183 0.537832 0.0694853
-124.468 30.6946 46.6977 -0.839955 0.538092 0.0702253
-123.338 32.431 46.819 -0.837362 0.541703 0.0733667
-122.195 34.1917 46.9232 -0.840601 0.536648 0.0734729
-121.083 35.9299 47.0354 -0.843197 0.53176 0.079064
-119.972 37.697 47.1423 -0.846267 0.52672 0.0799852
-118.9 39.4033 47.2502 -0.846268 0.526718 0.0799924
-117.778 41.197 47.3583 -0.849777 0.521231 0.0787232
-116.696 42.9514 47.4419 -0.850139 0.520677 0.0784745
-115.627 44.6797 47.5361 -0.848526 0.52418 0.0723797
-115.271 45.2516 47.5709 -0.848115 0.52504 0.0709445
-118.233 39.7056 52.3283 -0.848309 0.523446 0.0798509
-119.345 37.9466 52.187 -0.842867 0.532753 0.0758233
-120.498 36.1537 52.0385 -0.841393 0.535374 0.0736995
-121.633 34.3909 51.8901 -0.841016 0.535925 0.0740024
-122.723 32.7137 51.7453 -0.837451 0.541545 0.0735232
-123.823 31.0316 51.6038 -0.83827 0.539941 0.0759393
-124.976 29.2581 51.4635 -0.839133 0.53795 0.0804079
-126.065 27.5788 51.3282 -0.839311 0.537602 0.0808807
-127.167 25.88 51.1877 -0.839236 0.537684 0.0811131
-128.285 24.1599 51.0431 -0.837829 0.540289 0.0782959
-129.467 22.3489 50.8956 -0.838561 0.539637 0.0748877
-130.563 20.6628 50.7703 -0.83869 0.539903 0.0714375
-131.769 18.8024 50.6291 -0.839962 0.537874 0.0717979
-132.892 17.0652 50.4999 -0.840018 0.537716 0.0723317
-134.018 15.328 50.3738 -0.838596 0.540012 0.0717168
-135.127 13.6177 50.2715 -0.839898 0.538497 0.067772
-133.241 15.9093 55.0162 -0.837995 0.540505 0.0749565
-132.121 17.6252 55.172 -0.838038 0.540397 0.0752492
-130.981 19.3683 55.3302 -0.838567 0.538937 0.0797033
-129.787 21.1867 55.5066 -0.836126 0.541698 0.0863484
-128.587 23.0118 55.694 -0.836169 0.542114 0.0832638
-127.441 24.7528 55.8712 -0.836028 0.542209 0.084057
-126.331 26.4394 56.0436 -0.836879 0.540739 0.0850583
-125.167 28.2243 56.2269 -0.838578 0.537773 0.0871007
-124.017 29.99 56.4133 -0.839768 0.536032 0.0863663
-122.851 31.7852 56.5963 -0.838987 0.537428 0.0852815
-121.754 33.4639 56.765 -0.83613 0.542053 0.0840575
-121.261 34.2128 56.8395 -0.837201 0.540244 0.0850403
-124.338 28.7059 61.1569 -0.838747 0.535979 0.0960785
-125.5 26.9313 60.9331 -0.83804 0.5373 0.0948599
-126.646 25.1803 60.7123 -0.83836 0.536933 0.0941059
-127.759 23.4816 60.4966 -0.838364 0.536932 0.0940722
-128.895 21.7552 60.2812 -0.834724 0.543046 0.091309
-130.087 19.9647 60.0566 -0.833974 0.544215 0.0911962
-130.884 18.7685 59.9081 -0.834124 0.544022 0.0909809
-130.989 18.6112 59.8913 -0.834169 0.543976 0.0908404
