-128.863 4.34456 34.8552 -0.810215 0.585773 0.0205214
-128.493 4.83765 35.4229 -0.811038 0.584625 0.0207423
-127.969 5.49865 37.2673 -0.811645 0.583553 0.0264292
-127.397 6.19689 39.1087 -0.809806 0.585907 0.030447
-126.885 6.7977 41.0431 -0.805358 0.591537 0.0384955
-126.265 7.5116 42.8843 -0.808264 0.587094 0.0450514
-125.638 8.23435 44.7349 -0.808147 0.586832 0.0502395
-124.97 8.99179 46.4704 -0.809505 0.584246 0.0579461
-124.313 9.71097 48.2241 -0.81074 0.581707 0.0657026
-123.61 10.4884 49.9718 -0.809602 0.583001 0.0682225
-122.885 11.2551 51.8443 -0.809248 0.582266 0.077994
-122.12 12.088 53.5799 -0.814856 0.573374 0.0851592
-121.368 12.8977 55.265 -0.815734 0.571255 0.0908078
-120.564 13.7684 56.9125 -0.814746 0.569397 0.109436
-119.75 14.5723 58.5592 -0.812342 0.568634 0.129441
-118.89 15.4237 60.1775 -0.820969 0.551952 0.146148
-118.037 16.2451 61.8343 -0.815578 0.556158 0.159749
-117.332 16.7746 63.3761 -0.813207 0.545225 0.20353
-117.388 15.9257 65.2437 -0.798926 0.551109 0.240823
-117.021 15.586 67.1784 -0.799414 0.546808 0.248875
-116.31 15.6164 69.0961 -0.74104 0.578329 0.341167
-115.257 15.744 70.9481 -0.722277 0.580405 0.376093
-114.228 15.7861 72.6815 -0.671495 0.6257 0.396982
-113.173 15.8842 74.4133 -0.679566 0.636788 0.364268
-112.152 15.9365 76.1979 -0.658318 0.644173 0.389196
-111.041 15.9605 77.9082 -0.644835 0.649856 0.402337
-110.046 15.8038 79.7662 -0.644842 0.651416 0.399796
-108.957 15.7713 81.5278 -0.631528 0.657749 0.410534
-107.739 15.8423 83.2019 -0.607981 0.64739 0.459614
-106.428 15.9183 84.8271 -0.603254 0.655234 0.454701
-105.13 15.9836 86.4253 -0.579399 0.678454 0.45166
-103.854 16.0061 88.0027 -0.567967 0.672542 0.474448
-102.444 16.025 89.5635 -0.550313 0.669369 0.4991
-101.071 16.0135 91.0255 -0.507367 0.680621 0.528521
-99.5943 16.0011 92.4027 -0.497574 0.675842 0.543744
-98.0344 16.0391 93.7702 -0.479904 0.693921 0.536811
-96.4709 16.1015 95.0618 -0.463866 0.691377 0.553893
-94.8944 16.0979 96.3612 -0.459357 0.688907 0.560712
-93.1557 16.1221 97.6839 -0.432259 0.695313 0.574187
-91.5469 16.1294 98.8824 -0.431235 0.694966 0.575376
-89.8043 16.1302 100.179 -0.427015 0.692899 0.580988
-88.098 16.1329 101.38 -0.402241 0.690066 0.601673
-86.4036 16.1136 102.533 -0.401359 0.69013 0.602188
-84.7137 16.0964 103.678 -0.400967 0.690257 0.602304
-82.9748 16.0789 104.849 -0.390247 0.685848 0.614201
-81.1694 15.8308 106.2 -0.363734 0.680517 0.636057
-79.5442 15.5853 107.364 -0.352792 0.67804 0.644825
-77.8887 15.3161 108.535 -0.340131 0.679917 0.649632
-76.2736 14.9589 109.743 -0.336302 0.676522 0.655147
-74.6029 14.6221 110.852 -0.305786 0.662772 0.683541
-72.8212 14.2495 112.012 -0.306526 0.662391 0.683578
-71.1543 13.8923 113.085 -0.28622 0.669095 0.68585
-69.4755 13.5152 114.118 -0.27033 0.664427 0.696749
-67.7487 13.1231 115.139 -0.240564 0.658479 0.713108
-65.9381 12.5314 116.241 -0.221895 0.652765 0.724334
-64.2161 12.0803 117.167 -0.206579 0.659059 0.723153
-62.3468 11.5237 118.162 -0.18674 0.657616 0.729841
-60.6126 10.9684 119.086 -0.16737 0.654639 0.737172
-58.901 10.3877 119.965 -0.144635 0.65193 0.744351
-57.1289 9.83161 120.754 -0.129903 0.646207 0.752025
-55.3634 9.27943 121.543 -0.130407 0.635268 0.761202
-53.6084 8.60249 122.376 -0.111561 0.623249 0.774025
-51.8136 7.90722 123.133 -0.0713813 0.629319 0.773862
-49.9912 7.2998 123.795 -0.0706642 0.62976 0.773569
-48.0865 6.70622 124.461 -0.0765646 0.613614 0.785884
-46.321 6.04218 125.137 -0.0650658 0.600479 0.796989
-44.4868 5.25452 125.811 -0.0190726 0.599382 0.800236
-42.7454 4.49245 126.422 -0.0167899 0.597565 0.801645
-44.4176 4.34053 126.498 -0.0192104 0.599257 0.800326
-46.4195 4.32757 126.432 -0.0653715 0.605877 0.792868
-48.4333 4.26264 126.315 -0.0536266 0.607822 0.792254
-50.508 4.21534 126.23 -0.0458779 0.610268 0.790865
-52.7051 4.19544 126.108 -0.0522965 0.625885 0.778137
-54.8147 4.1068 125.996 -0.0736127 0.643022 0.762301
-56.8987 4.03494 125.818 -0.106066 0.659254 0.744402
-58.9402 3.98522 125.556 -0.11898 0.661367 0.740566
-61.0356 3.9532 125.222 -0.12609 0.664535 0.736542
-63.0486 3.92921 124.902 -0.122528 0.672431 0.729944
-65.0603 3.90434 124.515 -0.160833 0.674233 0.720793
-67.0592 3.90496 124.05 -0.178415 0.688408 0.703038
-69.1298 3.9353 123.468 -0.21228 0.686667 0.695288
-71.2025 3.88437 122.874 -0.216043 0.689166 0.691647
-73.2469 3.85208 122.244 -0.234239 0.693678 0.681123
-75.1644 3.84016 121.553 -0.261633 0.691421 0.673406
-77.045 3.8439 120.792 -0.270719 0.694161 0.666972
-78.9914 3.82998 119.99 -0.285786 0.69262 0.662272
-80.9318 3.84451 119.139 -0.284632 0.693549 0.661796
-82.7971 3.84215 118.325 -0.306003 0.699287 0.646027
-84.6063 3.80026 117.462 -0.339137 0.704459 0.623477
-86.3782 3.81016 116.472 -0.347817 0.699825 0.623913
-88.2527 3.8041 115.416 -0.354334 0.700883 0.619041
-90.1751 3.78871 114.331 -0.356271 0.702012 0.616644
-91.8939 3.83922 113.233 -0.377152 0.705321 0.600225
-93.6338 3.87861 112.045 -0.392576 0.704036 0.59179
-95.2578 4.03149 110.783 -0.393876 0.703192 0.591931
-96.803 4.28291 109.441 -0.397416 0.706806 0.585223
-98.3087 4.51621 108.108 -0.410538 0.71093 0.570996
-99.7773 4.72633 106.753 -0.43616 0.705643 0.55842
-101.241 4.92078 105.343 -0.43957 0.707828 0.552954
-102.741 5.11791 103.895 -0.443772 0.709037 0.548023
-104.205 5.29755 102.408 -0.453785 0.718608 0.526955
-105.634 5.43225 100.912 -0.482023 0.721506 0.497072
-107.096 5.52259 99.3495 -0.49374 0.718865 0.48934
-108.44 5.59652 97.8669 -0.501387 0.714286 0.488269
-109.886 5.68228 96.2532 -0.502365 0.716696 0.483712
-111.268 5.62587 94.7331 -0.546065 0.715088 0.43642
-112.602 5.44112 93.1836 -0.583662 0.711504 0.391282
-113.882 5.23374 91.6166 -0.601677 0.696268 0.391399
-115.159 5.00787 90.0704 -0.604702 0.687243 0.402533
-116.46 4.8102 88.4244 -0.616374 0.687762 0.383477
-117.677 4.55885 86.7969 -0.643299 0.680006 0.351794
-118.963 4.14669 85.1136 -0.670663 0.666249 0.326072
-119.966 4.02622 83.2946 -0.671249 0.66475 0.32792
-120.88 4.0199 81.3982 -0.681776 0.661385 0.312643
-121.692 4.06568 79.5252 -0.678268 0.664513 0.313648
-122.451 4.13303 77.4877 -0.714488 0.641983 0.278122
-123.195 4.12734 75.5632 -0.725807 0.634208 0.26643
-123.93 4.12567 73.5598 -0.726819 0.633338 0.265738
-124.559 4.16453 71.5308 -0.744518 0.631518 0.216506
-125.12 4.16547 69.5817 -0.74472 0.631991 0.214427
-125.696 4.17007 67.5306 -0.758496 0.619595 0.201933
-126.178 4.17005 65.5553 -0.764166 0.624513 0.161347
-126.604 4.15885 63.4461 -0.765269 0.628539 0.138833
-126.922 4.18963 61.3086 -0.773267 0.622253 0.121842
-127.224 4.23875 59.11 -0.777388 0.616973 0.12238
-127.49 4.23755 57.094 -0.795322 0.600107 0.0856413
-127.705 4.25727 54.9291 -0.799654 0.594418 0.0849786
-127.878 4.30255 52.7343 -0.800479 0.595534 0.0676239
-128.027 4.33003 50.7151 -0.804211 0.590318 0.069058
-128.17 4.36809 48.6744 -0.804254 0.590769 0.0645612
-128.294 4.41717 46.6228 -0.804215 0.591077 0.0621736
-128.431 4.43754 44.507 -0.806004 0.589616 0.0520652
-128.557 4.42471 42.451 -0.804295 0.592624 0.0436751
-128.67 4.38204 40.4457 -0.80809 0.588381 0.0282532
-128.778 4.32977 38.4011 -0.810025 0.585814 0.0260804
-128.827 4.34486 36.2694 -0.810643 0.585156 0.0212403
-128.845 4.36184 35.076 -0.810529 0.585346 0.0202965
-130.906 1.50344 35.1902 -0.810534 0.585301 0.0213809
-130.93 1.52647 33.1485 -0.814403 0.580289 -8.2408e-05
-130.926 1.51169 31.1374 -0.817488 0.575896 -0.00753594
-130.895 1.52231 29.003 -0.818194 0.574815 -0.0120583
-130.878 1.49759 26.8273 -0.818878 0.573809 -0.0135179
-130.827 1.52472 24.7812 -0.819923 0.57229 -0.0144992
-130.757 1.52018 22.655 -0.819464 0.571963 -0.0365716
-130.65 1.53787 20.518 -0.819483 0.571935 -0.0365705
-130.534 1.55983 18.328 -0.819159 0.571905 -0.0435569
-130.401 1.55146 16.2831 -0.820754 0.567734 -0.0635672
-130.255 1.59924 14.8758 -0.8199 0.56849 -0.0676975
-130.003 2.18771 16.8181 -0.821172 0.567508 -0.0600868
-129.713 2.76915 18.7949 -0.819138 0.572358 -0.0376684
-129.374 3.38329 20.7827 -0.819518 0.571885 -0.0365759
-129.076 3.93136 22.6971 -0.819147 0.572454 -0.0359882
-128.761 4.47379 24.6526 -0.819009 0.573423 -0.0202552
-128.387 5.05292 26.6161 -0.819348 0.573262 -0.00627192
-127.923 5.74026 28.6034 -0.817911 0.575264 -0.00967991
-127.446 6.42039 30.538 -0.814337 0.580296 0.0105573
-126.983 7.03357 32.4553 -0.817362 0.576037 0.01008
-126.544 7.61124 34.3835 -0.819684 0.572508 0.0188017
-125.991 8.31092 36.2467 -0.815261 0.578386 0.0286057
-125.414 9.00722 38.1324 -0.81169 0.583141 0.0332569
-124.887 9.62271 39.9628 -0.808366 0.587269 0.0407512
-124.323 10.2852 41.7724 -0.809812 0.585314 0.0401517
-123.648 11.0673 43.6475 -0.807929 0.587073 0.0509451
-122.987 11.8272 45.3969 -0.810863 0.583118 0.0497449
-122.327 12.5946 47.1418 -0.813547 0.578605 0.0579508
-121.641 13.3474 48.9553 -0.811688 0.580204 0.0672711
-120.938 14.1209 50.7514 -0.811713 0.579653 0.0715803
-120.164 14.9742 52.4965 -0.808362 0.584222 0.0723598
-119.389 15.8799 54.183 -0.817649 0.572721 0.0586583
-118.616 16.7854 55.9141 -0.822758 0.5622 0.0836456
-117.809 17.6589 57.5814 -0.819989 0.557313 0.130395
-116.948 18.5293 59.2595 -0.824607 0.549091 0.136097
-116.039 19.6157 60.6622 -0.838579 0.530091 0.125654
-115.011 21.2518 60.6748 -0.844762 0.520195 0.125591
-114.264 22.7844 59.4849 -0.841544 0.528479 0.111863
-113.407 24.2799 58.3184 -0.836136 0.545471 0.0577708
-112.526 25.7524 57.1821 -0.835565 0.545976 0.0611735
-111.665 27.1943 56.0697 -0.834595 0.547374 0.0618969
-110.779 28.6591 54.9749 -0.831739 0.551696 0.0619786
-109.78 30.293 53.8663 -0.831523 0.551598 0.0656414
-108.759 31.9065 52.9193 -0.824319 0.563368 0.0558071
-107.732 33.5079 51.9677 -0.82752 0.559055 0.0516596
-106.73 35.0892 51.0557 -0.836176 0.54612 0.0504961
-105.741 36.6965 50.0739 -0.837971 0.543986 0.0433995
-104.778 38.2577 49.0891 -0.837845 0.544205 0.0430819
-103.768 39.8695 48.1225 -0.832232 0.553632 0.0296463
-102.773 41.3828 47.2724 -0.82871 0.559263 0.0215357
-101.72 42.9764 46.4344 -0.828769 0.559173 0.0216362
-100.722 44.4887 45.5771 -0.828765 0.559178 0.021627
-99.6272 46.1467 44.6665 -0.828772 0.559167 0.02165
-98.5754 47.7387 43.8083 -0.828679 0.559304 0.0217113
-97.563 49.2705 42.958 -0.828123 0.5601 0.0223653
-96.5487 50.8032 42.0696 -0.827378 0.561174 0.0230057
-95.5249 52.3488 41.1036 -0.825287 0.564338 0.020516
-94.4237 53.9516 40.2355 -0.818765 0.573889 0.0166071
-93.3008 55.5713 39.327 -0.818743 0.574105 0.00796658
-92.2445 57.0872 38.5266 -0.818921 0.573872 0.00624559
-91.2007 58.5849 37.659 -0.818536 0.57443 0.00542489
-90.0267 60.2668 36.7617 -0.819354 0.573283 0.00258965
-88.9059 61.8697 35.8909 -0.81942 0.573193 0.000451138
-87.8473 63.3828 35.0954 -0.819341 0.573307 -0.000104794
-86.7886 64.8978 34.2807 -0.820224 0.57204 -0.00158282
-85.7071 66.4475 33.4344 -0.819934 0.572454 -0.00222966
-84.6009 68.0185 32.6025 -0.817182 0.576376 -0.00182895
-83.4786 69.6069 31.766 -0.817175 0.576386 -0.00196429
-82.3885 71.1493 30.9622 -0.817136 0.576441 -0.00204881
-81.273 72.7265 30.1314 -0.816489 0.577359 -0.00115092
-80.1831 74.2646 29.3607 -0.816156 0.57783 -0.00125598
-79.0564 75.8534 28.5687 -0.81598 0.578075 -0.0024257
-77.9288 77.4398 27.7701 -0.815732 0.578422 -0.00309685
-76.8402 78.9716 26.9673 -0.816143 0.577839 -0.00353287
-75.7572 80.4982 26.1589 -0.816826 0.576881 -0.00184586
-74.6637 82.0486 25.3456 -0.817548 0.575859 -0.000796138
-73.5639 83.6086 24.5518 -0.817095 0.576502 -5.83489e-05
-72.4427 85.1955 23.7063 -0.815303 0.57903 0.00225441
-71.3114 86.7866 22.8789 -0.812878 0.582404 0.00587766
-70.2143 88.3217 22.0416 -0.811429 0.584418 0.0062244
-69.1087 89.8695 21.296 -0.813234 0.581816 0.011895
-68.0054 91.4348 20.4205 -0.813832 0.58096 0.0127885
-66.9732 92.9009 19.4579 -0.81365 0.581229 0.0120841
-65.9786 94.3169 18.4482 -0.815676 0.578334 0.0142179
-64.9579 95.7999 17.3875 -0.81391 0.580423 0.025684
-64.0008 97.179 16.2729 -0.809514 0.586418 0.0283055
-63.0234 98.5806 15.1917 -0.808928 0.587237 0.0280592
-62.0297 100.007 14.0905 -0.809969 0.58543 0.0349641
-61.0809 101.415 12.7726 -0.811844 0.582357 0.0420632
-60.2619 102.653 11.319 -0.809332 0.58624 0.0361199
-59.5793 103.694 9.71439 -0.811832 0.58291 0.0338328
-58.9233 104.709 7.96691 -0.812128 0.582408 0.0353499
-58.2723 105.718 6.32246 -0.81288 0.581329 0.0358136
-57.6047 106.764 4.52604 -0.813208 0.580881 0.0356218
-57.4046 107.133 2.60198 -0.815092 0.579243 0.0101799
-57.5928 106.903 0.497833 -0.817952 0.575257 0.00580597
-57.5169 106.985 -1.59669 -0.819795 0.572564 -0.0102837
-57.4266 107.075 -3.62199 -0.820485 0.571411 -0.0171611
-57.713 106.549 -5.5449 -0.820914 0.569185 -0.0461509
-58.2019 105.69 -7.36402 -0.820721 0.568932 -0.0521842
-58.6462 104.866 -9.20897 -0.822229 0.565761 -0.0620807
-58.8869 104.276 -11.1946 -0.824767 0.560772 -0.0727438
-59.2486 103.438 -13.1345 -0.824148 0.557386 -0.1005
-59.8028 102.325 -14.7371 -0.825916 0.55459 -0.101451
-60.4097 101.099 -16.455 -0.826653 0.552534 -0.106539
-60.9056 100.009 -18.1642 -0.829206 0.547433 -0.112847
-61.373 98.9344 -19.915 -0.827495 0.549007 -0.117655
-61.8227 97.8594 -21.6357 -0.82561 0.547359 -0.136992
-62.442 96.5255 -23.1793 -0.828702 0.541203 -0.142662
-63.0632 95.1553 -24.6856 -0.828667 0.53961 -0.148769
-63.7265 93.7432 -26.1579 -0.825069 0.545267 -0.148139
-64.3545 92.3906 -27.6263 -0.825455 0.544076 -0.150352
-65.0105 90.9994 -29.0538 -0.824003 0.546083 -0.15104
-65.617 89.697 -30.477 -0.819932 0.551303 -0.154195
-66.2602 88.3369 -31.867 -0.818675 0.550244 -0.164327
-66.8478 87.033 -33.2938 -0.816295 0.551934 -0.170381
-67.5312 85.5686 -34.7274 -0.816795 0.54992 -0.174454
-68.2096 84.1573 -36.0092 -0.817082 0.549965 -0.172962
-68.9167 82.6917 -37.2742 -0.81882 0.545773 -0.177952
-69.5892 81.2571 -38.5789 -0.819276 0.54532 -0.177235
-70.2972 79.7552 -39.9279 -0.818084 0.546857 -0.178004
-70.9743 78.3249 -41.2033 -0.817125 0.547224 -0.181255
-71.654 76.8963 -42.4549 -0.81662 0.547789 -0.181819
-72.3297 75.4629 -43.7308 -0.815997 0.547766 -0.184666
-73.0297 73.979 -44.9982 -0.816341 0.542921 -0.197032
-73.8093 72.3455 -46.2335 -0.815146 0.543171 -0.201252
-74.5123 70.8607 -47.3953 -0.815836 0.542176 -0.201138
-75.2218 69.3562 -48.5792 -0.813697 0.544816 -0.202666
-75.9956 67.7341 -49.848 -0.808722 0.550302 -0.207694
-76.7426 66.184 -51.0482 -0.809013 0.550017 -0.207313
-77.4588 64.6894 -52.2259 -0.807801 0.551717 -0.207524
-78.1484 63.2251 -53.4366 -0.807636 0.551861 -0.207781
-78.8813 61.7113 -54.5944 -0.805887 0.551457 -0.215505
-79.5992 60.1967 -55.7424 -0.806648 0.548273 -0.220717
-80.2995 58.6248 -57.0803 -0.809632 0.544491 -0.219146
-80.93 57.1752 -58.3445 -0.810523 0.54316 -0.219156
-81.6341 55.5781 -59.6983 -0.810555 0.543127 -0.21912
-82.2808 54.1126 -60.9385 -0.810558 0.543127 -0.21911
-82.9712 52.5819 -62.1789 -0.810535 0.543149 -0.219138
-83.6626 50.9983 -63.5449 -0.809627 0.543886 -0.220661
-84.3024 49.5336 -64.7883 -0.807624 0.543036 -0.229901
-84.9497 48.0202 -66.0651 -0.803796 0.5442 -0.24033
-85.5985 46.4712 -67.3858 -0.80277 0.540661 -0.251487
-86.2075 44.952 -68.6967 -0.803261 0.538276 -0.255012
-86.8392 43.4462 -69.8681 -0.805133 0.535349 -0.255268
-87.4604 41.9427 -71.0617 -0.805136 0.535343 -0.255274
-88.126 40.3139 -72.3783 -0.805139 0.535337 -0.255275
-88.7409 38.8143 -73.5721 -0.803496 0.534777 -0.261547
-89.3369 37.269 -74.8002 -0.797061 0.528343 -0.292487
-89.844 35.7183 -76.1679 -0.802269 0.516894 -0.298639
-90.2858 34.1827 -77.6198 -0.802951 0.511424 -0.306126
-90.7053 32.6838 -79.013 -0.800376 0.513988 -0.308567
-91.0791 31.2584 -80.3954 -0.801629 0.502382 -0.324041
-91.2334 29.8702 -81.9243 -0.797666 0.472967 -0.374207
-91.2191 28.5886 -83.6087 -0.806645 0.473032 -0.354324
-91.2461 27.3502 -85.2119 -0.809933 0.469163 -0.351985
-91.2339 26.0545 -86.9752 -0.815146 0.466105 -0.343924
-90.9282 25.4058 -88.3941 -0.780791 0.42493 -0.458039
-90.2208 27.2905 -87.7129 -0.816006 0.465681 -0.342455
-89.5262 29.0499 -87.05 -0.825633 0.446581 -0.34481
-88.7998 30.9385 -86.3279 -0.824814 0.455018 -0.33562
-88.0616 32.8192 -85.5638 -0.832212 0.45784 -0.312737
-87.2967 34.6648 -84.8102 -0.822222 0.479535 -0.306588
-86.5515 36.4072 -84.0781 -0.822751 0.485574 -0.295462
-85.7605 38.1566 -83.3554 -0.821599 0.500425 -0.273038
-84.8956 39.9965 -82.4838 -0.815926 0.514945 -0.26286
-84.0949 41.6879 -81.7149 -0.826373 0.501696 -0.255752
-83.3148 43.3782 -80.9241 -0.82715 0.500833 -0.25493
-82.5176 45.0882 -80.1513 -0.827157 0.500824 -0.254926
-81.6991 46.8686 -79.3094 -0.827149 0.500831 -0.254938
-80.9006 48.5408 -78.5176 -0.818676 0.523979 -0.23498
-80.0732 50.1903 -77.6859 -0.816794 0.527783 -0.233008
-79.2332 51.8794 -76.8043 -0.8168 0.527778 -0.232997
-78.3918 53.5541 -75.9603 -0.816787 0.527803 -0.232985
-77.5453 55.2344 -75.1211 -0.816885 0.527851 -0.232535
-76.704 56.896 -74.3031 -0.817463 0.528132 -0.229849
-75.864 58.5613 -73.4593 -0.81763 0.529126 -0.22695
-74.9948 60.2428 -72.6274 -0.817396 0.532043 -0.220894
-74.1339 61.9265 -71.8228 -0.829789 0.515617 -0.213472
-73.3334 63.5728 -70.9915 -0.832689 0.511642 -0.211783
-72.52 65.2393 -70.1636 -0.832695 0.511635 -0.211774
-71.6977 66.925 -69.324 -0.832683 0.511653 -0.211778
-70.8239 68.6921 -68.4259 -0.826941 0.525968 -0.198805
-69.929 70.3991 -67.5436 -0.82495 0.532195 -0.190333
-69.0773 72.0214 -66.6985 -0.824948 0.532187 -0.190363
-68.204 73.6675 -65.884 -0.825032 0.531782 -0.191129
-67.3388 75.3313 -65.003 -0.824456 0.530978 -0.19579
-66.4538 77.0234 -64.1236 -0.82332 0.53344 -0.19387
-65.5389 78.7738 -63.2157 -0.827448 0.527902 -0.191438
-64.7068 80.3896 -62.3831 -0.831382 0.523409 -0.186672
-63.7918 82.1657 -61.4792 -0.831418 0.523347 -0.186685
-62.9089 83.8795 -60.6063 -0.831334 0.523498 -0.186638
-62.0389 85.5571 -59.7189 -0.82758 0.532208 -0.178512
-61.1506 87.243 -58.7804 -0.826793 0.53411 -0.176466
-60.2799 88.8673 -57.9476 -0.826934 0.533256 -0.178379
-59.3881 90.5576 -57.0463 -0.826396 0.532529 -0.182982
-58.4942 92.2375 -56.1944 -0.826365 0.532546 -0.183073
-57.6334 93.8845 -55.297 -0.82859 0.529657 -0.181386
-56.7393 95.5801 -54.4332 -0.829537 0.52869 -0.179879
-55.906 97.1844 -53.5611 -0.82954 0.52868 -0.17989
-55.023 98.8745 -52.6659 -0.829535 0.528648 -0.180006
-54.1695 100.542 -51.7885 -0.830874 0.521251 -0.194798
-53.2583 102.299 -50.9195 -0.832229 0.525817 -0.175813
-52.3435 104.048 -50.0317 -0.835301 0.521707 -0.173475
-51.4649 105.765 -49.1447 -0.838301 0.517085 -0.172843
-50.6316 107.392 -48.329 -0.840637 0.514302 -0.169772
-49.7476 109.124 -47.4628 -0.841839 0.513122 -0.167368
-48.8849 110.821 -46.6 -0.842333 0.512742 -0.166042
-48.0513 112.461 -45.7709 -0.843612 0.510135 -0.167574
-47.2157 114.107 -44.9138 -0.841945 0.519213 -0.14679
-46.2884 115.801 -43.9971 -0.826294 0.544963 -0.142318
-45.3594 117.447 -43.073 -0.824346 0.547368 -0.144365
-44.4553 119.052 -42.1277 -0.822868 0.54956 -0.144472
-43.5441 120.642 -41.2255 -0.82349 0.549821 -0.139859
-42.6241 122.222 -40.3075 -0.811217 0.570673 -0.127496
-41.6836 123.741 -39.3632 -0.795353 0.591009 -0.134616
-40.701 125.289 -38.3673 -0.794496 0.591484 -0.13756
-39.7326 126.82 -37.3752 -0.793575 0.594034 -0.131763
-38.7108 128.342 -36.3094 -0.763862 0.635064 -0.114929
-37.6012 129.847 -35.2453 -0.751983 0.648351 -0.11897
-36.4866 131.341 -34.1371 -0.747587 0.65236 -0.124657
-35.4179 132.775 -33.0595 -0.744402 0.657935 -0.113958
-34.3347 134.146 -31.9887 -0.724272 0.680871 -0.10883
-33.2214 135.474 -30.8679 -0.707752 0.700233 -0.0936018
-32.0956 136.753 -29.7443 -0.698111 0.710323 -0.089484
-30.8574 138.084 -28.4671 -0.662046 0.738658 -0.126803
-29.7152 139.301 -27.3272 -0.654316 0.744425 -0.133037
-28.543 140.446 -26.0839 -0.604131 0.787736 -0.120406
-27.3367 141.503 -24.8339 -0.569341 0.813451 -0.118947
-25.9633 142.44 -23.5898 -0.454082 0.886728 -0.0866899
-24.2314 143.364 -23.182 -0.421723 0.893538 -0.154076
-22.5268 143.853 -24.3159 -0.282596 0.951588 -0.120861
-21.017 143.88 -25.6626 -0.0766957 0.981614 -0.174788
-19.3912 143.684 -26.8257 0.0570435 0.957522 -0.28266
-17.7538 143.179 -27.978 0.136258 0.938734 -0.316564
-16.0941 142.475 -28.928 0.223384 0.914743 -0.336666
-14.4066 141.648 -29.8175 0.334739 0.876328 -0.346409
-12.6762 140.601 -30.5971 0.37409 0.837953 -0.397353
-11.0723 139.508 -31.2544 0.440263 0.800858 -0.405878
-9.41826 138.307 -31.7317 0.445019 0.776754 -0.445659
-7.80135 138.197 -30.4079 0.413322 0.794059 -0.445678
-6.15718 138.217 -29.0558 0.370109 0.767856 -0.522892
-4.52932 138.268 -27.8478 0.402301 0.758487 -0.51269
-2.97671 138.287 -26.5453 0.41809 0.772383 -0.478149
-1.36719 138.195 -25.2162 0.4289 0.779825 -0.45598
0.226155 138.137 -23.8231 0.406815 0.80134 -0.438583
1.83543 138.085 -22.55 0.361525 0.828441 -0.427698
3.2786 138.042 -21.0982 0.423661 0.841064 -0.336335
4.55346 138.025 -19.472 0.422164 0.856669 -0.296311
5.76343 137.993 -17.7992 0.406541 0.874858 -0.263336
6.3945 138.056 -15.8262 0.497091 0.860717 -0.109552
6.59221 138.093 -13.6741 0.554784 0.831366 -0.028332
6.58264 138.11 -11.6713 0.559093 0.828858 0.0114563
5.95242 138.356 -9.65094 0.693816 0.704993 0.146982
5.5094 138.462 -7.65399 0.733234 0.667742 0.128409
5.09808 138.493 -5.50897 0.757768 0.639431 0.129979
4.39629 139.211 -4.88851 0.76078 0.639542 0.110457
3.30253 140.644 -5.83873 0.749968 0.651956 0.111813
2.02714 142.138 -6.49243 0.736402 0.675705 0.0336727
0.601249 143.642 -6.79653 0.712489 0.700404 -0.0423631
-0.823403 145.043 -6.78617 0.675977 0.733891 -0.0667746
-2.38686 146.429 -6.32699 0.629439 0.773021 -0.0790267
-3.82912 147.664 -5.42685 0.61627 0.784917 -0.0641629
-5.06431 148.561 -4.10962 0.584375 0.809684 0.0258128
-5.96028 148.896 -2.36512 0.393566 0.903799 0.168085
-6.44067 148.652 -0.406197 0.477141 0.843195 0.246705
-6.3811 148.055 1.55651 0.501667 0.830954 0.240108
-5.77224 147.05 3.33956 0.593527 0.728581 0.3419
-4.95915 145.727 4.6415 0.592541 0.708812 0.382721
-3.87505 144.289 5.62849 0.591627 0.704918 0.391116
-2.56574 142.747 6.29429 0.632257 0.675147 0.379993
-1.13641 141.183 6.64938 0.67512 0.663076 0.323331
0.278096 139.73 6.65304 0.675097 0.657255 0.335053
1.36982 138.52 6.79604 0.691658 0.640092 0.334502
0.558803 138.475 8.64459 0.672302 0.677795 0.297573
-0.281522 138.385 10.6407 0.640679 0.704396 0.305544
-1.14395 138.291 12.5284 0.580429 0.748444 0.320834
-2.05985 138.154 14.3122 0.490527 0.800995 0.343206
-3.28119 138.146 15.915 0.445726 0.814305 0.371757
-4.55291 138.081 17.4701 0.404072 0.831032 0.382246
-5.93622 138.016 19.017 0.358187 0.834884 0.417937
-7.63336 138.027 20.2992 0.323605 0.836942 0.441286
-9.35626 138.057 21.3641 0.287741 0.836964 0.465506
-11.1516 138.045 22.4713 0.265866 0.84497 0.464048
-12.9713 137.998 23.3191 0.171187 0.855306 0.489021
-14.878 137.978 24.0596 0.180238 0.861345 0.474973
-16.7885 137.976 24.7878 0.180244 0.861331 0.474995
-18.8156 137.973 25.4851 0.111459 0.883986 0.454002
-20.9336 137.962 25.6953 0.0197805 0.892564 0.450486
-22.4644 138.547 24.4632 -0.0374207 0.909645 0.413678
-24.0116 138.982 23.0712 -0.194695 0.90842 0.369955
-25.4638 139.212 21.4846 -0.312326 0.886938 0.340285
-26.7935 139.359 19.9191 -0.377791 0.858406 0.347007
-27.9729 139.295 18.3053 -0.514887 0.806191 0.291279
-29.1761 139.089 16.6784 -0.564199 0.778886 0.273042
-30.7472 138.071 15.8366 -0.639098 0.743461 0.196899
-32.1877 136.576 16.4229 -0.68627 0.700372 0.196245
-33.4063 135.163 17.1681 -0.689171 0.699425 0.189335
-34.7269 133.629 17.9226 -0.715893 0.681034 0.153904
-35.9504 132.155 18.6646 -0.724342 0.673772 0.146152
-37.1483 130.702 19.3738 -0.728622 0.667797 0.152175
-38.3738 129.17 20.1187 -0.739021 0.657051 0.148769
-39.572 127.687 20.7948 -0.735283 0.662816 0.141536
-40.7591 126.227 21.4793 -0.737331 0.662071 0.134187
-42.0595 124.634 22.2131 -0.743122 0.658126 0.120998
-43.2787 123.132 22.9145 -0.742423 0.658977 0.120653
-44.4895 121.638 23.6329 -0.741163 0.660438 0.120403
-45.776 120.067 24.3758 -0.747234 0.658333 0.090763
-46.9901 118.567 25.0514 -0.757941 0.646666 0.0857281
-48.1717 117.054 25.7683 -0.772729 0.629383 0.0822237
-49.3435 115.541 26.4836 -0.768996 0.634671 0.0764066
-50.5198 114.043 27.1222 -0.769041 0.635405 0.0695395
-51.7064 112.534 27.8054 -0.769147 0.635412 0.0682904
-52.8765 111.057 28.5161 -0.759222 0.647539 0.0653783
-54.0987 109.538 29.2299 -0.771324 0.634282 0.0523914
-55.2878 107.992 29.9147 -0.784244 0.618918 0.0436001
-56.454 106.47 30.5854 -0.783808 0.619697 0.0402596
-57.6162 104.963 31.2415 -0.783157 0.620721 0.0370118
-58.813 103.41 31.916 -0.783991 0.619736 0.0358452
-59.9731 101.928 32.6434 -0.777078 0.628656 0.0306727
-61.2862 100.234 33.3288 -0.794108 0.607392 0.0216389
-62.508 98.6001 34.0421 -0.797912 0.602604 0.0142873
-63.6407 97.0861 34.7404 -0.797572 0.603071 0.0135557
-64.8278 95.4977 35.4307 -0.798401 0.601984 0.0130681
-65.9703 93.9982 36.109 -0.790545 0.612369 0.00655817
-67.1848 92.3904 36.789 -0.805194 0.59299 -0.00494873
-68.3337 90.8273 37.4758 -0.807791 0.589459 -0.00341387
-69.4587 89.2887 38.1538 -0.807884 0.589334 -0.0030547
-70.5777 87.7576 38.7992 -0.808238 0.588846 -0.00333194
-71.7478 86.1572 39.4599 -0.807083 0.590419 -0.00466713
-72.9056 84.5874 40.148 -0.806062 0.591792 -0.00672293
-74.0843 82.9688 40.8302 -0.8135 0.581448 -0.0116462
-75.2662 81.3229 41.5122 -0.815007 0.579374 -0.00946933
-76.4154 79.7165 42.1617 -0.815091 0.579256 -0.00946392
-77.5352 78.1515 42.8257 -0.815133 0.579195 -0.00954755
-78.6861 76.5421 43.5235 -0.81569 0.578402 -0.0100516
-79.8735 74.8702 44.1881 -0.818053 0.575061 -0.00965569
-81.0499 73.2118 44.8578 -0.817586 0.575678 -0.0121663
-82.2531 71.5214 45.5494 -0.817178 0.57623 -0.0134048
-83.4382 69.8555 46.2319 -0.818554 0.574248 -0.0144346
-84.5845 68.2297 46.8989 -0.820944 0.570824 -0.0145225
-85.7556 66.554 47.5866 -0.822471 0.568688 -0.0116571
-86.9616 64.8238 48.2815 -0.822491 0.56866 -0.0116315
-88.0532 63.2572 48.9116 -0.824185 0.566177 -0.0127206
-89.1398 61.6843 49.5349 -0.826141 0.563288 -0.0140488
-90.2252 60.0813 50.147 -0.833903 0.551897 0.00389669
-91.276 58.4854 50.7514 -0.834276 0.55131 0.00636596
-92.3868 56.7972 51.3844 -0.834262 0.551332 0.00636671
-93.4533 55.1775 51.9703 -0.834468 0.551008 0.00723975
-94.5536 53.4832 52.6389 -0.837971 0.545576 0.0123086
-95.621 51.8302 53.2481 -0.837968 0.545569 0.0127781
-96.6991 50.1656 53.8687 -0.834952 0.550002 0.018502
-97.8097 48.4713 54.5192 -0.831506 0.555049 0.022764
-98.9048 46.8076 55.1062 -0.831053 0.555064 0.0354097
-99.9324 45.1927 55.7169 -0.837846 0.544203 0.0431074
-100.969 43.5495 56.3168 -0.837846 0.544202 0.043099
-102.048 41.8377 56.9478 -0.83785 0.544197 0.0430861
-103.115 40.1458 57.5714 -0.837851 0.544195 0.0430961
-104.149 38.5086 58.1438 -0.838669 0.542966 0.0426863
-105.222 36.7823 58.7521 -0.842026 0.537467 0.0460536
-106.263 35.099 59.3628 -0.84186 0.537734 0.0459735
-107.304 33.4408 59.9948 -0.832394 0.551976 0.0494153
-108.403 31.7109 60.5997 -0.835409 0.546998 0.0537135
-109.499 29.9663 61.2566 -0.835901 0.546059 0.0555746
-110.582 28.2494 61.8148 -0.836702 0.544579 0.0579946
-111.654 26.461 62.3637 -0.844392 0.522224 0.119519
-112.56 24.7498 62.894 -0.855117 0.492617 0.161566
-113.457 22.9952 63.3982 -0.845694 0.49566 0.197792
-114.362 21.2609 63.8846 -0.840846 0.484503 0.241318
-115.184 19.5451 64.5878 -0.81031 0.517036 0.275698
-115.298 18.5344 66.2313 -0.800595 0.537608 0.264621
-114.528 18.5154 68.0677 -0.715859 0.587111 0.377815
-113.465 18.5439 69.8173 -0.665816 0.617615 0.418616
-112.376 18.5406 71.5497 -0.665105 0.61806 0.41909
-111.255 18.558 73.3384 -0.681433 0.625326 0.380285
-110.177 18.6154 75.0645 -0.637053 0.649327 0.415376
-109.044 18.6138 76.809 -0.64107 0.649832 0.408346
-107.985 18.5324 78.5986 -0.631538 0.657741 0.410532
-106.884 18.5287 80.2981 -0.631524 0.657749 0.410541
-105.745 18.5445 82.007 -0.614129 0.656649 0.43763
-104.454 18.5968 83.5846 -0.574222 0.659267 0.485422
-103.029 18.6129 85.2426 -0.573554 0.659459 0.485952
-101.694 18.6061 86.8756 -0.566221 0.678354 0.46822
-100.315 18.6513 88.3845 -0.54521 0.66742 0.507244
-98.7993 18.6331 89.8868 -0.483107 0.679449 0.552188
-97.1434 18.6084 91.3228 -0.47152 0.682456 0.5585
-95.5592 18.619 92.656 -0.476888 0.689375 0.545282
-93.977 18.6779 93.9304 -0.454368 0.691495 0.561581
-92.4069 18.6657 95.1676 -0.432209 0.695091 0.574494
-90.7698 18.6706 96.3931 -0.432174 0.695147 0.574453
-89.1031 18.6757 97.6408 -0.432127 0.695047 0.574609
-87.4388 18.6665 98.8902 -0.416711 0.692315 0.589111
-85.7649 18.6744 100.024 -0.401754 0.689704 0.602413
-83.987 18.6399 101.247 -0.400876 0.690322 0.602291
-82.2575 18.652 102.384 -0.40072 0.690504 0.602186
-80.6183 18.5599 103.573 -0.395242 0.685954 0.610932
-78.8928 18.2893 104.866 -0.347562 0.678834 0.646826
-77.1294 17.976 106.135 -0.342939 0.681745 0.646232
-75.3963 17.6658 107.382 -0.342855 0.681665 0.646362
-73.6981 17.3416 108.604 -0.325762 0.668418 0.668646
-71.9223 16.9769 109.765 -0.291438 0.664152 0.688439
-70.1896 16.5866 110.854 -0.278932 0.67012 0.687849
-68.4881 16.2073 111.913 -0.278932 0.670112 0.687857
-66.6503 15.8018 113.029 -0.262225 0.663967 0.700276
-64.9322 15.2864 114.061 -0.213138 0.655999 0.724043
-63.1065 14.7424 115.05 -0.189974 0.659413 0.727382
-61.2881 14.1971 116.018 -0.189494 0.659523 0.727408
-59.4928 13.665 116.95 -0.172557 0.655759 0.734986
-57.7298 13.0413 117.888 -0.143839 0.649229 0.746854
-55.8972 12.4793 118.711 -0.143332 0.643304 0.752074
-54.0052 11.9082 119.561 -0.143027 0.643332 0.752108
-52.2593 11.2935 120.354 -0.0844104 0.629054 0.772761
-50.5488 10.5291 121.128 -0.0704334 0.626331 0.776369
-48.6644 9.92513 121.809 -0.0953987 0.623875 0.775679
-46.7619 9.37432 122.511 -0.105227 0.625544 0.77306
-44.9571 8.69607 123.216 -0.0465552 0.597941 0.800187
-43.2153 7.928 123.839 -0.0191014 0.599381 0.800236
-41.428 7.13425 124.474 -0.0161562 0.597956 0.801366
-39.6176 6.45304 125.025 -0.0295413 0.593599 0.804218
-37.7605 5.7825 125.577 -0.00772057 0.594146 0.804264
-35.967 5.00779 126.126 0.0122253 0.591571 0.80616
-34.1358 4.23629 126.665 0.0122894 0.591525 0.806193
-32.2197 3.58395 127.094 0.0341701 0.586308 0.809366
-30.3516 2.90058 127.508 0.0305973 0.573191 0.818847
-28.399 2.08736 127.973 0.045019 0.5712 0.819576
-27.646 1.51451 128.33 0.0477313 0.576572 0.815651
-29.7286 1.50742 128.455 0.0471075 0.576182 0.815963
-31.8025 1.50456 128.577 0.0453871 0.580443 0.813034
-33.8211 1.48677 128.675 0.0206426 0.590444 0.806802
-35.9025 1.47826 128.715 0.01221 0.591565 0.806165
-38.0575 1.47982 128.741 -0.00309002 0.593006 0.805192
-40.1679 1.4939 128.696 -0.0119842 0.597374 0.801874
-42.2323 1.49855 128.662 -0.0117273 0.59736 0.801888
-44.3083 1.51362 128.617 -0.0167508 0.598907 0.800643
-46.3845 1.47829 128.59 -0.0257245 0.600815 0.798972
-48.5481 1.43701 128.49 -0.0381545 0.615497 0.787204
-50.5959 1.44289 128.41 -0.0203502 0.633894 0.773152
-52.6226 1.44304 128.354 -0.0257536 0.632571 0.774069
-54.6836 1.41627 128.297 -0.0295642 0.646708 0.762164
-56.8224 1.37657 128.197 -0.0581835 0.670353 0.739744
-58.8915 1.37465 127.941 -0.117039 0.674859 0.728606
-60.9231 1.35682 127.633 -0.116081 0.678761 0.725126
-63.0148 1.33713 127.317 -0.115606 0.683471 0.720765
-65.0512 1.33122 126.978 -0.130245 0.6839 0.717855
-67.0418 1.34562 126.58 -0.144984 0.69219 0.707002
-69.088 1.36182 126.054 -0.194094 0.693663 0.693655
-71.1534 1.3624 125.456 -0.210632 0.69698 0.685458
-73.1437 1.34483 124.836 -0.22965 0.696705 0.679605
-75.1452 1.33616 124.154 -0.239268 0.696623 0.67636
-77.1333 1.35607 123.385 -0.272567 0.699215 0.660913
-79.1621 1.33172 122.542 -0.286128 0.695537 0.659059
-81.108 1.32011 121.71 -0.285865 0.694435 0.660335
-82.9618 1.3319 120.9 -0.281762 0.693707 0.662857
-84.8177 1.3204 120.108 -0.304181 0.699929 0.64607
-86.6086 1.30259 119.157 -0.350729 0.698999 0.623209
-88.4333 1.30417 118.123 -0.352589 0.698303 0.62294
-90.2714 1.29746 117.09 -0.352712 0.698317 0.622854
-92.0163 1.29422 116.101 -0.355257 0.700805 0.618599
-93.7029 1.34374 115.012 -0.392206 0.702815 0.593483
-95.3758 1.36243 113.874 -0.395094 0.702928 0.591433
-96.9888 1.53605 112.594 -0.393745 0.702971 0.592281
-98.4796 1.80639 111.282 -0.393962 0.703311 0.591732
-100.105 2.04317 109.885 -0.412626 0.710055 0.570574
-101.592 2.24509 108.487 -0.439049 0.707797 0.553407
-103.02 2.44478 107.1 -0.438617 0.708058 0.553416
-104.539 2.65128 105.632 -0.43862 0.708052 0.553421
-106.012 2.85277 104.18 -0.449165 0.718549 0.530978
-107.407 2.99202 102.73 -0.48053 0.723132 0.496155
-108.834 3.04862 101.204 -0.501807 0.715445 0.486137
-110.211 3.11292 99.6883 -0.501797 0.715453 0.486134
-111.613 3.18199 98.1412 -0.502064 0.715148 0.486308
-112.989 3.19016 96.6019 -0.554517 0.711838 0.431033
-114.363 2.99509 94.9714 -0.599258 0.703514 0.382046
-115.631 2.74279 93.3972 -0.609182 0.697993 0.376435
-116.879 2.48942 91.847 -0.609178 0.698005 0.376418
-118.218 2.25731 90.1581 -0.611548 0.688422 0.389979
-119.497 1.93411 88.5277 -0.660988 0.672104 0.333704
-120.669 1.5683 86.8693 -0.672229 0.665091 0.325212
-121.702 1.38965 85.0989 -0.672621 0.664598 0.325409
-122.58 1.38936 83.283 -0.672744 0.665918 0.322441
-123.486 1.38574 81.3396 -0.684795 0.66322 0.301987
-124.229 1.40772 79.3602 -0.71547 0.647299 0.26288
-124.925 1.42155 77.4157 -0.71724 0.646198 0.260758
-125.64 1.41578 75.4594 -0.717055 0.647238 0.258677
-126.36 1.43853 73.3434 -0.725543 0.644132 0.242244
-126.975 1.42923 71.3341 -0.738238 0.639745 0.213835
-127.551 1.42786 69.2526 -0.746681 0.6338 0.201901
-128.099 1.43754 67.1755 -0.748525 0.635171 0.190341
-128.522 1.43178 65.1566 -0.766763 0.626774 0.138671
-128.893 1.42157 63.1466 -0.766358 0.627712 0.136649
-129.196 1.44924 61.1373 -0.768546 0.62972 0.113089
-129.45 1.48442 59.1242 -0.774688 0.623834 0.103394
-129.697 1.44221 57.1014 -0.779244 0.623161 0.0666719
-129.837 1.46734 55.0935 -0.789963 0.61007 0.0614143
-129.976 1.47253 53.0471 -0.795322 0.603819 0.0535332
-130.106 1.49592 50.9375 -0.799652 0.597738 0.0571288
-130.278 1.47272 48.9314 -0.80419 0.590979 0.0634283
-130.386 1.55221 46.8233 -0.804003 0.59128 0.0629902
-130.541 1.54942 44.7581 -0.803032 0.593588 0.0527922
-130.65 1.55355 42.6831 -0.807829 0.58858 0.031393
-130.764 1.49281 40.6143 -0.809609 0.586468 0.0242275
-130.822 1.49829 38.4152 -0.810936 0.584714 0.0221988
-130.878 1.50216 36.2625 -0.81092 0.584737 0.022161
-130.904 1.50338 35.2669 -0.810542 0.585289 0.0214055
-108.715 31.5716 57.0519 -0.834737 0.548244 0.0514029
-107.767 33.0929 56.0493 -0.83071 0.554606 0.0483057
-106.789 34.6393 55.1919 -0.833852 0.549773 0.0493972
-105.823 36.2176 54.3416 -0.841596 0.538133 0.0461461
-104.865 37.7893 53.3086 -0.837946 0.544045 0.0431534
-103.884 39.3786 52.313 -0.837854 0.544191 0.0430942
-102.943 40.8995 51.3911 -0.837846 0.544201 0.0431134
-101.955 42.4665 50.5298 -0.829656 0.557705 0.0251265
-100.83 44.1711 49.6673 -0.828735 0.559236 0.0212862
-99.8078 45.7204 48.7766 -0.828926 0.558955 0.0212386
-98.7853 47.2669 47.9932 -0.829306 0.558494 0.0183456
-97.7663 48.8087 47.1161 -0.830352 0.557043 0.0147758
-96.724 50.3875 46.2382 -0.830145 0.557317 0.016034
-95.7191 51.9107 45.3602 -0.830892 0.556254 0.0141221
-94.6932 53.4659 44.3773 -0.829964 0.55771 0.010769
-93.6125 55.0587 43.455 -0.824245 0.566234 -0.000498007
-92.5697 56.5778 42.6452 -0.822485 0.568748 0.00666538
-91.5278 58.0983 41.8301 -0.822031 0.569424 0.00448381
-90.4427 59.6616 40.941 -0.82033 0.57189 -0.000594589
-89.3575 61.2195 40.1133 -0.820868 0.571117 -0.000878861
-88.2745 62.7753 39.2502 -0.821147 0.570716 -0.00100061
-87.1571 64.3813 38.4295 -0.821139 0.570726 -0.00189212
-86.0951 65.9068 37.6261 -0.820588 0.571514 -0.00266043
-85.032 67.4211 36.7861 -0.817634 0.575734 -0.00220598
-83.9604 68.9388 35.978 -0.817814 0.575475 -0.00300941
-82.8454 70.5185 35.1436 -0.817724 0.575603 -0.00287056
-81.7059 72.1327 34.311 -0.817535 0.575869 -0.00325321
-80.6367 73.6415 33.4734 -0.816702 0.577047 -0.00387361
-79.5121 75.2281 32.732 -0.816666 0.577099 -0.0037529
-78.348 76.8696 31.8926 -0.816513 0.577316 -0.00358587
-77.2448 78.4249 31.122 -0.816364 0.577527 -0.00358608
-76.1594 79.954 30.328 -0.816021 0.578013 -0.00333668
-75.0638 81.4939 29.525 -0.814458 0.580222 -0.000635891
-73.9708 83.0247 28.7181 -0.813922 0.580974 0.000221401
-72.8674 84.5712 27.8816 -0.813707 0.581274 0.000865866
-71.771 86.1079 27.0791 -0.813429 0.581662 0.00165597
-70.6979 87.607 26.3045 -0.81134 0.584562 0.00384824
-69.6252 89.1025 25.497 -0.811225 0.584704 0.00590818
-68.5415 90.6143 24.7364 -0.811243 0.584661 0.00751188
-67.4452 92.1426 23.9798 -0.810446 0.585718 0.0106031
-66.3533 93.6726 23.0066 -0.809303 0.587176 0.0158915
-65.3465 95.0936 21.9422 -0.809466 0.586877 0.0184447
-64.2837 96.5929 20.9438 -0.809826 0.586363 0.0189519
-63.2548 98.051 19.7839 -0.809451 0.58684 0.0201859
-62.276 99.442 18.664 -0.808007 0.588497 0.028189
-61.2369 100.925 17.5346 -0.807831 0.588688 0.0292475
-60.2751 102.308 16.3335 -0.809585 0.586105 0.0324291
-59.3995 103.606 15.0012 -0.810195 0.584836 0.0393746
-58.6101 104.795 13.5579 -0.810223 0.584844 0.0386746
-57.9101 105.871 11.9702 -0.809973 0.585178 0.0388606
-57.2621 106.876 10.3339 -0.809995 0.585047 0.0403377
-56.6565 107.83 8.68449 -0.811665 0.582754 0.0399709
-56.0132 108.843 6.9502 -0.813569 0.580189 0.0385547
-55.5237 109.64 5.10644 -0.814287 0.579463 0.0340489
-55.34 110.021 2.99281 -0.815669 0.577681 0.0310019
-55.4813 109.892 0.987473 -0.818943 0.573638 0.0164543
-55.5386 109.843 -1.01452 -0.818267 0.574797 -0.00687716
-55.4508 109.939 -3.08403 -0.827493 0.561406 -0.00871566
-55.4649 109.833 -5.12051 -0.830361 0.55634 -0.0314035
-55.8438 109.145 -7.02084 -0.829686 0.556055 -0.0492263
-56.297 108.3 -8.80444 -0.826347 0.560448 -0.0551852
-56.7152 107.506 -10.6219 -0.82359 0.564114 -0.0589479
-56.9944 106.863 -12.6622 -0.828745 0.554125 -0.0782774
-57.3392 106.046 -14.5534 -0.833888 0.545688 -0.0827972
-57.8663 104.988 -16.2009 -0.832048 0.547154 -0.0912077
-58.4407 103.839 -17.7381 -0.832169 0.545404 -0.100148
-58.9167 102.764 -19.4353 -0.831443 0.542135 -0.121626
-59.3857 101.641 -21.2324 -0.82966 0.544255 -0.124284
-59.8025 100.602 -22.8905 -0.826581 0.546233 -0.135626
-60.301 99.4314 -24.5555 -0.827071 0.544764 -0.138512
-60.9096 98.1077 -26.0012 -0.829605 0.538109 -0.148978
-61.549 96.6968 -27.5395 -0.828994 0.539096 -0.148809
-62.1714 95.3444 -28.9671 -0.828372 0.539276 -0.151593
-62.8012 93.9652 -30.4339 -0.825538 0.54267 -0.154908
-63.4182 92.6357 -31.8128 -0.824356 0.54415 -0.156007
-64.0634 91.2141 -33.2941 -0.825089 0.54056 -0.164386
-64.6817 89.8441 -34.7191 -0.822409 0.544168 -0.165903
-65.2796 88.4814 -36.1952 -0.821932 0.543567 -0.170182
-65.9401 87.0686 -37.5166 -0.821941 0.543507 -0.170329
-66.634 85.6047 -38.8401 -0.818493 0.546395 -0.177547
-67.3302 84.1529 -40.0753 -0.81811 0.545861 -0.18092
-67.9925 82.7386 -41.3444 -0.818559 0.545434 -0.180175
-68.6553 81.316 -42.6352 -0.818792 0.54487 -0.180823
-69.3852 79.7498 -44.0232 -0.816809 0.546084 -0.186049
-70.1079 78.2405 -45.295 -0.815653 0.547851 -0.185931
-70.7816 76.7592 -46.6679 -0.817542 0.541293 -0.196536
-71.4853 75.2416 -47.898 -0.817343 0.540089 -0.200635
-72.2195 73.6887 -49.0873 -0.817327 0.5401 -0.200668
-72.9575 72.1146 -50.3206 -0.816686 0.541326 -0.199976
-73.6742 70.6047 -51.4853 -0.815979 0.542003 -0.201027
-74.4003 69.0863 -52.631 -0.815984 0.541963 -0.201112
-75.1178 67.5565 -53.8427 -0.815979 0.541967 -0.201121
-75.7957 66.0903 -55.0372 -0.81524 0.541527 -0.205261
-76.4852 64.6103 -56.1968 -0.812728 0.542465 -0.212614
-77.1764 63.1202 -57.3632 -0.813273 0.542702 -0.209909
-77.8933 61.6022 -58.5038 -0.812138 0.543247 -0.212856
-78.5731 60.0854 -59.7806 -0.81019 0.544956 -0.215904
-79.2136 58.6366 -61.0368 -0.809106 0.545799 -0.217835
-79.8756 57.1441 -62.315 -0.810631 0.543968 -0.216737
-80.5451 55.6282 -63.5769 -0.807982 0.541986 -0.231118
-81.2218 54.0704 -64.8553 -0.806441 0.542507 -0.235243
-81.8655 52.5711 -66.1046 -0.808949 0.540814 -0.230482
-82.5159 51.0235 -67.4492 -0.809386 0.540283 -0.230192
-83.1465 49.5217 -68.6924 -0.808873 0.533745 -0.24666
-83.7618 47.9719 -70.0145 -0.807235 0.53467 -0.249997
-84.3595 46.4836 -71.2834 -0.802594 0.539959 -0.253551
-85.0492 44.8627 -72.5418 -0.804398 0.536205 -0.255791
-85.6904 43.3063 -73.7754 -0.804636 0.531796 -0.264111
-86.3144 41.6979 -75.0416 -0.797649 0.527779 -0.291899
-86.9 40.1593 -76.2262 -0.797318 0.528168 -0.292099
-87.4726 38.6344 -77.4204 -0.797315 0.528173 -0.2921
-87.9845 37.0379 -78.8752 -0.802863 0.514601 -0.300986
-88.4091 35.4714 -80.3699 -0.806829 0.505587 -0.305627
-88.4646 34.7899 -81.3648 -0.80906 0.509868 -0.29233
-87.6913 36.4877 -80.6079 -0.815002 0.50137 -0.290516
-86.89 38.1896 -79.8842 -0.815488 0.511 -0.271768
-86.023 39.9879 -79.0465 -0.813427 0.51724 -0.26608
-85.1734 41.7285 -78.2597 -0.813448 0.517248 -0.266003
-84.3564 43.44 -77.4471 -0.820937 0.507904 -0.260952
-83.5071 45.2758 -76.572 -0.827134 0.500888 -0.254874
-82.651 47.0812 -75.6866 -0.817565 0.525889 -0.23458
-81.7801 48.8156 -74.8157 -0.816752 0.528179 -0.232257
-80.9203 50.5174 -73.9685 -0.816995 0.528367 -0.23097
-80.0882 52.1968 -73.0675 -0.817458 0.528286 -0.229511
-79.1976 53.9461 -72.213 -0.817358 0.52838 -0.229653
-78.3116 55.686 -71.3616 -0.817694 0.528991 -0.227037
-77.3883 57.4855 -70.4512 -0.816161 0.533631 -0.221629
-76.5332 59.1285 -69.6439 -0.816165 0.533621 -0.221638
-75.6491 60.838 -68.7836 -0.816164 0.533624 -0.221634
-74.7902 62.489 -67.9737 -0.816373 0.532764 -0.222931
-73.9712 64.1265 -67.1472 -0.832353 0.511822 -0.212667
-73.1447 65.8241 -66.2915 -0.832104 0.513136 -0.210464
-72.3022 67.475 -65.433 -0.82537 0.531618 -0.190123
-71.3727 69.2531 -64.5013 -0.824253 0.531871 -0.194217
-70.4983 70.9301 -63.6336 -0.824475 0.530925 -0.195856
-69.6406 72.5636 -62.816 -0.824486 0.530909 -0.195852
-68.7798 74.2213 -61.9455 -0.824408 0.531147 -0.195537
-67.9322 75.849 -61.079 -0.823313 0.533374 -0.194083
-67.0493 77.5105 -60.2585 -0.823313 0.533379 -0.194068
-66.2142 79.1126 -59.3979 -0.823315 0.533375 -0.19407
-65.3349 80.7781 -58.5511 -0.823468 0.533226 -0.19383
-64.4561 82.4592 -57.6995 -0.829708 0.525806 -0.187385
-63.5671 84.149 -56.8316 -0.827109 0.532922 -0.178561
-62.6985 85.8277 -55.8623 -0.826343 0.532518 -0.183255
-61.7894 87.5197 -55.0438 -0.826323 0.532557 -0.183232
-60.9135 89.1883 -54.1445 -0.82626 0.532603 -0.183381
-60.0426 90.8236 -53.319 -0.826232 0.532636 -0.183408
-59.1568 92.4847 -52.4851 -0.826138 0.532699 -0.183651
-58.2475 94.2278 -51.5198 -0.826045 0.532799 -0.183777
-57.4072 95.831 -50.6455 -0.826727 0.53229 -0.182178
-56.5497 97.4634 -49.7724 -0.82977 0.529034 -0.177773
-55.707 99.0873 -48.8929 -0.832952 0.525436 -0.173515
-54.8212 100.762 -48.0766 -0.832916 0.52547 -0.173586
-53.89 102.537 -47.1697 -0.832787 0.525671 -0.173595
-53.0513 104.15 -46.3123 -0.834537 0.522957 -0.173391
-52.1727 105.838 -45.4637 -0.8379 0.51905 -0.16884
-51.3423 107.454 -44.6259 -0.838952 0.517852 -0.167302
-50.4734 109.15 -43.7468 -0.83993 0.516526 -0.166491
-49.6306 110.778 -42.9181 -0.839928 0.519429 -0.157207
-48.778 112.406 -42.0669 -0.837734 0.52323 -0.156307
-47.8621 114.134 -41.1667 -0.83355 0.53115 -0.151876
-46.9276 115.821 -40.2442 -0.825326 0.544452 -0.149695
-46.0377 117.419 -39.3045 -0.82269 0.549681 -0.145025
-45.1026 119.056 -38.3746 -0.821129 0.552769 -0.142105
-44.163 120.672 -37.4675 -0.815498 0.562441 -0.136464
-43.2315 122.239 -36.5202 -0.810616 0.568933 -0.138628
-42.3132 123.757 -35.5697 -0.802507 0.580328 -0.138561
-41.3125 125.369 -34.5099 -0.796489 0.588656 -0.138157
-40.357 126.838 -33.5256 -0.775115 0.618993 -0.126664
-39.3581 128.265 -32.526 -0.768727 0.627165 -0.12539
-38.298 129.755 -31.4269 -0.752124 0.646481 -0.127943
-37.2557 131.163 -30.4006 -0.750007 0.648908 -0.128077
-36.18 132.57 -29.3241 -0.730093 0.668068 -0.143681
-35.1134 133.969 -28.2078 -0.718163 0.681364 -0.141366
-34.0217 135.314 -27.0958 -0.704692 0.695273 -0.141441
-32.9553 136.61 -25.9237 -0.696892 0.70432 -0.135188
-31.751 137.991 -24.6948 -0.659326 0.736841 -0.149455
-30.585 139.271 -23.4299 -0.633661 0.760914 -0.139579
-29.4449 140.399 -22.1734 -0.60505 0.782647 -0.146198
-28.2212 141.514 -20.9852 -0.528296 0.835843 -0.149227
-26.6642 142.611 -19.9928 -0.498073 0.85414 -0.149558
-24.9061 143.673 -19.7859 -0.494499 0.857798 -0.140091
-22.877 144.419 -20.1196 -0.251761 0.943254 -0.216538
-21.0816 144.661 -21.1136 -0.247672 0.947347 -0.202956
-19.5134 144.803 -22.4259 -0.187759 0.972889 -0.134954
-17.9542 144.623 -23.6597 -0.0126912 0.938408 -0.345296
-16.2294 144.145 -24.8494 0.102004 0.918696 -0.381038
-14.5066 143.316 -25.8361 0.233176 0.893063 -0.384628
-12.8647 142.407 -26.7119 0.369823 0.85446 -0.364867
-11.2276 141.392 -27.439 0.331822 0.85413 -0.400444
-9.41802 140.395 -28.0519 0.339514 0.809061 -0.479739
-7.79434 140.411 -26.8245 0.359831 0.80118 -0.478155
-6.21974 140.458 -25.5878 0.346559 0.803596 -0.48387
-4.65433 140.5 -24.3257 0.391911 0.796096 -0.461115
-3.08767 140.434 -23.0755 0.421562 0.770731 -0.477765
-1.50869 140.37 -21.7049 0.443364 0.760094 -0.475063
0.0388809 140.209 -20.3621 0.526452 0.775986 -0.347409
1.32776 139.98 -18.8053 0.53452 0.777049 -0.33239
2.53913 139.86 -17.1403 0.535479 0.778961 -0.326306
3.39244 139.902 -15.3501 0.568959 0.794215 -0.213185
3.67648 140.168 -13.3432 0.604064 0.780453 -0.160083
3.63041 140.492 -11.3721 0.637895 0.766293 -0.0766928
3.06353 141.148 -9.7661 0.679226 0.73283 -0.0319618
1.49557 142.471 -10.2067 0.658377 0.741953 -0.126669
-0.0628732 143.76 -10.3418 0.587615 0.775327 -0.231467
-1.65377 144.979 -10.2183 0.531101 0.78127 -0.327099
-3.2543 146.101 -9.79624 0.468804 0.82003 -0.328288
-4.86136 147.3 -9.02621 0.465435 0.83922 -0.281212
-6.19327 148.371 -7.93797 0.424744 0.871145 -0.246372
-7.51135 149.102 -6.55005 0.261603 0.945594 -0.193317
-8.49364 149.723 -4.92306 0.285229 0.943956 -0.166105
-9.2199 150.119 -2.9726 0.39219 0.915829 0.0837279
-9.64521 149.906 -1.02171 0.123898 0.976271 0.174768
-9.78028 149.483 1.02466 0.226735 0.941558 0.248961
-9.529 148.891 2.92195 0.249049 0.929439 0.272245
-8.8974 148.144 4.72625 0.283555 0.897711 0.33572
-8.03581 146.954 6.33328 0.339757 0.800309 0.494035
-7.06467 145.603 7.50882 0.481585 0.718413 0.501953
-5.93515 144.203 8.46753 0.499905 0.72485 0.473478
-4.66318 142.74 9.19261 0.557856 0.695999 0.452087
-3.24429 141.324 9.67921 0.551096 0.732145 0.40032
-3.33717 140.691 11.0558 0.561225 0.737877 0.374834
-4.37603 140.467 12.8678 0.468561 0.763931 0.443689
-5.64616 140.299 14.4483 0.459123 0.766224 0.449557
-6.99588 140.151 16.0033 0.396112 0.793531 0.461956
-8.48111 140.081 17.3407 0.35834 0.792115 0.494058
-10.1718 139.989 18.443 0.266673 0.821925 0.503302
-11.9204 139.972 19.4611 0.229647 0.849274 0.475082
-13.8505 139.854 20.3957 0.169079 0.85443 0.491285
-15.7127 139.77 21.182 0.166465 0.857994 0.485939
-17.7767 139.723 21.8994 0.0801574 0.885045 0.458551
-19.8156 139.627 22.3029 0.0420329 0.889966 0.454086
-21.3543 140.272 21.0928 -0.0729945 0.902318 0.423866
-22.745 140.698 19.7198 -0.169612 0.887175 0.429123
-24.2383 141.082 18.1638 -0.211283 0.901296 0.378186
-25.6288 141.257 16.5146 -0.34877 0.87897 0.325224
-26.9849 141.088 14.8705 -0.504319 0.833235 0.226674
-28.4491 140.585 13.4561 -0.53117 0.814979 0.231569
-30.0135 139.653 12.639 -0.608547 0.757244 0.237174
-31.6074 138.369 12.442 -0.655036 0.716164 0.240415
-32.9265 136.905 12.8465 -0.71421 0.667472 0.210676
-34.1512 135.4 13.5666 -0.712926 0.675128 0.189573
-35.4006 133.868 14.2848 -0.723018 0.666021 0.183468
-36.6739 132.282 15.0368 -0.720091 0.671023 0.176627
-37.8295 130.816 15.7652 -0.74334 0.648393 0.164416
-38.9795 129.312 16.5014 -0.741706 0.652878 0.153694
-40.1519 127.821 17.1968 -0.746056 0.650151 0.143856
-41.3518 126.301 17.8946 -0.743727 0.654012 0.138272
-42.5457 124.794 18.5749 -0.744862 0.653715 0.133531
-43.7223 123.298 19.2791 -0.756776 0.643796 0.113148
-44.9316 121.749 19.9629 -0.759865 0.640931 0.10868
-46.1058 120.234 20.6719 -0.762197 0.638941 0.103976
-47.3718 118.609 21.3949 -0.769402 0.633097 0.0849007
-48.5696 117.057 22.0817 -0.773975 0.627541 0.0845827
-49.772 115.462 22.8568 -0.7762 0.625048 0.0826389
-50.9975 113.866 23.5433 -0.77439 0.628727 0.070875
-52.2546 112.255 24.1945 -0.775102 0.628564 0.0642128
-53.4107 110.74 24.9385 -0.783685 0.618852 0.0534836
-54.6052 109.163 25.7084 -0.78356 0.619212 0.0510983
-55.8538 107.521 26.419 -0.786187 0.61643 0.0438619
-57.0473 105.952 27.0456 -0.787652 0.614928 0.0383027
-58.2527 104.37 27.7542 -0.785291 0.617926 0.0385498
-59.5359 102.687 28.4532 -0.791565 0.610308 0.0307989
-60.7131 101.102 29.2536 -0.798406 0.601773 0.0204303
-61.9074 99.504 29.8641 -0.79801 0.602468 0.0145775
-63.1307 97.8627 30.6012 -0.798549 0.601727 0.0156351
-64.2751 96.3256 31.3223 -0.79878 0.601421 0.0155988
-65.4732 94.7096 32.0104 -0.803774 0.594887 0.00747941
-66.6183 93.1492 32.6886 -0.804528 0.593889 0.00559262
-67.7334 91.6324 33.3689 -0.804715 0.593638 0.00531193
-68.8993 90.0421 34.0328 -0.807244 0.590208 0.00324239
-70.0465 88.4693 34.7127 -0.807447 0.58994 0.0010702
-71.2335 86.8427 35.3865 -0.807725 0.589557 0.00119433
-72.4229 85.2054 36.1261 -0.811158 0.584822 -0.00249841
-73.5447 83.6491 36.8204 -0.812513 0.582927 -0.00436783
-74.6925 82.0565 37.5093 -0.812918 0.582343 -0.00648908
-75.8489 80.4484 38.1588 -0.814415 0.58023 -0.00783596
-76.9661 78.8855 38.8098 -0.815495 0.578696 -0.00889409
-78.0648 77.3475 39.4692 -0.815203 0.579103 -0.00913086
-79.1773 75.7896 40.1038 -0.816481 0.577291 -0.00964739
-80.3532 74.1304 40.7567 -0.817807 0.575416 -0.00941667
-81.5011 72.5089 41.3976 -0.817924 0.57526 -0.00878512
-82.5951 70.9645 42.0751 -0.81782 0.57541 -0.00858508
-83.7131 69.3789 42.7464 -0.819963 0.572361 -0.00799126
-84.8253 67.7935 43.3488 -0.821524 0.570058 -0.0115455
-85.9099 66.2507 44.0263 -0.820249 0.571854 -0.0131852
-87.0841 64.5732 44.7089 -0.8228 0.568207 -0.0118488
-88.2282 62.9173 45.365 -0.826141 0.563289 -0.0140513
-89.3358 61.3089 46.0017 -0.826247 0.563139 -0.0137837
-90.4657 59.6674 46.6375 -0.826141 0.563288 -0.0140708
-91.6078 58.0039 47.2783 -0.828847 0.559436 -0.0066958
-92.7017 56.3615 47.8938 -0.833978 0.551757 0.00669482
-93.7878 54.7183 48.4419 -0.832027 0.554628 0.0108983
-94.9035 53.0339 49.1016 -0.830888 0.556262 0.0140501
-96.0233 51.341 49.751 -0.83196 0.554485 0.0197194
-97.1488 49.6309 50.3863 -0.8315 0.555058 0.0227696
-98.2094 48.0177 50.9823 -0.831483 0.555085 0.022709
-99.2772 46.4002 51.5754 -0.828857 0.559053 0.0213532
-100.34 44.8014 52.1828 -0.828851 0.559 0.0228526
-101.439 43.104 52.807 -0.837693 0.544447 0.0429891
-102.523 41.3812 53.4853 -0.837853 0.544194 0.043081
-103.586 39.6966 54.093 -0.837837 0.544217 0.0430926
-104.616 38.0638 54.6775 -0.837877 0.544155 0.0430945
-105.735 36.275 55.2876 -0.842004 0.537509 0.0459689
-106.757 34.6349 55.8246 -0.836954 0.545144 0.0482265
-107.876 32.8896 56.5183 -0.830727 0.554572 0.0484017
-108.648 31.6783 57.0021 -0.834888 0.548049 0.0510261
-119.667 14.0034 61.1987 -0.810967 0.563025 0.159172
-120.867 12.4481 60.682 -0.805675 0.569671 0.162368
-122.083 10.8573 60.1987 -0.804459 0.575365 0.147651
-123.345 9.23977 59.7524 -0.798739 0.584664 0.142069
-124.607 7.63073 59.3518 -0.788829 0.600891 0.129144
-125.891 6.01392 58.9881 -0.789704 0.600861 0.123829
-126.143 5.69516 58.9216 -0.791442 0.598209 0.12556
-125.608 5.53621 62.8604 -0.780716 0.60816 0.143611
-124.322 7.08184 63.2695 -0.778618 0.609849 0.147774
-122.973 8.74184 63.7617 -0.798552 0.583612 0.147351
-121.687 10.337 64.2817 -0.788974 0.586491 0.183161
-120.414 11.8258 64.8252 -0.777811 0.589056 0.219144
-119.104 13.4025 65.4702 -0.799429 0.5628 0.210166
-118.314 14.3318 65.8867 -0.786423 0.567885 0.242991
-116.966 14.0704 70.2315 -0.723453 0.581733 0.371756
-118.358 12.6255 69.4776 -0.776193 0.571872 0.265493
-119.662 11.2233 68.8248 -0.758029 0.6043 0.245384
-121.009 9.75699 68.2109 -0.771468 0.593293 0.22987
-122.312 8.26721 67.6456 -0.774243 0.590711 0.227174
-123.659 6.77304 67.1331 -0.74793 0.625257 0.222833
-124.65 5.69974 66.7934 -0.757384 0.620303 0.203945
-123.636 5.57265 70.5898 -0.744576 0.630878 0.218174
-122.129 7.16436 71.1719 -0.75395 0.612209 0.238244
-120.775 8.59175 71.7462 -0.745437 0.601775 0.286688
-119.358 10.017 72.3706 -0.737555 0.603662 0.302662
-117.932 11.3749 73.024 -0.715268 0.619775 0.32291
-116.505 12.6429 73.6939 -0.703153 0.622647 0.343347
-115.048 13.8786 74.3984 -0.690087 0.626245 0.362763
-114.311 14.4745 74.7533 -0.680504 0.636022 0.363855
-111.833 14.5517 78.9237 -0.644762 0.651415 0.399925
-113.416 13.4231 78.2146 -0.651582 0.64638 0.397032
-114.985 12.1722 77.4786 -0.693089 0.624483 0.360068
-116.479 10.9046 76.7816 -0.695792 0.628619 0.347435
-117.978 9.63805 76.1362 -0.684317 0.647148 0.33602
-119.577 8.26176 75.488 -0.698157 0.650161 0.299778
-121.013 6.90375 74.8973 -0.72437 0.635001 0.268443
-122.406 5.54064 74.3535 -0.725798 0.634109 0.266689
-121.023 5.46655 78.0254 -0.697571 0.647024 0.307823
-119.516 6.78552 78.6001 -0.688095 0.648917 0.324702
-118.012 8.06995 79.196 -0.682544 0.65331 0.327598
-116.416 9.39867 79.8595 -0.681003 0.652917 0.331565
-114.801 10.681 80.5482 -0.651049 0.661128 0.372888
-113.232 11.8079 81.1915 -0.633598 0.671653 0.383973
-111.599 12.9634 81.8952 -0.644057 0.655685 0.39404
-109.952 14.1168 82.6445 -0.632898 0.655968 0.411274
-109.533 14.396 82.8343 -0.619916 0.656872 0.429213
-106.278 14.6437 86.9579 -0.593886 0.670981 0.443941
-107.977 13.602 86.2072 -0.607278 0.668172 0.429836
-109.639 12.5529 85.5021 -0.598833 0.674985 0.431038
-111.299 11.5173 84.8428 -0.596836 0.683437 0.420358
-113.035 10.3354 84.1415 -0.630438 0.678468 0.377132
-114.629 9.18691 83.5016 -0.640281 0.67373 0.368955
-116.164 8.03822 82.8967 -0.651039 0.661924 0.371489
-117.749 6.77666 82.2734 -0.675351 0.656618 0.335788
-119.253 5.53966 81.7001 -0.671863 0.662571 0.331059
-119.479 5.35233 81.616 -0.671655 0.663446 0.329726
-117.178 5.75467 85.3848 -0.644501 0.68067 0.348291
-115.507 7.00351 86.0001 -0.631538 0.681833 0.369138
-113.884 8.16303 86.6074 -0.626815 0.675636 0.388096
-112.282 9.21106 87.1896 -0.592023 0.684382 0.425594
-110.649 10.2458 87.7965 -0.591996 0.684388 0.425622
-108.979 11.2867 88.4467 -0.592379 0.683978 0.425747
-107.308 12.3135 89.1276 -0.580219 0.671224 0.461307
-105.571 13.2728 89.8064 -0.551563 0.670278 0.496493
-103.821 14.1974 90.4962 -0.550317 0.669366 0.4991
-102.967 14.6426 90.8403 -0.54923 0.668105 0.501979
-98.816 14.7401 94.7503 -0.480634 0.693091 0.53723
-100.588 13.9562 94.1075 -0.509395 0.68613 0.519367
-102.421 13.1049 93.4421 -0.502992 0.692717 0.516857
-104.209 12.2457 92.803 -0.533434 0.699839 0.475052
-105.964 11.3325 92.1565 -0.539399 0.703548 0.462676
-107.716 10.3994 91.5309 -0.541107 0.70307 0.461406
-109.552 9.35234 90.8734 -0.576377 0.695536 0.428975
-111.342 8.2203 90.2041 -0.593682 0.696721 0.402644
-113.093 7.08652 89.5786 -0.59449 0.696492 0.401848
-114.245 6.32618 89.1838 -0.600462 0.691919 0.400866
-111.077 6.8476 92.9171 -0.576434 0.706409 0.410744
-109.297 7.87944 93.5099 -0.543009 0.704379 0.457156
-107.589 8.81648 94.0783 -0.534907 0.702455 0.469501
-105.777 9.76245 94.6921 -0.524123 0.698237 0.487607
-103.933 10.6685 95.3138 -0.494339 0.703678 0.510359
-102.185 11.4632 95.8878 -0.488968 0.703016 0.51641
-100.436 12.259 96.4899 -0.496363 0.69085 0.52569
-98.6605 13.0085 97.0806 -0.459971 0.689772 0.559143
-96.7583 13.7692 97.704 -0.459116 0.689931 0.55965
-94.85 14.5196 98.337 -0.446915 0.690887 0.568279
-93.9585 14.8484 98.6224 -0.431717 0.6953 0.574612
-88.9543 14.7978 102.34 -0.402537 0.69151 0.599814
-90.8748 14.1481 101.753 -0.426823 0.692547 0.581551
-92.7049 13.4953 101.183 -0.428291 0.692014 0.581106
-94.5277 12.8368 100.623 -0.429474 0.692297 0.579894
-96.3689 12.1398 100.048 -0.455109 0.699764 0.550642
-98.1651 11.4232 99.4767 -0.45418 0.704512 0.545329
-100.065 10.6569 98.8877 -0.453812 0.706795 0.542674
-101.857 9.90008 98.3289 -0.479371 0.708156 0.518381
-103.678 9.0674 97.7399 -0.489043 0.703734 0.515359
-105.576 8.17748 97.145 -0.502003 0.70187 0.505343
-107.376 7.25874 96.5606 -0.519738 0.701781 0.487212
-107.995 6.939 96.3676 -0.509155 0.710086 0.486353
-105.134 6.6984 99.6016 -0.490919 0.704983 0.511857
-103.339 7.53509 100.159 -0.473954 0.708775 0.522499
-101.534 8.31628 100.701 -0.461655 0.704323 0.539262
-99.6683 9.08994 101.261 -0.452897 0.707068 0.543082
-97.8077 9.83985 101.826 -0.447173 0.702927 0.553109
-95.9881 10.5338 102.369 -0.42269 0.703597 0.571213
-94.0973 11.2119 102.916 -0.417953 0.705017 0.572945
-92.1893 11.889 103.481 -0.420238 0.697239 0.580738
-90.2578 12.5484 104.048 -0.401969 0.690782 0.601034
-88.3852 13.1633 104.593 -0.401747 0.690086 0.60198
-86.4694 13.7851 105.158 -0.401204 0.690183 0.602231
-84.5915 14.3837 105.717 -0.388657 0.685999 0.615103
-83.3478 14.7553 106.073 -0.374961 0.681672 0.628274
-79.0294 14.0941 109.221 -0.341284 0.685216 0.643431
-80.9476 13.5802 108.715 -0.356811 0.685295 0.634868
-82.87 13.0451 108.201 -0.366861 0.680986 0.633776
-84.7682 12.4911 107.682 -0.372894 0.680917 0.630319
-86.6286 11.9291 107.172 -0.395003 0.686074 0.610962
-88.5324 11.312 106.624 -0.396375 0.696781 0.597815
-90.399 10.7052 106.1 -0.392481 0.702255 0.593967
-92.3253 10.0722 105.57 -0.397729 0.700893 0.592082
-94.1675 9.43345 105.05 -0.416435 0.703613 0.57577
-96.0805 8.74327 104.507 -0.41759 0.704903 0.57335
-97.9952 8.03303 103.966 -0.436967 0.702466 0.561784
-99.7904 7.32038 103.44 -0.444044 0.703213 0.555263
-101.606 6.5771 102.913 -0.455958 0.708946 0.53805
-102.012 6.40437 102.793 -0.458522 0.707304 0.538033
-98.766 6.00681 105.911 -0.426398 0.708428 0.562419
-96.8503 6.71598 106.434 -0.415879 0.704981 0.574496
-94.9284 7.40914 106.963 -0.407012 0.703045 0.583154
-92.9602 8.08705 107.498 -0.398328 0.701584 0.590859
-91.1053 8.70554 107.999 -0.392877 0.702364 0.593576
-89.1073 9.36023 108.546 -0.392207 0.702291 0.594105
-87.2192 9.94535 109.049 -0.359339 0.700813 0.616227
-85.2354 10.5122 109.55 -0.359484 0.692987 0.624932
-83.2504 11.0922 110.076 -0.370218 0.679529 0.633386
-81.3183 11.6465 110.593 -0.355613 0.685541 0.635274
-79.331 12.1697 111.094 -0.332797 0.682096 0.651146
-77.346 12.6528 111.571 -0.316804 0.674581 0.666765
-75.2458 13.1228 112.047 -0.294555 0.677699 0.673766
-74.979 13.1799 112.106 -0.294792 0.676891 0.674475
-70.4432 12.2456 114.955 -0.266313 0.667261 0.695586
-72.4868 11.8461 114.533 -0.291967 0.677088 0.675505
-74.5041 11.4147 114.09 -0.293683 0.677739 0.674107
-76.4408 10.9923 113.668 -0.299036 0.679418 0.670052
-78.5188 10.4981 113.188 -0.316944 0.676922 0.664322
-80.5078 10.0139 112.731 -0.317305 0.67871 0.662322
-82.4518 9.51176 112.269 -0.354136 0.694226 0.626608
-84.378 8.96912 111.782 -0.354194 0.701193 0.618769
-86.3229 8.41458 111.297 -0.354202 0.70119 0.618768
-88.204 7.86987 110.834 -0.361338 0.701316 0.614485
-90.13 7.26918 110.337 -0.385788 0.701732 0.598949
-91.9816 6.65649 109.842 -0.392189 0.701964 0.594503
-93.9969 5.97525 109.307 -0.400211 0.702832 0.588097
-95.4831 5.46117 108.915 -0.398288 0.705785 0.585861
-91.4371 5.08998 112.05 -0.385815 0.702363 0.598191
-89.5264 5.69515 112.534 -0.368248 0.700741 0.611029
-87.5882 6.26995 113.003 -0.354184 0.70114 0.618835
-85.6792 6.82423 113.467 -0.354155 0.701088 0.61891
-83.6765 7.3958 113.96 -0.346264 0.699857 0.624741
-81.6359 7.93184 114.433 -0.314068 0.697373 0.64423
-79.617 8.41848 114.875 -0.308795 0.700192 0.643722
-77.636 8.88157 115.308 -0.297698 0.694258 0.655272
-75.6761 9.29884 115.707 -0.281463 0.684543 0.672443
-73.7317 9.72168 116.119 -0.292654 0.676066 0.676231
-71.8107 10.1228 116.52 -0.254482 0.676936 0.69065
-69.8692 10.473 116.88 -0.244672 0.673845 0.697186
-67.8051 10.804 117.232 -0.215974 0.664102 0.715768
-66.1411 11.0575 117.508 -0.223051 0.655485 0.721518
-61.6627 9.76499 119.921 -0.173763 0.655767 0.734695
-63.6646 9.5148 119.642 -0.18871 0.661235 0.726055
-65.6392 9.2501 119.356 -0.207087 0.675881 0.707319
-67.621 8.95238 119.042 -0.214759 0.672606 0.708152
-69.5774 8.63619 118.719 -0.231726 0.667141 0.707973
-71.5245 8.30574 118.39 -0.240706 0.668977 0.703229
-73.5746 7.90609 118.002 -0.286333 0.679824 0.675169
-75.5161 7.50224 117.619 -0.270155 0.692783 0.668631
-77.5229 7.08672 117.232 -0.280122 0.691247 0.666115
-79.5587 6.63226 116.819 -0.292857 0.690744 0.661141
-81.508 6.16927 116.412 -0.309388 0.699604 0.644076
-83.5178 5.66178 115.974 -0.330546 0.702067 0.630746
-85.5382 5.09643 115.498 -0.348194 0.699118 0.624496
-85.6209 5.07271 115.478 -0.348181 0.699122 0.624499
-78.3165 5.09497 118.963 -0.288252 0.690918 0.66298
-76.3178 5.52221 119.347 -0.270149 0.69279 0.668626
-74.3695 5.92546 119.715 -0.268007 0.69364 0.668607
-72.3202 6.3061 120.068 -0.225429 0.692059 0.685738
-70.2519 6.65137 120.394 -0.225745 0.690562 0.687142
-68.2829 6.97721 120.712 -0.224622 0.676004 0.701829
-66.2231 7.28138 121.016 -0.184891 0.66438 0.724165
-64.1511 7.55353 121.297 -0.186289 0.660219 0.727603
-62.0763 7.8116 121.572 -0.161131 0.656575 0.736849
-60.0148 8.02519 121.807 -0.144302 0.646555 0.749095
-58.028 8.20055 122.005 -0.125782 0.649903 0.749536
-57.1096 8.27706 122.093 -0.126031 0.648794 0.750455
-52.7103 6.65107 124.087 -0.0686208 0.636776 0.767989
-54.7096 6.54512 123.964 -0.0986217 0.648361 0.754918
-56.7995 6.38492 123.781 -0.12143 0.648812 0.751197
-58.9401 6.20452 123.582 -0.131177 0.654835 0.744301
-60.9903 6.00837 123.372 -0.138563 0.660689 0.737761
-63.0515 5.80983 123.168 -0.142707 0.669821 0.72868
-65.083 5.57109 122.927 -0.17587 0.684327 0.707648
-67.1658 5.302 122.665 -0.178381 0.685351 0.706027
-67.6382 5.24026 122.606 -0.183271 0.686056 0.704087
-122.291 11.4607 56.0228 -0.812473 0.575218 0.0949352
-123.525 9.80317 55.6472 -0.805251 0.586925 0.0842026
-124.73 8.19755 55.328 -0.804042 0.588851 0.0822901
-125.968 6.57276 55.0245 -0.797879 0.596976 0.0837173
-126.651 5.68073 54.8719 -0.798176 0.596502 0.0842641
-126.889 5.8778 50.7678 -0.805323 0.588741 0.0695631
-125.637 7.56142 51.0039 -0.803795 0.59045 0.0726847
-124.44 9.17176 51.2541 -0.809861 0.580846 0.0821186
-124.409 9.21443 51.2611 -0.810222 0.580365 0.0819547
-126.104 7.3883 46.7317 -0.806883 0.587044 0.0657136
-127.104 6.04056 46.5819 -0.804213 0.591084 0.0621476
-92.285 56.992 44.364 -0.824116 0.56642 -0.00121579
-91.1204 58.6857 44.374 -0.823807 0.566869 -0.000865586
-89.9597 60.3725 44.372 -0.824035 0.566535 -0.00196148
-89.7821 60.6308 44.3708 -0.824168 0.566342 -0.00199428
-86.5818 65.2269 39.9232 -0.822836 0.568223 -0.00795593
-85.4394 66.8715 39.9066 -0.820335 0.571852 -0.00594836
-84.2019 68.6427 39.8858 -0.818989 0.573748 -0.00837464
-83.0294 70.3133 39.8643 -0.818513 0.574422 -0.00872429
-82.0345 71.7293 39.8453 -0.817805 0.575432 -0.00856224
-80.6834 73.5896 35.4733 -0.816745 0.576976 -0.00516512
-79.5023 75.2625 35.4569 -0.816895 0.576732 -0.00797857
-78.289 76.9827 35.4389 -0.817207 0.576286 -0.00823207
-77.0904 78.6753 35.4215 -0.815063 0.579346 -0.00548146
-75.8766 80.3801 35.4037 -0.814325 0.580378 -0.00604404
-74.6567 82.0894 35.3864 -0.813019 0.582221 -0.00430235
-74.3657 82.4955 35.3824 -0.812898 0.582392 -0.00406234
-74.4572 82.3434 31.0832 -0.813457 0.581625 -4.61736e-05
-73.26 84.0187 31.0789 -0.81277 0.582582 0.00188656
-72.0398 85.7167 31.0771 -0.811494 0.584358 0.00162816
-70.816 87.4176 31.0775 -0.811176 0.584802 -0.000283289
-69.6315 89.0498 31.0796 -0.808603 0.58835 0.00245018
-68.4107 90.7271 31.0842 -0.808518 0.588465 0.00284403
-67.1871 92.3938 31.0904 -0.804603 0.593787 0.00562264
-67.1289 92.4726 31.0908 -0.804564 0.593838 0.00566388
-68.7103 90.3497 26.8408 -0.808857 0.587966 0.00679568
-67.5337 91.9699 26.8643 -0.809511 0.587015 0.0102821
-66.3475 93.6004 26.8926 -0.806817 0.590636 0.0139762
-65.1633 95.2118 26.9225 -0.805597 0.592264 0.0154295
-63.9089 96.9195 26.9554 -0.807732 0.589308 0.0168771
-62.671 98.5872 26.9876 -0.7997 0.599952 0.0231883
-61.4675 100.189 27.0192 -0.799226 0.600538 0.0243219
-60.4317 101.565 27.0465 -0.798412 0.601554 0.0259032
-64.0213 96.8927 22.791 -0.808482 0.588171 0.0203163
-62.7951 98.5709 22.8514 -0.805776 0.591857 0.0207474
-61.5187 100.288 22.9127 -0.80189 0.59691 0.0258781
-60.1659 102.093 22.9734 -0.797552 0.602641 0.0271091
-58.9555 103.696 23.0218 -0.799861 0.599196 0.0344504
-57.7246 105.339 23.0657 -0.799635 0.599158 0.0399253
-56.4671 106.985 23.1059 -0.789843 0.611153 0.0513786
-55.2132 108.6 23.1319 -0.78916 0.612112 0.0504515
-53.916 110.255 23.158 -0.784121 0.618079 0.0559619
-53.6998 110.529 23.1607 -0.783883 0.618323 0.0566016
-57.9509 105.588 15.0941 -0.805371 0.590865 0.047499
-56.7508 107.216 15.1798 -0.805548 0.590532 0.0486336
-55.4726 108.937 15.2481 -0.799081 0.598761 0.0543669
-54.2176 110.609 15.2943 -0.799741 0.597764 0.0556139
-52.9937 112.245 15.3156 -0.798236 0.599494 0.0585366
-51.7483 113.895 15.324 -0.795469 0.602194 0.0677635
-50.5088 115.524 15.3341 -0.794143 0.603036 0.0753964
-49.2423 117.184 15.3082 -0.785718 0.611897 0.090716
-48.0021 118.759 15.2531 -0.780073 0.617724 0.0995174
-46.732 120.373 15.2146 -0.780415 0.616817 0.10242
-45.4305 122.005 15.135 -0.769319 0.629033 0.111648
-44.1683 123.556 15.0599 -0.763555 0.635932 0.112138
-42.8624 125.134 14.9302 -0.758588 0.640848 0.117717
-41.571 126.675 14.8205 -0.754176 0.642306 0.136606
-40.2849 128.218 14.6875 -0.755431 0.640551 0.137908
-39.1656 129.566 14.5641 -0.751587 0.641586 0.153245
-46.7765 119.678 19.0974 -0.769185 0.630958 0.101224
-48.0595 118.102 19.1472 -0.775722 0.624116 0.0934583
-49.3099 116.527 19.1933 -0.77991 0.620166 0.0844614
-50.5818 114.93 19.2164 -0.778911 0.622043 0.079753
-51.8128 113.35 19.2083 -0.790618 0.608162 0.0711496
-53.0627 111.729 19.2075 -0.789888 0.61013 0.0617957
-54.3111 110.116 19.1919 -0.789461 0.610944 0.0591494
-55.6625 108.363 19.1534 -0.794305 0.605518 0.0492629
-56.8813 106.741 19.094 -0.801268 0.596603 0.0450989
-58.0905 105.108 19.0398 -0.80442 0.592727 0.0397857
-59.3646 103.395 18.9665 -0.801387 0.597104 0.0353044
-60.4511 101.931 18.895 -0.806533 0.590281 0.0327553
-56.3701 108.032 11.3482 -0.808742 0.586616 0.0426429
-55.1739 109.675 11.428 -0.807462 0.588213 0.0448333
-53.9474 111.349 11.4893 -0.805598 0.59045 0.0487854
-52.6973 113.044 11.5118 -0.80205 0.594324 0.0591194
-51.4719 114.692 11.5011 -0.800962 0.595977 0.057189
-50.2019 116.409 11.4894 -0.801589 0.594007 0.067903
-48.9754 118.055 11.4652 -0.798759 0.59653 0.0783295
-47.704 119.731 11.4374 -0.790285 0.607004 0.0836474
-46.4296 121.381 11.3653 -0.781439 0.617954 0.0865212
-45.1521 122.995 11.2824 -0.778368 0.621125 0.0913626
-43.8063 124.697 11.1833 -0.773763 0.622472 0.117561
-42.5368 126.272 11.0662 -0.765672 0.630415 0.127766
-41.2583 127.851 10.9549 -0.769835 0.624791 0.130346
-39.8605 129.587 10.8264 -0.76168 0.631529 0.144967
-38.5653 131.18 10.6621 -0.758417 0.635067 0.146608
-37.2452 132.771 10.4931 -0.745378 0.647694 0.157808
-35.9189 134.34 10.315 -0.746046 0.645056 0.165281
-34.5325 135.982 10.0842 -0.731564 0.654164 0.192054
-33.1693 137.585 9.84976 -0.731506 0.651428 0.201349
-31.7472 139.109 9.69598 -0.665495 0.713088 0.220502
-30.1757 140.529 9.49067 -0.606788 0.758306 0.238285
-28.4798 141.661 9.33192 -0.493807 0.845553 0.202965
-26.7671 142.696 9.23896 -0.469957 0.850456 0.236356
-24.9048 143.582 9.17151 -0.379698 0.890193 0.251764
-23.0215 144.376 9.09772 -0.351755 0.901364 0.25261
-21.131 145.091 9.0661 -0.323325 0.889175 0.323771
-19.1193 145.753 9.05278 -0.240476 0.916238 0.320435
-17.0653 146.206 9.0346 -0.179199 0.948339 0.261802
-14.9087 146.337 8.93242 -0.00672864 0.916314 0.400404
-12.9046 146.456 8.85035 -0.0170361 0.856376 0.516071
-10.8962 146.287 8.6681 0.181031 0.797621 0.57535
-8.83589 145.912 8.47252 0.270465 0.817073 0.509156
-8.73302 145.884 8.45854 0.2954 0.821506 0.487715
-10.2835 147.964 5.98265 0.242302 0.829232 0.50365
-12.4358 148.083 6.08364 -0.149142 0.865172 0.478783
-14.5169 147.8 6.08097 -0.0818506 0.889079 0.450376
-16.6395 147.311 6.03111 -0.300344 0.886941 0.350897
-18.7841 146.792 6.00936 -0.207635 0.930265 0.302481
-20.7611 146.133 6.00534 -0.352398 0.901632 0.250748
-22.7727 145.33 6.03902 -0.358088 0.899613 0.24994
-24.6617 144.538 6.0766 -0.39476 0.888198 0.235095
-26.5882 143.572 6.13675 -0.477639 0.858527 0.186526
-28.3402 142.481 6.17277 -0.549811 0.823035 0.142552
-30.0403 141.282 6.23207 -0.559736 0.821776 0.106676
-31.6846 139.968 6.34698 -0.680531 0.724217 0.111301
-33.0964 138.532 6.45233 -0.725037 0.67322 0.145247
-34.4489 136.997 6.57435 -0.743621 0.650941 0.152657
-35.8229 135.369 6.73199 -0.753003 0.638909 0.157422
-37.106 133.788 6.86547 -0.763723 0.630701 0.137636
-38.4017 132.22 6.96406 -0.760656 0.636285 0.128622
-39.6756 130.629 7.07165 -0.774019 0.620242 0.127253
-40.9366 129.026 7.16923 -0.780481 0.614347 0.115879
-42.1997 127.394 7.26707 -0.785213 0.610891 0.101251
-43.4831 125.727 7.37796 -0.784891 0.611619 0.099343
-44.7043 124.144 7.47195 -0.786083 0.61076 0.0951116
-46.0342 122.407 7.56798 -0.791757 0.605859 0.0778218
-47.3437 120.681 7.63142 -0.794335 0.602336 0.0788871
-48.5504 119.063 7.67714 -0.801554 0.594062 0.0678353
-49.7305 117.441 7.70595 -0.808372 0.586106 0.0549047
-50.9623 115.753 7.71748 -0.805539 0.590423 0.0500686
-52.2228 114.033 7.73185 -0.806149 0.589474 0.0514172
-53.4395 112.361 7.70986 -0.810352 0.58418 0.0454222
-54.703 110.609 7.67413 -0.810481 0.584097 0.0441749
-55.0099 110.185 7.6659 -0.809906 0.5849 0.0441038
-54.3486 111.37 4.03102 -0.815608 0.577558 0.0347881
-53.1435 113.056 4.03216 -0.811747 0.582456 0.0425728
-51.954 114.716 4.02941 -0.812654 0.580731 0.0484305
-50.7184 116.441 3.98934 -0.810685 0.583046 0.0533667
-49.5335 118.095 3.94298 -0.812081 0.581087 0.0535018
-48.2059 119.943 3.89334 -0.808507 0.585482 0.0593932
-46.9562 121.681 3.84144 -0.809461 0.583752 0.0632993
-45.6607 123.426 3.77572 -0.791274 0.607075 0.0731126
-44.4177 125.051 3.716 -0.79442 0.602311 0.0782189
-43.1565 126.728 3.63727 -0.794713 0.601802 0.079151
-41.8583 128.437 3.54185 -0.786815 0.611152 0.0861148
-40.5742 130.1 3.45051 -0.785779 0.612162 0.0883719
-39.3307 131.705 3.37929 -0.785318 0.612803 0.0880267
-38.0622 133.325 3.31876 -0.777637 0.621913 0.0922195
-36.7638 134.936 3.23779 -0.775244 0.621975 0.110205
-35.4687 136.53 3.16546 -0.76 0.64188 0.101932
-34.12 138.052 3.08222 -0.724548 0.679428 0.115787
-32.6947 139.518 3.00682 -0.682923 0.72437 0.0943624
-31.1477 140.825 2.94539 -0.621796 0.778204 0.0881385
-29.5465 142.061 2.89511 -0.595686 0.799427 0.0779346
-27.9136 143.269 2.87872 -0.588482 0.804168 0.0836825
-26.2138 144.377 2.87495 -0.461858 0.877557 0.12877
-24.3185 145.35 2.85086 -0.445541 0.887399 0.118392
-22.4995 146.209 2.83675 -0.40337 0.905613 0.130985
-20.6502 146.975 2.86175 -0.375931 0.913274 0.156867
-18.6828 147.747 2.91193 -0.330814 0.93407 0.134446
-16.6346 148.441 2.95182 -0.292434 0.938741 0.182341
-14.5385 149.08 3.02002 -0.24092 0.951649 0.190581
-12.3855 149.357 3.02351 -0.0498258 0.9522 0.301384
-11.4086 149.315 2.97422 0.16307 0.943824 0.28741
-11.5496 149.953 -0.338472 0.056922 0.990515 0.125062
-13.6219 149.732 -0.338539 -0.232663 0.965017 0.120874
-15.666 149.105 -0.339858 -0.332411 0.94123 0.0599029
-17.5549 148.433 -0.362772 -0.314775 0.945508 0.0832495
-19.5445 147.826 -0.389487 -0.29291 0.952102 0.0877785
-21.4449 147.129 -0.427391 -0.417052 0.90077 0.121165
-23.2506 146.244 -0.48052 -0.469154 0.882164 0.0410161
-25.0765 145.304 -0.495931 -0.461745 0.886808 0.0190671
-26.8154 144.275 -0.49645 -0.591926 0.805938 0.00938723
-28.427 143.083 -0.495849 -0.584524 0.810764 0.03152
-30.111 141.89 -0.505104 -0.575496 0.816268 0.0501041
-31.774 140.701 -0.47535 -0.60571 0.792071 0.0757538
-33.4286 139.263 -0.433023 -0.67446 0.734295 0.0769089
-34.842 137.739 -0.405063 -0.761631 0.646078 0.0500147
-36.125 136.171 -0.363781 -0.775874 0.628554 0.0542166
-37.4569 134.521 -0.322586 -0.777361 0.625987 0.062047
-38.6964 132.951 -0.289579 -0.785245 0.616289 0.0598141
-39.9606 131.33 -0.24605 -0.787317 0.613792 0.0582313
-41.2358 129.684 -0.199062 -0.788699 0.612178 0.0565073
-42.4813 128.083 -0.139215 -0.792422 0.607244 0.0576376
-43.6914 126.471 -0.0641031 -0.798258 0.598572 0.067041
-44.9166 124.818 -0.0181848 -0.803952 0.592168 0.0547614
-46.1599 123.107 0.0424122 -0.80689 0.589058 0.0440279
-47.3703 121.439 0.105819 -0.810803 0.583813 0.0419741
-48.5423 119.783 0.160041 -0.816292 0.576585 0.0348771
-49.7992 118.01 0.223492 -0.813445 0.580838 0.0305816
-51.0565 116.247 0.287349 -0.812494 0.582148 0.0309378
-52.2755 114.529 0.341647 -0.814935 0.578824 0.0290534
-53.4274 112.879 0.396946 -0.822121 0.569079 0.0163363
-54.3989 111.469 0.418347 -0.823412 0.567269 0.0140951
-54.4391 111.432 -3.17776 -0.827522 0.561304 -0.0120159
-53.3075 113.088 -3.26183 -0.824186 0.566288 -0.00599738
-52.0965 114.858 -3.34045 -0.825987 0.563664 -0.00541574
-50.9334 116.547 -3.42448 -0.821176 0.570626 0.00745
-49.7825 118.195 -3.49485 -0.820169 0.57175 0.0206102
-48.567 119.937 -3.56598 -0.820204 0.571755 0.0189945
-47.3699 121.648 -3.62646 -0.818382 0.574397 0.0178731
-46.16 123.333 -3.7024 -0.810362 0.585918 0.00376303
-44.9524 125.001 -3.76594 -0.811274 0.58455 0.0116523
-43.7141 126.687 -3.80807 -0.802678 0.596232 0.0146923
-42.4511 128.373 -3.8558 -0.79971 0.599962 0.0225867
-41.1785 130.046 -3.88475 -0.791855 0.610047 0.0284332
-39.9102 131.672 -3.90608 -0.784277 0.619426 0.0349416
-38.5886 133.357 -3.93745 -0.789325 0.612855 0.0370826
-37.3591 134.979 -3.95327 -0.782272 0.621234 0.0460417
-36.0739 136.579 -3.96454 -0.775549 0.629959 0.0409168
-34.7389 138.171 -3.96295 -0.75818 0.649274 0.06005
-33.2382 139.669 -3.95973 -0.650131 0.75951 0.021772
-31.6432 140.88 -3.94428 -0.59846 0.800961 0.0175448
-30.0277 142.063 -3.91878 -0.578366 0.815778 -2.77145e-05
-28.3477 143.243 -3.91048 -0.574041 0.818826 0.000884564
-26.6155 144.449 -3.89476 -0.561594 0.827402 -0.0042108
-24.8437 145.489 -3.88087 -0.472617 0.88095 -0.0236662
-22.8909 146.505 -3.84903 -0.46063 0.887549 0.00881711
-21.0676 147.448 -3.82657 -0.443882 0.89599 0.0130478
-19.1085 148.187 -3.76313 -0.301596 0.952345 0.0455895
-17.1112 148.816 -3.73432 -0.299336 0.953201 0.0424976
-15.1236 149.441 -3.73375 -0.300592 0.952972 0.0385943
-13.033 150.083 -3.72841 -0.273792 0.961642 0.0167945
-11.066 150.515 -3.70908 -0.192002 0.980821 -0.0335399
-10.9133 150.539 -3.70697 -0.0383987 0.987269 -0.154355
-9.37379 149.52 -6.93871 0.25038 0.945804 -0.206795
-11.3393 149.916 -7.07502 0.147443 0.956759 -0.250745
-13.3191 149.709 -7.07273 -0.197346 0.956168 -0.216328
-15.3092 149.271 -7.09818 -0.231772 0.951652 -0.201595
-17.2907 148.676 -7.12471 -0.292876 0.941312 -0.167796
-19.26 148.038 -7.15753 -0.322704 0.923463 -0.207551
-21.1909 147.216 -7.18842 -0.436477 0.887398 -0.148366
-22.9796 146.254 -7.20531 -0.486481 0.869114 -0.0893121
-24.8246 145.23 -7.20713 -0.470866 0.877688 -0.0891504
-26.6284 144.295 -7.2727 -0.471814 0.879152 -0.066956
-28.3654 143.177 -7.32204 -0.56161 0.826967 -0.0268221
-30.0649 142.016 -7.37761 -0.566559 0.823736 -0.0216776
-31.7608 140.81 -7.44451 -0.586344 0.810062 0.000535035
-33.3059 139.538 -7.50445 -0.685751 0.726343 -0.0465951
-34.7539 138.082 -7.54987 -0.711047 0.701137 -0.0530899
-36.1483 136.431 -7.58689 -0.787091 0.613959 -0.0595134
-37.4364 134.837 -7.60525 -0.776283 0.629573 -0.0319775
-38.6835 133.273 -7.62761 -0.782158 0.622669 -0.0226335
-39.9681 131.647 -7.62686 -0.789996 0.612559 -0.0260318
-41.2031 130.05 -7.6132 -0.799257 0.600083 -0.0329892
-42.436 128.4 -7.60178 -0.803914 0.593886 -0.0319552
-43.6752 126.713 -7.56048 -0.808927 0.587653 -0.0173181
-44.8526 125.091 -7.52519 -0.809906 0.586494 -0.00875976
-46.0361 123.452 -7.48051 -0.812273 0.583227 -0.00766082
-47.2038 121.823 -7.41939 -0.816966 0.576473 -0.0156804
-48.4044 120.106 -7.34101 -0.822232 0.568185 -0.0331859
-49.5413 118.448 -7.26376 -0.825027 0.564088 -0.0336756
-50.7706 116.678 -7.1681 -0.820412 0.571013 -0.0294604
-51.9541 114.967 -7.04081 -0.828333 0.559704 -0.0244259
-53.0907 113.27 -6.93325 -0.832918 0.552175 -0.0367463
-54.2944 111.478 -6.79238 -0.830809 0.555152 -0.0395447
-54.6162 111.002 -6.75292 -0.831072 0.554735 -0.0398395
-55.5373 109.304 -10.2223 -0.831362 0.553218 -0.0528047
-54.4175 110.969 -10.4107 -0.83128 0.553333 -0.0528779
-53.3012 112.632 -10.585 -0.833113 0.550544 -0.0531443
-52.1567 114.349 -10.7502 -0.833132 0.55012 -0.0570794
-51.0271 116.042 -10.899 -0.830916 0.553223 -0.0593463
-49.8041 117.833 -11.0112 -0.822803 0.56626 -0.0484276
-48.4986 119.71 -11.1188 -0.820469 0.570079 -0.0429052
-47.253 121.537 -11.2131 -0.829296 0.556987 -0.0450964
-46.013 123.333 -11.2912 -0.810633 0.584878 -0.028155
-44.8225 124.946 -11.331 -0.80408 0.592904 -0.0438113
-43.5592 126.652 -11.3477 -0.802031 0.595199 -0.0498451
-42.2985 128.324 -11.3698 -0.798678 0.598804 -0.0595559
-41.0134 129.995 -11.3614 -0.788998 0.612676 -0.0459397
-39.771 131.584 -11.3564 -0.785995 0.61659 -0.0450533
-38.4895 133.208 -11.3263 -0.777001 0.624872 -0.0761909
-37.2097 134.788 -11.2796 -0.770131 0.633173 -0.0773913
-35.8994 136.334 -11.2185 -0.75722 0.648786 -0.0754616
-34.4601 137.907 -11.1422 -0.726777 0.681298 -0.0873335
-32.9778 139.502 -11.061 -0.699643 0.70737 -0.100636
-31.4279 140.938 -10.9509 -0.621784 0.777553 -0.093782
-29.7695 142.117 -10.837 -0.556648 0.830342 -0.0259832
-28.0685 143.246 -10.7052 -0.509963 0.859265 -0.0400186
-26.185 144.24 -10.5903 -0.447939 0.890374 -0.0811544
-24.328 145.175 -10.4828 -0.420162 0.902954 -0.0902129
-22.4726 145.978 -10.4338 -0.365821 0.905843 -0.213595
-20.4876 146.782 -10.3424 -0.35707 0.906607 -0.224866
-18.5712 147.554 -10.3366 -0.366084 0.90299 -0.224927
-16.6739 148.244 -10.3362 -0.259449 0.949014 -0.179048
-14.7072 148.695 -10.2906 -0.193652 0.955672 -0.221787
-12.6847 149.064 -10.3027 -0.0858026 0.957473 -0.275469
-10.6147 149.033 -10.2282 0.0791446 0.953315 -0.291423
-8.60174 148.732 -10.0866 0.317273 0.906523 -0.278486
-6.79452 148.074 -9.88404 0.41618 0.859784 -0.295917
-1.46229 144.175 -11.9964 0.514246 0.81087 -0.279359
-3.34129 145.211 -12.256 0.488492 0.822237 -0.292066
-5.16884 146.188 -12.5347 0.476353 0.827471 -0.297287
-7.19077 147.074 -12.8177 0.386303 0.851928 -0.353538
-9.15137 147.759 -13.0822 0.172859 0.900992 -0.397912
-11.1448 147.893 -13.1802 0.062265 0.916991 -0.394018
-13.2876 147.892 -13.2814 -0.00437145 0.92305 -0.384655
-15.3525 147.684 -13.3665 -0.203704 0.922972 -0.326539
-17.3119 147.152 -13.3921 -0.254332 0.912176 -0.321325
-19.3192 146.468 -13.4575 -0.348855 0.906955 -0.236079
-21.1972 145.762 -13.5245 -0.320427 0.931968 -0.169593
-23.2264 145.082 -13.6635 -0.302425 0.939745 -0.159429
-25.1773 144.34 -13.8316 -0.425652 0.897851 -0.112621
-27.01 143.462 -14.046 -0.401652 0.911531 -0.088245
-28.7806 142.406 -14.2274 -0.592145 0.797312 -0.116865
-30.3593 141.171 -14.3543 -0.597926 0.78883 -0.142238
-32.0153 139.75 -14.5373 -0.66307 0.733186 -0.150919
-33.5941 138.278 -14.6837 -0.678161 0.720149 -0.146576
-35.0123 136.874 -14.8341 -0.713925 0.689316 -0.123104
-36.3224 135.365 -14.9382 -0.763584 0.637107 -0.105041
-37.6037 133.803 -15.0233 -0.76732 0.633504 -0.0994598
-38.8961 132.205 -15.0923 -0.774205 0.624954 -0.1002
-40.2239 130.547 -15.1634 -0.775666 0.623205 -0.0997868
-41.5289 128.853 -15.1704 -0.796198 0.599045 -0.084934
-42.7468 127.237 -15.1757 -0.792562 0.603726 -0.0857911
-44.0029 125.592 -15.1816 -0.79252 0.603441 -0.0881518
-45.214 123.981 -15.1659 -0.807644 0.582962 -0.0886965
-46.4127 122.301 -15.1182 -0.812492 0.578153 -0.0748104
-47.6253 120.574 -15.0387 -0.821854 0.565426 -0.0696355
-48.886 118.746 -14.9365 -0.823298 0.563253 -0.0701877
-50.0435 117.064 -14.8197 -0.825312 0.560352 -0.0697583
-51.2725 115.248 -14.6553 -0.83111 0.551543 -0.071103
-52.4445 113.502 -14.4857 -0.83154 0.551096 -0.0695375
-53.5882 111.801 -14.2868 -0.832149 0.550021 -0.070744
-54.7734 110.039 -14.0611 -0.832002 0.550243 -0.0707465
-55.886 108.384 -13.8339 -0.83414 0.546341 -0.0756367
-56.0485 108.141 -13.7984 -0.834076 0.546263 -0.0769089
-56.9922 106.142 -17.274 -0.836159 0.540774 -0.0916647
-55.8827 107.817 -17.5804 -0.8374 0.538416 -0.0941778
-54.7537 109.512 -17.8647 -0.833935 0.542565 -0.10087
-53.5666 111.269 -18.1127 -0.830166 0.549156 -0.0961911
-52.4104 112.963 -18.3232 -0.825268 0.556765 -0.094587
-51.2412 114.672 -18.5156 -0.827657 0.552044 -0.10115
-50.1193 116.329 -18.6727 -0.828445 0.550795 -0.101503
-48.9852 118.005 -18.8159 -0.827504 0.55236 -0.10067
-47.854 119.68 -18.9108 -0.826039 0.554328 -0.101878
-46.6681 121.411 -19.0138 -0.81602 0.570149 -0.0950873
-45.4826 123.068 -19.0616 -0.808264 0.583583 -0.0783568
-44.2121 124.753 -19.0878 -0.790365 0.605855 -0.0909068
-42.892 126.457 -19.0649 -0.784363 0.611565 -0.103745
-41.6694 128.054 -19.0349 -0.791287 0.602316 -0.105261
-40.441 129.659 -18.9999 -0.783908 0.611486 -0.107579
-39.116 131.307 -18.926 -0.764508 0.632504 -0.124365
-37.7532 132.98 -18.823 -0.76318 0.632677 -0.131438
-36.3578 134.624 -18.6661 -0.728647 0.673778 -0.122868
-34.854 136.245 -18.5043 -0.714464 0.687747 -0.128631
-33.4421 137.662 -18.3163 -0.658748 0.736777 -0.152352
-31.9018 139.062 -18.1014 -0.653171 0.741262 -0.154594
-30.3029 140.511 -17.8304 -0.627107 0.761048 -0.165962
-28.7661 141.799 -17.6209 -0.616697 0.772592 -0.150954
-27.0746 142.858 -17.4154 -0.456979 0.872543 -0.172736
-25.3359 143.809 -17.1336 -0.474045 0.872724 -0.116765
-23.4611 144.678 -16.8936 -0.370282 0.926957 -0.0603475
-21.5578 145.359 -16.671 -0.290757 0.95659 -0.0199059
-19.5359 145.827 -16.4742 -0.137926 0.978457 -0.153616
-17.5066 146.146 -16.3167 -0.171618 0.960935 -0.217144
-15.4066 146.666 -16.2506 -0.250057 0.914063 -0.319311
-13.2369 146.892 -16.1544 0.0440572 0.940153 -0.337892
-11.172 146.738 -15.9969 0.113595 0.927397 -0.356413
-9.04854 146.505 -15.8787 0.210007 0.894729 -0.394154
-7.11934 145.904 -15.6275 0.361084 0.868679 -0.33914
-5.13389 145.165 -15.3702 0.391989 0.863308 -0.317874
-3.31478 144.265 -15.0885 0.485583 0.832757 -0.26594
-1.50505 143.322 -14.8327 0.482771 0.836575 -0.258985
0.212941 142.286 -14.5991 0.545653 0.804744 -0.233771
1.99458 141.14 -14.3919 0.546651 0.804494 -0.232297
2.04952 141.104 -14.3856 0.548965 0.803067 -0.231778
0.76771 141.05 -17.2066 0.536121 0.778924 -0.32535
-0.958143 142.129 -17.4932 0.523302 0.797725 -0.299648
-2.71184 143.062 -17.7598 0.463747 0.838172 -0.287066
-4.538 143.842 -18.0073 0.353895 0.848823 -0.392758
-6.51356 144.509 -18.242 0.329467 0.848331 -0.414471
-8.47609 145.124 -18.4877 0.289734 0.862397 -0.415121
-10.5332 145.537 -18.678 0.137028 0.900057 -0.413667
-12.5245 145.754 -18.8397 0.130269 0.908881 -0.396188
-14.5528 145.969 -19.0516 0.0935339 0.962825 -0.253415
-16.6466 145.793 -19.1925 -0.123515 0.979925 -0.156494
-18.7011 145.496 -19.3468 -0.136428 0.978909 -0.15207
-20.4347 145.191 -19.5201 -0.175216 0.964766 -0.196279
-17.1301 145.191 -22.018 -0.0194971 0.964612 -0.262953
-15.0641 145.183 -21.8424 0.113005 0.950681 -0.288852
-13.0506 144.765 -21.5446 0.266602 0.90805 -0.323063
-11.0244 144.423 -21.3361 0.178255 0.893366 -0.412459
-9.00552 143.965 -21.1159 0.261699 0.860676 -0.43675
-6.97847 143.397 -20.8766 0.333431 0.844644 -0.418807
-4.94889 142.689 -20.5954 0.363017 0.824896 -0.433319
-3.01732 141.972 -20.3691 0.348743 0.82776 -0.439536
-2.06606 141.595 -20.2491 0.393748 0.787311 -0.474451
-5.51456 141.573 -23.1463 0.359963 0.81729 -0.449959
-7.41874 142.233 -23.4152 0.308842 0.828988 -0.466258
-9.46052 142.776 -23.6546 0.264598 0.84694 -0.461174
-11.4226 143.274 -23.8969 0.283401 0.849352 -0.445291
-13.4196 143.792 -24.1807 0.277111 0.855545 -0.437324
-13.8232 143.891 -24.2378 0.26863 0.856577 -0.440583
-9.75299 141.561 -26.1197 0.278265 0.850828 -0.445713
-9.30021 141.438 -26.0661 0.28964 0.844718 -0.450068
-31.1513 139.1 -21.6038 -0.65938 0.741687 -0.122954
-32.7563 137.616 -21.9485 -0.659879 0.743664 -0.10735
-34.2358 136.146 -22.2128 -0.71064 0.686452 -0.154189
-35.6314 134.64 -22.4292 -0.717326 0.680908 -0.147675
-36.9844 133.098 -22.5953 -0.751161 0.644507 -0.142716
-38.2824 131.542 -22.7732 -0.752908 0.643981 -0.135712
-39.5974 129.949 -22.8931 -0.771202 0.627246 -0.108675
-40.908 128.302 -22.9785 -0.776525 0.621562 -0.103294
-42.2623 126.591 -23.0449 -0.779865 0.617184 -0.104378
-43.5288 124.98 -23.0654 -0.784565 0.610846 -0.106421
-44.7221 123.366 -23.0696 -0.805527 0.582742 -0.107418
-45.9139 121.709 -23.0183 -0.808108 0.58026 -0.101288
-47.1133 119.97 -22.9378 -0.826286 0.550907 -0.11727
-48.2359 118.31 -22.8476 -0.825235 0.552103 -0.119033
-49.3915 116.611 -22.7143 -0.825262 0.551801 -0.12024
-50.5957 114.846 -22.5481 -0.823496 0.553411 -0.124865
-51.7889 113.115 -22.3615 -0.825366 0.552251 -0.117428
-53.0163 111.298 -22.1136 -0.832767 0.54108 -0.117184
-54.197 109.537 -21.85 -0.832841 0.540888 -0.117543
-55.2981 107.891 -21.5706 -0.835838 0.536328 -0.117159
-56.4061 106.234 -21.2581 -0.833923 0.539026 -0.11842
-57.5457 104.549 -20.9197 -0.833602 0.53942 -0.118886
-57.9999 103.878 -20.7819 -0.833366 0.539934 -0.118209
-58.9755 101.499 -24.3433 -0.830841 0.540003 -0.134537
-57.8018 103.222 -24.746 -0.834249 0.535245 -0.132446
-56.6835 104.879 -25.1083 -0.835085 0.534213 -0.131339
-55.5013 106.639 -25.4664 -0.836248 0.530581 -0.138469
-54.3525 108.358 -25.7734 -0.833998 0.533867 -0.139407
-53.2471 110.008 -26.0362 -0.830818 0.539955 -0.134866
-52.088 111.714 -26.2806 -0.826347 0.546081 -0.137645
-50.9505 113.379 -26.4979 -0.825688 0.546663 -0.139277
-49.8005 115.067 -26.6899 -0.825668 0.546698 -0.139263
-48.6141 116.819 -26.8485 -0.827069 0.544826 -0.13828
-47.4523 118.554 -26.9703 -0.827712 0.545088 -0.133313
-46.2481 120.336 -27.0749 -0.821765 0.553399 -0.135838
-45.0918 122.01 -27.14 -0.813994 0.563337 -0.14165
-43.8638 123.735 -27.1681 -0.800161 0.586016 -0.127783
-42.6305 125.388 -27.1364 -0.78846 0.600736 -0.13209
-41.348 126.997 -27.0843 -0.769672 0.626178 -0.124522
-40.0682 128.581 -26.9947 -0.766328 0.630239 -0.124657
-38.7027 130.26 -26.8346 -0.757152 0.639562 -0.132974
-37.3752 131.823 -26.6741 -0.745517 0.651207 -0.141893
-36.0201 133.373 -26.4641 -0.717275 0.682649 -0.139663
-35.6768 133.741 -26.4197 -0.714989 0.685584 -0.136985
-40.3504 127.325 -31.2404 -0.765295 0.627776 -0.142202
-41.6198 125.724 -31.3515 -0.783077 0.603974 -0.148343
-42.8378 124.1 -31.3564 -0.792529 0.590197 -0.153509
-44.0561 122.4 -31.3578 -0.808613 0.568296 -0.152265
-45.2471 120.692 -31.3181 -0.817511 0.5556 -0.151603
-46.4936 118.872 -31.2489 -0.817332 0.554024 -0.158192
-47.6498 117.179 -31.1376 -0.825556 0.543611 -0.151475
-48.8122 115.458 -30.9739 -0.825262 0.545688 -0.145489
-49.9944 113.698 -30.7848 -0.832604 0.534114 -0.146605
-51.168 111.947 -30.5537 -0.828513 0.538559 -0.153364
-52.3982 110.132 -30.2875 -0.827895 0.538462 -0.156996
-53.5612 108.409 -30.0071 -0.833237 0.531106 -0.153762
-54.7142 106.693 -29.6855 -0.833212 0.531176 -0.153654
-55.8776 104.969 -29.3375 -0.832658 0.532577 -0.151796
-57.0343 103.27 -28.9851 -0.831218 0.535353 -0.14991
-58.2071 101.563 -28.5804 -0.831166 0.535457 -0.149832
-59.3221 99.9461 -28.1903 -0.829241 0.538307 -0.150282
-60.2849 98.5624 -27.835 -0.829299 0.538333 -0.14987
-61.7504 95.323 -31.2838 -0.825805 0.54192 -0.156104
-60.6141 96.9356 -31.7346 -0.828731 0.53699 -0.157629
-59.4862 98.5519 -32.1651 -0.82948 0.535271 -0.159527
-58.33 100.219 -32.5926 -0.830425 0.533571 -0.160299
-57.198 101.863 -32.9905 -0.830457 0.53376 -0.159502
-56.0486 103.535 -33.3734 -0.830793 0.532583 -0.161676
-54.8516 105.288 -33.7528 -0.83072 0.532244 -0.163156
-53.7333 106.931 -34.0877 -0.831195 0.531464 -0.163281
-52.6276 108.588 -34.3977 -0.836258 0.524792 -0.158951
-51.388 110.443 -34.7111 -0.830662 0.536244 -0.149809
-50.2264 112.188 -34.9813 -0.835829 0.529679 -0.144327
-49.0966 113.907 -35.1907 -0.833054 0.533668 -0.145667
-47.9762 115.559 -35.3663 -0.822758 0.549396 -0.145717
-46.8038 117.261 -35.5402 -0.820926 0.552075 -0.145923
-45.5811 119.048 -35.6536 -0.820341 0.553017 -0.14565
-44.6077 120.456 -35.7024 -0.813047 0.565255 -0.139431
-48.6106 113.38 -39.6638 -0.832863 0.533711 -0.146603
-49.7198 111.695 -39.4227 -0.837693 0.522212 -0.159894
-50.8708 109.93 -39.1489 -0.837841 0.521347 -0.161925
-52.0212 108.194 -38.8273 -0.834921 0.525441 -0.163765
-53.1888 106.446 -38.4846 -0.834996 0.5253 -0.163834
-54.2984 104.806 -38.1191 -0.830512 0.530802 -0.168816
-55.4205 103.169 -37.7405 -0.831026 0.531361 -0.16447
-56.5963 101.459 -37.3309 -0.828949 0.534151 -0.165913
-57.7732 99.7661 -36.9103 -0.828709 0.534222 -0.166875
-58.9711 98.0475 -36.4662 -0.828248 0.5347 -0.167632
-60.1251 96.4031 -36.0193 -0.826895 0.537091 -0.166667
-61.3887 94.6213 -35.517 -0.825701 0.539168 -0.165879
-62.5548 92.9812 -35.0428 -0.82562 0.5394 -0.165528
-63.2887 91.9523 -34.7432 -0.824353 0.541262 -0.165761
-64.7591 88.6421 -38.2234 -0.823129 0.541734 -0.170246
-63.5377 90.3312 -38.7436 -0.821997 0.541771 -0.175515
-62.2842 92.0743 -39.2668 -0.82477 0.538339 -0.173049
-61.0813 93.7567 -39.7654 -0.82443 0.538462 -0.174282
-59.9256 95.3741 -40.233 -0.824281 0.538584 -0.174609
-58.7475 97.0436 -40.705 -0.829365 0.531422 -0.172464
-57.6248 98.6503 -41.1527 -0.829177 0.531739 -0.172392
-56.4444 100.343 -41.6031 -0.828721 0.533083 -0.170424
-55.2007 102.131 -42.0656 -0.829748 0.531376 -0.170754
-54.041 103.828 -42.4887 -0.83568 0.523802 -0.165135
-52.8396 105.607 -42.9217 -0.834519 0.524668 -0.168233
-52.1359 106.65 -43.1652 -0.835334 0.522521 -0.170848
-55.3163 100.559 -46.3173 -0.832161 0.526405 -0.174372
-56.4426 98.9476 -45.8616 -0.828173 0.53102 -0.179295
-57.6321 97.2568 -45.3743 -0.828321 0.530829 -0.179178
-58.8259 95.5626 -44.8768 -0.828366 0.531407 -0.177247
-59.9577 93.9687 -44.4017 -0.825076 0.535918 -0.179005
-61.094 92.3797 -43.9222 -0.825096 0.535365 -0.180557
-62.2271 90.797 -43.4383 -0.82505 0.53532 -0.180901
-63.4237 89.1315 -42.9177 -0.823507 0.537642 -0.181044
-64.666 87.4172 -42.3768 -0.82281 0.538795 -0.180786
-65.8656 85.7681 -41.8464 -0.819777 0.54391 -0.179239
-66.5672 84.8158 -41.5372 -0.818884 0.545055 -0.179847
-68.2201 81.1961 -44.9113 -0.818648 0.542955 -0.187126
-67.0573 82.7677 -45.4385 -0.818666 0.542927 -0.187126
-65.9078 84.3266 -45.9566 -0.820225 0.541694 -0.183841
-64.6805 86.0056 -46.5077 -0.821593 0.540373 -0.18161
-63.4627 87.6771 -47.0504 -0.822529 0.53893 -0.181661
-62.261 89.3437 -47.5851 -0.825233 0.535198 -0.18043
-61.0502 91.0355 -48.122 -0.826666 0.533936 -0.177584
-59.8501 92.7175 -48.651 -0.826673 0.533932 -0.177562
-58.6506 94.4003 -49.1756 -0.826679 0.533923 -0.177559
-58.3203 94.8636 -49.3192 -0.826757 0.533742 -0.17774
-61.2516 89.3263 -52.2265 -0.82599 0.532779 -0.184086
-62.438 87.6742 -51.6843 -0.826011 0.532736 -0.184116
-63.6069 86.0528 -51.1492 -0.822502 0.537338 -0.186434
-64.7546 84.4859 -50.6277 -0.82078 0.538949 -0.18935
-65.9178 82.9014 -50.0955 -0.820816 0.538904 -0.189322
-67.0999 81.2928 -49.5497 -0.821048 0.538603 -0.189177
-68.2636 79.7093 -49.0065 -0.820013 0.538347 -0.194321
-69.4549 78.1083 -48.4521 -0.817579 0.53982 -0.200396
-69.9464 77.4501 -48.222 -0.817272 0.540326 -0.200283
-71.8823 73.3464 -51.3823 -0.817333 0.5401 -0.200647
-70.7165 74.9056 -51.9429 -0.819217 0.53873 -0.196607
-69.552 76.4852 -52.5056 -0.822266 0.536155 -0.190831
-68.3883 78.0702 -53.067 -0.822272 0.536153 -0.190813
-67.1594 79.7455 -53.6551 -0.822272 0.536147 -0.190826
-65.9892 81.3421 -54.2111 -0.822263 0.536258 -0.190554
-64.8329 82.9173 -54.753 -0.820908 0.538734 -0.18941
-64.167 83.8273 -55.0638 -0.823742 0.535259 -0.18694
-66.9473 78.5299 -57.8993 -0.822188 0.534119 -0.196782
-68.1661 76.8759 -57.3053 -0.821697 0.534319 -0.198284
-69.314 75.3194 -56.7425 -0.821694 0.534319 -0.198298
-70.5051 73.7055 -56.1556 -0.821726 0.534287 -0.198253
-71.7257 72.0516 -55.5514 -0.821735 0.533848 -0.199393
-72.8913 70.4824 -54.9731 -0.816474 0.539862 -0.204742
-73.8422 69.2277 -54.5104 -0.814592 0.54333 -0.203058
-75.57 65.4027 -57.7108 -0.814222 0.541665 -0.208905
-74.312 67.0506 -58.3396 -0.814117 0.541874 -0.208774
-73.1316 68.6092 -58.9305 -0.820227 0.535492 -0.201185
-71.9697 70.1816 -59.5224 -0.822915 0.531767 -0.200087
-70.7976 71.7719 -60.1167 -0.822972 0.531731 -0.19995
-69.7652 73.1752 -60.6378 -0.823886 0.531487 -0.196806
-72.5368 67.8725 -63.3411 -0.824258 0.531232 -0.195938
-73.7342 66.2516 -62.7122 -0.822607 0.531891 -0.201021
-74.9041 64.7078 -62.1086 -0.814681 0.54093 -0.209021
-76.071 63.1818 -61.5065 -0.814926 0.540584 -0.208959
-77.278 61.6042 -60.8806 -0.814941 0.540568 -0.208945
-77.4351 61.399 -60.7991 -0.814933 0.540579 -0.208946
-79.1103 57.6339 -63.9338 -0.811821 0.537582 -0.227933
-77.9131 59.1747 -64.5701 -0.812107 0.536485 -0.229492
-76.6897 60.75 -65.2158 -0.812079 0.53651 -0.229531
-75.4953 62.2932 -65.8499 -0.815791 0.53393 -0.22227
-75.1295 62.7707 -66.0448 -0.815583 0.534407 -0.221887
-77.8878 57.5045 -68.5725 -0.814343 0.535287 -0.224306
-79.0881 55.9648 -67.9165 -0.811575 0.537299 -0.229468
-80.2807 54.4488 -67.2689 -0.809376 0.54028 -0.230236
-80.7119 53.9024 -67.0354 -0.80938 0.54029 -0.230197
-80.5236 52.4005 -71.0741 -0.812245 0.532015 -0.239203
-81.7202 50.889 -70.4055 -0.809164 0.532373 -0.248661
-82.2901 50.1719 -70.0866 -0.809114 0.532405 -0.248754
-82.9337 47.5595 -73.6137 -0.815312 0.529477 -0.234353
-83.7132 46.5773 -73.1532 -0.808589 0.533596 -0.24791
-27.3951 141.558 12.2762 -0.49865 0.839175 0.217102
-25.5497 142.538 12.1655 -0.386183 0.898944 0.206793
-23.6066 143.245 12.0473 -0.268246 0.920519 0.284057
-21.6528 143.845 11.9383 -0.262372 0.913364 0.31133
-19.6945 144.437 11.8924 -0.267729 0.880083 0.392142
-17.7104 144.961 11.8996 -0.169125 0.866182 0.47024
-15.6773 145.029 11.7619 0.0628651 0.869048 0.490718
-13.6436 144.967 11.5807 0.0809753 0.862438 0.499644
-11.6017 144.829 11.4499 0.122622 0.86682 0.483309
-9.56943 144.462 11.2128 0.372677 0.791796 0.483912
-7.67178 143.696 10.7835 0.434317 0.735358 0.520208
-6.09921 142.999 10.4303 0.463965 0.727798 0.505021
-6.22556 141.51 12.9945 0.437855 0.775804 0.454324
-8.20732 142.347 13.4128 0.420782 0.783481 0.457275
-10.0684 143.023 13.8021 0.33795 0.766239 0.546505
-12.0429 143.37 14.0238 0.0917111 0.847629 0.522603
-14.0948 143.496 14.1783 0.0844494 0.852053 0.516598
-16.086 143.586 14.3554 0.0751366 0.863861 0.498095
-18.1524 143.438 14.4753 -0.167766 0.879128 0.446081
-20.1864 143.173 14.5857 -0.0729515 0.932096 0.35479
-22.2483 142.772 14.7307 -0.219238 0.920589 0.32319
-24.224 142.203 14.8564 -0.269318 0.921209 0.280789
-24.8115 142.018 14.8973 -0.270334 0.925067 0.266779
-22.7376 141.715 17.3985 -0.212524 0.921236 0.325818
-20.676 142.097 17.2427 -0.0583064 0.929015 0.365419
-18.6511 142.258 17.0933 -0.00447078 0.907418 0.420205
-16.4478 142.191 16.8457 0.122218 0.879163 0.460581
-14.3452 142.028 16.6058 0.0952863 0.848086 0.52122
-12.2945 141.882 16.4479 0.153648 0.838631 0.522581
-10.3092 141.45 16.1711 0.283337 0.807154 0.517903
-9.10578 141.156 16.002 0.281166 0.816322 0.504543
-14.729 140.75 19.0737 0.143276 0.87804 0.456638
-16.8089 140.956 19.3186 0.138727 0.879098 0.456005
-18.9108 141.054 19.5505 0.0577181 0.885472 0.461095
-20.2999 141.009 19.6836 -0.0237487 0.898296 0.43875
-20.3713 141.004 19.6899 -0.0341495 0.900797 0.432896
