127.906 4.58451 50.2432 0.0482024 0.847031 0.529354
128.576 5.55921 48.6052 0.051028 0.849637 0.524893
129.237 6.52428 46.9238 0.0492789 0.877187 0.477613
129.823 7.41352 45.1998 0.0546745 0.882525 0.467076
130.485 8.28623 43.4112 0.0441969 0.906581 0.419575
131.076 9.03388 41.6461 0.0529211 0.913573 0.403217
131.664 9.78927 39.8627 0.0518791 0.916064 0.397663
132.291 10.4795 37.9429 0.0405285 0.945535 0.322987
132.862 11.1096 35.9899 0.053426 0.949697 0.30858
133.401 11.6877 33.9456 0.0517897 0.966096 0.252935
133.892 12.1487 32.0167 0.050561 0.971586 0.231224
134.324 12.5737 30.0227 0.0548332 0.978159 0.200497
134.767 12.9031 28.0837 0.046252 0.984753 0.167699
135.207 13.1859 26.1406 0.0586137 0.987018 0.149532
135.588 13.43 24.1193 0.0423704 0.994291 0.0979272
135.912 13.6115 21.95 0.0443481 0.995876 0.0791476
136.207 13.7286 19.8468 0.0271542 0.999022 0.0344814
136.524 13.749 17.8667 0.0291752 0.999558 0.00566125
136.797 13.7012 15.6954 0.0409672 0.99876 -0.0282079
137.052 13.5966 13.5297 0.018902 0.998017 -0.0600344
137.272 13.4302 11.4649 0.0393714 0.993134 -0.110155
137.505 13.1879 9.42349 0.0362112 0.992634 -0.115615
137.634 12.8985 7.43496 0.022011 0.982654 -0.18408
137.683 12.5087 5.45999 0.0303716 0.979887 -0.19722
137.677 12.0746 3.34295 0.0324223 0.978421 -0.20406
137.73 11.6468 1.34978 0.0300763 0.97467 -0.221617
137.722 11.1292 -0.607941 0.0212393 0.961655 -0.273439
137.666 10.5063 -2.68899 0.0449395 0.952719 -0.300507
137.597 9.85932 -4.6846 0.0218386 0.944959 -0.32646
137.514 9.15275 -6.61974 0.0198866 0.936876 -0.34909
137.44 8.39047 -8.51164 0.0449333 0.918698 -0.392396
137.26 7.5075 -10.4734 0.0261867 0.903087 -0.428659
137.089 6.6249 -12.2809 0.0475522 0.881909 -0.468827
136.896 5.62782 -14.0945 0.0386512 0.86837 -0.494408
136.838 4.53095 -15.889 0.0154962 0.845851 -0.533194
138.927 4.47716 -15.9051 0.0281265 0.85216 -0.522285
141.005 4.41358 -16.0043 -0.0175115 0.856632 -0.515524
141.43 5.35871 -14.3542 -0.0311995 0.877667 -0.478255
141.616 6.36858 -12.5114 -0.0305732 0.877936 -0.477802
141.831 7.31152 -10.751 -0.016419 0.897897 -0.439899
141.981 8.15568 -8.89205 -0.0370216 0.920779 -0.388323
142.013 8.94261 -7.02547 -0.0335494 0.92307 -0.383154
142.056 9.68622 -5.09268 -0.0365502 0.944834 -0.325504
142.24 10.308 -3.17561 -0.0502544 0.952628 -0.299958
142.259 10.9478 -1.14619 -0.0496584 0.952691 -0.299856
142.199 11.5478 0.922838 -0.0451979 0.969067 -0.242623
142.142 12.0017 2.93298 -0.049305 0.975291 -0.215351
141.989 12.4265 4.89406 -0.0483288 0.975584 -0.214241
141.91 12.8245 6.86296 -0.0290202 0.984888 -0.170729
141.907 13.1263 8.93529 -0.0202036 0.99211 -0.12373
141.71 13.351 10.9396 -0.0272901 0.993564 -0.109938
141.443 13.5402 13.0213 -0.0125405 0.99809 -0.0604909
141.236 13.6049 15.0962 -0.0206219 0.999502 -0.0238864
141.087 13.6491 17.1393 -0.0213769 0.999501 -0.0232396
140.813 13.6486 19.1775 -0.00302143 0.999408 0.0342828
140.577 13.5398 21.2369 -0.0121399 0.998337 0.0563591
140.265 13.4105 23.2153 -0.00405751 0.996951 0.0779281
139.865 13.1728 25.2927 -0.0106818 0.990795 0.134949
139.525 12.8732 27.4053 -0.0069937 0.989476 0.144505
139.088 12.5389 29.3651 0.000685078 0.980003 0.198863
138.627 12.112 31.3743 0.00127757 0.97772 0.209908
138.191 11.6663 33.3688 0.00810335 0.970289 0.241787
137.788 11.1152 35.2772 -0.0138495 0.95548 0.294732
137.238 10.5292 37.1517 -0.00260431 0.956236 0.292585
136.723 9.88619 39.0965 0.0173951 0.937052 0.348757
136.177 9.10684 40.9972 -0.00028938 0.925163 0.379571
135.579 8.34214 42.8505 -0.000766576 0.921305 0.388841
135.032 7.52137 44.6325 -0.00218532 0.892983 0.450086
134.447 6.65138 46.3764 0.00638016 0.894916 0.446189
133.983 5.6891 48.1722 0.00629557 0.867423 0.497531
133.313 4.68388 49.8281 -0.0134938 0.851021 0.524958
131.63 4.33527 50.4292 0.0184259 0.859091 0.511492
129.577 4.3956 50.4082 0.0316317 0.853477 0.520118
127.933 4.5119 50.3569 0.0482029 0.847031 0.529354
123.053 5.6971 49.0729 0.0919097 0.831797 0.547418
123.835 6.72797 47.2667 0.0953243 0.885588 0.454585
124.524 7.53714 45.5199 0.0482914 0.882272 0.468225
125.138 8.51924 43.6156 0.047195 0.884738 0.463694
125.781 9.40006 41.8176 0.0761838 0.897689 0.433973
126.359 10.1754 39.9939 0.0989517 0.918516 0.382802
127.003 10.7798 37.9667 0.0867568 0.951276 0.295839
127.6 11.3524 36.1107 0.056209 0.944136 0.324727
128.1 11.9368 34.2377 0.0503634 0.954225 0.294818
128.59 12.4319 32.3342 0.0780868 0.965951 0.246661
129.074 12.8192 30.3482 0.0576845 0.984508 0.165579
129.565 13.1448 28.2515 0.0564482 0.984179 0.167944
130.069 13.4648 26.1498 0.0499174 0.987152 0.151686
130.386 13.6935 24.1246 0.0626557 0.992887 0.101244
130.724 13.8445 22.1504 0.0421483 0.997478 0.0571074
131.094 13.9435 19.9905 0.0533149 0.997808 0.0392073
131.38 13.978 17.85 0.0559298 0.998414 0.00635236
131.676 13.8816 15.7678 0.0378125 0.99746 -0.060356
131.928 13.7488 13.7465 0.0351688 0.997374 -0.063298
132.113 13.6081 11.6973 0.0317244 0.99714 -0.068603
132.387 13.3949 9.53909 0.0390155 0.99102 -0.127894
132.468 13.0471 7.4144 0.0363551 0.982703 -0.181552
132.508 12.6674 5.39248 0.0384372 0.982829 -0.180469
132.591 12.303 3.41634 0.0397044 0.981632 -0.186467
132.618 11.842 1.4133 0.0427345 0.961998 -0.26969
132.62 11.2324 -0.515009 0.0154212 0.957545 -0.287703
132.561 10.6452 -2.58709 0.0183732 0.965969 -0.257907
132.498 10.1459 -4.59908 0.0400466 0.964989 -0.259217
132.465 9.49562 -6.50757 0.0841992 0.933982 -0.347258
132.345 8.63257 -8.45189 0.0334902 0.890363 -0.454018
132.22 7.72241 -10.2798 0.0264216 0.901061 -0.432887
132.047 6.87173 -12.1108 0.0236525 0.922925 -0.3838
131.829 6.04263 -14.0411 0.098686 0.868286 -0.485894
131.601 4.86955 -15.8754 0.0705288 0.824822 -0.560977
131.351 3.59576 -17.6092 0.0239501 0.796 -0.604822
131.164 2.32504 -19.2924 0.0209283 0.798812 -0.601216
132.264 1.65958 -20.1566 0.0222711 0.79895 -0.600985
134.281 1.63177 -20.1378 0.00795401 0.790912 -0.611851
136.384 1.60886 -20.1011 0.0184037 0.785288 -0.618857
138.493 1.63178 -20.0634 -0.0286227 0.798583 -0.601203
140.587 1.60678 -20.172 -0.0207508 0.802097 -0.596834
142.597 1.59561 -20.2535 -0.0225775 0.813951 -0.580492
144.63 1.55638 -20.3759 -0.0110419 0.822606 -0.568501
145.972 2.06649 -19.665 -0.0235704 0.820763 -0.570783
146.198 3.2891 -17.9499 -0.0406224 0.814003 -0.579438
146.4 4.53866 -16.1195 -0.0751947 0.843496 -0.531846
146.519 5.57384 -14.4102 -0.0646984 0.874438 -0.480803
146.75 6.53283 -12.67 -0.0630274 0.882923 -0.465246
146.959 7.47685 -10.7676 -0.0504256 0.901556 -0.429713
147.058 8.37612 -8.89389 -0.0547436 0.897844 -0.436893
147.129 9.18489 -7.04025 -0.072006 0.929142 -0.362642
147.222 9.91681 -5.09793 -0.055884 0.940179 -0.336065
147.315 10.5855 -3.15096 -0.0577393 0.951295 -0.302826
147.318 11.1742 -1.19309 -0.0546206 0.957138 -0.284436
147.273 11.7448 0.795755 -0.0493953 0.966296 -0.252566
147.243 12.2105 2.74048 -0.0516838 0.972801 -0.225802
147.184 12.6509 4.79785 -0.0616849 0.979197 -0.193308
147.085 13.0184 6.81083 -0.0552993 0.985107 -0.162809
147.081 13.3124 8.79824 -0.0635766 0.989263 -0.131561
146.916 13.4913 10.7861 -0.0390106 0.996619 -0.0723069
146.664 13.6379 12.7728 -0.0364032 0.996567 -0.0743601
146.499 13.7356 14.7858 -0.0372037 0.998933 -0.0273156
146.303 13.7593 16.9362 -0.0294618 0.999549 0.00510358
146.056 13.7082 19.008 -0.028166 0.999096 0.0318394
145.816 13.6132 21.0238 -0.0154626 0.998637 0.0497454
145.533 13.4794 23.1 -0.0143614 0.997053 0.0753568
145.154 13.2654 25.0866 -0.014604 0.992439 0.121813
144.768 12.975 27.0574 -0.0228598 0.987577 0.155467
144.379 12.6342 29.0029 -0.0197948 0.982066 0.187498
143.975 12.2159 31.0171 -0.011808 0.976576 0.214842
143.572 11.7502 32.9788 -0.0113088 0.970432 0.24111
143.127 11.2706 34.8772 -0.0126587 0.969065 0.24648
142.613 10.7012 36.8593 -0.0308526 0.956445 0.290277
142.105 10.0554 38.7006 -0.0141278 0.939259 0.342919
141.651 9.33948 40.5807 -0.021955 0.925655 0.377692
141.083 8.53947 42.4363 -0.0243437 0.917148 0.397803
140.455 7.68528 44.3496 -0.0221975 0.915293 0.402176
139.914 6.77135 46.1706 -0.0056171 0.888883 0.4581
139.341 5.86722 47.9232 -0.0063313 0.885917 0.4638
138.779 4.93728 49.6127 -0.0227254 0.869243 0.493862
138.125 3.91763 51.3029 -0.0289273 0.853319 0.520585
137.516 2.84282 52.8837 -0.0106267 0.806515 0.591118
136.812 1.64915 54.4923 -0.00623562 0.806969 0.590561
134.873 1.50605 54.7154 0.0119041 0.817451 0.575875
132.763 1.55904 54.6694 0.00523535 0.816485 0.577342
130.649 1.59004 54.6335 0.00776641 0.807822 0.589375
128.46 1.58948 54.673 0.00959952 0.801888 0.597397
126.428 1.61261 54.6994 0.0311959 0.79683 0.603392
124.388 1.64575 54.767 0.0319065 0.798499 0.60115
122.335 1.66784 54.8468 0.0257656 0.790271 0.612216
120.736 1.94197 54.5811 0.0575784 0.795119 0.603714
121.441 3.03766 53.0286 0.0443232 0.807328 0.588436
122.136 4.12992 51.4534 0.0381176 0.816487 0.576104
122.759 5.22009 49.8337 0.0754931 0.82421 0.561229
122.98 5.59275 49.2437 0.0915732 0.831359 0.548139
123.001 5.62319 49.1938 0.0919118 0.831795 0.547421
