48.8136 118.137 -18.6646 0.232472 0.757924 -0.609515
49.4235 116.827 -20.0637 0.234593 0.758483 -0.608005
50.1515 115.398 -21.461 0.238852 0.724959 -0.646049
50.8723 113.906 -22.8658 0.235816 0.723018 -0.649334
51.5584 112.499 -24.1871 0.218629 0.72605 -0.65196
52.3287 111.109 -25.4253 0.21693 0.695133 -0.685333
53.177 109.654 -26.5797 0.217506 0.680382 -0.699837
53.8809 108.202 -27.7706 0.208571 0.680178 -0.702749
54.6807 106.669 -28.9523 0.199478 0.648351 -0.734744
55.4793 105.18 -30.0463 0.201408 0.648311 -0.734252
56.4938 103.632 -31.1341 0.201897 0.639661 -0.741611
57.4983 102.074 -32.1613 0.190845 0.618496 -0.762258
58.5436 100.484 -33.1875 0.191503 0.618916 -0.761754
59.5139 98.9957 -34.1216 0.189114 0.598623 -0.778387
60.5408 97.4127 -35.1016 0.175626 0.598583 -0.781571
61.508 95.8819 -36.0434 0.167783 0.586626 -0.792287
62.5001 94.3892 -36.9387 0.168693 0.586798 -0.791966
63.5463 92.8104 -37.8539 0.170749 0.561147 -0.809912
64.6668 91.1876 -38.7391 0.167736 0.557093 -0.813334
65.7708 89.6005 -39.5979 0.160637 0.551731 -0.818404
66.8494 88.077 -40.418 0.143309 0.550111 -0.822703
67.9486 86.5291 -41.2602 0.148941 0.543579 -0.826017
69.004 84.9709 -42.0596 0.142471 0.518759 -0.842965
70.0813 83.4362 -42.8263 0.138846 0.520324 -0.842606
71.2196 81.8536 -43.616 0.138307 0.516909 -0.844793
72.4433 80.1534 -44.4468 0.136291 0.512447 -0.847834
73.6285 78.5539 -45.2223 0.129028 0.511126 -0.849765
74.7351 77.0286 -45.9454 0.129924 0.491 -0.861416
75.885 75.4779 -46.6602 0.130526 0.492596 -0.860414
76.9446 73.9004 -47.3978 0.12944 0.485969 -0.864338
78.0784 72.2964 -48.1203 0.122773 0.478197 -0.869629
79.183 70.7346 -48.8253 0.120218 0.478996 -0.869546
80.2872 69.1677 -49.5359 0.119613 0.478941 -0.86966
81.4065 67.628 -50.2289 0.120277 0.477334 -0.870451
82.5769 66.1333 -50.8715 0.116789 0.462042 -0.879134
83.7425 64.5888 -51.5359 0.107718 0.463637 -0.879453
84.8784 63.0547 -52.2055 0.106772 0.463234 -0.879781
86.0574 61.4989 -52.8744 0.106516 0.451805 -0.885735
87.2158 59.9192 -53.5304 0.111089 0.445327 -0.88845
88.4484 58.4276 -54.1208 0.109277 0.444043 -0.889317
89.7388 56.7893 -54.8061 0.0780507 0.441462 -0.893879
90.9768 55.1249 -55.5239 0.0763162 0.442464 -0.893533
92.1788 53.5329 -56.2087 0.0778351 0.440766 -0.894241
93.3879 51.9185 -56.9029 0.072142 0.441579 -0.894317
94.5145 50.3738 -57.5759 0.0717348 0.441904 -0.89419
95.6597 48.7808 -58.2699 0.0726685 0.439766 -0.895168
96.8201 47.2713 -58.9174 0.0717985 0.440138 -0.895055
97.9708 45.6724 -59.6114 0.0717625 0.440167 -0.895044
99.1357 44.1593 -60.2597 0.0712438 0.436477 -0.89689
100.358 42.4715 -60.985 0.0661086 0.435187 -0.89791
101.463 40.9019 -61.6694 0.0636095 0.436795 -0.897309
102.622 39.2626 -62.3851 0.0637452 0.43651 -0.897438
103.713 37.6564 -63.086 0.0596256 0.43262 -0.899603
104.895 36.051 -63.7744 0.0590751 0.430065 -0.900863
106.056 34.4842 -64.4616 0.0506184 0.437792 -0.89765
107.219 32.8763 -65.1804 0.050741 0.437842 -0.897619
108.335 31.2928 -65.89 0.0504841 0.438048 -0.897533
109.443 29.7458 -66.5824 0.0523344 0.438131 -0.897386
110.61 28.1481 -67.2943 0.0513631 0.434787 -0.899067
111.773 26.5496 -68.0178 0.0318224 0.437817 -0.8985
112.948 24.9453 -68.7569 0.0293819 0.435683 -0.89962
113.972 23.3845 -69.4795 0.0290791 0.43553 -0.899704
114.663 21.5429 -70.3537 0.0295287 0.444667 -0.895208
114.744 19.6317 -71.307 0.0261238 0.447684 -0.89381
114.396 17.8753 -72.2017 0.0305608 0.452523 -0.891229
113.806 16.1551 -73.0906 0.0313098 0.448811 -0.893078
113.13 14.3516 -74.0205 0.0307915 0.448133 -0.893436
112.436 12.563 -74.929 0.0229701 0.443229 -0.896114
111.819 10.8217 -75.8076 0.0233151 0.443859 -0.895793
111.211 9.03178 -76.7095 0.0220498 0.443363 -0.896071
110.54 7.2338 -77.613 0.0170555 0.443944 -0.895892
110.271 5.49795 -78.4784 0.0164535 0.444192 -0.895781
112.339 5.53443 -78.4213 0.0185392 0.445163 -0.895258
114.431 5.51407 -78.3818 0.0218414 0.44604 -0.894747
116.49 5.44905 -78.3713 0.0167927 0.446393 -0.89468
118.599 5.44559 -78.3334 0.0167789 0.446393 -0.89468
120.612 5.4441 -78.2973 0.0148984 0.44817 -0.893824
121.851 6.53448 -77.7273 0.0161889 0.452684 -0.891524
122.431 8.26775 -76.8312 0.0188619 0.454297 -0.890651
122.963 10.0243 -75.9251 0.018889 0.453827 -0.89089
123.552 11.7557 -75.0302 0.0190775 0.454563 -0.89051
124.062 13.4865 -74.1262 0.0211808 0.459499 -0.887926
124.62 15.2624 -73.1942 0.0214505 0.458844 -0.888258
125.191 17.0685 -72.2492 0.0282011 0.456694 -0.889177
125.7 18.9287 -71.285 0.0337495 0.453121 -0.89081
124.805 20.6361 -70.4444 0.0361414 0.457008 -0.888728
123.729 22.2212 -69.6724 0.0356291 0.456936 -0.888786
122.549 23.7442 -68.9471 0.0403882 0.451198 -0.89151
121.519 25.2981 -68.2059 0.0432918 0.454011 -0.889943
120.479 26.8576 -67.4593 0.0436912 0.455702 -0.889059
119.414 28.4038 -66.7196 0.0470723 0.456264 -0.888598
118.327 30.0192 -65.946 0.0474132 0.45759 -0.887898
117.285 31.5955 -65.1911 0.0479453 0.45663 -0.888364
116.239 33.1861 -64.4279 0.0652042 0.461675 -0.884645
115.167 34.7298 -63.7201 0.0807881 0.457645 -0.885454
114.035 36.3248 -62.9939 0.0805359 0.456209 -0.886221
112.822 37.9323 -62.2685 0.0804246 0.456327 -0.88617
111.672 39.4602 -61.583 0.0733541 0.448879 -0.890576
110.519 41.0851 -60.873 0.0732717 0.441992 -0.894021
109.422 42.6646 -60.1823 0.0743185 0.443033 -0.893419
108.285 44.1808 -59.5257 0.0734307 0.442941 -0.893538
107.16 45.7029 -58.8663 0.073334 0.441555 -0.894232
105.994 47.3069 -58.1684 0.0730079 0.441856 -0.89411
104.867 48.8583 -57.4947 0.0729682 0.440392 -0.894834
103.67 50.4345 -56.8148 0.0704278 0.439856 -0.895303
102.476 52.0464 -56.1168 0.0707465 0.43963 -0.895388
101.364 53.6093 -55.4362 0.0709879 0.440622 -0.894882
100.228 55.237 -54.7215 0.0712062 0.445741 -0.892325
99.0044 56.9274 -53.9702 0.0703966 0.447443 -0.891538
97.8496 58.5557 -53.2443 0.0703513 0.447457 -0.891534
96.6959 60.1377 -52.5414 0.0703295 0.447425 -0.891552
95.5922 61.6772 -51.8566 0.0713924 0.446247 -0.892058
94.5118 63.2193 -51.1607 0.0710271 0.455982 -0.88715
93.4111 64.8267 -50.4203 0.0735636 0.457861 -0.885975
92.2678 66.4019 -49.7011 0.070823 0.457048 -0.886618
91.267 68.03 -48.932 0.0849578 0.475484 -0.875612
90.1199 69.7588 -48.1043 0.090956 0.478167 -0.873546
89.0765 71.3085 -47.3639 0.0894438 0.478574 -0.873479
87.9193 73.009 -46.552 0.089807 0.477464 -0.87405
86.7326 74.5255 -45.8442 0.0936905 0.480008 -0.872247
85.6112 76.0442 -45.1195 0.0958035 0.495696 -0.863196
84.5837 77.5859 -44.3402 0.100773 0.502958 -0.858416
83.6042 79.1681 -43.5279 0.0997557 0.504356 -0.857714
82.622 80.7929 -42.6628 0.090997 0.514693 -0.852532
81.5482 82.3132 -41.8597 0.0910518 0.514634 -0.852562
80.5222 83.9331 -40.9933 0.100201 0.512875 -0.852596
79.5229 85.5403 -40.1407 0.117719 0.526023 -0.842284
78.5248 87.1671 -39.2131 0.117714 0.550414 -0.826552
77.4449 88.7207 -38.3272 0.115287 0.557274 -0.822284
76.4911 90.319 -37.3574 0.118841 0.561671 -0.818781
75.5896 91.9024 -36.4044 0.118901 0.560732 -0.819416
74.6827 93.4317 -35.4819 0.128958 0.573928 -0.808688
73.7186 94.9594 -34.4824 0.118344 0.602866 -0.789016
72.7995 96.4902 -33.4501 0.118862 0.602935 -0.788886
71.8067 97.9784 -32.4792 0.133389 0.598209 -0.790161
70.8419 99.4719 -31.4695 0.132669 0.615336 -0.77702
69.9214 100.992 -30.4148 0.127313 0.626275 -0.769137
69.1032 102.449 -29.308 0.12596 0.649525 -0.749834
68.1772 103.919 -28.1884 0.128614 0.651903 -0.747316
67.2326 105.36 -27.0381 0.138352 0.679301 -0.720701
66.4317 106.839 -25.7976 0.143657 0.679336 -0.719629
65.6796 108.318 -24.5775 0.169395 0.679758 -0.713607
64.88 109.892 -23.1901 0.167846 0.705991 -0.688044
63.6665 111.229 -22.1093 0.169732 0.710103 -0.683333
61.6734 112.127 -21.6777 0.175426 0.7135 -0.678339
59.9145 113.013 -21.1959 0.170177 0.721642 -0.671024
58.0818 113.824 -20.763 0.174469 0.739472 -0.650186
56.2219 114.69 -20.3318 0.203166 0.737773 -0.643749
54.4178 115.533 -19.9275 0.204587 0.744296 -0.635742
52.6304 116.405 -19.4577 0.200693 0.759231 -0.619104
50.862 117.236 -19.0201 0.208644 0.759534 -0.616091
49.0289 118.149 -18.5667 0.23258 0.757404 -0.610118
48.8666 118.117 -18.6689 0.232816 0.757697 -0.609665
45.0483 118.209 -20.0851 0.249416 0.750828 -0.611596
44.445 119.607 -18.6124 0.252395 0.751468 -0.609584
43.8409 120.927 -17.2141 0.266563 0.767416 -0.58311
43.2437 122.204 -15.7262 0.27744 0.796022 -0.537928
42.6316 123.42 -14.2278 0.292771 0.798539 -0.525947
43.2163 123.673 -13.5318 0.263579 0.808502 -0.526166
45.0427 122.763 -14.0077 0.247389 0.798327 -0.549052
46.9316 121.904 -14.4456 0.208995 0.787696 -0.579489
48.8239 121.035 -14.9241 0.204506 0.775248 -0.597634
50.596 120.183 -15.4167 0.20662 0.773064 -0.599734
52.4661 119.28 -15.9346 0.207149 0.771565 -0.601479
54.297 118.399 -16.4262 0.207779 0.766326 -0.607925
56.0888 117.554 -16.8761 0.208295 0.765947 -0.608225
57.8901 116.763 -17.3097 0.17152 0.769298 -0.615436
59.7026 115.982 -17.7842 0.16367 0.766883 -0.620566
61.6387 115.154 -18.293 0.162267 0.762633 -0.626143
63.4853 114.356 -18.7982 0.1548 0.757884 -0.633753
65.3215 113.553 -19.2637 0.16762 0.729577 -0.66304
67.1794 112.672 -19.7338 0.168804 0.710982 -0.682649
68.137 111.354 -20.8993 0.133489 0.720158 -0.680847
68.8513 110.016 -22.2387 0.083439 0.732208 -0.675951
69.5877 108.666 -23.6057 0.0912169 0.718504 -0.689311
70.3785 107.238 -24.8432 0.0858319 0.656269 -0.749629
71.2471 105.771 -26.0284 0.0858697 0.656275 -0.74962
72.1655 104.324 -27.1897 0.0860461 0.656538 -0.749369
73.0916 102.816 -28.3951 0.0875428 0.642912 -0.760919
73.989 101.313 -29.5373 0.0921572 0.639866 -0.76289
74.9097 99.8423 -30.5664 0.116475 0.609131 -0.78447
75.9069 98.3849 -31.5464 0.115162 0.603557 -0.788958
76.8883 96.9101 -32.523 0.115151 0.599438 -0.792095
77.8612 95.2775 -33.6184 0.117738 0.601065 -0.79048
78.8447 93.6622 -34.7012 0.120208 0.593814 -0.795551
79.7754 92.1175 -35.6525 0.115606 0.562197 -0.818883
80.6948 90.6017 -36.5926 0.105418 0.570382 -0.814587
81.7663 89.0181 -37.5215 0.106321 0.553013 -0.826361
82.7259 87.4609 -38.4685 0.0916019 0.561379 -0.822473
83.7286 85.9082 -39.4164 0.0905619 0.557676 -0.825104
84.7263 84.3271 -40.3062 0.0905494 0.51457 -0.852654
85.8072 82.7276 -41.163 0.0827692 0.517774 -0.851503
86.8949 81.1318 -42.0278 0.0828629 0.514356 -0.853564
87.8707 79.5283 -42.8664 0.0852284 0.499454 -0.86213
88.9418 77.9474 -43.6906 0.075074 0.50359 -0.860675
89.9807 76.4191 -44.4904 0.0763487 0.497246 -0.864237
91.1918 74.7996 -45.2715 0.0821039 0.47437 -0.876488
92.3355 73.1128 -46.0841 0.0609955 0.474641 -0.878063
93.4323 71.5113 -46.8862 0.0509442 0.476449 -0.877725
94.5043 69.9555 -47.6685 0.0509488 0.476446 -0.877726
95.5763 68.3186 -48.4835 0.0595099 0.462744 -0.884468
96.6802 66.7938 -49.1832 0.0640186 0.452113 -0.88966
97.79 65.2054 -49.9094 0.0646436 0.451725 -0.889812
98.8946 63.5929 -50.6411 0.0679644 0.447215 -0.89184
100.049 61.9935 -51.3529 0.0672662 0.447681 -0.89166
101.287 60.2949 -52.1143 0.060176 0.445534 -0.89324
102.436 58.6988 -52.8355 0.0579401 0.445747 -0.893282
103.624 57.0167 -53.5977 0.0581254 0.44557 -0.893358
104.732 55.4795 -54.2839 0.0618526 0.436838 -0.897411
105.847 53.9367 -54.9464 0.0816205 0.430336 -0.898971
106.989 52.3484 -55.5938 0.0913206 0.429892 -0.89825
108.207 50.7505 -56.2531 0.0810374 0.444247 -0.892232
109.352 49.1731 -56.9377 0.0806872 0.445457 -0.89166
110.492 47.6071 -57.6158 0.0836997 0.446613 -0.890803
111.615 46.0525 -58.2871 0.0860926 0.446367 -0.890699
112.74 44.5011 -58.9556 0.0861784 0.44632 -0.890714
113.838 42.9331 -59.6351 0.0861796 0.446317 -0.890716
115.027 41.2851 -60.3458 0.0861825 0.44632 -0.890714
116.178 39.7002 -61.029 0.0858787 0.44742 -0.890191
117.409 38.0485 -61.7571 0.0875418 0.463314 -0.88186
118.574 36.399 -62.5248 0.0631626 0.474317 -0.878076
119.686 34.8177 -63.3102 0.058001 0.477082 -0.876943
120.821 33.2067 -64.1108 0.0583418 0.474967 -0.878067
121.93 31.6114 -64.8848 0.0574996 0.463783 -0.884081
122.974 30.0372 -65.6423 0.0566122 0.463053 -0.884521
124.139 28.3645 -66.4494 0.0482798 0.462928 -0.88508
125.255 26.761 -67.2321 0.0441354 0.463325 -0.885089
126.358 25.1604 -68.0154 0.0440581 0.463465 -0.885019
127.449 23.6388 -68.7579 0.0440448 0.463464 -0.88502
128.504 22.0809 -69.521 0.0436466 0.463146 -0.885207
129.574 20.5164 -70.2842 0.0426189 0.460469 -0.886652
129.839 18.7364 -71.227 0.03338 0.485156 -0.87379
129.33 17.0263 -72.163 0.0250442 0.461486 -0.88679
128.808 15.2646 -73.0886 0.0227618 0.459507 -0.887882
128.295 13.5446 -73.9951 0.0165782 0.46452 -0.885404
127.732 11.8219 -74.9155 0.00772728 0.470718 -0.88225
127.209 10.1041 -75.8257 0.0012648 0.461628 -0.887072
126.682 8.38807 -76.7178 0.000602215 0.460087 -0.887874
126.084 6.59204 -77.6532 0.00102815 0.460369 -0.887727
125.524 4.80995 -78.5687 0.00253212 0.454162 -0.890914
124.951 2.94148 -79.5188 0.00309077 0.451761 -0.892134
123.579 1.86269 -80.0754 0.00938055 0.451738 -0.892101
121.495 1.88109 -80.0898 0.0106023 0.452128 -0.89189
119.472 1.88517 -80.1118 0.0106 0.452131 -0.891889
117.297 1.86886 -80.1467 0.0127918 0.450276 -0.892797
115.188 1.89148 -80.1713 0.0178438 0.446036 -0.894837
113.167 1.8951 -80.2115 0.0162392 0.44419 -0.895785
111.089 1.86559 -80.2534 0.0075841 0.435045 -0.900377
108.974 1.91218 -80.2487 0.00755784 0.435029 -0.900385
106.943 1.91818 -80.2647 0.0126866 0.435268 -0.900212
104.908 1.89335 -80.3163 0.0196092 0.432681 -0.901334
104.92 3.44041 -79.5788 0.0261066 0.427151 -0.903803
105.56 5.16681 -78.7491 0.0293897 0.423722 -0.905315
106.224 6.91302 -77.8991 0.0447888 0.43745 -0.898124
106.866 8.69545 -76.9904 0.0437902 0.441261 -0.89631
107.497 10.4846 -76.0789 0.0293967 0.445728 -0.894685
108.161 12.3426 -75.1428 0.0208045 0.441802 -0.896871
108.792 14.116 -74.2534 0.0215624 0.442787 -0.896368
109.475 15.9279 -73.3411 0.0211761 0.441401 -0.89706
110.146 17.7246 -72.4302 0.0313446 0.44827 -0.893347
110.707 19.4793 -71.5044 0.0312123 0.462257 -0.886197
110.587 21.3452 -70.5738 0.0285239 0.438317 -0.898367
109.605 22.952 -69.8331 0.0391289 0.433961 -0.900081
108.439 24.5478 -69.1279 0.0464141 0.429877 -0.901694
107.284 26.1461 -68.4256 0.0465515 0.429861 -0.901694
106.041 27.8483 -67.6783 0.0465443 0.429826 -0.901711
104.945 29.4201 -66.9857 0.0464321 0.429862 -0.9017
103.771 31.0361 -66.2713 0.0488534 0.435225 -0.898995
102.665 32.6051 -65.5698 0.0517059 0.437135 -0.897908
101.519 34.1334 -64.9081 0.0601113 0.427337 -0.902092
100.338 35.7956 -64.1947 0.0590363 0.429503 -0.901134
99.1467 37.4666 -63.4806 0.0641251 0.428632 -0.9012
97.9426 39.146 -62.77 0.0669494 0.428805 -0.900913
96.8023 40.7163 -62.1073 0.0671423 0.429068 -0.900774
95.6601 42.2674 -61.4527 0.0686001 0.432402 -0.899066
94.4853 43.9102 -60.7517 0.0706629 0.43495 -0.897678
93.3079 45.5428 -60.0491 0.0717765 0.439841 -0.895203
92.0878 47.2699 -59.304 0.0729505 0.440971 -0.894552
90.886 48.8111 -58.6498 0.0851913 0.438781 -0.894546
89.7547 50.3698 -57.9851 0.0894402 0.438522 -0.894259
88.5649 51.9744 -57.3193 0.109194 0.443382 -0.889644
87.3397 53.6364 -56.6497 0.115847 0.443251 -0.88888
86.1856 55.2328 -56.0041 0.115846 0.443237 -0.888887
84.9508 56.7893 -55.3839 0.109635 0.446402 -0.888091
83.6815 58.3868 -54.7345 0.113157 0.449352 -0.886152
82.4901 60.0131 -54.0706 0.119211 0.450387 -0.884839
81.2828 61.5693 -53.4484 0.123575 0.45319 -0.882807
80.1609 63.1221 -52.7954 0.136862 0.465073 -0.874629
78.9287 64.7495 -52.1189 0.145216 0.467335 -0.872073
77.7247 66.3864 -51.4333 0.142104 0.477879 -0.866846
76.6187 67.9438 -50.7409 0.132553 0.481317 -0.866466
75.5139 69.4706 -50.0614 0.133219 0.482216 -0.865864
74.3679 71.1213 -49.3182 0.134447 0.483206 -0.865122
73.223 72.7249 -48.5998 0.135529 0.485632 -0.863593
72.1189 74.2817 -47.8979 0.13952 0.488153 -0.861534
71.0294 75.8187 -47.2054 0.140981 0.487301 -0.861779
69.8955 77.3541 -46.5153 0.143477 0.49509 -0.856903
68.777 78.9524 -45.7739 0.154696 0.503938 -0.849774
67.635 80.5655 -45.019 0.157267 0.510889 -0.845139
66.4835 82.2113 -44.213 0.154578 0.522268 -0.838655
65.3808 83.8028 -43.4241 0.157048 0.525152 -0.836392
64.2867 85.38 -42.639 0.15956 0.526786 -0.834888
63.2536 86.9329 -41.8599 0.164372 0.527611 -0.833426
62.1483 88.4892 -41.0675 0.170917 0.54695 -0.819532
61.0387 90.0969 -40.2136 0.170503 0.554082 -0.814814
59.9741 91.6797 -39.3747 0.193974 0.54372 -0.816543
58.9761 93.2508 -38.5433 0.20408 0.564069 -0.80011
57.9712 94.7753 -37.6852 0.201852 0.588287 -0.783054
57.0072 96.323 -36.7686 0.199981 0.592233 -0.780555
56.0402 97.8408 -35.8636 0.204191 0.592845 -0.779
55.0948 99.3788 -34.9437 0.213484 0.591196 -0.777761
54.0741 101.019 -33.9738 0.230301 0.598908 -0.766988
53.1016 102.597 -33.019 0.237269 0.607712 -0.757885
52.1233 104.144 -32.0261 0.225636 0.662193 -0.714549
51.2828 105.643 -30.8998 0.22576 0.663135 -0.713641
50.5266 107.129 -29.7679 0.22431 0.658928 -0.717983
49.7543 108.625 -28.642 0.228358 0.654902 -0.720386
48.9578 110.117 -27.5094 0.244565 0.677458 -0.693714
48.1856 111.616 -26.2953 0.257154 0.688549 -0.678065
47.4135 113.206 -24.892 0.251921 0.715171 -0.651971
46.7255 114.677 -23.5495 0.259983 0.711463 -0.652862
45.9943 116.085 -22.2744 0.265368 0.734158 -0.624961
45.3811 117.452 -20.8798 0.248418 0.751008 -0.61178
45.0662 118.162 -20.1358 0.249174 0.750979 -0.611509
52.2503 115.055 -21.1323 0.193696 0.723765 -0.662304
52.2661 115.053 -21.1302 0.193377 0.724087 -0.662045
53.5763 112.539 -23.4883 0.192805 0.723489 -0.662865
55.6269 112.247 -23.2128 0.19266 0.71961 -0.667115
57.6561 111.952 -22.9303 0.202323 0.710372 -0.674119
59.3044 111.715 -22.7032 0.179711 0.706554 -0.68446
63.4097 108.824 -24.6214 0.168127 0.689422 -0.704578
61.4143 109.06 -24.8623 0.169101 0.690857 -0.702938
59.3629 109.334 -25.1397 0.19525 0.688572 -0.698388
57.3542 109.61 -25.4195 0.19146 0.676886 -0.710752
55.3385 109.889 -25.6993 0.196281 0.674853 -0.71137
55.0718 109.927 -25.7377 0.19935 0.675787 -0.709628
56.486 107.244 -27.896 0.211133 0.676229 -0.705788
58.4498 106.976 -27.6115 0.188358 0.6749 -0.713464
60.4906 106.714 -27.3324 0.183081 0.67714 -0.712715
62.548 106.453 -27.0523 0.182902 0.677643 -0.712283
64.7004 106.191 -26.7693 0.169914 0.668979 -0.723599
64.7212 106.189 -26.7667 0.163556 0.669347 -0.724723
66.1801 103.543 -28.8855 0.151035 0.663589 -0.732692
64.0339 103.764 -29.1387 0.165246 0.663576 -0.72963
62.034 104.001 -29.4073 0.184284 0.650044 -0.737212
59.9607 104.259 -29.6991 0.185659 0.650402 -0.736551
58.0582 104.499 -29.9687 0.186822 0.652092 -0.734761
59.8756 101.664 -31.916 0.183504 0.613209 -0.76831
61.8956 101.425 -31.6316 0.173254 0.620046 -0.765197
63.9484 101.205 -31.3679 0.158163 0.611974 -0.774901
66.0926 100.999 -31.1197 0.145759 0.607646 -0.780718
67.9298 100.825 -30.9081 0.147965 0.614373 -0.775017
69.505 98.0301 -32.8271 0.130261 0.602329 -0.787548
67.5113 98.1957 -33.0399 0.139615 0.600747 -0.787153
65.4307 98.396 -33.2949 0.165995 0.60443 -0.779173
63.4245 98.6074 -33.5621 0.171187 0.607993 -0.775267
61.9014 98.7685 -33.7646 0.168242 0.604902 -0.778324
63.6193 95.8807 -35.5993 0.166471 0.585812 -0.793166
65.7522 95.6771 -35.3297 0.151196 0.594763 -0.789554
67.7752 95.4861 -35.0751 0.159406 0.603552 -0.781226
69.8784 95.298 -34.8228 0.135033 0.596523 -0.791155
71.3571 95.1836 -34.6679 0.120667 0.601047 -0.790052
73.1108 92.3222 -36.4768 0.118894 0.560738 -0.819413
71.0014 92.4686 -36.6826 0.118758 0.560636 -0.819502
69.0098 92.6307 -36.9104 0.154781 0.557523 -0.815605
66.9761 92.8167 -37.1711 0.156044 0.556852 -0.815822
65.6895 92.9349 -37.3356 0.157036 0.557601 -0.81512
67.8129 89.9382 -38.978 0.154256 0.557763 -0.81554
69.7987 89.7633 -38.7231 0.148299 0.558545 -0.81611
71.7865 89.6217 -38.5163 0.118637 0.560582 -0.819556
73.9001 89.4794 -38.3075 0.118777 0.560665 -0.81948
74.6247 89.4307 -38.2358 0.118898 0.56063 -0.819486
76.5428 86.4967 -39.921 0.109877 0.537324 -0.836188
74.4905 86.629 -40.123 0.130832 0.536575 -0.833649
72.5002 86.7757 -40.3468 0.132091 0.545731 -0.827484
70.4008 86.9204 -40.5669 0.125156 0.561931 -0.817661
69.9047 86.9575 -40.6227 0.146532 0.55925 -0.815946
72.0122 83.9492 -42.2077 0.126679 0.51752 -0.846242
74.1262 83.8039 -41.9786 0.132101 0.519143 -0.844417
76.2138 83.6646 -41.7583 0.120212 0.514702 -0.8489
78.3442 83.5249 -41.5361 0.122989 0.51188 -0.850207
78.5358 83.5123 -41.5159 0.122769 0.512073 -0.850123
80.4166 80.5099 -43.0714 0.0945425 0.514516 -0.852253
78.4205 80.6295 -43.2683 0.122869 0.511803 -0.850271
76.3884 80.7611 -43.4842 0.124399 0.512572 -0.849585
74.3926 80.8919 -43.6984 0.12645 0.511977 -0.849641
74.3122 80.8973 -43.7073 0.128742 0.511581 -0.849535
76.4447 77.8637 -45.2214 0.120968 0.505128 -0.854525
78.4345 77.7374 -45.0082 0.123633 0.511373 -0.850419
80.4966 77.6172 -44.8045 0.0985356 0.50785 -0.855792
82.2001 77.5302 -44.6564 0.101851 0.504369 -0.85746
84.3011 74.4901 -46.1303 0.0971598 0.478454 -0.872721
82.2295 74.5906 -46.3062 0.0981368 0.479217 -0.872193
80.0534 74.7064 -46.5081 0.115935 0.485026 -0.866781
78.6175 74.7917 -46.6565 0.11943 0.485615 -0.865976
80.8578 71.7127 -48.0686 0.111837 0.475975 -0.872319
83.0452 71.5955 -47.8588 0.10035 0.480099 -0.871455
85.0841 71.5002 -47.6879 0.0941619 0.480275 -0.872049
86.766 71.423 -47.5488 0.0941733 0.480281 -0.872044
88.7812 68.3768 -48.9979 0.0887239 0.465668 -0.880501
86.7629 68.4587 -49.1492 0.0833879 0.45772 -0.885177
84.573 68.5498 -49.3171 0.101211 0.457834 -0.883258
83.0075 68.6319 -49.4684 0.112607 0.473583 -0.873521
85.3794 65.534 -50.8271 0.116308 0.469598 -0.875186
87.4254 65.4395 -50.6481 0.0833351 0.45782 -0.885131
89.4405 65.361 -50.4989 0.083314 0.457878 -0.885102
90.7322 65.3112 -50.4041 0.0813031 0.458521 -0.884957
92.8114 62.2495 -51.8116 0.078668 0.45456 -0.887235
90.8074 62.3217 -51.9524 0.0787808 0.458342 -0.885278
88.7963 62.3944 -52.0944 0.0853389 0.459311 -0.884167
87.7479 62.4391 -52.1812 0.104468 0.463936 -0.879687
90.1728 59.3346 -53.5073 0.0786971 0.443895 -0.892617
92.1699 59.2627 -53.3644 0.0803608 0.444819 -0.892008
94.3216 59.1854 -53.2107 0.0755518 0.4462 -0.891739
95.0587 59.1607 -53.1615 0.0710225 0.447369 -0.891525
97.0611 56.0902 -54.5443 0.0705248 0.447528 -0.891485
95.021 56.1542 -54.6735 0.070535 0.447535 -0.89148
92.9573 56.2217 -54.8098 0.0786817 0.44439 -0.892371
92.6527 56.2323 -54.8312 0.078013 0.444129 -0.89256
94.8937 53.1436 -56.1768 0.071488 0.441435 -0.894441
96.9837 53.0784 -56.0437 0.0704773 0.440983 -0.894744
99.1998 53.0095 -55.903 0.0705282 0.440962 -0.89475
99.449 53.0018 -55.8872 0.07065 0.440883 -0.894779
101.699 49.9133 -57.2283 0.0714432 0.440281 -0.895013
99.5888 49.9796 -57.364 0.0714454 0.440212 -0.895047
97.5902 50.0423 -57.4928 0.0719595 0.440711 -0.89476
97.1675 50.0556 -57.5202 0.0717987 0.441456 -0.894406
99.4306 46.9659 -58.8584 0.0715865 0.44012 -0.895081
101.458 46.9023 -58.7279 0.0713978 0.440075 -0.895118
103.479 46.8391 -58.5985 0.0707365 0.440498 -0.894963
103.844 46.8278 -58.5753 0.070679 0.440533 -0.89495
101.759 43.8749 -60.1936 0.0701269 0.440509 -0.895005
103.812 43.8111 -60.0628 0.070739 0.440607 -0.894908
105.944 43.7446 -59.9271 0.0706779 0.440528 -0.894952
106.188 43.737 -59.9116 0.0706823 0.440536 -0.894948
108.346 40.6522 -61.2601 0.0709782 0.441123 -0.894636
106.326 40.7159 -61.3892 0.0711192 0.441398 -0.894489
104.29 40.7799 -61.5194 0.0709325 0.441319 -0.894542
104.009 40.7887 -61.5374 0.0709168 0.441317 -0.894544
106.187 37.705 -62.8854 0.0696414 0.440261 -0.895165
108.261 37.6405 -62.7548 0.0699693 0.443466 -0.893556
110.408 37.5771 -62.6275 0.0644795 0.45041 -0.890491
110.673 37.5696 -62.6123 0.0639572 0.450811 -0.890325
108.41 34.6297 -64.2488 0.0593814 0.442123 -0.894987
110.516 34.5727 -64.1345 0.0612353 0.443739 -0.894061
112.538 34.5167 -64.0232 0.0631996 0.449645 -0.890969
113.013 34.5032 -63.9964 0.0633924 0.449165 -0.891197
115.011 31.4406 -65.3852 0.0502346 0.45246 -0.890369
112.979 31.4933 -65.4894 0.0602649 0.44184 -0.895067
110.952 31.5482 -65.5988 0.0602723 0.441839 -0.895067
110.619 31.5572 -65.6168 0.0602649 0.441847 -0.895064
112.914 28.4899 -66.9924 0.0492307 0.452337 -0.890487
114.983 28.4494 -66.9122 0.042997 0.454474 -0.889721
116.915 28.4117 -66.8381 0.0429959 0.454488 -0.889714
115.125 25.4526 -68.4262 0.0392471 0.446031 -0.894156
117.147 25.416 -68.3539 0.04042 0.447828 -0.893205
119.099 25.379 -68.2813 0.0427763 0.454104 -0.889921
121.182 22.342 -69.7145 0.036988 0.451134 -0.891689
119.167 22.3771 -69.7829 0.0389984 0.447344 -0.893511
117.081 22.4108 -69.8489 0.0308885 0.437535 -0.898671
116.48 22.4193 -69.8656 0.0296577 0.436961 -0.898991
116.755 19.4114 -71.3543 0.0281529 0.448737 -0.89322
118.807 19.3861 -71.3047 0.0265816 0.449812 -0.892727
120.878 19.3567 -71.2473 0.0329593 0.451376 -0.891725
122.903 19.326 -71.188 0.0330099 0.45153 -0.891645
123.338 19.3194 -71.1752 0.0330873 0.452633 -0.891083
122.832 16.3334 -72.7055 0.032975 0.451384 -0.891721
120.731 16.365 -72.7669 0.0321259 0.451213 -0.891838
118.63 16.3916 -72.8189 0.0265894 0.449809 -0.892729
116.544 16.4165 -72.8678 0.0260397 0.449211 -0.893046
116.101 16.4218 -72.8783 0.0270727 0.449156 -0.893043
114.993 13.4385 -74.4143 0.0311804 0.448801 -0.893088
116.995 13.4134 -74.3645 0.0257586 0.448972 -0.893174
119.203 13.3876 -74.3138 0.0257384 0.448946 -0.893188
121.276 13.3628 -74.2653 0.0274733 0.450732 -0.892236
121.807 13.3563 -74.2526 0.0271065 0.454365 -0.890403
120.843 10.3769 -75.7947 0.0229732 0.453825 -0.890795
118.721 10.3992 -75.8387 0.0233249 0.453885 -0.890755
116.553 10.422 -75.8837 0.0226156 0.45227 -0.891594
114.458 10.4435 -75.9264 0.0229476 0.444674 -0.895398
113.813 10.4502 -75.9398 0.0233018 0.443957 -0.895745
112.977 7.45445 -77.4504 0.0217719 0.445746 -0.894895
114.991 7.43486 -77.4111 0.0209404 0.446127 -0.894724
117.151 7.41763 -77.3767 0.016805 0.446449 -0.894651
119.406 7.40027 -77.3422 0.0188015 0.44724 -0.894216
119.698 7.39777 -77.3373 0.0206554 0.448447 -0.89357
119.735 7.39743 -77.3366 0.019196 0.449709 -0.892969
