43.8871 123.476 -18.2512 0.262175 0.760369 -0.594225
45.5143 122.763 -18.4556 0.259023 0.764438 -0.590374
47.3666 121.834 -18.8437 0.258599 0.763576 -0.59165
49.2427 120.878 -19.2821 0.23846 0.759593 -0.605106
51.0961 119.976 -19.6816 0.237954 0.757649 -0.607738
52.8401 119.092 -20.121 0.210492 0.76232 -0.612004
54.6016 118.253 -20.5724 0.203028 0.761116 -0.616021
56.417 117.351 -21.0696 0.208516 0.748023 -0.630065
58.2931 116.454 -21.5138 0.207329 0.746251 -0.632553
59.9906 115.55 -22.0324 0.186549 0.74513 -0.640297
60.7953 114.119 -23.4596 0.179 0.730023 -0.659499
61.5012 112.715 -24.7607 0.174524 0.711422 -0.68075
62.2302 111.251 -26.1007 0.173433 0.702388 -0.690342
62.9835 109.82 -27.3335 0.169146 0.689939 -0.703828
63.7692 108.409 -28.5253 0.170181 0.687045 -0.706404
64.692 106.856 -29.7408 0.173526 0.662498 -0.728687
65.5498 105.349 -30.9411 0.138923 0.677786 -0.722015
66.3179 103.797 -32.157 0.130439 0.609748 -0.781788
67.1656 102.201 -33.2629 0.136481 0.613396 -0.777894
68.0207 100.71 -34.2905 0.148367 0.612461 -0.776438
68.9367 99.2062 -35.2709 0.145605 0.601525 -0.785472
69.8738 97.634 -36.2861 0.147744 0.592096 -0.792209
70.8034 96.064 -37.2917 0.132272 0.577184 -0.80579
71.8471 94.3681 -38.314 0.120067 0.565776 -0.815771
72.8892 92.6422 -39.357 0.119827 0.565433 -0.816044
73.9221 90.9539 -40.3751 0.119498 0.565313 -0.816175
74.8033 89.4145 -41.3077 0.124882 0.55849 -0.820055
75.7646 87.8484 -42.1909 0.132289 0.541595 -0.830165
76.7412 86.2775 -43.0673 0.113061 0.541496 -0.83306
77.7584 84.7155 -43.9001 0.120905 0.519386 -0.845943
78.7661 83.1269 -44.7312 0.121227 0.51947 -0.845845
79.8541 81.5524 -45.5423 0.121011 0.519221 -0.846029
80.8874 79.9655 -46.3706 0.11608 0.516814 -0.848191
81.9085 78.4104 -47.1668 0.106166 0.496443 -0.861553
82.9904 76.8412 -47.9333 0.10309 0.492758 -0.864038
84.009 75.2472 -48.7204 0.106364 0.492884 -0.863569
85.2204 73.5718 -49.5246 0.102896 0.486638 -0.867514
86.2588 71.9781 -50.2911 0.101158 0.484054 -0.869154
87.3566 70.3926 -51.0437 0.106038 0.487837 -0.866467
88.3833 68.8277 -51.7951 0.102042 0.485415 -0.868309
89.4593 67.1845 -52.5749 0.101816 0.475582 -0.873758
90.5685 65.6084 -53.2922 0.10525 0.46291 -0.880135
91.6322 64.0521 -53.9853 0.0977927 0.459482 -0.882782
92.8146 62.4363 -54.7013 0.0919947 0.459436 -0.883433
93.9855 60.8166 -55.4264 0.0801507 0.456545 -0.886081
95.1624 59.1978 -56.1476 0.0807367 0.451495 -0.888614
96.3219 57.4929 -56.9057 0.0759184 0.446367 -0.891624
97.4578 55.9165 -57.5977 0.0766886 0.446421 -0.891531
98.539 54.3326 -58.2983 0.0767004 0.446533 -0.891474
99.7154 52.6452 -59.0376 0.0787964 0.443014 -0.893045
100.876 51.148 -59.6791 0.0772337 0.444009 -0.892688
102.044 49.592 -60.3492 0.07711 0.442934 -0.893232
103.126 48.0407 -61.0242 0.0776118 0.443539 -0.892888
104.322 46.4361 -61.7157 0.0754163 0.441834 -0.893921
105.438 44.8592 -62.3976 0.0725197 0.437278 -0.896397
106.607 43.2843 -63.0711 0.0700725 0.43533 -0.89754
107.794 41.6222 -63.7846 0.0700787 0.43532 -0.897544
108.981 39.9807 -64.4881 0.0700482 0.43524 -0.897585
110.169 38.3756 -65.173 0.0700562 0.434605 -0.897893
111.299 36.8291 -65.8333 0.0697484 0.434497 -0.897969
112.373 35.2486 -66.5317 0.0646981 0.445391 -0.892996
113.476 33.6471 -67.2507 0.0639747 0.445424 -0.893031
114.526 32.0736 -67.9665 0.05055 0.448673 -0.892265
115.59 30.4719 -68.7309 0.0429622 0.455137 -0.889384
116.629 28.9208 -69.4746 0.0425197 0.455047 -0.889452
117.71 27.3686 -70.2198 0.0366249 0.455697 -0.889381
118.817 25.8242 -70.9672 0.0347252 0.45558 -0.889517
119.877 24.2971 -71.7073 0.0346241 0.454958 -0.88984
120.96 22.6716 -72.4962 0.0346035 0.454923 -0.889858
122.092 21.0379 -73.2875 0.0342931 0.454886 -0.889889
123.139 19.4498 -74.0594 0.0336274 0.454875 -0.88992
122.994 17.6851 -74.9668 0.0334999 0.454701 -0.890014
122.472 15.9688 -75.8598 0.0224594 0.453271 -0.891085
121.903 14.1559 -76.791 0.0214056 0.45198 -0.891771
121.301 12.3759 -77.707 0.0209781 0.451717 -0.891915
120.719 10.6455 -78.5972 0.0219927 0.450945 -0.89228
120.181 8.89071 -79.4972 0.0176429 0.450425 -0.89264
119.638 7.15646 -80.3716 0.0134215 0.444366 -0.895745
118.41 6.06374 -80.9353 0.0186905 0.443629 -0.896016
116.275 6.06588 -80.9772 0.0168358 0.441889 -0.896911
114.211 6.11501 -80.987 0.0161468 0.441671 -0.897031
112.13 6.14146 -81.0164 0.0189258 0.440986 -0.897315
110.032 6.11905 -81.0693 0.0149702 0.437679 -0.899007
108.757 6.73651 -80.7919 0.0185815 0.434088 -0.900676
109.418 8.44709 -79.9417 0.0226244 0.438089 -0.898647
110.048 10.1569 -79.0866 0.0194992 0.440465 -0.897558
110.693 11.9691 -78.1819 0.018889 0.441016 -0.897301
111.298 13.6981 -77.3164 0.0225175 0.443127 -0.896176
112.02 15.4453 -76.4281 0.0247303 0.445809 -0.894787
112.681 17.1832 -75.5438 0.0246952 0.445893 -0.894745
113.196 19.0155 -74.6158 0.0262896 0.446314 -0.89449
113.28 20.8097 -73.7124 0.0361033 0.448816 -0.892895
112.871 22.6087 -72.829 0.0378425 0.446467 -0.893999
112.031 24.2766 -72.0303 0.0354922 0.446836 -0.893912
110.96 25.8105 -71.3083 0.0410425 0.442651 -0.895754
109.768 27.4716 -70.5684 0.0544994 0.434708 -0.898921
108.574 29.0718 -69.8634 0.0550191 0.437816 -0.897379
107.486 30.6197 -69.1747 0.0550333 0.437975 -0.897301
106.392 32.1568 -68.4915 0.0551118 0.437788 -0.897387
105.233 33.7528 -67.7902 0.0624432 0.430203 -0.90057
104.05 35.3402 -67.1138 0.0658858 0.432855 -0.899053
102.855 36.9103 -66.4454 0.0659046 0.432856 -0.899051
101.647 38.3952 -65.8223 0.0720892 0.427173 -0.901287
100.468 40.0088 -65.147 0.0728928 0.434198 -0.897864
99.3317 41.5241 -64.5064 0.0729345 0.434265 -0.897828
98.198 43.1126 -63.8301 0.0729263 0.434245 -0.897838
97.0523 44.7288 -63.1414 0.0729242 0.434256 -0.897833
95.8583 46.3915 -62.4343 0.0731063 0.434551 -0.897675
94.6839 47.9887 -61.7623 0.0787538 0.433709 -0.897605
93.5277 49.5084 -61.1323 0.084146 0.428504 -0.899613
92.2415 51.1261 -60.4894 0.086716 0.425603 -0.900745
91.0476 52.7009 -59.8583 0.0908437 0.435689 -0.895501
89.8325 54.3651 -59.168 0.095611 0.443626 -0.891097
88.5529 56.0104 -58.4865 0.0955776 0.443654 -0.891087
87.3949 57.522 -57.8574 0.0980724 0.446561 -0.889362
86.2767 59.1043 -57.1873 0.100587 0.447767 -0.888475
85.0502 60.6292 -56.5568 0.102715 0.450798 -0.886695
83.8463 62.1117 -55.9304 0.104986 0.462598 -0.88033
82.6298 63.6022 -55.2952 0.114996 0.46276 -0.878993
81.4436 65.1429 -54.6365 0.128651 0.467506 -0.874572
80.1465 66.815 -53.9312 0.133445 0.471101 -0.871927
78.9849 68.3144 -53.292 0.129208 0.477478 -0.869091
77.8483 69.901 -52.5814 0.128183 0.48518 -0.864968
76.7599 71.4397 -51.8765 0.131225 0.488424 -0.862683
75.6662 72.9726 -51.1753 0.130142 0.487295 -0.863485
74.4645 74.6498 -50.4101 0.129264 0.486633 -0.86399
73.2253 76.3347 -49.6421 0.130408 0.491076 -0.8613
72.0474 77.8885 -48.9156 0.133594 0.500925 -0.855118
70.944 79.4245 -48.1878 0.132402 0.500529 -0.855535
69.8046 80.9365 -47.4815 0.139644 0.507308 -0.850374
68.6631 82.465 -46.7458 0.148221 0.520332 -0.841003
67.5633 84.0726 -45.9473 0.149624 0.519004 -0.841575
66.5534 85.6421 -45.1561 0.149894 0.520768 -0.840436
65.4202 87.1627 -44.4107 0.148731 0.534851 -0.831722
64.2718 88.6456 -43.679 0.183931 0.537142 -0.823194
63.1345 90.1381 -42.9592 0.183729 0.537463 -0.823029
61.9517 91.6083 -42.2302 0.177079 0.560703 -0.80886
60.8023 93.1087 -41.4407 0.176369 0.560857 -0.808909
59.6377 94.7079 -40.5853 0.178621 0.562921 -0.806978
58.6852 96.2713 -39.6611 0.189142 0.590141 -0.784821
57.7475 97.838 -38.7167 0.193623 0.588574 -0.784914
56.7565 99.3686 -37.7867 0.189024 0.601632 -0.776086
55.66 100.971 -36.8209 0.207476 0.601401 -0.771526
54.5556 102.55 -35.8756 0.219375 0.620363 -0.75301
53.4587 104.052 -34.9495 0.219039 0.623643 -0.750394
52.42 105.588 -33.9807 0.227782 0.621516 -0.749555
51.6458 107.202 -32.853 0.235685 0.641011 -0.730449
50.9594 108.716 -31.7386 0.239387 0.64476 -0.725933
50.1535 110.233 -30.629 0.231207 0.657233 -0.717348
49.2764 111.732 -29.5248 0.232439 0.675997 -0.699286
48.4094 113.172 -28.4086 0.251299 0.686734 -0.682089
47.7589 114.689 -27.1162 0.262952 0.703713 -0.660034
47.1271 116.155 -25.7386 0.259425 0.720445 -0.643161
46.5869 117.542 -24.3781 0.253792 0.729185 -0.635515
45.9902 118.906 -23.038 0.247773 0.739858 -0.625475
45.3082 120.384 -21.535 0.254221 0.748651 -0.612277
44.6373 121.733 -20.1516 0.258555 0.758068 -0.598734
44.0261 123.069 -18.7127 0.26028 0.763174 -0.591454
43.909 123.351 -18.4011 0.262173 0.76037 -0.594225
39.8624 123.699 -20.1114 0.328165 0.729453 -0.600172
40.3495 122.329 -21.5141 0.317744 0.731356 -0.603455
40.9603 120.927 -22.8759 0.30203 0.725736 -0.61813
41.5762 119.495 -24.2412 0.29663 0.722557 -0.624437
42.203 118.086 -25.5751 0.279896 0.724332 -0.63008
42.8045 116.692 -26.9282 0.26899 0.728618 -0.629889
43.3778 115.283 -28.2287 0.268479 0.68858 -0.673526
43.9536 113.776 -29.4592 0.251047 0.662828 -0.705432
44.6103 112.278 -30.6307 0.260042 0.663019 -0.701986
45.5497 110.727 -31.7405 0.258247 0.652671 -0.71227
46.4095 109.214 -32.7937 0.240667 0.641246 -0.728617
47.1569 107.668 -33.9078 0.242327 0.642082 -0.727329
47.958 105.953 -35.1724 0.251734 0.654009 -0.713374
48.6932 104.402 -36.274 0.283869 0.629791 -0.723035
49.758 102.849 -37.1763 0.273681 0.592724 -0.75748
50.8297 101.236 -38.0136 0.268617 0.574641 -0.773054
51.9055 99.6795 -38.8598 0.214432 0.588753 -0.779352
52.9762 98.1486 -39.7312 0.213821 0.588829 -0.779462
53.9083 96.528 -40.6949 0.213669 0.586606 -0.781178
54.8831 94.9551 -41.621 0.201578 0.591591 -0.780632
55.8769 93.3207 -42.5519 0.223705 0.558424 -0.798824
57.0064 91.7393 -43.3616 0.212861 0.565665 -0.796689
58.106 90.2344 -44.1012 0.214056 0.521885 -0.825721
59.3526 88.5866 -44.8146 0.202639 0.509252 -0.83642
60.5225 86.975 -45.5121 0.177778 0.497984 -0.848768
61.7201 85.362 -46.2107 0.172524 0.49818 -0.849736
62.8744 83.8564 -46.8979 0.146523 0.518401 -0.842491
63.9223 82.2805 -47.6847 0.146208 0.517507 -0.843095
65.0369 80.6219 -48.5064 0.147421 0.512456 -0.845965
66.2255 78.9979 -49.2641 0.149832 0.501287 -0.85221
67.4224 77.4018 -49.9693 0.140347 0.481225 -0.865289
68.5214 75.789 -50.6864 0.140952 0.480752 -0.865454
69.7218 74.2269 -51.3691 0.132812 0.486931 -0.863284
70.8283 72.6156 -52.1119 0.13075 0.487147 -0.863476
71.9713 71.0283 -52.8266 0.1271 0.479444 -0.868319
73.1978 69.3547 -53.5689 0.127514 0.478728 -0.868654
74.2872 67.784 -54.2747 0.127508 0.478723 -0.868658
75.4317 66.1756 -54.9931 0.127509 0.478725 -0.868656
76.6855 64.5479 -55.6914 0.134606 0.471263 -0.871661
77.8761 63.0361 -56.3125 0.126428 0.441805 -0.888158
79.1001 61.4408 -56.9026 0.118165 0.418116 -0.900675
80.3446 59.8707 -57.4709 0.117831 0.422975 -0.898448
81.6151 58.1944 -58.1449 0.0957081 0.443435 -0.891182
82.8993 56.5247 -58.8335 0.0901379 0.436066 -0.895389
84.0234 54.9876 -59.4568 0.0872369 0.426096 -0.900462
85.2013 53.4741 -60.0579 0.0864922 0.425 -0.901051
86.372 51.9378 -60.6701 0.0864858 0.424995 -0.901054
87.5235 50.3142 -61.3254 0.0865016 0.424989 -0.901056
88.7967 48.657 -61.9848 0.0865011 0.424998 -0.901052
90.018 47.0166 -62.6441 0.0828479 0.428383 -0.899791
91.1374 45.4813 -63.2859 0.0787916 0.433933 -0.897493
92.3177 43.9131 -63.9405 0.0787835 0.433934 -0.897493
93.511 42.2806 -64.625 0.0787787 0.433938 -0.897492
94.6479 40.7034 -65.288 0.078663 0.433416 -0.897754
95.7922 39.1567 -65.9389 0.072978 0.434386 -0.897765
96.9456 37.5994 -66.598 0.0747401 0.433361 -0.898115
98.1625 36.0124 -67.2394 0.079963 0.422629 -0.902768
99.3684 34.3598 -67.9287 0.0659868 0.432612 -0.899162
100.581 32.8015 -68.5793 0.0663864 0.424724 -0.902886
101.762 31.2162 -69.2406 0.0630927 0.43234 -0.899501
102.961 29.6071 -69.9462 0.0551855 0.437114 -0.897711
104.057 28.0398 -70.6393 0.0544613 0.434684 -0.898935
105.181 26.5143 -71.3089 0.0544039 0.434653 -0.898953
106.382 24.8429 -72.0443 0.054387 0.434652 -0.898955
107.532 23.2046 -72.7669 0.054383 0.434649 -0.898956
108.594 21.6386 -73.4819 0.0348769 0.446408 -0.89415
108.882 19.8782 -74.3466 0.0346483 0.443215 -0.895745
108.306 18.0927 -75.252 0.0366916 0.443251 -0.895646
107.62 16.3031 -76.169 0.0382957 0.444424 -0.894998
106.99 14.5827 -77.0503 0.0382991 0.444428 -0.894996
106.347 12.8228 -77.9459 0.0408345 0.436746 -0.898658
105.714 11.0337 -78.8412 0.0349403 0.432217 -0.901084
105.029 9.2378 -79.7119 0.0244544 0.424967 -0.904878
104.376 7.51141 -80.5404 0.0245143 0.424966 -0.904877
103.706 5.67828 -81.4195 0.0241008 0.425409 -0.90468
103.085 3.96034 -82.2479 0.0222915 0.429423 -0.902828
102.559 2.13609 -83.128 0.0208972 0.427567 -0.903741
104.678 2.11951 -83.0866 0.0214355 0.430104 -0.902525
106.682 2.09422 -83.0509 0.020782 0.43029 -0.902451
108.741 2.08258 -83.0267 0.00777738 0.432669 -0.901519
110.781 2.09628 -83.0027 0.009529 0.433512 -0.901096
112.938 2.13585 -82.9517 0.0144319 0.436037 -0.899813
114.951 2.07846 -82.9504 0.0125675 0.437336 -0.89921
117.081 2.06292 -82.9275 0.0122794 0.438798 -0.898502
119.141 2.0711 -82.9018 0.00772457 0.440202 -0.897865
121.189 2.07892 -82.8809 0.00614824 0.441071 -0.897451
122.852 2.81745 -82.5017 0.00911055 0.446046 -0.894964
123.438 4.56181 -81.6222 0.0139558 0.449426 -0.893208
124.003 6.29352 -80.7403 0.0152448 0.449965 -0.892916
124.542 8.07316 -79.8343 0.0136503 0.449881 -0.892984
125.119 9.88764 -78.9088 0.0110764 0.453082 -0.8914
125.675 11.6274 -78.0175 0.0115779 0.452865 -0.891504
126.241 13.336 -77.1394 0.0154567 0.458273 -0.888677
126.805 15.0982 -76.1996 0.0258342 0.467225 -0.883761
127.373 16.9677 -75.1945 0.0257274 0.467271 -0.88374
127.894 18.6747 -74.2811 0.0274636 0.460882 -0.887037
127.719 20.4561 -73.3731 0.0333898 0.454884 -0.889925
126.62 22.0251 -72.6123 0.033605 0.455181 -0.889765
125.577 23.568 -71.8624 0.0337728 0.455475 -0.889608
124.424 25.1707 -71.0857 0.0338607 0.455489 -0.889597
123.307 26.8532 -70.2667 0.0338691 0.455488 -0.889597
122.186 28.4763 -69.4783 0.0338699 0.455466 -0.889609
121.041 30.0782 -68.7017 0.0340256 0.455547 -0.889561
120.004 31.6579 -67.9325 0.03438 0.455584 -0.889529
118.931 33.1985 -67.1849 0.0347131 0.455663 -0.889475
117.831 34.811 -66.4038 0.0399386 0.455647 -0.889264
116.723 36.4029 -65.6464 0.0491004 0.45493 -0.889173
115.655 37.9818 -64.9376 0.0685284 0.437575 -0.896567
114.482 39.5909 -64.2476 0.0702078 0.435275 -0.897556
113.382 41.1295 -63.5866 0.0706513 0.436266 -0.89704
112.241 42.6782 -62.9202 0.0722373 0.439946 -0.895114
111.108 44.3198 -62.2045 0.0724748 0.440335 -0.894904
109.97 45.8646 -61.5369 0.0716038 0.439871 -0.895202
108.868 47.4106 -60.8662 0.0710857 0.439118 -0.895613
107.691 48.9828 -60.189 0.0705804 0.438617 -0.895898
106.556 50.5552 -59.5086 0.0691807 0.438504 -0.896062
105.37 52.1903 -58.7972 0.0658563 0.439102 -0.89602
104.185 53.8268 -58.0814 0.0664668 0.439949 -0.89556
102.945 55.4591 -57.37 0.0666432 0.441698 -0.894684
101.879 57.024 -56.6752 0.0650732 0.441689 -0.894805
100.759 58.5839 -55.9841 0.0678378 0.44559 -0.892663
99.6415 60.1314 -55.2919 0.0699685 0.451753 -0.889395
98.5233 61.7475 -54.5623 0.0708402 0.449631 -0.8904
97.3694 63.3618 -53.8356 0.0713758 0.451826 -0.889246
96.2517 64.9687 -53.1101 0.0692167 0.448995 -0.890849
95.0971 66.5258 -52.4011 0.0580315 0.457169 -0.887485
93.9659 68.1029 -51.6636 0.061271 0.454426 -0.888675
92.899 69.6791 -50.9164 0.0586118 0.46776 -0.88191
91.8239 71.2349 -50.1464 0.0723707 0.482657 -0.872814
90.7432 72.897 -49.3184 0.0838338 0.487455 -0.869114
89.6849 74.4258 -48.5686 0.0825392 0.485229 -0.870483
88.6256 75.9746 -47.8075 0.0835083 0.484699 -0.870685
87.531 77.54 -47.0403 0.0810619 0.485967 -0.870209
86.4816 79.1325 -46.2252 0.0801204 0.499039 -0.862868
85.4131 80.6853 -45.4279 0.0807551 0.497507 -0.863693
84.3638 82.2409 -44.6033 0.078914 0.514641 -0.853766
83.325 83.8031 -43.7579 0.0891853 0.516921 -0.851375
82.2726 85.3665 -42.9196 0.0894599 0.516596 -0.851543
81.2679 86.9045 -42.0877 0.0929107 0.525153 -0.84592
80.2495 88.5119 -41.1577 0.102783 0.547629 -0.830384
79.2446 90.126 -40.2213 0.11126 0.555467 -0.824061
78.2471 91.702 -39.2525 0.102023 0.571343 -0.814345
77.2369 93.3065 -38.2563 0.11186 0.569485 -0.814355
76.297 94.8294 -37.3302 0.12164 0.566392 -0.81511
75.3385 96.4402 -36.3387 0.122148 0.588109 -0.799495
74.4148 97.9332 -35.3495 0.117861 0.600341 -0.791011
73.4497 99.5027 -34.3023 0.118335 0.599925 -0.791256
72.4878 101.087 -33.2602 0.130761 0.600883 -0.788569
71.5892 102.626 -32.1964 0.121117 0.614319 -0.779707
70.7508 104.126 -31.141 0.117848 0.65053 -0.750078
69.9717 105.631 -29.8427 0.134956 0.689563 -0.711541
69.1094 107.144 -28.5744 0.143375 0.681437 -0.717696
68.2401 108.537 -27.4057 0.143959 0.688428 -0.710875
67.3764 109.928 -26.239 0.11796 0.680529 -0.723164
66.616 111.347 -24.9567 0.156983 0.714037 -0.682281
65.853 112.812 -23.6087 0.163905 0.711551 -0.68325
65.0952 114.26 -22.2406 0.160857 0.74127 -0.651603
64.3772 115.632 -20.7778 0.158374 0.758472 -0.632169
63.6713 116.946 -19.385 0.166663 0.752818 -0.63678
62.0549 117.941 -18.6485 0.166976 0.763299 -0.624095
60.2676 118.705 -18.1743 0.167431 0.773218 -0.611627
58.3493 119.561 -17.6818 0.206876 0.768188 -0.605878
56.552 120.434 -17.1887 0.206159 0.769049 -0.60503
54.7278 121.303 -16.703 0.205551 0.771579 -0.602009
52.8162 122.179 -16.2096 0.1961 0.778071 -0.596784
50.9908 122.999 -15.7394 0.198443 0.788579 -0.582034
49.0864 123.833 -15.2558 0.219746 0.806854 -0.54836
47.3 124.649 -14.8267 0.250312 0.808444 -0.532694
45.4799 125.501 -14.3994 0.26458 0.813453 -0.517948
43.715 126.424 -13.8815 0.285797 0.823712 -0.489713
41.9554 127.306 -13.4267 0.294039 0.820663 -0.489882
40.0447 128.336 -12.9711 0.330665 0.812595 -0.479932
38.3356 129.33 -12.526 0.391023 0.792992 -0.467187
38.0095 128.921 -13.4769 0.379868 0.788391 -0.48388
38.323 127.717 -15.1683 0.345625 0.794768 -0.498886
38.6868 126.589 -16.7844 0.347969 0.805783 -0.479199
39.1348 125.339 -18.4457 0.358484 0.752716 -0.552185
39.7912 123.887 -19.9198 0.327688 0.734904 -0.593748
39.8237 123.803 -20.0053 0.328167 0.729451 -0.600173
48.6313 118.009 -23.0475 0.237479 0.730793 -0.639957
50.6736 117.626 -22.7141 0.242022 0.727791 -0.641674
52.6507 117.262 -22.396 0.232408 0.726701 -0.646445
53.5301 117.117 -22.268 0.208417 0.7333 -0.647174
49.495 115.556 -25.4831 0.23618 0.722767 -0.649482
51.5247 115.196 -25.1492 0.233274 0.726491 -0.64637
53.5474 114.843 -24.8234 0.228232 0.730473 -0.643676
55.5798 114.526 -24.5271 0.192926 0.727155 -0.658805
57.566 114.242 -24.2609 0.192592 0.726942 -0.659139
58.6389 114.087 -24.1157 0.196065 0.722554 -0.662928
59.7593 111.6 -26.4287 0.190497 0.691053 -0.697249
57.6888 111.889 -26.7135 0.188333 0.684651 -0.704119
55.5535 112.192 -27.0135 0.204868 0.681232 -0.702817
53.5963 112.504 -27.3191 0.223405 0.67733 -0.700938
51.534 112.841 -27.6502 0.223811 0.677872 -0.700284
50.7336 112.975 -27.7799 0.227989 0.681948 -0.694959
52.4573 110.222 -29.886 0.229148 0.66914 -0.706924
54.4797 109.913 -29.5663 0.207837 0.679738 -0.703391
56.4656 109.619 -29.2607 0.210427 0.684505 -0.697978
58.5124 109.321 -28.9506 0.194523 0.679058 -0.707842
60.5091 109.059 -28.6773 0.177098 0.688057 -0.703714
61.175 108.979 -28.5928 0.169383 0.69008 -0.703632
62.6951 106.325 -30.7047 0.175295 0.660648 -0.729943
60.6915 106.563 -30.9686 0.172481 0.659127 -0.731985
58.6704 106.803 -31.2327 0.178407 0.653754 -0.735375
56.6843 107.064 -31.52 0.197011 0.646273 -0.737236
54.6272 107.353 -31.8363 0.208111 0.653094 -0.728119
53.7273 107.483 -31.9777 0.209133 0.652343 -0.728499
55.4259 104.637 -33.9281 0.203965 0.61748 -0.759682
57.4617 104.366 -33.6143 0.189027 0.623631 -0.75852
59.5128 104.117 -33.3253 0.173869 0.619285 -0.765673
61.5219 103.889 -33.0588 0.171314 0.615862 -0.769003
63.589 103.66 -32.7901 0.16218 0.620174 -0.767517
64.0844 103.607 -32.729 0.158803 0.62388 -0.765216
65.5254 100.841 -34.6816 0.152603 0.611713 -0.776221
63.5375 101.037 -34.925 0.152935 0.604144 -0.782062
61.4473 101.249 -35.1866 0.166355 0.608167 -0.776183
59.4237 101.49 -35.483 0.192085 0.606333 -0.771663
57.6686 101.703 -35.7445 0.189441 0.615644 -0.764915
59.4973 98.7962 -37.5627 0.188991 0.596442 -0.780089
61.5057 98.5661 -37.2659 0.173231 0.595929 -0.78413
63.5132 98.359 -36.9972 0.166696 0.591893 -0.788591
65.5202 98.1578 -36.7346 0.156986 0.593546 -0.78934
67.2031 97.9996 -36.5266 0.153926 0.596627 -0.787619
68.9845 95.1163 -38.301 0.160572 0.564306 -0.8098
66.9292 95.3116 -38.5705 0.161949 0.567859 -0.807037
64.8918 95.5082 -38.8403 0.170678 0.57903 -0.797241
62.8366 95.7246 -39.1352 0.17269 0.586949 -0.790992
61.25 95.8925 -39.363 0.170069 0.596246 -0.784581
63.5743 92.8813 -40.9925 0.178293 0.562954 -0.807028
65.6429 92.6653 -40.6844 0.177874 0.566446 -0.804674
67.7463 92.4634 -40.3954 0.160233 0.564617 -0.80965
69.7471 92.2782 -40.1296 0.159798 0.564757 -0.809638
70.7402 92.1878 -39.9996 0.141891 0.565177 -0.812676
72.5266 89.291 -41.7312 0.120169 0.56496 -0.816321
70.4529 89.4472 -41.965 0.159807 0.564756 -0.809637
68.4423 89.6246 -42.2287 0.149883 0.554774 -0.818389
66.374 89.796 -42.4841 0.155338 0.548279 -0.821742
66.1054 89.8202 -42.5201 0.157434 0.542137 -0.825411
68.1879 86.8295 -44.1261 0.149989 0.523095 -0.838973
70.1853 86.6647 -43.8706 0.150788 0.521338 -0.839922
72.3625 86.497 -43.6107 0.130529 0.523935 -0.841697
74.1281 86.3711 -43.4151 0.132275 0.528521 -0.838552
76.0647 83.3753 -44.9705 0.129242 0.518522 -0.845241
74.0034 83.5204 -45.2038 0.132644 0.519435 -0.844152
71.9594 83.6672 -45.4394 0.136731 0.524926 -0.840094
70.241 83.7945 -45.6433 0.143163 0.521885 -0.840916
72.6168 80.7529 -47.1334 0.139923 0.517996 -0.843861
74.7491 80.5975 -46.8771 0.134837 0.51927 -0.843906
76.8041 80.4618 -46.6522 0.121978 0.519879 -0.845487
78.1118 80.3789 -46.5145 0.122017 0.519881 -0.84548
79.9999 77.3695 -48.027 0.122463 0.494793 -0.860339
77.8807 77.5028 -48.2549 0.125676 0.496624 -0.858819
75.8969 77.6326 -48.476 0.130346 0.5028 -0.854518
74.8052 77.7054 -48.5997 0.130363 0.502784 -0.854525
77.1429 74.6373 -50.0184 0.128634 0.486188 -0.864335
79.2959 74.4985 -49.7761 0.128603 0.486221 -0.864321
81.4104 74.3703 -49.5511 0.110343 0.488049 -0.865813
82.0146 74.3372 -49.4929 0.109284 0.489111 -0.865348
84.0413 71.3026 -50.9474 0.108581 0.487542 -0.866321
82.0495 71.4081 -51.1379 0.108847 0.487689 -0.866205
80.0036 71.5235 -51.3452 0.125546 0.484637 -0.865659
79.2038 71.5738 -51.4351 0.128448 0.486165 -0.864375
81.453 68.5069 -52.8364 0.110856 0.474444 -0.873278
83.5887 68.392 -52.6244 0.112739 0.47466 -0.872919
85.6029 68.284 -52.4243 0.10965 0.474035 -0.873652
86.106 68.2581 -52.3763 0.102838 0.47237 -0.875381
88.123 65.2092 -53.7893 0.101635 0.467959 -0.877886
86.1003 65.3071 -53.9757 0.109484 0.470536 -0.875562
84.028 65.4104 -54.1717 0.103391 0.463437 -0.880078
83.9929 65.4121 -54.175 0.103337 0.463499 -0.880051
86.4691 62.3213 -55.509 0.10466 0.462111 -0.880625
88.5845 62.2195 -55.311 0.104649 0.462131 -0.880615
90.2774 62.1379 -55.1523 0.105237 0.462696 -0.880249
88.8383 59.2285 -56.8293 0.102828 0.450164 -0.887005
90.9027 59.1322 -56.6389 0.102831 0.450363 -0.886904
92.586 59.0537 -56.4836 0.103202 0.451533 -0.886266
91.1068 56.1329 -58.1375 0.102795 0.450175 -0.887004
93.2078 56.0362 -57.9431 0.102791 0.45017 -0.887007
94.7867 55.9674 -57.8052 0.08169 0.44681 -0.890891
93.5611 53.031 -59.4264 0.100035 0.44898 -0.887925
95.6187 52.9428 -59.248 0.08147 0.447501 -0.890565
96.9007 52.8989 -59.159 0.0772556 0.446818 -0.891283
95.9415 49.9311 -60.7154 0.075355 0.434775 -0.897381
97.9805 49.863 -60.5763 0.078149 0.439504 -0.894835
99.1722 49.8211 -60.4909 0.0799761 0.44338 -0.892758
98.2217 46.8424 -62.0243 0.0727843 0.43421 -0.897866
100.304 46.7759 -61.8878 0.0727115 0.434203 -0.897876
101.392 46.7409 -61.8161 0.0730208 0.435398 -0.897272
100.467 43.7555 -63.3349 0.0728082 0.434183 -0.897878
102.527 43.6899 -63.1999 0.0726563 0.434119 -0.897921
103.586 43.6562 -63.1306 0.0726366 0.434132 -0.897916
102.704 40.6697 -64.6459 0.0726104 0.434345 -0.897815
104.702 40.6075 -64.518 0.0701121 0.435322 -0.89754
105.775 40.5746 -64.4503 0.0700511 0.435313 -0.89755
105.139 37.5812 -65.9496 0.069762 0.434399 -0.898015
107.144 37.5195 -65.8231 0.0700324 0.434558 -0.897917
108.106 37.4899 -65.7625 0.070032 0.434558 -0.897917
107.342 34.5019 -67.2706 0.0686715 0.437383 -0.896649
109.435 34.4412 -67.1467 0.0645363 0.444846 -0.893279
110.322 34.4158 -67.0952 0.0644131 0.445052 -0.893185
109.585 31.4428 -68.6309 0.0645094 0.445259 -0.893075
111.713 31.3819 -68.5076 0.0644843 0.44535 -0.893031
112.429 31.3614 -68.4662 0.0644833 0.445345 -0.893034
111.894 28.3844 -69.9906 0.058318 0.445705 -0.893278
113.933 28.3404 -69.9018 0.0429487 0.4551 -0.889404
114.376 28.3318 -69.8847 0.0429729 0.45517 -0.889367
113.939 25.3567 -71.41 0.0385922 0.446634 -0.893884
116.063 25.32 -71.3364 0.0393275 0.447638 -0.89335
116.453 25.3132 -71.323 0.0378993 0.447992 -0.893234
115.441 22.343 -72.8566 0.0334263 0.450262 -0.892271
117.501 22.3135 -72.7975 0.028384 0.450741 -0.892204
118.51 22.3014 -72.7734 0.0268256 0.451329 -0.891954
120.64 19.2937 -74.2314 0.0261847 0.451327 -0.891974
118.556 19.318 -74.2795 0.025689 0.450701 -0.892305
116.5 19.3442 -74.3319 0.0325134 0.450758 -0.892054
115.522 19.3587 -74.3608 0.0330768 0.450614 -0.892106
114.936 16.3827 -75.8808 0.0250424 0.447037 -0.894165
116.964 16.3548 -75.825 0.0310475 0.450286 -0.892344
119.006 16.3301 -75.7757 0.0256582 0.450723 -0.892295
120.255 16.3157 -75.7471 0.0256394 0.450716 -0.892299
119.359 13.3435 -77.2735 0.0259 0.450332 -0.892485
117.166 13.3683 -77.323 0.0236408 0.449316 -0.89306
115.142 13.3898 -77.3663 0.0241688 0.444362 -0.895521
113.534 13.407 -77.4012 0.0241365 0.444301 -0.895552
112.561 10.4224 -78.903 0.0193042 0.441013 -0.897293
114.746 10.4012 -78.8599 0.0215658 0.444768 -0.895386
116.918 10.3823 -78.8216 0.0191298 0.447232 -0.894213
118.184 10.3715 -78.7998 0.0196495 0.447519 -0.894059
118.275 10.3707 -78.7982 0.0198359 0.447586 -0.894021
