-47.9356 12.3832 -135.433 0.623309 0.151126 -0.767226
-46.3822 12.408 -134.105 0.642116 0.12482 -0.756378
-44.8961 12.4083 -132.738 0.746818 0.117549 -0.654506
-43.5623 12.4427 -131.146 0.761821 0.112671 -0.637914
-42.7439 11.2475 -130.376 0.767986 0.114987 -0.63006
-42.4558 9.1904 -130.415 0.764853 0.128147 -0.631327
-42.7173 7.82263 -131.075 0.756842 0.167143 -0.631865
-43.9922 7.60587 -132.658 0.756402 0.167311 -0.632347
-45.305 7.47963 -134.203 0.701375 0.194849 -0.685643
-46.7255 7.79466 -135.459 0.665526 0.196187 -0.720129
-47.2923 9.94784 -135.395 0.665391 0.196028 -0.720297
-47.8255 11.9167 -135.427 0.644994 0.136836 -0.751835
-47.9089 12.2851 -135.431 0.628932 0.14545 -0.763666
-51.7102 10.8998 -138.504 0.550121 0.230487 -0.802587
-51.0469 8.91808 -138.629 0.587608 0.257046 -0.767227
-50.4219 6.85296 -138.837 0.597552 0.256019 -0.759859
-49.8607 4.84975 -138.996 0.623905 0.203737 -0.754474
-49.3741 2.8367 -139.188 0.569784 0.233744 -0.787851
-47.7873 2.5492 -138.165 0.552805 0.250696 -0.794706
-46.2193 2.54123 -136.712 0.724179 0.263789 -0.637084
-44.9133 2.53571 -135.11 0.767999 0.204476 -0.606931
-43.6029 2.58109 -133.514 0.751785 0.165599 -0.638277
-42.2928 2.69053 -131.922 0.758973 0.166748 -0.629408
-40.9978 2.71696 -130.344 0.761696 0.164527 -0.626698
-39.7233 2.70258 -128.798 0.761739 0.164814 -0.626571
-38.4785 2.65483 -127.162 0.808204 0.198605 -0.554402
-38.6203 4.55035 -126.69 0.808108 0.198409 -0.554613
-38.9999 6.50865 -126.542 0.808086 0.19837 -0.554658
-39.3473 8.51267 -126.401 0.798883 0.138268 -0.585379
-39.6287 10.6196 -126.356 0.805744 0.115326 -0.580927
-39.8661 12.7173 -126.269 0.805666 0.115674 -0.580966
-40.1589 14.9223 -126.229 0.800347 0.121275 -0.587141
-40.4174 16.9364 -126.15 0.788141 0.132881 -0.600979
-41.5225 17.4224 -127.487 0.786756 0.130946 -0.603215
-42.7491 17.4458 -129.082 0.786759 0.130933 -0.603214
-43.9676 17.4389 -130.672 0.786437 0.13089 -0.603643
-45.3276 17.3952 -132.346 0.743777 0.10699 -0.659115
-47.0043 17.4174 -133.704 0.552159 0.16249 -0.81764
-48.8132 17.4804 -134.748 0.443251 0.218916 -0.869255
-50.717 17.5084 -135.67 0.378364 0.341167 -0.860492
-52.7103 17.4959 -136.492 0.322897 0.311506 -0.893664
-54.7657 17.5628 -137.027 0.119417 0.394482 -0.908006
-56.9211 17.5951 -136.926 -0.0693655 0.418964 -0.905349
-56.9081 16.8283 -137.282 -0.0693238 0.418956 -0.905356
-55.3033 15.5994 -137.852 0.187154 0.37167 -0.909305
-53.8421 14.1195 -138.034 0.217611 0.394641 -0.892695
-52.5693 12.6265 -138.434 0.377985 0.366744 -0.850074
-51.7837 11.0809 -138.5 0.545497 0.239092 -0.803286
-51.7764 11.0628 -138.5 0.545497 0.239092 -0.803286
