-44.4555 12.3062 -136.151 0.751104 0.159168 -0.640677
-43.1748 12.311 -134.606 0.761354 0.134579 -0.634215
-41.8783 12.3792 -132.962 0.813686 0.144676 -0.563013
-40.7218 12.3217 -131.274 0.816404 0.171007 -0.551581
-40.2512 10.3522 -131.249 0.811638 0.196367 -0.550168
-39.8347 8.36695 -131.344 0.811295 0.197986 -0.550093
-40.5933 7.5857 -132.584 0.766383 0.153388 -0.623802
-41.8735 7.55137 -134.159 0.766107 0.153086 -0.624215
-43.1917 7.55245 -135.777 0.76639 0.152659 -0.623973
-43.8814 9.32006 -136.192 0.762201 0.154638 -0.628599
-44.2736 11.3209 -136.171 0.74993 0.151205 -0.644
-44.4301 12.0331 -136.187 0.749269 0.153978 -0.644117
-47.7794 10.7757 -139.681 0.684766 0.21042 -0.697724
-48.5272 12.7958 -139.668 0.55164 0.328187 -0.766803
-49.4149 14.6619 -139.347 0.451242 0.349176 -0.821131
-50.3284 16.5394 -139.077 0.427964 0.314055 -0.847476
-49.7346 17.4281 -138.478 0.360119 0.297261 -0.883901
-47.8108 17.466 -137.8 0.308404 0.256385 -0.916053
-45.9482 17.4475 -136.929 0.62739 0.0506453 -0.777036
-44.561 17.3815 -135.493 0.80571 0.0931053 -0.584947
-43.3162 17.3945 -133.707 0.807826 0.143179 -0.571766
-42.1789 17.3473 -131.963 0.842366 0.157273 -0.515445
-41.0325 17.3895 -130.176 0.816773 0.168497 -0.551806
-39.8515 17.3597 -128.47 0.797943 0.135512 -0.587301
-38.6398 17.3603 -126.865 0.788396 0.114132 -0.604489
-38.2796 15.4455 -126.768 0.791737 0.127483 -0.597412
-37.9711 13.4681 -126.849 0.816655 0.169554 -0.551657
-37.6233 11.3493 -127.012 0.814387 0.189248 -0.548585
-37.2051 9.34583 -127.11 0.812051 0.196276 -0.549589
-36.8386 7.38241 -127.268 0.828619 0.181772 -0.529481
-36.4669 5.33148 -127.395 0.850189 0.170164 -0.49822
-36.1539 3.26992 -127.53 0.875701 0.161133 -0.455156
-36.8356 2.58519 -128.969 0.826236 0.184834 -0.532053
-38.0821 2.61527 -130.731 0.777797 0.159789 -0.607865
-39.4156 2.59658 -132.369 0.763192 0.15285 -0.627833
-40.7617 2.58186 -134.013 0.766065 0.153341 -0.624204
-42.0616 2.56325 -135.623 0.768233 0.16261 -0.619132
-43.3591 2.56556 -137.296 0.782151 0.195349 -0.591674
-44.6158 2.57784 -138.945 0.777227 0.207574 -0.593996
-45.8994 2.89346 -140.352 0.725868 0.238915 -0.645007
-46.3666 4.90356 -140.138 0.734016 0.242368 -0.634412
-46.8682 6.84191 -139.977 0.72907 0.244039 -0.639454
-47.3468 8.87531 -139.816 0.699582 0.20642 -0.684088
-47.7071 10.5592 -139.675 0.684465 0.207763 -0.698813
-47.7224 10.6069 -139.676 0.684413 0.209776 -0.698263
