-146.783 19.6505 -2.40552 -0.820929 0.563276 -0.0937859
-146.723 19.3907 -4.39029 -0.82102 0.56149 -0.103215
-146.625 19.1503 -6.42203 -0.821253 0.560572 -0.106318
-146.516 18.9115 -8.52102 -0.821337 0.560507 -0.106008
-146.428 18.6465 -10.5616 -0.822563 0.557226 -0.113531
-146.285 18.4363 -12.5499 -0.821275 0.557208 -0.122582
-146.097 18.2601 -14.5459 -0.820308 0.556998 -0.129798
-145.89 18.0776 -16.618 -0.819472 0.557594 -0.132498
-145.668 17.9257 -18.6305 -0.81974 0.557268 -0.132205
-145.432 17.7947 -20.6171 -0.822289 0.551487 -0.140365
-145.108 17.7551 -22.6262 -0.822496 0.550212 -0.144108
-144.782 17.7198 -24.6239 -0.82275 0.549896 -0.143862
-144.406 17.7214 -26.7552 -0.823211 0.548334 -0.147152
-144.024 17.7276 -28.7806 -0.823364 0.545856 -0.155285
-143.627 17.759 -30.7559 -0.823379 0.543368 -0.163704
-143.224 17.7619 -32.7299 -0.821424 0.545013 -0.168
-142.787 17.8051 -34.7279 -0.821453 0.54496 -0.168026
-142.26 17.9807 -36.7191 -0.821206 0.543793 -0.172946
-141.705 18.1567 -38.7665 -0.822622 0.540598 -0.176201
-141.113 18.3891 -40.8173 -0.822637 0.54056 -0.176249
-140.539 18.6137 -42.7778 -0.819059 0.542725 -0.185979
-139.945 18.8401 -44.6998 -0.821449 0.538145 -0.188729
-139.337 19.0866 -46.6007 -0.819183 0.538559 -0.197211
-138.652 19.4061 -48.5671 -0.819215 0.53809 -0.19836
-137.928 19.745 -50.6269 -0.818928 0.537507 -0.201105
-137.175 20.1356 -52.5925 -0.821849 0.53009 -0.208729
-136.399 20.541 -54.5432 -0.816238 0.532433 -0.224211
-135.646 20.9304 -56.3579 -0.817021 0.531418 -0.223763
-134.832 21.358 -58.3698 -0.825698 0.520962 -0.216384
-134.022 21.8179 -60.2217 -0.817037 0.524973 -0.23844
-133.77 22.7938 -58.9291 -0.821589 0.522347 -0.228353
-133.63 23.8187 -57.0376 -0.82819 0.517589 -0.214948
-133.544 24.7138 -55.2226 -0.830395 0.514285 -0.214373
-133.446 25.6476 -53.3871 -0.835044 0.505132 -0.218044
-133.276 26.6339 -51.5494 -0.831753 0.522764 -0.186825
-133.035 27.6689 -49.7266 -0.831462 0.523055 -0.187308
-132.792 28.7077 -47.9134 -0.828914 0.525762 -0.190985
-132.573 29.7129 -46.1071 -0.826062 0.52923 -0.193737
-132.305 30.8144 -44.1963 -0.829714 0.526949 -0.184117
-132.037 31.8835 -42.341 -0.830948 0.527788 -0.175936
-131.748 32.9037 -40.5383 -0.835585 0.525812 -0.15912
-131.447 33.9001 -38.8279 -0.83515 0.527011 -0.157431
-131.244 34.7522 -36.9714 -0.831276 0.534903 -0.151191
-131.13 35.4793 -35.0373 -0.8314 0.534515 -0.151878
-131.02 36.1976 -33.1101 -0.831472 0.534519 -0.151473
-130.881 36.9399 -31.2086 -0.829165 0.539269 -0.147221
-130.764 37.6792 -29.158 -0.82913 0.539331 -0.147193
-130.696 38.3042 -27.2514 -0.829169 0.539298 -0.147094
-130.581 38.9809 -25.3612 -0.830936 0.541162 -0.129186
-130.608 39.397 -23.4109 -0.833841 0.537495 -0.125728
-131.054 39.1884 -21.378 -0.832715 0.538634 -0.128294
-131.468 39.0532 -19.2545 -0.833554 0.537723 -0.126658
-131.786 39.0006 -17.2588 -0.832697 0.541519 -0.115636
-132.11 38.9542 -15.1462 -0.832708 0.541534 -0.115491
-132.402 38.9291 -13.1461 -0.832186 0.542619 -0.114153
-132.8 38.7392 -11.1457 -0.831919 0.543097 -0.113829
-133.541 37.9472 -9.43482 -0.833295 0.544042 -0.0981698
-134.272 37.1105 -7.72517 -0.831674 0.547341 -0.0934666
-135.034 36.2628 -5.96976 -0.82949 0.550446 -0.0946387
-135.845 35.3342 -4.25874 -0.828856 0.551507 -0.0940101
-136.676 34.3849 -2.52471 -0.825984 0.556136 -0.0919907
-137.453 33.5096 -0.872255 -0.822665 0.561179 -0.0911006
-138.267 32.5803 0.745275 -0.821945 0.562265 -0.0909078
-139.073 31.6552 2.35547 -0.821569 0.563638 -0.0856487
-140.01 30.489 3.71245 -0.822644 0.562375 -0.0836131
-140.98 29.2574 4.99217 -0.823283 0.561991 -0.0798135
-141.953 27.9935 6.21018 -0.824315 0.561313 -0.0737025
-142.924 26.7358 7.45883 -0.823446 0.562554 -0.0739382
-143.907 25.4642 8.76515 -0.82213 0.565496 -0.0656968
-144.954 24.0897 10.1016 -0.822358 0.565626 -0.0615962
-145.925 22.8157 11.3695 -0.822363 0.565622 -0.0615628
-146.333 22.0732 9.99037 -0.822146 0.565936 -0.0615854
-146.469 21.6402 8.00893 -0.820677 0.566954 -0.0710818
-146.588 21.217 6.02195 -0.821274 0.565985 -0.0718968
-146.653 20.8225 3.88034 -0.821081 0.564745 -0.0830021
-146.725 20.4165 1.81871 -0.81973 0.566909 -0.0815838
-146.76 20.0452 -0.247988 -0.81717 0.568371 -0.0958505
-146.782 19.6928 -2.15664 -0.820933 0.563274 -0.0937622
-148.867 16.7986 -1.56758 -0.81691 0.568229 -0.0988631
-148.84 16.4759 -3.55681 -0.81806 0.564947 -0.107763
-148.73 16.2194 -5.73375 -0.818037 0.564996 -0.107678
-148.652 15.9413 -7.79894 -0.816802 0.567018 -0.106419
-148.55 15.6964 -9.82213 -0.817249 0.563774 -0.119425
-148.409 15.4566 -11.9429 -0.818865 0.561422 -0.119436
-148.222 15.2648 -13.9859 -0.819467 0.55812 -0.130296
-148.01 15.1121 -15.9798 -0.819174 0.558748 -0.129435
-147.787 14.95 -18.0799 -0.819064 0.558418 -0.131541
-147.543 14.7947 -20.1606 -0.819919 0.554486 -0.142402
-147.242 14.7074 -22.1366 -0.8184 0.554498 -0.15084
-146.888 14.6705 -24.2679 -0.822121 0.550621 -0.144683
-146.563 14.6234 -26.267 -0.822359 0.549061 -0.14919
-146.163 14.6242 -28.3792 -0.821913 0.547667 -0.156589
-145.782 14.6254 -30.353 -0.823063 0.54376 -0.163989
-145.335 14.6892 -32.3468 -0.823034 0.543279 -0.165716
-144.892 14.7241 -34.4266 -0.821843 0.544562 -0.167412
-144.39 14.8294 -36.5127 -0.821524 0.543063 -0.173725
-143.829 15 -38.5887 -0.819389 0.543588 -0.181974
-143.262 15.1823 -40.6257 -0.822386 0.540575 -0.177369
-142.693 15.42 -42.5442 -0.822547 0.540409 -0.177128
-142.116 15.6368 -44.4871 -0.818053 0.542162 -0.191959
-141.474 15.8716 -46.5217 -0.817095 0.54104 -0.199075
-140.809 16.1782 -48.4011 -0.819234 0.537665 -0.19943
-140.09 16.5152 -50.4448 -0.819474 0.536898 -0.200506
-139.406 16.8237 -52.3953 -0.81727 0.537511 -0.207718
-138.633 17.1998 -54.397 -0.813914 0.537574 -0.220359
-137.873 17.5956 -56.2093 -0.81258 0.537704 -0.224918
-137.068 18.0014 -58.1552 -0.814712 0.534846 -0.224019
-136.291 18.3967 -60.03 -0.812581 0.536474 -0.227832
-135.459 18.8295 -61.8793 -0.810059 0.534149 -0.24184
-134.59 19.3183 -63.6644 -0.809413 0.529092 -0.254779
-133.733 19.7649 -65.4617 -0.811533 0.524604 -0.257304
-132.849 20.2607 -67.248 -0.813202 0.521908 -0.257518
-132.157 21.0929 -67.7493 -0.815123 0.518717 -0.257891
-131.986 22.2447 -65.9709 -0.818179 0.515004 -0.255644
-131.882 23.266 -64.2541 -0.819787 0.51226 -0.256004
-131.787 24.3518 -62.3867 -0.819929 0.511995 -0.25608
-131.709 25.4018 -60.5192 -0.825854 0.509128 -0.242394
-131.598 26.4362 -58.6279 -0.831362 0.511928 -0.216257
-131.52 27.3609 -56.7704 -0.83642 0.50106 -0.222128
-131.448 28.3211 -54.8637 -0.838332 0.501935 -0.212745
-131.251 29.3484 -52.9707 -0.831772 0.522734 -0.186827
-131.016 30.3844 -51.1162 -0.831686 0.522884 -0.186792
-130.749 31.4575 -49.2998 -0.831382 0.52333 -0.186894
-130.52 32.441 -47.5654 -0.831368 0.523334 -0.186943
-130.26 33.5147 -45.7159 -0.831355 0.523368 -0.186906
-130.037 34.4873 -43.9823 -0.832467 0.522421 -0.184591
-129.794 35.4831 -42.2219 -0.835705 0.521145 -0.17322
-129.482 36.5462 -40.4218 -0.83705 0.52488 -0.154428
-129.252 37.43 -38.534 -0.83314 0.534388 -0.142506
-129.12 38.1807 -36.5342 -0.831736 0.534291 -0.150826
-129.008 38.9139 -34.5292 -0.82935 0.539032 -0.147046
-128.877 39.6593 -32.5357 -0.82915 0.539303 -0.147183
-128.765 40.3494 -30.6373 -0.829134 0.539327 -0.147186
-128.676 41.0191 -28.6837 -0.82915 0.539305 -0.147175
-128.549 41.756 -26.6975 -0.829148 0.539305 -0.147185
-128.453 42.4291 -24.7278 -0.830707 0.53983 -0.136051
-128.754 42.4494 -22.656 -0.8339 0.537444 -0.125555
-129.195 42.2308 -20.6756 -0.833045 0.538367 -0.127269
-129.582 42.1273 -18.4896 -0.832869 0.541249 -0.11567
-129.89 42.075 -16.5015 -0.831959 0.543011 -0.113945
-130.205 42.0144 -14.4847 -0.831944 0.543058 -0.113834
-130.51 41.9751 -12.4442 -0.831922 0.543095 -0.113813
-130.85 41.8999 -10.3145 -0.832027 0.543073 -0.113149
-131.561 41.1543 -8.4423 -0.835165 0.542988 -0.0875423
-132.311 40.2816 -6.68816 -0.835011 0.543307 -0.0870347
-133.05 39.4355 -4.92432 -0.831177 0.548634 -0.090238
-133.842 38.5274 -3.24473 -0.829364 0.550782 -0.0937738
-134.615 37.6396 -1.60778 -0.828419 0.552802 -0.090174
-135.43 36.6955 0.134919 -0.827672 0.554651 -0.0855618
-136.195 35.8085 1.79066 -0.827684 0.554638 -0.0855328
-136.988 34.8839 3.46008 -0.82739 0.555121 -0.0852491
-137.779 33.9593 5.05917 -0.825756 0.557764 -0.0838262
-138.76 32.7092 6.40405 -0.822913 0.562527 -0.0798565
-139.742 31.435 7.71999 -0.824891 0.561824 -0.0625232
-140.733 30.1211 8.98147 -0.82436 0.56273 -0.0613603
-141.718 28.8168 10.2492 -0.824354 0.56274 -0.0613451
-142.714 27.4997 11.5485 -0.824356 0.562737 -0.061359
-143.671 26.2354 12.805 -0.82359 0.564055 -0.0595126
-144.656 24.9376 14.0865 -0.820665 0.568434 -0.0582292
-145.649 23.6358 15.378 -0.820969 0.568066 -0.0575444
-146.646 22.301 16.5754 -0.825878 0.561769 -0.0483753
-147.632 20.9538 17.6915 -0.819281 0.571758 -0.0432475
-147.991 20.3103 15.8891 -0.814907 0.577847 -0.0448441
-148.188 19.8254 13.8399 -0.8175 0.572666 -0.0612131
-148.343 19.3806 11.791 -0.819106 0.570138 -0.0633033
-148.517 18.8976 9.69504 -0.819158 0.570058 -0.0633556
-148.657 18.4578 7.69073 -0.817794 0.570861 -0.0730162
-148.749 18.0382 5.58569 -0.818961 0.567736 -0.0835352
-148.79 17.6838 3.55041 -0.819267 0.567626 -0.0812575
-148.835 17.3282 1.50416 -0.819109 0.567913 -0.0808474
-148.867 16.9788 -0.507837 -0.816397 0.569429 -0.0961598
-148.866 16.8245 -1.42425 -0.816931 0.568222 -0.0987298
-145.738 21.2728 -1.82562 -0.822005 0.561969 -0.0921862
-144.561 22.9471 -2.11549 -0.821529 0.562629 -0.092409
-143.388 24.6099 -2.40734 -0.821917 0.561566 -0.0953762
-142.179 26.3209 -2.71136 -0.821083 0.562841 -0.0950345
-140.986 28.0051 -3.01486 -0.820123 0.56471 -0.0921982
-139.739 29.765 -3.33256 -0.821035 0.563377 -0.0922339
-138.581 31.4098 -3.63006 -0.822649 0.561239 -0.0908811
-137.419 33.064 -3.93521 -0.822693 0.561194 -0.090764
-137.298 33.2359 -3.96722 -0.822699 0.561184 -0.0907675
-139.245 31.0383 0.0397623 -0.821555 0.562623 -0.0922126
-140.397 29.4046 0.31938 -0.821076 0.563429 -0.0915501
-141.572 27.7341 0.603778 -0.823012 0.561572 -0.0853663
-142.72 26.0937 0.876005 -0.823033 0.56154 -0.0853786
-143.929 24.3751 1.1604 -0.82016 0.565603 -0.0862032
-145.105 22.7109 1.43015 -0.820172 0.5656 -0.0861012
-145.589 22.0247 1.54032 -0.820933 0.564689 -0.0848228
-145.537 22.6008 4.94594 -0.82112 0.565379 -0.0781613
-144.395 24.2266 4.70446 -0.821548 0.565217 -0.0747597
-143.211 25.912 4.44899 -0.822302 0.563501 -0.0792819
-142.071 27.5453 4.19628 -0.82284 0.562166 -0.0830844
-145.244 23.4623 8.32794 -0.822989 0.563182 -0.0742631
-145.265 23.4317 8.33214 -0.822976 0.563202 -0.0742517
-145.575 20.9093 -5.24854 -0.820908 0.561282 -0.105229
-144.371 22.6092 -5.56465 -0.820276 0.562656 -0.102786
-143.206 24.2557 -5.87532 -0.821417 0.561238 -0.101422
-141.996 25.9689 -6.2005 -0.821873 0.560721 -0.100587
-140.854 27.5872 -6.51057 -0.821824 0.560855 -0.100238
-139.683 29.2489 -6.83023 -0.824308 0.557443 -0.0988582
-138.471 30.984 -7.16646 -0.824464 0.557285 -0.0984527
-137.295 32.665 -7.4947 -0.823206 0.559631 -0.0956304
-136.122 34.3352 -7.82644 -0.822821 0.560955 -0.09108
-135.35 35.4359 -8.0397 -0.826295 0.555635 -0.0922288
-133.639 37.2526 -12.0979 -0.83243 0.542021 -0.11521
-134.789 35.5711 -11.7449 -0.825852 0.551602 -0.117061
-136 33.8483 -11.3842 -0.823549 0.555499 -0.11484
-137.195 32.15 -11.0306 -0.823613 0.555436 -0.11468
-138.336 30.5271 -10.6941 -0.823622 0.555429 -0.114653
-139.535 28.8217 -10.3433 -0.82326 0.556193 -0.113542
-140.677 27.2067 -10.0132 -0.821886 0.558595 -0.11169
-141.847 25.5517 -9.67655 -0.822582 0.558832 -0.105193
-143.011 23.9009 -9.34187 -0.822646 0.558788 -0.104929
-144.242 22.1567 -8.99146 -0.82168 0.560115 -0.10542
-145.406 20.512 -8.6641 -0.82143 0.560412 -0.105794
-145.24 20.0768 -12.0723 -0.819983 0.559099 -0.122623
-144.091 21.6967 -12.416 -0.823895 0.553302 -0.122691
-142.92 23.3576 -12.769 -0.821389 0.558588 -0.115328
-141.703 25.0704 -13.1375 -0.820929 0.559664 -0.113368
-140.491 26.7744 -13.5055 -0.821264 0.559257 -0.112949
-139.274 28.4864 -13.877 -0.82132 0.559149 -0.113072
-138.114 30.1245 -14.2352 -0.82355 0.555551 -0.114576
-136.927 31.8077 -14.6035 -0.823431 0.555639 -0.115003
-135.705 33.5402 -14.9846 -0.82343 0.555634 -0.115039
-134.533 35.2025 -15.3528 -0.824006 0.554771 -0.115075
-133.374 36.8864 -15.7283 -0.832693 0.541543 -0.115558
-133.12 37.2593 -15.8113 -0.832708 0.541531 -0.115511
-132.454 37.452 -19.5812 -0.832797 0.538576 -0.128008
-133.563 35.8274 -19.1991 -0.832644 0.538804 -0.128043
-134.722 34.1661 -18.8097 -0.82471 0.550022 -0.13164
-135.936 32.4419 -18.4079 -0.82502 0.549996 -0.129795
-137.141 30.7282 -18.0093 -0.825013 0.549997 -0.129834
-138.328 29.0422 -17.6195 -0.823677 0.551773 -0.130776
-139.499 27.4027 -17.2426 -0.819908 0.556959 -0.132469
-140.697 25.7286 -16.8592 -0.820457 0.556375 -0.131518
-141.917 24.0135 -16.4672 -0.822894 0.552469 -0.132754
-143.091 22.3522 -16.0898 -0.823224 0.552241 -0.13165
-144.267 20.689 -15.7163 -0.823087 0.552684 -0.130644
-144.942 19.7384 -15.5011 -0.82105 0.555783 -0.130315
-144.604 19.428 -18.9458 -0.822939 0.553053 -0.130014
-143.444 21.0613 -19.3331 -0.822594 0.552824 -0.133131
-142.278 22.6945 -19.7254 -0.821346 0.553889 -0.136377
-141.101 24.343 -20.1221 -0.821776 0.553355 -0.135948
-139.863 26.0798 -20.5396 -0.8211 0.554744 -0.134361
-138.687 27.7219 -20.9362 -0.82268 0.553051 -0.131655
-137.498 29.404 -21.3438 -0.824616 0.550385 -0.130706
-136.314 31.0787 -21.7515 -0.824154 0.55073 -0.132162
-135.084 32.8177 -22.1783 -0.824128 0.550752 -0.132229
-133.936 34.4488 -22.5788 -0.829667 0.54287 -0.130169
-132.724 36.2167 -23.0167 -0.832723 0.538623 -0.128289
-131.653 37.7799 -23.4065 -0.83327 0.537967 -0.127487
-131.829 36.6659 -26.8717 -0.829497 0.539364 -0.144987
-132.954 35.0421 -26.4507 -0.832037 0.537897 -0.135576
-134.139 33.3186 -26.0077 -0.829103 0.543996 -0.12906
-135.31 31.662 -25.5813 -0.824346 0.550345 -0.132565
-136.459 30.0391 -25.1653 -0.824782 0.549138 -0.134842
-137.623 28.3942 -24.7448 -0.82495 0.548688 -0.135646
-138.785 26.7523 -24.3269 -0.823378 0.550878 -0.136315
-139.954 25.1164 -23.9118 -0.82194 0.553011 -0.136357
-141.114 23.4932 -23.5022 -0.822035 0.552963 -0.135984
-142.316 21.8115 -23.0792 -0.82155 0.553298 -0.13754
-143.499 20.1563 -22.6647 -0.822315 0.551019 -0.142043
-144.112 19.2949 -22.4486 -0.823225 0.549283 -0.143487
-143.495 19.2895 -25.9934 -0.823436 0.548904 -0.143727
-142.336 20.9162 -26.4218 -0.823617 0.548686 -0.14352
-141.166 22.5607 -26.8547 -0.823757 0.548517 -0.143365
-139.985 24.2184 -27.2943 -0.823274 0.549042 -0.144126
-138.842 25.8168 -27.7193 -0.823596 0.547251 -0.149016
-137.674 27.4506 -28.1533 -0.822118 0.548858 -0.151253
-136.524 29.0542 -28.5828 -0.821903 0.548245 -0.154606
-135.344 30.7016 -29.0238 -0.82342 0.546902 -0.151253
-134.154 32.3771 -29.4748 -0.825723 0.543678 -0.150316
-132.988 34.0424 -29.9239 -0.830917 0.535259 -0.151903
-131.952 35.5331 -30.3254 -0.829635 0.538219 -0.148413
-132.186 34.2098 -33.7222 -0.831063 0.535022 -0.151939
-133.387 32.504 -33.2449 -0.824967 0.545102 -0.14931
-134.522 30.909 -32.7978 -0.824927 0.545142 -0.149382
-135.747 29.1871 -32.3133 -0.824941 0.545112 -0.14942
-136.897 27.5735 -31.8586 -0.823504 0.54639 -0.15264
-138.139 25.8433 -31.374 -0.822142 0.547547 -0.155805
-139.359 24.1481 -30.9035 -0.821751 0.548274 -0.155308
-140.5 22.5625 -30.4617 -0.82202 0.547324 -0.157222
-141.666 20.9379 -30.0109 -0.822826 0.545757 -0.158451
-142.792 19.364 -29.5781 -0.82404 0.544372 -0.156902
-142.08 19.3582 -33.1581 -0.82251 0.54323 -0.168458
-140.941 20.9408 -33.6157 -0.822534 0.543236 -0.168324
-139.778 22.56 -34.0874 -0.823517 0.542139 -0.167048
-138.6 24.2008 -34.5653 -0.822077 0.54492 -0.165082
-137.38 25.8984 -35.0617 -0.825114 0.541856 -0.159938
-136.16 27.6112 -35.5656 -0.827299 0.538349 -0.160493
-134.96 29.3073 -36.0673 -0.827643 0.537808 -0.160529
-133.832 30.9027 -36.5397 -0.82766 0.537772 -0.160562
-132.642 32.5842 -37.0351 -0.826693 0.540126 -0.157616
-132.344 33.0045 -37.1573 -0.826492 0.541243 -0.15481
-132.868 31.1839 -40.3965 -0.830066 0.531606 -0.16848
-134.031 29.5572 -39.8913 -0.825656 0.53733 -0.171953
-135.227 27.8849 -39.3712 -0.825873 0.536731 -0.172781
-136.384 26.2672 -38.869 -0.824716 0.53815 -0.173889
-137.548 24.6397 -38.3682 -0.826255 0.537695 -0.167888
-138.787 22.9043 -37.8367 -0.82505 0.539638 -0.167579
-139.962 21.2736 -37.3394 -0.822967 0.542124 -0.169784
-141.148 19.6278 -36.841 -0.82327 0.541149 -0.171418
-141.199 19.5571 -36.8198 -0.823282 0.541136 -0.171402
-140.144 19.9491 -40.566 -0.823903 0.538276 -0.177319
-138.992 21.5479 -41.0738 -0.824675 0.537281 -0.176749
-137.83 23.1577 -41.5902 -0.823556 0.538021 -0.179692
-136.642 24.8077 -42.1215 -0.824231 0.536387 -0.181472
-135.51 26.3794 -42.6336 -0.824832 0.534124 -0.185372
-134.358 27.9703 -43.154 -0.823579 0.534074 -0.191003
-133.37 29.3437 -43.6047 -0.828354 0.529161 -0.183901
-133.822 27.5153 -46.7824 -0.825921 0.529192 -0.194449
-134.979 25.9051 -46.2278 -0.826232 0.531085 -0.187854
-136.139 24.3136 -45.6821 -0.822101 0.534831 -0.195208
-137.371 22.6284 -45.109 -0.820963 0.536234 -0.196145
-138.584 20.9779 -44.5516 -0.822601 0.535887 -0.190137
-138.915 20.525 -44.4006 -0.822769 0.536212 -0.188487
-137.697 20.9817 -48.2372 -0.820028 0.537421 -0.196807
-136.519 22.5831 -48.8086 -0.822791 0.533649 -0.195537
-135.289 24.2592 -49.4123 -0.823543 0.532666 -0.19505
-134.25 25.6831 -49.9305 -0.825498 0.52937 -0.195756
-134.508 24.0489 -53.1179 -0.82246 0.524744 -0.219554
-135.722 22.4274 -52.4968 -0.820994 0.530471 -0.211115
-136.147 21.8572 -52.2784 -0.822649 0.529242 -0.207728
-136.215 21.765 -52.2432 -0.822647 0.529245 -0.207727
