-41.4592 12.1183 -136.651 0.804065 0.136209 -0.578728
-41.1543 10.1369 -136.707 0.803215 0.140711 -0.578831
-40.7997 8.01448 -136.774 0.791801 0.160725 -0.589253
-39.6111 7.58354 -135.295 0.791467 0.161154 -0.589584
-38.3516 7.58019 -133.651 0.771787 0.159121 -0.61565
-37.3835 8.01011 -132.142 0.818164 0.191471 -0.542168
-37.7977 10.0695 -132.034 0.818403 0.192912 -0.541297
-38.2323 12.1827 -131.939 0.819868 0.192294 -0.539296
-39.3735 12.365 -133.632 0.82728 0.167977 -0.536089
-40.5285 12.3839 -135.302 0.803959 0.133957 -0.579399
-41.4331 12.251 -136.583 0.804065 0.136202 -0.57873
-44.5039 11.6389 -140.709 0.759206 0.151242 -0.633034
-44.8523 13.766 -140.591 0.753837 0.137342 -0.642548
-45.088 15.8142 -140.583 0.731673 0.0615913 -0.678868
-45.0701 17.3901 -140.418 0.73921 0.0675427 -0.670079
-43.7862 17.3687 -138.858 0.819599 0.118942 -0.56044
-42.6325 17.3586 -137.135 0.829317 0.135766 -0.542015
-41.522 17.4071 -135.423 0.822961 0.150589 -0.547757
-40.3715 17.3873 -133.697 0.834267 0.165329 -0.52599
-39.2797 17.3962 -131.914 0.842716 0.160265 -0.51395
-38.202 17.4024 -130.146 0.842018 0.161639 -0.514663
-37.1207 17.3915 -128.456 0.822803 0.183102 -0.538023
-36.2454 16.4123 -127.451 0.822794 0.183267 -0.537981
-35.8219 14.2882 -127.544 0.818567 0.192334 -0.541254
-35.439 12.2746 -127.679 0.820253 0.19322 -0.538379
-35.0712 10.284 -127.791 0.839377 0.183138 -0.511538
-34.6903 8.10335 -127.865 0.87847 0.155189 -0.451892
-34.3744 6.09545 -127.936 0.878618 0.154348 -0.451893
-34.0693 4.1205 -128.018 0.878618 0.154335 -0.451898
-34.161 2.6329 -128.704 0.878619 0.154345 -0.451892
-35.081 2.61593 -130.49 0.874561 0.149899 -0.461166
-36.1617 2.63225 -132.188 0.803509 0.172906 -0.569405
-37.4261 2.60716 -133.791 0.76441 0.15907 -0.624799
-38.6916 2.59994 -135.423 0.791472 0.160994 -0.589621
-39.9173 2.60103 -137.065 0.789636 0.157242 -0.593085
-41.1929 2.60564 -138.76 0.790009 0.152291 -0.59388
-42.5136 2.58332 -140.527 0.792831 0.142938 -0.592442
-43.1744 3.98718 -141.072 0.79377 0.145953 -0.590444
-43.4809 6.10316 -140.933 0.799763 0.168335 -0.576231
-43.8459 8.06998 -140.789 0.772782 0.177785 -0.609263
-44.2002 10.0863 -140.708 0.762189 0.146548 -0.630549
-44.4612 11.4126 -140.712 0.759184 0.151522 -0.632993
-44.4663 11.4395 -140.712 0.759194 0.151239 -0.633049
