18.6586 152.039 32.0376 0.480374 0.703734 0.523449
20.1337 152.15 30.512 0.487637 0.706313 0.513158
21.5941 152.202 29.0473 0.487405 0.715916 0.49989
23.0071 152.214 27.5931 0.514993 0.712751 0.476203
24.4304 152.168 26.06 0.520361 0.719535 0.459884
25.7601 152.256 24.4088 0.523333 0.723954 0.449459
27.1052 151.821 23.5112 0.528881 0.725449 0.440464
28.4139 150.461 24.2213 0.502885 0.737399 0.450943
29.7582 149.045 25.0255 0.504615 0.729081 0.46239
31.031 147.685 25.784 0.497402 0.730634 0.467722
32.3335 146.312 26.4996 0.505821 0.714692 0.483074
33.6936 144.882 27.1986 0.498151 0.712936 0.493525
34.9217 143.45 28.0249 0.496576 0.712198 0.496172
35.367 142.027 29.5772 0.492576 0.703949 0.511687
35.4897 140.797 31.1568 0.48588 0.705966 0.515293
35.7129 139.472 32.7191 0.482064 0.696082 0.532057
35.8488 138.145 34.3293 0.480083 0.696233 0.533647
35.6957 136.95 35.9815 0.474359 0.686647 0.550907
35.6975 135.632 37.6425 0.464615 0.699105 0.543493
35.6491 134.37 39.2804 0.456115 0.688379 0.563998
35.4782 133.121 40.9196 0.456476 0.684043 0.568959
34.9753 132.035 42.6308 0.456779 0.680856 0.572508
34.6936 130.852 44.216 0.451193 0.671824 0.587433
34.4799 129.511 45.9155 0.445445 0.674851 0.588348
33.1827 129.483 46.9352 0.453837 0.661909 0.596581
32.6808 131.076 45.5162 0.456041 0.671316 0.584261
31.9909 132.674 44.219 0.454762 0.671688 0.584831
31.0015 134.315 43.1214 0.467982 0.669908 0.576382
29.9352 135.817 42.2415 0.46973 0.669299 0.575666
28.9461 137.316 41.3124 0.475603 0.668932 0.571255
27.8787 138.912 40.3247 0.475405 0.670144 0.569998
26.8051 140.549 39.3036 0.490951 0.667271 0.560104
25.7829 142.139 38.2945 0.485816 0.668903 0.562629
24.812 143.71 37.2727 0.492546 0.667278 0.558694
23.7408 145.311 36.2489 0.487329 0.681682 0.54573
22.6921 146.833 35.2952 0.488789 0.68324 0.54244
21.6292 148.31 34.3196 0.471044 0.702515 0.533468
20.4551 149.826 33.3631 0.476594 0.700916 0.530637
19.276 151.271 32.5043 0.478389 0.704527 0.524199
18.7932 151.849 32.1699 0.480352 0.703746 0.523453
15.8413 151.19 35.6901 0.468142 0.700955 0.538057
14.6743 152.638 34.8424 0.484883 0.6891 0.538545
13.5428 154.079 34.0124 0.484023 0.69231 0.53519
12.9939 155.336 32.8758 0.486374 0.694382 0.530352
14.4557 155.366 31.4635 0.493435 0.699614 0.516781
16.0092 155.391 29.9646 0.48248 0.704677 0.520234
17.5019 155.357 28.5972 0.491855 0.706254 0.5092
18.9678 155.4 27.1087 0.497182 0.705471 0.505095
20.4661 155.395 25.6268 0.508527 0.702978 0.497214
21.835 155.375 24.1662 0.539677 0.698777 0.469531
23.247 155.381 22.4072 0.562843 0.707796 0.426837
24.4581 155.374 20.7958 0.543014 0.727222 0.419862
25.7352 155.425 19.0806 0.55268 0.728955 0.403886
27.0199 155.451 17.399 0.509409 0.747971 0.42549
28.2549 155.457 15.625 0.572617 0.749762 0.331612
29.1931 155.471 13.8304 0.580027 0.753667 0.309121
30.0773 155.504 12.0115 0.588905 0.754567 0.289515
30.9453 155.531 10.1746 0.594178 0.750498 0.289319
31.8162 155.542 8.28063 0.590342 0.758257 0.276632
31.7279 155.158 9.51735 0.594922 0.755869 0.273368
31.1146 154.917 11.4351 0.584035 0.75917 0.287333
30.3881 154.741 13.3626 0.581469 0.755468 0.301918
29.4634 154.689 15.2322 0.58704 0.749938 0.304922
28.6264 154.509 17.0745 0.530764 0.75543 0.384206
28.6209 153.553 18.8058 0.508459 0.746827 0.428625
29.6839 152.21 19.8753 0.50453 0.744253 0.437644
31.0957 150.798 20.6564 0.498234 0.744163 0.444954
32.4315 149.446 21.4216 0.498851 0.744242 0.44413
33.7554 148.099 22.19 0.498566 0.739987 0.451498
35.115 146.74 22.9169 0.495897 0.740918 0.452909
36.4738 145.346 23.6951 0.476656 0.735102 0.482066
37.7471 143.988 24.4722 0.477614 0.724372 0.497159
38.8445 142.567 25.474 0.474382 0.724832 0.49958
39.1435 141.208 27.118 0.474336 0.714714 0.513993
39.3253 139.911 28.7576 0.479931 0.714042 0.509717
39.5227 138.64 30.3209 0.478252 0.70826 0.519262
39.9215 137.259 31.8424 0.470777 0.71381 0.518502
39.8304 136.072 33.5401 0.458869 0.714565 0.528049
39.7129 134.822 35.2782 0.459283 0.700718 0.545943
39.7187 133.56 36.894 0.458299 0.701737 0.545461
39.6855 132.287 38.5644 0.44892 0.705489 0.548408
39.5589 130.989 40.2938 0.438059 0.698936 0.565325
38.9878 129.939 42.034 0.438369 0.696702 0.567837
38.7258 128.654 43.755 0.432168 0.683095 0.588737
38.6299 127.345 45.3453 0.435277 0.684051 0.585327
37.9389 126.398 46.9684 0.425915 0.690513 0.584602
36.7353 125.903 48.4329 0.418562 0.70009 0.578516
35.0748 125.838 49.6742 0.415329 0.688151 0.594937
33.7062 125.45 51.0782 0.406695 0.685818 0.603534
32.4692 125.446 51.9201 0.413067 0.67579 0.610478
30.9289 126.685 51.6114 0.425863 0.661701 0.617082
29.8375 128.212 50.7606 0.43329 0.647986 0.626397
29.3771 129.794 49.4395 0.454009 0.649641 0.609772
28.9438 131.426 48.052 0.473242 0.639025 0.606374
28.2857 133.051 46.7753 0.472411 0.661283 0.582695
27.2008 134.668 45.8158 0.473185 0.663827 0.579163
26.1555 136.189 44.9251 0.475693 0.661642 0.579609
25.1924 137.72 43.982 0.483664 0.659503 0.575434
24.2177 139.227 43.0693 0.485659 0.660829 0.572224
23.1854 140.771 42.1586 0.485001 0.665933 0.566839
22.2364 142.31 41.1536 0.484363 0.667718 0.56528
21.3149 143.801 40.1715 0.478545 0.674507 0.562169
20.2886 145.331 39.2097 0.478913 0.675188 0.561037
19.2688 146.814 38.2964 0.482956 0.677943 0.554207
18.2479 148.282 37.3646 0.486419 0.686807 0.540086
17.1151 149.767 36.4619 0.473325 0.705447 0.527547
15.8779 151.148 35.7128 0.46812 0.700972 0.538055
22.1429 149.944 31.6746 0.475261 0.705414 0.52585
23.9326 149.134 31.0817 0.498125 0.700448 0.51112
25.7386 148.272 30.4565 0.517044 0.698293 0.495028
27.4974 147.402 29.8292 0.512392 0.706383 0.488342
29.3148 146.554 29.224 0.4932 0.717463 0.491936
31.1443 145.698 28.6148 0.503697 0.709047 0.4935
31.4354 145.56 28.5163 0.504025 0.708852 0.493445
33.4092 142.666 30.6098 0.500096 0.69701 0.513888
31.6428 143.487 31.2069 0.496081 0.699035 0.515028
29.8635 144.311 31.8077 0.500112 0.698603 0.511704
28.0244 145.164 32.4317 0.49721 0.697139 0.516507
26.2581 145.986 33.0375 0.508293 0.686105 0.520479
24.4684 146.823 33.6577 0.497502 0.689725 0.526091
24.3196 146.892 33.7081 0.495634 0.690133 0.527317
26.4623 143.793 35.6697 0.505315 0.676923 0.535193
28.2615 142.96 35.0397 0.4967 0.679262 0.54027
30.072 142.138 34.4218 0.492145 0.684137 0.538284
31.8615 141.327 33.8151 0.492884 0.684036 0.537736
33.6368 140.527 33.2185 0.48281 0.69237 0.536208
33.725 138.424 35.8426 0.474938 0.686946 0.550035
31.9577 139.194 36.432 0.490625 0.682904 0.541229
30.1977 139.977 37.0362 0.487825 0.681343 0.545709
28.4476 140.742 37.6286 0.481396 0.679931 0.553129
30.3945 137.739 39.5811 0.476707 0.676084 0.561838
32.1596 136.993 38.9893 0.474356 0.677858 0.561689
33.6385 136.359 38.4891 0.479994 0.682341 0.551376
33.503 134.281 41.116 0.459723 0.683551 0.566933
32.5231 134.679 41.4397 0.469089 0.676452 0.567775
28.2072 148.991 26.7573 0.4992 0.718325 0.484571
26.3255 149.933 27.412 0.523017 0.710724 0.470451
25.1589 150.514 27.8215 0.519256 0.71456 0.468804
25.0678 150.559 27.8533 0.51926 0.714558 0.468803
