-146.77 22.1361 -13.286 -0.826316 0.549234 -0.124675
-146.547 22.0022 -15.3267 -0.825847 0.549308 -0.127428
-146.313 21.8763 -17.385 -0.825956 0.54908 -0.1277
-146.081 21.7432 -19.455 -0.826714 0.547886 -0.127924
-145.792 21.663 -21.5203 -0.829068 0.540102 -0.144694
-145.461 21.6388 -23.5076 -0.827842 0.542192 -0.143893
-145.146 21.5784 -25.5437 -0.826941 0.54337 -0.144631
-144.806 21.5557 -27.5273 -0.825945 0.542145 -0.154577
-144.403 21.5858 -29.5421 -0.824645 0.542036 -0.161733
-143.944 21.6676 -31.5628 -0.823847 0.542233 -0.165104
-143.521 21.6935 -33.5847 -0.823848 0.542164 -0.165327
-143.094 21.7478 -35.5384 -0.824032 0.54199 -0.164977
-142.605 22.1911 -36.5336 -0.829575 0.532652 -0.16759
-142.673 22.6879 -34.5558 -0.824801 0.540795 -0.165056
-142.703 23.2335 -32.6163 -0.824244 0.541541 -0.165395
-142.779 23.7184 -30.6505 -0.824233 0.541573 -0.165345
-142.976 24.0351 -28.6222 -0.824738 0.541978 -0.161454
-143.358 24.0785 -26.4267 -0.827536 0.541187 -0.149336
-143.821 23.9008 -24.4661 -0.829216 0.539886 -0.14465
-144.271 23.7521 -22.4408 -0.829219 0.539879 -0.144658
-144.701 23.6001 -20.4389 -0.827246 0.547272 -0.127113
-145.147 23.4149 -18.3163 -0.826462 0.548484 -0.126986
-145.595 23.1987 -16.34 -0.826054 0.548971 -0.127536
-146.27 22.6356 -14.3898 -0.825868 0.549351 -0.127108
-146.723 22.2358 -13.1605 -0.826488 0.548992 -0.124602
-145.329 24.6276 -11.9009 -0.825543 0.54963 -0.128005
-144.6 25.26 -13.8573 -0.824784 0.550529 -0.129031
-143.937 25.7895 -15.877 -0.824865 0.551309 -0.125128
-143.516 25.964 -17.8987 -0.825805 0.550231 -0.12366
-143.089 26.1489 -19.9215 -0.826097 0.549702 -0.124061
-142.678 26.3172 -21.9049 -0.826542 0.548129 -0.127987
-142.252 26.4521 -23.932 -0.828466 0.540841 -0.145376
-141.773 26.6364 -25.9499 -0.827879 0.541036 -0.147972
-141.378 26.6688 -27.9637 -0.825005 0.541041 -0.163219
-141.132 26.3981 -30.0842 -0.824225 0.541679 -0.165036
-141.002 25.942 -32.23 -0.824948 0.54052 -0.165224
-140.961 25.4356 -34.1642 -0.829993 0.535531 -0.155944
-140.935 24.862 -36.2734 -0.830131 0.535444 -0.155508
-140.913 24.3008 -38.2468 -0.83196 0.527614 -0.171614
-140.885 23.6726 -40.2502 -0.832416 0.525144 -0.176942
-140.849 23.0587 -42.2385 -0.832516 0.525024 -0.176826
-140.834 22.4274 -44.1811 -0.833411 0.523151 -0.178155
-140.888 21.6355 -46.1273 -0.828941 0.524892 -0.193249
-140.974 20.8152 -47.9768 -0.82288 0.532158 -0.199192
-141.603 20.3623 -46.586 -0.819884 0.538645 -0.194033
-142.248 20.0644 -44.675 -0.817407 0.546496 -0.18216
-142.849 19.8479 -42.5665 -0.821552 0.542082 -0.176632
-143.436 19.6023 -40.5896 -0.821459 0.54226 -0.176522
-143.991 19.3909 -38.6554 -0.821319 0.542396 -0.176752
-144.549 19.2184 -36.5934 -0.821561 0.543754 -0.171364
-145.016 19.1322 -34.5663 -0.822948 0.543672 -0.164854
-145.484 19.0651 -32.4505 -0.823025 0.543557 -0.164851
-145.936 19.0025 -30.3995 -0.823021 0.543484 -0.165113
-146.377 18.9369 -28.3894 -0.823032 0.546047 -0.15637
-146.727 18.9895 -26.3014 -0.824556 0.546271 -0.14729
-147.066 19.0346 -24.2321 -0.824404 0.546559 -0.147076
-147.402 19.0756 -22.1701 -0.821955 0.551329 -0.14292
-147.724 19.1173 -20.1748 -0.820444 0.552721 -0.146192
-147.95 19.2666 -18.1718 -0.820237 0.557699 -0.127214
-148.161 19.4246 -16.1292 -0.819117 0.559244 -0.127642
-148.362 19.5807 -14.1431 -0.81823 0.560421 -0.128172
-148.576 19.7458 -12.0171 -0.818856 0.560636 -0.123135
-148.721 19.9816 -9.88129 -0.81895 0.562505 -0.113605
-148.808 20.2746 -7.7196 -0.821244 0.560389 -0.107338
-148.912 20.5141 -5.68121 -0.823876 0.556343 -0.108212
-148.772 20.9795 -4.35462 -0.826289 0.552883 -0.107546
-147.947 21.8616 -6.15474 -0.829349 0.547684 -0.110555
-147.128 22.7466 -7.92126 -0.830182 0.546403 -0.110644
-146.337 23.6037 -9.62022 -0.830001 0.546428 -0.111869
-145.566 24.4105 -11.298 -0.826578 0.548176 -0.127557
-145.389 24.5751 -11.7442 -0.826065 0.549028 -0.127213
-145.386 24.5777 -11.752 -0.82553 0.549653 -0.127991
