-36.3027 12.1934 -137.877 0.816298 0.169232 -0.552282
-35.9219 10.0681 -137.996 0.821077 0.180136 -0.541649
-35.5539 7.91412 -138.154 0.82106 0.180153 -0.541669
-34.4949 7.55485 -136.673 0.817399 0.186057 -0.545197
-33.3849 7.59904 -134.97 0.832373 0.182809 -0.523198
-32.4873 7.95729 -133.376 0.838687 0.179767 -0.514089
-32.8744 10.0353 -133.288 0.840784 0.17378 -0.512721
-33.2502 12.0891 -133.227 0.844106 0.167395 -0.509375
-34.3047 12.3525 -134.857 0.828428 0.174162 -0.53233
-35.437 12.3077 -136.565 0.816226 0.163689 -0.554059
-36.2582 12.2812 -137.785 0.816164 0.167573 -0.552987
-37.0266 17.4099 -137.421 0.829823 0.149223 -0.537705
-38.141 17.3683 -139.156 0.8332 0.145717 -0.533414
-39.1516 17.3727 -140.956 0.885212 0.163823 -0.435387
-39.5308 16.2747 -142.016 0.865373 0.100968 -0.490831
-39.3684 14.2537 -142.066 0.850327 0.0789537 -0.520299
-39.1965 12.1643 -142.125 0.82573 0.1251 -0.549873
-38.8466 10.1625 -142.175 0.802956 0.170346 -0.571178
-38.4943 8.09138 -142.335 0.807298 0.203499 -0.553924
-38.0196 6.02308 -142.44 0.814333 0.219594 -0.537252
-37.5537 4.07429 -142.553 0.824086 0.232069 -0.516744
-36.8332 2.59192 -142.076 0.823122 0.233569 -0.517605
-35.7485 2.60283 -140.364 0.818998 0.212303 -0.533076
-34.5866 2.58971 -138.607 0.820714 0.209753 -0.531443
-33.4411 2.54553 -136.828 0.827697 0.192153 -0.52723
-32.2811 2.60157 -134.997 0.829729 0.188061 -0.525531
-31.2151 2.57119 -133.294 0.828994 0.195694 -0.523902
-30.1255 2.56631 -131.592 0.824915 0.199361 -0.528934
-28.9692 2.58184 -129.781 0.825155 0.200822 -0.528006
-29.0331 4.30319 -129.19 0.829508 0.213238 -0.516184
-29.5014 6.38516 -129.082 0.829514 0.213232 -0.516176
-29.9344 8.35411 -128.996 0.841424 0.194194 -0.504264
-30.3544 10.4783 -128.954 0.84655 0.173617 -0.503194
-30.6902 12.5144 -128.842 0.844257 0.161246 -0.511107
-31.0311 14.5512 -128.763 0.843734 0.161113 -0.512012
-31.3654 16.6019 -128.661 0.839343 0.165564 -0.517775
-32.2699 17.4065 -129.866 0.840027 0.166381 -0.516403
-33.3129 17.373 -131.594 0.841871 0.169003 -0.512534
-34.3922 17.3952 -133.357 0.841432 0.16902 -0.513249
-35.4776 17.3435 -135.127 0.824551 0.164842 -0.541201
-36.7202 17.4109 -136.955 0.822947 0.159467 -0.545263
-36.884 17.4133 -137.204 0.82453 0.156763 -0.543665
-36.987 17.411 -137.36 0.826833 0.152465 -0.541358
