12.6387 22.7188 146.372 0.119343 0.568825 0.813754
14.596 22.4929 146.241 0.120617 0.568311 0.813925
16.641 22.3834 146.014 0.120436 0.568902 0.813539
18.696 22.3332 145.743 0.121506 0.570101 0.81254
20.6892 22.2719 145.488 0.121555 0.57018 0.812477
22.8323 22.2343 145.191 0.123555 0.570146 0.812199
24.9828 22.3204 144.801 0.124715 0.571031 0.8114
26.9884 22.3566 144.468 0.124682 0.570708 0.811632
29.0659 22.4529 144.081 0.12489 0.570372 0.811836
31.0352 22.6672 143.63 0.122979 0.570284 0.81219
30.0118 23.5726 143.149 0.12409 0.57115 0.811412
28.2048 24.5199 142.759 0.124291 0.571634 0.81104
26.0386 24.9772 142.768 0.124442 0.571587 0.81105
24.0576 25.0393 143.03 0.12518 0.57141 0.811061
22.0619 25.0404 143.338 0.126396 0.570382 0.811596
19.9251 24.9967 143.695 0.122617 0.566946 0.814578
17.9215 24.8921 144.07 0.122627 0.566958 0.814568
15.9462 24.4921 144.645 0.121437 0.567406 0.814434
14.3446 23.6156 145.494 0.119828 0.568444 0.813949
12.778 22.7922 146.3 0.119355 0.568885 0.81371
10.6059 25.0862 145.016 0.119034 0.56808 0.81432
12.3208 26.0428 144.097 0.119258 0.568294 0.814137
13.9204 26.9567 143.225 0.119666 0.568035 0.814258
15.8642 27.476 142.577 0.119521 0.567973 0.814323
17.8928 27.7319 142.097 0.122623 0.566954 0.814572
19.901 27.7796 141.754 0.127514 0.569771 0.81185
22.0139 27.8044 141.405 0.127609 0.569844 0.811785
24.0945 27.8295 141.06 0.127466 0.569936 0.811742
26.1693 27.7888 140.767 0.124613 0.571487 0.811094
28.138 27.4042 140.735 0.125544 0.571985 0.8106
30.0984 26.8312 140.836 0.124775 0.572482 0.810367
31.7932 25.8203 141.291 0.123519 0.572336 0.810663
33.4721 24.802 141.754 0.123249 0.572268 0.810752
35.1641 23.7549 142.236 0.12323 0.572171 0.810823
36.9224 22.6091 142.776 0.123587 0.571423 0.811297
38.5541 21.4873 143.317 0.123945 0.571251 0.811363
38.2136 20.6843 143.933 0.123226 0.57059 0.811937
36.1982 20.4254 144.421 0.123006 0.570424 0.812087
34.2293 20.1459 144.915 0.122938 0.569797 0.812538
32.2669 19.8536 145.417 0.122996 0.569256 0.812908
30.1813 19.6961 145.844 0.124441 0.568871 0.812958
28.2008 19.6076 146.21 0.125206 0.569284 0.812551
26.1161 19.4945 146.61 0.125393 0.569859 0.812119
24.111 19.4069 146.981 0.124622 0.57018 0.812012
22.119 19.403 147.286 0.122531 0.569333 0.812924
19.9665 19.4728 147.555 0.119854 0.567771 0.814415
17.9856 19.5137 147.818 0.120123 0.567034 0.814889
15.9911 19.5833 148.064 0.12066 0.5671 0.814763
13.9507 19.6918 148.292 0.12128 0.568348 0.813801
11.8753 19.8932 148.457 0.118939 0.567893 0.814464
9.83164 20.1317 148.588 0.117328 0.569939 0.813267
7.74426 20.4155 148.69 0.116558 0.571901 0.812
5.69241 20.6575 148.807 0.111651 0.573163 0.8118
4.79927 21.3716 148.426 0.108902 0.570903 0.813762
6.25705 22.4156 147.497 0.113919 0.567668 0.815337
7.76273 23.4279 146.582 0.115475 0.566556 0.815892
9.33449 24.3356 145.724 0.118514 0.566903 0.815215
10.4181 24.9788 145.118 0.118962 0.568009 0.814379
10.5838 25.0733 145.028 0.119011 0.568075 0.814326
