5.84087 75.6588 -91.4495 0.0854484 0.348285 -0.933486
5.90588 73.704 -92.1678 0.0745539 0.345727 -0.935363
5.92622 71.8137 -92.8754 0.0637169 0.351768 -0.933916
5.93262 69.8855 -93.6011 0.0610419 0.348679 -0.935252
5.90467 67.8582 -94.3181 0.0517373 0.325309 -0.944192
5.89376 65.959 -94.9722 0.0508859 0.324879 -0.944386
6.91059 64.7596 -95.33 0.0504654 0.324473 -0.944548
9.05019 64.4746 -95.3125 0.0469109 0.326209 -0.944133
11.1328 64.0415 -95.3784 0.0352798 0.343348 -0.938545
13.1099 63.6606 -95.4422 0.0377598 0.343723 -0.938312
15.1548 63.1389 -95.551 0.037809 0.343665 -0.938331
17.1213 62.5387 -95.6916 0.0375068 0.344893 -0.937892
19.0756 61.8935 -95.854 0.0365064 0.357385 -0.933243
21.0146 61.2607 -96.0171 0.0442639 0.368899 -0.928411
22.9854 60.6076 -96.1731 0.0543198 0.374172 -0.925767
25.0117 59.9432 -96.31 0.0713492 0.378904 -0.922681
26.8952 59.1051 -96.5182 0.0638359 0.389548 -0.918791
28.8934 58.0907 -96.806 0.0745016 0.390674 -0.917509
30.6441 57.1443 -97.0564 0.0839341 0.392037 -0.916113
32.4862 56.0759 -97.3449 0.0837526 0.392136 -0.916087
34.2743 55.0215 -97.6346 0.0832113 0.398455 -0.913402
36.153 53.9204 -97.9514 0.0851033 0.41624 -0.905263
37.9748 52.8689 -98.2133 0.114648 0.406633 -0.90637
39.7679 51.7342 -98.4964 0.11394 0.406572 -0.906486
41.5892 50.6622 -98.7484 0.112699 0.404948 -0.907368
43.3656 49.6422 -98.9829 0.111778 0.404582 -0.907645
45.1294 48.6365 -99.2104 0.116592 0.403799 -0.907387
46.8523 47.5732 -99.4561 0.117871 0.396841 -0.910287
48.6104 46.5128 -99.6904 0.118714 0.39493 -0.911009
50.3757 45.4346 -99.9232 0.125635 0.395171 -0.909975
52.1263 44.3979 -100.124 0.135336 0.393515 -0.909299
53.8646 43.3245 -100.339 0.121022 0.391808 -0.912053
55.4282 42.1107 -100.654 0.120203 0.392294 -0.911952
56.9729 40.8435 -101.02 0.0968072 0.400416 -0.911206
58.6097 39.6537 -101.372 0.0960924 0.40056 -0.911218
60.1342 38.3547 -101.773 0.100169 0.395594 -0.912947
61.6027 37.0401 -102.175 0.105378 0.391354 -0.914187
63.1719 35.801 -102.525 0.105377 0.39126 -0.914227
64.8013 34.5673 -102.864 0.104315 0.388097 -0.915696
66.4611 33.2274 -103.244 0.095748 0.383986 -0.918361
68.0076 31.9655 -103.611 0.0952541 0.383869 -0.918462
69.5133 30.6617 -104.003 0.0912832 0.386553 -0.917739
70.9784 29.3265 -104.422 0.0904062 0.387366 -0.917482
72.5052 27.915 -104.873 0.0807123 0.389334 -0.917553
74.037 26.5299 -105.331 0.0755721 0.388039 -0.918539
75.5095 25.2053 -105.769 0.0757501 0.387988 -0.918546
76.8649 23.7699 -106.266 0.0726072 0.389762 -0.918049
77.7513 22.0719 -106.917 0.0721677 0.389724 -0.9181
78.007 20.2394 -107.676 0.0718125 0.391898 -0.917201
77.6972 18.3837 -108.494 0.0725091 0.392185 -0.917024
76.791 16.6994 -109.286 0.0721311 0.391693 -0.917264
75.6079 15.1914 -110.023 0.0718375 0.391405 -0.91741
74.4257 13.7041 -110.748 0.0705924 0.390826 -0.917754
73.2378 12.1926 -111.482 0.0699046 0.390708 -0.917856
72.0796 10.7071 -112.203 0.0696061 0.390674 -0.917894
70.819 9.08299 -112.989 0.0696745 0.390723 -0.917868
69.5613 7.49757 -113.759 0.068078 0.390626 -0.918029
68.2667 6.05432 -114.467 0.0633193 0.393107 -0.91731
69.2364 5.49842 -114.637 0.0669581 0.391616 -0.917689
71.2331 5.5317 -114.471 0.0697964 0.391449 -0.917549
73.3036 5.46082 -114.345 0.0693642 0.391125 -0.91772
75.3854 5.41544 -114.206 0.0705216 0.391219 -0.917592
77.5568 5.43566 -114.032 0.0676598 0.391583 -0.917652
79.6477 5.46813 -113.862 0.0694551 0.3919 -0.917382
81.6627 5.48928 -113.7 0.0695673 0.392056 -0.917307
83.715 5.47494 -113.554 0.0648552 0.392645 -0.9174
85.739 5.45211 -113.423 0.0632779 0.393021 -0.91735
87.7807 5.46367 -113.281 0.0603328 0.392224 -0.917889
89.7971 5.5094 -113.129 0.059973 0.392295 -0.917882
91.8427 5.46068 -113.021 0.0543016 0.392339 -0.918217
93.0856 6.75532 -112.395 0.0529002 0.393001 -0.918015
94.0216 8.49888 -111.591 0.0559929 0.395929 -0.916572
94.872 10.1806 -110.82 0.0520108 0.389915 -0.919381
95.7 11.9247 -110.032 0.0525985 0.391656 -0.918607
96.546 13.5849 -109.276 0.0517821 0.390912 -0.91897
97.388 15.2533 -108.518 0.0484448 0.395291 -0.917278
98.1963 16.919 -107.755 0.0497334 0.396058 -0.916878
99.0201 18.7027 -106.94 0.0502668 0.395638 -0.91703
98.6527 20.3449 -106.25 0.0524449 0.397372 -0.916158
97.4763 21.8569 -105.661 0.0526867 0.397479 -0.916097
96.1849 23.3132 -105.106 0.053024 0.395618 -0.916883
94.9292 24.8173 -104.531 0.05648 0.395577 -0.916694
93.6719 26.377 -103.933 0.0580956 0.398089 -0.915505
92.3489 27.9913 -103.318 0.0604906 0.397991 -0.915393
91.1013 29.4602 -102.765 0.0643209 0.396443 -0.915803
89.8839 30.984 -102.192 0.0646682 0.396196 -0.915886
88.6426 32.4616 -101.64 0.0656254 0.396066 -0.915873
87.3912 33.9479 -101.083 0.0690417 0.400462 -0.913709
86.0453 35.5647 -100.487 0.074998 0.396723 -0.914869
84.8386 37.1096 -99.9145 0.0740795 0.397057 -0.9148
83.5623 38.6014 -99.3703 0.0740627 0.397046 -0.914805
82.2499 40.1875 -98.7881 0.0740485 0.397064 -0.914799
80.9848 41.7191 -98.2258 0.0743651 0.397149 -0.914736
79.7646 43.2066 -97.6813 0.0762253 0.396673 -0.91479
78.3752 44.7576 -97.1275 0.0790745 0.396488 -0.914628
77.1867 46.289 -96.5686 0.0816058 0.396372 -0.914456
75.857 47.7672 -96.0613 0.0930527 0.392173 -0.915173
74.4966 49.28 -95.5522 0.0949074 0.390506 -0.915695
73.1095 50.7096 -95.0804 0.0809951 0.397427 -0.914052
71.7277 52.1706 -94.5476 0.0751029 0.40576 -0.910889
70.4515 53.7244 -93.9599 0.0744854 0.409318 -0.909346
69.1188 55.2492 -93.3672 0.0735761 0.42017 -0.904457
67.839 56.7327 -92.7992 0.0924233 0.418691 -0.903413
66.533 58.2959 -92.211 0.0939838 0.417952 -0.903595
65.2134 59.8851 -91.6227 0.10506 0.412268 -0.904985
63.9029 61.3951 -91.0949 0.107835 0.409335 -0.905989
62.5659 62.876 -90.5849 0.107824 0.409332 -0.905992
61.1301 64.4036 -90.0647 0.107471 0.411724 -0.904949
59.7339 65.9239 -89.5352 0.107652 0.414733 -0.903553
58.3259 67.4712 -88.9797 0.105481 0.420619 -0.901083
57.0273 68.9351 -88.4631 0.116235 0.418853 -0.900584
55.7418 70.4089 -87.9408 0.116953 0.427849 -0.896252
54.47 71.9765 -87.3591 0.116591 0.428516 -0.89598
53.0385 73.5313 -86.8015 0.116337 0.428516 -0.896013
51.6581 74.912 -86.3205 0.116329 0.42852 -0.896012
50.2174 76.3257 -85.8304 0.116683 0.433743 -0.893449
48.7327 77.7905 -85.3075 0.123489 0.440284 -0.889325
47.2962 79.1615 -84.8418 0.13404 0.438347 -0.888754
45.9068 80.5402 -84.3856 0.142993 0.432686 -0.890133
44.3085 81.9621 -83.9522 0.142674 0.432086 -0.890475
42.8402 83.3123 -83.5336 0.140165 0.430438 -0.891671
41.3145 84.6096 -83.1462 0.139371 0.430522 -0.891754
39.7365 86.0147 -82.7145 0.139401 0.430524 -0.891749
38.1164 87.3881 -82.3146 0.155955 0.418888 -0.894545
36.4034 88.4609 -82.1288 0.16645 0.417046 -0.893514
34.5261 89.4722 -82.0056 0.164676 0.416696 -0.894006
32.7586 90.4635 -81.8536 0.151382 0.406106 -0.9012
30.9233 91.4809 -81.7138 0.154725 0.40065 -0.903072
29.084 92.4545 -81.597 0.154649 0.400642 -0.903089
27.2107 93.3615 -81.5138 0.153521 0.400843 -0.903192
25.2453 94.0833 -81.5269 0.152764 0.400499 -0.903473
23.2371 94.4937 -81.6945 0.165034 0.391891 -0.905088
21.1621 94.9187 -81.8924 0.155328 0.384298 -0.910047
19.122 95.0863 -82.1811 0.168672 0.365172 -0.915532
17.0057 94.9856 -82.6058 0.158306 0.360705 -0.919146
15.0298 95.0074 -82.92 0.148171 0.362524 -0.92012
13.0207 95.0656 -83.2206 0.148167 0.362353 -0.920188
11.0269 95.1059 -83.5247 0.147106 0.356923 -0.922476
9.04659 94.7739 -83.9375 0.119364 0.344343 -0.931225
7.1429 94.3103 -84.358 0.128992 0.333253 -0.933972
5.86244 93.3187 -84.8842 0.114577 0.333049 -0.935922
5.87167 91.4154 -85.5712 0.107665 0.347076 -0.931634
5.88711 89.4874 -86.29 0.102488 0.348363 -0.93174
5.87394 87.5023 -87.0338 0.102363 0.348397 -0.931741
5.88308 85.6117 -87.7388 0.0990123 0.347218 -0.932543
5.88115 83.6899 -88.4478 0.0958814 0.343131 -0.934381
5.88556 81.6784 -89.1861 0.0957811 0.343796 -0.934147
5.85332 79.7564 -89.9062 0.0926819 0.351545 -0.931572
5.88071 77.866 -90.6168 0.0925497 0.351515 -0.931596
5.84671 75.9446 -91.3426 0.085534 0.346658 -0.934084
5.84332 75.8161 -91.3906 0.0854651 0.34828 -0.933486
2.01288 76.1739 -91.6008 0.0834913 0.345557 -0.934676
2.02312 74.1862 -92.3331 0.0845968 0.342634 -0.935652
2.045 72.1447 -93.0761 0.0817766 0.340542 -0.936666
2.03267 70.1682 -93.7869 0.0864011 0.330913 -0.939697
2.02399 68.192 -94.4274 0.069566 0.3029 -0.95048
2.01891 66.2213 -95.0876 0.0500705 0.324398 -0.944595
2.05771 64.1847 -95.7642 0.0417282 0.2982 -0.953591
2.05927 62.1236 -96.403 0.0396723 0.294925 -0.954696
3.41687 61.2216 -96.6253 0.0396683 0.294925 -0.954697
5.54336 61.1411 -96.5603 0.0412017 0.296718 -0.954076
7.60348 61.0018 -96.518 0.0276348 0.301438 -0.953085
9.63063 60.6138 -96.6087 0.0165716 0.308951 -0.950934
11.633 60.2591 -96.7434 -0.00719422 0.363443 -0.931554
13.6303 59.8379 -96.8721 0.0386597 0.375969 -0.925825
15.5466 59.1891 -97.0553 0.0386848 0.375964 -0.925826
17.4762 58.5589 -97.225 0.0393207 0.367718 -0.929106
19.3826 57.9542 -97.3778 0.0410076 0.361325 -0.931538
21.3396 57.2908 -97.5485 0.0406626 0.360706 -0.931793
23.305 56.7014 -97.6915 0.0393295 0.360154 -0.932064
25.1377 55.9501 -97.9657 0.00719173 0.379795 -0.925043
27.074 54.9828 -98.2738 0.0685345 0.397866 -0.91488
28.8587 54.0176 -98.5722 0.061483 0.407039 -0.911339
30.6966 52.9805 -98.9005 0.0759843 0.412736 -0.907675
32.501 51.9112 -99.2194 0.082152 0.419133 -0.904201
34.2998 50.9408 -99.5176 0.078908 0.424211 -0.902119
36.0473 49.9425 -99.7859 0.120829 0.407172 -0.905323
37.7692 48.8633 -100.041 0.119864 0.407425 -0.905338
39.5474 47.7766 -100.301 0.114431 0.406857 -0.906296
41.3592 46.752 -100.526 0.116371 0.398296 -0.909845
43.1822 45.6436 -100.771 0.118862 0.395637 -0.910683
44.8999 44.6058 -100.997 0.118864 0.395651 -0.910677
46.5997 43.5414 -101.238 0.118865 0.39562 -0.91069
48.3726 42.4897 -101.464 0.11825 0.395429 -0.910853
50.1022 41.4353 -101.697 0.121125 0.39415 -0.911029
51.8852 40.3348 -101.919 0.137154 0.393944 -0.908844
53.4859 39.0954 -102.214 0.136045 0.391659 -0.909997
55.0452 37.8513 -102.543 0.105243 0.395043 -0.912614
56.7092 36.4653 -102.967 0.100017 0.395681 -0.912925
58.3263 35.0435 -103.405 0.102761 0.39397 -0.91336
59.8775 33.8102 -103.754 0.106336 0.386406 -0.916178
61.4422 32.5224 -104.112 0.106827 0.383693 -0.917261
63.0456 31.2572 -104.454 0.106828 0.383694 -0.917261
64.6495 29.9691 -104.806 0.1065 0.383713 -0.917291
66.1956 28.702 -105.164 0.0960276 0.3835 -0.918535
67.6672 27.405 -105.559 0.090999 0.387056 -0.917555
69.1294 26.0554 -105.985 0.0903983 0.387364 -0.917484
70.5561 24.7147 -106.41 0.0903812 0.387355 -0.91749
72.007 23.4013 -106.825 0.0843717 0.388575 -0.917546
73.5607 21.9944 -107.285 0.0770916 0.386998 -0.918852
74.2203 20.2711 -107.962 0.0725424 0.391465 -0.917329
73.3507 18.5295 -108.775 0.0716316 0.391453 -0.917406
72.2024 17.0258 -109.504 0.070485 0.390954 -0.917707
71.0138 15.5366 -110.229 0.0724439 0.389879 -0.918012
69.7647 13.965 -110.996 0.0729079 0.390047 -0.917904
68.5258 12.365 -111.774 0.0729303 0.390033 -0.917908
67.3961 10.8659 -112.5 0.0702051 0.388959 -0.918576
66.1787 9.42382 -113.196 0.0673169 0.386066 -0.920012
64.9286 8.01026 -113.881 0.0673031 0.386095 -0.92
63.6633 6.55691 -114.585 0.0672388 0.386923 -0.919657
62.3899 5.13494 -115.271 0.0618315 0.384596 -0.921012
61.1308 3.6783 -115.963 0.0582503 0.388785 -0.919485
59.6639 2.20514 -116.672 0.0473598 0.383385 -0.922373
61.2925 1.86861 -116.726 0.0517772 0.393884 -0.9177
63.3671 1.87518 -116.595 0.0609463 0.392803 -0.9176
65.3687 1.85338 -116.468 0.0626687 0.393076 -0.917368
67.396 1.86559 -116.324 0.0631294 0.393455 -0.917174
69.4112 1.90057 -116.16 0.0700819 0.391603 -0.917461
71.6037 1.91656 -115.986 0.0700862 0.39155 -0.917484
73.6994 1.89567 -115.835 0.0698851 0.391447 -0.917543
75.8703 1.83538 -115.695 0.0702633 0.391237 -0.917604
77.9371 1.84189 -115.539 0.0671421 0.391618 -0.917675
80.0438 1.83942 -115.382 0.0693814 0.391989 -0.91735
82.1374 1.87621 -115.208 0.0692878 0.392057 -0.917328
84.2342 1.88567 -115.047 0.0672466 0.3913 -0.917803
86.3782 1.87272 -114.907 0.058286 0.390546 -0.918736
88.4447 1.88724 -114.772 0.0571389 0.39406 -0.917307
90.5519 1.90138 -114.632 0.0594936 0.395329 -0.916611
92.6369 1.85889 -114.516 0.0567044 0.394318 -0.917223
94.627 1.92362 -114.377 0.0448786 0.394279 -0.917894
95.6388 3.51406 -113.644 0.0441047 0.394565 -0.917809
96.6161 5.23959 -112.855 0.0444195 0.394991 -0.917611
97.5309 6.91525 -112.081 0.0475501 0.399285 -0.915593
98.4664 8.74449 -111.239 0.0474616 0.393148 -0.91825
99.2905 10.4806 -110.46 0.0445816 0.389481 -0.919955
100.118 12.1888 -109.695 0.0444828 0.39153 -0.919089
101.018 13.9196 -108.903 0.0489104 0.397547 -0.916277
101.809 15.6461 -108.112 0.0489843 0.397001 -0.91651
102.626 17.3262 -107.341 0.0491633 0.396599 -0.916675
103.456 19.0892 -106.534 0.0477498 0.397301 -0.916445
103.042 20.7977 -105.813 0.0471646 0.402277 -0.914302
101.873 22.3309 -105.188 0.0596025 0.413591 -0.908508
100.52 23.9204 -104.571 0.0642531 0.404896 -0.912102
99.2646 25.4226 -103.993 0.0643802 0.405071 -0.912016
98.0007 26.9411 -103.407 0.0648384 0.405501 -0.911792
96.714 28.53 -102.792 0.0649307 0.405729 -0.911684
95.4062 30.0878 -102.192 0.0649064 0.405724 -0.911688
94.1372 31.6164 -101.602 0.0649275 0.405718 -0.911689
92.7937 33.2452 -100.973 0.0654607 0.405462 -0.911765
91.5459 34.8014 -100.373 0.0715337 0.406345 -0.910915
90.1977 36.3977 -99.7708 0.0746531 0.40396 -0.911725
88.8834 37.9871 -99.188 0.0792419 0.398256 -0.913845
87.6619 39.4842 -98.6415 0.0792367 0.398281 -0.913835
86.4247 40.9734 -98.0997 0.0792509 0.398282 -0.913833
85.147 42.5168 -97.5378 0.0791555 0.398177 -0.913887
83.9027 44.0194 -96.9897 0.0762477 0.397185 -0.914566
82.6044 45.6263 -96.3989 0.0742808 0.397109 -0.91476
81.274 47.1462 -95.8482 0.0757132 0.396466 -0.914922
79.9432 48.7205 -95.2765 0.0762945 0.396535 -0.914844
78.6406 50.1833 -94.7526 0.0792627 0.396681 -0.914527
77.23 51.6983 -94.2391 0.0945256 0.389134 -0.916319
75.872 53.144 -93.7649 0.0837552 0.394943 -0.914867
74.4803 54.684 -93.1938 0.0726115 0.417401 -0.905817
73.2166 56.1731 -92.6073 0.0732035 0.419426 -0.904833
71.8795 57.7151 -92.0007 0.0732306 0.41942 -0.904834
70.5438 59.2349 -91.4043 0.0732289 0.419414 -0.904837
69.303 60.7058 -90.8235 0.0751922 0.419048 -0.904845
67.9775 62.2721 -90.223 0.0962979 0.41726 -0.903671
66.6652 63.7772 -89.6896 0.107623 0.410727 -0.905384
65.2748 65.2806 -89.1694 0.107844 0.414288 -0.903734
63.8898 66.7363 -88.6666 0.107803 0.414682 -0.903558
62.5329 68.2509 -88.1334 0.107798 0.414684 -0.903558
61.1953 69.6738 -87.6389 0.105518 0.414545 -0.903891
59.902 71.1247 -87.1013 0.0832439 0.436909 -0.895645
58.5741 72.7024 -86.468 0.111428 0.432865 -0.894546
57.3071 74.216 -85.9122 0.122267 0.426353 -0.896256
55.9666 75.6776 -85.3949 0.116603 0.428402 -0.896033
54.4958 77.1392 -84.8804 0.114303 0.438004 -0.891676
53.0641 78.5204 -84.3803 0.114602 0.442542 -0.889395
51.6275 79.9237 -83.8671 0.114603 0.442544 -0.889393
50.0696 81.4403 -83.3137 0.11771 0.441782 -0.889363
48.6303 82.8156 -82.8396 0.137624 0.436662 -0.889036
47.0876 84.2001 -82.4157 0.144597 0.431402 -0.890497
45.5643 85.6 -81.9853 0.144751 0.431293 -0.890524
43.9797 86.9872 -81.571 0.14476 0.431293 -0.890523
42.3446 88.3965 -81.154 0.144304 0.431331 -0.890578
40.8726 89.7314 -80.7424 0.139866 0.430469 -0.891703
39.1706 90.9873 -80.4346 0.165328 0.416904 -0.893788
37.4214 91.948 -80.3174 0.168402 0.40824 -0.897207
35.6743 92.9171 -80.2069 0.169392 0.4069 -0.89763
33.8844 93.8919 -80.1028 0.169413 0.406877 -0.897636
32.0564 94.8933 -79.9937 0.168361 0.406465 -0.898021
30.278 95.8404 -79.8899 0.155776 0.40105 -0.902714
28.4619 96.7621 -79.7915 0.152473 0.401936 -0.902883
26.4716 97.4308 -79.8227 0.149337 0.404668 -0.902188
24.474 97.9016 -79.9758 0.180551 0.387573 -0.903961
22.5214 98.2724 -80.2299 0.194713 0.366342 -0.909879
20.3736 98.691 -80.5176 0.18803 0.361767 -0.91311
18.2354 98.7428 -80.9054 0.172802 0.355797 -0.918447
16.1912 98.6573 -81.3514 0.157526 0.333474 -0.929501
14.1845 98.6933 -81.6729 0.151881 0.339208 -0.928369
12.1941 98.7746 -81.9667 0.149324 0.342765 -0.927477
10.1886 98.8011 -82.2812 0.152537 0.341589 -0.927387
8.2852 98.4133 -82.7556 0.16397 0.340262 -0.925923
6.20855 97.9375 -83.2489 0.130541 0.311841 -0.941124
4.23193 97.6407 -83.5975 0.115173 0.31447 -0.942255
2.17459 97.3157 -83.9592 0.119415 0.309846 -0.943258
2.00828 95.4657 -84.5932 0.111038 0.320005 -0.940886
2.01907 93.47 -85.2825 0.106408 0.325032 -0.939698
2.02544 91.4005 -86.0144 0.105284 0.345981 -0.932315
2.02992 89.4429 -86.7395 0.103865 0.344917 -0.932869
2.01493 87.3607 -87.5078 0.101736 0.343376 -0.933672
2.02455 85.3508 -88.2452 0.102642 0.342327 -0.933958
2.02325 83.4201 -88.9529 0.102889 0.342251 -0.933958
2.01001 81.4638 -89.6702 0.100397 0.340413 -0.934901
2.0135 79.5743 -90.3558 0.0960618 0.340491 -0.935328
2.02084 77.5432 -91.0955 0.089685 0.341194 -0.935705
2.01371 76.1898 -91.5948 0.0836085 0.345129 -0.934824
7.84572 74.6131 -91.6792 0.0738123 0.358774 -0.930501
9.91397 74.5585 -91.5359 0.0741238 0.358876 -0.930437
12.0303 74.5018 -91.3895 0.0740724 0.359047 -0.930375
14.0367 74.4419 -91.2376 0.0873921 0.375444 -0.922716
16.0465 74.3752 -91.0707 0.0892187 0.378409 -0.921329
18.0793 74.3067 -90.902 0.0892157 0.378424 -0.921323
20.1449 74.2393 -90.7382 0.0837144 0.378573 -0.921778
22.1701 74.1732 -90.5802 0.0893823 0.382886 -0.919461
24.1947 74.0945 -90.3945 0.103343 0.395969 -0.91243
26.317 74.0004 -90.1754 0.113423 0.399929 -0.909501
28.4443 73.9057 -89.9571 0.110392 0.400907 -0.909443
30.5104 73.8124 -89.744 0.114339 0.408104 -0.905747
32.5521 73.7241 -89.5437 0.113569 0.413197 -0.903532
34.5881 73.6248 -89.3214 0.120282 0.414286 -0.902163
36.6588 73.5209 -89.0903 0.123127 0.418081 -0.900026
38.6713 73.4171 -88.8613 0.122897 0.419055 -0.899605
40.7919 73.3084 -88.6227 0.122806 0.418894 -0.899693
42.8011 73.2039 -88.3952 0.1252 0.421314 -0.898231
44.7914 73.0949 -88.1595 0.132727 0.429671 -0.893177
46.8163 72.9802 -87.913 0.133159 0.428479 -0.893686
48.8011 72.8708 -87.6782 0.121558 0.430143 -0.89454
50.8387 72.7676 -87.457 0.118799 0.430428 -0.894773
51.258 72.7464 -87.4115 0.118796 0.430428 -0.894773
54.027 69.5724 -88.5559 0.121004 0.415829 -0.901357
51.9371 69.6811 -88.7898 0.120491 0.418872 -0.900015
49.9478 69.7829 -89.0092 0.119041 0.42367 -0.89796
47.8579 69.89 -89.2405 0.127718 0.42693 -0.89522
45.7405 70.0034 -89.4856 0.122735 0.418857 -0.899719
43.6723 70.1096 -89.7157 0.120005 0.41807 -0.900454
41.6734 70.2103 -89.935 0.120386 0.416541 -0.901111
39.6166 70.3161 -90.1668 0.123601 0.415326 -0.901236
37.4565 70.4218 -90.3991 0.112642 0.411402 -0.904467
35.412 70.5231 -90.6235 0.121977 0.405633 -0.905861
33.3357 70.6271 -90.8548 0.117978 0.406383 -0.906054
31.3444 70.7184 -91.0597 0.106062 0.410844 -0.905515
29.3352 70.8029 -91.2506 0.101599 0.415056 -0.904105
27.3175 70.8851 -91.4384 0.0999049 0.411071 -0.906112
25.3175 70.9625 -91.6162 0.0913351 0.391077 -0.915815
23.1513 71.0348 -91.7839 0.0858223 0.386816 -0.918155
21.0606 71.1038 -91.9452 0.0858994 0.383976 -0.919339
19.0642 71.1683 -92.0982 0.0812164 0.38007 -0.921385
17.0129 71.2303 -92.2484 0.0759854 0.360188 -0.92978
14.964 71.2889 -92.3929 0.0756771 0.35903 -0.930253
12.903 71.3466 -92.5379 0.0748252 0.359279 -0.930226
10.8705 71.4016 -92.6785 0.0739637 0.359167 -0.930338
8.86349 71.4531 -92.8129 0.0655364 0.353809 -0.933019
7.87806 71.4751 -92.8713 0.0629301 0.352137 -0.93383
7.88096 68.3326 -94.0445 0.0543713 0.335971 -0.940302
9.973 68.2896 -93.9307 0.0607952 0.346645 -0.936024
12.0195 68.2415 -93.8066 0.0712143 0.357328 -0.93126
14.087 68.1848 -93.6637 0.0719428 0.364365 -0.928473
16.1165 68.1339 -93.5387 0.06208 0.376097 -0.924498
18.1506 68.0854 -93.4231 0.0613956 0.377057 -0.924153
20.1748 68.039 -93.3149 0.0557024 0.37837 -0.923977
22.2691 67.9775 -93.1722 0.0831061 0.393219 -0.915681
24.2888 67.9102 -93.0175 0.0840374 0.392991 -0.915694
26.4034 67.8362 -92.8489 0.0880775 0.391427 -0.915984
28.5059 67.761 -92.6789 0.0879218 0.39126 -0.916071
30.5171 67.6845 -92.5071 0.107778 0.395727 -0.912022
32.6166 67.5898 -92.2959 0.111187 0.400024 -0.909735
34.7141 67.4906 -92.0754 0.115362 0.408156 -0.905594
36.7238 67.3971 -91.8688 0.110414 0.412681 -0.904159
38.8133 67.301 -91.6575 0.111184 0.411593 -0.90456
40.8744 67.2004 -91.437 0.119109 0.417147 -0.901
42.9052 67.0986 -91.215 0.119457 0.417959 -0.900578
45.0243 66.9917 -90.9824 0.121465 0.418635 -0.899995
47.0569 66.8863 -90.7533 0.126399 0.416147 -0.90047
49.1423 66.7741 -90.5102 0.125168 0.414384 -0.901454
51.2683 66.663 -90.2692 0.123593 0.413942 -0.901874
53.3635 66.555 -90.0356 0.116994 0.416884 -0.901399
55.3631 66.4581 -89.826 0.114584 0.417749 -0.901308
56.7684 66.39 -89.6788 0.115166 0.417655 -0.901278
59.7082 63.1988 -90.7792 0.107928 0.409231 -0.906025
57.6914 63.2946 -90.9877 0.11894 0.412404 -0.903203
55.5873 63.3983 -91.2134 0.11677 0.41424 -0.902646
53.5342 63.4981 -91.4303 0.114719 0.417518 -0.901398
51.5399 63.5953 -91.6413 0.120133 0.414577 -0.90205
49.5513 63.6998 -91.8684 0.127729 0.415286 -0.900679
47.4717 63.8126 -92.1137 0.12846 0.414926 -0.900741
45.3541 63.9253 -92.3588 0.120504 0.41261 -0.902902
43.29 64.0244 -92.575 0.112486 0.406833 -0.90655
41.1534 64.1254 -92.7952 0.112607 0.406759 -0.906569
39.0453 64.2241 -93.0108 0.110999 0.406439 -0.90691
36.9146 64.323 -93.2274 0.111115 0.406397 -0.906915
34.9243 64.415 -93.4293 0.109538 0.405279 -0.907607
32.8512 64.5068 -93.6315 0.103959 0.404368 -0.908669
30.833 64.5894 -93.8133 0.0935556 0.394607 -0.914075
28.7993 64.6649 -93.9799 0.0864253 0.396846 -0.913807
26.7795 64.7367 -94.1397 0.0861457 0.395188 -0.914552
24.6425 64.8128 -94.3109 0.0869494 0.393136 -0.91536
22.5075 64.8799 -94.4629 0.0623122 0.379322 -0.923164
20.5052 64.9246 -94.5624 0.054897 0.376067 -0.924965
18.3928 64.9744 -94.6762 0.0613838 0.377026 -0.924166
16.2826 65.0248 -94.7938 0.0539507 0.370832 -0.927132
15.0494 65.0499 -94.8526 0.0447 0.351289 -0.9352
25.5288 61.6934 -95.5515 0.0720079 0.378826 -0.922662
27.5949 61.6283 -95.4099 0.0851909 0.390351 -0.916716
29.798 61.5471 -95.2327 0.0936717 0.396532 -0.91323
31.8508 61.4664 -95.0569 0.094781 0.398204 -0.912387
33.8913 61.3865 -94.8833 0.0931431 0.400718 -0.911454
36.0045 61.2988 -94.693 0.10978 0.405018 -0.907694
38.1325 61.2 -94.4778 0.110943 0.406343 -0.90696
40.2768 61.0999 -94.2602 0.111041 0.40644 -0.906905
42.2969 61.0047 -94.0533 0.112752 0.406658 -0.906596
44.3032 60.9086 -93.8442 0.115221 0.405006 -0.907025
46.3658 60.8083 -93.6259 0.118061 0.406413 -0.90603
48.4135 60.7014 -93.3922 0.126043 0.407691 -0.904379
50.5082 60.5917 -93.1529 0.119349 0.409899 -0.904289
52.5564 60.4916 -92.9345 0.115698 0.411752 -0.903922
54.6579 60.3886 -92.71 0.117074 0.41302 -0.903166
56.6779 60.2882 -92.4906 0.120586 0.410977 -0.903635
58.7857 60.1821 -92.2586 0.118097 0.410422 -0.904216
60.8054 60.0884 -92.0539 0.107984 0.409401 -0.905942
62.5281 60.0105 -91.8841 0.107808 0.409351 -0.905985
65.2331 56.8381 -93.0205 0.0940254 0.417915 -0.903607
63.2283 56.9195 -93.1988 0.103193 0.410161 -0.906156
61.2107 57.0096 -93.3967 0.107832 0.40933 -0.905992
59.2097 57.1027 -93.6013 0.117896 0.409153 -0.904817
57.1199 57.2079 -93.8322 0.120001 0.410305 -0.904018
55.0882 57.3075 -94.0505 0.11405 0.404568 -0.907368
53.0421 57.4082 -94.2719 0.116416 0.406894 -0.906027
50.8905 57.513 -94.5018 0.115224 0.411033 -0.904309
48.8483 57.6141 -94.7235 0.125432 0.407899 -0.90437
46.7956 57.7182 -94.9513 0.115394 0.404914 -0.907044
44.8087 57.8145 -95.1611 0.115375 0.404885 -0.907059
42.8087 57.9117 -95.3719 0.114982 0.404515 -0.907274
40.7798 58.0083 -95.5811 0.110864 0.404097 -0.907973
38.7725 58.1018 -95.7833 0.110056 0.404785 -0.907765
36.6721 58.1995 -95.9943 0.107536 0.404336 -0.908267
34.6761 58.2828 -96.1722 0.0926178 0.401833 -0.911017
32.6517 58.3626 -96.3428 0.091493 0.400622 -0.911664
32.1344 58.3826 -96.3854 0.0899177 0.397855 -0.913031
37.8603 55.075 -97.2429 0.110557 0.40441 -0.907871
39.8737 54.9797 -97.0388 0.111382 0.403574 -0.908142
41.8912 54.8845 -96.8337 0.111385 0.403599 -0.908131
43.8809 54.7892 -96.6277 0.115095 0.404369 -0.907325
45.8775 54.6924 -96.4175 0.115092 0.404359 -0.90733
47.9752 54.5913 -96.1963 0.116077 0.404819 -0.907
50.1198 54.4839 -95.9608 0.121289 0.402307 -0.907435
52.2209 54.378 -95.7269 0.121299 0.402297 -0.907438
54.3188 54.2745 -95.4979 0.113236 0.404465 -0.907516
56.3647 54.1785 -95.2856 0.113094 0.40434 -0.90759
58.4245 54.0817 -95.0716 0.114576 0.40586 -0.906725
60.4755 53.9833 -94.8537 0.114072 0.409562 -0.905122
62.5985 53.8939 -94.6562 0.0940953 0.417517 -0.903784
64.6575 53.8138 -94.4788 0.0949058 0.416094 -0.904355
66.6928 53.734 -94.302 0.0980299 0.413451 -0.905234
68.0287 53.6815 -94.1858 0.0888421 0.411034 -0.907281
70.6949 50.5324 -95.3625 0.0750919 0.405767 -0.910887
68.6803 50.5942 -95.5015 0.0770761 0.404791 -0.911155
66.6445 50.6679 -95.6667 0.0971874 0.402363 -0.910307
64.639 50.748 -95.846 0.0974961 0.402134 -0.910375
62.5064 50.8334 -96.0366 0.0973525 0.402175 -0.910372
60.4257 50.9161 -96.221 0.0975488 0.400168 -0.911235
58.4374 51.0094 -96.4292 0.118441 0.394361 -0.911291
56.3078 51.1119 -96.6587 0.114894 0.403008 -0.907956
54.1888 51.2108 -96.879 0.113178 0.404307 -0.907594
52.1444 51.3093 -97.0978 0.120522 0.402745 -0.907343
50.0078 51.4171 -97.3369 0.122939 0.403012 -0.9069
48.0071 51.5174 -97.5583 0.118296 0.40321 -0.907429
46.009 51.6148 -97.7724 0.11532 0.404183 -0.90738
44.0156 51.7111 -97.982 0.114012 0.40376 -0.907733
43.3031 51.745 -98.0557 0.111937 0.403624 -0.908052
48.9381 48.3979 -98.8219 0.119522 0.402631 -0.907525
51.0833 48.2894 -98.58 0.123646 0.401238 -0.90759
53.0965 48.1871 -98.3509 0.121082 0.394186 -0.911019
55.1016 48.0875 -98.1279 0.120831 0.392026 -0.911984
57.1049 47.9885 -97.9051 0.120811 0.392093 -0.911958
59.1282 47.8931 -97.6894 0.101194 0.401422 -0.910286
61.1487 47.8138 -97.5106 0.0958739 0.401213 -0.910954
63.1502 47.7356 -97.3343 0.0960247 0.401336 -0.910883
65.1419 47.6573 -97.1575 0.0974455 0.402033 -0.910425
67.2248 47.5763 -96.9743 0.0866773 0.404519 -0.910413
69.343 47.5083 -96.8204 0.0772523 0.404084 -0.911454
71.3963 47.4369 -96.6579 0.0947575 0.390003 -0.915925
73.406 47.3608 -96.4847 0.0931905 0.392053 -0.915211
73.7175 47.3491 -96.458 0.0930312 0.392179 -0.915173
76.3686 44.1697 -97.5596 0.0828946 0.396317 -0.914364
74.1828 44.2484 -97.7395 0.0929884 0.392139 -0.915194
72.1499 44.3241 -97.9137 0.0930535 0.39217 -0.915174
70.0318 44.4032 -98.0952 0.0930477 0.392178 -0.915171
67.9318 44.4814 -98.2741 0.0916323 0.395433 -0.913912
65.8403 44.5586 -98.4504 0.0958206 0.401219 -0.910956
63.8457 44.6357 -98.6265 0.0958828 0.401199 -0.910959
61.8326 44.7135 -98.8041 0.0958911 0.401219 -0.910949
59.7118 44.7955 -98.9912 0.095875 0.401218 -0.910951
57.6846 44.8759 -99.1743 0.109817 0.398472 -0.910582
55.5783 44.9762 -99.4022 0.120845 0.392025 -0.911983
54.5875 45.0249 -99.5126 0.120838 0.392012 -0.911989
58.8077 41.7556 -100.425 0.0958982 0.401233 -0.910942
60.9229 41.6746 -100.238 0.0960246 0.401162 -0.91096
62.9731 41.5956 -100.056 0.0971071 0.398856 -0.911857
65.1751 41.5071 -99.8514 0.104042 0.392258 -0.913952
67.1954 41.4251 -99.6623 0.0952004 0.39219 -0.914945
69.2346 41.3483 -99.4854 0.093365 0.392238 -0.915113
71.3591 41.2695 -99.3031 0.0930422 0.392187 -0.915168
73.3589 41.1953 -99.1316 0.0929731 0.392145 -0.915193
75.3758 41.1239 -98.967 0.0818565 0.396075 -0.914562
77.5757 41.0528 -98.8037 0.0804773 0.396438 -0.914527
79.1204 41.0035 -98.6906 0.0780499 0.395772 -0.915026
81.725 37.8489 -99.8456 0.0740567 0.397052 -0.914804
79.7255 37.9082 -99.9821 0.074944 0.396158 -0.915119
77.6415 37.9735 -100.133 0.0804963 0.396433 -0.914528
75.5329 38.0411 -100.289 0.0805038 0.39641 -0.914537
73.5126 38.1066 -100.441 0.0882995 0.395471 -0.914224
71.4793 38.1811 -100.614 0.0930551 0.392169 -0.915174
69.4531 38.2564 -100.79 0.0945167 0.392983 -0.914675
67.4334 38.3323 -100.967 0.0949079 0.393035 -0.914613
65.3294 38.4143 -101.158 0.105314 0.391291 -0.914221
63.321 38.4981 -101.353 0.105055 0.39145 -0.914183
62.8174 38.519 -101.402 0.105155 0.391693 -0.914067
66.8408 35.2707 -102.344 0.0946653 0.392734 -0.914767
68.9079 35.1938 -102.162 0.0953232 0.391154 -0.915375
71.1034 35.1119 -101.969 0.0953791 0.392668 -0.914721
73.1382 35.0398 -101.8 0.0817612 0.39443 -0.915282
75.2243 34.9723 -101.642 0.0825093 0.392663 -0.915974
77.3221 34.9039 -101.483 0.0824261 0.392267 -0.916151
79.4112 34.8382 -101.33 0.0733859 0.394569 -0.915931
81.443 34.7799 -101.195 0.0731653 0.394618 -0.915928
83.4696 34.7207 -101.059 0.0731506 0.39465 -0.915915
84.3106 34.696 -101.002 0.0732094 0.394753 -0.915866
86.9834 31.5418 -102.155 0.0644939 0.396159 -0.915914
84.8846 31.6009 -102.29 0.0731007 0.39466 -0.915915
82.8674 31.6598 -102.426 0.073066 0.394463 -0.916003
80.8493 31.7171 -102.559 0.0704249 0.393459 -0.916641
78.7949 31.775 -102.694 0.0742492 0.392867 -0.916593
76.7786 31.8394 -102.844 0.0824461 0.392282 -0.916143
74.5643 31.9107 -103.012 0.0802032 0.391038 -0.916873
72.4965 31.9738 -103.161 0.080566 0.384973 -0.919405
70.7605 32.033 -103.301 0.0913206 0.387367 -0.917391
74.271 28.8318 -104.339 0.0755785 0.388028 -0.918544
76.3876 28.7692 -104.191 0.0760525 0.388609 -0.918259
78.4002 28.7061 -104.042 0.0759736 0.393487 -0.916186
80.4423 28.6485 -103.907 0.070428 0.393392 -0.916669
82.4486 28.5926 -103.777 0.0704367 0.393393 -0.916668
84.5623 28.5327 -103.638 0.0729522 0.394425 -0.916028
86.5856 28.4767 -103.509 0.0649308 0.39604 -0.915935
88.6303 28.4239 -103.387 0.0644881 0.39613 -0.915927
89.5582 28.3999 -103.332 0.0645713 0.396166 -0.915905
92.0293 25.2643 -104.522 0.056947 0.395594 -0.916658
90.0173 25.3127 -104.633 0.0645424 0.395086 -0.916374
87.959 25.3659 -104.756 0.0648172 0.394943 -0.916416
85.8752 25.4193 -104.879 0.0646395 0.393706 -0.916961
83.8128 25.4749 -105.008 0.0701321 0.390584 -0.917892
81.8038 25.5305 -105.138 0.070122 0.39057 -0.917899
79.7615 25.5868 -105.27 0.0699041 0.390429 -0.917975
77.7642 25.6421 -105.4 0.0733079 0.389393 -0.91815
79.635 22.5068 -106.588 0.0690959 0.389969 -0.918232
81.7229 22.4501 -106.455 0.0696365 0.39037 -0.918021
83.8376 22.3923 -106.32 0.0664392 0.391854 -0.917625
85.9492 22.3379 -106.193 0.0649753 0.392759 -0.917343
87.9643 22.2872 -106.075 0.0618737 0.391291 -0.918185
90.0053 22.2369 -105.958 0.0635714 0.392627 -0.917498
92.0541 22.1857 -105.84 0.0596151 0.392098 -0.91799
94.1041 22.1399 -105.735 0.0549287 0.393107 -0.917851
94.5602 22.1299 -105.712 0.0548302 0.393444 -0.917712
96.9223 19.006 -106.924 0.0504327 0.395561 -0.917054
94.8487 19.0491 -107.023 0.0528904 0.395822 -0.916803
92.7984 19.092 -107.123 0.0541623 0.394861 -0.917143
90.5965 19.1436 -107.242 0.0615398 0.393592 -0.917223
88.4733 19.1949 -107.361 0.0608304 0.392674 -0.917664
86.3821 19.2474 -107.484 0.0650212 0.391936 -0.917692
84.295 19.3009 -107.609 0.0651169 0.39198 -0.917667
82.2948 19.3531 -107.731 0.067305 0.392397 -0.91733
80.1373 19.4111 -107.868 0.0691292 0.391618 -0.917527
79.9009 19.4175 -107.883 0.0691269 0.391605 -0.917533
78.8948 16.3652 -109.263 0.0721415 0.391821 -0.917209
81.0087 16.3081 -109.129 0.0668311 0.392854 -0.917169
83.1176 16.2529 -108.999 0.0668241 0.392917 -0.917143
85.2128 16.1979 -108.87 0.0664533 0.392719 -0.917255
87.3484 16.1429 -108.741 0.0640189 0.391888 -0.917783
89.4319 16.0931 -108.625 0.059103 0.392189 -0.917984
91.4348 16.0463 -108.515 0.0579823 0.394141 -0.917219
93.4629 16.0032 -108.415 0.0518903 0.394713 -0.917338
95.5337 15.9608 -108.316 0.0517991 0.394538 -0.917418
93.9563 12.9153 -109.709 0.0520224 0.392251 -0.918386
91.8195 12.9599 -109.813 0.0560967 0.391942 -0.918278
89.6978 13.0082 -109.926 0.0586031 0.392932 -0.917698
87.6474 13.0562 -110.039 0.0629898 0.391413 -0.918057
85.5356 13.1101 -110.166 0.0657546 0.389486 -0.918682
83.395 13.1652 -110.295 0.0655219 0.388936 -0.918932
81.3066 13.2191 -110.422 0.066315 0.389628 -0.918582
79.2424 13.2753 -110.555 0.071958 0.391301 -0.917445
77.2097 13.3327 -110.69 0.0720573 0.391464 -0.917368
76.7044 13.347 -110.723 0.0718315 0.391511 -0.917365
74.3092 10.3324 -112.193 0.0703921 0.390754 -0.9178
76.4008 10.2746 -112.056 0.0705652 0.390993 -0.917685
78.475 10.2169 -111.92 0.0720736 0.392359 -0.916984
80.4861 10.1602 -111.787 0.0713736 0.393602 -0.916506
82.5424 10.1046 -111.655 0.0665387 0.391718 -0.917676
84.5743 10.0527 -111.533 0.0633101 0.392789 -0.917447
86.6381 10.0029 -111.415 0.0614871 0.393472 -0.917278
88.6631 9.95459 -111.301 0.05975 0.393338 -0.917451
90.6839 9.90789 -111.191 0.0591026 0.392979 -0.917646
92.4912 9.86731 -111.096 0.0554554 0.392944 -0.917889
75.6647 7.21395 -113.418 0.0705278 0.391199 -0.917599
75.5983 7.21579 -113.422 0.0705544 0.391193 -0.9176
73.1708 7.28221 -113.579 0.0693928 0.391125 -0.917718
72.6957 7.29511 -113.609 0.0693606 0.391095 -0.917733
48.0226 75.9438 -86.3115 0.129328 0.430732 -0.893165
45.9826 76.0564 -86.5515 0.127598 0.434728 -0.891476
43.9709 76.171 -86.7968 0.13709 0.430316 -0.892208
41.8373 76.2903 -87.0547 0.129533 0.430087 -0.893446
39.7695 76.403 -87.3002 0.129466 0.430023 -0.893487
37.7744 76.5114 -87.5377 0.129972 0.424488 -0.896056
35.7572 76.6174 -87.7727 0.12524 0.419874 -0.8989
33.6106 76.7281 -88.0202 0.125136 0.419289 -0.899187
31.5644 76.8299 -88.2497 0.118886 0.408021 -0.905199
29.4901 76.9303 -88.4789 0.120127 0.405661 -0.906095
27.4792 77.0257 -88.6983 0.115548 0.401954 -0.90834
25.3304 77.1239 -88.9271 0.115274 0.398201 -0.910026
23.1692 77.219 -89.1518 0.107997 0.396017 -0.91187
21.0323 77.3064 -89.3609 0.104551 0.397063 -0.911817
18.9394 77.3858 -89.5538 0.0927285 0.381952 -0.919518
16.888 77.4573 -89.7301 0.0956561 0.369959 -0.924111
14.8417 77.531 -89.9143 0.0968382 0.3686 -0.92453
12.8278 77.6029 -90.0966 0.0968647 0.368536 -0.924553
10.6919 77.6724 -90.2754 0.077587 0.359709 -0.929833
8.66113 77.7263 -90.4161 0.0738802 0.358128 -0.930745
7.83891 77.7484 -90.4745 0.0800111 0.355707 -0.931166
7.818 80.8911 -89.283 0.0928058 0.350675 -0.931887
9.89289 80.8278 -89.1163 0.0922933 0.367999 -0.925235
11.9221 80.7574 -88.9327 0.0982315 0.370379 -0.923672
13.9991 80.6827 -88.7406 0.0991361 0.374196 -0.922035
16.0727 80.6067 -88.5483 0.0992374 0.374444 -0.921924
18.1772 80.5239 -88.3427 0.117801 0.379225 -0.917775
20.2181 80.4307 -88.115 0.1142 0.384475 -0.916044
22.4246 80.3405 -87.8961 0.106962 0.39184 -0.913795
24.444 80.252 -87.6848 0.116606 0.393204 -0.912027
26.4308 80.1604 -87.4687 0.121212 0.394379 -0.910919
28.4684 80.0548 -87.2236 0.126463 0.400606 -0.907481
30.5297 79.9528 -86.9892 0.127571 0.410345 -0.902963
32.6253 79.8352 -86.7228 0.139574 0.41258 -0.900165
34.7634 79.7177 -86.4591 0.126913 0.420799 -0.898232
36.7629 79.6129 -86.2261 0.130731 0.419712 -0.898193
38.9112 79.4898 -85.9558 0.138601 0.422487 -0.895709
40.9691 79.3716 -85.6982 0.131736 0.426906 -0.894649
43.0933 79.2545 -85.4451 0.130601 0.430334 -0.893172
44.7094 79.1598 -85.2426 0.139681 0.429698 -0.892104
41.1339 82.4065 -84.2343 0.138216 0.426784 -0.893729
39.1453 82.5233 -84.4879 0.138856 0.423877 -0.895013
37.1481 82.6395 -84.7425 0.13809 0.423547 -0.895287
35.1583 82.7522 -84.9919 0.139466 0.413387 -0.899811
33.1138 82.87 -85.2556 0.139949 0.411925 -0.900407
31.1099 82.9849 -85.5152 0.140297 0.411478 -0.900557
29.12 83.0995 -85.7772 0.139163 0.401716 -0.905129
27.0277 83.2092 -86.0311 0.129385 0.404821 -0.905196
25.013 83.3101 -86.2696 0.126479 0.405162 -0.905454
22.9622 83.4098 -86.5092 0.126523 0.395725 -0.909612
20.9564 83.5029 -86.7341 0.121282 0.380915 -0.916621
18.9031 83.598 -86.9669 0.121643 0.381319 -0.916405
16.9145 83.689 -87.1923 0.1181 0.380494 -0.917212
14.7734 83.7722 -87.403 0.0998099 0.373167 -0.92238
12.6836 83.8511 -87.6061 0.109248 0.357762 -0.9274
10.5784 83.9343 -87.8226 0.110072 0.354235 -0.928656
8.5162 84.0178 -88.0427 0.111457 0.35021 -0.930016
7.87621 84.042 -88.1072 0.103475 0.347361 -0.932005
7.82903 87.1939 -86.9279 0.113635 0.349485 -0.930025
9.90729 87.1083 -86.6996 0.117158 0.351637 -0.928776
12.0846 87.0203 -86.4669 0.110051 0.354233 -0.928659
14.1397 86.9357 -86.2467 0.126046 0.36479 -0.922519
16.2493 86.8344 -85.9878 0.126569 0.375521 -0.918131
18.2986 86.7409 -85.7524 0.120915 0.376809 -0.918365
20.3233 86.6483 -85.5226 0.126542 0.379429 -0.916527
22.3312 86.5416 -85.2623 0.141374 0.388685 -0.91046
24.3742 86.4334 -85.001 0.134328 0.39038 -0.910801
26.4221 86.323 -84.7385 0.14296 0.397817 -0.906258
28.4296 86.2172 -84.4903 0.134753 0.403143 -0.905161
30.4913 86.0922 -84.2039 0.15302 0.405563 -0.901168
32.5106 85.9727 -83.9327 0.140427 0.411243 -0.900644
34.5257 85.8563 -83.6714 0.147211 0.412579 -0.898948
36.5441 85.7244 -83.3799 0.166452 0.417042 -0.893515
37.374 85.6685 -83.2573 0.15122 0.42158 -0.894093
31.5698 89.1044 -82.6658 0.152874 0.405446 -0.901245
29.5755 89.2281 -82.9491 0.153231 0.404882 -0.901438
27.4455 89.3558 -83.2445 0.144688 0.397742 -0.906017
25.4647 89.469 -83.5122 0.145396 0.396371 -0.906504
23.4712 89.5836 -83.7869 0.147407 0.391335 -0.908366
21.4655 89.6933 -84.0548 0.143247 0.388092 -0.91042
19.4528 89.8026 -84.325 0.14249 0.38818 -0.910501
17.3987 89.9019 -84.5751 0.123638 0.374448 -0.918968
15.2739 90.0046 -84.8377 0.133615 0.372257 -0.918462
13.1934 90.1077 -85.1069 0.13718 0.35926 -0.9231
11.1183 90.2092 -85.3753 0.127554 0.349733 -0.928125
9.0656 90.2929 -85.6009 0.11524 0.349885 -0.929677
7.8366 90.3429 -85.7362 0.116852 0.351213 -0.928975
14.5891 93.1854 -83.7071 0.145002 0.357186 -0.922709
16.614 93.0773 -83.425 0.149306 0.362193 -0.920068
18.7634 92.9525 -83.1063 0.153085 0.371087 -0.915893
20.8051 92.8408 -82.8258 0.145184 0.383264 -0.912157
22.6184 92.7351 -82.5654 0.162896 0.392486 -0.905218
22.7986 92.7238 -82.5379 0.160424 0.392033 -0.905855
