-30.828 12.2562 -139.346 0.845552 0.176261 -0.503958
-29.8411 12.4409 -137.617 0.846289 0.182079 -0.500636
-28.8307 12.4803 -135.883 0.843506 0.204809 -0.49653
-27.827 12.0792 -134.388 0.8332 0.203774 -0.514057
-27.3721 10.0955 -134.433 0.831818 0.199575 -0.517928
-26.953 8.10579 -134.524 0.822622 0.196377 -0.5336
-27.8398 7.63001 -136.064 0.829092 0.186953 -0.52693
-28.8996 7.66089 -137.776 0.838375 0.188542 -0.511447
-29.9405 7.79411 -139.434 0.838541 0.188157 -0.511318
-30.3897 9.80805 -139.464 0.845396 0.17566 -0.50443
-30.7897 11.9235 -139.397 0.845406 0.175844 -0.504349
-30.8156 12.1577 -139.359 0.845459 0.175737 -0.504298
-33.4523 11.8376 -143.659 0.842164 0.129163 -0.523524
-33.6166 13.8714 -143.575 0.866048 0.0728438 -0.494625
-33.7485 15.9239 -143.497 0.86677 0.0796566 -0.492306
-33.595 17.4478 -142.803 0.89031 0.152994 -0.428882
-32.6691 17.3975 -140.874 0.892312 0.157515 -0.423048
-31.7927 17.3988 -139.037 0.882667 0.172475 -0.437208
-30.7626 17.4148 -137.119 0.856032 0.204131 -0.474911
-29.7465 17.411 -135.363 0.83208 0.210497 -0.513161
-28.6579 17.4242 -133.601 0.831547 0.205681 -0.51597
-27.5076 17.4056 -131.754 0.831619 0.205551 -0.515906
-26.416 17.3663 -130.005 0.833447 0.203517 -0.513757
-25.8934 15.4653 -129.911 0.83334 0.203648 -0.513878
-25.4228 13.3589 -129.982 0.833335 0.203655 -0.513885
-24.9638 11.3903 -130.018 0.831917 0.205194 -0.51556
-24.5433 9.43034 -130.12 0.826441 0.214025 -0.520757
-24.0535 7.35679 -130.175 0.815828 0.206718 -0.540086
-23.5649 5.28692 -130.254 0.799008 0.209661 -0.563585
-22.9958 3.21529 -130.24 0.782838 0.223641 -0.58061
-23.7097 2.61026 -131.482 0.808201 0.208307 -0.550835
-24.8075 2.6072 -133.21 0.823212 0.189323 -0.535237
-25.9556 2.60875 -134.96 0.820544 0.191081 -0.538698
-27.0874 2.62359 -136.685 0.8289 0.192026 -0.525406
-28.157 2.6192 -138.417 0.838509 0.188634 -0.511194
-29.2096 2.60213 -140.176 0.844385 0.207843 -0.493777
-30.2659 2.62213 -141.973 0.84412 0.20689 -0.49463
-31.3043 2.58196 -143.726 0.836984 0.206577 -0.506738
-31.868 4.37293 -143.912 0.831312 0.211156 -0.514133
-32.3672 6.51982 -143.825 0.82768 0.20612 -0.52197
-32.8336 8.60579 -143.781 0.822073 0.186588 -0.537928
-33.2192 10.6039 -143.689 0.820696 0.18271 -0.541365
-33.4188 11.6124 -143.661 0.833236 0.14915 -0.531905
-33.4345 11.7159 -143.661 0.842162 0.129179 -0.523523
