5.55415 71.4846 -98.0833 0.0516732 0.317705 -0.94678
5.62704 73.4428 -97.3913 0.0695994 0.339513 -0.938023
5.62808 75.3473 -96.703 0.0709499 0.33736 -0.938698
5.6074 77.2834 -96.0113 0.0813499 0.334132 -0.939009
5.61804 79.2385 -95.3197 0.0872151 0.331484 -0.939421
5.60552 81.1807 -94.6218 0.0950467 0.343646 -0.934277
5.58788 83.1619 -93.8939 0.0957817 0.344332 -0.933949
7.2745 83.7909 -93.4889 0.0958473 0.344622 -0.933836
9.3422 84.043 -93.1833 0.0975367 0.345199 -0.933447
11.3129 84.3295 -92.865 0.101983 0.355274 -0.929182
13.4575 84.0789 -92.7328 0.0987368 0.362311 -0.92681
15.6212 83.7563 -92.6313 0.0974598 0.371235 -0.92341
17.7024 83.4296 -92.5434 0.0972601 0.371152 -0.923464
19.8497 83.2205 -92.3954 0.105967 0.372703 -0.921877
21.8193 82.826 -92.3236 0.103112 0.375119 -0.921224
23.8414 82.2112 -92.3612 0.0976869 0.384976 -0.917742
25.8271 81.476 -92.4418 0.108886 0.388988 -0.914785
27.7309 80.7349 -92.5345 0.112814 0.392493 -0.91281
29.6821 80.0244 -92.6034 0.109324 0.404162 -0.908131
31.5124 79.1341 -92.7786 0.108034 0.405546 -0.907668
33.1642 77.9408 -93.1143 0.115044 0.411491 -0.904123
34.9044 76.7284 -93.4452 0.112824 0.41368 -0.903405
36.6974 75.5155 -93.7762 0.112921 0.412705 -0.903838
38.4288 74.3747 -94.0748 0.111728 0.406822 -0.906649
40.1667 73.138 -94.4293 0.108295 0.411821 -0.904807
41.8126 72.0249 -94.7326 0.113367 0.413306 -0.903508
43.4377 70.8988 -95.0425 0.114712 0.413283 -0.903348
45.0011 69.6768 -95.4072 0.113054 0.415014 -0.902764
46.5106 68.2684 -95.8656 0.113047 0.415013 -0.902765
47.9594 66.9352 -96.2971 0.113053 0.41501 -0.902766
49.4506 65.5397 -96.7528 0.110318 0.414137 -0.903504
50.918 64.2155 -97.1748 0.111249 0.405754 -0.907187
52.3981 62.859 -97.5957 0.112111 0.403892 -0.907911
53.8223 61.465 -98.0427 0.10451 0.405371 -0.908159
55.3002 60.1095 -98.4832 0.10227 0.407745 -0.907351
56.6977 58.7017 -98.9599 0.095584 0.400694 -0.91121
58.2369 57.3158 -99.4116 0.0895656 0.396517 -0.913648
59.7088 56.0112 -99.834 0.0893603 0.396908 -0.913498
61.1907 54.6071 -100.299 0.0894158 0.396816 -0.913533
62.5813 53.2267 -100.762 0.0894682 0.396608 -0.913618
63.9234 51.7252 -101.274 0.0915447 0.389013 -0.916673
65.2699 50.2722 -101.755 0.0914097 0.388592 -0.916865
66.6722 48.8471 -102.222 0.0893534 0.388254 -0.91721
68.0503 47.381 -102.7 0.0943996 0.386298 -0.917531
69.3948 45.9304 -103.173 0.095346 0.388034 -0.9167
70.7814 44.4952 -103.639 0.0948413 0.3899 -0.91596
72.2701 43.0221 -104.112 0.0948635 0.3899 -0.915958
73.6244 41.5711 -104.59 0.0948453 0.389899 -0.91596
75.0459 39.9955 -105.117 0.0909534 0.392154 -0.91539
76.4302 38.5621 -105.614 0.080043 0.395891 -0.914802
77.7112 37.0269 -106.165 0.0802618 0.394389 -0.915432
79.0169 35.5952 -106.666 0.0787125 0.391921 -0.916625
80.3691 34.1658 -107.165 0.0749977 0.391695 -0.917033
81.6819 32.644 -107.706 0.0770444 0.389969 -0.917599
83.0218 31.1825 -108.211 0.0790664 0.390307 -0.917283
84.466 29.8637 -108.654 0.0775823 0.395027 -0.915388
85.8827 28.3922 -109.169 0.0775742 0.395021 -0.915391
87.244 26.7987 -109.741 0.0768126 0.395161 -0.915395
88.505 25.3245 -110.281 0.0656486 0.398825 -0.914673
89.7428 23.765 -110.873 0.0639171 0.39739 -0.915421
91.1508 22.1976 -111.452 0.0645532 0.394054 -0.916818
92.4827 20.5718 -112.055 0.0642493 0.392228 -0.917622
93.0436 18.9429 -112.714 0.0611262 0.393491 -0.917294
92.1314 17.2207 -113.513 0.0619105 0.392443 -0.91769
91.2887 15.5698 -114.276 0.0618867 0.392068 -0.917852
90.2702 13.8749 -115.066 0.0607395 0.391032 -0.918371
89.354 12.1517 -115.86 0.0606677 0.390932 -0.918418
88.418 10.4687 -116.638 0.0618656 0.390918 -0.918344
87.3849 8.83697 -117.403 0.0625501 0.390643 -0.918415
86.41 7.25472 -118.143 0.0630366 0.390943 -0.918254
85.3943 5.62624 -118.907 0.0651135 0.390469 -0.91831
83.5679 5.19715 -119.222 0.0681562 0.390578 -0.918043
81.4615 5.18073 -119.39 0.0707781 0.390493 -0.917881
79.4259 5.20268 -119.538 0.0708467 0.390406 -0.917913
77.3398 5.17796 -119.709 0.0711635 0.391389 -0.91747
75.2371 5.14505 -119.888 0.072579 0.392202 -0.917011
73.23 5.16041 -120.039 0.0700994 0.394048 -0.916413
71.2221 5.15842 -120.193 0.0702354 0.393531 -0.916624
69.181 5.17625 -120.337 0.0636071 0.394495 -0.916694
67.1477 5.16051 -120.483 0.0630631 0.396945 -0.915673
65.1009 5.11191 -120.644 0.0614597 0.396105 -0.916145
62.9165 5.14345 -120.761 0.0464794 0.387733 -0.920599
60.8703 5.17939 -120.849 0.0462946 0.387571 -0.920676
58.7716 5.17277 -120.964 0.052397 0.384645 -0.921576
56.6745 5.25239 -121.05 0.0509573 0.384098 -0.921885
54.6251 5.23993 -121.164 0.0501893 0.382333 -0.922661
55.741 6.58916 -120.545 0.0499763 0.383549 -0.922167
57.1415 7.93447 -119.907 0.0527995 0.382143 -0.922593
58.5383 9.31595 -119.256 0.0537149 0.3805 -0.92322
60.0532 10.7378 -118.583 0.0527052 0.379302 -0.92377
61.3755 12.1605 -117.907 0.065597 0.383613 -0.921161
62.7346 13.5134 -117.246 0.0654482 0.383487 -0.921224
64.0929 14.9962 -116.533 0.0628983 0.384838 -0.920839
65.4389 16.5482 -115.792 0.0642631 0.382571 -0.921689
66.454 18.226 -115.024 0.0664305 0.383549 -0.921128
66.9518 20.1889 -114.167 0.0686868 0.384914 -0.920393
66.6301 22.1775 -113.368 0.0726484 0.380012 -0.922124
65.6107 23.8677 -112.752 0.0726754 0.380486 -0.921927
64.1537 25.2684 -112.285 0.063991 0.374796 -0.924896
62.5808 26.5084 -111.916 0.0836599 0.373171 -0.923983
60.9682 27.8104 -111.532 0.0828408 0.376651 -0.922644
59.3748 29.0768 -111.158 0.0828023 0.376679 -0.922636
57.7042 30.2797 -110.817 0.0827978 0.376652 -0.922647
55.9935 31.5372 -110.456 0.0803465 0.377041 -0.922705
54.2641 32.7328 -110.114 0.0784972 0.37585 -0.923349
52.5261 33.7611 -109.854 0.0835161 0.373221 -0.923976
50.7452 34.8423 -109.579 0.0842155 0.371157 -0.924743
48.9668 35.8931 -109.32 0.0842393 0.370091 -0.925168
47.2808 36.9999 -109.029 0.0816805 0.369041 -0.925817
45.6177 38.1558 -108.715 0.0845138 0.366942 -0.926397
43.7811 39.3704 -108.409 0.0845389 0.375206 -0.923075
42.0592 40.4416 -108.126 0.0842637 0.380321 -0.921008
40.3153 41.4487 -107.87 0.0842518 0.380325 -0.921007
38.4567 42.3081 -107.684 0.079518 0.380626 -0.921297
36.5529 43.2152 -107.443 0.0569596 0.382877 -0.922042
34.6708 44.159 -107.165 0.0550453 0.384126 -0.921638
32.7477 45.1241 -106.877 0.054399 0.384006 -0.921727
30.9365 46.0003 -106.618 0.0532112 0.383347 -0.92207
29.0835 46.7345 -106.418 0.0495641 0.386911 -0.92078
27.2567 47.5464 -106.16 0.042415 0.390549 -0.919604
25.3689 48.3985 -105.887 0.0427824 0.384835 -0.921988
23.5176 49.2316 -105.61 0.0129136 0.364395 -0.931142
21.6794 50.0165 -105.315 0.00595507 0.364576 -0.931154
19.7637 50.8012 -105.02 0.00592233 0.364554 -0.931163
17.8764 51.6312 -104.722 0.0184793 0.354269 -0.934961
15.9309 52.4319 -104.471 0.0240581 0.352075 -0.935661
14.0279 53.0234 -104.278 0.0122006 0.354943 -0.934808
12.0396 53.4345 -104.148 0.00894506 0.352994 -0.935576
9.96421 53.7856 -103.996 -0.0218404 0.342159 -0.939388
7.86618 54.2085 -103.798 -0.0150144 0.33331 -0.942698
5.86591 54.5977 -103.658 0.000328351 0.313084 -0.949725
5.61013 56.4615 -103.044 0.000327737 0.313035 -0.949741
5.60995 58.4441 -102.4 0.0194358 0.306938 -0.951531
5.60783 60.5144 -101.733 0.0512819 0.315184 -0.947644
5.60824 62.5448 -101.057 0.0537131 0.315442 -0.947423
5.57657 64.6505 -100.358 0.0527007 0.315394 -0.947496
5.59166 66.6486 -99.6916 0.0514686 0.315395 -0.947563
5.58935 68.5847 -99.0473 0.0510618 0.315586 -0.947522
5.60062 70.4948 -98.4111 0.0511496 0.31545 -0.947563
5.55847 71.3211 -98.1378 0.0516609 0.317044 -0.947003
1.8901 71.2643 -98.4401 0.111242 0.294536 -0.949144
1.92577 73.199 -97.8224 0.112414 0.31975 -0.94081
1.92631 75.3058 -97.0719 0.104669 0.336554 -0.935829
1.90711 77.2515 -96.374 0.103958 0.336559 -0.935906
1.91578 79.2274 -95.6692 0.0913445 0.334871 -0.937826
1.91774 81.1699 -94.9827 0.087914 0.331727 -0.93927
1.90123 83.173 -94.2642 0.0942947 0.342211 -0.93488
1.92038 85.099 -93.5595 0.0969455 0.341499 -0.934869
2.168 86.8862 -92.8881 0.0932055 0.342198 -0.934994
4.23363 87.0634 -92.6113 0.0984811 0.332904 -0.937804
6.23196 87.2224 -92.3399 0.0982035 0.33055 -0.938665
8.25946 87.4081 -92.0413 0.109498 0.341887 -0.933325
10.3728 87.7109 -91.6898 0.102518 0.351606 -0.930518
12.5513 87.6262 -91.484 0.10128 0.351659 -0.930633
14.5595 87.3187 -91.3817 0.101257 0.35166 -0.930635
16.6809 86.9985 -91.2717 0.101418 0.351373 -0.930726
18.6852 86.6985 -91.1638 0.113342 0.355099 -0.927903
20.7527 86.5281 -90.946 0.11457 0.37162 -0.921288
22.7074 86.0916 -90.8812 0.130165 0.37694 -0.917046
24.6548 85.453 -90.8756 0.119864 0.391745 -0.912232
26.6721 84.692 -90.945 0.120131 0.397165 -0.909851
28.6215 83.9638 -91.0033 0.127384 0.405111 -0.90535
30.5766 83.2453 -91.0457 0.130325 0.408359 -0.90347
32.5895 82.4367 -91.1315 0.125262 0.41719 -0.900145
34.3371 81.3065 -91.4158 0.121495 0.417231 -0.900643
36.0388 80.0969 -91.7514 0.116515 0.416669 -0.90156
37.724 78.9306 -92.0752 0.112907 0.415464 -0.902575
39.4626 77.7469 -92.4026 0.11289 0.415471 -0.902574
41.1417 76.6086 -92.7166 0.112856 0.415411 -0.902606
42.8684 75.4095 -93.0515 0.113227 0.413316 -0.903521
44.6096 74.1864 -93.3922 0.11385 0.413237 -0.903478
46.3544 72.9661 -93.7268 0.114515 0.412951 -0.903525
47.8749 71.6772 -94.1279 0.112641 0.414964 -0.902838
49.4226 70.222 -94.6066 0.109749 0.414878 -0.903234
50.9029 68.8678 -95.0492 0.109251 0.414697 -0.903377
52.4393 67.4399 -95.5189 0.109228 0.414687 -0.903385
53.8948 66.1103 -95.9526 0.109978 0.413314 -0.903923
55.4427 64.6923 -96.4033 0.10977 0.407035 -0.906793
57.0051 63.1866 -96.9068 0.0951526 0.411319 -0.90651
58.5422 61.7697 -97.3894 0.0925245 0.41009 -0.90734
59.9683 60.4246 -97.852 0.0925124 0.410098 -0.907337
61.4101 59.103 -98.3023 0.0925355 0.410091 -0.907338
62.8652 57.7129 -98.7815 0.0919211 0.407243 -0.908683
64.3747 56.2948 -99.2567 0.0902198 0.397861 -0.912999
65.8827 54.8202 -99.7502 0.0883743 0.396346 -0.913838
67.3423 53.2056 -100.312 0.0818936 0.389748 -0.917268
68.7572 51.7367 -100.794 0.0940833 0.385964 -0.917704
70.1368 50.2724 -101.268 0.094675 0.386125 -0.917575
71.5394 48.7855 -101.749 0.0946707 0.386117 -0.917579
72.9411 47.2933 -102.232 0.0946651 0.386123 -0.917577
74.3425 45.8355 -102.702 0.095293 0.387487 -0.916937
75.7531 44.4354 -103.15 0.0947056 0.390072 -0.915901
77.0997 42.9194 -103.669 0.0791914 0.395817 -0.914909
78.4314 41.5045 -104.168 0.0753764 0.395054 -0.91556
79.7902 39.9971 -104.708 0.0745811 0.395323 -0.915509
81.156 38.419 -105.278 0.0745636 0.39532 -0.915512
82.6006 36.872 -105.826 0.0749682 0.39276 -0.91658
83.9275 35.438 -106.328 0.0789644 0.389381 -0.917686
85.2535 34.0068 -106.82 0.0795104 0.389118 -0.91775
86.6565 32.5339 -107.323 0.0795144 0.389094 -0.91776
88.1666 31.0469 -107.83 0.0773281 0.395184 -0.915341
89.5156 29.5009 -108.393 0.0636489 0.398241 -0.91507
90.7794 28.047 -108.938 0.063638 0.398243 -0.91507
92.0728 26.4839 -109.528 0.0636318 0.398244 -0.91507
93.4333 24.9248 -110.111 0.0644676 0.396817 -0.915631
94.7039 23.3886 -110.688 0.0627608 0.397133 -0.915613
96.0476 21.7718 -111.299 0.0598247 0.397187 -0.915786
97.28 20.2792 -111.864 0.0564243 0.394524 -0.917152
97.0467 18.542 -112.624 0.0582316 0.392063 -0.918093
96.1048 16.8286 -113.418 0.0606316 0.39288 -0.917589
95.1864 15.0797 -114.227 0.060896 0.393028 -0.917508
94.2664 13.413 -115.003 0.0608756 0.393107 -0.917475
93.2961 11.7526 -115.774 0.0583514 0.391038 -0.918523
92.3311 10.0316 -116.568 0.0589562 0.3904 -0.918756
91.3751 8.36404 -117.338 0.0599092 0.391578 -0.918193
90.3197 6.64978 -118.141 0.0574911 0.393711 -0.917435
89.3077 5.01383 -118.904 0.0564065 0.392046 -0.918215
88.312 3.42879 -119.641 0.0561124 0.391881 -0.918303
87.263 1.88986 -120.363 0.0595078 0.391369 -0.918308
85.2504 1.80035 -120.542 0.068846 0.390199 -0.918153
83.1923 1.7944 -120.699 0.0701637 0.391358 -0.917559
81.1824 1.79518 -120.855 0.0715134 0.392116 -0.917132
79.1148 1.80064 -121.014 0.0715376 0.392114 -0.917131
76.946 1.74972 -121.205 0.07224 0.39214 -0.917065
74.9341 1.76 -121.36 0.0727367 0.392342 -0.916939
72.9405 1.75225 -121.522 0.0727344 0.392326 -0.916946
70.7563 1.7763 -121.685 0.0718484 0.392454 -0.916961
68.6101 1.75296 -121.859 0.0665933 0.396418 -0.91565
66.548 1.7685 -121.99 0.0568395 0.394028 -0.917338
64.4939 1.7446 -122.113 0.0462483 0.387604 -0.920665
62.4348 1.79446 -122.195 0.0462475 0.387594 -0.920669
60.4146 1.77701 -122.304 0.0462373 0.3876 -0.920667
58.3467 1.74468 -122.422 0.0481843 0.386905 -0.920859
56.2849 1.81788 -122.503 0.0472597 0.383733 -0.922234
54.1609 1.79759 -122.617 0.0470332 0.382827 -0.922622
52.1115 1.81136 -122.719 0.047377 0.381604 -0.923111
50.099 1.81227 -122.82 0.0468031 0.380974 -0.9234
48.0234 1.81062 -122.927 0.0475842 0.380135 -0.923706
46.0102 1.79682 -123.039 0.0502414 0.377159 -0.924785
45.0757 2.27684 -122.893 0.0513668 0.378436 -0.924201
46.7122 3.57131 -122.27 0.0492461 0.382763 -0.922533
48.3121 4.86259 -121.652 0.0477427 0.382223 -0.922836
49.8177 6.12769 -121.052 0.0473721 0.379865 -0.923828
51.3137 7.38582 -120.458 0.0485022 0.379461 -0.923935
52.8157 8.71048 -119.831 0.0516628 0.380401 -0.923378
54.2011 10.1043 -119.179 0.0514006 0.380496 -0.923353
55.6199 11.4852 -118.531 0.0522397 0.380379 -0.923354
57.044 12.8362 -117.893 0.0534288 0.380375 -0.923288
58.445 14.2681 -117.228 0.0521131 0.378966 -0.923942
59.8452 15.6945 -116.544 0.0655562 0.383816 -0.92108
61.1228 17.101 -115.864 0.0657953 0.385978 -0.920159
62.3899 18.5161 -115.181 0.0646689 0.38508 -0.920615
63.3004 20.1534 -114.438 0.0596581 0.381004 -0.922647
62.6157 21.9649 -113.739 0.0633814 0.37905 -0.923201
61.0443 23.2835 -113.345 0.0848519 0.369042 -0.925531
59.3534 24.6507 -112.955 0.084858 0.369154 -0.925486
57.6989 25.9772 -112.573 0.0829893 0.375637 -0.923044
56.0324 27.1984 -112.224 0.0809315 0.376595 -0.922836
54.3743 28.4119 -111.869 0.0767655 0.376868 -0.92308
52.7645 29.5885 -111.522 0.0775534 0.37627 -0.923259
51.0633 30.6414 -111.246 0.0831395 0.373047 -0.92408
49.2958 31.7339 -110.962 0.0805923 0.372358 -0.924583
47.5539 32.7806 -110.692 0.0805003 0.372349 -0.924595
45.7451 33.9285 -110.388 0.080431 0.370581 -0.925311
44.0461 35.0366 -110.095 0.0833862 0.36769 -0.926202
42.3337 36.1436 -109.825 0.0913752 0.363689 -0.927028
40.5481 37.2561 -109.565 0.0913772 0.36368 -0.927031
38.7757 38.3201 -109.303 0.0845081 0.379762 -0.921216
36.9864 39.1963 -109.084 0.0589569 0.382996 -0.921866
35.1943 40.0812 -108.831 0.0620172 0.386283 -0.920293
33.2846 41.0532 -108.557 0.0679242 0.387099 -0.919533
31.4918 41.9362 -108.312 0.0689294 0.402655 -0.912753
29.6661 42.8481 -108.038 0.0657988 0.407131 -0.910997
27.7898 43.6023 -107.82 0.0414986 0.401228 -0.915038
25.9224 44.3896 -107.542 0.0294256 0.391062 -0.919894
24.0948 45.1832 -107.265 0.0259671 0.386405 -0.921964
22.1637 46.0494 -106.935 0.00248802 0.380996 -0.924573
20.3273 46.8402 -106.612 0.00270573 0.386009 -0.92249
18.4648 47.6265 -106.287 0.00279383 0.389686 -0.920943
16.6176 48.4332 -105.968 0.00624254 0.366617 -0.930351
14.737 49.2209 -105.704 0.0232083 0.349167 -0.936773
12.6618 49.7509 -105.525 -0.00988816 0.344823 -0.938592
10.6997 50.0969 -105.355 -0.022323 0.341643 -0.939565
8.56946 50.4888 -105.162 -0.0223358 0.341647 -0.939563
6.5666 50.8974 -104.965 -0.0223329 0.341627 -0.93957
4.56547 51.2685 -104.784 -0.0187108 0.340116 -0.940197
2.50898 51.6029 -104.653 0.0184257 0.305385 -0.952027
1.93914 53.1799 -104.179 0.0410454 0.295128 -0.954576
1.94282 55.1419 -103.573 0.0411905 0.295098 -0.954579
1.93099 57.1 -102.968 0.041247 0.295059 -0.954588
1.93014 59.0735 -102.358 0.0412568 0.295073 -0.954584
1.93631 61.0245 -101.754 0.042065 0.295373 -0.954455
1.94881 63.0558 -101.105 0.0549504 0.315982 -0.947171
1.91989 65.1023 -100.424 0.0569565 0.316064 -0.947027
1.91345 67.0116 -99.7895 0.067275 0.310663 -0.948136
1.89516 68.9246 -99.1728 0.101528 0.306628 -0.946399
1.91416 70.8433 -98.5681 0.108812 0.29466 -0.949387
1.89733 71.0695 -98.4996 0.110088 0.294859 -0.949177
7.56016 72.1276 -97.7234 0.0687958 0.339748 -0.937997
9.59644 72.0797 -97.589 0.0711358 0.339435 -0.937936
11.6237 72.0276 -97.4445 0.079083 0.342957 -0.936016
13.6261 71.9753 -97.3017 0.0694788 0.345744 -0.935753
15.6223 71.929 -97.1768 0.0660614 0.345078 -0.936246
17.6521 71.8818 -97.0521 0.0628052 0.348384 -0.935245
19.7342 71.8408 -96.9445 0.0510624 0.368179 -0.928352
21.804 71.7955 -96.8281 0.0692691 0.382228 -0.921468
23.8055 71.7446 -96.6988 0.069262 0.382227 -0.921469
25.8851 71.6911 -96.5646 0.0696858 0.382098 -0.921491
27.9781 71.634 -96.4232 0.074303 0.380308 -0.92187
30.0029 71.577 -96.2831 0.0745063 0.380607 -0.921731
32.0244 71.511 -96.1233 0.100323 0.395498 -0.912972
34.0769 71.4264 -95.921 0.108818 0.399811 -0.910115
36.1967 71.3335 -95.7017 0.114635 0.402069 -0.908405
38.3202 71.2438 -95.4899 0.0994181 0.407835 -0.907627
39.9738 71.1791 -95.3373 0.100772 0.40816 -0.907331
44.3842 67.8784 -96.3085 0.109062 0.411917 -0.904671
42.3379 67.9628 -96.5061 0.102054 0.399462 -0.911052
40.3426 68.0423 -96.6933 0.101083 0.399699 -0.911056
38.1677 68.1284 -96.8961 0.100758 0.399785 -0.911054
36.1486 68.2074 -97.0828 0.0981334 0.399288 -0.911559
34.117 68.2843 -97.2662 0.097387 0.392708 -0.914492
32.0877 68.3574 -97.4414 0.0777846 0.381324 -0.921163
30.0073 68.4174 -97.5865 0.0743531 0.380327 -0.921858
27.9719 68.4751 -97.7268 0.0743189 0.380286 -0.921878
25.811 68.5356 -97.876 0.0740268 0.380372 -0.921866
23.807 68.5885 -98.0078 0.069269 0.382214 -0.921474
21.7625 68.6325 -98.1186 0.0408373 0.36514 -0.930057
19.7471 68.6577 -98.1839 0.0410241 0.362773 -0.930974
17.7418 68.6922 -98.274 0.0513937 0.361728 -0.930866
15.7291 68.729 -98.3709 0.051655 0.361648 -0.930883
13.6535 68.7701 -98.4816 0.0625362 0.34818 -0.93534
11.6573 68.8186 -98.6144 0.0734916 0.339235 -0.937827
9.57817 68.8627 -98.7373 0.0519062 0.320467 -0.945837
7.48944 68.899 -98.8405 0.0508853 0.315469 -0.947571
7.43845 65.6601 -99.9211 0.0508965 0.315306 -0.947624
9.50663 65.6256 -99.8216 0.0510356 0.316201 -0.947318
11.6776 65.5948 -99.7347 0.0250712 0.334061 -0.942218
13.7463 65.5761 -99.685 0.0321228 0.339836 -0.939936
15.7688 65.5462 -99.6049 0.0504956 0.360402 -0.93143
17.8148 65.5086 -99.5071 0.0513527 0.361736 -0.930865
19.8342 65.4746 -99.4199 0.0356987 0.362079 -0.931464
21.8424 65.4496 -99.3571 0.0331486 0.362716 -0.93131
23.8584 65.4226 -99.2898 0.0422754 0.36398 -0.930447
25.8673 65.3784 -99.1796 0.0710981 0.382647 -0.921155
27.9679 65.3214 -99.0396 0.0722962 0.386229 -0.919565
30.0012 65.2652 -98.9032 0.0723175 0.386227 -0.919564
32.0579 65.2058 -98.7601 0.0796779 0.38371 -0.92001
34.138 65.1411 -98.605 0.0805935 0.383225 -0.920132
36.3123 65.0702 -98.4359 0.0924674 0.394775 -0.914113
38.3745 64.9914 -98.2496 0.101046 0.399387 -0.911197
40.5159 64.9061 -98.0487 0.101466 0.399322 -0.911179
42.5404 64.8253 -97.8587 0.101502 0.399334 -0.911169
44.6329 64.7414 -97.6621 0.101623 0.39937 -0.91114
46.778 64.6555 -97.4605 0.101613 0.399419 -0.91112
47.8268 64.6134 -97.3617 0.102679 0.400638 -0.910465
51.3411 61.3381 -98.3939 0.108687 0.399734 -0.910165
49.298 61.424 -98.5934 0.10241 0.398682 -0.911353
47.2557 61.5069 -98.7866 0.102308 0.39876 -0.911331
45.2264 61.5888 -98.9777 0.101704 0.39934 -0.911144
43.2132 61.6694 -99.1667 0.101359 0.399068 -0.911302
41.1125 61.7526 -99.3623 0.0992744 0.394298 -0.913605
39.0065 61.8334 -99.5526 0.0970633 0.39215 -0.914766
36.957 61.9037 -99.7184 0.0790939 0.388687 -0.917969
34.9436 61.9655 -99.8649 0.0786175 0.38829 -0.918178
32.8537 62.0295 -100.017 0.0781608 0.387987 -0.918345
30.8567 62.0907 -100.164 0.0767183 0.38312 -0.920507
28.8612 62.1418 -100.286 0.0576602 0.369171 -0.927571
26.8436 62.1822 -100.383 0.0503354 0.358255 -0.932266
24.7981 62.2215 -100.478 0.0502902 0.358306 -0.932249
22.7805 62.2546 -100.56 0.0362931 0.359836 -0.932309
20.6597 62.283 -100.631 0.0356144 0.360225 -0.932185
18.5242 62.3135 -100.707 0.0454797 0.354303 -0.934024
16.3733 62.3389 -100.771 0.0253453 0.336366 -0.94139
14.3182 62.3577 -100.82 0.025085 0.335808 -0.941596
12.1529 62.3772 -100.87 0.024979 0.335797 -0.941603
10.1473 62.3931 -100.913 0.0213865 0.336476 -0.941449
8.08551 62.4128 -100.969 0.0419267 0.324053 -0.945109
7.47664 62.4223 -100.997 0.0497891 0.316112 -0.947414
7.49414 59.2012 -102.114 0.0214005 0.336086 -0.941588
9.61761 59.186 -102.071 0.0213946 0.336473 -0.94145
11.7495 59.1689 -102.025 0.0249146 0.335732 -0.941628
13.775 59.1507 -101.978 0.0241289 0.335989 -0.941557
15.7755 59.1342 -101.937 0.0180585 0.349001 -0.936948
17.9115 59.1229 -101.911 0.0131592 0.354593 -0.934928
19.9567 59.1054 -101.87 0.0243711 0.351105 -0.936019
21.9776 59.0826 -101.815 0.035535 0.359488 -0.932473
24.0455 59.0505 -101.738 0.0499528 0.358413 -0.932226
26.1372 59.0105 -101.642 0.0467017 0.36076 -0.931488
28.3287 58.971 -101.55 0.044574 0.36491 -0.929975
30.357 58.9346 -101.466 0.0489829 0.36609 -0.929289
32.439 58.8872 -101.354 0.0628812 0.369243 -0.927203
34.468 58.8336 -101.227 0.0719715 0.379274 -0.922481
36.6212 58.7689 -101.074 0.0787194 0.388483 -0.918087
38.6952 58.7039 -100.921 0.0851697 0.391803 -0.916098
40.7179 58.6288 -100.745 0.0970678 0.392152 -0.914765
42.7097 58.5526 -100.566 0.0970067 0.392205 -0.914749
44.7874 58.4733 -100.381 0.0971461 0.392849 -0.914457
46.8972 58.3905 -100.187 0.100303 0.395369 -0.913029
48.9186 58.3094 -99.9982 0.102096 0.398099 -0.911644
51.0205 58.2238 -99.7985 0.104973 0.399349 -0.91077
53.2425 58.1324 -99.5853 0.0994498 0.403035 -0.909765
54.8001 58.0709 -99.4424 0.100602 0.400568 -0.910727
58.4378 54.803 -100.486 0.090509 0.397656 -0.913059
56.3243 54.8808 -100.668 0.0994334 0.397541 -0.912181
54.2706 54.9635 -100.861 0.102022 0.398382 -0.911528
52.1848 55.0455 -101.053 0.0972423 0.392402 -0.914639
50.1554 55.1251 -101.239 0.0998 0.392954 -0.914126
48.1646 55.2033 -101.422 0.0992381 0.393231 -0.914068
46.0582 55.2858 -101.615 0.0990283 0.393132 -0.914134
44.0196 55.3642 -101.798 0.0960876 0.393017 -0.914497
41.9765 55.4418 -101.979 0.0960673 0.392979 -0.914516
39.9178 55.5194 -102.16 0.0892911 0.388395 -0.917157
37.885 55.5795 -102.3 0.0666111 0.374016 -0.925027
35.6929 55.6346 -102.429 0.0628832 0.369254 -0.927198
33.6517 55.6852 -102.547 0.0628864 0.369241 -0.927203
31.5008 55.736 -102.665 0.0486592 0.366974 -0.928958
29.4092 55.7741 -102.752 0.0446383 0.365058 -0.929914
27.4086 55.8099 -102.834 0.0449064 0.366202 -0.929451
25.386 55.8467 -102.919 0.0466022 0.369737 -0.927967
23.2865 55.8822 -103.001 0.0302001 0.368364 -0.929191
21.1525 55.9007 -103.041 0.0229327 0.351024 -0.936086
19.1403 55.9198 -103.085 0.0238424 0.350306 -0.936332
17.0504 55.9388 -103.129 0.0195368 0.351083 -0.93614
15.0123 55.9501 -103.154 0.0122135 0.354925 -0.934815
12.9589 55.9602 -103.177 0.0121989 0.354928 -0.934814
10.8739 55.9704 -103.201 0.00692859 0.34968 -0.936843
8.79264 55.9722 -103.204 0.000657346 0.314524 -0.949249
8.03607 55.9726 -103.204 0.000785769 0.312909 -0.949783
19.6934 52.7231 -104.273 0.013946 0.359106 -0.933193
21.7053 52.7145 -104.259 0.00605803 0.364554 -0.931162
23.862 52.7023 -104.237 0.0228507 0.36527 -0.930621
25.8959 52.6686 -104.161 0.0421715 0.367637 -0.929013
27.9488 52.6312 -104.077 0.0469348 0.371771 -0.927137
30.1146 52.59 -103.984 0.0469536 0.371784 -0.927131
32.1713 52.5501 -103.894 0.0497563 0.37126 -0.927195
34.3327 52.5021 -103.783 0.0608923 0.376988 -0.924215
36.3569 52.4525 -103.669 0.0613713 0.377367 -0.924028
38.395 52.4022 -103.554 0.061383 0.377371 -0.924026
40.4259 52.3456 -103.424 0.0772779 0.374124 -0.924153
42.4585 52.2814 -103.276 0.082997 0.382057 -0.920404
44.474 52.2084 -103.106 0.0960686 0.392994 -0.914509
46.6409 52.1249 -102.911 0.0992214 0.393241 -0.914066
48.7668 52.0412 -102.716 0.100539 0.392372 -0.914295
50.865 51.9579 -102.52 0.100692 0.392191 -0.914356
52.9102 51.8781 -102.333 0.0953513 0.391479 -0.915233
54.905 51.8039 -102.159 0.0947293 0.39189 -0.915122
57.0033 51.7244 -101.972 0.0974542 0.397547 -0.912392
59.0958 51.6484 -101.793 0.0910687 0.395501 -0.91394
61.1532 51.5744 -101.619 0.0937414 0.39019 -0.91595
61.6879 51.5548 -101.572 0.0934839 0.390353 -0.915907
64.6109 48.3053 -102.655 0.0925203 0.388982 -0.916588
62.4723 48.3827 -102.839 0.0928476 0.389083 -0.916512
60.4492 48.4565 -103.014 0.0936235 0.389071 -0.916438
58.2393 48.5384 -103.207 0.0952135 0.389986 -0.915885
56.2268 48.6138 -103.385 0.0954556 0.390149 -0.915791
54.1126 48.6929 -103.571 0.0953528 0.390091 -0.915826
52.0076 48.773 -103.759 0.0997702 0.38892 -0.915853
49.9163 48.855 -103.952 0.101265 0.38476 -0.917445
47.9082 48.9333 -104.136 0.102062 0.378428 -0.919987
45.8963 49.0092 -104.314 0.0844714 0.376745 -0.922458
43.8543 49.0738 -104.462 0.0773751 0.373941 -0.924219
41.7351 49.1395 -104.613 0.0772749 0.374102 -0.924162
39.6597 49.2038 -104.76 0.0769243 0.374442 -0.924054
37.6291 49.2601 -104.888 0.0613677 0.377371 -0.924027
35.552 49.31 -105.001 0.0524481 0.371003 -0.927149
33.4311 49.3547 -105.101 0.0512905 0.370382 -0.927462
31.3398 49.3984 -105.199 0.0506462 0.370559 -0.927427
29.3222 49.4376 -105.285 0.0429478 0.36964 -0.928182
27.3108 49.473 -105.363 0.041941 0.368805 -0.92856
27.1299 49.4762 -105.37 0.0422542 0.368978 -0.928477
34.5087 46.1696 -106.337 0.0549829 0.384146 -0.921634
36.6272 46.1215 -106.23 0.0550021 0.384136 -0.921637
38.6321 46.0705 -106.116 0.0748297 0.378286 -0.922659
40.6263 46.0073 -105.972 0.0777312 0.373089 -0.924534
42.6897 45.9427 -105.824 0.0777158 0.373093 -0.924533
44.7391 45.8782 -105.678 0.077735 0.373178 -0.924497
46.7766 45.8101 -105.522 0.0947457 0.371761 -0.923481
48.8693 45.7306 -105.334 0.0975024 0.37312 -0.922645
50.9338 45.6525 -105.15 0.0951686 0.375624 -0.921873
52.9337 45.5815 -104.983 0.0893077 0.379228 -0.920983
54.9512 45.5087 -104.811 0.0934079 0.38 -0.920258
56.9451 45.4355 -104.639 0.0935256 0.379993 -0.920249
58.9661 45.3615 -104.464 0.093563 0.38004 -0.920226
61.0127 45.2879 -104.29 0.0900655 0.382828 -0.919419
63.105 45.213 -104.113 0.0927883 0.384052 -0.918637
65.1777 45.1381 -103.935 0.0926658 0.384007 -0.918668
67.2957 45.0633 -103.757 0.0920953 0.388217 -0.916955
67.6521 45.0505 -103.727 0.0933606 0.389132 -0.916439
70.9919 41.7834 -104.772 0.0948409 0.389907 -0.915957
68.8257 41.8628 -104.959 0.0901487 0.386713 -0.917784
66.7681 41.9322 -105.123 0.0857345 0.385187 -0.918847
64.6839 42.0046 -105.295 0.0924253 0.384159 -0.918629
62.5175 42.0825 -105.479 0.0901082 0.38405 -0.918905
60.353 42.1568 -105.655 0.087605 0.382655 -0.919728
58.2788 42.2297 -105.827 0.0932279 0.380252 -0.920172
56.2392 42.3043 -106.004 0.093529 0.379995 -0.920248
54.1618 42.3798 -106.182 0.0904064 0.380121 -0.920508
51.9705 42.4563 -106.363 0.0889001 0.37925 -0.921014
49.9574 42.5263 -106.528 0.0889233 0.379086 -0.921079
47.9088 42.6 -106.702 0.0969386 0.374123 -0.922299
45.843 42.6747 -106.877 0.0823045 0.373064 -0.924148
43.7658 42.7406 -107.027 0.078575 0.374038 -0.924079
41.7238 42.8075 -107.18 0.0843696 0.379887 -0.921177
41.4549 42.8166 -107.201 0.083982 0.379731 -0.921277
46.8196 39.474 -108.082 0.0835737 0.372271 -0.924353
48.857 39.4052 -107.919 0.0889336 0.378881 -0.921162
50.9427 39.3328 -107.748 0.0889461 0.379115 -0.921065
53.0291 39.2604 -107.577 0.0888942 0.379234 -0.921021
55.0233 39.1907 -107.412 0.0911062 0.380165 -0.920421
57.0384 39.1178 -107.239 0.0918754 0.381178 -0.919925
59.0323 39.0483 -107.074 0.0875978 0.382617 -0.919745
61.1828 38.9748 -106.9 0.0875973 0.382668 -0.919724
63.3282 38.9012 -106.726 0.088114 0.382721 -0.919652
65.3947 38.8282 -106.553 0.0879345 0.384758 -0.918819
67.5051 38.7575 -106.385 0.0855496 0.385139 -0.918885
69.6363 38.6861 -106.217 0.0855597 0.385145 -0.918881
71.7375 38.6127 -106.044 0.09262 0.388995 -0.916572
73.825 38.5352 -105.862 0.0938976 0.389494 -0.91623
73.9086 38.5322 -105.855 0.0882813 0.389886 -0.916622
76.8406 35.3011 -106.983 0.0813299 0.392295 -0.916237
74.8375 35.3651 -107.134 0.0812142 0.39234 -0.916228
72.8317 35.4292 -107.284 0.0833743 0.38921 -0.917368
70.7708 35.4983 -107.447 0.0854393 0.384414 -0.919198
68.7659 35.5654 -107.606 0.0856513 0.384496 -0.919145
66.7395 35.6331 -107.766 0.0855728 0.384328 -0.919222
64.6367 35.7031 -107.932 0.0863479 0.382696 -0.91983
62.6149 35.7721 -108.095 0.0876623 0.381174 -0.920338
60.4726 35.8452 -108.269 0.0878538 0.381229 -0.920297
58.3041 35.9192 -108.445 0.087856 0.382099 -0.919936
56.2595 35.9891 -108.611 0.0880064 0.380727 -0.92049
54.1561 36.0604 -108.78 0.0865924 0.37192 -0.924217
52.1583 36.1261 -108.936 0.0843422 0.370157 -0.925132
52.0569 36.1294 -108.944 0.0843422 0.370157 -0.925132
57.2427 32.7962 -109.831 0.0829049 0.376755 -0.922595
59.2649 32.7297 -109.672 0.0873882 0.379816 -0.920925
61.2805 32.6612 -109.509 0.0877534 0.380651 -0.920545
63.346 32.5909 -109.341 0.0876477 0.380728 -0.920524
65.3981 32.5234 -109.181 0.0799978 0.381429 -0.92093
67.4747 32.4575 -109.024 0.0836823 0.383136 -0.919894
69.6373 32.3854 -108.853 0.0854945 0.38409 -0.919329
71.6994 32.3171 -108.692 0.0814839 0.386093 -0.918854
73.7366 32.2551 -108.545 0.0765287 0.387167 -0.918828
75.7506 32.1948 -108.403 0.0767736 0.387538 -0.918651
77.807 32.1314 -108.255 0.0808883 0.392044 -0.916384
79.6597 32.073 -108.118 0.0765194 0.391936 -0.916805
83.0024 28.8325 -109.223 0.0775745 0.395016 -0.915393
80.8901 28.8967 -109.372 0.0755082 0.394057 -0.915979
78.888 28.9551 -109.509 0.0749038 0.388519 -0.918391
76.8397 29.016 -109.652 0.0762407 0.387322 -0.918787
74.7431 29.0787 -109.8 0.0763878 0.387159 -0.918843
72.6505 29.1415 -109.948 0.0768751 0.3872 -0.918785
70.5916 29.2039 -110.096 0.0809663 0.386886 -0.918566
68.5747 29.2694 -110.252 0.0813132 0.381965 -0.920593
66.5616 29.3321 -110.401 0.0800201 0.381353 -0.92096
64.4435 29.3982 -110.559 0.0835701 0.381611 -0.920538
62.2304 29.4725 -110.737 0.0861607 0.379683 -0.921096
61.6826 29.4906 -110.78 0.0865163 0.378373 -0.921601
65.766 26.2032 -111.769 0.0794363 0.384473 -0.919712
67.7879 26.1411 -111.62 0.0794404 0.384459 -0.919718
69.787 26.0804 -111.476 0.0754379 0.386045 -0.91939
71.872 26.0188 -111.329 0.0767418 0.386928 -0.918911
73.9531 25.9565 -111.182 0.075949 0.386971 -0.918959
76.0004 25.8968 -111.041 0.0744552 0.389281 -0.918105
78.0098 25.8381 -110.902 0.0745464 0.389431 -0.918034
80.076 25.7776 -110.76 0.0733577 0.38928 -0.918194
82.2636 25.7165 -110.617 0.0703003 0.389083 -0.918516
84.3291 25.6575 -110.48 0.0746319 0.394311 -0.915941
85.8756 25.6102 -110.37 0.0775762 0.395022 -0.91539
88.6181 22.4002 -111.543 0.064249 0.395468 -0.91623
86.5115 22.4558 -111.673 0.0705183 0.390583 -0.917863
84.4818 22.5122 -111.804 0.0701811 0.38899 -0.918565
82.4639 22.568 -111.935 0.0702301 0.388912 -0.918594
80.3986 22.6261 -112.071 0.0742723 0.389335 -0.918097
78.2581 22.688 -112.217 0.072979 0.387693 -0.918895
76.1748 22.7473 -112.356 0.0727574 0.387286 -0.919084
74.0384 22.8087 -112.501 0.074842 0.387595 -0.918787
71.9084 22.8717 -112.651 0.0752632 0.386032 -0.91941
69.7851 22.9329 -112.797 0.0740883 0.385981 -0.919527
68.4432 22.972 -112.89 0.0765867 0.385462 -0.91954
68.7239 19.8155 -114.188 0.0723016 0.384813 -0.920158
70.8613 19.7546 -114.043 0.0736834 0.384984 -0.919977
72.9727 19.6944 -113.9 0.0728138 0.386696 -0.919328
75.0001 19.6362 -113.762 0.0738913 0.387475 -0.918914
77.0933 19.5762 -113.62 0.0725757 0.387471 -0.919021
79.1585 19.5179 -113.483 0.0715553 0.388912 -0.918492
81.1569 19.462 -113.351 0.0700951 0.38928 -0.918449
83.228 19.4056 -113.219 0.0697034 0.390099 -0.918131
85.3155 19.3482 -113.084 0.069814 0.390192 -0.918083
87.314 19.2944 -112.958 0.064192 0.391887 -0.917771
89.3251 19.2451 -112.843 0.0629825 0.391323 -0.918096
91.0499 19.2014 -112.741 0.0644516 0.392195 -0.917621
89.3735 16.1048 -114.177 0.0610158 0.390485 -0.918585
87.3741 16.1529 -114.29 0.0632691 0.390342 -0.918493
85.3766 16.2062 -114.415 0.0691922 0.389951 -0.918232
83.3342 16.2612 -114.544 0.0683948 0.389196 -0.918613
81.3063 16.316 -114.673 0.0703472 0.388924 -0.91858
79.1152 16.3772 -114.817 0.0712562 0.389207 -0.91839
77.0814 16.4337 -114.95 0.0709971 0.388934 -0.918526
75.0118 16.4915 -115.087 0.0726495 0.387728 -0.918907
72.9648 16.5496 -115.224 0.071563 0.387329 -0.91916
70.917 16.6062 -115.359 0.0708991 0.387242 -0.919248
68.8234 16.6648 -115.498 0.0721642 0.38407 -0.92048
67.7428 16.6943 -115.569 0.0674843 0.385548 -0.920216
65.3788 13.6066 -117.028 0.0633915 0.385673 -0.920455
67.3933 13.5562 -116.908 0.0652575 0.386901 -0.919809
69.5039 13.5017 -116.778 0.0688143 0.388543 -0.918857
71.5369 13.4456 -116.645 0.071337 0.389076 -0.91844
73.5948 13.3883 -116.509 0.0710584 0.389212 -0.918403
75.6771 13.3307 -116.373 0.0710082 0.389592 -0.918246
77.909 13.2687 -116.227 0.0709633 0.389394 -0.918334
80.0668 13.2087 -116.085 0.0708991 0.389289 -0.918383
82.1508 13.1513 -115.95 0.0687081 0.389278 -0.918554
84.2153 13.096 -115.82 0.0681725 0.389812 -0.918368
86.3528 13.0391 -115.686 0.0667073 0.390206 -0.918308
87.6646 13.0062 -115.608 0.0616133 0.391321 -0.918189
85.8754 9.91154 -117.05 0.0648909 0.390756 -0.918204
83.8778 9.96427 -117.174 0.0679027 0.389647 -0.918458
81.7342 10.022 -117.31 0.0702601 0.38998 -0.918139
79.6707 10.079 -117.445 0.0709655 0.390032 -0.918063
77.6601 10.1349 -117.577 0.0709595 0.390224 -0.917981
75.595 10.1918 -117.711 0.0702954 0.389924 -0.91816
73.5273 10.2488 -117.845 0.0709208 0.389836 -0.918149
71.4347 10.3067 -117.982 0.0691087 0.389126 -0.918589
69.3844 10.3605 -118.109 0.0665665 0.387146 -0.919612
67.3378 10.4129 -118.233 0.0627304 0.385638 -0.920515
65.2679 10.4624 -118.35 0.0612394 0.385036 -0.920868
63.1585 10.5126 -118.47 0.061499 0.38489 -0.920911
62.3534 10.5319 -118.516 0.0626398 0.384817 -0.920865
59.2408 7.45096 -119.987 0.0526605 0.384458 -0.921639
61.3512 7.40899 -119.887 0.0481413 0.387615 -0.920564
63.53 7.36269 -119.777 0.0619631 0.395555 -0.91635
65.593 7.31331 -119.66 0.0600017 0.391897 -0.91805
67.5942 7.26627 -119.55 0.0599548 0.391058 -0.918411
69.7543 7.21329 -119.425 0.0654135 0.392706 -0.917335
71.8589 7.15625 -119.291 0.0712616 0.390957 -0.917646
73.9171 7.09865 -119.156 0.0712471 0.391091 -0.91759
76.01 7.04052 -119.019 0.0706734 0.390356 -0.917947
78.1182 6.98218 -118.882 0.0707062 0.390323 -0.917959
80.1594 6.9255 -118.748 0.0710857 0.390504 -0.917853
81.7303 6.88202 -118.645 0.0704386 0.39041 -0.917942
35.1077 74.509 -94.4328 0.114257 0.404525 -0.907362
33.1086 74.5941 -94.6347 0.103091 0.408882 -0.906746
30.9094 74.6751 -94.8304 0.0925962 0.411029 -0.906908
28.8568 74.7472 -95.0069 0.0943158 0.404593 -0.90962
26.7038 74.8273 -95.2022 0.0894737 0.381891 -0.919866
24.5509 74.891 -95.3607 0.072054 0.371272 -0.925724
22.4701 74.9457 -95.4996 0.0712824 0.369649 -0.926433
20.4001 74.9993 -95.6378 0.0739777 0.369537 -0.926266
18.3501 75.0597 -95.7948 0.0860685 0.368198 -0.925755
16.215 75.1205 -95.9548 0.0749589 0.348129 -0.934445
14.0864 75.1714 -96.0909 0.0679856 0.344694 -0.93625
11.9858 75.2269 -96.2419 0.0790586 0.34294 -0.936025
9.9013 75.2833 -96.3973 0.0788356 0.342827 -0.936085
7.8663 75.3348 -96.5401 0.0697728 0.33943 -0.93804
7.62092 75.3406 -96.5563 0.0697755 0.339424 -0.938042
7.45843 78.5592 -95.4015 0.0754112 0.342169 -0.936607
9.60643 78.5013 -95.2412 0.080811 0.346677 -0.934497
11.632 78.4448 -95.0866 0.0829487 0.351765 -0.932406
13.6334 78.386 -94.9271 0.0880489 0.354996 -0.930712
15.7646 78.3175 -94.7444 0.091723 0.362091 -0.927619
17.8123 78.2532 -94.5747 0.0866195 0.366837 -0.926244
19.8489 78.1908 -94.4115 0.0815999 0.371757 -0.924737
21.9683 78.1335 -94.2631 0.0776249 0.376117 -0.923315
24.0214 78.0682 -94.0962 0.0945128 0.391935 -0.915125
26.1087 77.9919 -93.9061 0.103414 0.39518 -0.912764
28.1369 77.9118 -93.71 0.102144 0.396056 -0.912527
30.1695 77.8314 -93.5151 0.10778 0.40089 -0.909764
30.3849 77.8224 -93.4935 0.107906 0.400869 -0.909758
20.8093 81.3319 -93.0498 0.104095 0.375763 -0.920851
18.7794 81.4063 -93.2431 0.0977825 0.37118 -0.923398
16.5777 81.4823 -93.4425 0.0947486 0.366402 -0.92562
14.5571 81.5487 -93.6194 0.0924571 0.358441 -0.928963
12.3518 81.6197 -93.8107 0.0917456 0.357495 -0.929398
10.2327 81.6831 -93.9838 0.0828395 0.353063 -0.931925
8.2032 81.7434 -94.1493 0.0943621 0.344899 -0.933885
7.54908 81.7647 -94.2079 0.095747 0.344291 -0.933968
7.49728 81.7664 -94.2126 0.0959291 0.344415 -0.933904
