5.32381 75.3616 -99.3242 0.0953631 0.317989 -0.943283
5.40711 73.3647 -99.9839 0.0557875 0.311208 -0.948703
5.41457 71.4084 -100.634 0.0484105 0.31617 -0.947467
5.39996 69.4854 -101.275 0.0489846 0.315979 -0.947501
5.39861 67.5573 -101.917 0.0500858 0.31573 -0.947526
5.42523 65.5056 -102.599 0.0495102 0.315209 -0.94773
5.42776 63.5592 -103.247 0.0499701 0.315533 -0.947598
5.44015 61.5551 -103.914 0.0495416 0.315133 -0.947754
5.45575 59.5725 -104.568 0.0395879 0.304545 -0.951666
5.44935 57.5298 -105.234 0.000658694 0.310301 -0.950638
5.40131 55.5015 -105.92 -0.0178312 0.322084 -0.946543
5.4058 53.4354 -106.623 -0.017833 0.322086 -0.946542
5.41801 51.4848 -107.287 -0.0178037 0.32208 -0.946545
5.43442 49.4936 -107.976 -0.0208252 0.338221 -0.940836
7.0936 48.7556 -108.289 -0.022686 0.347902 -0.937256
9.09179 48.3692 -108.463 -0.0118924 0.350129 -0.936626
11.0667 47.9788 -108.634 -0.0118776 0.350125 -0.936628
13.0946 47.5145 -108.834 -0.0139221 0.350922 -0.936301
15.17 47.1312 -109.01 -0.0122949 0.352871 -0.935591
17.196 46.5934 -109.231 -0.00416154 0.35586 -0.93453
19.1021 45.7915 -109.54 -0.000586682 0.357613 -0.93387
21.0288 44.944 -109.866 0.000192779 0.357625 -0.933865
22.8792 44.1159 -110.16 0.021317 0.353978 -0.935011
24.7722 43.2883 -110.43 0.0211687 0.353925 -0.935034
26.6292 42.5341 -110.682 0.0154577 0.362532 -0.931843
28.5179 41.7707 -110.938 0.0401475 0.372862 -0.927018
30.542 40.9403 -111.174 0.0464323 0.375516 -0.925652
32.4182 40.1964 -111.382 0.0466575 0.375278 -0.925737
34.3129 39.3032 -111.641 0.0499025 0.371437 -0.927116
36.1236 38.3721 -111.916 0.0519181 0.372854 -0.926436
37.8724 37.4144 -112.202 0.0531081 0.373751 -0.926007
39.6274 36.4278 -112.492 0.0580107 0.369434 -0.927445
41.4566 35.4577 -112.756 0.0716187 0.36839 -0.926909
43.2939 34.4357 -113.01 0.0776143 0.368129 -0.926529
45.0913 33.3478 -113.291 0.0777737 0.366652 -0.927102
46.7996 32.3117 -113.558 0.0774134 0.367076 -0.926964
48.5236 31.243 -113.838 0.0773028 0.367345 -0.926867
50.1933 30.1336 -114.136 0.0809062 0.367791 -0.926382
52.0123 29.0178 -114.419 0.0809572 0.368166 -0.926229
53.7931 27.9271 -114.715 0.0675457 0.374134 -0.924912
55.4752 26.8051 -115.046 0.0675543 0.374118 -0.924917
57.0788 25.6112 -115.411 0.0673976 0.373841 -0.925041
58.7399 24.2952 -115.823 0.0636 0.375809 -0.924512
59.9137 22.6785 -116.406 0.063221 0.378232 -0.92355
60.5105 20.7753 -117.145 0.0638624 0.378538 -0.92338
60.2748 18.8976 -117.931 0.0622234 0.378864 -0.923358
59.4311 17.251 -118.663 0.0573642 0.380111 -0.92316
58.1711 15.7941 -119.341 0.0561728 0.38043 -0.923102
56.7778 14.4618 -119.972 0.054278 0.380357 -0.923246
55.3066 13.1072 -120.616 0.0537015 0.380302 -0.923302
53.8295 11.735 -121.267 0.0524346 0.381033 -0.923073
52.3827 10.4646 -121.872 0.0503569 0.379753 -0.923717
50.7924 9.20443 -122.476 0.0492677 0.380696 -0.923387
49.2171 7.8985 -123.098 0.0492661 0.381167 -0.923193
47.6854 6.66551 -123.69 0.0510996 0.380464 -0.923383
46.009 5.41881 -124.296 0.0509437 0.380076 -0.923551
46.9589 5.06101 -124.391 0.0509298 0.379802 -0.923665
49.1315 5.08584 -124.263 0.0479392 0.380589 -0.923501
51.1413 5.13829 -124.137 0.0486599 0.38146 -0.923104
53.1459 5.07143 -124.06 0.0491286 0.382053 -0.922834
55.2313 5.06511 -123.945 0.0530426 0.3825 -0.922432
57.2446 5.12597 -123.808 0.05104 0.383737 -0.922031
59.2867 5.09877 -123.702 0.0522897 0.384879 -0.921484
61.3353 5.0551 -123.61 0.047274 0.389056 -0.92
63.339 5.00686 -123.524 0.0501572 0.388828 -0.919944
65.3379 4.97049 -123.425 0.0561278 0.392997 -0.917825
67.5021 4.96445 -123.292 0.0586503 0.392147 -0.918031
69.5907 4.95051 -123.157 0.061618 0.392914 -0.917509
71.6367 4.96557 -123.009 0.0675672 0.393814 -0.916703
73.6465 4.97385 -122.857 0.0678044 0.394018 -0.916598
75.7039 4.9887 -122.695 0.0714669 0.392791 -0.916847
77.8508 4.99068 -122.526 0.0715954 0.392094 -0.917135
79.8944 5.06937 -122.333 0.0712952 0.391476 -0.917422
81.6371 5.90188 -121.844 0.071476 0.389923 -0.918069
82.6802 7.45985 -121.101 0.0704627 0.389374 -0.91838
83.701 9.11706 -120.321 0.0697989 0.389284 -0.91847
84.7297 10.6857 -119.579 0.0687995 0.38909 -0.918627
85.7594 12.2604 -118.835 0.0689158 0.389195 -0.918574
86.7421 13.8869 -118.072 0.0689091 0.389232 -0.918559
87.7231 15.5134 -117.31 0.0693252 0.388562 -0.918811
88.6778 17.1494 -116.546 0.0660656 0.389401 -0.918696
89.6471 18.8103 -115.773 0.065666 0.389354 -0.918744
89.3826 20.4303 -115.105 0.0658034 0.390053 -0.918438
88.0719 22.0204 -114.521 0.0718389 0.393809 -0.916379
86.6557 23.5813 -113.968 0.0801055 0.395218 -0.915086
85.2367 25.0322 -113.463 0.0800852 0.395427 -0.914999
83.8308 26.4139 -112.989 0.0815474 0.395306 -0.914922
82.4541 27.8958 -112.468 0.080507 0.39608 -0.91468
80.9853 29.4175 -111.939 0.0792893 0.393337 -0.915969
79.578 30.8241 -111.462 0.0775502 0.389297 -0.917842
78.1757 32.2663 -110.967 0.0775409 0.39011 -0.917497
76.8014 33.7767 -110.442 0.0793767 0.390804 -0.917045
75.4193 35.2863 -109.918 0.0791687 0.391147 -0.916917
74.1092 36.7222 -109.419 0.0861278 0.39054 -0.916548
72.768 38.25 -108.906 0.0883313 0.383786 -0.919188
71.4338 39.668 -108.431 0.0800855 0.384516 -0.919638
69.9724 41.1435 -107.941 0.0800801 0.384513 -0.91964
68.5616 42.6502 -107.434 0.0796646 0.384871 -0.919526
67.1293 44.0142 -106.985 0.0785316 0.385386 -0.919407
65.6732 45.3524 -106.549 0.0795375 0.385221 -0.91939
64.1743 46.77 -106.085 0.0800292 0.384953 -0.91946
62.7388 48.1069 -105.672 0.0958014 0.377142 -0.921187
61.2954 49.4368 -105.279 0.0960222 0.376673 -0.921356
59.7293 50.6986 -104.922 0.0946692 0.381254 -0.91961
58.1891 52.102 -104.497 0.0941068 0.381962 -0.919374
56.6603 53.3798 -104.122 0.0940831 0.38193 -0.91939
55.1768 54.6894 -103.73 0.0937293 0.381711 -0.919517
53.7197 56.0619 -103.311 0.0931746 0.37859 -0.920862
52.248 57.4679 -102.869 0.0952991 0.39068 -0.91558
50.8606 58.8654 -102.421 0.0966231 0.389667 -0.915873
49.3168 60.3395 -101.956 0.0949792 0.388455 -0.91656
47.7432 61.7455 -101.523 0.0944187 0.388803 -0.91647
45.9684 62.9618 -101.19 0.0944576 0.388814 -0.916461
44.2736 64.1269 -100.87 0.0944477 0.388807 -0.916465
42.5988 65.2705 -100.558 0.0941152 0.388724 -0.916535
40.8499 66.3835 -100.264 0.092081 0.388015 -0.917042
39.151 67.5386 -99.937 0.0866774 0.391236 -0.9162
37.4417 68.7249 -99.591 0.0870375 0.392941 -0.915435
35.8128 69.8474 -99.2702 0.0931733 0.392313 -0.915101
34.1208 71.028 -98.9375 0.0935282 0.391009 -0.915622
32.3164 72.1457 -98.6393 0.0870563 0.394574 -0.914722
30.5311 73.0789 -98.3877 0.082717 0.40626 -0.910006
28.6496 74.0054 -98.1429 0.0805327 0.401976 -0.912088
26.8174 74.9421 -97.9073 0.088008 0.375073 -0.922808
24.946 75.6716 -97.7653 0.0710783 0.371028 -0.925897
23.0204 76.3388 -97.6457 0.0710972 0.370981 -0.925915
21.0398 76.8393 -97.6105 0.0912326 0.364311 -0.926798
19.063 77.1461 -97.6783 0.0695862 0.345062 -0.935988
17.0384 77.4548 -97.7044 0.0622879 0.342467 -0.937463
15.0664 77.792 -97.7133 0.0649842 0.341195 -0.937743
13.0355 78.1913 -97.7277 0.0770887 0.338991 -0.937626
10.9896 78.4409 -97.7952 0.0661462 0.338637 -0.938589
8.94826 78.2858 -97.9946 0.0665826 0.337519 -0.938961
6.93066 78.1113 -98.2268 0.0949795 0.321516 -0.942128
5.37654 77.4073 -98.6239 0.0962403 0.32015 -0.942466
5.32859 75.5475 -99.2605 0.0938537 0.319918 -0.942783
1.84962 75.5894 -99.6036 0.0969965 0.320191 -0.942374
1.87638 73.6644 -100.228 0.0991869 0.297313 -0.949614
1.87514 71.6172 -100.864 0.0979619 0.294954 -0.950477
1.85639 69.6111 -101.489 0.0975945 0.295089 -0.950472
1.85517 67.6649 -102.094 0.0962279 0.29881 -0.949446
1.8666 65.6804 -102.734 0.0650006 0.315214 -0.946792
1.85734 63.7095 -103.388 0.0505575 0.31561 -0.947541
1.85803 61.673 -104.061 0.0474904 0.310856 -0.949266
1.86972 59.6921 -104.678 0.0384051 0.294924 -0.954749
1.88012 57.7453 -105.279 0.0383876 0.294935 -0.954746
1.85415 55.8323 -105.871 0.0383803 0.294946 -0.954743
1.89 53.7842 -106.503 0.038266 0.295143 -0.954687
1.88176 51.8698 -107.106 0.00345762 0.310211 -0.950661
1.86523 49.8577 -107.774 -0.0180747 0.323645 -0.946006
1.89471 47.9345 -108.449 -0.026578 0.340955 -0.939704
2.47049 46.2398 -109.083 -0.0260341 0.343431 -0.938817
4.55809 45.8384 -109.289 -0.0266836 0.344133 -0.938542
6.64307 45.4357 -109.496 -0.0266875 0.344143 -0.938538
8.67244 45.0393 -109.697 -0.0227936 0.347931 -0.937243
10.7162 44.6442 -109.876 -0.0126879 0.351838 -0.935975
12.873 44.2075 -110.076 -0.0157964 0.352616 -0.935635
14.9335 43.8266 -110.252 -0.012406 0.352434 -0.935754
16.8444 43.1139 -110.543 -0.0108594 0.352469 -0.93576
18.7344 42.2814 -110.878 -0.00819811 0.354128 -0.935159
20.5846 41.472 -111.195 0.00158839 0.357743 -0.933819
22.4857 40.6197 -111.493 0.0185875 0.358052 -0.933515
24.5367 39.7971 -111.784 0.012557 0.365465 -0.930741
26.5034 39.0097 -112.066 0.0125513 0.365451 -0.930746
28.4661 38.2222 -112.349 0.0135852 0.365688 -0.930638
30.3736 37.4514 -112.598 0.0467923 0.375208 -0.925759
32.1894 36.609 -112.835 0.0521752 0.369916 -0.927599
33.9952 35.6931 -113.103 0.0501009 0.369799 -0.92776
35.8416 34.7317 -113.382 0.0486036 0.368127 -0.928504
37.6697 33.7208 -113.704 0.0467606 0.373845 -0.92631
39.5372 32.7533 -113.973 0.0669625 0.370723 -0.926326
41.4219 31.7068 -114.246 0.0723266 0.365902 -0.927839
43.1184 30.6644 -114.518 0.0776288 0.366643 -0.927117
44.8189 29.5933 -114.8 0.0771312 0.367264 -0.926913
46.5508 28.5305 -115.077 0.0771158 0.367259 -0.926916
48.2097 27.45 -115.367 0.0771616 0.367293 -0.926899
49.9594 26.3701 -115.649 0.0793488 0.367506 -0.92663
51.6548 25.3335 -115.92 0.0691823 0.374064 -0.924819
53.4565 24.0498 -116.305 0.0679565 0.368824 -0.927012
55.1439 22.8468 -116.657 0.0685364 0.367216 -0.927607
56.658 21.5189 -117.08 0.0574126 0.375687 -0.924962
56.8256 19.6602 -117.832 0.0524252 0.379361 -0.923762
55.6091 18.184 -118.508 0.0525344 0.379504 -0.923698
54.2483 16.8515 -119.133 0.0525498 0.379528 -0.923687
52.8334 15.5295 -119.757 0.0526583 0.38058 -0.923247
51.3505 14.1409 -120.414 0.0515836 0.380719 -0.923251
49.8412 12.859 -121.021 0.0480242 0.37961 -0.923899
48.2802 11.5874 -121.627 0.0499504 0.380645 -0.923371
46.7616 10.3683 -122.213 0.0494409 0.381613 -0.922999
45.2264 9.13174 -122.805 0.0482424 0.381671 -0.923039
43.5514 7.98093 -123.371 0.0548179 0.383735 -0.921815
41.7504 6.85114 -123.954 0.0569653 0.384733 -0.921269
40.0312 5.76864 -124.511 0.0568553 0.383299 -0.921873
38.2977 4.70422 -125.059 0.0560795 0.382234 -0.922362
36.5565 3.64216 -125.61 0.0584005 0.386435 -0.920466
34.6952 2.83959 -126.073 0.066997 0.38786 -0.91928
32.8597 2.11799 -126.514 0.0691567 0.386225 -0.919809
34.0369 1.74186 -126.582 0.0707497 0.383527 -0.920815
36.0731 1.7692 -126.42 0.0657092 0.379474 -0.922866
38.1644 1.75648 -126.284 0.0596085 0.380247 -0.922962
40.2836 1.7688 -126.143 0.0588204 0.379726 -0.923227
42.3043 1.7286 -126.032 0.0587431 0.378361 -0.923792
44.3357 1.75726 -125.887 0.061317 0.376206 -0.924505
46.4513 1.75207 -125.767 0.0472806 0.376969 -0.925018
48.5214 1.75482 -125.666 0.0440949 0.379631 -0.924086
50.6148 1.78215 -125.551 0.0471167 0.381665 -0.923099
52.6288 1.77285 -125.452 0.0467452 0.381913 -0.923015
54.78 1.7415 -125.351 0.050428 0.383539 -0.922147
56.8143 1.75894 -125.237 0.0510437 0.385119 -0.921454
58.8891 1.76739 -125.124 0.0464029 0.389162 -0.92
60.9013 1.76148 -125.026 0.0464132 0.38937 -0.919911
62.9771 1.69341 -124.944 0.0501486 0.388849 -0.919936
65.0982 1.71636 -124.825 0.0460164 0.39783 -0.916303
67.1503 1.71178 -124.722 0.0534348 0.404208 -0.913105
69.1927 1.68097 -124.604 0.0603065 0.408301 -0.910853
71.2978 1.71453 -124.433 0.0682324 0.396882 -0.91533
73.3072 1.71085 -124.284 0.0681073 0.393836 -0.916654
75.3917 1.72003 -124.119 0.0726142 0.392482 -0.916889
77.6114 1.69459 -123.954 0.0722345 0.392264 -0.917012
79.7543 1.77629 -123.752 0.0715723 0.392225 -0.917081
81.8035 1.74878 -123.604 0.0716541 0.392242 -0.917067
83.5252 2.48216 -123.154 0.0727573 0.392892 -0.916702
84.7181 4.05918 -122.388 0.0711017 0.390223 -0.917971
85.7934 5.7178 -121.603 0.0686821 0.388749 -0.91878
86.8533 7.41816 -120.805 0.0683359 0.389263 -0.918588
87.8843 9.01481 -120.053 0.0656264 0.388693 -0.919027
88.8892 10.6124 -119.304 0.0658066 0.390811 -0.918116
89.874 12.1983 -118.559 0.0663513 0.390071 -0.918391
90.8997 13.8683 -117.777 0.0657701 0.389204 -0.918801
91.8263 15.5046 -117.018 0.0642058 0.389366 -0.918843
92.7627 17.1158 -116.269 0.0649745 0.391 -0.918094
93.6503 18.7994 -115.49 0.0658266 0.389778 -0.918553
93.8056 20.4586 -114.773 0.0660364 0.395696 -0.916003
92.4887 21.9695 -114.211 0.068547 0.401765 -0.913174
91.2142 23.4459 -113.657 0.0684867 0.401764 -0.913179
89.863 25.0103 -113.07 0.0698867 0.401124 -0.913354
88.4593 26.5237 -112.53 0.0809852 0.39688 -0.914291
87.0991 27.9444 -112.036 0.0790299 0.392476 -0.916361
85.7025 29.3468 -111.56 0.0790617 0.3887 -0.917966
84.2754 30.8797 -111.034 0.0790619 0.388697 -0.917967
82.7646 32.4162 -110.513 0.0790828 0.38872 -0.917956
81.4161 33.8163 -110.037 0.0790638 0.388718 -0.917958
80.0289 35.2797 -109.535 0.0768652 0.38857 -0.918207
78.6316 36.8122 -108.997 0.0731577 0.39064 -0.917632
77.3092 38.2798 -108.473 0.0756722 0.392997 -0.916421
75.9929 39.7166 -107.967 0.0837988 0.390714 -0.91668
74.6166 41.2049 -107.475 0.0952978 0.386613 -0.917305
73.2703 42.6173 -107.02 0.0953347 0.386603 -0.917305
71.9239 44.0268 -106.562 0.0873346 0.384121 -0.919143
70.4755 45.501 -106.075 0.0804705 0.384749 -0.919507
69.0712 46.8586 -105.627 0.0785453 0.385369 -0.919414
67.6028 48.1791 -105.199 0.0785183 0.385397 -0.919404
66.1012 49.584 -104.739 0.0798105 0.385057 -0.919435
64.5991 50.9927 -104.298 0.0939999 0.378619 -0.920767
63.0532 52.3055 -103.915 0.0940099 0.380923 -0.919815
61.421 53.6863 -103.512 0.0917121 0.374347 -0.922742
59.8958 55.0372 -103.115 0.0900282 0.371894 -0.923899
58.4037 56.317 -102.747 0.0901531 0.371387 -0.924091
56.9269 57.7155 -102.313 0.0862377 0.396331 -0.914048
55.4737 59.0891 -101.85 0.0885793 0.40358 -0.910646
54.0424 60.4353 -101.395 0.0974609 0.405245 -0.908998
52.6265 61.8083 -100.949 0.107471 0.401163 -0.90968
51.1745 63.1644 -100.509 0.106587 0.412327 -0.904779
49.592 64.456 -100.112 0.110568 0.410485 -0.905139
47.9345 65.5602 -99.814 0.110298 0.410383 -0.905218
46.3067 66.6849 -99.5061 0.108594 0.404213 -0.908195
44.5525 67.8772 -99.1873 0.108762 0.402187 -0.909075
42.8378 69.0605 -98.8691 0.108716 0.402051 -0.90914
41.1779 70.1447 -98.5846 0.104358 0.40387 -0.908844
39.4417 71.3962 -98.2279 0.104534 0.403579 -0.908954
37.7521 72.5271 -97.9181 0.0996802 0.399498 -0.911299
36.0708 73.7075 -97.5842 0.0931379 0.396317 -0.913376
34.3297 74.7572 -97.2875 0.0794054 0.405886 -0.910468
32.4935 75.6992 -97.025 0.0787256 0.407096 -0.909986
30.6717 76.6288 -96.7701 0.0840552 0.410759 -0.907861
28.8717 77.5556 -96.5182 0.0853093 0.409707 -0.908219
26.9644 78.405 -96.379 0.133402 0.402465 -0.905662
24.9648 79.1697 -96.334 0.126465 0.394548 -0.910131
23.054 79.7936 -96.26 0.0739604 0.369837 -0.926148
20.9675 80.214 -96.2993 0.0976048 0.361986 -0.92706
18.8909 80.5389 -96.3912 0.0976678 0.361974 -0.927058
16.8783 80.8668 -96.4615 0.0772106 0.348618 -0.934079
14.8988 81.2168 -96.4803 0.0750492 0.339092 -0.937753
12.8535 81.6315 -96.4987 0.0772452 0.339048 -0.937592
10.8167 81.8422 -96.5819 0.0691908 0.33354 -0.940194
8.66659 81.678 -96.8374 0.095812 0.320093 -0.942529
6.62966 81.4967 -97.1069 0.0962144 0.320126 -0.942477
4.63551 81.331 -97.3667 0.0962147 0.320149 -0.942469
2.65215 81.1864 -97.6113 0.0803949 0.332561 -0.939574
1.85452 79.9427 -98.1051 0.0579652 0.331969 -0.941508
1.85342 78.0172 -98.7757 0.0839017 0.326637 -0.941418
1.85191 76.0691 -99.4403 0.0966627 0.320768 -0.942212
1.84925 75.7464 -99.5503 0.0969873 0.320171 -0.942382
7.25517 75.6622 -99.0594 0.0684553 0.335976 -0.93938
9.4633 75.6148 -98.9216 0.065793 0.338549 -0.938646
11.4876 75.5706 -98.7956 0.0659172 0.338499 -0.938655
13.6565 75.517 -98.6446 0.0735077 0.338791 -0.937986
15.6756 75.4722 -98.5192 0.0622817 0.342473 -0.937461
17.7203 75.4289 -98.3992 0.0622961 0.342481 -0.937457
19.3164 75.3947 -98.3054 0.0628047 0.343028 -0.937223
29.1855 71.9449 -98.9651 0.0666133 0.379113 -0.92295
27.1756 71.9946 -99.0918 0.0683061 0.379723 -0.922575
25.1176 72.0479 -99.2277 0.0716955 0.378437 -0.922846
23.0571 72.1014 -99.3653 0.068899 0.377834 -0.923306
20.9254 72.1363 -99.4583 0.0387314 0.360398 -0.931994
18.7742 72.17 -99.5496 0.0477984 0.36027 -0.931623
16.6874 72.2062 -99.6498 0.0554265 0.349674 -0.935231
14.5596 72.2498 -99.7707 0.0626412 0.342501 -0.937427
12.5441 72.2957 -99.8995 0.0725254 0.339077 -0.937959
10.4796 72.3418 -100.031 0.0658007 0.338541 -0.938648
8.32927 72.3865 -100.16 0.0599814 0.329198 -0.942354
7.20225 72.4047 -100.213 0.0472739 0.318174 -0.946853
7.29139 69.1257 -101.301 0.0461157 0.315579 -0.947778
9.34073 69.0954 -101.212 0.0461357 0.315583 -0.947776
11.3474 69.0653 -101.124 0.0462608 0.31581 -0.947694
13.4208 69.0341 -101.035 0.0457966 0.357028 -0.93297
15.4515 69.0018 -100.945 0.0475498 0.360368 -0.931598
17.5615 68.9676 -100.85 0.0475505 0.360393 -0.931588
19.5631 68.9347 -100.761 0.0466107 0.360801 -0.931478
21.5835 68.9068 -100.685 0.0339102 0.361287 -0.931838
23.7148 68.881 -100.616 0.0434815 0.365677 -0.929726
25.7702 68.8345 -100.496 0.0692319 0.379821 -0.922466
27.7865 68.7845 -100.368 0.0677265 0.379771 -0.922598
29.8306 68.7338 -100.239 0.0677454 0.379731 -0.922613
31.8455 68.6837 -100.112 0.0682421 0.379745 -0.922571
33.9659 68.6246 -99.9624 0.08422 0.38436 -0.919334
34.5528 68.6063 -99.9163 0.0842196 0.385349 -0.91892
39.4529 65.2694 -100.874 0.0900749 0.388977 -0.916833
37.4284 65.3358 -101.039 0.0851259 0.389758 -0.916975
35.3296 65.3977 -101.195 0.0748534 0.380447 -0.921769
33.2431 65.4548 -101.339 0.0738642 0.380363 -0.921883
31.1973 65.5086 -101.475 0.0676222 0.382421 -0.92151
29.0742 65.5608 -101.608 0.0672079 0.382569 -0.921479
27.0562 65.6072 -101.726 0.0537161 0.369053 -0.927855
24.9055 65.6456 -101.827 0.0415453 0.361283 -0.93153
22.8032 65.6717 -101.895 0.0339281 0.361287 -0.931837
20.7872 65.6962 -101.96 0.0355416 0.362483 -0.931312
18.5983 65.7295 -102.05 0.0474744 0.360122 -0.931697
16.5982 65.7587 -102.129 0.0334111 0.346558 -0.937433
14.4955 65.7792 -102.186 0.025801 0.336122 -0.941465
12.4525 65.796 -102.234 0.0201998 0.334653 -0.942125
10.3336 65.8077 -102.268 0.0318731 0.321856 -0.946252
8.21923 65.8359 -102.351 0.0461026 0.315624 -0.947764
7.21673 65.8504 -102.395 0.0461149 0.315581 -0.947777
7.42022 62.5736 -103.479 0.037471 0.318715 -0.94711
9.56284 62.5579 -103.432 0.0106822 0.337154 -0.941389
11.5691 62.551 -103.41 0.0148041 0.337808 -0.941099
13.6557 62.5355 -103.366 0.0256774 0.336036 -0.941499
15.7947 62.5168 -103.315 0.0256754 0.336023 -0.941504
17.9045 62.4981 -103.264 0.0259168 0.336555 -0.941307
19.9189 62.4825 -103.223 0.0193841 0.35113 -0.936126
21.9347 62.4627 -103.171 0.0331368 0.360715 -0.932087
23.9342 62.4386 -103.107 0.0340352 0.361136 -0.931892
26.0114 62.4075 -103.027 0.0495479 0.360903 -0.931286
28.111 62.3696 -102.93 0.0495457 0.36087 -0.931299
30.1609 62.3325 -102.835 0.0491237 0.36172 -0.930992
32.2086 62.2892 -102.726 0.0650292 0.374968 -0.924754
34.3605 62.2312 -102.581 0.0737259 0.381087 -0.921595
36.4284 62.1745 -102.439 0.0737288 0.381087 -0.921595
38.5933 62.114 -102.288 0.0791926 0.38382 -0.920006
40.6553 62.0449 -102.116 0.0909025 0.386199 -0.917926
42.7112 61.9738 -101.941 0.0919552 0.387742 -0.91717
44.5377 61.9094 -101.784 0.0940674 0.388594 -0.916595
48.664 58.5787 -102.77 0.0943077 0.387836 -0.916891
46.5763 58.6538 -102.953 0.0935378 0.386641 -0.917474
44.5364 58.7257 -103.128 0.0903856 0.385621 -0.918219
42.5428 58.7943 -103.295 0.0905095 0.385488 -0.918263
40.5429 58.863 -103.464 0.0904083 0.385182 -0.918401
38.489 58.9253 -103.617 0.0737339 0.381176 -0.921557
36.4833 58.979 -103.751 0.0657486 0.373068 -0.925471
34.3873 59.0283 -103.874 0.0602528 0.365541 -0.928843
32.3693 59.0726 -103.985 0.0546659 0.365029 -0.92939
30.3264 59.1107 -104.08 0.0485704 0.362143 -0.930856
28.3258 59.1468 -104.17 0.0485513 0.362138 -0.930859
26.3185 59.1829 -104.261 0.0487989 0.361651 -0.931035
24.295 59.2139 -104.339 0.0305906 0.351838 -0.935561
22.2905 59.2307 -104.382 0.0216781 0.349195 -0.936799
20.2262 59.2468 -104.423 0.0216206 0.349155 -0.936816
18.2168 59.2612 -104.461 0.0168467 0.350827 -0.936289
16.2071 59.2709 -104.486 0.0133691 0.352119 -0.93586
14.1157 59.2827 -104.518 0.0220486 0.343818 -0.938777
12.0739 59.2991 -104.564 0.0212408 0.336224 -0.941543
10.0631 59.3085 -104.591 0.0106016 0.337414 -0.941297
8.04457 59.3149 -104.611 0.0112642 0.336307 -0.941685
7.34149 59.3167 -104.617 0.0101377 0.335438 -0.942008
7.23752 56.0563 -105.74 0.00471059 0.323341 -0.946271
9.24017 56.0534 -105.731 0.00457786 0.323424 -0.946243
11.4298 56.0547 -105.735 -0.0094958 0.33465 -0.942295
13.499 56.0507 -105.725 0.0135773 0.344666 -0.938627
15.5056 56.0408 -105.699 0.0135669 0.344633 -0.93864
17.6155 56.0304 -105.673 0.0132411 0.344781 -0.93859
19.6965 56.0185 -105.643 0.0205693 0.350957 -0.936166
21.7774 56.0023 -105.602 0.0211893 0.351162 -0.936075
23.7911 55.9887 -105.569 0.0124996 0.356321 -0.93428
25.8327 55.9726 -105.53 0.041895 0.360183 -0.93194
27.9279 55.9354 -105.438 0.04796 0.361156 -0.931271
30.0375 55.8975 -105.344 0.0481531 0.361273 -0.931216
32.1385 55.8593 -105.25 0.0485439 0.361735 -0.931016
34.2302 55.817 -105.146 0.0595089 0.36499 -0.929108
36.3098 55.7703 -105.03 0.0598591 0.365213 -0.928998
38.349 55.7244 -104.917 0.0596121 0.36681 -0.928384
40.4741 55.6753 -104.796 0.0649687 0.374246 -0.925051
42.4773 55.6108 -104.639 0.0902688 0.385684 -0.918204
44.532 55.5401 -104.466 0.0902803 0.385679 -0.918205
46.6582 55.4661 -104.286 0.0935628 0.386162 -0.917674
48.656 55.3946 -104.112 0.0937649 0.386166 -0.917651
50.6978 55.3214 -103.933 0.0946229 0.384723 -0.918169
51.9475 55.2753 -103.821 0.0973642 0.383402 -0.918435
55.7031 51.9503 -104.814 0.0942412 0.382003 -0.919344
53.6641 52.0237 -104.995 0.0974684 0.383213 -0.918503
51.5986 52.1004 -105.183 0.0978573 0.38328 -0.918434
49.5482 52.1768 -105.37 0.0977161 0.383404 -0.918397
47.5214 52.2509 -105.551 0.0938785 0.38596 -0.917726
45.431 52.3235 -105.728 0.0885955 0.383944 -0.919096
43.3266 52.3863 -105.881 0.0730939 0.36736 -0.927202
41.3236 52.4416 -106.015 0.0722014 0.366848 -0.927475
39.2932 52.4932 -106.141 0.0597611 0.369257 -0.927404
37.2788 52.5387 -106.252 0.0593525 0.369348 -0.927394
35.2603 52.5829 -106.359 0.0517716 0.365677 -0.929301
33.1441 52.6217 -106.454 0.047803 0.361228 -0.931251
31.0417 52.6603 -106.548 0.0480738 0.361161 -0.931263
28.9554 52.6982 -106.64 0.0475454 0.360887 -0.931397
26.9341 52.734 -106.729 0.0470036 0.360537 -0.93156
24.7891 52.7623 -106.797 0.00973025 0.357231 -0.933965
22.7755 52.7691 -106.811 0.00766241 0.359158 -0.933245
20.6817 52.777 -106.828 0.0132646 0.352342 -0.935777
18.5936 52.7869 -106.851 0.0129315 0.344867 -0.938562
16.5228 52.7973 -106.876 0.0131298 0.344799 -0.938585
14.3557 52.8083 -106.903 0.0133055 0.344789 -0.938586
12.2595 52.8074 -106.898 -0.0125678 0.334046 -0.942473
10.1861 52.7992 -106.873 -0.0125661 0.334055 -0.94247
8.1289 52.7928 -106.854 -0.00335269 0.328623 -0.944455
7.24482 52.7932 -106.855 0.0047061 0.323321 -0.946278
11.8744 49.5587 -108.054 -0.0117557 0.349198 -0.936975
13.9364 49.5662 -108.078 -0.0117905 0.345955 -0.938177
16.0084 49.5691 -108.089 0.00227304 0.361114 -0.932519
18.0127 49.5658 -108.084 0.00334585 0.363961 -0.931408
20.1703 49.5618 -108.078 0.00334975 0.364007 -0.93139
22.1873 49.5569 -108.069 0.00847313 0.36356 -0.931532
24.1903 49.5472 -108.05 0.011979 0.36281 -0.931786
26.2915 49.5269 -108.003 0.0457138 0.363406 -0.930509
28.3729 49.4897 -107.912 0.0471397 0.361547 -0.931161
30.3733 49.4536 -107.825 0.0471068 0.360973 -0.931386
32.4862 49.4152 -107.732 0.047623 0.36204 -0.930945
34.5107 49.378 -107.643 0.047637 0.361298 -0.931233
36.6822 49.3381 -107.547 0.047647 0.361334 -0.931218
38.6832 49.2982 -107.452 0.0590726 0.368837 -0.927615
40.7398 49.2457 -107.325 0.0725819 0.366816 -0.927458
42.7684 49.1896 -107.189 0.07185 0.368424 -0.926877
44.8753 49.1319 -107.049 0.0710658 0.370018 -0.926302
46.9357 49.0741 -106.909 0.0835593 0.372606 -0.92422
49.0563 48.9996 -106.726 0.0953871 0.368686 -0.924647
51.0632 48.9268 -106.548 0.0955849 0.368816 -0.924575
53.0915 48.8531 -106.368 0.09441 0.370966 -0.923835
55.1044 48.7798 -106.189 0.0931299 0.37603 -0.921915
57.098 48.708 -106.014 0.0962171 0.376841 -0.921267
59.1539 48.633 -105.831 0.0959905 0.376588 -0.921394
59.5575 48.6183 -105.794 0.0959949 0.376573 -0.9214
63.165 45.2916 -106.793 0.0807928 0.384768 -0.919471
61.0882 45.3627 -106.966 0.0958511 0.377063 -0.921215
59.0958 45.4358 -107.143 0.0959706 0.376561 -0.921407
57.0242 45.5117 -107.328 0.0959685 0.376599 -0.921392
54.8806 45.5871 -107.511 0.0889349 0.376101 -0.922301
52.7589 45.6588 -107.686 0.0887482 0.375858 -0.922418
50.691 45.7307 -107.861 0.0950892 0.369796 -0.924234
48.5809 45.8072 -108.048 0.0953954 0.36869 -0.924645
46.5028 45.8789 -108.223 0.0776243 0.368967 -0.926195
44.2946 45.9399 -108.37 0.0710315 0.370238 -0.926217
42.1972 45.9971 -108.508 0.0706945 0.370019 -0.92633
40.0658 46.0542 -108.646 0.0646643 0.368048 -0.927556
38.0226 46.0981 -108.75 0.0506814 0.366936 -0.928865
35.9871 46.1373 -108.842 0.0488434 0.367647 -0.928682
33.9651 46.1759 -108.933 0.0488469 0.36765 -0.92868
31.9461 46.2132 -109.021 0.0422891 0.366204 -0.929573
29.9447 46.2456 -109.098 0.0428392 0.365119 -0.929975
27.9328 46.281 -109.183 0.0468123 0.362074 -0.930973
25.8066 46.3119 -109.255 0.0228054 0.356237 -0.934117
23.6868 46.3318 -109.299 0.0222318 0.356754 -0.933934
22.0155 46.3442 -109.326 0.0122992 0.361076 -0.932455
29.89 43.035 -110.364 0.0414828 0.366364 -0.929546
32.0327 42.9996 -110.283 0.0413992 0.36592 -0.929725
34.2055 42.961 -110.193 0.0486749 0.367611 -0.928705
36.2441 42.9207 -110.1 0.0517147 0.365778 -0.929264
38.2544 42.8795 -110.004 0.0519964 0.365546 -0.92934
40.278 42.8374 -109.905 0.0575975 0.367693 -0.928162
42.3755 42.7832 -109.775 0.0698305 0.368926 -0.926832
44.5381 42.725 -109.635 0.069821 0.368919 -0.926835
46.6167 42.6668 -109.495 0.0824703 0.368507 -0.92596
48.6324 42.5987 -109.33 0.0893614 0.375184 -0.922633
50.6517 42.5303 -109.164 0.0885492 0.376095 -0.92234
52.7033 42.4608 -108.995 0.0885427 0.376103 -0.922338
54.8064 42.3896 -108.822 0.088573 0.37611 -0.922332
56.8177 42.32 -108.654 0.0943193 0.375854 -0.921866
58.9335 42.2425 -108.465 0.0959683 0.376653 -0.92137
60.9283 42.1723 -108.295 0.0797716 0.384732 -0.919575
62.9321 42.1109 -108.146 0.0800312 0.385256 -0.919333
64.9926 42.0478 -107.993 0.0799015 0.385207 -0.919365
66.6971 41.9962 -107.868 0.0786249 0.385316 -0.919429
69.8988 38.7093 -108.965 0.0800849 0.384498 -0.919646
67.8893 38.7714 -109.114 0.0800915 0.384519 -0.919636
65.7912 38.8359 -109.27 0.0795924 0.384981 -0.919486
63.5903 38.9034 -109.433 0.0800685 0.385231 -0.91934
61.5343 38.9664 -109.585 0.0800346 0.38525 -0.919335
59.4914 39.0291 -109.737 0.0802845 0.38407 -0.919807
57.4661 39.0976 -109.903 0.0935895 0.377019 -0.921465
55.3419 39.1717 -110.083 0.0886156 0.376035 -0.922358
53.2258 39.2435 -110.257 0.0885706 0.376104 -0.922334
51.0657 39.3145 -110.429 0.0842504 0.367594 -0.926162
48.9873 39.3806 -110.589 0.0821683 0.364904 -0.927412
46.7701 39.4485 -110.752 0.0737221 0.362352 -0.929121
44.7531 39.5052 -110.888 0.0725517 0.36293 -0.928988
42.665 39.5636 -111.028 0.0725844 0.363361 -0.928816
40.5979 39.6182 -111.158 0.058199 0.370057 -0.927184
38.5547 39.661 -111.258 0.0532261 0.372581 -0.926472
37.2972 39.6873 -111.319 0.0529866 0.371877 -0.926768
43.307 36.3321 -112.254 0.077521 0.36868 -0.926318
45.3187 36.272 -112.11 0.0772765 0.368375 -0.92646
47.3244 36.2146 -111.972 0.0725466 0.362924 -0.92899
49.3581 36.1535 -111.826 0.081726 0.364895 -0.927455
51.384 36.0895 -111.672 0.0821702 0.364932 -0.927401
53.432 36.0252 -111.516 0.0817135 0.365374 -0.927267
55.4769 35.961 -111.361 0.0822044 0.366198 -0.926899
57.6087 35.8975 -111.207 0.0763524 0.379538 -0.92202
59.6262 35.8361 -111.058 0.0809044 0.38177 -0.92071
61.83 35.7678 -110.893 0.0808835 0.381789 -0.920704
63.8306 35.7057 -110.743 0.0809015 0.381799 -0.920698
65.8949 35.6431 -110.592 0.0764603 0.383151 -0.920516
68.0503 35.5777 -110.435 0.079951 0.384089 -0.919828
70.0501 35.5159 -110.287 0.0799471 0.384112 -0.919819
72.0761 35.4532 -110.137 0.0800408 0.384206 -0.919771
72.9302 35.4267 -110.074 0.079863 0.384611 -0.919617
75.9607 32.1523 -111.201 0.0747735 0.386859 -0.919102
73.9262 32.2113 -111.341 0.0742356 0.38658 -0.919263
71.7772 32.2741 -111.491 0.0785089 0.384001 -0.919989
69.6866 32.3386 -111.645 0.079922 0.384118 -0.919818
67.6507 32.4005 -111.794 0.0764375 0.382489 -0.920793
65.5586 32.4617 -111.941 0.0757992 0.382356 -0.920901
63.5319 32.5231 -112.089 0.0808508 0.381763 -0.920717
61.422 32.5887 -112.247 0.0808529 0.381763 -0.920717
59.3737 32.6481 -112.39 0.0716829 0.375062 -0.924224
57.368 32.7023 -112.521 0.0687568 0.374224 -0.924786
55.2441 32.7582 -112.657 0.0750552 0.372238 -0.925098
53.2105 32.8195 -112.805 0.0811135 0.367729 -0.926389
51.113 32.8845 -112.963 0.0810848 0.367723 -0.926394
49.1118 32.9465 -113.113 0.0796558 0.367191 -0.926728
54.4102 29.5758 -114.003 0.0686003 0.373078 -0.92526
56.4681 29.5227 -113.874 0.0675436 0.374127 -0.924915
58.5466 29.4683 -113.742 0.0698945 0.374115 -0.924745
60.5976 29.4125 -113.607 0.0712025 0.374537 -0.924474
62.6061 29.3575 -113.474 0.0720299 0.375831 -0.923885
64.7468 29.2946 -113.323 0.0775169 0.382083 -0.920871
66.9236 29.231 -113.17 0.0757458 0.382418 -0.92088
68.9602 29.1714 -113.027 0.0762428 0.382506 -0.920802
70.9581 29.1117 -112.884 0.076584 0.386219 -0.919223
72.9796 29.0535 -112.745 0.0739826 0.386532 -0.919304
75.0695 28.9933 -112.602 0.0745334 0.386585 -0.919237
77.1016 28.9343 -112.462 0.0745382 0.386688 -0.919193
79.1253 28.8759 -112.323 0.0720619 0.387396 -0.919093
82.1263 25.6091 -113.469 0.0707856 0.387472 -0.91916
80.0329 25.6671 -113.606 0.0712124 0.387613 -0.919067
77.9907 25.7246 -113.742 0.0736097 0.386987 -0.919142
75.8746 25.7857 -113.887 0.0740837 0.387058 -0.919075
73.7524 25.8466 -114.031 0.0739495 0.386482 -0.919328
71.7466 25.9041 -114.168 0.0732533 0.386213 -0.919496
69.6578 25.963 -114.309 0.0740898 0.384801 -0.920021
67.4621 26.027 -114.462 0.0757374 0.384709 -0.919925
65.4617 26.0844 -114.6 0.0720494 0.382121 -0.921299
63.4529 26.1371 -114.727 0.0662929 0.381126 -0.922143
61.4239 26.1892 -114.853 0.0679841 0.378123 -0.923256
59.4026 26.2431 -114.983 0.0708667 0.374516 -0.924508
59.2002 26.2486 -114.996 0.0703563 0.374643 -0.924496
61.7507 22.9881 -116.15 0.0655294 0.380137 -0.922606
63.8302 22.9353 -116.023 0.0663068 0.381122 -0.922144
65.8537 22.8823 -115.895 0.0701534 0.381506 -0.9217
67.9046 22.8263 -115.761 0.0719929 0.382635 -0.92109
69.9732 22.7684 -115.623 0.0719549 0.385577 -0.919866
72.0916 22.7092 -115.482 0.0720386 0.385758 -0.919783
74.2699 22.6473 -115.335 0.0733424 0.386693 -0.919287
76.3721 22.5876 -115.193 0.0736897 0.386786 -0.91922
78.5139 22.5264 -115.049 0.0718694 0.387475 -0.919075
80.5849 22.4686 -114.912 0.0712569 0.387671 -0.919039
82.6583 22.4109 -114.776 0.0706777 0.387621 -0.919105
84.6754 22.3549 -114.645 0.0706746 0.387516 -0.91915
85.468 22.3328 -114.593 0.0707241 0.387675 -0.919079
87.7392 19.0893 -115.793 0.0685217 0.389331 -0.918545
85.7407 19.1445 -115.922 0.0704893 0.389404 -0.918366
83.7056 19.2007 -116.054 0.0696662 0.388773 -0.918696
81.6801 19.256 -116.184 0.0702459 0.388374 -0.91882
79.6548 19.3122 -116.317 0.0709262 0.388342 -0.918782
77.539 19.371 -116.455 0.0712504 0.38794 -0.918926
75.5324 19.4277 -116.589 0.0726624 0.386784 -0.919303
73.507 19.4844 -116.724 0.0698601 0.386625 -0.919587
71.4331 19.5414 -116.859 0.0715209 0.384631 -0.920295
69.3317 19.5998 -116.998 0.0710467 0.38459 -0.920349
67.2747 19.6544 -117.128 0.0672683 0.384569 -0.920642
65.2358 19.7074 -117.255 0.0654362 0.381227 -0.922163
63.2391 19.7568 -117.374 0.0637455 0.378844 -0.923263
62.2724 19.7806 -117.431 0.0638479 0.378525 -0.923386
61.2545 16.6128 -118.806 0.0634529 0.380884 -0.922443
63.3148 16.5629 -118.686 0.0615469 0.382134 -0.922055
65.4891 16.511 -118.562 0.0631004 0.38211 -0.92196
67.5559 16.4601 -118.441 0.0651206 0.383485 -0.921249
69.564 16.4069 -118.314 0.0704849 0.384879 -0.920272
71.7088 16.3489 -118.177 0.0686821 0.386709 -0.919641
73.7944 16.2929 -118.044 0.0698045 0.387097 -0.919393
75.8917 16.2345 -117.906 0.0707472 0.387862 -0.918998
77.9385 16.178 -117.773 0.0704948 0.388031 -0.918947
79.9407 16.1228 -117.642 0.0706814 0.388187 -0.918866
82.0341 16.0647 -117.506 0.0700368 0.388434 -0.918811
84.129 16.0077 -117.372 0.0692022 0.388269 -0.918944
85.8801 15.9601 -117.26 0.0692168 0.388267 -0.918944
83.9025 12.8329 -118.731 0.0688587 0.389131 -0.918605
81.814 12.8897 -118.865 0.0705114 0.389314 -0.918402
79.7828 12.9459 -118.997 0.0705815 0.38924 -0.918428
77.7699 13.0016 -119.129 0.0705922 0.389217 -0.918437
75.7471 13.0575 -119.26 0.0703618 0.388899 -0.91859
73.602 13.116 -119.398 0.0690291 0.38858 -0.918825
71.5497 13.1713 -119.529 0.0688326 0.38863 -0.918819
69.4186 13.2273 -119.661 0.0644 0.386293 -0.920125
67.3231 13.2785 -119.782 0.0619077 0.386321 -0.920284
65.2886 13.3275 -119.898 0.0614427 0.385573 -0.920629
63.2325 13.3759 -120.014 0.0601947 0.384016 -0.921362
61.0691 13.4266 -120.135 0.0616284 0.382604 -0.921855
58.9676 13.4736 -120.248 0.0555817 0.380089 -0.923278
58.4523 13.4846 -120.274 0.055216 0.379681 -0.923468
55.0879 10.3639 -121.758 0.0548228 0.380028 -0.923349
57.127 10.3213 -121.656 0.05375 0.382107 -0.922554
59.2686 10.2773 -121.55 0.0535525 0.38252 -0.922394
61.3227 10.2341 -121.447 0.0562125 0.38267 -0.922173
63.362 10.187 -121.336 0.0598378 0.384429 -0.921213
65.4181 10.1391 -121.222 0.0597997 0.38446 -0.921203
67.4864 10.0907 -121.108 0.0599738 0.385381 -0.920807
69.5134 10.0413 -120.992 0.0637432 0.387144 -0.919813
71.5255 9.99083 -120.873 0.0633071 0.390065 -0.918609
73.5404 9.93753 -120.748 0.0689716 0.389922 -0.918261
75.5394 9.88332 -120.621 0.0695085 0.390076 -0.918155
77.7011 9.82395 -120.482 0.0704109 0.389896 -0.918163
79.6992 9.76859 -120.351 0.0706774 0.389731 -0.918213
81.8379 9.70939 -120.212 0.0703487 0.389411 -0.918374
81.8829 9.70815 -120.209 0.0703327 0.389418 -0.918372
77.1079 6.66146 -121.87 0.0705556 0.390266 -0.917995
75.099 6.71724 -122.001 0.0690002 0.391953 -0.917394
72.9827 6.77495 -122.135 0.0692718 0.390663 -0.917924
70.9098 6.83031 -122.264 0.0649497 0.392261 -0.917558
68.8149 6.88229 -122.385 0.0625116 0.391806 -0.917922
66.6672 6.93234 -122.502 0.0564428 0.393335 -0.917661
64.4977 6.98053 -122.615 0.056431 0.393324 -0.917667
62.4932 7.02371 -122.717 0.0505884 0.389195 -0.919765
60.4731 7.0647 -122.813 0.053237 0.384157 -0.921731
58.4613 7.1065 -122.913 0.0536731 0.383405 -0.92202
56.451 7.14773 -123.011 0.0530016 0.38263 -0.92238
54.4333 7.18898 -123.11 0.0530457 0.382497 -0.922433
52.2802 7.23094 -123.211 0.0486669 0.382148 -0.922819
51.4005 7.24749 -123.251 0.0490801 0.381681 -0.92299
51.2414 7.25049 -123.258 0.0490777 0.381665 -0.922997
