119.27 3.90746 63.1052 0.0547469 0.709116 0.702913
121.192 3.72971 63.1559 0.0422836 0.719779 0.692915
123.224 3.73045 63.0403 0.0416264 0.746378 0.66422
125.22 3.6999 62.9421 0.0451919 0.753674 0.655693
127.295 3.69456 62.8924 0.00798016 0.751917 0.659204
129.349 3.6304 62.9224 0.0189187 0.759334 0.650426
130.788 4.28821 62.1112 0.019006 0.759942 0.649713
131.481 5.55839 60.5748 0.0177278 0.775904 0.630601
132.157 6.75912 59.0592 0.00575885 0.779198 0.626751
132.819 7.97431 57.5427 0.00496778 0.779605 0.626251
133.502 9.13257 55.985 0.000959528 0.828988 0.559259
134.085 10.2071 54.3907 0.00492952 0.828552 0.55989
134.739 11.3256 52.7276 0.002755 0.83425 0.551357
135.429 12.3723 50.9663 0.00176407 0.869219 0.494424
136.067 13.3497 49.2267 0.0124399 0.881741 0.471515
136.625 14.2218 47.4792 0.0148997 0.89668 0.442428
137.198 15.0602 45.7221 0.0104311 0.906846 0.421334
137.82 15.8664 43.9687 0.00565985 0.910473 0.41353
138.368 16.6355 42.1724 -0.0122606 0.923381 0.383688
138.93 17.4201 40.2691 -0.0103372 0.937036 0.34908
139.472 18.0878 38.3165 -0.00493542 0.953366 0.301645
138.994 18.4811 37.0292 0.00434673 0.95748 0.288468
136.854 18.4488 37.2138 0.0111894 0.955468 0.294881
134.861 18.3769 37.5403 0.0235132 0.953792 0.299449
132.798 18.3648 37.911 0.0588529 0.94912 0.309365
130.659 18.3531 38.3351 0.0531416 0.948321 0.312825
129.298 18.0498 39.4729 0.0751811 0.935541 0.345092
128.632 17.3485 41.4517 0.0935729 0.92466 0.369118
128.062 16.6728 43.2834 0.0894276 0.917323 0.387745
127.439 15.8804 45.0617 0.0665011 0.8891 0.452856
126.753 15.0326 46.8289 0.0659524 0.889274 0.452594
126.041 14.1733 48.5743 0.113479 0.856537 0.503456
125.315 13.2122 50.3412 0.109126 0.854291 0.508207
124.625 12.2733 52.0234 0.0823164 0.839578 0.536914
123.826 11.1822 53.67 0.0560991 0.811066 0.582258
123.155 10.0661 55.29 0.0558315 0.811999 0.580981
122.364 8.98087 56.8285 0.0842339 0.778514 0.621949
121.674 7.82191 58.3435 0.0748548 0.777323 0.624632
120.968 6.66706 59.8555 0.0705073 0.775351 0.627582
120.249 5.44257 61.3286 0.0492182 0.745253 0.664963
119.456 4.22415 62.7595 0.0697162 0.735757 0.673648
119.335 4.03934 62.9647 0.0557986 0.714935 0.69696
116.169 5.16407 61.9964 0.0647356 0.760536 0.646061
115.392 3.88921 63.4185 0.0508341 0.697902 0.714387
114.601 2.46936 64.849 0.0355084 0.693985 0.719114
114.406 1.3051 65.9883 0.024888 0.701708 0.712027
116.565 1.30805 65.8941 0.0347863 0.703554 0.709789
118.665 1.30133 65.7977 0.0312505 0.708255 0.705265
120.748 1.30425 65.6924 0.0341581 0.711808 0.701542
122.77 1.29418 65.6162 0.0323264 0.699571 0.713831
124.863 1.30896 65.5157 0.0293683 0.694981 0.718429
126.864 1.33192 65.4575 -0.00960004 0.701066 0.713032
128.997 1.30835 65.5265 -0.00966123 0.715498 0.698547
131.065 1.28078 65.5661 0.00614165 0.73035 0.682996
133.043 1.48896 65.2931 0.0192759 0.757646 0.652381
133.747 2.86224 63.7145 -0.0417279 0.761388 0.646952
134.423 4.18389 62.2874 -0.067484 0.745402 0.663191
135.056 5.47268 60.884 -0.0681479 0.76443 0.641095
135.754 6.74075 59.3497 -0.0532549 0.789967 0.610825
136.402 7.91563 57.8311 -0.0344367 0.811733 0.583008
137.076 9.08199 56.205 -0.0275652 0.820302 0.571265
137.706 10.2088 54.5569 -0.0391107 0.838522 0.543462
138.336 11.2325 52.9556 -0.00604332 0.867485 0.497427
139.024 12.2402 51.2428 -0.0251532 0.861618 0.506933
139.671 13.2646 49.464 -0.0154829 0.889562 0.456553
140.203 14.1799 47.6931 -0.0285968 0.892478 0.450089
140.822 15.0534 45.8577 -0.0154597 0.912064 0.409754
141.443 15.8871 44.0087 -0.0097393 0.914028 0.405534
142 16.6762 42.1972 -0.018733 0.919736 0.392091
142.564 17.4265 40.3796 -0.00531751 0.941265 0.337626
143.026 18.0157 38.5137 0.0108381 0.960154 0.279261
143.523 18.5887 36.5063 0.016929 0.960672 0.277169
144.016 19.1356 34.5808 0.0169358 0.960678 0.277149
143.974 19.5877 33.0064 0.0204762 0.961589 0.273728
141.916 19.513 33.4003 0.017372 0.960624 0.27731
139.911 19.4904 33.6016 0.0169549 0.960677 0.277152
137.879 19.4805 33.7301 0.0181213 0.957445 0.288045
135.743 19.4553 33.995 0.0217402 0.956093 0.292255
133.771 19.4385 34.3748 0.0600662 0.950661 0.304361
131.77 19.4381 34.7724 0.0604023 0.950608 0.304459
129.727 19.4389 35.1755 0.0604333 0.950581 0.304537
127.68 19.4359 35.5798 0.0611151 0.948455 0.310952
126.47 19.0936 36.9837 0.0895193 0.95222 0.291999
125.886 18.5765 38.8477 0.0904765 0.951976 0.292498
125.282 18.0099 40.8061 0.102683 0.938286 0.330118
124.714 17.3058 42.6262 0.0729222 0.891527 0.447059
124.003 16.4345 44.49 0.0894842 0.896188 0.434538
123.32 15.6684 46.3069 0.119711 0.899291 0.420648
122.658 14.9231 48.0876 0.119042 0.889595 0.440532
121.968 13.9916 49.8561 0.116147 0.832636 0.541406
121.235 12.9025 51.5165 0.0556472 0.812172 0.580759
120.476 11.8016 53.1674 0.105471 0.825259 0.554819
119.713 10.7841 54.8844 0.133222 0.828175 0.544406
118.948 9.77093 56.4713 0.116094 0.77828 0.617092
118.221 8.56674 57.9828 0.0628351 0.747353 0.661449
117.502 7.29554 59.4601 0.0487233 0.743225 0.667265
116.775 6.02807 60.9347 0.0551033 0.750543 0.65852
116.189 5.19187 61.9617 0.0647355 0.760537 0.64606
122.439 5.83856 60.7036 0.05202 0.756126 0.652355
124.55 5.74274 60.6242 0.0586074 0.768142 0.637592
126.615 5.67504 60.5695 0.0183468 0.783403 0.621244
128.624 5.64649 60.5473 0.0193433 0.783487 0.621107
129.666 5.63132 60.5356 0.0187202 0.778038 0.627938
130.887 7.82015 57.7511 0.0057063 0.77931 0.626613
128.813 7.83707 57.7626 0.0157637 0.785169 0.619081
126.66 7.89315 57.804 0.048664 0.775377 0.629621
124.652 7.97168 57.8635 0.0499095 0.774634 0.630438
123.725 8.01019 57.8931 0.059312 0.777986 0.625475
125.192 10.1094 55.0306 0.0570317 0.810839 0.582483
127.189 10.0126 54.9633 0.0643271 0.811864 0.580292
129.198 9.9142 54.8962 0.0338128 0.820043 0.571302
131.215 9.89289 54.8831 0.00623363 0.828781 0.559538
131.957 9.88889 54.881 0.00601601 0.828646 0.559741
133.106 11.833 51.9244 0.00697116 0.861144 0.508314
130.923 11.8446 51.9305 0.0130139 0.862361 0.506127
128.773 11.941 51.9892 0.0670144 0.843644 0.532704
126.688 12.0648 52.0671 0.0776328 0.852438 0.517032
126.516 12.0761 52.0742 0.0752362 0.85399 0.514821
127.873 13.7878 48.9591 0.0641307 0.85978 0.506623
129.872 13.678 48.8982 0.0604665 0.861066 0.504885
131.871 13.5884 48.8495 0.0219049 0.867513 0.496931
133.881 13.5745 48.8432 0.00238462 0.881627 0.471941
134.305 13.5712 48.8417 0.0116345 0.881791 0.471496
135.397 15.1142 45.6567 0.01106 0.903746 0.427927
133.327 15.1348 45.666 0.0181637 0.902991 0.429275
131.27 15.2357 45.7142 0.0803429 0.893035 0.442757
129.266 15.3755 45.7824 0.0728807 0.89101 0.448096
129.039 15.3897 45.7893 0.0682892 0.889297 0.452203
130.176 16.7948 42.5287 0.0732357 0.928803 0.363266
132.199 16.6571 42.4691 0.0720579 0.927711 0.366277
134.21 16.5712 42.432 0.0166365 0.930808 0.36513
136.265 16.5414 42.4185 0.0156866 0.932068 0.361945
135.522 17.8449 39.1272 0.0110156 0.93048 0.366177
137.157 17.8328 39.122 0.0108545 0.945921 0.324217
137.314 17.8305 39.1211 0.0155759 0.948234 0.31719
