-36.7097 5.45299 -33.4028 -0.399146 0.855913 -0.32878
-36.4185 5.71518 -33.0812 -0.40264 0.851451 -0.336025
-36.0342 5.98589 -32.8628 -0.406661 0.846406 -0.343836
-35.6098 6.28098 -32.6445 -0.406914 0.843175 -0.351394
-35.1314 6.61248 -32.4112 -0.40736 0.840331 -0.357604
-34.6686 6.93373 -32.1664 -0.393476 0.846701 -0.358147
-34.223 7.24913 -31.8981 -0.383702 0.853822 -0.351797
-33.713 7.60933 -31.5841 -0.380894 0.852681 -0.357568
-33.1993 7.9703 -31.2689 -0.380195 0.853069 -0.357387
-32.8101 8.23758 -31.0461 -0.381224 0.852327 -0.35806
-32.33 8.55899 -30.7954 -0.383962 0.850626 -0.359177
-31.8417 8.88799 -30.5398 -0.384905 0.850137 -0.359327
-31.4143 9.18483 -30.2942 -0.383222 0.850546 -0.360155
-30.9796 9.49478 -30.0276 -0.385015 0.848027 -0.364159
-30.5335 9.80933 -29.7683 -0.386566 0.846138 -0.366902
-30.162 10.076 -29.5468 -0.387193 0.843853 -0.371474
-29.8073 10.3452 -29.3029 -0.387003 0.845451 -0.368024
-29.4384 10.618 -29.0582 -0.382958 0.849511 -0.36287
-28.9701 10.9474 -28.7786 -0.37764 0.854714 -0.356164
-28.4262 11.3008 -28.5082 -0.37697 0.855204 -0.355692
-27.9722 11.5951 -28.2871 -0.378596 0.853128 -0.358937
-27.5671 11.8645 -28.0697 -0.373896 0.85505 -0.359282
-27.1793 12.1343 -27.8373 -0.378212 0.851608 -0.362931
-26.7267 12.4572 -27.5496 -0.379256 0.851686 -0.361657
-26.3137 12.7474 -27.2947 -0.368217 0.852471 -0.371088
-25.8061 13.101 -26.9884 -0.36833 0.852474 -0.370952
-25.296 13.4349 -26.7206 -0.36254 0.85337 -0.374599
-24.9237 13.6889 -26.5009 -0.359102 0.852553 -0.379736
-24.5523 13.9541 -26.2592 -0.361916 0.850354 -0.381982
-24.1711 14.2213 -26.0263 -0.36255 0.848782 -0.384873
-23.7481 14.5221 -25.7628 -0.363726 0.848527 -0.384324
-23.3627 14.801 -25.5047 -0.354942 0.848386 -0.392736
-22.9681 15.0741 -25.271 -0.346907 0.85157 -0.393045
-22.4935 15.3969 -24.9982 -0.348516 0.847566 -0.400211
-22.0873 15.679 -24.7648 -0.352967 0.842269 -0.407415
-21.6321 15.9924 -24.5131 -0.359116 0.839461 -0.407849
-21.1773 16.3081 -24.2587 -0.356321 0.842803 -0.403385
-20.7623 16.5859 -24.0294 -0.338352 0.85536 -0.392272
-20.3638 16.8505 -23.8024 -0.338903 0.85108 -0.401008
-19.9708 17.1158 -23.5699 -0.334419 0.850486 -0.406001
-19.5922 17.3711 -23.3472 -0.332882 0.852885 -0.402216
-19.1912 17.6394 -23.1082 -0.328314 0.851862 -0.40806
-18.7953 17.9106 -22.8674 -0.334678 0.850815 -0.405032
-18.3456 18.2091 -22.5887 -0.30815 0.856192 -0.414703
-17.8104 18.5555 -22.2744 -0.304385 0.855868 -0.418139
-17.3111 18.8838 -21.9586 -0.294003 0.857369 -0.422466
-16.8378 19.1739 -21.6988 -0.297445 0.858345 -0.418056
-16.4139 19.4378 -21.4586 -0.296572 0.857455 -0.420494
-15.9801 19.7053 -21.2259 -0.29847 0.853786 -0.426543
-15.5808 19.9439 -21.0289 -0.297387 0.851583 -0.431702
-15.1712 20.1953 -20.8161 -0.298706 0.851743 -0.430475
-14.7561 20.4526 -20.5897 -0.285486 0.857878 -0.42725
-14.3555 20.7071 -20.3546 -0.288541 0.85319 -0.434505
-13.942 20.9533 -20.1332 -0.283467 0.854208 -0.435862
-13.5457 21.1918 -19.9234 -0.283082 0.854381 -0.435745
-13.1332 21.4486 -19.6862 -0.281777 0.852686 -0.439919
-12.7449 21.7228 -19.4069 -0.280536 0.849502 -0.44676
-12.3039 22.0398 -19.074 -0.271637 0.851763 -0.44801
-11.8814 22.3394 -18.7632 -0.275729 0.848796 -0.45113
-11.5144 22.6174 -18.4686 -0.279076 0.845941 -0.454424
-11.1384 22.903 -18.1716 -0.28127 0.842694 -0.459074
-10.7542 23.2076 -17.8484 -0.278584 0.841908 -0.462143
-10.4571 23.4764 -17.5397 -0.277967 0.840595 -0.4649
-10.0628 23.8228 -17.1514 -0.278737 0.839369 -0.466654
-9.78202 23.8787 -17.2186 -0.278666 0.839401 -0.466639
-9.92663 23.5364 -17.748 -0.277173 0.839659 -0.467063
-10.0332 23.2328 -18.2327 -0.270328 0.842917 -0.465179
-10.1206 22.9284 -18.7328 -0.265641 0.844899 -0.464307
-10.1992 22.6693 -19.162 -0.263007 0.847437 -0.461171
-10.2939 22.3452 -19.7032 -0.262898 0.84728 -0.461521
-10.3539 22.0718 -20.1704 -0.262788 0.846945 -0.462197
-10.3893 21.7596 -20.7165 -0.252499 0.845839 -0.469895
-10.3985 21.4579 -21.2584 -0.247919 0.848832 -0.466926
-10.3941 21.2155 -21.6997 -0.246114 0.849312 -0.467003
-10.4003 20.9222 -22.2337 -0.245213 0.851567 -0.463361
-10.4104 20.6518 -22.7267 -0.245054 0.852819 -0.461138
-10.3943 20.3157 -23.3533 -0.236767 0.852257 -0.466476
-10.4096 20.0499 -23.83 -0.235733 0.846371 -0.477583
-10.4259 19.7819 -24.2975 -0.229041 0.848812 -0.476506
-10.4548 19.516 -24.7498 -0.22819 0.8432 -0.486761
-10.4405 19.2632 -25.1976 -0.225631 0.84576 -0.483508
-10.4243 19.011 -25.6474 -0.224826 0.846975 -0.481754
-10.404 18.6627 -26.2636 -0.226179 0.843973 -0.486367
-10.41 18.4029 -26.7088 -0.222754 0.844636 -0.486784
-10.4025 18.1434 -27.1639 -0.218575 0.845813 -0.486643
-10.4093 17.8495 -27.6736 -0.209495 0.848156 -0.486562
-10.4131 17.5482 -28.1988 -0.207719 0.851522 -0.481419
-10.4139 17.2868 -28.6579 -0.207656 0.84974 -0.484583
-10.3969 16.9606 -29.2385 -0.200218 0.853099 -0.481786
-10.4089 16.6861 -29.7132 -0.189093 0.85625 -0.480707
-10.4151 16.4029 -30.2133 -0.181324 0.854885 -0.4861
-10.4268 16.1384 -30.6673 -0.178831 0.851759 -0.492469
-10.4266 15.8728 -31.1276 -0.177318 0.853641 -0.489749
-10.4502 15.585 -31.6213 -0.175764 0.852436 -0.492387
-10.4547 15.3342 -32.0549 -0.167595 0.854293 -0.492015
-10.4599 15.064 -32.52 -0.162776 0.854021 -0.494118
-10.4538 14.8105 -32.9597 -0.156898 0.854534 -0.495132
-10.4535 14.4808 -33.529 -0.156542 0.854593 -0.495142
-10.4414 14.1847 -34.0402 -0.155574 0.852098 -0.499726
-10.4181 13.8684 -34.5825 -0.148871 0.849276 -0.506525
-10.4031 13.5464 -35.1199 -0.144584 0.846706 -0.512039
-10.4145 13.2218 -35.651 -0.138567 0.8447 -0.516993
-10.4169 12.9516 -36.0931 -0.137961 0.84543 -0.51596
-10.4288 12.6814 -36.5339 -0.136289 0.846344 -0.514906
-10.4424 12.4151 -36.9682 -0.135998 0.847071 -0.513784
-10.4681 12.0487 -37.5683 -0.13516 0.850318 -0.508611
-10.4919 11.7873 -38.0005 -0.13469 0.850259 -0.508834
-10.4922 11.4501 -38.5558 -0.126178 0.848875 -0.513311
-10.4937 11.0928 -39.1381 -0.11958 0.839115 -0.53063
-10.4937 10.8197 -39.5693 -0.118583 0.838221 -0.532281
-10.4822 10.5275 -40.0344 -0.111267 0.840584 -0.530131
-10.4958 10.2349 -40.4944 -0.111877 0.839551 -0.531637
-10.5205 9.94022 -40.9559 -0.110853 0.839774 -0.531498
-10.5386 9.66435 -41.3876 -0.110695 0.839699 -0.531651
-10.555 9.3547 -41.8736 -0.109675 0.839323 -0.532455
-10.5205 9.04734 -42.3653 -0.107921 0.839672 -0.532262
-10.5107 8.72036 -42.8808 -0.105264 0.839193 -0.533547
-10.504 8.45248 -43.3029 -0.10164 0.840208 -0.532654
-10.5221 8.12214 -43.8218 -0.0998201 0.842607 -0.529196
-10.5507 7.75155 -44.4052 -0.0994729 0.841688 -0.530723
-10.5657 7.4451 -44.8908 -0.0960946 0.845619 -0.525066
-10.5623 7.10611 -45.435 -0.0926873 0.843482 -0.529101
-10.548 6.82678 -45.8833 -0.0918523 0.843687 -0.528917
-10.5248 6.49632 -46.4142 -0.0915091 0.844485 -0.527704
-10.5045 6.11833 -47.0248 -0.0905651 0.846117 -0.525245
-10.5089 5.82206 -47.5035 -0.0886883 0.847691 -0.523023
-10.6995 5.50283 -47.9894 -0.0901131 0.848013 -0.522258
-11.2046 5.47827 -47.9417 -0.0911668 0.847762 -0.522483
-11.8861 5.47831 -47.8219 -0.092578 0.847102 -0.523304
-12.4838 5.48288 -47.7068 -0.0952826 0.849214 -0.519381
-12.9906 5.47414 -47.6284 -0.0947039 0.849267 -0.5194
-13.6871 5.45447 -47.5201 -0.114541 0.848165 -0.517191
-14.2699 5.4577 -47.3783 -0.12853 0.850764 -0.509586
-14.8429 5.44873 -47.2448 -0.135601 0.849069 -0.510582
-15.5413 5.44032 -47.0677 -0.141657 0.851202 -0.505352
-16.0505 5.44108 -46.9196 -0.147644 0.851263 -0.50354
-16.6296 5.44698 -46.7362 -0.151322 0.856626 -0.493248
-17.2214 5.43422 -46.5647 -0.166575 0.853928 -0.493009
-17.7722 5.41363 -46.4123 -0.170389 0.855469 -0.489009
-18.3391 5.39125 -46.2499 -0.173486 0.855552 -0.487783
-18.8644 5.38056 -46.0809 -0.174939 0.856014 -0.486454
-19.3848 5.36863 -45.9082 -0.184953 0.853343 -0.487431
-20.0542 5.35222 -45.6756 -0.193359 0.853928 -0.483136
-20.5279 5.34114 -45.5048 -0.195659 0.855482 -0.479446
-21.0743 5.34521 -45.2721 -0.200696 0.854649 -0.478849
-21.6602 5.35983 -44.9977 -0.206902 0.852712 -0.479661
-22.2332 5.37489 -44.7186 -0.21359 0.852787 -0.476582
-22.733 5.3869 -44.465 -0.220336 0.854095 -0.47114
-23.213 5.40136 -44.2129 -0.224415 0.853093 -0.471029
-23.6768 5.39335 -44.005 -0.228743 0.852688 -0.469668
-24.2047 5.39809 -43.7311 -0.242874 0.852276 -0.463287
-24.7139 5.39513 -43.4648 -0.249304 0.853306 -0.457948
-25.2714 5.39344 -43.1601 -0.255922 0.849732 -0.460933
-25.7108 5.3942 -42.9036 -0.264724 0.851307 -0.452985
-26.323 5.39243 -42.5418 -0.278429 0.85215 -0.443078
-26.8892 5.37711 -42.2139 -0.281941 0.854928 -0.435429
-27.4587 5.36854 -41.8567 -0.292789 0.850598 -0.436758
-27.9015 5.36518 -41.5637 -0.297765 0.850178 -0.434204
-28.3374 5.36745 -41.2574 -0.301494 0.850284 -0.431415
-28.8424 5.37396 -40.8889 -0.302218 0.852861 -0.425784
-29.273 5.36553 -40.58 -0.318117 0.851604 -0.416615
-29.6906 5.36978 -40.2493 -0.318028 0.853238 -0.413331
-30.117 5.37966 -39.893 -0.321424 0.854497 -0.40807
-30.6273 5.38308 -39.4855 -0.31741 0.856809 -0.40636
-31.0505 5.38419 -39.1494 -0.320717 0.856043 -0.405374
-31.4919 5.38493 -38.7941 -0.327437 0.854082 -0.404139
-31.9048 5.38571 -38.4504 -0.331206 0.858233 -0.39206
-32.409 5.39581 -37.9898 -0.337526 0.859063 -0.384821
-32.8231 5.39571 -37.6227 -0.337494 0.863639 -0.374467
-33.1985 5.39169 -37.2911 -0.343273 0.859851 -0.377916
-33.5844 5.38673 -36.9411 -0.353769 0.857879 -0.37268
-33.9684 5.39075 -36.5553 -0.363834 0.855235 -0.369049
-34.3291 5.3883 -36.2038 -0.36512 0.855977 -0.366027
-34.7349 5.39134 -35.7797 -0.371951 0.858167 -0.353801
-35.1059 5.39002 -35.3873 -0.370997 0.860905 -0.348143
-35.4551 5.39335 -34.995 -0.375308 0.862109 -0.340458
-35.8779 5.40503 -34.4946 -0.379248 0.860812 -0.339367
-36.2566 5.41203 -34.0429 -0.387684 0.859064 -0.334232
-36.6311 5.43555 -33.5422 -0.396205 0.855409 -0.333612
-36.6773 5.4397 -33.4768 -0.397677 0.85566 -0.331197
-41.5429 1.82421 -36.9938 -0.399773 0.853956 -0.333076
-41.2077 1.80957 -37.43 -0.397105 0.854612 -0.33458
-40.8086 1.80753 -37.9053 -0.393531 0.855935 -0.335424
-40.4487 1.81587 -38.3035 -0.391135 0.855469 -0.339376
-40.0667 1.80731 -38.7584 -0.385692 0.856368 -0.343318
-39.7241 1.79302 -39.1766 -0.382967 0.856542 -0.345929
-39.3351 1.79524 -39.5992 -0.375073 0.860032 -0.345925
-38.9466 1.79195 -40.0251 -0.36736 0.862016 -0.34925
-38.61 1.78147 -40.4025 -0.361517 0.8634 -0.351918
-38.2501 1.78291 -40.7671 -0.359257 0.863556 -0.353844
-37.8773 1.79404 -41.1163 -0.357686 0.863093 -0.356554
-37.4959 1.81751 -41.4414 -0.35741 0.861608 -0.360401
-37.0879 1.83038 -41.8092 -0.351595 0.863238 -0.362216
-36.6974 1.83089 -42.1712 -0.339652 0.863513 -0.372803
-36.3016 1.82649 -42.5421 -0.338823 0.865308 -0.369379
-35.8821 1.82334 -42.9236 -0.331866 0.865078 -0.376172
-35.4383 1.82273 -43.3237 -0.335438 0.866711 -0.369179
-35.0571 1.82084 -43.6488 -0.318076 0.866733 -0.384188
-34.6602 1.82813 -43.9618 -0.324842 0.862876 -0.387197
-34.2228 1.82769 -44.3134 -0.318268 0.857307 -0.404621
-33.7827 1.82416 -44.6631 -0.311438 0.859614 -0.405041
-33.3841 1.81845 -44.9761 -0.307372 0.859422 -0.408553
-32.9824 1.809 -45.2941 -0.299114 0.860078 -0.41324
-32.4787 1.79783 -45.6725 -0.292819 0.858952 -0.420069
-32.046 1.78835 -45.9889 -0.288006 0.85816 -0.424986
-31.6276 1.78586 -46.2759 -0.287308 0.856856 -0.428077
-31.135 1.79956 -46.5755 -0.282278 0.855468 -0.434158
-30.6571 1.80115 -46.8797 -0.276594 0.855102 -0.438516
-30.2152 1.78943 -47.1778 -0.2697 0.856588 -0.439908
-29.6442 1.79079 -47.5244 -0.268681 0.856762 -0.440192
-29.1664 1.79947 -47.7975 -0.267031 0.856715 -0.441287
-28.7041 1.80255 -48.0686 -0.263045 0.857158 -0.442818
-28.2648 1.79927 -48.329 -0.252275 0.857894 -0.447633
-27.6928 1.78773 -48.6642 -0.242243 0.859459 -0.450166
-27.2323 1.77975 -48.924 -0.237608 0.859828 -0.451927
-26.6731 1.77537 -49.226 -0.237642 0.859934 -0.451707
-26.1594 1.77752 -49.4907 -0.23605 0.859684 -0.453016
-25.6688 1.78747 -49.727 -0.235457 0.859724 -0.453249
-25.207 1.7926 -49.9476 -0.221489 0.860123 -0.459479
-24.6262 1.78345 -50.2399 -0.215746 0.861684 -0.459298
-24.0763 1.77597 -50.5086 -0.210937 0.861772 -0.461363
-23.4878 1.78141 -50.7591 -0.199253 0.863854 -0.462656
-22.962 1.78958 -50.967 -0.192931 0.862618 -0.467589
-22.482 1.79267 -51.1562 -0.189983 0.859746 -0.474063
-21.8762 1.8021 -51.3732 -0.17704 0.858245 -0.481731
-21.2618 1.8102 -51.577 -0.166304 0.859099 -0.48402
-20.6439 1.80618 -51.7906 -0.162289 0.859001 -0.485571
-20.1408 1.81119 -51.9491 -0.161653 0.857793 -0.487914
-19.6467 1.81734 -52.0994 -0.158296 0.858141 -0.488401
-19.0685 1.82274 -52.2707 -0.151305 0.859031 -0.489051
-18.459 1.83354 -52.4385 -0.147685 0.859596 -0.489167
-17.8894 1.83921 -52.5962 -0.139304 0.858368 -0.493761
-17.2717 1.83011 -52.7759 -0.127614 0.85943 -0.495065
-16.7479 1.82573 -52.9138 -0.120071 0.860231 -0.49556
-16.1111 1.82299 -53.0675 -0.113141 0.859375 -0.498669
-15.6047 1.8221 -53.1811 -0.107811 0.859141 -0.500251
-15.0402 1.82015 -53.3023 -0.10104 0.859904 -0.500357
-14.5316 1.81544 -53.4131 -0.101012 0.859918 -0.500338
-13.8701 1.82142 -53.5281 -0.0903389 0.860406 -0.501536
-13.3632 1.82928 -53.6033 -0.0813444 0.860416 -0.503058
-12.6335 1.82202 -53.7329 -0.0806307 0.858471 -0.506484
-12.0775 1.82509 -53.8157 -0.0795548 0.858182 -0.507143
-11.4501 1.82925 -53.9033 -0.0734085 0.85755 -0.509126
-10.9308 1.83543 -53.9656 -0.069279 0.858986 -0.507285
-10.4168 1.82461 -54.052 -0.0655938 0.858225 -0.50906
-9.88534 1.83067 -54.1086 -0.0626688 0.85534 -0.514262
-9.34481 1.8499 -54.142 -0.058367 0.854329 -0.516425
-8.84541 1.85529 -54.1845 -0.0521112 0.854032 -0.517604
-8.30043 1.86068 -54.2256 -0.0466384 0.852745 -0.520241
-7.76124 1.8662 -54.2601 -0.0394857 0.850244 -0.524897
-7.25301 1.87444 -54.2831 -0.0381074 0.849299 -0.526536
-6.54182 1.89917 -54.2799 -0.0232834 0.845636 -0.533244
-5.96418 1.90543 -54.2934 -0.0216981 0.841343 -0.540066
-5.36702 1.91161 -54.3086 -0.0222277 0.839331 -0.543162
-4.84771 1.91901 -54.3174 -0.0215523 0.838317 -0.544757
-4.23261 1.93723 -54.3125 -0.0198236 0.838337 -0.544791
-3.63343 2.04528 -54.1672 -0.0190818 0.838314 -0.544853
-3.58907 2.33513 -53.7233 -0.0198136 0.837689 -0.545788
-3.57872 2.63959 -53.2544 -0.0222478 0.84001 -0.542114
-3.55762 2.94082 -52.7877 -0.027133 0.840749 -0.540745
-3.55736 3.30067 -52.2329 -0.0292065 0.837402 -0.545806
-3.54972 3.6027 -51.7718 -0.0335577 0.836535 -0.546884
-3.55557 3.89296 -51.3301 -0.0359858 0.836008 -0.547536
-3.56108 4.21466 -50.8376 -0.0361094 0.837344 -0.545482
-3.56316 4.54779 -50.3267 -0.0388314 0.836559 -0.546499
-3.57326 4.91576 -49.7657 -0.0426726 0.834536 -0.549298
-3.57704 5.19693 -49.3401 -0.0436222 0.832573 -0.552192
-3.53566 5.499 -48.8888 -0.0476711 0.832479 -0.552002
-3.51935 5.79326 -48.446 -0.0486001 0.832917 -0.551259
-3.52675 6.09754 -47.9819 -0.0571577 0.836179 -0.545469
-3.52379 6.40143 -47.5195 -0.0609474 0.833855 -0.548608
-3.53597 6.71607 -47.0403 -0.0621271 0.83298 -0.549803
-3.5592 7.01419 -46.5863 -0.0623275 0.832683 -0.550231
-3.56805 7.33952 -46.0929 -0.0622183 0.832369 -0.550717
-3.57585 7.72656 -45.5097 -0.0616126 0.830307 -0.553889
-3.57557 8.0108 -45.0846 -0.0637447 0.829034 -0.555553
-3.57112 8.29897 -44.6549 -0.0637468 0.829214 -0.555284
-3.55723 8.58679 -44.2266 -0.0666858 0.829666 -0.554264
-3.54006 8.93557 -43.7063 -0.0722837 0.829194 -0.554268
-3.52904 9.21923 -43.282 -0.0722057 0.830446 -0.5524
-3.52971 9.50496 -42.8498 -0.0732342 0.830842 -0.551666
-3.55552 9.80648 -42.3921 -0.0785198 0.831939 -0.549283
-3.59726 10.1409 -41.8827 -0.0799426 0.829768 -0.552346
-3.61996 10.5025 -41.3286 -0.0787434 0.833693 -0.546585
-3.6128 10.8007 -40.8762 -0.082282 0.835248 -0.543648
-3.58351 11.1005 -40.4115 -0.0781745 0.838677 -0.53899
-3.58036 11.4695 -39.839 -0.0807764 0.837581 -0.540308
-3.57221 11.75 -39.4054 -0.0883312 0.83677 -0.540383
-3.56131 12.0863 -38.8849 -0.0876346 0.838679 -0.537527
-3.55624 12.3724 -38.439 -0.0868921 0.838027 -0.538665
-3.57382 12.6499 -38.0034 -0.0887155 0.838255 -0.538008
-3.55513 12.9438 -37.5512 -0.0903277 0.836668 -0.540211
-3.55774 13.2447 -37.0875 -0.0931008 0.834519 -0.543055
-3.5358 13.5591 -36.607 -0.0960681 0.834849 -0.542031
-3.49643 13.9655 -35.9848 -0.0989309 0.837294 -0.537723
-3.49208 14.2623 -35.5222 -0.100873 0.837358 -0.537268
-3.50318 14.5383 -35.0887 -0.102378 0.837865 -0.536192
-3.51311 14.8807 -34.5528 -0.104042 0.836785 -0.537555
-3.53646 15.2479 -33.9809 -0.10697 0.834669 -0.540264
-3.52167 15.5259 -33.5547 -0.10827 0.83369 -0.541515
-3.53397 15.8394 -33.0624 -0.107322 0.839274 -0.533011
-3.54666 16.1187 -32.6186 -0.111664 0.840652 -0.529939
-3.56326 16.4112 -32.1515 -0.112095 0.840141 -0.530658
-3.5746 16.7098 -31.6736 -0.115763 0.840161 -0.529824
-3.56282 17.0578 -31.1206 -0.125142 0.841651 -0.525322
-3.56018 17.3299 -30.6847 -0.129512 0.841337 -0.524766
-3.5511 17.6503 -30.1757 -0.131614 0.839714 -0.526839
-3.53678 17.9685 -29.6731 -0.134566 0.840245 -0.525242
-3.52906 18.2784 -29.1789 -0.136326 0.839168 -0.526504
-3.52116 18.6325 -28.6145 -0.138235 0.840156 -0.524432
-3.51 18.9101 -28.1738 -0.137931 0.838967 -0.526411
-3.52078 19.2073 -27.691 -0.13796 0.843783 -0.518649
-3.54478 19.5622 -27.1057 -0.147117 0.841868 -0.519245
-3.554 19.8784 -26.5905 -0.150866 0.840856 -0.519809
-3.54315 20.2146 -26.0538 -0.156319 0.838415 -0.522134
-3.52972 20.5768 -25.4791 -0.161846 0.836841 -0.522975
-3.54787 20.8976 -24.9599 -0.159087 0.836086 -0.525025
-3.56929 21.1955 -24.4757 -0.168092 0.836253 -0.521944
-3.56118 21.4964 -23.9969 -0.166224 0.835898 -0.52311
-3.55102 21.779 -23.5492 -0.166538 0.835237 -0.524065
-3.55067 22.1163 -23.0108 -0.170179 0.835196 -0.52296
-3.54815 22.4663 -22.452 -0.173349 0.833823 -0.524108
-3.52181 22.8439 -21.8576 -0.17894 0.832613 -0.524152
-3.49536 23.1771 -21.3361 -0.181698 0.833828 -0.521265
-3.46204 23.4555 -20.9042 -0.184329 0.831999 -0.523259
-3.38384 23.8092 -20.3677 -0.188258 0.831468 -0.522705
-3.31376 24.1047 -19.9232 -0.188341 0.83119 -0.523116
-3.22717 24.3834 -19.5124 -0.189516 0.830805 -0.523303
-3.06643 24.7362 -19.0138 -0.192122 0.82827 -0.526363
-2.8674 25.0715 -18.5589 -0.191423 0.828914 -0.525601
-2.62293 25.4049 -18.1215 -0.186153 0.827297 -0.530026
-2.41041 25.6943 -17.7432 -0.183576 0.828322 -0.529318
-2.14893 26.0077 -17.344 -0.182518 0.827978 -0.530211
-1.84347 26.3461 -16.9214 -0.180349 0.825922 -0.53416
-1.48497 26.6802 -16.5221 -0.169609 0.826974 -0.536037
-1.13953 26.9722 -16.1775 -0.160927 0.830017 -0.533992
-0.808201 27.2223 -15.884 -0.155374 0.832108 -0.532406
-0.324563 27.5399 -15.5214 -0.144031 0.835868 -0.529677
0.126334 27.7972 -15.2342 -0.120503 0.835472 -0.536056
0.5523 27.9927 -15.0178 -0.0998279 0.835709 -0.539876
1.08659 28.2035 -14.7709 -0.0705469 0.839317 -0.539046
1.6534 28.3977 -14.5322 -0.058009 0.845318 -0.53108
2.14433 28.5351 -14.3423 -0.0209972 0.850022 -0.526238
2.64266 28.6246 -14.2062 0.00686282 0.854931 -0.518453
3.13811 28.6883 -14.0786 0.0402789 0.851519 -0.522695
3.66621 28.7526 -13.9189 0.0824777 0.850126 -0.520079
4.24628 28.8148 -13.7158 0.0985306 0.852114 -0.513997
4.72349 28.8465 -13.5577 0.134426 0.855631 -0.499825
5.26546 28.8754 -13.3446 0.154899 0.857243 -0.491006
5.84992 28.9035 -13.083 0.182046 0.867936 -0.462111
6.43072 28.9272 -12.7933 0.197542 0.871201 -0.449429
6.91429 28.944 -12.5364 0.20817 0.876309 -0.43438
7.37483 28.9565 -12.2812 0.22418 0.872956 -0.433216
7.82491 28.9686 -12.0073 0.24809 0.875472 -0.414724
8.34972 28.9726 -11.6338 0.290646 0.87859 -0.378881
8.78117 28.948 -11.3184 0.36097 0.864144 -0.350626
9.21609 28.9014 -10.9641 0.377491 0.865519 -0.329134
9.68781 28.8404 -10.5532 0.391638 0.868773 -0.303063
10.1041 28.7824 -10.1721 0.399393 0.872591 -0.281196
10.508 28.7101 -9.81381 0.402739 0.877642 -0.259895
10.9457 28.62 -9.41027 0.442537 0.863779 -0.240487
11.3231 28.5196 -9.03752 0.465926 0.859325 -0.210603
11.8074 28.3559 -8.57661 0.490317 0.851426 -0.186171
12.2205 28.1827 -8.27044 0.500924 0.847586 -0.174988
12.6874 27.9608 -7.97892 0.51795 0.841434 -0.153806
13.1847 27.7017 -7.69627 0.523724 0.83962 -0.144053
13.619 27.4639 -7.48478 0.529116 0.838124 -0.132606
14.118 27.1808 -7.26402 0.53117 0.837923 -0.125473
14.5793 26.9057 -7.09921 0.539813 0.83369 -0.116458
15.0105 26.6424 -6.97996 0.545159 0.831338 -0.10807
15.4835 26.3437 -6.8849 0.547765 0.829797 -0.106728
15.9821 26.0223 -6.81545 0.549213 0.829084 -0.104798
16.4563 25.7126 -6.772 0.552287 0.827836 -0.0983067
16.9523 25.3861 -6.74845 0.549047 0.830459 -0.0942577
17.5147 25.0146 -6.75724 0.547779 0.83163 -0.0912721
17.9518 24.7199 -6.81505 0.548786 0.830926 -0.0916281
18.3874 24.4233 -6.90345 0.546705 0.83236 -0.0910535
18.7971 24.1416 -7.01712 0.547276 0.831972 -0.091162
19.3229 23.7743 -7.21024 0.547873 0.831095 -0.0953921
19.7546 23.4732 -7.37182 0.544953 0.832817 -0.0971689
20.1945 23.1568 -7.60833 0.542208 0.833262 -0.108095
20.5851 22.8752 -7.82357 0.541463 0.833576 -0.109388
20.9694 22.5953 -8.0604 0.538672 0.835157 -0.111112
21.425 22.2625 -8.34435 0.537744 0.83512 -0.115781
21.8548 21.9542 -8.57548 0.536707 0.835425 -0.118367
22.3074 21.6322 -8.80331 0.535635 0.835844 -0.12023
22.6775 21.361 -9.0402 0.53424 0.836383 -0.122683
23.0842 21.0686 -9.25962 0.535674 0.835522 -0.122282
23.5618 20.7226 -9.52425 0.536719 0.834553 -0.124319
23.9567 20.4338 -9.75776 0.536721 0.834392 -0.125376
24.3639 20.1369 -9.98498 0.537873 0.833509 -0.126315
24.7442 19.8597 -10.1921 0.538675 0.832798 -0.127578
25.2396 19.4953 -10.471 0.541117 0.830674 -0.131045
25.6618 19.1801 -10.7206 0.541307 0.830249 -0.132941
26.0304 18.9072 -10.9285 0.539562 0.831296 -0.133494
26.426 18.6152 -11.1547 0.535693 0.833311 -0.136459
26.8192 18.3246 -11.3803 0.536155 0.832685 -0.138468
27.2308 18.0195 -11.6075 0.538972 0.829991 -0.143615
27.6018 17.7408 -11.8244 0.539692 0.828966 -0.146794
28.0768 17.3753 -12.1375 0.540329 0.828139 -0.149098
28.5755 16.9936 -12.4433 0.541648 0.826953 -0.150882
29.0197 16.6557 -12.6913 0.542698 0.82586 -0.153079
29.4548 16.3247 -12.9308 0.543365 0.825054 -0.155048
29.9015 15.9839 -13.1798 0.542739 0.825487 -0.154937
30.2779 15.6998 -13.3726 0.542062 0.825458 -0.157436
30.658 15.4103 -13.5863 0.540121 0.826885 -0.156624
31.0362 15.1211 -13.8004 0.543569 0.823067 -0.164599
31.4416 14.8068 -14.0441 0.539608 0.826001 -0.16293
31.8317 14.5054 -14.2822 0.537482 0.826073 -0.169458
32.2309 14.2019 -14.5078 0.530552 0.830879 -0.167792
32.6229 13.9043 -14.7293 0.529905 0.829519 -0.17635
33.1033 13.5423 -14.9894 0.528621 0.828393 -0.185271
33.5957 13.1639 -15.2684 0.529856 0.826922 -0.188287
33.994 12.8562 -15.4958 0.532652 0.824425 -0.191292
34.4036 12.5338 -15.7467 0.530813 0.824182 -0.19735
34.7717 12.2337 -15.9965 0.535599 0.821077 -0.197376
35.1632 11.9215 -16.2278 0.532988 0.82224 -0.199612
35.629 11.564 -16.4634 0.529183 0.824881 -0.198838
36.0177 11.2679 -16.6604 0.523823 0.827688 -0.20135
36.4098 10.9652 -16.8708 0.527675 0.823385 -0.208795
36.8032 10.6498 -17.123 0.524028 0.825217 -0.210742
37.1549 10.3653 -17.3536 0.52827 0.821657 -0.214027
37.5384 10.0618 -17.5799 0.525876 0.822318 -0.217345
37.9624 9.72266 -17.8275 0.526558 0.821264 -0.21968
38.3353 9.42993 -18.028 0.524469 0.82169 -0.223065
38.7421 9.10923 -18.2565 0.521865 0.823054 -0.22414
39.236 8.71597 -18.5553 0.517702 0.825152 -0.226073
39.6834 8.36001 -18.8295 0.517854 0.825018 -0.226212
40.0524 8.07094 -19.0405 0.51704 0.825401 -0.226677
40.4182 7.78735 -19.2403 0.515048 0.826455 -0.227369
40.841 7.46324 -19.459 0.515999 0.824439 -0.232469
41.249 7.14661 -19.6781 0.51187 0.825936 -0.23626
41.7018 6.79607 -19.9225 0.508674 0.826217 -0.242107
42.2007 6.41406 -20.1852 0.50551 0.827595 -0.243998
42.5613 6.13176 -20.3963 0.503096 0.828115 -0.247226
42.93 5.84613 -20.6091 0.500413 0.829667 -0.247461
43.2955 5.56447 -20.8216 0.496816 0.831785 -0.247605
43.6517 5.28774 -21.0408 0.494922 0.832325 -0.249557
44.0149 5.00202 -21.268 0.49314 0.832304 -0.253134
44.3909 4.71601 -21.4804 0.492899 0.831725 -0.255438
44.8499 4.36074 -21.7491 0.489321 0.83267 -0.259277
45.2645 4.04759 -21.9773 0.485974 0.833987 -0.261326
45.63 3.76747 -22.188 0.487601 0.832609 -0.262692
46.0436 3.44751 -22.4381 0.483325 0.83463 -0.264161
46.4274 3.15144 -22.6772 0.479412 0.836779 -0.264508
46.859 2.817 -22.9565 0.476042 0.838471 -0.265229
47.2285 2.53861 -23.1763 0.474376 0.839231 -0.265817
47.6542 2.22254 -23.4143 0.473999 0.839331 -0.266173
48.084 1.95746 -23.4866 0.471449 0.840921 -0.265681
48.4647 1.92635 -22.9057 0.473322 0.841346 -0.260953
48.7344 1.92338 -22.4212 0.47248 0.843433 -0.255704
49.0114 1.90993 -21.9513 0.474081 0.843332 -0.25306
49.3095 1.90316 -21.4135 0.472216 0.845183 -0.250354
49.5406 1.90516 -20.9663 0.476004 0.845753 -0.241078
49.8248 1.89402 -20.4328 0.479851 0.84633 -0.231231
50.0623 1.88187 -19.9839 0.478093 0.848299 -0.22763
50.3572 1.86745 -19.4094 0.477741 0.849812 -0.222669
50.5921 1.86027 -18.9343 0.479294 0.849119 -0.221967
50.8047 1.85993 -18.4712 0.479496 0.850336 -0.216806
51.0283 1.86291 -17.9607 0.477879 0.852219 -0.212957
51.247 1.86619 -17.4518 0.478617 0.852183 -0.211447
51.5167 1.87209 -16.7974 0.482154 0.852039 -0.203855
51.7821 1.84366 -16.261 0.486016 0.8529 -0.190626
52.0529 1.81621 -15.6803 0.487619 0.852885 -0.18659
52.2808 1.80192 -15.1463 0.487233 0.853712 -0.183793
52.466 1.79975 -14.6554 0.489313 0.85405 -0.176551
52.6158 1.81321 -14.1689 0.491805 0.853651 -0.171488
52.7685 1.82037 -13.6874 0.492658 0.854601 -0.164149
52.9337 1.82105 -13.1881 0.491095 0.855621 -0.16352
53.0979 1.84223 -12.5734 0.49655 0.853093 -0.160213
53.2516 1.83995 -12.0962 0.497109 0.853569 -0.155878
53.4166 1.83846 -11.562 0.498007 0.854138 -0.14979
53.5618 1.8444 -11.0342 0.501736 0.853184 -0.142523
53.7509 1.84263 -10.3456 0.502497 0.854789 -0.129739
53.8897 1.83449 -9.85043 0.50765 0.852889 -0.121953
54.0074 1.83431 -9.36074 0.509568 0.852117 -0.119283
54.1105 1.84784 -8.81051 0.512255 0.851187 -0.114327
54.2135 1.86357 -8.18593 0.510757 0.854875 -0.0911969
54.3038 1.87599 -7.55361 0.513984 0.853005 -0.0905712
54.3997 1.86976 -7.01395 0.516383 0.852546 -0.0807069
54.5112 1.86666 -6.30774 0.517174 0.852598 -0.0748834
54.638 1.84294 -5.67112 0.52056 0.851242 -0.0662769
54.6992 1.8432 -5.1523 0.519003 0.852745 -0.058819
54.7891 1.82276 -4.64515 0.518797 0.853178 -0.0540583
54.8522 1.81617 -4.14917 0.515449 0.85551 -0.0490177
54.876 1.83002 -3.61752 0.515466 0.855866 -0.0422812
54.8849 1.8495 -3.08034 0.51693 0.85531 -0.035047
54.9091 1.85458 -2.54535 0.517575 0.855192 -0.0276224
54.9395 1.85358 -1.98359 0.518457 0.854729 -0.0253276
54.9856 1.84011 -1.45908 0.519787 0.854028 -0.0213814
55.0103 1.83889 -0.896044 0.523378 0.851871 -0.0197809
55.0567 1.82572 -0.178365 0.52384 0.851607 -0.0189302
55.0691 1.8292 0.323384 0.529112 0.848329 -0.0194503
55.0672 1.83746 0.840473 0.525934 0.850522 0.0023765
55.0531 1.84392 1.42819 0.526106 0.850408 0.00421606
55.0228 1.85192 1.97366 0.529927 0.847737 0.0227798
54.9914 1.85756 2.49824 0.528107 0.848848 0.0236009
54.9696 1.85658 3.00929 0.524814 0.850779 0.0270137
54.9586 1.84156 3.56235 0.521328 0.852518 0.0375785
54.9431 1.8242 4.13436 0.516392 0.855235 0.0434991
54.9134 1.81016 4.68551 0.514015 0.8562 0.0519962
54.8644 1.80559 5.20576 0.512406 0.856704 0.0590517
54.8084 1.80094 5.71921 0.509652 0.857651 0.0682917
54.7452 1.79542 6.23066 0.505422 0.859628 0.0746694
54.6714 1.79372 6.72958 0.502566 0.8609 0.0791996
54.5783 1.79865 7.24787 0.499649 0.861846 0.0870119
54.4564 1.81088 7.82229 0.497383 0.862688 0.0915404
54.3123 1.82552 8.44919 0.49779 0.861844 0.0971123
54.1881 1.83452 9.00246 0.500515 0.859885 0.100413
54.071 1.83404 9.58203 0.499368 0.860261 0.102871
53.9667 1.82859 10.1108 0.497053 0.860517 0.111579
53.8392 1.82562 10.6893 0.495391 0.860836 0.116402
53.7091 1.83027 11.206 0.494952 0.860941 0.117488
53.5817 1.83343 11.7061 0.494171 0.860443 0.124227
53.4503 1.8317 12.2055 0.48993 0.860564 0.139279
53.2967 1.82215 12.7713 0.486866 0.860457 0.150249
53.1449 1.82022 13.2491 0.482018 0.861232 0.161056
52.9298 1.82788 13.8451 0.480113 0.861716 0.164125
52.7531 1.82257 14.3812 0.478404 0.862025 0.16746
52.577 1.81393 14.9208 0.480579 0.860023 0.171475
52.4036 1.81086 15.4159 0.478427 0.859374 0.180512
52.2016 1.80884 15.9579 0.480607 0.856624 0.187649
51.9654 1.8226 16.4927 0.478472 0.856669 0.192829
51.7626 1.83029 16.9545 0.474621 0.85773 0.197571
51.5513 1.83056 17.4548 0.473916 0.857447 0.200472
51.3222 1.833 17.9821 0.474279 0.856746 0.202595
51.1023 1.83283 18.4937 0.472978 0.85617 0.208004
50.8839 1.83801 18.9651 0.472885 0.85493 0.213246
50.6136 1.84878 19.5206 0.473704 0.852922 0.219382
50.3631 1.85895 20.0201 0.473444 0.85232 0.222265
50.1158 1.86876 20.5078 0.473077 0.850806 0.228752
49.8772 1.87243 20.9838 0.472882 0.8479 0.239683
49.6437 1.86478 21.4701 0.474321 0.845178 0.246358
49.4036 1.86705 21.9272 0.475807 0.843671 0.248627
49.1643 1.86565 22.3826 0.476445 0.841934 0.253274
48.8377 1.88561 22.9296 0.476169 0.841947 0.253747
48.5468 1.90783 23.4004 0.475804 0.841768 0.255025
48.1518 2.06163 23.6303 0.476599 0.841211 0.255375
47.6326 2.43628 23.3649 0.476963 0.841328 0.254311
47.117 2.80762 23.0989 0.477405 0.842217 0.250509
46.7449 3.08331 22.879 0.476623 0.842986 0.24941
46.3793 3.35356 22.6634 0.475039 0.84431 0.247947
45.9949 3.63603 22.4385 0.476159 0.843978 0.246927
45.6242 3.9077 22.224 0.475453 0.844641 0.246022
45.1206 4.28257 21.9184 0.479446 0.842713 0.24488
44.678 4.6155 21.6442 0.482927 0.840462 0.245775
44.1675 4.99126 21.373 0.487343 0.838306 0.244417
43.6888 5.34956 21.1032 0.488676 0.837446 0.244704
43.2506 5.6842 20.8308 0.488002 0.838071 0.243906
42.8851 5.96639 20.5978 0.49102 0.836306 0.243908
42.4639 6.29206 20.3379 0.497263 0.831966 0.246092
42.0478 6.61121 20.0947 0.494058 0.834016 0.245612
41.6806 6.88985 19.8928 0.50057 0.831867 0.23964
41.3064 7.17244 19.6917 0.499191 0.832856 0.23908
40.9297 7.45858 19.4859 0.504167 0.829628 0.23986
40.5643 7.74137 19.2743 0.503075 0.830508 0.239109
40.1461 8.06671 19.0231 0.503162 0.830905 0.237539
39.7125 8.40463 18.7697 0.504582 0.828616 0.242472
39.2325 8.76961 18.5196 0.503576 0.829792 0.24051
38.7423 9.14399 18.2457 0.502035 0.83176 0.236926
38.2764 9.50158 17.9837 0.505481 0.830038 0.235633
37.7591 9.89679 17.7025 0.505866 0.830624 0.232731
37.3552 10.2022 17.4932 0.507224 0.829182 0.234907
36.9508 10.5152 17.2627 0.508197 0.828799 0.234153
36.5986 10.7957 17.0291 0.508478 0.830505 0.2274
36.2026 11.1076 16.7777 0.507844 0.831271 0.226001
35.7361 11.4669 16.4945 0.507925 0.833922 0.215814
35.3576 11.7476 16.3081 0.50929 0.83403 0.21217
34.9615 12.0433 16.0957 0.510833 0.833795 0.20937
34.5802 12.3311 15.8851 0.514852 0.833675 0.199761
34.1802 12.6316 15.6563 0.516287 0.83242 0.201309
33.7727 12.9436 15.4106 0.51813 0.83248 0.196262
33.3342 13.2868 15.1278 0.52365 0.828849 0.196957
32.8718 13.6428 14.8543 0.52542 0.827725 0.196957
32.5048 13.9264 14.6424 0.524 0.829984 0.191182
32.1166 14.2259 14.3973 0.524566 0.831576 0.182518
31.6524 14.5741 14.14 0.524472 0.832583 0.178144
31.2592 14.869 13.9235 0.527124 0.831316 0.176221
30.8859 15.1564 13.6834 0.526269 0.832033 0.175391
30.514 15.4396 13.4603 0.527776 0.831824 0.171767
30.0026 15.8155 13.2 0.527015 0.833191 0.167475
29.5606 16.1408 12.9523 0.523352 0.836 0.164944
29.0998 16.4827 12.6609 0.520849 0.838566 0.159743
28.615 16.835 12.4019 0.522442 0.837509 0.160105
28.191 17.1433 12.1828 0.526105 0.835324 0.159521
27.7648 17.4534 11.9627 0.52694 0.835229 0.157248
27.3442 17.7606 11.7305 0.524615 0.837313 0.1539
26.8037 18.158 11.4035 0.52222 0.838759 0.154176
26.3886 18.4636 11.136 0.525276 0.839423 0.139475
26.0233 18.7291 10.9048 0.522128 0.842061 0.135334
25.6379 19.0072 10.659 0.522397 0.842146 0.133752
25.275 19.2685 10.4317 0.522439 0.842363 0.132221
24.8621 19.5621 10.1922 0.523695 0.84161 0.132036
24.4332 19.8694 9.93279 0.524118 0.841925 0.128296
23.9591 20.2075 9.6478 0.525869 0.841393 0.124568
23.4984 20.5343 9.3943 0.528627 0.839605 0.124963
23.062 20.8448 9.15757 0.529672 0.838977 0.12476
22.6826 21.1163 8.94899 0.531175 0.837763 0.126512
22.2076 21.4554 8.70184 0.533856 0.836183 0.125682
21.8015 21.7479 8.47889 0.533362 0.836489 0.125743
21.3881 22.0469 8.25125 0.535162 0.835301 0.125993
20.9563 22.3585 8.01836 0.535112 0.835246 0.126564
20.5447 22.6557 7.79851 0.536209 0.834814 0.124763
20.0915 22.9815 7.56639 0.536139 0.834677 0.12597
19.6012 23.3348 7.30622 0.535777 0.835196 0.124059
19.1009 23.6799 7.14963 0.537851 0.833547 0.126158
18.6599 23.9815 7.03792 0.537568 0.833637 0.126763
18.1793 24.3076 6.9347 0.540458 0.832043 0.12494
17.7267 24.6127 6.85982 0.539637 0.831674 0.130805
17.1916 24.9668 6.81729 0.541036 0.8304 0.133105
16.6055 25.3455 6.81974 0.537277 0.832344 0.13615
16.1767 25.6195 6.83698 0.537792 0.831656 0.138292
15.6236 25.9683 6.88737 0.533889 0.832488 0.148072
15.1244 26.2676 7.00439 0.530779 0.832667 0.157923
14.6468 26.5463 7.1331 0.527695 0.833641 0.163029
14.2197 26.7881 7.27673 0.526814 0.833204 0.168029
13.7791 27.0297 7.45644 0.52452 0.833057 0.175761
13.3206 27.2676 7.68567 0.520571 0.832913 0.187749
12.8006 27.5188 8.00095 0.513538 0.83375 0.202828
12.3785 27.7024 8.28177 0.496153 0.838515 0.225223
11.9794 27.8568 8.56659 0.485764 0.839768 0.242532
11.4479 28.0341 8.97258 0.465461 0.845669 0.261133
11.0437 28.1403 9.31007 0.44378 0.850799 0.281366
10.6585 28.2143 9.68233 0.431139 0.852837 0.294464
10.2535 28.2734 10.0888 0.412541 0.861531 0.295774
9.84835 28.3228 10.485 0.392499 0.862095 0.320526
9.41837 28.3648 10.873 0.37298 0.85818 0.352722
8.94038 28.3914 11.269 0.332545 0.865841 0.373808
8.47925 28.4078 11.6029 0.304902 0.860063 0.409057
7.999 28.4123 11.9242 0.267293 0.864436 0.425469
7.49166 28.4056 12.2266 0.239753 0.860117 0.450241
7.03349 28.3823 12.5093 0.227844 0.860912 0.454882
6.57825 28.3565 12.7795 0.216457 0.862263 0.457869
6.11112 28.3402 13.0144 0.196 0.867881 0.456471
5.62365 28.328 13.2137 0.172443 0.864002 0.473037
5.11574 28.3098 13.4288 0.160667 0.867626 0.470543
4.54775 28.2882 13.6337 0.132904 0.869774 0.475151
3.8644 28.2537 13.8318 0.057515 0.868705 0.491979
3.22766 28.1989 13.9868 0.0367838 0.858521 0.511457
2.65283 28.1173 14.1516 0.00210814 0.858593 0.512653
2.05526 28.0098 14.3238 -0.0316288 0.858843 0.511147
1.47297 27.8554 14.5248 -0.0651692 0.851626 0.520082
0.94019 27.6645 14.756 -0.0965651 0.847663 0.52167
0.461795 27.4462 15.0107 -0.119069 0.841416 0.527103
0.0270735 27.2146 15.2789 -0.129675 0.840857 0.525493
-0.468051 26.9315 15.6015 -0.144773 0.838934 0.524625
-0.835123 26.6771 15.9049 -0.154374 0.837708 0.523845
-1.16824 26.4246 16.2116 -0.159065 0.83948 0.519588
-1.50734 26.1602 16.5333 -0.167243 0.837783 0.51976
-1.80094 25.9028 16.8524 -0.176253 0.835976 0.519691
-2.08394 25.626 17.1974 -0.180785 0.830571 0.526752
-2.36098 25.3006 17.6124 -0.19326 0.829301 0.524319
-2.56436 25.0181 17.9873 -0.197275 0.828411 0.524218
-2.74249 24.7316 18.3712 -0.198704 0.829691 0.52166
-2.93669 24.3941 18.8326 -0.202334 0.828024 0.522913
-3.1245 24.0456 19.3156 -0.19891 0.829665 0.521615
-3.30478 23.6843 19.8234 -0.198146 0.83198 0.518216
-3.4042 23.3994 20.2417 -0.196197 0.831901 0.519082
-3.48246 23.0774 20.7286 -0.192229 0.832292 0.519939
-3.52289 22.7814 21.1883 -0.191164 0.833469 0.518438
-3.53226 22.4795 21.669 -0.188857 0.833584 0.519106
-3.51541 22.1586 22.1876 -0.184793 0.83216 0.522839
-3.51275 21.8388 22.7 -0.18446 0.83262 0.522224
-3.53668 21.5222 23.1916 -0.176487 0.82969 0.529592
-3.57079 21.2284 23.6396 -0.177388 0.828603 0.53099
-3.54826 20.9182 24.1327 -0.17055 0.83059 0.530126
-3.5244 20.5719 24.6849 -0.166226 0.833001 0.527708
-3.51417 20.3037 25.1099 -0.162612 0.832071 0.530287
-3.50747 19.9892 25.6063 -0.159874 0.831877 0.531434
-3.5138 19.6648 26.1107 -0.152717 0.831292 0.534445
-3.52172 19.3809 26.5493 -0.151324 0.8313 0.534828
-3.55344 19.0263 27.0909 -0.147747 0.830844 0.536531
-3.54619 18.6775 27.6298 -0.147288 0.829047 0.539433
-3.54091 18.3523 28.128 -0.142696 0.828321 0.541775
-3.5477 18.0336 28.6125 -0.139227 0.828049 0.543094
-3.54787 17.7359 29.0676 -0.134968 0.830549 0.540342
-3.54674 17.436 29.5287 -0.13063 0.830255 0.541858
-3.53811 17.1214 30.0156 -0.129031 0.832716 0.538454
-3.52216 16.8079 30.5055 -0.12504 0.834098 0.537256
-3.53235 16.5366 30.9259 -0.124724 0.834591 0.536564
-3.53877 16.2607 31.3527 -0.121562 0.834355 0.537655
-3.56005 15.9755 31.7899 -0.120759 0.833726 0.538812
-3.58348 15.6373 32.3058 -0.114727 0.832911 0.541384
-3.58558 15.3485 32.751 -0.112858 0.834342 0.53957
-3.56626 15.0441 33.2253 -0.110631 0.833856 0.540782
-3.54901 14.7158 33.733 -0.106495 0.833134 0.542722
-3.56928 14.3822 34.2393 -0.105113 0.831156 0.546013
-3.57407 14.0137 34.8018 -0.106851 0.830976 0.545946
-3.58823 13.6877 35.2948 -0.104917 0.832944 0.54332
-3.58633 13.3441 35.8216 -0.10531 0.832729 0.543573
-3.57352 12.9883 36.3698 -0.0927929 0.834595 0.542992
-3.57028 12.704 36.8059 -0.0877801 0.831698 0.548245
-3.57003 12.3798 37.2994 -0.0863052 0.832963 0.546556
-3.55959 12.065 37.7789 -0.0849866 0.831817 0.548503
-3.56392 11.7595 38.2415 -0.0839389 0.831116 0.549728
-3.56927 11.4414 38.7226 -0.0807812 0.831582 0.549496
-3.57347 11.1122 39.2223 -0.0768133 0.833116 0.547736
-3.57492 10.8352 39.6443 -0.0733611 0.833237 0.548025
-3.57673 10.5499 40.0792 -0.0736571 0.83384 0.547069
-3.58893 10.2703 40.5025 -0.0726869 0.833894 0.547116
-3.61037 9.93282 41.013 -0.0674471 0.833867 0.547827
-3.60749 9.56502 41.5716 -0.0640734 0.83305 0.549474
-3.58144 9.27849 42.0082 -0.061227 0.832254 0.551003
-3.55836 8.93328 42.5331 -0.0580916 0.833892 0.548862
-3.54451 8.64367 42.9741 -0.0556951 0.834584 0.548058
-3.55005 8.31513 43.4735 -0.0532978 0.834515 0.548401
-3.55409 7.97705 43.988 -0.0524554 0.834616 0.548329
-3.54989 7.63122 44.5154 -0.052009 0.834987 0.547806
-3.55984 7.35152 44.9411 -0.050795 0.835365 0.547344
-3.55377 7.0769 45.3614 -0.0502853 0.836148 0.546194
-3.52993 6.73243 45.8922 -0.0498554 0.83683 0.545188
-3.54831 6.37762 46.4377 -0.049075 0.838385 0.542865
-3.57253 6.09343 46.8751 -0.0462223 0.838922 0.542285
-3.5861 5.81196 47.309 -0.0448396 0.838799 0.542591
-3.61163 5.49791 47.7931 -0.0434275 0.839552 0.541541
-3.60027 5.21259 48.2365 -0.0419342 0.83982 0.541243
-3.5873 4.93816 48.663 -0.0404629 0.840469 0.540347
-3.57264 4.6683 49.084 -0.0383875 0.840421 0.540573
-3.56095 4.38186 49.5297 -0.038557 0.839934 0.541317
-3.55787 4.09379 49.9779 -0.0371539 0.841272 0.539333
-3.57806 3.72463 50.5545 -0.0360913 0.842762 0.537074
-3.5761 3.4558 50.9771 -0.0347806 0.843192 0.536486
-3.55639 3.11465 51.5145 -0.0302707 0.842921 0.537186
-3.54573 2.83223 51.9584 -0.0289726 0.843091 0.536989
-3.55486 2.54903 52.4024 -0.0282893 0.84307 0.537059
-3.57327 2.27922 52.8251 -0.0279887 0.843177 0.536908
-3.63294 1.97324 53.3029 -0.0277676 0.843542 0.536346
-4.11964 1.90589 53.3827 -0.0297338 0.843633 0.536096
-4.62737 1.90527 53.3541 -0.0326872 0.843411 0.536274
-5.19548 1.90478 53.3195 -0.0342269 0.843641 0.535815
-5.72704 1.88777 53.3118 -0.0330629 0.84472 0.534184
-6.25189 1.88848 53.2751 -0.0389009 0.846617 0.530777
-6.92318 1.88976 53.2184 -0.0486848 0.847935 0.52786
-7.42841 1.88148 53.1848 -0.0491894 0.848364 0.527123
-8.04716 1.86598 53.151 -0.0505513 0.848788 0.526312
-8.57342 1.8575 53.1127 -0.0544307 0.848346 0.526637
-9.08865 1.85397 53.064 -0.0560044 0.849002 0.525414
-9.73524 1.85953 52.9849 -0.0607592 0.850646 0.52221
-10.3839 1.85843 52.9067 -0.066811 0.850422 0.521841
-11.0198 1.86498 52.8032 -0.081933 0.851087 0.518588
-11.6552 1.85592 52.7151 -0.0834546 0.852451 0.516103
-12.2001 1.84235 52.6475 -0.0855412 0.853118 0.514655
-12.8089 1.82706 52.5685 -0.091703 0.854015 0.512097
-13.3795 1.81976 52.4743 -0.100884 0.854674 0.509269
-13.9576 1.82476 52.3477 -0.105665 0.85739 0.503703
-14.5345 1.82871 52.2166 -0.110437 0.858894 0.500105
-15.152 1.8174 52.0995 -0.110056 0.860191 0.497955
-15.6432 1.82088 51.9787 -0.12224 0.861049 0.493612
-16.322 1.82068 51.8083 -0.125201 0.862362 0.490568
-16.9265 1.8283 51.6283 -0.136027 0.863334 0.485954
-17.4305 1.83454 51.4765 -0.135481 0.863873 0.485147
-17.9598 1.83052 51.335 -0.137479 0.862937 0.48625
-18.5474 1.82592 51.167 -0.147267 0.863742 0.481936
-19.0761 1.8181 51.011 -0.156252 0.862502 0.481326
-19.5789 1.79731 50.8821 -0.158247 0.863557 0.478777
-20.1428 1.78243 50.7204 -0.163438 0.863278 0.477522
-20.6591 1.78348 50.5342 -0.174674 0.864441 0.471382
-21.1273 1.78474 50.3485 -0.184994 0.863661 0.468898
-21.7126 1.76681 50.1443 -0.192874 0.862731 0.467427
-22.2009 1.7653 49.9436 -0.195073 0.864032 0.464103
-22.6656 1.76625 49.744 -0.198485 0.86462 0.461553
-23.1242 1.7717 49.5344 -0.200354 0.864893 0.460237
-23.5943 1.77764 49.3185 -0.200583 0.864816 0.460283
-24.2161 1.7707 49.0548 -0.203952 0.866329 0.455936
-24.6818 1.76128 48.8572 -0.208077 0.868874 0.449179
-25.1384 1.75924 48.6417 -0.218908 0.868226 0.445265
-25.5858 1.76501 48.4075 -0.223161 0.868439 0.442734
-26.047 1.76067 48.1831 -0.223983 0.868259 0.442672
-26.5009 1.76204 47.9488 -0.225851 0.868379 0.441486
-26.9495 1.7683 47.7023 -0.232244 0.86784 0.439223
-27.3865 1.77466 47.4519 -0.245382 0.864687 0.438296
-27.8375 1.78523 47.1692 -0.254511 0.865655 0.431119
-28.3494 1.78848 46.8536 -0.26486 0.863315 0.429576
-28.838 1.7846 46.5601 -0.265835 0.863179 0.429246
-29.272 1.78702 46.2861 -0.268545 0.862077 0.429767
-29.785 1.7799 45.9739 -0.275425 0.862904 0.423716
-30.2251 1.78196 45.6822 -0.278134 0.862629 0.422507
-30.6519 1.78007 45.3996 -0.290443 0.863729 0.411842
-31.1103 1.77507 45.0853 -0.291863 0.865502 0.407089
-31.5335 1.77774 44.772 -0.299986 0.862743 0.407042
-31.9543 1.78311 44.4496 -0.299722 0.863539 0.405545
-32.4477 1.7971 44.0497 -0.302577 0.864938 0.400412
-32.8489 1.79776 43.7413 -0.306795 0.864934 0.397197
-33.2972 1.78406 43.415 -0.311346 0.867114 0.388815
-33.77 1.7747 43.0485 -0.319209 0.868149 0.380025
-34.198 1.75674 42.7261 -0.323655 0.868394 0.375681
-34.6004 1.74973 42.391 -0.328673 0.868004 0.372212
-34.9949 1.75516 42.0266 -0.332779 0.867581 0.36954
-35.4043 1.76644 41.6276 -0.335637 0.867276 0.36767
-35.7706 1.78201 41.2436 -0.346972 0.866372 0.359168
-36.1229 1.79016 40.8803 -0.350357 0.864617 0.360121
-36.5009 1.78663 40.5171 -0.353777 0.864228 0.357701
-36.88 1.78277 40.1502 -0.354072 0.864721 0.356217
-37.2479 1.77824 39.7951 -0.354796 0.864515 0.355995
-37.7002 1.77711 39.344 -0.357274 0.864431 0.353711
-38.0543 1.77804 38.9795 -0.359219 0.865904 0.348088
-38.4783 1.78081 38.531 -0.364255 0.865462 0.343936
-38.8823 1.78393 38.0944 -0.363097 0.866194 0.343321
-39.2954 1.79207 37.6231 -0.373254 0.865415 0.334274
-39.6969 1.79666 37.1613 -0.381123 0.861806 0.334716
-40.1213 1.79137 36.6895 -0.380656 0.86323 0.331563
-40.5414 1.81139 36.1509 -0.382243 0.863007 0.330318
-40.9846 1.80937 35.6385 -0.387958 0.861255 0.328207
-41.2943 1.82321 35.2318 -0.390675 0.860667 0.326536
-41.6069 1.83149 34.8323 -0.393608 0.859551 0.325954
-41.9284 1.83639 34.4291 -0.39608 0.858125 0.326714
-42.2521 1.83981 34.0182 -0.403447 0.856886 0.320901
-42.5737 1.84484 33.5976 -0.40702 0.855139 0.32105
-42.8745 1.86269 33.158 -0.415609 0.853096 0.315431
-43.2247 1.87581 32.6559 -0.417969 0.85319 0.312034
-43.6048 1.88601 32.1107 -0.430241 0.849321 0.30585
-43.9424 1.88511 31.6369 -0.434577 0.846718 0.306921
-44.3286 1.88075 31.0955 -0.441221 0.843307 0.306846
-44.5847 1.90891 30.6535 -0.439313 0.843387 0.309358
-44.7733 2.04346 30.0254 -0.440278 0.840788 0.315008
-44.313 2.40502 29.7053 -0.4398 0.840953 0.315234
-43.9109 2.6849 29.5141 -0.431458 0.844935 0.316111
-43.5075 2.98494 29.2655 -0.429127 0.845338 0.318187
-43.0869 3.29652 28.9975 -0.42563 0.847502 0.317143
-42.697 3.57338 28.7861 -0.426718 0.845254 0.321648
-42.2434 3.89718 28.5428 -0.427876 0.843144 0.325622
-41.8569 4.17691 28.3284 -0.426728 0.842764 0.328099
-41.4863 4.45305 28.1009 -0.424265 0.843315 0.329871
-41.0566 4.78512 27.7983 -0.420007 0.845887 0.32874
-40.6684 5.07418 27.5502 -0.419344 0.846051 0.329162
-40.2865 5.35341 27.3205 -0.419575 0.845156 0.331161
-39.7775 5.71487 27.0457 -0.420935 0.844063 0.332223
-39.3651 6.01398 26.8085 -0.419763 0.844387 0.332878
-38.9808 6.28944 26.5923 -0.41849 0.844988 0.332958
-38.531 6.61824 26.3211 -0.416326 0.845074 0.335445
-38.1185 6.91667 26.0757 -0.413063 0.847001 0.334616
-37.744 7.18163 25.8659 -0.411582 0.846408 0.337924
-37.3009 7.49651 25.6144 -0.410224 0.846032 0.340509
-36.8978 7.78046 25.395 -0.410834 0.845461 0.341187
-36.5019 8.06063 25.179 -0.411526 0.844322 0.343171
-36.1277 8.32977 24.9678 -0.413215 0.843243 0.343795
-35.7053 8.63756 24.722 -0.414121 0.842561 0.344376
-35.2551 8.96852 24.4527 -0.413197 0.842863 0.344745
-34.7481 9.33679 24.1608 -0.411474 0.842218 0.348363
-34.2783 9.67512 23.9001 -0.415833 0.840234 0.347979
-33.8644 9.97922 23.6583 -0.413412 0.841784 0.347118
-33.4975 10.25 23.4414 -0.416586 0.840505 0.346418
-33.0369 10.5887 23.1613 -0.407825 0.844312 0.34758
-32.5852 10.9156 22.899 -0.408248 0.844682 0.346187
-32.1915 11.1947 22.684 -0.411602 0.842855 0.34667
-31.6719 11.5633 22.4056 -0.413725 0.840773 0.349178
-31.2745 11.8534 22.1805 -0.412474 0.840255 0.351906
-30.8568 12.1499 21.964 -0.412502 0.838266 0.356584
-30.4272 12.4638 21.7236 -0.413874 0.837954 0.355726
-29.9246 12.8443 21.4157 -0.417181 0.836752 0.35469
-29.4437 13.2042 21.1329 -0.416945 0.836894 0.354635
-29.0154 13.5301 20.8653 -0.414627 0.837378 0.356206
-28.6545 13.8033 20.6414 -0.412458 0.837042 0.359498
-28.2374 14.1087 20.4069 -0.408685 0.837543 0.362626
-27.8473 14.396 20.185 -0.410884 0.834418 0.367313
-27.4924 14.672 19.9564 -0.407817 0.834626 0.37025
-27.0109 15.0261 19.6877 -0.407512 0.835169 0.36936
-26.535 15.378 19.4169 -0.405194 0.834879 0.372552
-26.1187 15.681 19.1934 -0.407789 0.833044 0.373822
-25.7182 15.9832 18.9545 -0.404555 0.833468 0.376387
-25.171 16.3872 18.6471 -0.401017 0.834628 0.37759
-24.6596 16.7738 18.3373 -0.399088 0.833585 0.381916
-24.2196 17.1064 18.0753 -0.398341 0.83163 0.38691
-23.8079 17.417 17.8264 -0.389096 0.835716 0.387502
-23.4204 17.6944 17.6153 -0.382689 0.83541 0.394474
-23.0316 17.9647 17.4171 -0.379577 0.833785 0.400902
-22.6377 18.2566 17.1838 -0.376179 0.833263 0.405169
-22.1989 18.5799 16.9272 -0.376453 0.832871 0.40572
-21.7325 18.9241 16.6513 -0.37397 0.83378 0.406149
-21.3458 19.2194 16.4003 -0.373763 0.834072 0.405741
-20.9439 19.53 16.1333 -0.375375 0.833201 0.406041
-20.5146 19.8529 15.8686 -0.375039 0.832961 0.406843
-20.0662 20.1716 15.6277 -0.371218 0.834076 0.408062
-19.6595 20.4604 15.4066 -0.367997 0.835028 0.40902
-19.2863 20.732 15.1886 -0.367558 0.834343 0.41082
-18.7519 21.1132 14.8909 -0.365408 0.834505 0.412405
-18.3673 21.3828 14.6872 -0.361181 0.834292 0.416541
-17.8265 21.762 14.3975 -0.36169 0.833733 0.417215
-17.4459 22.0356 14.1764 -0.358827 0.834731 0.417692
-17.0793 22.3047 13.9541 -0.357293 0.835893 0.416678
-16.7045 22.5896 13.702 -0.355445 0.835033 0.419973
-16.2271 22.9646 13.3576 -0.352014 0.836458 0.420029
-15.7974 23.3268 12.9976 -0.35231 0.83545 0.421784
-15.4546 23.6169 12.7109 -0.353935 0.8338 0.423681
-15.1117 23.9324 12.3781 -0.356143 0.832203 0.424969
-14.7792 24.2777 11.9822 -0.358325 0.831121 0.425253
-14.5299 24.5762 11.6103 -0.359542 0.83022 0.425986
-14.2778 24.8911 11.2098 -0.364321 0.829613 0.423098
-14.0397 25.2053 10.8 -0.365868 0.828722 0.423509
-13.8155 25.5616 10.2948 -0.372648 0.828357 0.418279
-13.6544 25.847 9.8718 -0.370503 0.829997 0.416928
-13.5167 26.1318 9.42342 -0.3751 0.830324 0.412143
-13.4237 26.4046 8.95694 -0.383776 0.829254 0.406267
-13.3519 26.6723 8.47693 -0.390848 0.826233 0.40568
-13.3081 26.9894 7.86499 -0.390406 0.830572 0.397149
-13.2959 27.2218 7.38503 -0.394624 0.832283 0.389328
-13.2962 27.5068 6.75997 -0.400329 0.838255 0.370126
-13.3481 27.7373 6.1591 -0.409856 0.845024 0.343433
-13.4088 27.8981 5.68174 -0.421503 0.842485 0.33549
-13.5235 28.0524 5.11854 -0.428398 0.850118 0.306226
-13.6405 28.1718 4.60495 -0.437723 0.854588 0.279286
-13.7619 28.2787 4.07105 -0.447114 0.855464 0.260877
-13.9065 28.3393 3.54729 -0.454235 0.862518 0.223001
-14.0535 28.4183 2.89538 -0.457104 0.869904 0.185262
-14.1808 28.4887 2.21543 -0.447476 0.878682 0.16638
-14.258 28.5281 1.63955 -0.464685 0.879298 0.104402
-14.3032 28.563 1.12144 -0.46298 0.881612 0.0917064
-14.3236 28.6143 0.440171 -0.469373 0.880489 0.0658482
-14.3058 28.6561 -0.0897122 -0.454754 0.890506 0.0140589
-14.2505 28.6905 -0.735427 -0.47371 0.88068 -0.00118002
-14.1847 28.7108 -1.29383 -0.463354 0.885381 -0.0374661
-14.1142 28.7096 -1.96521 -0.456492 0.887244 -0.0657013
-14.0281 28.6987 -2.56694 -0.442339 0.891349 -0.0991615
-13.9301 28.6724 -3.17655 -0.445633 0.886812 -0.122179
-13.8048 28.6356 -3.73913 -0.430612 0.883414 -0.184736
-13.6466 28.5693 -4.38787 -0.428687 0.880914 -0.200544
-13.5412 28.4697 -4.91436 -0.4209 0.866669 -0.267822
-13.4262 28.3543 -5.44322 -0.405408 0.865259 -0.294908
-13.347 28.2139 -5.94039 -0.411006 0.854894 -0.316476
-13.2999 28.0192 -6.51533 -0.400695 0.854661 -0.330148
-13.2575 27.7956 -7.12108 -0.388512 0.850277 -0.354965
-13.2623 27.5422 -7.6955 -0.384957 0.840799 -0.380611
-13.3044 27.2561 -8.282 -0.38074 0.840373 -0.385759
-13.3579 27 -8.77966 -0.376725 0.836828 -0.397191
-13.4324 26.7529 -9.22719 -0.367141 0.836226 -0.407349
-13.5321 26.504 -9.64942 -0.363688 0.835504 -0.411854
-13.6897 26.1926 -10.1381 -0.35811 0.835327 -0.417107
-13.9278 25.8398 -10.6397 -0.352761 0.835698 -0.420913
-14.1653 25.5368 -11.0459 -0.349004 0.836921 -0.42161
-14.4032 25.2469 -11.4216 -0.351561 0.836034 -0.421248
-14.648 24.97 -11.764 -0.348563 0.835494 -0.424794
-15.0011 24.613 -12.1775 -0.345692 0.836114 -0.425923
-15.337 24.2856 -12.5497 -0.342173 0.837237 -0.426558
-15.6894 23.9635 -12.9012 -0.340209 0.838468 -0.425711
-16.0296 23.6697 -13.207 -0.34669 0.837903 -0.421571
-16.5068 23.3075 -13.5365 -0.344656 0.837809 -0.423425
-16.9623 22.959 -13.8545 -0.345985 0.838684 -0.420589
-17.4394 22.5996 -14.1836 -0.34584 0.84108 -0.415907
-17.8522 22.3037 -14.44 -0.347524 0.841464 -0.413712
-18.3324 21.9701 -14.7186 -0.347556 0.842998 -0.410558
-18.7251 21.702 -14.9351 -0.354374 0.842624 -0.405466
-19.1673 21.4075 -15.1608 -0.357048 0.841052 -0.406366
-19.6223 21.0773 -15.4445 -0.359024 0.84272 -0.401153
-19.9952 20.8064 -15.6777 -0.364005 0.840911 -0.400461
-20.3988 20.5177 -15.9142 -0.3701 0.839766 -0.397256
-20.8562 20.199 -16.1628 -0.372432 0.839531 -0.395577
-21.378 19.8396 -16.4356 -0.371764 0.84098 -0.393117
-21.8034 19.5458 -16.6617 -0.37517 0.840555 -0.390783
-22.2035 19.2637 -16.8833 -0.377979 0.839682 -0.389954
-22.6605 18.9372 -17.1441 -0.379739 0.841181 -0.384974
-23.0548 18.6525 -17.3777 -0.383597 0.84026 -0.383167
-23.4652 18.3548 -17.6236 -0.385866 0.841453 -0.37824
-23.8313 18.0872 -17.8423 -0.389909 0.839781 -0.377808
-24.2606 17.7767 -18.0884 -0.392192 0.839019 -0.377136
-24.6802 17.4794 -18.3146 -0.391505 0.839431 -0.376934
-25.0944 17.1809 -18.5495 -0.390965 0.839553 -0.377223
-25.528 16.8588 -18.8103 -0.399758 0.837624 -0.372249
-25.9448 16.5448 -19.0726 -0.399524 0.839066 -0.369255
-26.3966 16.2133 -19.3336 -0.405927 0.836071 -0.369065
-26.7721 15.933 -19.5573 -0.405989 0.837094 -0.366671
-27.1372 15.6583 -19.7817 -0.404702 0.838464 -0.364958
-27.5662 15.3429 -20.0287 -0.405798 0.837502 -0.365948
-27.9743 15.0464 -20.2575 -0.40567 0.838306 -0.364243
-28.3903 14.738 -20.507 -0.403042 0.840258 -0.362661
-28.7755 14.4517 -20.7454 -0.399656 0.842164 -0.361988
-29.1984 14.1538 -20.9701 -0.401763 0.840817 -0.362786
-29.6318 13.8274 -21.2403 -0.408959 0.836781 -0.364075
-30.0013 13.5497 -21.4657 -0.411502 0.837577 -0.359348
-30.4452 13.2155 -21.734 -0.420594 0.835925 -0.352606
-30.8138 12.9435 -21.9452 -0.41695 0.839233 -0.349057
-31.2952 12.5841 -22.2303 -0.423264 0.838866 -0.342273
-31.6891 12.2952 -22.4519 -0.420829 0.839611 -0.343447
-32.105 11.9997 -22.6674 -0.421481 0.842895 -0.334488
-32.6114 11.6438 -22.9308 -0.416743 0.846887 -0.330305
-33.0257 11.3538 -23.154 -0.418772 0.846306 -0.329235
-33.4964 11.0177 -23.4178 -0.420135 0.845505 -0.329557
-33.9257 10.7094 -23.6577 -0.423558 0.843577 -0.330115
-34.3117 10.4185 -23.9064 -0.425304 0.843509 -0.328038
-34.764 10.0816 -24.1845 -0.423067 0.843719 -0.330383
-35.2319 9.74147 -24.4489 -0.426696 0.841591 -0.331142
-35.6333 9.4431 -24.6853 -0.43093 0.841362 -0.326204
-36.0553 9.13186 -24.9274 -0.435007 0.839095 -0.326631
-36.4561 8.83836 -25.1472 -0.436445 0.838432 -0.326414
-36.8427 8.54351 -25.3902 -0.434818 0.839611 -0.325557
-37.3118 8.18193 -25.6946 -0.436619 0.840204 -0.321591
-37.6814 7.90425 -25.9175 -0.438895 0.840077 -0.318815
-38.0708 7.61156 -26.1533 -0.43809 0.840816 -0.317971
-38.4508 7.32925 -26.3741 -0.440247 0.839567 -0.318293
-38.9512 6.97227 -26.6262 -0.438609 0.840621 -0.317772
-39.3901 6.65284 -26.8607 -0.443178 0.839819 -0.313523
-39.7578 6.38154 -27.0667 -0.444326 0.839103 -0.313816
-40.2008 6.06157 -27.2953 -0.445002 0.839494 -0.311807
-40.6463 5.7361 -27.5404 -0.442289 0.841582 -0.310033
-41.1053 5.38516 -27.8408 -0.441317 0.842582 -0.308699
-41.6347 4.99851 -28.1414 -0.440086 0.843573 -0.307747
-42.0678 4.685 -28.3817 -0.439124 0.843644 -0.308925
-42.4588 4.40233 -28.5975 -0.439972 0.843733 -0.307473
-42.9263 4.05604 -28.8814 -0.44052 0.844057 -0.305785
-43.3087 3.77743 -29.1 -0.439652 0.844101 -0.30692
-43.6732 3.49879 -29.3425 -0.447612 0.841499 -0.302528
-44.0516 3.20786 -29.5962 -0.449274 0.842489 -0.297263
-44.4901 2.8778 -29.8688 -0.453159 0.843429 -0.288574
-44.9491 2.54908 -30.1078 -0.453446 0.843681 -0.28738
-45.3913 2.23036 -30.343 -0.456621 0.842596 -0.285534
-45.716 1.94997 -30.6528 -0.456017 0.843268 -0.284513
-45.4838 1.91851 -31.1138 -0.452273 0.844753 -0.28608
-45.2143 1.89745 -31.6011 -0.451704 0.84474 -0.287016
-44.9443 1.87969 -32.0755 -0.446366 0.847726 -0.286561
-44.65 1.8695 -32.5567 -0.440343 0.849872 -0.289508
-44.3443 1.86084 -33.0432 -0.436472 0.851225 -0.29139
-44.0625 1.8597 -33.4656 -0.433727 0.851793 -0.293818
-43.674 1.85404 -34.0524 -0.431863 0.852705 -0.293917
-43.359 1.85133 -34.5175 -0.429285 0.852197 -0.299108
-43.0791 1.83173 -34.9663 -0.424613 0.852453 -0.304999
-42.7629 1.82116 -35.4318 -0.421741 0.853126 -0.307098
-42.4105 1.8234 -35.9031 -0.416882 0.853884 -0.311578
-42.0449 1.83077 -36.3549 -0.408851 0.855626 -0.31737
-41.7098 1.8274 -36.7852 -0.40218 0.854927 -0.327588
-41.6206 1.82461 -36.8995 -0.399787 0.85395 -0.333076
-9.89606 23.9821 -16.9651 -0.28212 0.834663 -0.473011
-9.75741 24.0808 -16.8735 -0.280324 0.834286 -0.474747
-7.11309 27.6468 -12.4961 -0.319468 0.803263 -0.502522
-6.83289 27.9434 -12.1885 -0.29708 0.815328 -0.496975
-6.48015 28.2617 -11.8819 -0.301556 0.810381 -0.502341
-6.05162 28.6288 -11.5452 -0.293852 0.811501 -0.50504
-5.68111 28.9258 -11.2816 -0.293671 0.809608 -0.508205
-5.298 29.2238 -11.0337 -0.295473 0.805342 -0.51391
-4.90279 29.5252 -10.7883 -0.295299 0.803073 -0.517564
-4.46491 29.8493 -10.5361 -0.288603 0.800421 -0.52539
-4.01201 30.1824 -10.2876 -0.290147 0.790174 -0.539851
-3.5996 30.4737 -10.0804 -0.283431 0.791509 -0.541462
-3.17018 30.758 -9.88464 -0.272718 0.782689 -0.559485
-2.78744 31.0433 -9.66366 -0.249541 0.791981 -0.557221
-3.18108 31.0922 -9.39959 -0.280551 0.786194 -0.550618
-3.67752 31.0858 -9.15283 -0.288822 0.785198 -0.547741
-4.12295 31.0806 -8.91869 -0.30311 0.784041 -0.541668
-4.56798 31.0795 -8.6686 -0.313159 0.780728 -0.540735
-5.03301 31.0826 -8.38335 -0.331059 0.782114 -0.527893
-5.49392 31.0866 -8.08597 -0.334275 0.788684 -0.515886
-5.9235 31.0827 -7.77204 -0.378502 0.781688 -0.495661
-6.38456 31.0808 -7.40864 -0.395514 0.780192 -0.484586
-6.78427 31.0764 -7.07696 -0.423918 0.777263 -0.464925
-6.97359 30.8709 -7.25448 -0.409221 0.786194 -0.463022
-6.91024 30.5552 -7.83084 -0.385689 0.784652 -0.48535
-6.87963 30.2072 -8.41524 -0.367428 0.78801 -0.493891
-6.8786 29.9268 -8.87163 -0.353849 0.800355 -0.483965
-6.86646 29.5969 -9.42419 -0.347081 0.801755 -0.486534
-6.86636 29.2795 -9.94621 -0.342058 0.803414 -0.487362
-6.89459 28.9948 -10.398 -0.330801 0.80841 -0.486871
-6.93481 28.7225 -10.8238 -0.33136 0.809076 -0.485383
-6.99702 28.4365 -11.2622 -0.328628 0.811944 -0.482428
-7.0987 28.1166 -11.7292 -0.322412 0.814673 -0.481927
-7.16151 27.8369 -12.1546 -0.330209 0.803984 -0.494541
-7.11285 27.6471 -12.4957 -0.330204 0.804042 -0.494451
-1.86887 35.2305 -3.98146 -0.272698 0.860317 -0.429976
-1.41442 35.2527 -4.22023 -0.251642 0.832546 -0.490989
-0.909328 35.2611 -4.40308 -0.14328 0.826483 -0.544139
-0.329528 35.2729 -4.51354 -0.0970588 0.828271 -0.551857
0.252163 35.3134 -4.54178 -0.0824179 0.834457 -0.544875
0.786335 35.3286 -4.47978 0.0927068 0.844444 -0.52755
1.34549 35.3226 -4.32306 0.221841 0.858825 -0.461743
1.86838 35.2973 -4.06312 0.269593 0.860002 -0.433206
2.31819 35.2893 -3.75016 0.327819 0.861573 -0.386439
2.7815 35.2607 -3.33931 0.38451 0.851191 -0.357248
3.18202 35.2514 -2.85703 0.431292 0.845053 -0.315992
3.48519 35.2212 -2.40437 0.493527 0.83465 -0.243309
3.74264 35.2126 -1.87577 0.490869 0.846671 -0.203924
3.898 35.2181 -1.38301 0.518683 0.841801 -0.148794
4.02013 35.2317 -0.724982 0.508983 0.859046 -0.0520253
4.0421 35.2251 -0.189984 0.522137 0.851876 0.0363411
4.00148 35.2107 0.325671 0.523342 0.846754 0.0955045
3.91277 35.1961 0.87003 0.525014 0.84265 0.119587
3.77149 35.194 1.43962 0.493881 0.858391 0.138732
3.59202 35.1984 1.93891 0.442698 0.879903 0.172597
3.31008 35.1982 2.49981 0.434798 0.870218 0.228792
2.94739 35.1867 2.95504 0.393612 0.84027 0.372486
2.54617 35.1868 3.35699 0.388509 0.820025 0.419932
2.13224 35.1915 3.65509 0.294804 0.832221 0.468576
1.57838 35.175 3.94083 0.197955 0.788592 0.582183
1.01953 35.1626 4.07827 0.098094 0.787033 0.609062
0.437565 35.1578 4.14142 0.026913 0.782129 0.622535
-0.102998 35.1565 4.1241 -0.0611257 0.790323 0.608773
-0.735025 35.1577 4.00942 -0.13846 0.785364 0.603351
-1.30547 35.1681 3.8432 -0.169407 0.778604 0.604144
-1.89207 35.1787 3.60944 -0.272066 0.776894 0.567614
-2.35757 35.1828 3.3658 -0.341848 0.753703 0.561234
-2.78238 35.1891 3.07238 -0.418873 0.765955 0.487707
-3.17553 35.189 2.71362 -0.451409 0.795716 0.403814
-3.53245 35.1899 2.2795 -0.514639 0.762177 0.392725
-3.8211 35.2022 1.81532 -0.5679 0.756554 0.323368
-4.0375 35.2121 1.35737 -0.585256 0.777795 0.229143
-4.2234 35.2217 0.807365 -0.621596 0.77195 0.125804
-4.29528 35.207 0.135076 -0.630673 0.775465 -0.0300866
-4.26555 35.1895 -0.386526 -0.55758 0.823277 -0.106389
-4.15306 35.1911 -0.92681 -0.546032 0.828734 -0.122672
-3.99924 35.2126 -1.43066 -0.534768 0.833731 -0.137535
-3.75311 35.2505 -2.01746 -0.52023 0.832968 -0.188241
-3.42475 35.2415 -2.58921 -0.418773 0.851789 -0.313572
-3.09275 35.2385 -2.9908 -0.355082 0.86249 -0.358713
-2.70598 35.2254 -3.35159 -0.316069 0.867309 -0.384536
-2.1767 35.226 -3.76639 -0.299615 0.863461 -0.405791
-1.94461 35.2289 -3.93141 -0.297367 0.860884 -0.412784
9.38094 31.1446 -2.42892 0.613701 0.781636 -0.111247
9.74738 30.8678 -2.38239 0.613625 0.78447 -0.0870507
10.1214 30.5982 -2.10387 0.610093 0.789479 -0.0671536
10.481 30.3367 -1.84878 0.608664 0.79168 -0.0526466
10.9537 29.9956 -1.54463 0.599646 0.799003 -0.0449318
11.3966 29.6803 -1.27996 0.595419 0.802096 -0.0460249
11.872 29.3448 -1.01922 0.585458 0.810287 -0.0256208
12.289 29.0563 -0.816798 0.569212 0.821601 -0.0311328
12.7172 28.7657 -0.651394 0.568672 0.82224 -0.0230832
13.1368 28.481 -0.489013 0.564143 0.825506 -0.0168097
13.6277 28.1395 -0.317346 0.572441 0.819939 0.000990668
14.094 27.8061 -0.144787 0.587642 0.809094 -0.00667655
14.5997 27.44 -0.085011 0.585285 0.810825 0.00229314
14.5946 27.4431 0.118172 0.585672 0.810544 0.00251545
14.1554 27.7643 0.289006 0.589374 0.807846 -0.0044625
13.7132 28.0753 0.402916 0.58059 0.81403 0.0164513
13.3012 28.3576 0.56268 0.558487 0.828941 0.0307908
12.8038 28.6846 0.761434 0.555613 0.830517 0.038426
12.4147 28.9443 0.946405 0.579553 0.813965 0.0397493
11.9657 29.249 1.18731 0.57525 0.816332 0.0518085
11.4651 29.5826 1.47905 0.58191 0.80956 0.0758587
11.0876 29.8361 1.70304 0.589381 0.802267 0.0948607
10.707 30.0829 1.94989 0.587175 0.802707 0.104248
10.3334 30.3231 2.19578 0.582207 0.803043 0.127095
9.92038 30.5772 2.50308 0.589901 0.79372 0.148409
9.50613 30.8251 2.8102 0.586959 0.7926 0.165117
9.15516 31.0601 2.91789 0.580059 0.792824 0.186978
9.28803 31.088 2.31547 0.598177 0.786047 0.155877
9.42967 31.0912 1.67288 0.603384 0.790975 0.101405
9.49457 31.1059 1.09135 0.610837 0.788854 0.0677247
9.53781 31.1144 0.484756 0.624265 0.780434 0.0343755
9.55285 31.1237 -0.0731726 0.627021 0.778671 0.021436
9.55627 31.1287 -0.726093 0.629942 0.776609 -0.00632507
9.52631 31.13 -1.3707 0.631213 0.774645 -0.0386359
9.45733 31.132 -2.02081 0.63037 0.773147 -0.0698397
9.42047 31.1392 -2.25419 0.619421 0.778921 -0.0959048
19.1967 24.216 -0.0058681 0.560108 0.82825 0.0167642
19.6068 23.939 0.00820188 0.558851 0.829117 0.015787
20.0254 23.6549 0.12711 0.556399 0.830749 0.016414
20.6078 23.2651 0.327679 0.547012 0.836894 0.0196581
21.0068 23.0012 0.473172 0.545806 0.837679 0.0197472
21.4867 22.6857 0.654735 0.542714 0.83968 0.0199604
21.9034 22.4126 0.827619 0.542157 0.840008 0.021284
22.3131 22.1427 0.982885 0.54525 0.83791 0.0246841
22.755 21.852 1.16528 0.542126 0.839756 0.0301602
23.1482 21.5912 1.35926 0.540899 0.840397 0.0340644
23.672 21.2402 1.66722 0.540647 0.840399 0.0378134
24.0754 20.9701 1.89745 0.540282 0.840585 0.0388388
24.4862 20.6924 2.11062 0.544628 0.837429 0.0457517
24.9376 20.3871 2.37133 0.545407 0.836632 0.0507654
25.3263 20.1229 2.58059 0.539313 0.840285 0.0552569
25.716 19.8579 2.80737 0.538083 0.841014 0.0562222
26.1025 19.5951 3.03067 0.539298 0.840283 0.0555129
26.6003 19.258 3.30678 0.538528 0.840804 0.055105
27.0144 18.9807 3.52783 0.534408 0.843533 0.053468
27.4421 18.6957 3.77457 0.533394 0.843583 0.0620083
27.9436 18.357 4.07255 0.529207 0.845922 0.0659935
28.3903 18.0513 4.35478 0.532033 0.843276 0.076315
28.8404 17.7446 4.59279 0.538287 0.839282 0.0765029
29.32 17.4143 4.87517 0.532101 0.843008 0.0787783
29.7084 17.1459 5.14999 0.52787 0.845249 0.0831136
30.0819 16.8893 5.38511 0.530228 0.844327 0.0772628
30.5617 16.5671 5.62397 0.526667 0.846607 0.0766733
30.967 16.2934 5.84199 0.531227 0.843682 0.0774481
31.4032 15.9954 6.08527 0.532506 0.842497 0.0814633
31.9303 15.6262 6.37616 0.537664 0.838607 0.0874946
32.3955 15.3021 6.63475 0.533419 0.840327 0.0965137
32.7943 15.0281 6.85222 0.526788 0.844776 0.0940584
33.18 14.7641 7.06357 0.526684 0.844835 0.0941175
33.7116 14.3988 7.3737 0.52539 0.845466 0.0956705
34.1007 14.134 7.58942 0.523929 0.846329 0.0960466
34.625 13.775 7.88208 0.522457 0.846724 0.100489
35.0908 13.4529 8.15307 0.523006 0.844619 0.114385
35.572 13.1154 8.43862 0.523908 0.843852 0.115906
35.9995 12.8194 8.68749 0.516625 0.848338 0.115842
36.4235 12.5299 8.91695 0.514811 0.849256 0.117194
36.8914 12.2104 9.1768 0.514885 0.849152 0.117616
37.3182 11.9159 9.42737 0.517469 0.847282 0.119744
37.7525 11.6126 9.68119 0.521256 0.844605 0.122201
38.1394 11.3381 9.92053 0.524123 0.84227 0.125997
38.6003 11.0072 10.2104 0.525402 0.841177 0.127956
38.9901 10.7288 10.4378 0.524165 0.841452 0.131183
39.3846 10.4483 10.6511 0.527373 0.838941 0.134371
39.8329 10.1289 10.8958 0.523403 0.840871 0.13779
40.3513 9.75238 11.2012 0.530128 0.836327 0.139715
40.7408 9.46863 11.4291 0.527277 0.838284 0.138772
41.2079 9.12961 11.7111 0.524506 0.840242 0.137424
41.7545 8.74312 11.9929 0.522829 0.840683 0.141073
42.1989 8.42656 12.2304 0.517134 0.842465 0.151078
42.6017 8.13674 12.4577 0.520865 0.83923 0.156182
43.0409 7.81276 12.7332 0.51512 0.84149 0.162931
43.4409 7.52886 12.9457 0.509622 0.844303 0.165628
43.818 7.25817 13.1609 0.503881 0.846775 0.170516
44.2108 6.98564 13.3513 0.503824 0.846595 0.171576
44.6518 6.68337 13.5458 0.504027 0.846257 0.172642
45.076 6.38116 13.7807 0.506508 0.844511 0.173927
45.4712 6.09862 14.0034 0.504143 0.845584 0.175581
45.889 5.79633 14.2594 0.50168 0.846503 0.178174
46.2902 5.54011 14.3538 0.496522 0.849808 0.176899
46.6109 5.46239 13.836 0.492597 0.851963 0.177502
46.8132 5.45129 13.3078 0.493722 0.853298 0.167695
47.0025 5.43696 12.7994 0.50358 0.849077 0.159515
47.1785 5.42707 12.2789 0.507602 0.847837 0.153328
47.3399 5.42483 11.7567 0.503923 0.85035 0.151545
47.5049 5.41416 11.26 0.505448 0.850474 0.145618
47.6764 5.39598 10.7519 0.500403 0.855079 0.135734
47.8161 5.40316 10.1615 0.505286 0.854188 0.122673
47.9422 5.40147 9.66345 0.50038 0.856967 0.1234
48.0989 5.40846 8.98506 0.500221 0.85734 0.121388
48.249 5.40954 8.31421 0.506887 0.855787 0.10341
48.3537 5.40734 7.79739 0.505019 0.858165 0.09224
48.4438 5.40613 7.28518 0.50763 0.857631 0.0823503
48.5539 5.39255 6.738 0.511771 0.855371 0.0801904
48.6392 5.39252 6.18238 0.512377 0.855323 0.0767582
48.724 5.38671 5.661 0.515425 0.853975 0.071168
48.826 5.37663 5.02054 0.515787 0.854138 0.0664158
48.8794 5.38343 4.51697 0.518066 0.852701 0.0671385
48.9351 5.3934 3.93709 0.519572 0.85255 0.0562372
48.9527 5.41589 3.36289 0.510163 0.85917 0.0394998
48.9791 5.41926 2.83822 0.515799 0.856388 0.0234229
49.0136 5.41239 2.24331 0.515787 0.856542 0.0172159
49.0416 5.40598 1.66721 0.51339 0.858048 0.0132956
49.0674 5.39736 1.11683 0.505284 0.862867 0.012077
49.0812 5.39741 0.498898 0.504846 0.863163 0.00895636
49.0732 5.40558 -0.12412 0.507034 0.861924 -0.00171992
49.0385 5.42111 -0.638665 0.509974 0.860064 -0.0147143
48.9573 5.45031 -1.35717 0.508812 0.860456 -0.0269245
48.9473 5.43222 -1.95329 0.511688 0.85838 -0.0367573
48.9118 5.43269 -2.52145 0.509707 0.85976 -0.0317914
48.8715 5.43349 -3.10438 0.515242 0.856408 -0.0328887
48.8359 5.42859 -3.65557 0.514255 0.856374 -0.0463872
48.7751 5.43093 -4.19715 0.514412 0.855374 -0.0609607
48.706 5.43392 -4.73063 0.51105 0.857305 -0.062094
48.6296 5.43397 -5.35685 0.511252 0.857142 -0.0626786
48.5403 5.43481 -6.02743 0.50945 0.857175 -0.0755689
48.4663 5.43222 -6.54129 0.514533 0.853463 -0.0827996
48.3746 5.42092 -7.16941 0.51227 0.853496 -0.0955145
48.2637 5.4275 -7.71211 0.514536 0.852243 -0.0945197
48.1467 5.43699 -8.26457 0.513283 0.852937 -0.095066
48.0203 5.4489 -8.7982 0.513051 0.850258 -0.117404
47.8799 5.45927 -9.29583 0.51533 0.846249 -0.135268
47.6883 5.46088 -9.9533 0.506196 0.84929 -0.149909
47.4779 5.46704 -10.6249 0.505297 0.849407 -0.152259
47.3269 5.46827 -11.1171 0.504376 0.849705 -0.153643
47.1443 5.45164 -11.8072 0.50413 0.849745 -0.15423
46.963 5.4458 -12.4162 0.503561 0.849191 -0.159063
46.7791 5.45736 -12.9349 0.503476 0.848988 -0.160407
46.5078 5.49172 -13.6024 0.503262 0.847506 -0.168557
46.2638 5.52438 -14.1539 0.505892 0.843135 -0.182201
45.8683 5.7245 -14.3127 0.499357 0.847001 -0.182292
45.4122 6.05567 -14.0374 0.50561 0.844881 -0.174743
45.0071 6.34643 -13.7983 0.504625 0.846667 -0.168703
44.6273 6.61507 -13.5795 0.505915 0.847471 -0.160759
44.2321 6.89283 -13.3609 0.506483 0.846848 -0.162248
43.7457 7.22892 -13.1256 0.506603 0.846748 -0.16239
43.2491 7.57328 -12.8787 0.5061 0.846993 -0.162686
42.7354 7.93095 -12.6127 0.508005 0.846607 -0.158686
42.2052 8.30559 -12.3216 0.51246 0.844489 -0.155636
41.8363 8.56977 -12.1046 0.514417 0.843674 -0.153591
41.4562 8.84521 -11.8636 0.51403 0.843997 -0.153109
41.0916 9.11008 -11.6263 0.513878 0.844297 -0.151963
40.6618 9.41704 -11.377 0.514691 0.84372 -0.152411
40.2797 9.68925 -11.1704 0.517702 0.842456 -0.149174
39.8579 9.98977 -10.9577 0.522761 0.839627 -0.147432
39.4667 10.273 -10.748 0.529191 0.836568 -0.141805
39.0896 10.545 -10.5417 0.527785 0.838268 -0.13693
38.7084 10.8199 -10.3283 0.527711 0.838537 -0.13556
38.3083 11.1085 -10.1004 0.527748 0.838522 -0.135505
37.9078 11.397 -9.87542 0.528085 0.838317 -0.135464
37.5138 11.6806 -9.65714 0.530258 0.836992 -0.135151
37.1307 11.9593 -9.44085 0.533134 0.835538 -0.132823
36.7609 12.2304 -9.22589 0.534899 0.834387 -0.132968
36.3931 12.5025 -9.01056 0.535827 0.834216 -0.130278
35.9198 12.8474 -8.7391 0.534732 0.835638 -0.125583
35.5449 13.1167 -8.52977 0.531176 0.838591 -0.120903
35.1289 13.4132 -8.29444 0.530201 0.839422 -0.119403
34.6871 13.7313 -8.02858 0.535105 0.836428 -0.118485
34.2908 14.021 -7.78393 0.538997 0.834149 -0.116932
33.9208 14.292 -7.5718 0.543337 0.831885 -0.112921
33.5128 14.5886 -7.34332 0.54479 0.832219 -0.102931
33.0305 14.9385 -7.06112 0.534852 0.839937 -0.0913133
32.6459 15.2092 -6.82434 0.544342 0.834644 -0.0839795
32.1692 15.5411 -6.54462 0.53791 0.840535 -0.0644441
31.7494 15.8291 -6.31919 0.540886 0.838387 -0.067427
31.3668 16.0917 -6.09919 0.540353 0.839344 -0.059327
30.9577 16.3746 -5.83434 0.542587 0.837907 -0.0592393
30.5629 16.6485 -5.57093 0.544231 0.836911 -0.0582396
30.1204 16.9549 -5.31584 0.546843 0.835182 -0.0586056
29.7284 17.2249 -5.12724 0.550014 0.833261 -0.0562223
29.3266 17.5038 -4.91474 0.547445 0.835453 -0.0476845
28.9527 17.7575 -4.69407 0.544265 0.837916 -0.0404048
28.5642 18.0193 -4.46167 0.544354 0.838162 -0.0341005
28.1407 18.3049 -4.22863 0.54632 0.836859 -0.0346601
27.5902 18.677 -3.93606 0.547519 0.836171 -0.0322776
27.031 19.0546 -3.64162 0.547763 0.836007 -0.0323517
26.6521 19.311 -3.42968 0.548616 0.835499 -0.0310315
26.2499 19.5838 -3.18764 0.548077 0.835864 -0.0307167
25.8369 19.8622 -2.95677 0.546138 0.83722 -0.0282254
25.4479 20.1235 -2.75389 0.548192 0.835914 -0.0270655
24.9518 20.4579 -2.47243 0.548861 0.835517 -0.0257333
24.5467 20.7278 -2.26044 0.545625 0.837841 -0.0177737
24.0881 21.0274 -1.97841 0.539685 0.841778 -0.011959
23.7087 21.2758 -1.72552 0.540002 0.841535 -0.0146223
23.2594 21.5666 -1.46869 0.537731 0.84302 -0.0127403
22.8454 21.833 -1.24034 0.542332 0.840146 -0.00562874
22.4583 22.0845 -1.03596 0.542061 0.840326 -0.00178683
21.9505 22.4147 -0.796622 0.546098 0.837668 0.00754501
21.5515 22.6711 -0.615643 0.543766 0.839171 0.010083
21.033 23.0035 -0.420779 0.545077 0.83819 0.018091
20.6215 23.2688 -0.264992 0.547787 0.836428 0.0178256
20.1962 23.5471 -0.149339 0.55322 0.832846 0.0177456
19.8095 23.8023 0.0237154 0.558178 0.829575 0.0155865
19.4247 24.0624 -0.0152053 0.559526 0.828658 0.0159933
19.2037 24.2114 -0.00958131 0.560108 0.82825 0.0167642
-2.18953 30.8777 9.36345 -0.180858 0.77221 0.608939
-2.56717 30.6308 9.56428 -0.194002 0.777521 0.598154
-3.03095 30.3631 9.75422 -0.216883 0.778249 0.589313
-3.48533 30.0782 9.96588 -0.231136 0.787543 0.571273
-3.98763 29.7352 10.2336 -0.244866 0.786902 0.566301
-4.36932 29.46 10.4484 -0.24906 0.7925 0.556699
-4.73278 29.1816 10.6674 -0.273489 0.790684 0.547743
-5.08271 28.9054 10.8939 -0.284513 0.801127 0.526544
-5.46565 28.6164 11.1237 -0.288352 0.797494 0.52996
-5.87593 28.2727 11.4238 -0.285937 0.803972 0.521389
-6.27135 27.9235 11.7501 -0.287878 0.806238 0.516824
-6.65294 27.5833 12.0694 -0.290856 0.807837 0.512643
-7.00688 27.2819 12.3422 -0.301574 0.804915 0.511043
-7.25323 27.0049 12.6392 -0.297325 0.81289 0.500808
-7.23907 27.2618 12.2355 -0.306244 0.80632 0.506026
-7.10116 27.627 11.7427 -0.310475 0.802633 0.509289
-6.98153 27.973 11.2607 -0.306033 0.806452 0.505928
-6.91174 28.2619 10.847 -0.306753 0.803742 0.509805
-6.87525 28.6059 10.3281 -0.317644 0.80538 0.500452
-6.85853 28.9091 9.86024 -0.341969 0.796747 0.498248
-6.8494 29.2495 9.323 -0.354251 0.792952 0.495715
-6.87871 29.594 8.76379 -0.356671 0.783083 0.509468
-6.91431 29.8899 8.28963 -0.36343 0.778005 0.512471
-6.95284 30.1639 7.84449 -0.379847 0.777269 0.501567
-7.0097 30.4683 7.32596 -0.386074 0.775559 0.499398
-7.04895 30.7423 6.84035 -0.402217 0.783866 0.473049
-6.71715 30.9157 6.84119 -0.420751 0.768823 0.48154
-6.22681 30.9125 7.24109 -0.392954 0.772434 0.498932
-5.79011 30.9085 7.56463 -0.362264 0.773967 0.519365
-5.33108 30.9077 7.87122 -0.33549 0.768243 0.545205
-4.85339 30.9088 8.16186 -0.33063 0.772098 0.542724
-4.41172 30.9128 8.41309 -0.315028 0.768869 0.556415
-3.94257 30.9152 8.65562 -0.290292 0.766687 0.572606
-3.47339 30.9192 8.86726 -0.253884 0.758366 0.599949
-2.94866 30.9166 9.06748 -0.223742 0.761124 0.608789
-2.43763 30.9087 9.251 -0.196977 0.760617 0.618507
-2.38659 30.9064 9.26942 -0.185793 0.764379 0.617414
-9.71174 23.6223 16.8246 -0.283973 0.832544 0.475637
-9.84327 23.3094 17.2961 -0.280234 0.835856 0.472031
-10.0009 22.9643 17.8153 -0.281021 0.83732 0.468959
-10.1215 22.6609 18.2843 -0.276528 0.837841 0.470697
-10.2092 22.3804 18.7304 -0.27493 0.838661 0.470166
-10.2635 22.1243 19.1586 -0.271808 0.841873 0.466206
-10.2946 21.8549 19.6269 -0.269908 0.843171 0.464976
-10.3029 21.5347 20.1968 -0.267987 0.839918 0.471909
-10.2955 21.2666 20.6833 -0.26074 0.842541 0.471318
-10.291 21.0087 21.1442 -0.265402 0.839796 0.473608
-10.3151 20.7202 21.6433 -0.258396 0.840697 0.475878
-10.3435 20.4252 22.1434 -0.245726 0.841509 0.481125
-10.3604 20.1514 22.6098 -0.24348 0.837965 0.488397
-10.3752 19.8938 23.0464 -0.240991 0.840567 0.48515
-10.3905 19.6066 23.5368 -0.234502 0.841666 0.486422
-10.3943 19.3021 24.0578 -0.231902 0.839475 0.49143
-10.3585 18.986 24.6179 -0.231823 0.841778 0.487512
-10.3654 18.6769 25.1411 -0.234162 0.836045 0.496182
-10.3941 18.3695 25.6441 -0.237511 0.834572 0.497068
-10.387 18.0571 26.1814 -0.241806 0.837683 0.48967
-10.3886 17.7805 26.6535 -0.246625 0.838505 0.485867
-10.4025 17.5233 27.0929 -0.24201 0.841405 0.483182
-10.4116 17.2664 27.5373 -0.23928 0.843731 0.480482
-10.4274 16.9266 28.1219 -0.235906 0.840701 0.487398
-10.4223 16.6437 28.6072 -0.238007 0.83626 0.493985
-10.4187 16.3218 29.1493 -0.229842 0.835612 0.498924
-10.4193 16.0563 29.5888 -0.228709 0.833249 0.503376
-10.4145 15.7475 30.0992 -0.221499 0.829471 0.512753
-10.4434 15.4727 30.5235 -0.215751 0.825006 0.52229
-10.4526 15.156 31.0199 -0.205198 0.824877 0.526756
-10.4324 14.8363 31.5285 -0.20438 0.828613 0.52116
-10.4346 14.5178 32.0387 -0.199482 0.83242 0.516995
-10.4469 14.1743 32.593 -0.195709 0.838118 0.509172
-10.4553 13.9066 33.0374 -0.189235 0.844895 0.500342
-10.4707 13.6257 33.5055 -0.177169 0.848945 0.4979
-10.4907 13.3634 33.9456 -0.172441 0.850448 0.496992
-10.5127 13.1071 34.375 -0.170991 0.845301 0.506189
-10.5152 12.7725 34.9316 -0.17072 0.843907 0.508602
-10.5112 12.4125 35.5295 -0.170317 0.843437 0.509516
-10.4844 12.1573 35.9607 -0.169355 0.843001 0.510556
-10.4654 11.8844 36.4192 -0.168501 0.84488 0.507725
-10.4662 11.5691 36.9442 -0.166386 0.84552 0.507358
-10.4514 11.2434 37.4921 -0.158499 0.847504 0.506572
-10.4539 10.9355 37.9994 -0.151265 0.844091 0.514422
-10.4844 10.6561 38.4499 -0.150644 0.844763 0.5135
-10.4982 10.3402 38.9699 -0.146781 0.849703 0.506407
-10.4907 10.0258 39.5066 -0.144863 0.852038 0.50302
-10.4885 9.76283 39.951 -0.137296 0.851765 0.505596
-10.4884 9.49649 40.3951 -0.13805 0.848629 0.510658
-10.4756 9.20502 40.8787 -0.130039 0.84726 0.515014
-10.4636 8.90271 41.3783 -0.122216 0.847098 0.517185
-10.4694 8.61885 41.8446 -0.121843 0.848207 0.51546
-10.4918 8.35554 42.27 -0.118815 0.847009 0.51813
-10.5206 8.04931 42.7653 -0.11692 0.848377 0.516317
-10.5208 7.79 43.1929 -0.115128 0.848667 0.516243
-10.4994 7.49799 43.6792 -0.117339 0.847952 0.516917
-10.5077 7.2133 44.1413 -0.116576 0.847995 0.517016
-10.5049 6.89026 44.6666 -0.111824 0.844549 0.523669
-10.4919 6.5764 45.1772 -0.109958 0.845297 0.52286
-10.4984 6.30042 45.6212 -0.109139 0.845128 0.523303
-10.5105 6.02304 46.0686 -0.108899 0.847252 0.519909
-10.5375 5.712 46.5719 -0.112824 0.848935 0.516313
-10.9556 5.51558 46.804 -0.111324 0.849528 0.515662
-11.4744 5.50229 46.7123 -0.116241 0.850209 0.513452
-12.0397 5.49693 46.5927 -0.121181 0.852462 0.508551
-12.5644 5.4729 46.507 -0.125586 0.854118 0.504688
-13.0999 5.45354 46.4041 -0.130746 0.853402 0.504589
-13.7298 5.44007 46.262 -0.133783 0.853634 0.5034
-14.3799 5.42618 46.1073 -0.14254 0.851184 0.505142
-14.9712 5.40868 45.9633 -0.148987 0.852437 0.501145
-15.5126 5.39976 45.8168 -0.152678 0.853382 0.498417
-16.1227 5.3876 45.6433 -0.161753 0.853793 0.494847
-16.6195 5.36857 45.5091 -0.17245 0.858731 0.482537
-17.2769 5.33694 45.3217 -0.183074 0.857671 0.480504
-17.9017 5.3127 45.1261 -0.18362 0.858369 0.479047
-18.4168 5.29351 44.9612 -0.186389 0.858825 0.477157
-18.9394 5.27842 44.7829 -0.188089 0.858115 0.477767
-19.4629 5.26578 44.5914 -0.197976 0.860289 0.469797
-19.9735 5.24512 44.4142 -0.204212 0.861987 0.463978
-20.4478 5.23308 44.2255 -0.207107 0.863247 0.460338
-20.9442 5.23237 44.0013 -0.210405 0.863185 0.458957
-21.5057 5.23932 43.7285 -0.216569 0.860468 0.461178
-22.0983 5.24373 43.4347 -0.222874 0.859968 0.459111
-22.6057 5.24535 43.1816 -0.227956 0.859686 0.457139
-23.0728 5.24211 42.9406 -0.245895 0.865025 0.437341
-23.5517 5.22916 42.6909 -0.259057 0.863135 0.433459
-24.0166 5.21345 42.4432 -0.261055 0.86348 0.431569
-24.5179 5.20026 42.1666 -0.260392 0.86373 0.431471
-24.9815 5.19606 41.8972 -0.256442 0.865151 0.430989
-25.4504 5.19876 41.6123 -0.254515 0.866602 0.429211
-25.9287 5.20291 41.3173 -0.258518 0.868651 0.422628
-26.4596 5.19949 40.9832 -0.275051 0.867164 0.415178
-27.0165 5.18825 40.6223 -0.28516 0.866237 0.410259
-27.5369 5.18368 40.2747 -0.283063 0.865222 0.413842
-28.0271 5.20493 39.8949 -0.287391 0.863661 0.414109
-28.4804 5.2227 39.5314 -0.295652 0.866561 0.402072
-28.8715 5.23428 39.2143 -0.300816 0.865935 0.399583
-29.2913 5.24516 38.8716 -0.305171 0.864448 0.399497
-29.7623 5.25284 38.4952 -0.308075 0.864574 0.396983
-30.2642 5.26081 38.0885 -0.30842 0.863002 0.400129
-30.6715 5.27026 37.7445 -0.32132 0.862153 0.391721
-31.0701 5.27704 37.393 -0.337221 0.860333 0.382234
-31.4525 5.28125 37.0385 -0.342355 0.86184 0.3742
-31.8322 5.28511 36.6799 -0.344117 0.861604 0.373124
-32.2091 5.28814 36.3251 -0.344287 0.86151 0.373186
-32.5866 5.29081 35.9706 -0.344508 0.861471 0.37307
-32.9541 5.29418 35.6222 -0.34617 0.861444 0.371592
-33.4524 5.2943 35.1447 -0.359985 0.857793 0.366853
-33.9304 5.29109 34.6726 -0.36688 0.858739 0.357723
-34.2898 5.29199 34.3005 -0.368299 0.858656 0.356462
-34.6415 5.30047 33.9166 -0.369163 0.857771 0.357698
-34.9792 5.31495 33.533 -0.369681 0.857661 0.357427
-35.3134 5.33112 33.1485 -0.370238 0.857292 0.357736
-35.5962 5.40975 32.6667 -0.371053 0.857199 0.357113
-35.1982 5.68743 32.4126 -0.368605 0.858004 0.357714
-34.7452 5.98127 32.1753 -0.369688 0.855916 0.361574
-34.2963 6.287 31.9152 -0.370662 0.853719 0.365752
-33.8878 6.57034 31.672 -0.371825 0.850417 0.372206
-33.4631 6.85868 31.4379 -0.371879 0.849904 0.373321
-33.0475 7.13746 31.2171 -0.371877 0.849952 0.373214
-32.6606 7.39899 31.0068 -0.371678 0.850116 0.373039
-32.2814 7.66184 30.7856 -0.371458 0.850125 0.373238
-31.7593 8.03498 30.4593 -0.372892 0.848233 0.3761
-31.3435 8.34609 30.1822 -0.378352 0.841986 0.384587
-30.8204 8.71758 29.8867 -0.377538 0.839875 0.389968
-30.3506 9.05901 29.6045 -0.375816 0.840655 0.389951
-29.9715 9.33026 29.3783 -0.373401 0.844008 0.384994
-29.4626 9.68977 29.0785 -0.37121 0.846986 0.380549
-29.0448 9.98335 28.833 -0.371708 0.847021 0.379985
-28.6039 10.2784 28.6078 -0.373128 0.846215 0.380387
-28.1418 10.5981 28.3515 -0.374458 0.845223 0.381286
-27.7103 10.9029 28.0924 -0.365218 0.847785 0.384548
-27.2911 11.1977 27.8448 -0.36576 0.84348 0.393397
-26.8443 11.5066 27.5864 -0.3568 0.846122 0.395944
-26.4461 11.7836 27.3583 -0.360564 0.847322 0.389921
-26.0411 12.0618 27.1255 -0.351602 0.847171 0.398342
-25.5929 12.37 26.8655 -0.352242 0.847067 0.397999
-25.1299 12.6862 26.6031 -0.349927 0.846106 0.402064
-24.7474 12.948 26.3878 -0.351704 0.843502 0.405966
-24.2687 13.2874 26.0989 -0.353638 0.842095 0.407206
-23.8726 13.5756 25.8474 -0.350745 0.841394 0.411138
-23.4996 13.8395 25.6271 -0.351685 0.839923 0.413337
-23.1079 14.1132 25.4046 -0.352133 0.839378 0.414061
-22.6155 14.4654 25.1101 -0.352124 0.839177 0.414476
-22.1466 14.8067 24.8168 -0.348565 0.840474 0.414852
-21.757 15.0794 24.591 -0.347791 0.84004 0.416382
-21.3622 15.339 24.3866 -0.335975 0.842615 0.420856
-20.9791 15.5998 24.1654 -0.330151 0.846311 0.41804
-20.4525 15.956 23.8493 -0.322593 0.851292 0.413807
-19.9069 16.3162 23.5287 -0.318145 0.850306 0.419242
-19.425 16.6309 23.2527 -0.315114 0.85079 0.420527
-18.9966 16.9123 23.0109 -0.317474 0.848421 0.423543
-18.5766 17.1903 22.7685 -0.31577 0.845981 0.429657
-18.113 17.4953 22.51 -0.317416 0.845054 0.430267
-17.7183 17.77 22.2676 -0.319807 0.840338 0.43767
-17.3294 18.0615 21.9935 -0.32091 0.838915 0.439588
-16.9555 18.327 21.7602 -0.314054 0.839801 0.442836
-16.5187 18.6277 21.5024 -0.313699 0.838562 0.445423
-16.1369 18.8897 21.2755 -0.311154 0.839455 0.445532
-15.6634 19.2133 20.9957 -0.305972 0.839958 0.448165
-15.162 19.5446 20.7183 -0.307051 0.838769 0.449651
-14.6923 19.8549 20.4617 -0.308034 0.837133 0.452022
-14.2492 20.1438 20.2287 -0.307212 0.836531 0.453692
-13.7684 20.4767 19.9396 -0.3064 0.836568 0.454172
-13.365 20.7438 19.7192 -0.303411 0.836735 0.455867
-13.0003 21.008 19.4764 -0.301397 0.835802 0.458906
-12.5495 21.3448 19.1587 -0.30146 0.835453 0.459499
-12.147 21.6487 18.8695 -0.296781 0.836948 0.459826
-11.7065 21.9802 18.5477 -0.294038 0.83638 0.462587
-11.3466 22.2602 18.2678 -0.283968 0.837129 0.46752
-11.005 22.519 18.0086 -0.283592 0.83887 0.464621
-10.6314 22.8028 17.726 -0.281545 0.837643 0.468067
-10.2737 23.0804 17.4458 -0.281197 0.835508 0.472074
-9.91293 23.4016 17.0918 -0.280251 0.835574 0.47252
-9.77004 23.5544 16.9084 -0.283969 0.832545 0.475636
-13.8375 15.6781 28.5635 -0.246655 0.840549 0.482327
-14.3513 15.5626 28.499 -0.250675 0.839443 0.48218
-14.924 15.4328 28.4268 -0.25467 0.841954 0.475664
-15.4575 15.3094 28.3588 -0.256297 0.842563 0.473709
-15.9601 15.1923 28.2946 -0.257513 0.842799 0.472628
-16.5916 15.0445 28.2132 -0.258152 0.842803 0.472272
-17.2304 14.8946 28.1316 -0.258526 0.843219 0.471324
-17.8088 14.7514 28.0537 -0.274367 0.841615 0.465196
-18.3304 14.6188 27.9815 -0.287566 0.84829 0.444646
-18.904 14.4588 27.8952 -0.310568 0.844859 0.435615
-19.4208 14.3116 27.8165 -0.306574 0.848818 0.430722
-19.9826 14.1521 27.7317 -0.304254 0.854581 0.420857
-20.2924 14.0645 27.6854 -0.30437 0.854447 0.421045
-13.9071 12.7173 33.715 -0.210318 0.850599 0.48192
-14.4039 12.6222 33.6636 -0.214743 0.849825 0.481334
-14.9179 12.5229 33.6102 -0.215676 0.851801 0.477409
-15.6026 12.3857 33.5372 -0.225307 0.849829 0.476474
-16.1064 12.2811 33.4826 -0.229936 0.849914 0.474106
-16.6278 12.1711 33.4251 -0.23596 0.8509 0.469353
-17.1448 12.0604 33.3676 -0.232921 0.851762 0.469308
-17.6449 11.9526 33.3119 -0.23724 0.853539 0.463884
-18.1387 11.8453 33.2566 -0.238344 0.854382 0.461762
-18.8196 11.6953 33.1799 -0.24104 0.85368 0.46166
-19.321 11.5792 33.1206 -0.268267 0.843596 0.465165
-19.8467 11.4472 33.0529 -0.281027 0.844899 0.455158
-20.443 11.2893 32.9724 -0.288325 0.842743 0.454591
-21.0309 11.1308 32.8924 -0.289871 0.842004 0.454976
-21.5884 10.9794 32.817 -0.290521 0.841357 0.455758
-22.1456 10.8271 32.7418 -0.292 0.841247 0.455017
-22.6951 10.6696 32.6645 -0.309579 0.837515 0.450254
-23.2062 10.5176 32.59 -0.32387 0.836453 0.442103
-23.7634 10.3409 32.5033 -0.33399 0.836374 0.43466
-24.2783 10.1776 32.4235 -0.331604 0.839336 0.430759
-24.8397 10.0026 32.3384 -0.323787 0.84287 0.429804
-25.3822 9.83561 32.2576 -0.321807 0.845758 0.425597
-25.8839 9.68147 32.1836 -0.325965 0.845808 0.422321
-26.3591 9.53237 32.1124 -0.329903 0.847178 0.416477
-26.8782 9.36607 32.0329 -0.338156 0.845571 0.41311
-27.3593 9.20861 31.9585 -0.340839 0.845218 0.411626
-27.4935 9.16455 31.9378 -0.341405 0.845229 0.411134
-25.9846 7.02328 37.5156 -0.297936 0.859248 0.415845
-25.4415 7.1761 37.5845 -0.293769 0.855991 0.425416
-24.9287 7.31645 37.648 -0.280056 0.855446 0.435638
-24.2706 7.49164 37.7278 -0.281258 0.854149 0.437406
-23.7027 7.64205 37.7971 -0.278723 0.855318 0.436743
-23.1946 7.777 37.8597 -0.280508 0.854424 0.437349
-22.7 7.90738 37.9204 -0.278474 0.85506 0.437407
-22.2081 8.03648 37.9811 -0.274598 0.855328 0.439328
-21.6391 8.18128 38.0497 -0.26716 0.853162 0.44804
-21.1471 8.29949 38.105 -0.251149 0.855009 0.453744
-20.6424 8.41396 38.1587 -0.237996 0.856362 0.458259
-20.1044 8.53346 38.2157 -0.238771 0.856941 0.456772
-19.6186 8.64078 38.2675 -0.238453 0.856647 0.457489
-19.0985 8.75589 38.3235 -0.239192 0.857382 0.455723
-18.5053 8.88676 38.3877 -0.237272 0.857575 0.456362
-17.9967 8.99571 38.4414 -0.228798 0.859146 0.457732
-17.4631 9.10607 38.4961 -0.223604 0.858641 0.461235
-16.8409 9.22757 38.5568 -0.211815 0.859247 0.465649
-16.2347 9.34566 38.6164 -0.214664 0.856577 0.469249
-15.6464 9.46396 38.677 -0.219391 0.852032 0.475299
-15.0474 9.58432 38.7392 -0.222207 0.846848 0.48319
-14.4991 9.68505 38.7909 -0.189114 0.852936 0.486556
-14.009 9.7657 38.8317 -0.176165 0.851576 0.493745
32.2713 15.6773 2.68599 0.530125 0.846898 0.0416159
32.7268 15.3918 2.6809 0.531032 0.846271 0.0427833
33.2537 15.0629 2.67606 0.529724 0.846988 0.0447704
33.7549 14.7493 2.67384 0.529182 0.847246 0.0462649
34.2476 14.4426 2.66841 0.527653 0.848253 0.0452711
34.6794 14.1742 2.66384 0.527285 0.848497 0.0449777
35.1343 13.8893 2.65968 0.532549 0.845589 0.0370245
35.6038 13.5945 2.65559 0.533246 0.845417 0.0303074
36.0711 13.2979 2.65116 0.537585 0.842757 0.0276274
36.5853 12.9693 2.64629 0.538359 0.842339 0.025175
37.061 12.6663 2.64169 0.535809 0.843923 0.0264857
37.5721 12.3435 2.63697 0.532404 0.846065 0.0268138
38.0315 12.0566 2.63255 0.52913 0.848108 0.0271074
38.5281 11.7464 2.62771 0.529692 0.847712 0.0284716
38.9621 11.475 2.62328 0.530535 0.84718 0.0286186
39.425 11.1849 2.61858 0.531072 0.846833 0.0289324
39.8523 10.9175 2.61408 0.528158 0.848633 0.0295055
40.3256 10.6248 2.60877 0.522558 0.851982 0.0325438
40.7568 10.3631 2.60372 0.51645 0.855715 0.0321168
41.2064 10.0926 2.59861 0.516466 0.855758 0.0306666
41.668 9.81432 2.59387 0.518214 0.854681 0.0312326
42.1133 9.54343 2.58879 0.517812 0.855069 0.0269587
42.5872 9.25694 2.58312 0.516199 0.856053 0.0266873
43.0716 8.96506 2.57709 0.515227 0.856678 0.025387
43.5182 8.69708 2.57326 0.513864 0.857481 0.0258877
44.1147 8.34176 2.56674 0.511217 0.859097 0.0246797
44.7189 7.98345 2.55884 0.508773 0.860484 0.0267935
45.3082 7.6336 2.5521 0.510733 0.859213 0.0300784
45.8056 7.33684 2.5459 0.511378 0.858757 0.0320896
45.9007 7.28022 2.54481 0.511378 0.858757 0.0320896
45.6926 7.31138 -3.93534 0.518795 0.852888 -0.0585918
45.2539 7.57759 -3.94529 0.51885 0.852882 -0.0582019
44.8038 7.85145 -3.9551 0.520883 0.851691 -0.0574702
44.3406 8.13435 -3.96488 0.521534 0.851309 -0.0572331
43.9049 8.40196 -3.97436 0.524012 0.849851 -0.0562477
43.4644 8.67303 -3.98343 0.524653 0.849447 -0.0563929
42.9883 8.96671 -3.99291 0.525104 0.849154 -0.0566024
42.5132 9.25979 -4.00196 0.52459 0.849451 -0.0569053
42.0708 9.53184 -4.01103 0.521823 0.851081 -0.0579817
41.5332 9.86096 -4.02204 0.521567 0.851022 -0.0610684
41.0593 10.1499 -4.0308 0.520849 0.851346 -0.0626676
40.6279 10.4124 -4.03961 0.521993 0.850184 -0.0686289
40.1704 10.6903 -4.0487 0.51385 0.85588 -0.0585529
39.7418 10.9486 -4.05711 0.51985 0.851801 -0.064746
39.252 11.246 -4.0657 0.519913 0.851281 -0.0707874
38.7269 11.5647 -4.07399 0.522904 0.850608 -0.0551042
38.2771 11.8422 -4.08086 0.527713 0.847348 -0.0593411
37.8174 12.132 -4.08821 0.535877 0.841991 -0.062351
37.3418 12.4305 -4.0961 0.531388 0.845511 -0.0523313
36.8748 12.7249 -4.10423 0.530139 0.846172 -0.0542661
36.4213 13.0103 -4.11183 0.533226 0.844268 -0.0536795
35.9332 13.3135 -4.11998 0.531686 0.845476 -0.0498039
35.3935 13.6524 -4.126 0.533215 0.844547 -0.0492087
34.8943 13.9676 -4.13225 0.532642 0.845065 -0.0464573
34.8248 14.0115 -4.13314 0.533095 0.844802 -0.0460376
43.772 7.98755 9.09703 0.506259 0.855895 0.105574
44.3302 7.66053 9.07259 0.505942 0.856109 0.105354
44.8836 7.33488 9.04733 0.510092 0.853852 0.10365
44.9498 7.29557 9.04435 0.510885 0.853224 0.10491
-13.9133 18.7768 -24.2936 -0.263112 0.848394 -0.459347
-14.2966 18.6853 -24.2426 -0.263701 0.850123 -0.4558
-14.062 15.9455 -29.5434 -0.217965 0.872235 -0.437832
-14.6362 15.8307 -29.4796 -0.232139 0.871381 -0.432211
-15.1523 15.7216 -29.4206 -0.239169 0.871937 -0.427229
-15.8513 15.5623 -29.3344 -0.260774 0.863357 -0.431985
-16.3473 15.4426 -29.2694 -0.267336 0.861025 -0.432629
-16.8633 15.3156 -29.2007 -0.271662 0.860482 -0.431011
-17.447 15.171 -29.1233 -0.26964 0.860954 -0.431338
-17.9512 15.0452 -29.0555 -0.276468 0.858525 -0.431858
-18.4394 14.9192 -28.9889 -0.282704 0.856837 -0.431171
-18.9288 14.7874 -28.9193 -0.294356 0.853903 -0.429191
-19.5462 14.6183 -28.8304 -0.295925 0.853376 -0.429158
-20.0323 14.4851 -28.7597 -0.295894 0.852823 -0.430278
-20.594 14.3306 -28.6781 -0.299966 0.851758 -0.429568
-21.071 14.1951 -28.6075 -0.311774 0.850816 -0.422977
-21.544 14.0559 -28.535 -0.316925 0.848767 -0.423264
-28.8675 9.18622 -32.8345 -0.359567 0.849132 -0.386893
-28.2765 9.38671 -32.9273 -0.349106 0.853281 -0.387344
-27.767 9.55641 -33.0068 -0.342126 0.853009 -0.394113
-27.1618 9.75518 -33.1006 -0.341497 0.852284 -0.396223
-26.6559 9.9211 -33.1794 -0.342826 0.850661 -0.398555
-26.0981 10.0992 -33.2633 -0.331368 0.853047 -0.403121
-25.6237 10.2436 -33.3322 -0.31945 0.853226 -0.412259
-25.1131 10.3971 -33.4058 -0.314213 0.853951 -0.414774
-24.4736 10.5874 -33.4979 -0.313889 0.854417 -0.41406
-23.9371 10.7467 -33.5753 -0.313335 0.85449 -0.414328
-23.3667 10.9123 -33.6558 -0.301294 0.858487 -0.414997
-22.7947 11.0698 -33.7329 -0.290479 0.86154 -0.416379
-22.2173 11.2248 -33.8091 -0.287603 0.859301 -0.422949
-21.717 11.3605 -33.8762 -0.288195 0.859024 -0.42311
-21.2352 11.4916 -33.9413 -0.289762 0.856196 -0.427746
-20.7069 11.6328 -34.0118 -0.28454 0.856522 -0.43059
-20.1613 11.7746 -34.0832 -0.273535 0.860471 -0.429846
-19.5488 11.9279 -34.1607 -0.271562 0.854605 -0.442611
-18.8877 12.0932 -34.2443 -0.27038 0.853495 -0.445468
-18.3469 12.2282 -34.3136 -0.26728 0.852289 -0.449629
-17.6488 12.3936 -34.3991 -0.245459 0.852752 -0.461047
-17.1608 12.4981 -34.4533 -0.229612 0.855567 -0.463986
-16.5694 12.6183 -34.516 -0.214134 0.854142 -0.473907
-16.0325 12.7179 -34.5668 -0.193948 0.849067 -0.491395
-15.4357 12.8215 -34.6202 -0.189637 0.850415 -0.490746
-14.7254 12.9418 -34.6843 -0.186146 0.849104 -0.49434
-14.1705 13.0343 -34.7318 -0.182177 0.84812 -0.497497
-13.8905 13.0805 -34.756 -0.181642 0.847387 -0.49894
-13.9669 10.0684 -39.8428 -0.160905 0.849717 -0.502086
-14.5126 9.98691 -39.802 -0.16748 0.848295 -0.502341
-15.251 9.87064 -39.7455 -0.173048 0.846949 -0.502725
-15.8242 9.7751 -39.6991 -0.182995 0.846182 -0.500489
-16.3333 9.68853 -39.6575 -0.191302 0.844675 -0.499927
-16.8242 9.59854 -39.615 -0.201066 0.844843 -0.495795
-17.5439 9.46253 -39.5471 -0.208443 0.842861 -0.496122
-18.0857 9.35868 -39.498 -0.209833 0.84578 -0.490537
-18.6088 9.25729 -39.4499 -0.2125 0.848955 -0.483858
-19.1107 9.15628 -39.4018 -0.220451 0.848047 -0.481889
-19.6167 9.05124 -39.3519 -0.226152 0.848182 -0.479001
-20.1229 8.94312 -39.3009 -0.231475 0.850317 -0.472632
-20.614 8.83621 -39.2499 -0.24255 0.849968 -0.467679
-21.2678 8.68784 -39.1791 -0.245005 0.850753 -0.464965
-21.7717 8.57086 -39.1248 -0.248953 0.850206 -0.463866
-22.2759 8.45306 -39.0704 -0.252081 0.851252 -0.460245
-22.7726 8.3343 -39.0157 -0.254939 0.849508 -0.46189
-23.2805 8.20941 -38.9591 -0.261269 0.850017 -0.457394
-23.9237 8.04859 -38.886 -0.267986 0.852693 -0.448439
-24.4089 7.92296 -38.8287 -0.275589 0.854575 -0.440173
-24.9194 7.79015 -38.7668 -0.28672 0.852819 -0.436453
-25.408 7.65712 -38.7066 -0.288678 0.854571 -0.43171
-26.0723 7.47117 -38.6249 -0.291304 0.859043 -0.420937
-26.6109 7.31952 -38.5583 -0.294999 0.85951 -0.417394
-26.8905 7.24078 -38.5239 -0.293567 0.860139 -0.417109
-26.9538 7.22291 -38.5162 -0.295501 0.860389 -0.415222
