-38.6104 5.87299 -35.2085 -0.401463 0.852474 -0.334836
-38.3167 5.81285 -35.6895 -0.391756 0.851288 -0.349051
-37.9514 5.79989 -36.1219 -0.386328 0.851681 -0.354101
-37.5975 5.78429 -36.5445 -0.387358 0.850868 -0.354932
-37.1951 5.78702 -36.9776 -0.386411 0.849612 -0.358949
-36.8063 5.79034 -37.3865 -0.383188 0.85027 -0.360842
-36.4438 5.79982 -37.7446 -0.38069 0.849039 -0.366343
-35.9776 5.81319 -38.1848 -0.372856 0.848511 -0.375508
-35.5964 5.80424 -38.5835 -0.372761 0.846253 -0.380663
-35.2483 5.78505 -38.9668 -0.370914 0.846316 -0.38232
-34.8605 5.77462 -39.3598 -0.363077 0.847471 -0.387257
-34.4499 5.76938 -39.742 -0.351056 0.846885 -0.399433
-33.926 5.76556 -40.202 -0.338375 0.852399 -0.398645
-33.4332 5.77531 -40.5979 -0.336434 0.853428 -0.398087
-32.965 5.78237 -40.9705 -0.32903 0.856173 -0.398373
-32.5656 5.78727 -41.2801 -0.312702 0.859134 -0.405101
-32.0778 5.78558 -41.6598 -0.311726 0.858952 -0.406233
-31.6399 5.77847 -42.0123 -0.312147 0.859571 -0.404602
-31.1217 5.77356 -42.422 -0.310976 0.859516 -0.405617
-30.6501 5.77331 -42.7816 -0.310978 0.858251 -0.40828
-30.2043 5.77976 -43.1017 -0.305539 0.858915 -0.410983
-29.7919 5.77552 -43.3981 -0.293497 0.855264 -0.427048
-29.276 5.77276 -43.7513 -0.282064 0.857016 -0.431234
-28.7892 5.77064 -44.0718 -0.278709 0.858066 -0.431328
-28.3494 5.77409 -44.3424 -0.269807 0.859061 -0.434992
-27.8009 5.78282 -44.6603 -0.265648 0.860433 -0.434837
-27.3265 5.78646 -44.9384 -0.259665 0.86215 -0.435051
-26.8355 5.77979 -45.2433 -0.254989 0.862493 -0.437122
-26.3891 5.76612 -45.5312 -0.251969 0.865925 -0.432054
-25.8849 5.77001 -45.8157 -0.248037 0.868478 -0.429209
-25.2455 5.78001 -46.158 -0.242408 0.86247 -0.444226
-24.7048 5.77333 -46.4414 -0.21996 0.862733 -0.455278
-24.0825 5.7641 -46.7502 -0.206337 0.865108 -0.45718
-23.5401 5.76716 -46.9835 -0.201964 0.861272 -0.466284
-23.0058 5.77175 -47.2059 -0.203165 0.859036 -0.469871
-22.3777 5.7758 -47.4663 -0.199374 0.85788 -0.473595
-21.8802 5.76598 -47.6913 -0.195838 0.858147 -0.474585
-21.3714 5.76053 -47.9097 -0.191714 0.856275 -0.479623
-20.8984 5.762 -48.0982 -0.195488 0.854613 -0.481063
-20.3371 5.75598 -48.328 -0.186772 0.856595 -0.481
-19.8404 5.75598 -48.5088 -0.172844 0.857487 -0.484598
-19.3646 5.75435 -48.6787 -0.172128 0.856006 -0.487457
-18.8485 5.75873 -48.846 -0.164435 0.856205 -0.489767
-18.2537 5.76174 -49.0349 -0.155537 0.858103 -0.489333
-17.6334 5.75267 -49.2352 -0.141733 0.860039 -0.490147
-16.9196 5.75087 -49.4348 -0.13285 0.858766 -0.494845
-16.2982 5.75532 -49.5944 -0.133313 0.858811 -0.494642
-15.6871 5.76841 -49.7337 -0.130352 0.857235 -0.498147
-15.1942 5.77798 -49.8434 -0.123151 0.856634 -0.501011
-14.5622 5.76525 -50.0135 -0.114493 0.85603 -0.504084
-13.9751 5.76719 -50.1387 -0.11061 0.851743 -0.512152
-13.4434 5.7748 -50.2418 -0.11232 0.85207 -0.511235
-12.8945 5.78134 -50.347 -0.10884 0.850795 -0.514089
-12.252 5.7881 -50.4595 -0.09463 0.849886 -0.518401
-11.6707 5.79743 -50.5493 -0.0934042 0.848852 -0.520313
-11.1552 5.85484 -50.5446 -0.0881676 0.848928 -0.521103
-11.0736 6.13174 -50.1103 -0.0922126 0.848802 -0.520608
-11.0692 6.47381 -49.5538 -0.0923987 0.84828 -0.521425
-11.0615 6.78461 -49.05 -0.0929371 0.848021 -0.52175
-11.0727 7.11625 -48.5112 -0.0941594 0.845901 -0.524962
-11.0757 7.42506 -48.0147 -0.0937198 0.844213 -0.527752
-11.0665 7.74037 -47.5098 -0.0992897 0.844854 -0.525703
-11.0617 8.00427 -47.0797 -0.109889 0.846053 -0.521633
-11.0736 8.30712 -46.5814 -0.114101 0.849781 -0.514639
-11.0815 8.5892 -46.1182 -0.115778 0.846535 -0.51958
-11.0874 8.86292 -45.6712 -0.118299 0.845965 -0.519951
-11.0885 9.18039 -45.1542 -0.117396 0.846267 -0.519663
-11.0706 9.51855 -44.6074 -0.117006 0.846224 -0.519822
-11.0443 9.80118 -44.1541 -0.116549 0.845135 -0.521693
-11.0135 10.0737 -43.7199 -0.116701 0.844668 -0.522415
-10.9912 10.3693 -43.2469 -0.117423 0.844946 -0.521803
-10.9809 10.6434 -42.806 -0.119288 0.84431 -0.522409
-10.9857 10.9368 -42.3337 -0.120745 0.840132 -0.528771
-11.0043 11.2567 -41.822 -0.125521 0.837864 -0.531252
-10.9836 11.6821 -41.1631 -0.130771 0.834684 -0.534978
-10.9813 12.0071 -40.6571 -0.128497 0.835461 -0.534309
-10.9965 12.3072 -40.1834 -0.125237 0.836129 -0.534045
-11.0144 12.6562 -39.6254 -0.134187 0.836901 -0.530651
-11.0058 12.9919 -39.0934 -0.135288 0.84026 -0.525033
-10.9944 13.3084 -38.5937 -0.122153 0.842144 -0.525235
-11.0015 13.5947 -38.1323 -0.126922 0.842923 -0.522848
-10.9962 13.9056 -37.6338 -0.131166 0.842671 -0.5222
-11.0259 14.2566 -37.0542 -0.133105 0.846469 -0.515532
-11.0621 14.5353 -36.5857 -0.135384 0.847966 -0.512469
-11.0708 14.8178 -36.1132 -0.147398 0.848235 -0.508696
-11.0475 15.0791 -35.6867 -0.147702 0.845599 -0.512977
-11.0387 15.4339 -35.0931 -0.152424 0.850098 -0.504082
-11.0391 15.761 -34.538 -0.156459 0.855102 -0.494282
-11.0571 16.0452 -34.0414 -0.161384 0.854931 -0.49299
-11.0709 16.3152 -33.56 -0.168151 0.858641 -0.484212
-11.0741 16.642 -32.9822 -0.173295 0.854948 -0.48891
-11.0789 16.8928 -32.5404 -0.174841 0.855458 -0.487466
-11.0445 17.2366 -31.9422 -0.179622 0.86036 -0.476985
-11.04 17.5249 -31.4232 -0.180934 0.859585 -0.477888
-11.0234 17.8022 -30.9307 -0.180346 0.859147 -0.478894
-11.0339 18.1426 -30.3187 -0.190188 0.856169 -0.480421
-11.0299 18.4918 -29.6994 -0.196574 0.853314 -0.482923
-11.013 18.7627 -29.2285 -0.203028 0.850695 -0.484868
-10.9994 19.0133 -28.7954 -0.206361 0.850749 -0.483364
-11.0114 19.2835 -28.318 -0.212689 0.847465 -0.486381
-11.0259 19.5449 -27.8532 -0.210241 0.851061 -0.481138
-11.0291 19.8114 -27.3841 -0.219905 0.84689 -0.484168
-11.0174 20.1283 -26.8307 -0.21955 0.848915 -0.480772
-10.9959 20.4727 -26.2329 -0.223331 0.848327 -0.480067
-10.9713 20.7342 -25.7834 -0.226743 0.848577 -0.477996
-10.9619 21.0549 -25.2152 -0.23376 0.848831 -0.474158
-10.9496 21.3034 -24.7743 -0.236957 0.84882 -0.472605
-10.9201 21.6181 -24.2234 -0.242937 0.847927 -0.471171
-10.9157 21.8743 -23.7641 -0.243075 0.848109 -0.470771
-10.9275 22.1202 -23.3152 -0.243709 0.847837 -0.470934
-10.9227 22.4388 -22.7436 -0.24418 0.848045 -0.470315
-10.9438 22.7432 -22.1832 -0.24529 0.848242 -0.469381
-10.9181 23.0593 -21.6271 -0.248359 0.84615 -0.471537
-10.8769 23.3385 -21.1462 -0.253247 0.847828 -0.46586
-10.8443 23.6194 -20.6476 -0.25707 0.848132 -0.463235
-10.8266 23.8631 -20.2102 -0.26192 0.848285 -0.460229
-10.7833 24.203 -19.605 -0.259579 0.850002 -0.458384
-10.7118 24.5052 -19.0928 -0.264144 0.84489 -0.465172
-10.6912 24.782 -18.6001 -0.267655 0.844349 -0.464147
-10.9944 24.6262 -18.7068 -0.273021 0.844316 -0.461076
-11.4208 24.3217 -19.0138 -0.274561 0.846105 -0.45686
-11.8717 23.9968 -19.3471 -0.274201 0.847576 -0.454344
-12.335 23.673 -19.6758 -0.270181 0.851671 -0.449054
-12.713 23.4206 -19.9298 -0.269953 0.852273 -0.448058
-13.1352 23.1389 -20.2116 -0.276148 0.851424 -0.445838
-13.5367 22.872 -20.4737 -0.27642 0.853958 -0.440844
-13.9737 22.5987 -20.7267 -0.283844 0.853572 -0.436861
-14.3994 22.3273 -20.98 -0.290177 0.854172 -0.431495
-14.8507 22.0327 -21.259 -0.296845 0.852895 -0.429428
-15.3259 21.7206 -21.5233 -0.312345 0.841906 -0.44004
-15.7205 21.4561 -21.7513 -0.307705 0.844522 -0.438278
-16.1208 21.1869 -21.9902 -0.309817 0.847751 -0.43047
-16.5534 20.9212 -22.2088 -0.304107 0.852643 -0.424864
-16.9303 20.6775 -22.4316 -0.300577 0.853007 -0.426625
-17.3433 20.404 -22.6794 -0.300381 0.85297 -0.426807
-17.7328 20.1516 -22.9066 -0.317146 0.852697 -0.41512
-18.2625 19.8207 -23.1841 -0.319921 0.855384 -0.407393
-18.6403 19.5716 -23.4066 -0.324119 0.852885 -0.40931
-19.1558 19.2269 -23.7191 -0.325071 0.854336 -0.40551
-19.5841 18.9399 -23.9825 -0.326419 0.855395 -0.402183
-19.9771 18.6784 -24.2218 -0.324566 0.857265 -0.399691
-20.459 18.3663 -24.5012 -0.324235 0.858633 -0.397014
-20.9648 18.0325 -24.7987 -0.332639 0.855222 -0.397425
-21.3876 17.7464 -25.0496 -0.349644 0.848595 -0.397034
-21.7789 17.4864 -25.2615 -0.349087 0.847912 -0.398979
-22.2042 17.1928 -25.5105 -0.352886 0.847384 -0.396743
-22.6031 16.9194 -25.7421 -0.352728 0.8484 -0.394716
-22.9779 16.6627 -25.9575 -0.35357 0.847625 -0.395626
-23.3482 16.3992 -26.1942 -0.355324 0.849129 -0.390799
-23.7136 16.1375 -26.4313 -0.355177 0.849324 -0.390511
-24.1626 15.8198 -26.7142 -0.354844 0.849506 -0.390416
-24.5867 15.5243 -26.9713 -0.355556 0.849132 -0.390581
-24.9992 15.2423 -27.2085 -0.359247 0.847958 -0.389754
-25.4561 14.9304 -27.4651 -0.361775 0.84905 -0.385011
-25.8548 14.6544 -27.6979 -0.365112 0.849333 -0.381217
-26.304 14.3476 -27.9545 -0.363045 0.851168 -0.379093
-26.7834 14.0264 -28.2171 -0.362706 0.851433 -0.378822
-27.3078 13.6678 -28.5212 -0.363265 0.851273 -0.378645
-27.6838 13.4065 -28.7465 -0.366885 0.849836 -0.378384
-28.1 13.1162 -28.9902 -0.374031 0.846195 -0.379546
-28.578 12.7793 -29.2784 -0.370486 0.851949 -0.37003
-29.033 12.4727 -29.535 -0.365976 0.855131 -0.367168
-29.4641 12.1925 -29.7585 -0.365526 0.85534 -0.367129
-29.9402 11.8853 -29.9993 -0.362282 0.854908 -0.371326
-30.3893 11.5917 -30.2345 -0.366166 0.853681 -0.370339
-30.7932 11.3264 -30.4526 -0.363302 0.857186 -0.365021
-31.266 10.997 -30.7611 -0.360105 0.860621 -0.360062
-31.6325 10.7417 -31.0025 -0.362481 0.860331 -0.358383
-32.0801 10.4398 -31.2725 -0.363722 0.859511 -0.359092
-32.5095 10.1491 -31.533 -0.366409 0.860149 -0.354798
-32.889 9.89146 -31.7645 -0.372106 0.856795 -0.356987
-33.3552 9.57581 -32.0348 -0.373028 0.857242 -0.354936
-33.8341 9.24619 -32.3117 -0.382764 0.853014 -0.354764
-34.2139 8.98484 -32.5288 -0.385233 0.851897 -0.354777
-34.5777 8.72318 -32.7616 -0.385152 0.851273 -0.356359
-35.0475 8.38681 -33.0579 -0.385559 0.851096 -0.356341
-35.4486 8.11247 -33.2782 -0.386356 0.850769 -0.356261
-35.8789 7.8168 -33.5162 -0.388094 0.850359 -0.355348
-36.2963 7.52853 -33.7515 -0.388907 0.851134 -0.352593
-36.7368 7.22461 -34.0018 -0.388396 0.852838 -0.349017
-37.1094 6.96086 -34.2326 -0.392388 0.851602 -0.347567
-37.4886 6.68707 -34.4762 -0.394416 0.853801 -0.339793
-38.0162 6.3261 -34.7661 -0.397014 0.851389 -0.342806
-38.5068 5.97705 -35.0677 -0.402578 0.85147 -0.336046
-38.5639 5.91366 -35.1607 -0.40146 0.852475 -0.334836
-42.4361 6.29758 -28.8701 -0.44161 0.844064 -0.304198
-42.0571 6.57795 -28.6427 -0.442063 0.843848 -0.304141
-41.6074 6.92333 -28.3398 -0.44303 0.842791 -0.30566
-41.0985 7.30143 -28.0403 -0.444661 0.840716 -0.308986
-40.6552 7.62234 -27.809 -0.443817 0.839272 -0.314079
-40.2571 7.91356 -27.5923 -0.442628 0.839399 -0.315421
-39.8099 8.24119 -27.3479 -0.442554 0.839456 -0.315371
-39.4447 8.51455 -27.1333 -0.442439 0.839277 -0.31601
-39.0318 8.8241 -26.8915 -0.444417 0.837315 -0.318426
-38.6566 9.10511 -26.6785 -0.445882 0.836399 -0.318788
-38.2719 9.39626 -26.4547 -0.446585 0.835494 -0.320173
-37.8988 9.68418 -26.2228 -0.443764 0.837052 -0.320018
-37.4188 10.0391 -25.9579 -0.436314 0.839327 -0.32428
-37.0274 10.3351 -25.7208 -0.43569 0.840346 -0.322459
-36.6333 10.6152 -25.5141 -0.428688 0.845089 -0.319456
-36.2253 10.9114 -25.2787 -0.427948 0.84447 -0.322071
-35.7552 11.2708 -24.9628 -0.426749 0.843523 -0.326117
-35.3902 11.5489 -24.7188 -0.423605 0.845325 -0.325548
-34.8815 11.9066 -24.4474 -0.419678 0.84718 -0.325816
-34.4912 12.1719 -24.2595 -0.418372 0.847307 -0.327162
-34.0818 12.4632 -24.0326 -0.419086 0.845985 -0.32965
-33.6973 12.735 -23.8313 -0.425869 0.840054 -0.336073
-33.2525 13.0573 -23.5865 -0.417458 0.841893 -0.341972
-32.8138 13.3862 -23.3105 -0.415663 0.842848 -0.341805
-32.3446 13.7286 -23.0326 -0.413212 0.843893 -0.3422
-31.961 14.0065 -22.811 -0.413921 0.842931 -0.343709
-31.5761 14.2924 -22.5777 -0.415683 0.841022 -0.34625
-31.0663 14.6704 -22.2746 -0.415747 0.839901 -0.348885
-30.6493 14.9698 -22.0487 -0.41395 0.840363 -0.349905
-30.2061 15.291 -21.7978 -0.409355 0.841805 -0.351837
-29.7882 15.5944 -21.5536 -0.40427 0.84274 -0.355463
-29.4176 15.8595 -21.345 -0.40207 0.843395 -0.356404
-28.9506 16.1919 -21.0859 -0.403362 0.842991 -0.355901
-28.5333 16.5 -20.8332 -0.404169 0.840472 -0.360901
-28.0984 16.8269 -20.5636 -0.406272 0.837944 -0.364408
-27.7016 17.1251 -20.3203 -0.406213 0.837683 -0.365071
-27.2383 17.4783 -20.026 -0.406135 0.837034 -0.366643
-26.7824 17.8167 -19.7583 -0.402684 0.837916 -0.368432
-26.328 18.1485 -19.4986 -0.399342 0.837377 -0.373264
-25.8625 18.4838 -19.2413 -0.397291 0.838667 -0.372556
-25.4374 18.8109 -18.958 -0.396746 0.837878 -0.374903
-24.9912 19.1348 -18.7022 -0.393697 0.838341 -0.377076
-24.5404 19.4607 -18.4451 -0.390138 0.839599 -0.377975
-24.1267 19.7552 -18.2143 -0.386461 0.839997 -0.380859
-23.7131 20.0519 -17.9782 -0.378743 0.842274 -0.383573
-23.2805 20.3636 -17.7236 -0.377756 0.840694 -0.387987
-22.8673 20.6512 -17.5009 -0.372558 0.84141 -0.391445
-22.4233 20.9648 -17.2507 -0.37245 0.839738 -0.395121
-22.0024 21.2544 -17.0324 -0.371951 0.83863 -0.397935
-21.614 21.5257 -16.8226 -0.370516 0.838721 -0.39908
-21.0884 21.9034 -16.5181 -0.370328 0.837881 -0.401013
-20.5927 22.2597 -16.2351 -0.368138 0.836334 -0.406225
-20.0853 22.6256 -15.9421 -0.366262 0.836113 -0.40837
-19.6228 22.9576 -15.6673 -0.356197 0.840769 -0.407711
-19.2373 23.2278 -15.4457 -0.354503 0.840849 -0.409024
-18.8546 23.4968 -15.2239 -0.352164 0.841522 -0.409654
-18.4263 23.7816 -15.0025 -0.344546 0.841253 -0.416627
-17.9908 24.0852 -14.7518 -0.345589 0.83961 -0.419073
-17.5772 24.4047 -14.4529 -0.344353 0.838338 -0.422623
-17.1693 24.7082 -14.184 -0.344703 0.837559 -0.42388
-16.804 24.9859 -13.9318 -0.344071 0.837647 -0.42422
-16.3133 25.3354 -13.6399 -0.341756 0.838103 -0.425187
-15.9071 25.6472 -13.3531 -0.341502 0.837465 -0.426638
-15.5888 25.9175 -13.0759 -0.341382 0.838558 -0.424594
-15.2646 26.2062 -12.763 -0.337928 0.839773 -0.424953
-14.9387 26.5347 -12.3736 -0.339052 0.83987 -0.423864
-14.6574 26.8265 -12.0188 -0.339153 0.840089 -0.423351
-14.3895 27.1197 -11.6523 -0.340156 0.839339 -0.424034
-14.1225 27.4399 -11.2325 -0.342194 0.839007 -0.423049
-13.8193 27.8227 -10.7191 -0.345992 0.837895 -0.422162
-13.6187 28.1207 -10.2923 -0.350431 0.837226 -0.419822
-13.4533 28.4016 -9.87113 -0.355972 0.837457 -0.414668
-13.2847 28.7378 -9.33279 -0.358996 0.838365 -0.410202
-13.1589 28.994 -8.91204 -0.365365 0.839081 -0.403041
-13.0734 29.2977 -8.34709 -0.372743 0.840664 -0.392859
-13.0397 29.5602 -7.80765 -0.373142 0.848408 -0.375231
-13.0335 29.8344 -7.17383 -0.389256 0.850072 -0.35476
-13.0644 30.0624 -6.57427 -0.397707 0.852608 -0.338944
-13.1101 30.2586 -6.00007 -0.405679 0.85929 -0.31152
-13.1731 30.4118 -5.48756 -0.415746 0.856427 -0.306086
-13.2693 30.541 -4.96133 -0.41775 0.866173 -0.274125
-13.4218 30.6597 -4.31298 -0.44075 0.862677 -0.248048
-13.5473 30.7305 -3.81802 -0.44145 0.869029 -0.222894
-13.6921 30.7835 -3.30569 -0.440054 0.87678 -0.19393
-13.8202 30.8303 -2.7618 -0.462475 0.870016 -0.170849
-13.9061 30.8751 -2.14155 -0.464853 0.88176 -0.0800647
-13.9968 30.8798 -1.50179 -0.456148 0.888739 -0.0455125
-14.0538 30.8668 -0.959227 -0.484992 0.874512 0.00345155
-14.0947 30.8261 -0.305256 -0.473762 0.87887 0.0553841
-14.1056 30.7806 0.236214 -0.479214 0.874887 0.070011
-14.0836 30.7306 0.908977 -0.481901 0.871792 0.0879392
-14.0198 30.6789 1.57365 -0.493599 0.860132 0.12858
-13.9063 30.6186 2.31876 -0.479409 0.862935 0.159271
-13.8243 30.5541 2.8475 -0.471795 0.859774 0.195446
-13.716 30.4724 3.4474 -0.462185 0.861413 0.210294
-13.5815 30.3816 4.01631 -0.433808 0.862547 0.260428
-13.4438 30.2728 4.58272 -0.431213 0.856799 0.282755
-13.3117 30.1553 5.1085 -0.43187 0.844085 0.31782
-13.2044 30.0168 5.6043 -0.41843 0.84308 0.337835
-13.131 29.8422 6.11513 -0.399371 0.844511 0.356798
-13.0948 29.6333 6.64554 -0.391885 0.844358 0.365357
-13.0759 29.4141 7.16307 -0.390043 0.8408 0.375367
-13.0799 29.1981 7.61801 -0.381473 0.834777 0.397009
-13.1019 28.954 8.10317 -0.373584 0.8324 0.409279
-13.1552 28.7072 8.56025 -0.369241 0.832694 0.412652
-13.2576 28.4097 9.06778 -0.363316 0.83175 0.419742
-13.3641 28.1294 9.52955 -0.356364 0.8339 0.421446
-13.4931 27.8453 9.97987 -0.354832 0.833169 0.42417
-13.6548 27.5147 10.4936 -0.352844 0.833154 0.425858
-13.8742 27.2056 10.9178 -0.348875 0.834274 0.426934
-14.1473 26.8513 11.3869 -0.344964 0.835032 0.428626
-14.4018 26.5508 11.7679 -0.344189 0.835357 0.428617
-14.672 26.2554 12.1275 -0.34259 0.835875 0.428889
-15.0079 25.9155 12.5222 -0.342912 0.836121 0.42815
-15.3114 25.6279 12.8401 -0.343726 0.8355 0.42871
-15.6257 25.3509 13.1279 -0.3431 0.835656 0.428908
-16.0149 25.0353 13.4302 -0.345902 0.835118 0.427703
-16.457 24.6999 13.726 -0.348246 0.833791 0.428389
-16.815 24.4242 13.9713 -0.350557 0.833485 0.427097
-17.3052 24.0646 14.2738 -0.350257 0.834174 0.425993
-17.7624 23.7424 14.5281 -0.354268 0.834748 0.421532
-18.1901 23.4455 14.7567 -0.35574 0.835216 0.41936
-18.6022 23.1567 14.9818 -0.362756 0.834298 0.415156
-18.9692 22.8843 15.2096 -0.363071 0.835119 0.413226
-19.4002 22.569 15.4673 -0.367475 0.835046 0.409464
-19.7828 22.2788 15.7156 -0.37033 0.835044 0.406887
-20.2402 21.9365 16.0017 -0.372647 0.834905 0.405054
-20.615 21.6675 16.209 -0.376341 0.833395 0.404747
-21.0857 21.3237 16.4762 -0.379628 0.832423 0.403677
-21.5186 21.0072 16.7203 -0.381608 0.831762 0.403171
-21.9306 20.7023 16.9593 -0.382397 0.833354 0.399116
-22.3858 20.3577 17.2397 -0.385101 0.831682 0.400002
-22.7477 20.0838 17.4571 -0.389296 0.828514 0.4025
-23.1152 19.8046 17.679 -0.390953 0.829876 0.398069
-23.5077 19.5061 17.9132 -0.394309 0.828055 0.39855
-23.8995 19.2133 18.1422 -0.387864 0.833578 0.393308
-24.2962 18.9172 18.3726 -0.394245 0.834273 0.385405
-24.6874 18.6237 18.605 -0.40141 0.832713 0.381392
-25.0813 18.3228 18.8426 -0.406303 0.831428 0.378998
-25.4678 18.0515 19.027 -0.403968 0.835056 0.373482
-25.95 17.6973 19.2974 -0.40371 0.836245 0.371097
-26.3154 17.4238 19.5143 -0.407441 0.835439 0.368826
-26.7201 17.1299 19.7325 -0.408289 0.835283 0.368241
-27.0984 16.849 19.951 -0.407136 0.835758 0.368441
-27.4985 16.5404 20.212 -0.406717 0.83775 0.364355
-27.9038 16.2238 20.4875 -0.407784 0.838989 0.360292
-28.2786 15.9446 20.7119 -0.409763 0.837656 0.361147
-28.7682 15.5945 20.9654 -0.415679 0.83696 0.355962
-29.1523 15.3214 21.1576 -0.416666 0.835757 0.357629
-29.5295 15.0526 21.3461 -0.417082 0.835543 0.357645
-29.9298 14.7501 21.5882 -0.414338 0.838222 0.354553
-30.3787 14.4098 21.8684 -0.414588 0.838421 0.353791
-30.7505 14.1275 22.1014 -0.415592 0.838048 0.353493
-31.1595 13.8237 22.3418 -0.41543 0.839007 0.351403
-31.5657 13.5238 22.5779 -0.415869 0.839175 0.350482
-32.0632 13.1548 22.8728 -0.415743 0.839609 0.349593
-32.535 12.8081 23.144 -0.415115 0.840039 0.349304
-32.9627 12.4988 23.383 -0.410548 0.842435 0.348933
-33.4171 12.1794 23.6262 -0.408233 0.845184 0.344973
-33.7884 11.9138 23.8397 -0.407036 0.84742 0.340879
-34.3441 11.5158 24.1664 -0.408834 0.847353 0.338882
-34.7263 11.2398 24.3957 -0.412704 0.846406 0.336558
-35.1423 10.9409 24.634 -0.414355 0.844193 0.340072
-35.5493 10.6499 24.8589 -0.415757 0.842961 0.341413
-35.9918 10.3394 25.0862 -0.414719 0.842643 0.343455
-36.4034 10.0574 25.281 -0.414105 0.842272 0.345101
-36.8406 9.74319 25.5233 -0.41381 0.842234 0.345548
-37.2771 9.40955 25.8142 -0.412573 0.843222 0.344611
-37.711 9.08494 26.0905 -0.411982 0.844593 0.341954
-38.0848 8.81739 26.3031 -0.410213 0.846367 0.339689
-38.4786 8.54071 26.5167 -0.410647 0.847639 0.335973
-38.8754 8.26433 26.7282 -0.41132 0.847618 0.335201
-39.2727 7.9864 26.9397 -0.41468 0.84702 0.332562
-39.6508 7.71997 27.1411 -0.418992 0.84452 0.333514
-40.1045 7.39013 27.4031 -0.421673 0.843385 0.333005
-40.4847 7.10529 27.6427 -0.422039 0.843306 0.332744
-40.8768 6.81565 27.8806 -0.421416 0.84436 0.330854
-41.2893 6.51286 28.1287 -0.42098 0.844794 0.330301
-41.695 6.20835 28.3905 -0.421628 0.844627 0.329902
-42.0763 5.91956 28.6414 -0.423544 0.843489 0.330359
-42.4472 5.64534 28.8636 -0.425914 0.842399 0.330093
-42.8402 5.35554 29.0947 -0.428219 0.841748 0.328769
-43.2115 5.07908 29.3189 -0.428018 0.842881 0.326105
-43.658 4.75227 29.5817 -0.427039 0.84436 0.323565
-44.0407 4.478 29.7929 -0.428566 0.843644 0.323405
-44.5451 4.11475 30.0663 -0.437517 0.839543 0.322059
-45.0122 3.76307 30.3413 -0.44244 0.837634 0.320338
-45.5098 3.38622 30.6315 -0.446812 0.835424 0.320041
-45.9833 3.03097 30.8949 -0.448639 0.834398 0.320161
-46.5092 2.63264 31.2031 -0.446921 0.837222 0.315152
-46.8862 2.34763 31.4217 -0.451531 0.836085 0.311578
-47.1575 2.07888 31.758 -0.450619 0.839722 0.303
-46.8754 2.04369 32.2811 -0.450216 0.841817 0.29774
-46.5957 2.02663 32.7496 -0.447272 0.844384 0.294896
-46.3252 2.01583 33.1906 -0.445727 0.844562 0.296716
-45.9792 2.00149 33.7471 -0.440728 0.846734 0.297994
-45.6894 1.99136 34.1991 -0.433964 0.848097 0.303985
-45.3087 1.98832 34.7451 -0.421984 0.852556 0.308346
-44.985 1.98631 35.1921 -0.419779 0.853096 0.30986
-44.6469 1.98219 35.6602 -0.418859 0.853401 0.310263
-44.3507 1.97583 36.0769 -0.417429 0.853867 0.310908
-43.9104 1.98479 36.6267 -0.410297 0.854827 0.317688
-43.5418 1.9791 37.1083 -0.405236 0.854355 0.325336
-43.2507 1.95533 37.5248 -0.399406 0.855655 0.329133
-42.8619 1.96136 37.9784 -0.398416 0.855353 0.331112
-42.4797 1.9509 38.4613 -0.395695 0.855576 0.333788
-42.1324 1.93499 38.9084 -0.390051 0.857665 0.335066
-41.8061 1.93008 39.2952 -0.385422 0.857182 0.341575
-41.414 1.93924 39.7074 -0.383302 0.855521 0.348086
-41.0098 1.94267 40.1426 -0.381856 0.854967 0.351025
-40.6104 1.93257 40.5998 -0.37726 0.857271 0.350369
-40.15 1.93066 41.0891 -0.36781 0.857718 0.359216
-39.7041 1.93438 41.5322 -0.363022 0.859482 0.359869
-39.2634 1.92987 41.9812 -0.361051 0.858525 0.364111
-38.8805 1.93221 42.3553 -0.360979 0.858461 0.364332
-38.4324 1.94734 42.7629 -0.360625 0.858331 0.36499
-38.0564 1.95335 43.1203 -0.359819 0.858383 0.365663
-37.6732 1.95745 43.4869 -0.359245 0.858012 0.367094
-37.3084 1.9552 43.846 -0.356899 0.858205 0.368926
-36.9123 1.94313 44.2478 -0.347155 0.857899 0.378804
-36.5023 1.93038 44.6469 -0.335454 0.860053 0.384325
-36.1186 1.92638 44.978 -0.327291 0.858232 0.395371
-35.673 1.92177 45.3521 -0.320999 0.859482 0.397807
-35.1114 1.91029 45.8256 -0.318249 0.859314 0.400371
-34.6963 1.90048 46.174 -0.312395 0.859805 0.40391
-34.2057 1.90656 46.5389 -0.308845 0.859853 0.40653
-33.7443 1.90366 46.8931 -0.306203 0.859889 0.40845
-33.3091 1.8996 47.2263 -0.30436 0.860164 0.409246
-32.8486 1.89695 47.5658 -0.299649 0.857758 0.417687
-32.3851 1.90253 47.875 -0.286388 0.858734 0.424914
-31.9572 1.90886 48.1475 -0.283853 0.858877 0.426329
-31.495 1.90366 48.4642 -0.283604 0.858492 0.427271
-31.052 1.91315 48.7391 -0.283909 0.858485 0.427082
-30.5381 1.92423 49.056 -0.279495 0.856652 0.433625
-30.103 1.93693 49.3135 -0.278311 0.858989 0.429719
-29.5664 1.93604 49.6373 -0.263385 0.855977 0.444888
-29.1127 1.94835 49.8811 -0.263302 0.853089 0.450457
-28.6769 1.94812 50.1297 -0.256035 0.855258 0.450529
-28.1345 1.95353 50.4214 -0.240876 0.855931 0.457529
-27.6216 1.94551 50.7015 -0.238519 0.853774 0.462795
-27.1741 1.93957 50.9359 -0.227395 0.852735 0.470249
-26.6754 1.93745 51.1785 -0.219881 0.856084 0.467723
-26.1861 1.93788 51.4053 -0.215316 0.856065 0.469885
-25.7186 1.93825 51.6175 -0.212531 0.857122 0.469225
-25.251 1.9342 51.8336 -0.206166 0.859341 0.468004
-24.7939 1.92735 52.0442 -0.199125 0.859957 0.469917
-24.2045 1.91834 52.3088 -0.196812 0.860328 0.470213
-23.5539 1.91089 52.5904 -0.192215 0.862215 0.468657
-23.088 1.91346 52.7762 -0.191087 0.862431 0.46872
-22.5137 1.92432 52.9885 -0.188575 0.861644 0.471178
-22.0218 1.93325 53.1672 -0.182912 0.860771 0.47497
-21.4972 1.93686 53.3601 -0.177771 0.861475 0.475658
-20.9043 1.94357 53.5614 -0.167635 0.860197 0.481621
-20.3757 1.9482 53.7359 -0.16513 0.860113 0.482636
-19.8135 1.95567 53.9127 -0.163851 0.85739 0.487888
-19.2737 1.95133 54.0878 -0.152073 0.857452 0.491578
-18.7277 1.93229 54.2815 -0.131069 0.856507 0.499208
-18.2055 1.93456 54.4146 -0.13031 0.85472 0.502467
-17.6942 1.94146 54.5355 -0.131103 0.854041 0.503413
-17.1844 1.94766 54.6564 -0.129849 0.853099 0.505332
-16.5599 1.95918 54.7918 -0.123337 0.853124 0.506918
-16.0541 1.9607 54.9091 -0.111638 0.852736 0.510269
-15.5189 1.9538 55.0356 -0.109431 0.852348 0.511398
-14.9029 1.95725 55.1566 -0.102628 0.852438 0.512656
-14.299 1.95573 55.2786 -0.100706 0.851719 0.51423
-13.8043 1.95918 55.3691 -0.0990683 0.851864 0.514309
-13.1518 1.9746 55.4658 -0.0926677 0.852423 0.514569
-12.5376 1.98834 55.5497 -0.0831759 0.849752 0.520579
-11.8748 1.98714 55.6529 -0.0751136 0.851329 0.519225
-11.3087 1.98617 55.7343 -0.0709176 0.850412 0.521315
-10.7797 1.99133 55.7959 -0.0676727 0.849004 0.524035
-10.2462 1.97783 55.8816 -0.0576303 0.849415 0.524561
-9.67761 1.97862 55.9394 -0.0537109 0.847753 0.527665
-9.04108 1.98598 55.993 -0.0536154 0.847864 0.527495
-8.46631 1.98388 56.0546 -0.0536264 0.846542 0.529613
-7.85358 1.98415 56.1111 -0.0469583 0.846278 0.530668
-7.33493 1.99593 56.1338 -0.0403116 0.844141 0.534601
-6.81422 1.99954 56.1659 -0.0389653 0.843409 0.535857
-6.23734 2.01232 56.1858 -0.0362233 0.842655 0.537234
-5.57374 2.02849 56.2031 -0.0333038 0.843809 0.53561
-4.93977 2.04965 56.2034 -0.0273997 0.841805 0.539086
-4.42802 2.06307 56.2068 -0.0242752 0.841073 0.540376
-3.79798 2.13753 56.1181 -0.0237782 0.840094 0.541915
-3.75377 2.4439 55.6463 -0.0266429 0.839842 0.542175
-3.75313 2.73813 55.1915 -0.0273834 0.839269 0.543027
-3.75083 3.06351 54.6872 -0.0286203 0.840581 0.54093
-3.78145 3.36524 54.216 -0.0294948 0.841094 0.540084
-3.76192 3.69442 53.7056 -0.0280327 0.841024 0.540271
-3.79305 4.04147 53.1612 -0.0312719 0.843363 0.536434
-3.80113 4.34989 52.6772 -0.0315593 0.842019 0.538524
-3.80656 4.63638 52.2257 -0.033737 0.84474 0.534112
-3.81033 4.96931 51.7 -0.0344639 0.843268 0.536384
-3.8115 5.28469 51.2051 -0.0364879 0.84224 0.537865
-3.8014 5.56667 50.7649 -0.0377039 0.841895 0.538323
-3.79195 5.86908 50.2942 -0.0397479 0.841543 0.538725
-3.80484 6.16441 49.8333 -0.042732 0.841005 0.539336
-3.81598 6.44028 49.4015 -0.0432226 0.841491 0.53854
-3.82932 6.72796 48.9525 -0.0450087 0.840849 0.539394
-3.79596 7.07205 48.4203 -0.0462735 0.83994 0.540702
-3.78284 7.39727 47.9168 -0.0485605 0.83943 0.541294
-3.80355 7.74035 47.3835 -0.0499066 0.838978 0.541871
-3.78806 8.03194 46.934 -0.0501435 0.838366 0.542796
-3.76807 8.40458 46.3615 -0.0502073 0.837433 0.544229
-3.75736 8.68874 45.9255 -0.0531821 0.83705 0.544536
-3.74763 9.01099 45.4317 -0.0542906 0.836164 0.545786
-3.73194 9.33057 44.9438 -0.0561483 0.835757 0.546219
-3.76224 9.70056 44.3752 -0.0581246 0.8357 0.5461
-3.78835 10.0757 43.7983 -0.0601361 0.835601 0.546035
-3.79232 10.3976 43.305 -0.0605138 0.835853 0.545608
-3.78306 10.7355 42.7913 -0.061789 0.834273 0.547878
-3.74676 11.0802 42.274 -0.0683888 0.832062 0.55045
-3.73801 11.3572 41.8556 -0.0704508 0.831931 0.550388
-3.72378 11.6364 41.435 -0.0708542 0.832988 0.548735
-3.72873 11.9184 41.0057 -0.0710424 0.832964 0.548747
-3.74735 12.229 40.5324 -0.0725094 0.832163 0.549769
-3.76185 12.5716 40.0126 -0.0756947 0.831238 0.550733
-3.78025 12.9053 39.5072 -0.0786654 0.831627 0.549734
-3.78219 13.1879 39.081 -0.0822997 0.830784 0.550476
-3.7515 13.4844 38.6362 -0.0820647 0.832774 0.547498
-3.73375 13.7685 38.2073 -0.0882841 0.8315 0.548465
-3.73595 14.16 37.6115 -0.0912576 0.832351 0.546684
-3.75277 14.5359 37.0282 -0.0977827 0.837104 0.538222
-3.75558 14.8069 36.6065 -0.0994711 0.836169 0.539376
-3.7678 15.1215 36.1166 -0.10319 0.834323 0.541532
-3.78436 15.4551 35.6007 -0.104561 0.833181 0.543024
-3.78585 15.7375 35.1662 -0.108974 0.832539 0.543142
-3.78798 16.0751 34.6486 -0.110065 0.832507 0.542971
-3.75651 16.4466 34.0867 -0.110844 0.83126 0.544718
-3.75507 16.7768 33.5828 -0.112185 0.830877 0.54503
-3.75859 17.058 33.1508 -0.117689 0.832289 0.541705
-3.76791 17.3369 32.72 -0.121793 0.832659 0.540227
-3.78484 17.7008 32.156 -0.122104 0.832192 0.540877
-3.74837 18.0311 31.6553 -0.124373 0.831534 0.541371
-3.73873 18.3898 31.1057 -0.128195 0.831982 0.539786
-3.73452 18.6825 30.6572 -0.132717 0.830717 0.540644
-3.71716 18.9845 30.1994 -0.136438 0.828896 0.542509
-3.70706 19.3041 29.7138 -0.136863 0.828401 0.543158
-3.71825 19.6244 29.2218 -0.139339 0.828078 0.54302
-3.72993 19.9048 28.7905 -0.13945 0.828849 0.541814
-3.74144 20.2072 28.325 -0.144886 0.828143 0.541468
-3.74668 20.5403 27.8117 -0.149727 0.828595 0.539456
-3.74282 20.8437 27.3447 -0.15126 0.830759 0.535683
-3.73541 21.1179 26.9212 -0.156714 0.830397 0.534667
-3.73734 21.4677 26.3765 -0.161318 0.830536 0.533087
-3.73958 21.7772 25.894 -0.163899 0.829343 0.534159
-3.73433 22.1525 25.3075 -0.173483 0.830089 0.529952
-3.73697 22.435 24.8637 -0.176212 0.829102 0.530603
-3.7322 22.8081 24.2843 -0.180273 0.826945 0.5326
-3.74836 23.092 23.8369 -0.181401 0.826836 0.532386
-3.75662 23.455 23.2667 -0.183508 0.830128 0.526509
-3.75539 23.7233 22.8422 -0.188486 0.829693 0.525436
-3.75301 24.0252 22.3621 -0.197343 0.832456 0.517757
-3.73809 24.2989 21.9288 -0.197247 0.83193 0.518638
-3.72451 24.578 21.4876 -0.198032 0.830716 0.520283
-3.67411 24.9525 20.9092 -0.201928 0.829373 0.520928
-3.59214 25.2816 20.4151 -0.200976 0.831258 0.518285
-3.49963 25.5896 19.9556 -0.20137 0.832596 0.515979
-3.39636 25.8764 19.5338 -0.202047 0.831923 0.516798
-3.28404 26.1745 19.0958 -0.204141 0.833712 0.51308
-3.10108 26.5014 18.6334 -0.204589 0.836689 0.50802
-2.87501 26.8441 18.1613 -0.202612 0.839233 0.504614
-2.6515 27.1467 17.7475 -0.198899 0.838254 0.50771
-2.41794 27.4381 17.357 -0.194769 0.83935 0.507487
-2.10492 27.7807 16.9027 -0.186183 0.841481 0.507175
-1.80752 28.0822 16.5115 -0.178848 0.843229 0.50693
-1.48274 28.339 16.1972 -0.173586 0.841589 0.511464
-1.14804 28.5853 15.9015 -0.166427 0.843062 0.511419
-0.759995 28.8566 15.5764 -0.16153 0.844225 0.511064
-0.376552 29.1063 15.2829 -0.153145 0.845285 0.511889
0.021779 29.3334 15.0213 -0.139595 0.852681 0.503436
0.519222 29.5736 14.7466 -0.11963 0.852929 0.508134
1.07752 29.7942 14.4996 -0.109678 0.854077 0.508451
1.63523 29.9714 14.2985 -0.0825802 0.859453 0.504501
2.1051 30.1047 14.1359 -0.0554073 0.859053 0.508879
2.57159 30.2226 13.9753 -0.0370597 0.867384 0.496161
3.13948 30.349 13.7813 -0.0088429 0.870888 0.491377
3.72851 30.4472 13.5913 0.0368247 0.877276 0.478571
4.31285 30.5086 13.4112 0.0594073 0.889796 0.452475
4.88961 30.5367 13.2245 0.128002 0.884862 0.447431
5.51877 30.553 12.9811 0.153668 0.881099 0.44727
6.01757 30.5631 12.7821 0.16723 0.880742 0.443073
6.5453 30.5834 12.5251 0.191122 0.879546 0.435742
6.98576 30.5981 12.2855 0.220106 0.872802 0.435627
7.53726 30.6055 11.9531 0.267077 0.876756 0.399961
7.99841 30.5966 11.6525 0.298877 0.860728 0.412093
8.53514 30.5829 11.2521 0.314004 0.871395 0.376924
8.96162 30.5694 10.9051 0.339144 0.869577 0.35891
9.35532 30.5368 10.5874 0.363851 0.878503 0.309589
9.7406 30.4906 10.2513 0.380161 0.874672 0.30071
10.1194 30.4421 9.8915 0.402656 0.869296 0.286693
10.4875 30.3811 9.55183 0.408358 0.868748 0.280214
10.872 30.2988 9.20875 0.440166 0.858853 0.261966
11.2369 30.2089 8.86478 0.452087 0.860259 0.235734
11.6056 30.0972 8.53093 0.472444 0.855445 0.212158
12.1388 29.8943 8.10743 0.496777 0.845902 0.193918
12.6013 29.6892 7.80204 0.504589 0.844012 0.181707
13.1517 29.4211 7.4912 0.511578 0.840986 0.176153
13.5858 29.1928 7.27924 0.520893 0.838728 0.158762
14.0709 28.924 7.08713 0.526312 0.837736 0.145583
14.6028 28.6166 6.91185 0.530616 0.835908 0.140369
15.0375 28.3602 6.78894 0.531037 0.836698 0.133926
15.5183 28.0686 6.66739 0.537183 0.834442 0.123023
16.0278 27.754 6.58484 0.535158 0.836001 0.121277
16.5257 27.4391 6.55035 0.537237 0.835129 0.118048
16.9986 27.1368 6.53893 0.535421 0.836649 0.115508
17.4363 26.8509 6.57263 0.537956 0.835114 0.11478
17.9284 26.5182 6.67245 0.540626 0.833544 0.113691
18.4149 26.1886 6.78687 0.537302 0.835762 0.113178
18.9142 25.8505 6.90682 0.538044 0.835146 0.114195
19.3202 25.5742 7.01596 0.539874 0.834849 0.107513
19.7957 25.2382 7.2303 0.54359 0.831438 0.114976
20.243 24.9208 7.41695 0.541689 0.832513 0.116169
20.6179 24.6484 7.61571 0.54202 0.832246 0.116534
21.0609 24.3272 7.8548 0.540237 0.833274 0.117466
21.4637 24.0355 8.0724 0.539703 0.833631 0.11739
21.8433 23.7606 8.2852 0.537807 0.834814 0.11768
22.2593 23.4593 8.51934 0.537555 0.834855 0.11854
22.6522 23.1749 8.74277 0.534546 0.836207 0.122551
23.1093 22.8405 9.02641 0.534849 0.835961 0.122904
23.5054 22.5549 9.25146 0.533523 0.836654 0.12395
23.9355 22.2455 9.49155 0.532973 0.836733 0.125749
24.3348 21.9622 9.69367 0.530354 0.838491 0.125116
24.749 21.6666 9.92201 0.527983 0.839287 0.129708
25.2477 21.3122 10.205 0.522755 0.842159 0.132265
25.6412 21.0301 10.441 0.523656 0.841341 0.133899
25.9984 20.7713 10.6775 0.520089 0.843401 0.134842
26.4821 20.4207 10.993 0.520273 0.842729 0.138286
26.9821 20.0633 11.2758 0.519434 0.842129 0.1449
27.4748 19.7131 11.5302 0.523853 0.838308 0.151053
27.9441 19.3713 11.7768 0.528063 0.83396 0.160179
28.3541 19.0703 11.9928 0.528214 0.833584 0.161639
28.7774 18.7538 12.247 0.526535 0.834868 0.160487
29.2544 18.4035 12.515 0.520426 0.839112 0.158265
29.6803 18.0908 12.7593 0.517091 0.840184 0.163426
30.1086 17.7741 13.0282 0.518534 0.838722 0.166337
30.569 17.4343 13.3034 0.518448 0.838536 0.167535
31.0152 17.1029 13.5742 0.517233 0.837061 0.178322
31.5012 16.7382 13.8553 0.519795 0.834742 0.181662
31.8909 16.4415 14.0986 0.519046 0.833692 0.18854
32.2771 16.1464 14.3387 0.518901 0.832969 0.192105
32.7292 15.8103 14.5754 0.51869 0.833111 0.192061
33.2199 15.442 14.8448 0.5185 0.832554 0.194965
33.6391 15.1268 15.0688 0.517741 0.832114 0.198818
34.0273 14.836 15.2734 0.518743 0.831678 0.198035
34.4041 14.55 15.4773 0.517888 0.830477 0.205182
34.8349 14.2199 15.7258 0.516607 0.831011 0.206248
35.2359 13.9122 15.9663 0.512816 0.832595 0.20929
35.7139 13.5429 16.2666 0.511785 0.83226 0.213119
36.0716 13.2637 16.4938 0.513913 0.830594 0.214492
36.5795 12.8704 16.8031 0.511687 0.830935 0.218433
36.9637 12.5709 17.0386 0.510906 0.830277 0.222744
37.4272 12.2134 17.3087 0.509202 0.830077 0.227302
37.7918 11.9302 17.5202 0.508947 0.829182 0.231149
38.2146 11.6093 17.7367 0.50907 0.827944 0.235276
38.6731 11.2529 17.9978 0.509144 0.827086 0.238119
39.1157 10.9046 18.2608 0.508274 0.827304 0.239218
39.4859 10.616 18.4763 0.504452 0.829599 0.239361
39.885 10.3061 18.7104 0.502427 0.830863 0.239235
40.2852 10.0014 18.9286 0.502109 0.831023 0.239347
40.73 9.66421 19.1693 0.499561 0.832774 0.238592
41.1053 9.3809 19.3737 0.497874 0.833863 0.238314
41.5842 9.01614 19.649 0.497786 0.833616 0.239335
41.9369 8.7394 19.8713 0.500276 0.831778 0.240559
42.3053 8.45503 20.0917 0.498932 0.832505 0.240835
42.6633 8.17733 20.3121 0.494745 0.834823 0.241446
43.1112 7.82956 20.5966 0.494439 0.833955 0.245037
43.4931 7.54163 20.8068 0.493989 0.834348 0.244605
43.9343 7.2225 21.0079 0.49056 0.836914 0.242733
44.3056 6.94803 21.2091 0.489468 0.837991 0.241229
44.747 6.61131 21.4811 0.487978 0.837879 0.244613
45.25 6.23751 21.761 0.486806 0.838584 0.244532
45.7556 5.86715 22.0397 0.479361 0.843202 0.243359
46.2203 5.51546 22.3448 0.476245 0.844066 0.24646
46.6948 5.16621 22.6268 0.475576 0.844372 0.246705
47.2251 4.78507 22.9084 0.476514 0.84324 0.248753
47.6663 4.46039 23.1595 0.478472 0.84188 0.249605
48.0393 4.17878 23.3937 0.479687 0.841109 0.249872
48.4164 3.89688 23.616 0.480734 0.839666 0.252695
48.8332 3.58618 23.8534 0.482566 0.838284 0.253792
49.2696 3.25968 24.1005 0.483602 0.837316 0.25501
49.7236 2.92659 24.3326 0.483228 0.837013 0.256709
50.1204 2.63114 24.5483 0.483182 0.836907 0.257141
50.5198 2.33121 24.7743 0.482792 0.836959 0.257705
50.9475 2.05411 24.875 0.480795 0.837813 0.258656
51.3092 2.00994 24.3534 0.475056 0.840754 0.259709
51.5886 2.00834 23.8477 0.471273 0.843074 0.259076
51.8357 2.00479 23.4123 0.471267 0.843246 0.258533
52.1265 1.99675 22.9046 0.470378 0.844913 0.254683
52.4355 1.98923 22.3535 0.472113 0.845157 0.250638
52.7078 1.98137 21.866 0.471974 0.845458 0.249884
52.9498 1.97857 21.4167 0.473064 0.845466 0.247779
53.1903 1.97914 20.9464 0.474073 0.846447 0.24245
53.4211 1.98083 20.4684 0.474461 0.850262 0.227904
53.6372 1.98897 19.9739 0.475026 0.851968 0.220229
53.851 1.9856 19.5108 0.474472 0.854551 0.211231
54.1355 1.96785 18.9396 0.475182 0.854688 0.20907
54.3765 1.95757 18.4315 0.476084 0.854618 0.207299
54.6249 1.94874 17.89 0.47681 0.855355 0.202534
54.8298 1.93951 17.4225 0.48117 0.855752 0.190166
55.0507 1.93725 16.8644 0.484713 0.854833 0.185242
55.2285 1.94088 16.3798 0.484952 0.855136 0.183206
55.4227 1.94199 15.8503 0.487177 0.85477 0.178956
55.6506 1.94536 15.1854 0.491971 0.853652 0.171005
55.7971 1.95458 14.706 0.49412 0.853132 0.167365
55.9915 1.97146 14.0402 0.495522 0.852751 0.165144
56.1382 1.98313 13.525 0.496895 0.853926 0.154598
56.3339 1.98609 12.8601 0.506648 0.84978 0.14554
56.4865 1.98459 12.2873 0.5018 0.855404 0.128335
56.631 1.97734 11.7538 0.50338 0.85548 0.12149
56.7728 1.97009 11.2102 0.503561 0.855934 0.117467
56.907 1.96159 10.6858 0.50737 0.854968 0.107666
57.0193 1.95545 10.1905 0.50585 0.856205 0.105013
57.1405 1.95318 9.59253 0.504023 0.858118 0.0979519
57.2531 1.94113 9.09752 0.506424 0.857116 0.0942686
57.3781 1.93417 8.4384 0.506288 0.858213 0.0845175
57.4988 1.92407 7.77916 0.507506 0.858183 0.0771922
57.6047 1.91819 7.12001 0.508962 0.85786 0.0709466
57.6671 1.92742 6.52576 0.516003 0.854124 0.0649034
57.7116 1.94266 5.90377 0.516305 0.854645 0.0548727
57.7505 1.95285 5.36752 0.517372 0.854269 0.0505096
57.7955 1.95385 4.86287 0.525123 0.849731 0.0469477
57.8373 1.96126 4.20678 0.526719 0.849312 0.03478
57.8702 1.95862 3.70169 0.528262 0.848656 0.0268435
57.8971 1.95771 3.16982 0.527876 0.849116 0.0186988
57.9195 1.95617 2.60061 0.528857 0.84855 0.0165363
57.9422 1.9541 2.02739 0.531131 0.847088 0.0184768
57.9446 1.96454 1.50229 0.529869 0.847916 0.0163257
57.9516 1.96734 0.938793 0.5303 0.847792 0.00397353
57.9537 1.96492 0.409698 0.530616 0.847575 -0.00756761
57.956 1.95751 -0.0953407 0.5288 0.848649 -0.01264
57.9504 1.95104 -0.68107 0.528972 0.848544 -0.0127248
57.9375 1.95033 -1.21877 0.527417 0.849451 -0.0162651
57.91 1.95652 -1.72444 0.530952 0.847144 -0.0208868
57.8481 1.97875 -2.29256 0.527356 0.849257 -0.0256653
57.8063 1.98177 -2.87065 0.526861 0.849204 -0.0355704
57.7513 1.98969 -3.4633 0.526132 0.849361 -0.0418873
57.681 1.99454 -4.15889 0.527796 0.84787 -0.0504764
57.6156 1.9955 -4.74401 0.52766 0.847204 -0.0618064
57.5329 1.99922 -5.35763 0.526318 0.8475 -0.0687935
57.4623 1.99792 -5.92942 0.524181 0.849078 -0.0655806
57.4132 1.98473 -6.45723 0.525536 0.847756 -0.0715618
57.3386 1.97755 -7.06418 0.524633 0.847527 -0.0802592
57.2369 1.9741 -7.73222 0.521997 0.848636 -0.0856505
57.1288 1.97236 -8.37554 0.521535 0.848249 -0.092053
57.0492 1.96035 -8.91684 0.525618 0.84503 -0.0981982
56.9227 1.95498 -9.60041 0.521861 0.846138 -0.108222
56.804 1.95698 -10.1231 0.52114 0.845097 -0.119261
56.6859 1.95808 -10.6239 0.517472 0.846935 -0.122163
56.568 1.9548 -11.137 0.518376 0.84566 -0.12706
56.4492 1.95331 -11.6249 0.511932 0.849517 -0.127462
56.2931 1.96989 -12.1106 0.507525 0.849568 -0.143709
56.0964 1.98767 -12.6729 0.504642 0.849803 -0.152222
55.8666 1.99508 -13.3798 0.501749 0.85078 -0.156264
55.7177 1.97444 -13.9639 0.498965 0.851782 -0.159691
55.5682 1.97025 -14.4501 0.498099 0.851845 -0.162043
55.3525 1.96839 -15.1188 0.497802 0.851594 -0.16426
55.1377 1.97537 -15.7337 0.49751 0.851598 -0.165115
54.9332 1.98791 -16.2605 0.4946 0.851273 -0.175205
54.7344 2.00083 -16.764 0.495779 0.84927 -0.181337
54.5273 1.99508 -17.2957 0.485724 0.85125 -0.198608
54.3356 1.98415 -17.7846 0.480639 0.851614 -0.209139
54.0754 1.97755 -18.405 0.480809 0.85088 -0.211721
53.8546 1.97357 -18.9216 0.481587 0.850292 -0.212315
53.6236 1.98478 -19.3865 0.476574 0.85113 -0.220126
53.3687 1.99535 -19.8934 0.47671 0.849948 -0.224358
53.1436 1.99419 -20.3746 0.476929 0.849408 -0.225933
52.8992 1.99254 -20.8885 0.473973 0.84946 -0.231879
52.6349 1.99599 -21.4031 0.473685 0.847647 -0.238987
52.3969 1.99208 -21.8728 0.471472 0.846249 -0.248147
52.1692 1.98312 -22.335 0.470415 0.84617 -0.25041
51.9331 1.98242 -22.7782 0.469591 0.845891 -0.25289
51.6285 2.00492 -23.2669 0.469396 0.845494 -0.254573
51.3279 2.01596 -23.7842 0.471651 0.843579 -0.256749
51.0472 2.02459 -24.2613 0.468474 0.842964 -0.264468
50.6828 2.06522 -24.7729 0.468057 0.840781 -0.272049
50.1565 2.4099 -24.6185 0.470324 0.84031 -0.269565
49.7489 2.71496 -24.3839 0.472976 0.839 -0.269023
49.3474 3.01889 -24.1371 0.472563 0.840028 -0.266529
48.9202 3.34501 -23.8678 0.47407 0.839222 -0.266387
48.5364 3.63096 -23.6502 0.475189 0.838928 -0.265321
48.0647 3.97113 -23.4206 0.475805 0.838762 -0.26474
47.6692 4.26586 -23.1987 0.477044 0.838445 -0.26351
47.2778 4.56218 -22.9677 0.480382 0.836862 -0.262478
46.8438 4.9017 -22.685 0.483428 0.835546 -0.261073
46.4493 5.20686 -22.4447 0.487563 0.833682 -0.259341
46.0276 5.53101 -22.2022 0.487937 0.832894 -0.261155
45.6552 5.8118 -21.9982 0.489445 0.834562 -0.252882
45.2943 6.08845 -21.7893 0.493423 0.833004 -0.250276
44.9303 6.36885 -21.5732 0.49275 0.832542 -0.253108
44.5501 6.66101 -21.3539 0.495616 0.832764 -0.246714
44.1736 6.94866 -21.1382 0.496462 0.8324 -0.246242
43.8032 7.23663 -20.9131 0.498588 0.831609 -0.244611
43.4313 7.52345 -20.7003 0.501733 0.829663 -0.24479
43.077 7.80408 -20.4765 0.503441 0.829353 -0.242322
42.6697 8.11689 -20.2559 0.505718 0.828279 -0.241254
42.2863 8.41195 -20.0474 0.507117 0.828386 -0.237926
41.8963 8.72138 -19.8026 0.512692 0.826842 -0.231255
41.4654 9.05774 -19.5518 0.513395 0.827388 -0.227715
41.0352 9.38576 -19.3309 0.514788 0.827414 -0.224452
40.5289 9.76674 -19.0891 0.515077 0.827101 -0.224944
40.0478 10.1364 -18.8351 0.516624 0.826027 -0.225343
39.5923 10.5015 -18.5487 0.520145 0.824018 -0.224591
39.1656 10.8414 -18.2971 0.523921 0.82211 -0.222805
38.7505 11.1779 -18.0478 0.530043 0.818601 -0.221238
38.2906 11.5364 -17.8143 0.524845 0.821587 -0.222553
37.8981 11.8474 -17.583 0.518625 0.826583 -0.218606
37.5155 12.1558 -17.3194 0.520149 0.827743 -0.210445
37.0923 12.4862 -17.0661 0.522139 0.826745 -0.209424
36.6831 12.8076 -16.8245 0.528199 0.82397 -0.205125
36.2799 13.123 -16.6014 0.532215 0.821333 -0.205314
35.8065 13.4916 -16.3538 0.532854 0.821514 -0.202931
35.4385 13.7846 -16.1217 0.537385 0.823539 -0.181657
35.0905 14.0595 -15.8892 0.529831 0.828163 -0.182828
34.6091 14.4326 -15.5935 0.530795 0.828644 -0.177779
34.1452 14.7809 -15.3666 0.538725 0.823043 -0.179825
33.7004 15.1221 -15.1478 0.537606 0.824221 -0.177875
33.2332 15.4842 -14.8845 0.538632 0.824403 -0.173818
32.8407 15.7857 -14.6603 0.535421 0.826632 -0.173218
32.4452 16.0932 -14.4252 0.534327 0.827081 -0.174384
32.076 16.3769 -14.2106 0.540783 0.822967 -0.174008
31.6882 16.6774 -13.9872 0.53727 0.826453 -0.168209
31.2906 16.9805 -13.765 0.54133 0.825083 -0.161862
30.8899 17.284 -13.5617 0.545881 0.822073 -0.161893
30.5129 17.5733 -13.3559 0.543592 0.824449 -0.15745
30.0821 17.9144 -13.054 0.5429 0.825148 -0.156177
29.6016 18.2895 -12.747 0.54285 0.82522 -0.155959
29.1867 18.6035 -12.5203 0.540022 0.827513 -0.153609
28.772 18.9162 -12.2999 0.541833 0.826934 -0.150312
28.3773 19.2129 -12.0794 0.539911 0.828043 -0.151126
27.9847 19.5111 -11.8409 0.540147 0.828533 -0.147558
27.5711 19.8265 -11.5765 0.537006 0.831261 -0.143601
27.0914 20.1884 -11.2723 0.538501 0.830841 -0.140425
26.6697 20.5002 -11.0356 0.537553 0.831542 -0.139892
26.1748 20.8604 -10.7923 0.540655 0.830838 -0.131861
25.7537 21.171 -10.5488 0.538845 0.83309 -0.124927
25.3488 21.4686 -10.3046 0.540125 0.833253 -0.118134
24.8225 21.8537 -9.9924 0.540064 0.833253 -0.118403
24.4475 22.1273 -9.78237 0.541227 0.832483 -0.118506
24.0694 22.4026 -9.58022 0.542784 0.831576 -0.117752
23.6433 22.7087 -9.38032 0.541933 0.832034 -0.11844
23.2732 22.9811 -9.15888 0.54209 0.832182 -0.116666
22.8649 23.2819 -8.90903 0.542636 0.832024 -0.115243
22.5002 23.55 -8.68613 0.541398 0.833258 -0.112112
22.1144 23.8308 -8.4712 0.544902 0.831442 -0.108546
21.6028 24.1981 -8.19768 0.54465 0.832184 -0.10405
21.2136 24.4774 -7.98459 0.546319 0.832083 -0.0957789
20.824 24.7577 -7.76454 0.547331 0.83173 -0.0929759
20.4504 25.0274 -7.55083 0.546898 0.832592 -0.0877072
20.0129 25.3383 -7.31072 0.545126 0.834026 -0.0850728
19.5505 25.6618 -7.09544 0.546396 0.833973 -0.0770809
19.1065 25.9695 -6.92527 0.550209 0.831483 -0.0768465
18.6069 26.3134 -6.77561 0.549926 0.831893 -0.0744059
18.0824 26.6685 -6.68028 0.550396 0.831793 -0.0719992
17.5978 26.9953 -6.58748 0.547614 0.833383 -0.0747734
17.1662 27.2834 -6.56339 0.549187 0.832471 -0.0733529
16.6732 27.6096 -6.54989 0.548624 0.832359 -0.078679
16.2511 27.884 -6.56738 0.54516 0.834692 -0.0780326
15.8047 28.1741 -6.59455 0.54655 0.833438 -0.0816414
15.3736 28.4461 -6.66268 0.541485 0.836227 -0.0866724
14.9468 28.7119 -6.73684 0.53715 0.838573 -0.0909161
14.4771 28.9975 -6.86575 0.531774 0.841808 -0.0926089
13.9349 29.3148 -7.07384 0.530711 0.84179 -0.0986737
13.4417 29.5915 -7.30156 0.522232 0.84524 -0.113331
12.9911 29.832 -7.56551 0.517255 0.847548 -0.118787
12.599 30.0298 -7.80839 0.502481 0.854166 -0.133709
12.1188 30.255 -8.13495 0.492492 0.856455 -0.154711
11.7434 30.4137 -8.42618 0.479125 0.862408 -0.163378
11.3446 30.564 -8.7364 0.453445 0.866579 -0.208347
10.9843 30.6653 -9.0776 0.439131 0.870137 -0.223665
10.6139 30.763 -9.41246 0.432735 0.866981 -0.246967
10.2277 30.8401 -9.77706 0.417683 0.8684 -0.26725
9.83607 30.8925 -10.1558 0.392733 0.861863 -0.320705
9.43646 30.9328 -10.5143 0.377199 0.860401 -0.342639
9.06142 30.9553 -10.8521 0.35886 0.862954 -0.355711
8.6268 30.9696 -11.2108 0.332572 0.860652 -0.385584
8.20114 30.9716 -11.5295 0.292947 0.862893 -0.411814
7.67107 30.9734 -11.8909 0.277376 0.861521 -0.425258
7.1781 30.9956 -12.1606 0.269106 0.862893 -0.427783
6.7381 30.9922 -12.4198 0.239134 0.865237 -0.440608
6.29152 30.9899 -12.6593 0.226646 0.864278 -0.44898
5.83763 30.9939 -12.8713 0.209818 0.865407 -0.454921
5.18941 30.9744 -13.1739 0.171891 0.868794 -0.464379
4.70421 30.9589 -13.3742 0.151072 0.869026 -0.471074
4.19111 30.9338 -13.5499 0.0961002 0.866171 -0.490095
3.64661 30.8943 -13.6987 0.0676117 0.859489 -0.506625
3.09142 30.8393 -13.8427 0.0333284 0.856442 -0.514993
2.61036 30.7604 -13.9881 0.00667192 0.850437 -0.525908
2.09324 30.6503 -14.1501 -0.0312043 0.847709 -0.529543
1.52887 30.499 -14.3468 -0.0607621 0.849164 -0.524622
1.08496 30.343 -14.5367 -0.0840968 0.842866 -0.531467
0.50191 30.0899 -14.8262 -0.106376 0.840473 -0.531309
0.0802477 29.889 -15.0476 -0.123989 0.839844 -0.528456
-0.370816 29.624 -15.3495 -0.141041 0.83741 -0.528053
-0.758446 29.3988 -15.5961 -0.15209 0.83212 -0.533334
-1.2442 29.069 -15.97 -0.165604 0.835243 -0.524351
-1.55283 28.7907 -16.3099 -0.178532 0.83226 -0.524846
-1.86056 28.487 -16.689 -0.18279 0.831658 -0.524317
-2.20666 28.1314 -17.1296 -0.186844 0.831421 -0.523286
-2.44954 27.8536 -17.4846 -0.191626 0.83083 -0.522492
-2.73214 27.4808 -17.9747 -0.194472 0.831359 -0.520596
-2.98121 27.1215 -18.4539 -0.201764 0.831989 -0.516803
-3.20232 26.7563 -18.9529 -0.202365 0.831013 -0.518134
-3.39476 26.3652 -19.5063 -0.20064 0.831004 -0.518822
-3.50149 26.0735 -19.9331 -0.20507 0.831808 -0.515793
-3.58307 25.7627 -20.4011 -0.202211 0.83124 -0.517833
-3.63368 25.4775 -20.8388 -0.20193 0.83083 -0.5186
-3.6777 25.1971 -21.2698 -0.200223 0.829329 -0.521655
-3.70886 24.8702 -21.777 -0.198249 0.828225 -0.524149
-3.72455 24.5498 -22.282 -0.192916 0.830002 -0.523319
-3.73258 24.2104 -22.8198 -0.186876 0.833046 -0.520683
-3.73786 23.9087 -23.2984 -0.181549 0.832877 -0.522835
-3.74765 23.5498 -23.8696 -0.179641 0.8345 -0.520895
-3.73253 23.2868 -24.2969 -0.175274 0.834813 -0.521883
-3.73377 23.0087 -24.7431 -0.174235 0.836266 -0.519902
-3.72574 22.7408 -25.1711 -0.170483 0.834232 -0.524391
-3.73362 22.3957 -25.7137 -0.161154 0.833186 -0.528985
-3.76119 22.0964 -26.1767 -0.157987 0.834544 -0.527804
-3.774 21.8005 -26.6427 -0.155947 0.836768 -0.524881
-3.77337 21.4937 -27.133 -0.154797 0.838041 -0.523185
-3.7544 21.1701 -27.6575 -0.151771 0.838987 -0.522556
-3.75282 20.8959 -28.0982 -0.14908 0.839694 -0.522192
-3.74184 20.6148 -28.5535 -0.145321 0.84077 -0.521517
-3.72646 20.3356 -29.0111 -0.138269 0.841892 -0.521626
-3.72291 20.0468 -29.4779 -0.135478 0.843267 -0.520137
-3.72912 19.767 -29.93 -0.132739 0.842654 -0.521838
-3.7335 19.4671 -30.4102 -0.130663 0.84217 -0.523133
-3.73367 19.1701 -30.8865 -0.126231 0.840942 -0.526196
-3.72996 18.8724 -31.3615 -0.124693 0.840915 -0.526604
-3.72375 18.6003 -31.7961 -0.120058 0.840362 -0.528558
-3.71428 18.3197 -32.2446 -0.117297 0.840247 -0.529363
-3.70889 18.0163 -32.7275 -0.114226 0.84097 -0.528887
-3.72364 17.7355 -33.1681 -0.106567 0.8387 -0.534066
-3.73468 17.4315 -33.6451 -0.105209 0.839106 -0.533691
-3.74558 17.1362 -34.1049 -0.104308 0.837232 -0.536807
-3.76798 16.7921 -34.6361 -0.103776 0.836847 -0.537511
-3.74918 16.4483 -35.1737 -0.102859 0.835908 -0.539145
-3.73911 16.1253 -35.6773 -0.102676 0.836636 -0.53805
-3.73541 15.8433 -36.1166 -0.102875 0.836971 -0.537491
-3.73253 15.5343 -36.5977 -0.102382 0.836207 -0.538773
-3.74492 15.2252 -37.0731 -0.101719 0.834149 -0.542078
-3.7614 14.9438 -37.5037 -0.0949497 0.83445 -0.542843
-3.75438 14.6444 -37.9641 -0.0938559 0.832808 -0.545544
-3.74808 14.2987 -38.4905 -0.0915244 0.832095 -0.547029
-3.72262 13.9578 -39.0154 -0.089141 0.834406 -0.543895
-3.72054 13.5836 -39.5893 -0.0867788 0.834984 -0.543388
-3.73209 13.2702 -40.0694 -0.0865222 0.835131 -0.543204
-3.73492 12.9459 -40.5675 -0.0864961 0.83525 -0.543024
-3.71504 12.6717 -40.9926 -0.0866353 0.835554 -0.542534
-3.71349 12.3605 -41.4724 -0.085764 0.835664 -0.542504
-3.7055 12.0399 -41.9669 -0.0851301 0.835241 -0.543254
-3.69524 11.7454 -42.4213 -0.0819128 0.835464 -0.543406
-3.69393 11.4593 -42.8585 -0.0798752 0.831929 -0.549103
-3.69918 11.1306 -43.3547 -0.0772577 0.831341 -0.550367
-3.69918 10.8051 -43.848 -0.0728629 0.833429 -0.547801
-3.71402 10.5263 -44.2715 -0.0687952 0.836452 -0.543706
-3.73673 10.1751 -44.8071 -0.067916 0.834432 -0.54691
-3.77665 9.81438 -45.3505 -0.0657342 0.832292 -0.550426
-3.79493 9.52602 -45.7852 -0.065701 0.833269 -0.548951
-3.81673 9.25046 -46.2025 -0.0626028 0.834642 -0.547223
-3.78376 8.94454 -46.6741 -0.0609881 0.834916 -0.546987
-3.73745 8.56943 -47.2513 -0.060342 0.834348 -0.547925
-3.71716 8.27113 -47.7079 -0.0602354 0.834464 -0.54776
-3.72103 7.96482 -48.1748 -0.0591771 0.835387 -0.546467
-3.73258 7.6858 -48.5989 -0.0537024 0.834725 -0.54804
-3.74555 7.36647 -49.0847 -0.0524836 0.83239 -0.551687
-3.75814 7.02337 -49.599 -0.0491998 0.831198 -0.553795
-3.75078 6.74231 -50.0251 -0.0440092 0.833065 -0.551421
-3.73964 6.42072 -50.5129 -0.0410668 0.83444 -0.549563
-3.73374 6.11793 -50.9753 -0.0382022 0.835946 -0.547479
-3.74756 5.72398 -51.5761 -0.0374065 0.835696 -0.547917
-3.73696 5.42974 -52.0256 -0.035516 0.83525 -0.548722
-3.74133 5.11532 -52.5029 -0.0338047 0.834752 -0.549588
-3.74649 4.83654 -52.9262 -0.0314964 0.835695 -0.548284
-3.73085 4.47522 -53.4844 -0.0259075 0.839703 -0.542426
-3.70526 4.1483 -53.9913 -0.0225674 0.839426 -0.543004
-3.73214 3.87041 -54.418 -0.0220796 0.837785 -0.545553
-3.76997 3.51296 -54.9632 -0.021533 0.836615 -0.547367
-3.7876 3.19277 -55.4518 -0.0203765 0.836222 -0.548013
-3.79777 2.81762 -56.0231 -0.0204204 0.835123 -0.549683
-3.7863 2.53701 -56.4504 -0.0174315 0.835918 -0.548577
-3.79387 2.25342 -56.8805 -0.0143682 0.833053 -0.552988
-4.11835 2.06593 -57.1594 -0.00946123 0.838535 -0.544748
-4.62313 2.05004 -57.1765 -0.0139034 0.841218 -0.540518
-5.23188 2.04047 -57.177 -0.0126393 0.84374 -0.536603
-5.75767 2.03985 -57.1657 -0.0133269 0.844028 -0.536133
-6.35768 2.03665 -57.1539 -0.0169266 0.844321 -0.53557
-6.8911 2.01976 -57.163 -0.0199465 0.845266 -0.533973
-7.44401 2.00375 -57.167 -0.0217072 0.845268 -0.533901
-7.96607 2.00108 -57.1498 -0.0223643 0.846061 -0.532617
-8.53923 2.01714 -57.0984 -0.0274827 0.847321 -0.530354
-9.18262 2.021 -57.0541 -0.0317401 0.846966 -0.530698
-9.70964 2.01565 -57.0155 -0.053793 0.850564 -0.52311
-10.2559 2.00421 -56.9774 -0.0543824 0.850704 -0.522824
-10.8151 1.98531 -56.9481 -0.0580832 0.850976 -0.521983
-11.3383 1.97118 -56.9135 -0.0567589 0.851252 -0.521678
-11.9436 1.95438 -56.8703 -0.0642347 0.854488 -0.515472
-12.6118 1.94792 -56.7899 -0.0694104 0.855958 -0.512366
-13.1764 1.9589 -56.6846 -0.0815262 0.858253 -0.506711
-13.8655 1.94929 -56.5881 -0.0839163 0.858204 -0.506403
-14.4591 1.94532 -56.4902 -0.0965324 0.855227 -0.509184
-15.0452 1.9496 -56.3713 -0.0987376 0.853835 -0.511093
-15.6784 1.96282 -56.2257 -0.0986752 0.854072 -0.510708
-16.1781 1.96213 -56.1304 -0.100766 0.853562 -0.511153
-16.7292 1.9649 -56.0106 -0.111958 0.850128 -0.514534
-17.2752 1.96954 -55.8798 -0.122964 0.845928 -0.518928
-17.8061 1.9713 -55.7356 -0.137907 0.851282 -0.506248
-18.3194 1.97512 -55.5843 -0.148156 0.84979 -0.505871
-18.8008 1.97809 -55.4371 -0.149411 0.849959 -0.505218
-19.2955 1.96948 -55.3024 -0.153524 0.853967 -0.497152
-19.8455 1.95114 -55.1564 -0.164018 0.854237 -0.493332
-20.5026 1.93375 -54.9658 -0.167709 0.85464 -0.491388
-21.0245 1.92644 -54.7988 -0.170076 0.854952 -0.490031
-21.6141 1.93324 -54.5816 -0.172377 0.854397 -0.490196
-22.1155 1.95067 -54.3743 -0.17337 0.85435 -0.489927
-22.7037 1.96441 -54.1378 -0.178287 0.85407 -0.488649
-23.1928 1.96739 -53.9515 -0.181523 0.852642 -0.489949
-23.8279 1.97063 -53.7044 -0.189182 0.853139 -0.486173
-24.3152 1.97386 -53.5073 -0.19284 0.85134 -0.487885
-24.7846 1.97368 -53.3201 -0.201393 0.852122 -0.482998
-25.3467 1.96506 -53.0933 -0.206577 0.852555 -0.480061
-25.8339 1.96699 -52.8762 -0.211445 0.85459 -0.474307
-26.3277 1.95918 -52.6665 -0.218514 0.856017 -0.468494
-26.9858 1.94614 -52.373 -0.228147 0.855506 -0.464821
-27.5733 1.95406 -52.0542 -0.241804 0.854897 -0.459001
-28.0619 1.96532 -51.771 -0.250137 0.856095 -0.452244
-28.5187 1.96994 -51.5053 -0.25706 0.855213 -0.450024
-29.0452 1.96578 -51.2094 -0.263362 0.853895 -0.448882
-29.6435 1.96296 -50.8645 -0.262923 0.852051 -0.452637
-30.1548 1.96212 -50.5637 -0.266759 0.852856 -0.448862
-30.5938 1.97003 -50.2868 -0.270016 0.853782 -0.445138
-31.11 1.96121 -49.9823 -0.279576 0.853563 -0.439622
-31.6166 1.94162 -49.6924 -0.286291 0.853399 -0.435597
-32.1268 1.92249 -49.392 -0.28815 0.853384 -0.434402
-32.5506 1.93851 -49.0778 -0.291595 0.851943 -0.434931
-32.9785 1.95346 -48.7572 -0.295312 0.852201 -0.431909
-33.5286 1.95162 -48.3787 -0.299823 0.851342 -0.430489
-33.9603 1.94764 -48.0856 -0.301096 0.850358 -0.431546
-34.4402 1.94861 -47.749 -0.30464 0.849063 -0.431597
-34.8773 1.95442 -47.426 -0.310247 0.847656 -0.430368
-35.2886 1.95546 -47.1228 -0.315746 0.847654 -0.426357
-35.7619 1.97292 -46.7333 -0.321404 0.846037 -0.425348
-36.2699 1.98197 -46.3297 -0.325263 0.845008 -0.42446
-36.8445 1.97164 -45.906 -0.327995 0.846767 -0.418803
-37.3728 1.96761 -45.495 -0.333324 0.845673 -0.416812
-37.9136 1.96235 -45.0628 -0.341429 0.847552 -0.406278
-38.3532 1.955 -44.7023 -0.351907 0.84526 -0.402116
-38.8171 1.95313 -44.2988 -0.354474 0.844486 -0.401488
-39.303 1.95727 -43.8496 -0.362841 0.844166 -0.394626
-39.7346 1.97002 -43.4125 -0.368827 0.848226 -0.380059
-40.2013 1.98894 -42.9023 -0.374281 0.849572 -0.371674
-40.5939 1.99972 -42.4788 -0.376262 0.851349 -0.365557
-40.9882 1.97729 -42.1132 -0.382142 0.854032 -0.352981
-41.3935 1.96251 -41.7072 -0.383407 0.85506 -0.3491
-41.7847 1.96133 -41.278 -0.384344 0.855535 -0.3469
-42.2062 1.96231 -40.8054 -0.387244 0.855685 -0.343285
-42.5589 1.95957 -40.4137 -0.388387 0.855367 -0.342787
-42.969 1.95372 -39.9547 -0.39557 0.854604 -0.336418
-43.3318 1.96227 -39.4902 -0.40566 0.853516 -0.327033
-43.6874 1.96684 -39.0339 -0.412018 0.85103 -0.32556
-44.0568 1.96497 -38.5652 -0.416222 0.850238 -0.322264
-44.4606 1.97296 -38.0218 -0.417498 0.849729 -0.321956
-44.7449 1.98898 -37.6037 -0.421582 0.850295 -0.315052
-45.0661 1.9891 -37.1673 -0.426616 0.850507 -0.307629
-45.4189 1.9875 -36.6773 -0.430121 0.850697 -0.302175
-45.7059 1.99432 -36.245 -0.431513 0.851885 -0.296798
-46.0493 2.00614 -35.7128 -0.432953 0.851989 -0.29437
-46.3844 2.00541 -35.2166 -0.434369 0.851338 -0.294181
-46.6841 2.00899 -34.7581 -0.438601 0.850447 -0.290463
-47.0158 2.01021 -34.2465 -0.443241 0.849234 -0.286947
-47.3091 2.01445 -33.771 -0.452332 0.846296 -0.281383
-47.6163 2.03452 -33.2155 -0.462399 0.840805 -0.281466
-47.8943 2.05999 -32.6752 -0.467403 0.83945 -0.277233
-48.015 2.15413 -32.1911 -0.470041 0.836957 -0.280294
-47.632 2.46116 -31.9137 -0.467518 0.838883 -0.278745
-47.2088 2.785 -31.6407 -0.460801 0.843262 -0.276686
-46.8363 3.07279 -31.3888 -0.462782 0.840777 -0.280933
-46.4646 3.3519 -31.1623 -0.46011 0.840773 -0.285303
-46.0058 3.69014 -30.9024 -0.453857 0.842891 -0.289048
-45.6168 3.97108 -30.6898 -0.449508 0.845827 -0.287262
-45.2052 4.26774 -30.4622 -0.448987 0.844933 -0.290685
-44.8001 4.55689 -30.2496 -0.449481 0.843429 -0.29427
-44.4292 4.83628 -30.0174 -0.448642 0.842373 -0.298543
-43.9121 5.22719 -29.6926 -0.445206 0.842635 -0.302916
-43.5498 5.49746 -29.4727 -0.442761 0.8435 -0.304088
-43.1321 5.79619 -29.2514 -0.441539 0.844081 -0.304254
-42.6522 6.13821 -28.9986 -0.441359 0.844298 -0.303912
-42.51 6.24398 -28.9116 -0.441749 0.844011 -0.304143
-6.8754 34.7271 -4.27237 -0.572964 0.73567 -0.36125
-6.47869 34.7352 -4.79933 -0.526723 0.743727 -0.411623
-6.0808 34.7767 -5.20047 -0.491691 0.750482 -0.441579
-5.64609 34.8089 -5.59077 -0.46661 0.739497 -0.484942
-5.15696 34.8362 -5.98167 -0.428671 0.740895 -0.517025
-4.7617 34.8227 -6.29479 -0.381253 0.743147 -0.549883
-4.23795 34.8225 -6.65112 -0.365453 0.743959 -0.559437
-3.79924 34.8103 -6.94938 -0.359752 0.741562 -0.566272
-3.37747 34.7989 -7.21898 -0.340803 0.738409 -0.581861
-2.90539 34.7784 -7.49244 -0.282778 0.733296 -0.618218
-2.36871 34.7684 -7.73388 -0.250965 0.729846 -0.635878
-1.88091 34.7552 -7.92571 -0.218859 0.734868 -0.641927
-1.26803 34.7545 -8.1149 -0.190767 0.735693 -0.649895
-0.761619 34.766 -8.2364 -0.159959 0.732901 -0.661205
-0.179076 34.7629 -8.35383 -0.0914606 0.733863 -0.673112
0.334328 34.7652 -8.41182 -0.0593177 0.74946 -0.659387
1.00894 34.8196 -8.37623 -0.00849363 0.749168 -0.662316
1.63839 34.8782 -8.26227 0.0706559 0.756528 -0.650133
2.14477 34.9234 -8.11827 0.142188 0.769764 -0.621901
2.62652 34.9639 -7.94276 0.164451 0.782964 -0.599687
3.10865 35.0086 -7.73884 0.198916 0.781014 -0.591623
3.74366 35.0403 -7.43751 0.265108 0.784658 -0.560383
4.26978 35.0551 -7.15853 0.265318 0.816883 -0.512161
4.68957 35.0235 -6.87682 0.399792 0.797398 -0.452021
5.2044 34.9745 -6.44143 0.447505 0.793999 -0.411361
5.70459 34.9166 -5.91816 0.514977 0.776586 -0.362922
6.09955 34.875 -5.41283 0.530178 0.786597 -0.316507
6.41579 34.86 -4.86748 0.573343 0.766216 -0.290156
6.66714 34.8421 -4.33632 0.599357 0.756027 -0.262322
6.87641 34.8467 -3.76932 0.61479 0.757514 -0.219108
7.01986 34.8556 -3.27817 0.635574 0.746827 -0.195649
7.17375 34.8509 -2.71754 0.661163 0.736699 -0.141119
7.28922 34.837 -2.19548 0.670469 0.73169 -0.122885
7.3972 34.8111 -1.66152 0.687091 0.721971 -0.0815198
7.488 34.7752 -1.16958 0.688606 0.722711 -0.0592561
7.56711 34.7303 -0.544555 0.689716 0.723401 -0.0290107
7.58737 34.7092 -0.0401109 0.679374 0.733719 0.0103511
7.53133 34.7222 0.608893 0.669486 0.740124 0.0632868
7.4131 34.7685 1.18354 0.679183 0.728693 0.0878405
7.26711 34.8144 1.68202 0.650406 0.745958 0.142496
7.08209 34.8631 2.21341 0.646032 0.744202 0.169723
6.89524 34.9057 2.68951 0.640334 0.74144 0.200441
6.64418 34.9584 3.23221 0.616301 0.750459 0.238254
6.41296 34.9805 3.70157 0.588921 0.756215 0.28515
6.17745 34.9956 4.149 0.56925 0.772664 0.280971
5.92368 35.0031 4.58383 0.54521 0.767238 0.337675
5.60344 35.0071 5.0471 0.50714 0.760079 0.404157
5.2698 34.9939 5.4344 0.441788 0.769067 0.461564
4.85813 34.9797 5.84041 0.429393 0.778764 0.457327
4.46957 34.9616 6.15849 0.346039 0.783119 0.516702
4.0398 34.9497 6.47156 0.273279 0.776077 0.568328
3.54756 34.9172 6.74398 0.235396 0.775602 0.585687
2.99626 34.8926 6.99122 0.214563 0.760756 0.612547
2.45829 34.8757 7.18019 0.161783 0.769454 0.617873
1.85818 34.8781 7.32441 0.150629 0.761913 0.62992
1.35348 34.8798 7.41866 0.0971953 0.744363 0.660378
0.847281 34.8626 7.49678 0.0464388 0.733867 0.676949
0.159935 34.8269 7.54163 -0.0128321 0.72538 0.68823
-0.340244 34.7999 7.54638 -0.0540615 0.724776 0.68686
-0.868488 34.7693 7.51378 -0.11263 0.713519 0.691524
-1.37884 34.7663 7.42724 -0.144177 0.705593 0.693426
-1.96496 34.7908 7.24201 -0.224707 0.70922 0.668217
-2.52301 34.8261 7.00393 -0.26742 0.702045 0.659524
-3.0695 34.8706 6.70118 -0.324708 0.707091 0.627865
-3.57528 34.894 6.39264 -0.349931 0.714503 0.605833
-3.99263 34.9048 6.11378 -0.397536 0.711805 0.579049
-4.41114 34.9103 5.80547 -0.420721 0.713263 0.56058
-4.9231 34.9076 5.40975 -0.428846 0.732166 0.529174
-5.32591 34.9056 5.0773 -0.444894 0.730576 0.518004
-5.71687 34.8884 4.75665 -0.461401 0.726954 0.508569
-6.18056 34.8637 4.35394 -0.492003 0.717629 0.49263
-6.62287 34.8344 3.9212 -0.538985 0.723099 0.431999
-6.99939 34.8138 3.47162 -0.561645 0.719283 0.408885
-7.29129 34.8031 3.05244 -0.585525 0.72617 0.36033
-7.57173 34.78 2.54808 -0.621686 0.732712 0.276719
-7.77231 34.7825 2.08408 -0.629395 0.739065 0.239167
-7.96943 34.7971 1.38681 -0.621866 0.770998 0.137277
-8.04987 34.8142 0.874979 -0.664183 0.739847 0.107177
-8.0779 34.8368 0.365993 -0.647926 0.760969 0.0334444
-8.04636 34.8641 -0.154051 -0.63211 0.774366 -0.0281844
-7.97445 34.8797 -0.719481 -0.624629 0.776752 -0.0805861
-7.89676 34.8754 -1.25889 -0.614823 0.781144 -0.10866
-7.79987 34.8641 -1.78584 -0.612548 0.77652 -0.147654
-7.67978 34.8423 -2.29961 -0.598858 0.777403 -0.192391
-7.53463 34.8079 -2.80861 -0.609009 0.759633 -0.228179
-7.37132 34.7664 -3.28746 -0.603188 0.743601 -0.288153
-7.07806 34.7318 -3.92548 -0.582543 0.739027 -0.338353
-6.89723 34.7271 -4.23781 -0.572963 0.735673 -0.361245
-6.47016 30.082 11.2363 -0.279962 0.807292 0.519519
-6.42768 30.0844 11.2555 -0.278166 0.807437 0.520257
-10.7538 24.2606 18.59 -0.275725 0.840915 0.465659
-11.0946 23.9939 18.8718 -0.277602 0.841743 0.463026
-11.4587 23.7389 19.1168 -0.276884 0.84301 0.461161
-11.8978 23.4382 19.4027 -0.279084 0.844447 0.457184
-12.3098 23.1538 19.6748 -0.281057 0.842642 0.459305
-12.7921 22.8176 19.9919 -0.289686 0.838622 0.461291
-13.2036 22.5489 20.219 -0.291346 0.8371 0.463014
-13.581 22.293 20.4407 -0.298054 0.836039 0.460654
-13.9691 22.0177 20.6912 -0.300193 0.837411 0.456758
-14.4204 21.7092 20.9631 -0.298245 0.839166 0.454807
-14.826 21.4335 21.2053 -0.302021 0.839847 0.451042
-15.3143 21.0945 21.5099 -0.302882 0.840898 0.4485
-15.7132 20.8179 21.7589 -0.303322 0.841154 0.447723
-16.0929 20.5528 21.9999 -0.3037 0.841299 0.447193
-16.544 20.2563 22.2529 -0.302134 0.842173 0.44661
-16.9263 20.0088 22.4605 -0.305844 0.84127 0.445779
-17.3745 19.7177 22.7051 -0.304287 0.843358 0.442896
-17.802 19.431 22.9531 -0.312409 0.841862 0.440078
-18.2476 19.1375 23.1991 -0.31354 0.843402 0.436304
-18.735 18.7979 23.5053 -0.317349 0.845822 0.428807
-19.1674 18.5121 23.7495 -0.323693 0.847206 0.421266
-19.5684 18.2401 23.9879 -0.325006 0.846651 0.42137
-20.0041 17.941 24.2534 -0.325626 0.847952 0.418259
-20.4634 17.6369 24.5115 -0.327676 0.847793 0.416984
-20.9421 17.3282 24.7633 -0.328721 0.847014 0.41774
-21.3421 17.0561 24.9978 -0.330849 0.845715 0.418694
-21.8521 16.7062 25.298 -0.334489 0.842415 0.422439
-22.2282 16.4444 25.5213 -0.336007 0.842863 0.420334
-22.7236 16.0742 25.8563 -0.349376 0.838397 0.418363
-23.114 15.7966 26.0935 -0.352326 0.839704 0.413234
-23.5154 15.5096 26.3335 -0.351697 0.84006 0.413047
-23.9454 15.1983 26.6002 -0.351814 0.840676 0.411693
-24.313 14.9377 26.8182 -0.35277 0.841586 0.409005
-24.704 14.6708 27.0289 -0.353705 0.840812 0.409789
-25.1097 14.3982 27.2403 -0.353751 0.841938 0.407432
-25.5952 14.0516 27.5372 -0.352932 0.8435 0.404903
-26.0002 13.7831 27.7444 -0.354946 0.845797 0.398297
-26.4921 13.4361 28.0462 -0.355275 0.84684 0.39577
-26.8771 13.1682 28.2769 -0.352823 0.848061 0.395357
-27.2574 12.8996 28.512 -0.35093 0.850697 0.391327
-27.6767 12.615 28.7476 -0.355588 0.84564 0.398059
-28.1486 12.2927 29.0102 -0.362073 0.84604 0.391304
-28.536 12.0155 29.249 -0.371372 0.844409 0.386079
-28.9707 11.7077 29.5059 -0.372329 0.846556 0.380412
-29.4234 11.4043 29.7378 -0.374498 0.846469 0.378471
-29.8345 11.1207 29.9692 -0.371387 0.848643 0.376667
-30.2142 10.8518 30.2002 -0.371716 0.8466 0.38091
-30.6458 10.5506 30.4496 -0.370216 0.846777 0.381981
-31.0362 10.2765 30.6737 -0.375741 0.842485 0.386053
-31.4212 10.0076 30.8844 -0.377359 0.840936 0.387849
-31.925 9.65232 31.1667 -0.376552 0.84341 0.383233
-32.3093 9.38048 31.3873 -0.374202 0.846743 0.378153
-32.7029 9.09963 31.6289 -0.372877 0.848694 0.375076
-33.0908 8.82898 31.8563 -0.37315 0.849044 0.374009
-33.525 8.52517 32.111 -0.374839 0.84781 0.375117
-34.0017 8.19737 32.3748 -0.375725 0.847796 0.374262
-34.3862 7.93561 32.5824 -0.375387 0.849131 0.37156
-34.7644 7.67685 32.7955 -0.370812 0.853734 0.365546
-35.146 7.41981 33.0104 -0.371819 0.85552 0.360307
-35.5465 7.16235 33.2133 -0.370292 0.857659 0.356798
-35.97 6.89091 33.4238 -0.372407 0.856496 0.35739
-36.4581 6.56677 33.6897 -0.375722 0.855149 0.357145
-36.8377 6.30459 33.9174 -0.381751 0.852911 0.356094
-37.213 6.03834 34.1536 -0.381091 0.855026 0.351712
-37.4997 5.78182 34.4593 -0.38961 0.851017 0.352099
-37.193 5.72542 34.9314 -0.378821 0.856469 0.350649
-36.8505 5.72722 35.2964 -0.374685 0.858404 0.350362
-36.5144 5.72197 35.6674 -0.373091 0.859308 0.349841
-36.038 5.71939 36.1834 -0.371734 0.860545 0.348247
-35.6954 5.71071 36.5675 -0.3703 0.86049 0.349905
-35.3441 5.6933 36.9679 -0.35343 0.862643 0.361848
-34.9561 5.67163 37.3937 -0.349432 0.860587 0.370524
-34.5312 5.6664 37.804 -0.347804 0.860503 0.372246
-34.0949 5.67313 38.1961 -0.347659 0.860531 0.372316
-33.6307 5.67354 38.6285 -0.347471 0.860624 0.372277
-33.1667 5.66835 39.0672 -0.340872 0.860007 0.379729
-32.6944 5.64573 39.5247 -0.326882 0.860812 0.390066
-32.3018 5.61855 39.8999 -0.31649 0.862348 0.395189
-31.9228 5.59753 40.2494 -0.316572 0.862452 0.394917
-31.5013 5.58348 40.6237 -0.314114 0.86497 0.391354
-31.1173 5.5714 40.9581 -0.311136 0.86844 0.386013
-30.7155 5.57015 41.2817 -0.306644 0.866811 0.393156
-30.2122 5.58121 41.6386 -0.293541 0.8701 0.395928
-29.7934 5.58336 41.9378 -0.286077 0.870635 0.400192
-29.3003 5.58376 42.2866 -0.283765 0.870589 0.401935
-28.8425 5.57959 42.6181 -0.284263 0.869752 0.403392
-28.3823 5.59283 42.9134 -0.285489 0.867918 0.406461
-27.9301 5.58885 43.2283 -0.274513 0.866332 0.41721
-27.3831 5.59585 43.5508 -0.253247 0.868356 0.426408
-26.7789 5.61381 43.8694 -0.250038 0.868493 0.428019
-26.3267 5.62133 44.1182 -0.249555 0.868553 0.428181
-25.8181 5.62052 44.4175 -0.251513 0.86768 0.428805
-25.3393 5.61629 44.7062 -0.251048 0.867171 0.430102
-24.814 5.61523 45.007 -0.238714 0.867523 0.436306
-24.3425 5.61754 45.2533 -0.234002 0.860751 0.451979
-23.8052 5.63515 45.4874 -0.223242 0.862489 0.454173
-23.2441 5.64163 45.7503 -0.225287 0.862296 0.453532
-22.7355 5.63062 46.0208 -0.219054 0.864801 0.451813
-22.1143 5.63172 46.3194 -0.215706 0.863538 0.455815
-21.6407 5.63208 46.5368 -0.201779 0.863049 0.463043
-21.1722 5.63302 46.7348 -0.193503 0.865347 0.462295
-20.6938 5.63814 46.9204 -0.185103 0.865246 0.465923
-20.2006 5.63904 47.1131 -0.186128 0.865026 0.465919
-19.5378 5.65553 47.3473 -0.182619 0.864638 0.468029
-18.9884 5.66122 47.549 -0.180162 0.863283 0.47147
-18.4334 5.66476 47.7494 -0.177026 0.856518 0.484807
-17.9533 5.66656 47.9199 -0.174101 0.856501 0.485897
-17.4662 5.67859 48.072 -0.172393 0.856062 0.487276
-16.9705 5.69925 48.2075 -0.165542 0.854818 0.491816
-16.4671 5.71654 48.3409 -0.154331 0.855658 0.493996
-15.9778 5.72985 48.464 -0.142071 0.854921 0.498924
-15.4718 5.7455 48.5792 -0.138144 0.855022 0.499853
-14.8707 5.75824 48.7233 -0.138254 0.853625 0.502203
-14.2031 5.77166 48.8836 -0.137174 0.854299 0.501355
-13.527 5.79251 49.0315 -0.135778 0.853338 0.503368
-12.9864 5.81172 49.1284 -0.117392 0.853312 0.508009
-12.4769 5.8287 49.2148 -0.103376 0.853872 0.510113
-11.9308 5.83279 49.3181 -0.102172 0.853365 0.511204
-11.2407 5.88324 49.3672 -0.0952244 0.852065 0.514694
-11.1264 6.17767 48.903 -0.096935 0.84997 0.517837
-11.1272 6.44428 48.4657 -0.107877 0.84755 0.519636
-11.137 6.78658 47.9064 -0.111184 0.84683 0.52011
-11.143 7.0895 47.4123 -0.115237 0.844721 0.522653
-11.1257 7.36066 46.9772 -0.112971 0.845513 0.521867
-11.0608 7.67391 46.4879 -0.118667 0.842028 0.526219
-11.0412 7.99662 45.9754 -0.11994 0.842405 0.525321
-11.0511 8.30551 45.4752 -0.123697 0.84445 0.521152
-11.0623 8.59183 45.0062 -0.124492 0.846404 0.517785
-11.0836 8.94102 44.4282 -0.122574 0.84913 0.513762
-11.107 9.20603 43.9843 -0.123971 0.848655 0.514214
-11.1408 9.46256 43.5545 -0.12821 0.847218 0.515538
-11.1541 9.72322 43.1222 -0.130125 0.847126 0.515214
-11.1252 10.0597 42.5774 -0.135458 0.846277 0.515233
-11.081 10.3953 42.0369 -0.130252 0.84764 0.514334
-11.0413 10.6705 41.593 -0.135702 0.846337 0.515071
-11.0486 10.9893 41.0658 -0.140885 0.8458 0.514562
-11.0453 11.2531 40.6329 -0.144938 0.846553 0.512192
-11.0454 11.5781 40.0907 -0.150996 0.848781 0.506725
-11.041 11.893 39.5645 -0.15115 0.848755 0.506723
-11.0477 12.155 39.1261 -0.154096 0.84641 0.509749
-11.0687 12.4714 38.5962 -0.15463 0.845368 0.511314
-11.0605 12.8055 38.0464 -0.156916 0.845338 0.510667
-11.0548 13.1487 37.4769 -0.157096 0.847452 0.507096
-11.0515 13.4156 37.0329 -0.157976 0.846717 0.508049
-11.0613 13.7149 36.533 -0.157791 0.844634 0.511561
-11.0626 14.0243 36.0236 -0.157143 0.841314 0.517198
-11.0612 14.2952 35.5861 -0.157766 0.839093 0.520606
-11.0617 14.6372 35.0316 -0.161494 0.840705 0.51685
-11.0647 14.9462 34.5265 -0.164581 0.841692 0.514264
-11.0695 15.2497 34.0271 -0.165478 0.841998 0.513475
-11.0584 15.5798 33.49 -0.165721 0.841415 0.514351
-11.0498 15.9173 32.9407 -0.167064 0.84138 0.513975
-11.0437 16.1932 32.4901 -0.177362 0.840804 0.511446
-11.0475 16.473 32.027 -0.181257 0.847937 0.498144
-11.0745 16.7647 31.5258 -0.186084 0.846105 0.499429
-11.0625 17.0836 30.9865 -0.190448 0.84415 0.501139
-11.0562 17.3579 30.526 -0.194047 0.843184 0.501385
-11.0378 17.7178 29.9285 -0.199848 0.842441 0.500353
-11.0221 18.0428 29.3861 -0.201394 0.843981 0.497128
-11.0049 18.3283 28.9064 -0.208986 0.844437 0.493204
-10.9711 18.6558 28.3588 -0.22109 0.841657 0.492629
-10.9664 18.9459 27.8711 -0.228117 0.840752 0.490994
-10.9729 19.2053 27.4288 -0.227628 0.833448 0.503439
-10.9803 19.4858 26.9529 -0.236537 0.839782 0.488689
-10.9679 19.7561 26.499 -0.21868 0.840862 0.495106
-10.9861 20.0962 25.8974 -0.22792 0.848392 0.477732
-10.9736 20.4044 25.3512 -0.223645 0.851329 0.474575
-10.9625 20.6535 24.9053 -0.232984 0.850096 0.472246
-10.9682 20.9287 24.4139 -0.24176 0.844275 0.47828
-10.9949 21.2077 23.9107 -0.243347 0.841027 0.483161
-10.9848 21.4972 23.4116 -0.247075 0.841699 0.480096
-10.9976 21.7554 22.9498 -0.248551 0.843385 0.476366
-10.998 22.038 22.4473 -0.253282 0.8443 0.472235
-10.9685 22.3145 21.9695 -0.255758 0.843243 0.472789
-10.9624 22.6046 21.4564 -0.262812 0.840937 0.473028
-10.9407 22.8565 21.0215 -0.263281 0.839938 0.474538
-10.8856 23.2053 20.43 -0.269619 0.842048 0.467164
-10.8377 23.5601 19.8118 -0.271096 0.843362 0.463948
-10.7787 23.8792 19.2667 -0.271955 0.842696 0.464654
-10.7284 24.1965 18.7208 -0.275029 0.841433 0.465133
-10.7188 24.2354 18.6563 -0.275725 0.840915 0.465659
21.6085 24.5989 0.0658606 0.541405 0.840515 0.020369
21.9089 24.4124 -0.225928 0.541317 0.8406 0.019198
22.4518 24.0687 -0.471901 0.540893 0.840857 0.0198685
22.8463 23.8169 -0.671797 0.541126 0.840877 0.0103728
23.2528 23.555 -0.869293 0.544282 0.838893 -0.00268485
23.7874 23.2101 -1.16325 0.536409 0.843862 -0.0127708
24.3292 22.8611 -1.45941 0.536531 0.843764 -0.0140339
24.7179 22.6121 -1.67843 0.533451 0.84562 -0.0188797
25.2041 22.299 -1.95805 0.534355 0.844989 -0.0214142
25.6796 21.9916 -2.23594 0.532756 0.84597 -0.0224967
26.0934 21.7271 -2.46843 0.525535 0.850471 -0.0226187
26.558 21.433 -2.71642 0.519071 0.853984 -0.0357321
27.0244 21.1379 -2.94422 0.526046 0.849808 -0.0329583
27.5411 20.8021 -3.19838 0.538312 0.841896 -0.0378232
27.9332 20.5396 -3.38043 0.547685 0.835366 -0.0469569
28.3726 20.2366 -3.62251 0.551069 0.833106 -0.0475
28.7503 19.9746 -3.83787 0.542345 0.838059 -0.0593139
29.1339 19.7119 -4.04335 0.540303 0.839161 -0.0622997
29.531 19.4387 -4.26269 0.545161 0.836101 -0.0611138
30.0382 19.0887 -4.56018 0.540428 0.83929 -0.0593905
30.4054 18.8363 -4.80023 0.542573 0.837281 -0.0676286
30.8944 18.4956 -5.10858 0.542237 0.837735 -0.0646472
31.262 18.24 -5.33388 0.545272 0.835804 -0.0641029
31.6557 17.9651 -5.56462 0.542655 0.837299 -0.0667577
32.0318 17.7035 -5.77986 0.546266 0.8348 -0.0685685
32.5496 17.3321 -6.10238 0.553061 0.829576 -0.0769859
32.958 17.0339 -6.36438 0.557413 0.826406 -0.0796213
33.3508 16.753 -6.59178 0.545507 0.834644 -0.0760506
33.7289 16.4848 -6.85165 0.530422 0.844512 -0.0732968
34.1065 16.2318 -7.07813 0.520116 0.85083 -0.0746186
34.5222 15.9535 -7.30658 0.527256 0.844949 -0.0897919
34.9459 15.6638 -7.52087 0.530977 0.84127 -0.101628
35.3245 15.3955 -7.71056 0.540355 0.83413 -0.110605
35.7207 15.1088 -7.94317 0.537999 0.834888 -0.116233
36.1187 14.8196 -8.19313 0.534012 0.837377 -0.116749
36.5686 14.4918 -8.48415 0.534472 0.836745 -0.119139
36.9953 14.1811 -8.73415 0.540836 0.831872 -0.124441
37.3917 13.889 -8.95988 0.541297 0.830635 -0.130553
37.8191 13.5717 -9.20751 0.538715 0.832176 -0.131387
38.3258 13.1982 -9.50613 0.533546 0.835245 -0.133017
38.7116 12.9176 -9.7264 0.531875 0.836426 -0.132292
39.0979 12.6391 -9.93456 0.531301 0.836773 -0.132403
39.4939 12.355 -10.1415 0.531296 0.836775 -0.132407
39.8775 12.0795 -10.3402 0.531209 0.836503 -0.134461
40.2664 11.8003 -10.5395 0.531328 0.835393 -0.140745
40.7463 11.4529 -10.7851 0.531423 0.835039 -0.142459
41.1575 11.1574 -10.9942 0.525043 0.837469 -0.151576
41.5591 10.8705 -11.2045 0.517606 0.841077 -0.157029
41.9523 10.5857 -11.4458 0.513111 0.843454 -0.159046
42.3408 10.3032 -11.6989 0.511358 0.844223 -0.160615
42.7282 10.0234 -11.9415 0.511951 0.844931 -0.154906
43.0989 9.7592 -12.155 0.509747 0.845895 -0.156894
43.5228 9.46079 -12.3952 0.507381 0.847465 -0.156104
43.9352 9.17256 -12.6193 0.504947 0.848532 -0.158183
44.3152 8.9094 -12.8146 0.506147 0.847196 -0.161476
44.7014 8.64022 -13.018 0.50548 0.847527 -0.161826
45.1295 8.33899 -13.2563 0.506035 0.847174 -0.161942
45.5677 8.03026 -13.503 0.505473 0.84751 -0.161937
46.0294 7.70594 -13.7614 0.503855 0.848385 -0.162397
46.5391 7.3473 -14.0568 0.503296 0.84868 -0.162591
47.05 6.98048 -14.3642 0.500376 0.847704 -0.176131
47.4836 6.67171 -14.6092 0.506453 0.842669 -0.182795
47.9146 6.36924 -14.8229 0.49854 0.846523 -0.186701
48.2961 6.09849 -15.0332 0.497945 0.84696 -0.186303
48.7276 5.8674 -14.9375 0.497174 0.847445 -0.186145
48.9367 5.84941 -14.4535 0.49809 0.848685 -0.177876
49.1845 5.83604 -13.8009 0.501584 0.848712 -0.167636
49.3596 5.82654 -13.316 0.49689 0.853692 -0.155916
49.5666 5.81498 -12.7126 0.497197 0.854205 -0.152073
49.7287 5.82358 -12.1285 0.499877 0.853046 -0.149783
49.8819 5.82715 -11.5936 0.502754 0.851315 -0.150004
50.0264 5.82616 -11.1118 0.50415 0.85091 -0.147594
50.1799 5.82682 -10.5837 0.50502 0.850179 -0.148827
50.342 5.82542 -10.033 0.506152 0.850134 -0.1452
50.532 5.81795 -9.36477 0.508296 0.851479 -0.128879
50.694 5.79982 -8.77374 0.503194 0.857263 -0.109063
50.8173 5.79979 -8.19206 0.505808 0.856045 -0.106515
50.9047 5.81482 -7.6844 0.49747 0.860644 -0.108635
50.9816 5.83005 -7.17922 0.499332 0.861191 -0.0947694
51.0423 5.84433 -6.67116 0.504561 0.859461 -0.0820705
51.098 5.86201 -6.05956 0.507556 0.859114 -0.06565
51.1636 5.86148 -5.53596 0.506044 0.860192 -0.0631682
51.2636 5.84819 -4.91833 0.505505 0.860512 -0.0631138
51.3425 5.84279 -4.33394 0.503441 0.862254 -0.0553578
51.4085 5.84331 -3.70605 0.507318 0.860212 -0.0516001
51.481 5.83318 -3.10873 0.508072 0.860251 -0.0427628
51.5356 5.82652 -2.57354 0.508419 0.860326 -0.0365754
51.586 5.81753 -1.98014 0.508034 0.860993 -0.0243288
51.624 5.81345 -1.29092 0.509541 0.860159 -0.0222548
51.6442 5.80807 -0.787269 0.510202 0.859993 -0.0103087
51.6602 5.80433 -0.167966 0.510565 0.859813 -0.00669986
51.6608 5.8073 0.46388 0.509645 0.860383 -0.00154782
51.6654 5.80153 1.01326 0.508846 0.860787 0.0110446
51.6607 5.79482 1.62044 0.506605 0.861996 0.0172954
51.6377 5.79445 2.18708 0.507054 0.861643 0.021607
51.6139 5.79263 2.76161 0.506269 0.861999 0.0254715
51.5948 5.78436 3.26866 0.503282 0.862968 0.0441987
51.5734 5.75787 3.87741 0.51105 0.857514 0.0591425
51.5409 5.74091 4.37672 0.50872 0.858558 0.0638932
51.5023 5.71926 4.97338 0.508483 0.858673 0.0642331
51.4732 5.69278 5.55436 0.508199 0.858793 0.06487
51.4185 5.68559 6.06868 0.50625 0.859741 0.0674928
51.3001 5.70488 6.67696 0.506131 0.859305 0.0736501
51.1962 5.71869 7.19824 0.506458 0.858564 0.0797934
51.0858 5.73429 7.71927 0.506149 0.858553 0.0818488
50.9757 5.74669 8.25601 0.503348 0.859501 0.0888737
50.8612 5.75306 8.82792 0.499785 0.861205 0.0924212
50.7366 5.7614 9.37329 0.49812 0.860814 0.104285
50.5931 5.7664 9.99098 0.501601 0.857783 0.11226
50.4566 5.77634 10.5069 0.495925 0.860913 0.113481
50.2916 5.79428 11.0692 0.492118 0.862211 0.120039
50.0909 5.80046 11.7193 0.490728 0.858444 0.149192
49.9499 5.77571 12.2976 0.493155 0.854794 0.161594
49.81 5.76431 12.7781 0.490714 0.856108 0.162109
49.6443 5.75634 13.3202 0.494801 0.853309 0.164418
49.4431 5.77032 13.854 0.495933 0.852453 0.165453
49.2599 5.78456 14.3303 0.498681 0.850524 0.167109
49.0729 5.79463 14.8264 0.498493 0.849251 0.174005
48.8225 5.85291 15.2501 0.497164 0.848263 0.182421
48.4217 6.12148 15.0868 0.494596 0.850897 0.17702
47.9731 6.4327 14.8491 0.492556 0.851724 0.178739
47.5089 6.75327 14.5917 0.491215 0.85277 0.177428
47.1308 7.01272 14.392 0.491779 0.85177 0.180671
46.625 7.36331 14.1307 0.500657 0.847107 0.178191
46.1825 7.67832 13.8794 0.505677 0.844406 0.176823
45.7709 7.9725 13.651 0.506328 0.844418 0.174898
45.3982 8.24251 13.4236 0.504519 0.846092 0.171995
44.9494 8.56616 13.145 0.50584 0.84568 0.17015
44.543 8.85297 12.9284 0.507294 0.844988 0.169252
44.0789 9.18129 12.6896 0.514929 0.841561 0.163096
43.553 9.56427 12.3773 0.524312 0.837485 0.153994
43.0637 9.92216 12.0911 0.527934 0.837288 0.142245
42.5959 10.2649 11.8129 0.530112 0.836138 0.140906
42.1933 10.5567 11.5933 0.531823 0.835762 0.136624
41.7298 10.8961 11.3286 0.534957 0.833469 0.138389
41.3621 11.1693 11.1136 0.538697 0.830818 0.13981
40.9847 11.4493 10.882 0.528381 0.837641 0.138462
40.5971 11.7317 10.6679 0.535038 0.833218 0.139578
40.184 12.0285 10.4479 0.531849 0.837199 0.127415
39.7493 12.3485 10.1774 0.530989 0.836967 0.132325
39.2669 12.6936 9.90933 0.532085 0.837874 0.12187
38.865 12.9791 9.68183 0.526011 0.842435 0.116687
38.3665 13.3349 9.36248 0.526245 0.843325 0.108902
37.9674 13.6097 9.12375 0.518831 0.848478 0.1044
37.5912 13.8661 8.89875 0.519357 0.849114 0.0960432
37.125 14.1802 8.65987 0.516262 0.849969 0.10501
36.7425 14.4385 8.45559 0.520527 0.848168 0.0982451
36.2767 14.7546 8.19363 0.524803 0.844863 0.10387
35.8274 15.0629 7.94216 0.528885 0.843463 0.0940843
35.435 15.3326 7.72297 0.522303 0.847155 0.0976081
35.0677 15.585 7.49481 0.519859 0.848335 0.100372
34.6659 15.8569 7.26345 0.522558 0.847338 0.0946051
34.2451 16.1418 7.02662 0.519356 0.849397 0.0937747
33.8429 16.4105 6.82127 0.521346 0.847765 0.0973735
33.4542 16.675 6.61429 0.529592 0.842797 0.0960553
33.0047 16.9912 6.33057 0.533214 0.840274 0.0980904
32.5922 17.2838 6.05091 0.531761 0.842839 0.0827792
32.2063 17.5515 5.80663 0.529985 0.843748 0.0848279
31.8074 17.8241 5.59738 0.531306 0.843539 0.0784119
31.3246 18.1531 5.30204 0.528277 0.845812 0.0743348
30.8984 18.44 5.06871 0.528162 0.845211 0.0816244
30.4696 18.7263 4.84441 0.525533 0.84795 0.0691158
30.0538 19.0045 4.61092 0.528471 0.846304 0.0665395
29.5739 19.3231 4.36527 0.527824 0.846502 0.0695229
29.1616 19.5991 4.11195 0.530698 0.845606 0.0575277
28.779 19.8542 3.89116 0.530781 0.845459 0.0589075
28.2694 20.1957 3.59255 0.532692 0.844427 0.0564
27.8567 20.4736 3.33548 0.534286 0.843427 0.0562941
27.3713 20.8001 3.06267 0.535335 0.84267 0.0576481
26.9896 21.0566 2.85376 0.53482 0.843057 0.05677
26.6054 21.3135 2.65611 0.534653 0.84317 0.0566581
26.2152 21.5746 2.46351 0.542932 0.838433 0.0474861
25.7809 21.8655 2.22824 0.53445 0.843985 0.0453119
25.4016 22.1192 2.00903 0.537297 0.842157 0.0456485
24.8977 22.4511 1.69446 0.534735 0.84427 0.0355817
24.4846 22.7241 1.44541 0.535031 0.84417 0.0332526
24.0059 23.0356 1.19787 0.53644 0.84339 0.0303147
23.6153 23.2908 1.00646 0.5359 0.843902 0.0252719
23.176 23.5748 0.796315 0.535032 0.844593 0.0199855
22.7455 23.854 0.594483 0.538363 0.842446 0.0211716
22.1917 24.217 0.313032 0.540867 0.840813 0.0222813
21.7819 24.4858 0.115271 0.541312 0.840556 0.0211138
33.8976 16.6813 2.58855 0.539653 0.841516 0.0250269
34.3286 16.4024 2.58401 0.547466 0.836667 0.0164047
34.7789 16.1124 2.57962 0.539885 0.841651 0.0121244
35.249 15.8132 2.57604 0.525974 0.850356 0.0156589
35.7386 15.5094 2.57191 0.528725 0.848596 0.0182763
36.1634 15.2449 2.56793 0.529174 0.848288 0.0195319
36.6101 14.9655 2.56482 0.531779 0.846576 0.0228147
37.0904 14.664 2.56169 0.532431 0.846119 0.0244877
37.5295 14.3879 2.55854 0.532258 0.846227 0.0245192
38.0097 14.0862 2.55492 0.531664 0.846594 0.024733
38.4509 13.8098 2.5513 0.53027 0.847465 0.0248451
38.8817 13.5405 2.54756 0.529632 0.847837 0.0257468
39.3928 13.2213 2.54289 0.530533 0.847247 0.0265811
39.8325 12.9459 2.5387 0.531204 0.846778 0.0280921
40.2728 12.6687 2.53435 0.532813 0.845757 0.0283948
40.7164 12.3889 2.53 0.533288 0.845432 0.0291505
41.1897 12.0923 2.52516 0.529781 0.847571 0.0309067
41.7001 11.7768 2.51949 0.521099 0.852888 0.0322062
42.1352 11.512 2.51455 0.520192 0.853457 0.0317876
42.5737 11.2448 2.50973 0.521555 0.852729 0.028875
43.1305 10.9039 2.5027 0.525295 0.850447 0.0283683
43.6201 10.6034 2.49686 0.521786 0.852691 0.0256549
44.182 10.2614 2.49052 0.518611 0.85457 0.0274249
44.6394 9.98433 2.48673 0.517158 0.85543 0.0280689
45.108 9.70185 2.48281 0.514766 0.8569 0.0271759
45.6071 9.40321 2.4774 0.512014 0.858524 0.0278918
46.0544 9.13648 2.47305 0.512173 0.858394 0.0289603
46.493 8.87462 2.46839 0.514621 0.856816 0.0321247
47.0344 8.5495 2.46246 0.514597 0.856787 0.0332614
47.5534 8.2368 2.45757 0.515671 0.856088 0.0346025
48.034 7.94804 2.45244 0.515614 0.855964 0.0383267
48.3753 7.74063 2.44693 0.514904 0.856652 0.0319718
48.1308 7.79878 -3.78598 0.517189 0.853931 -0.0576055
47.6544 8.0888 -3.79391 0.520681 0.851812 -0.0575058
47.1039 8.42471 -3.80427 0.519899 0.852269 -0.0578143
46.6747 8.68588 -3.81292 0.519581 0.852464 -0.0578094
46.1705 8.99261 -3.82309 0.519785 0.852367 -0.0573893
45.7117 9.27317 -3.83168 0.522447 0.850807 -0.056359
45.2337 9.56672 -3.84135 0.525831 0.848822 -0.0548016
44.6925 9.90143 -3.85202 0.526066 0.848684 -0.0546724
44.2626 10.1676 -3.85964 0.526481 0.848434 -0.0545678
43.8047 10.4512 -3.86726 0.526357 0.848481 -0.0550341
43.3423 10.7371 -3.87566 0.525375 0.849044 -0.0557245
42.9147 10.9996 -3.88401 0.523899 0.849702 -0.0594646
42.4561 11.2811 -3.89286 0.521643 0.851054 -0.0599677
41.9786 11.5722 -3.90161 0.52022 0.851842 -0.0611317
41.5054 11.8601 -3.90991 0.522891 0.849814 -0.0663381
41.0477 12.1382 -3.91778 0.516413 0.85338 -0.0711325
40.5667 12.429 -3.92537 0.515336 0.854405 -0.0664926
40.0562 12.7387 -3.93265 0.519406 0.851679 -0.0697147
39.5991 13.0187 -3.93872 0.524535 0.848601 -0.0688455
39.1445 13.3004 -3.94497 0.527768 0.846624 -0.0684756
38.6236 13.6245 -3.95235 0.528155 0.846364 -0.0686969
38.0709 13.9688 -3.96055 0.527983 0.846511 -0.0682142
37.529 14.3069 -3.96871 0.529274 0.845694 -0.0683426
36.9699 14.6582 -3.97703 0.535483 0.841984 -0.065733
36.375 15.0371 -3.98633 0.540019 0.839766 -0.0563315
36.1171 15.2035 -3.99015 0.541904 0.838695 -0.0541416
44.6557 9.46225 8.81401 0.512307 0.852871 0.100758
45.1058 9.19381 8.79673 0.512297 0.852832 0.101135
45.5998 8.89948 8.77613 0.512458 0.852783 0.100736
46.055 8.62779 8.75941 0.512531 0.852683 0.101208
46.5132 8.35337 8.7409 0.517097 0.849451 0.10509
47.0116 8.05386 8.71983 0.514956 0.85032 0.108518
47.4405 7.79413 8.70219 0.521363 0.846234 0.10986
47.619 7.68522 8.69412 0.516528 0.849093 0.110637
-14.6024 17.9644 27.7693 -0.270821 0.845684 0.459863
-15.1858 17.8188 27.6867 -0.278059 0.845022 0.45675
-15.7834 17.6682 27.6016 -0.278015 0.845067 0.456694
-16.3721 17.5199 27.5181 -0.277797 0.845362 0.456282
-16.9855 17.3653 27.4316 -0.27722 0.84569 0.456024
-17.5346 17.2238 27.3525 -0.283684 0.846577 0.450367
-18.0844 17.0818 27.2724 -0.287061 0.846487 0.448392
-14.8002 15.1342 32.7493 -0.242967 0.837605 0.489269
-15.4603 14.9875 32.6681 -0.247081 0.838139 0.486286
-16.1206 14.842 32.588 -0.244179 0.843467 0.478476
-16.7595 14.6994 32.5107 -0.251625 0.84223 0.476795
-17.4001 14.549 32.4295 -0.260777 0.844102 0.468495
-18.0095 14.4029 32.3506 -0.26358 0.844579 0.46606
-18.5291 14.2785 32.2837 -0.261382 0.843865 0.468584
-19.0297 14.1587 32.2197 -0.262145 0.843397 0.469001
-19.5634 14.0307 32.1518 -0.26274 0.845232 0.465351
-20.1293 13.8926 32.0786 -0.267801 0.847656 0.457998
-20.6312 13.7634 32.0102 -0.281153 0.851922 0.441795
-21.1428 13.6257 31.9377 -0.302542 0.84735 0.436424
-21.6677 13.4789 31.8608 -0.300527 0.846811 0.438856
-22.1849 13.3352 31.786 -0.298246 0.847336 0.439398
-22.8006 13.1612 31.6954 -0.311155 0.845754 0.433455
-23.315 13.0052 31.6149 -0.325996 0.846509 0.420892
-23.8616 12.8348 31.5274 -0.334775 0.847435 0.412044
-24.3924 12.6644 31.4415 -0.337787 0.846396 0.41172
-24.8561 12.515 31.3661 -0.338463 0.845692 0.41261
-32.002 7.70338 35.467 -0.346521 0.860526 0.373387
-31.3987 7.90556 35.5575 -0.343515 0.861849 0.373113
-30.7494 8.12173 35.655 -0.341253 0.862233 0.3743
-30.2307 8.2923 35.7323 -0.339372 0.862379 0.375671
-29.7179 8.4552 35.8066 -0.326417 0.865267 0.38048
-29.2063 8.61168 35.8782 -0.321309 0.861229 0.393758
-28.6816 8.76767 35.9499 -0.309225 0.860369 0.405149
-28.1393 8.9296 36.0249 -0.316467 0.855854 0.409101
-27.5861 9.09691 36.1028 -0.318959 0.852163 0.414829
-27.0156 9.27373 36.1858 -0.326237 0.85004 0.413523
-26.5051 9.43332 36.261 -0.326085 0.849312 0.415135
-26.0191 9.58403 36.3324 -0.320039 0.849861 0.418702
-25.5306 9.73076 36.4022 -0.303734 0.853111 0.424202
-25.0398 9.86817 36.4677 -0.291627 0.850382 0.437955
-24.5456 10.0019 36.5317 -0.285723 0.850625 0.44136
-24.0513 10.1343 36.5954 -0.285051 0.850318 0.442386
-23.5575 10.2673 36.6598 -0.288548 0.849101 0.442457
-23.0712 10.4008 36.7251 -0.292802 0.846716 0.444227
-22.588 10.5343 36.7908 -0.296108 0.84369 0.44778
-22.0887 10.6719 36.8591 -0.273314 0.844198 0.461118
-21.5631 10.807 36.926 -0.263469 0.838587 0.476819
-20.9773 10.9457 36.9944 -0.241732 0.844094 0.478613
-20.4227 11.068 37.0553 -0.237568 0.843521 0.481699
-19.9275 11.1763 37.1093 -0.237414 0.844294 0.480419
-19.4084 11.2903 37.1667 -0.238069 0.845574 0.477836
-18.8965 11.4009 37.2229 -0.23105 0.846022 0.480481
-18.2966 11.5285 37.2883 -0.232905 0.845585 0.480355
-17.7837 11.6343 37.3424 -0.229541 0.841758 0.488625
-17.1295 11.7721 37.4133 -0.22997 0.842601 0.486968
-16.6103 11.8816 37.47 -0.230999 0.841509 0.488367
-15.9208 12.0269 37.5461 -0.231218 0.841754 0.48784
-15.2288 12.1671 37.6201 -0.21264 0.846073 0.48882
-14.7745 12.2521 37.6653 -0.202904 0.845015 0.494752
-14.803 9.39995 42.5584 -0.173084 0.848642 0.499849
-15.3163 9.31595 42.5166 -0.18525 0.849205 0.494504
-15.8426 9.22526 42.4714 -0.196042 0.849089 0.490527
-16.391 9.12578 42.421 -0.20273 0.85131 0.483913
-16.9463 9.02282 42.3695 -0.201334 0.852494 0.482408
-17.4421 8.93073 42.324 -0.202332 0.854538 0.478358
-18.0558 8.81799 42.2688 -0.199281 0.856299 0.476486
-18.6779 8.70339 42.2132 -0.204849 0.855742 0.475123
-19.2241 8.59764 42.1622 -0.213399 0.853547 0.475308
-19.7451 8.49374 42.1124 -0.219752 0.853074 0.473259
-20.3017 8.37926 42.0579 -0.222564 0.853694 0.470819
-20.8455 8.26667 42.0047 -0.227038 0.854997 0.466298
-21.3604 8.15789 41.9537 -0.223278 0.857514 0.463483
-21.9544 8.03149 41.8951 -0.235321 0.857212 0.458051
-22.5239 7.90164 41.8354 -0.243462 0.858228 0.451852
-23.0754 7.77005 41.7757 -0.262374 0.855094 0.447184
-23.5684 7.64816 41.7191 -0.266395 0.859339 0.436544
-24.1629 7.50066 41.6502 -0.263088 0.861883 0.433524
-24.236 7.48256 41.6418 -0.263091 0.861881 0.433525
-19.3954 16.9934 -28.0814 -0.284404 0.854537 -0.434605
-18.8779 17.1262 -28.1547 -0.281557 0.853415 -0.438645
-18.3369 17.2644 -28.2302 -0.277297 0.852066 -0.443947
-17.625 17.446 -28.3311 -0.28147 0.851915 -0.441605
-17.038 17.5902 -28.4123 -0.267618 0.850865 -0.452116
-16.5497 17.708 -28.478 -0.266278 0.850067 -0.454403
-16.0457 17.8251 -28.543 -0.255431 0.852959 -0.45521
-15.4001 17.9718 -28.6258 -0.24947 0.856241 -0.452345
-14.886 18.0856 -28.6895 -0.242046 0.858484 -0.452127
-14.6562 18.1355 -28.7181 -0.241913 0.859014 -0.45119
-14.7995 15.3758 -33.738 -0.224299 0.851314 -0.474293
-15.2959 15.2745 -33.6826 -0.227552 0.852389 -0.4708
-15.9669 15.1359 -33.6068 -0.231437 0.853177 -0.467469
-16.4859 15.0256 -33.547 -0.238783 0.854818 -0.460726
-17.0767 14.8961 -33.4768 -0.244894 0.854719 -0.457692
-17.5643 14.7888 -33.4191 -0.241833 0.855488 -0.457883
-18.0947 14.6706 -33.3557 -0.243685 0.85758 -0.452961
-18.7157 14.5287 -33.28 -0.25443 0.858117 -0.445983
-19.2978 14.3911 -33.2072 -0.262649 0.857659 -0.442081
-19.8135 14.2668 -33.1421 -0.262559 0.857757 -0.441946
-20.3808 14.1294 -33.07 -0.265995 0.856602 -0.442131
-20.877 14.0055 -33.0054 -0.276829 0.859894 -0.428892
-21.3742 13.8747 -32.9376 -0.290755 0.856875 -0.425707
-21.9622 13.7117 -32.8532 -0.300575 0.855571 -0.421488
-22.5174 13.5542 -32.7725 -0.304218 0.854949 -0.420136
-23.144 13.3756 -32.6814 -0.305021 0.854606 -0.420252
-23.6263 13.2376 -32.6116 -0.305329 0.854381 -0.420483
-24.1833 13.0776 -32.531 -0.309519 0.853162 -0.419896
-24.6899 12.9285 -32.4563 -0.315374 0.850614 -0.420707
-25.2087 12.7722 -32.3783 -0.323408 0.851006 -0.413758
-25.7455 12.6036 -32.2944 -0.333208 0.85329 -0.401084
-26.3513 12.408 -32.1977 -0.344892 0.853803 -0.389961
-26.3945 12.3937 -32.1907 -0.346852 0.854118 -0.387525
-33.1931 7.78397 -36.4222 -0.367461 0.848416 -0.381003
-32.5449 8.0154 -36.5242 -0.363266 0.846951 -0.388216
-31.9867 8.2134 -36.6122 -0.360221 0.846203 -0.392659
-31.4665 8.39482 -36.6924 -0.350898 0.850352 -0.392138
-30.9623 8.56556 -36.7681 -0.334373 0.856544 -0.393099
-30.4753 8.7177 -36.8359 -0.317247 0.852346 -0.415765
-29.8559 8.90322 -36.9192 -0.30106 0.856522 -0.419206
-29.3701 9.0437 -36.9828 -0.30436 0.855968 -0.417951
-28.777 9.2166 -37.0614 -0.30524 0.852223 -0.424905
-28.2377 9.37495 -37.1347 -0.30718 0.850675 -0.426606
-27.7259 9.52608 -37.2043 -0.309629 0.84869 -0.428783
-27.187 9.68438 -37.2777 -0.303273 0.850648 -0.429446
-26.6643 9.83479 -37.3478 -0.298015 0.853636 -0.427193
-26.125 9.98428 -37.4176 -0.28805 0.857217 -0.426856
-25.6356 10.1164 -37.4797 -0.283632 0.857626 -0.428988
-25.0981 10.26 -37.5485 -0.284328 0.857399 -0.428981
-24.608 10.3914 -37.6113 -0.285126 0.856614 -0.430019
-23.9881 10.5565 -37.6904 -0.281235 0.857748 -0.43032
-23.4796 10.6873 -37.753 -0.270942 0.855229 -0.441785
-22.9703 10.8143 -37.8143 -0.264937 0.853933 -0.447892
-22.379 10.9583 -37.8846 -0.25734 0.853025 -0.454009
-21.7307 11.1122 -37.9606 -0.255779 0.851817 -0.457149
-21.1108 11.2573 -38.0328 -0.253353 0.85031 -0.461287
-20.5647 11.3849 -38.0958 -0.25015 0.84888 -0.465649
-19.9965 11.5169 -38.1617 -0.252765 0.84617 -0.469154
-19.4394 11.6464 -38.2268 -0.25008 0.846605 -0.469809
-18.7758 11.7941 -38.3012 -0.235352 0.851638 -0.468318
-18.279 11.8952 -38.3526 -0.215283 0.84906 -0.482442
-17.6069 12.0202 -38.416 -0.201468 0.84954 -0.487536
-16.9269 12.1457 -38.4798 -0.203578 0.848335 -0.488757
-16.2188 12.2783 -38.5481 -0.205483 0.845834 -0.492283
-15.708 12.3738 -38.597 -0.20601 0.8439 -0.495371
-15.1947 12.4695 -38.6472 -0.205292 0.842053 -0.4988
-14.6912 12.5603 -38.695 -0.190374 0.841014 -0.506413
-14.7758 9.61897 -43.5372 -0.137808 0.84828 -0.511302
-15.4937 9.52712 -43.4955 -0.139185 0.847749 -0.511809
-15.9899 9.46277 -43.4662 -0.142209 0.848091 -0.51041
-16.485 9.3978 -43.4358 -0.145846 0.847563 -0.510261
-16.984 9.32683 -43.402 -0.178393 0.846346 -0.501871
-17.5342 9.23808 -43.3601 -0.176671 0.8548 -0.487958
-18.0378 9.15397 -43.3203 -0.18733 0.855051 -0.483524
-18.6265 9.04641 -43.2683 -0.205465 0.856016 -0.474363
-19.1639 8.9411 -43.2172 -0.215345 0.854565 -0.472594
-19.7112 8.83097 -43.1655 -0.217909 0.855537 -0.469651
-20.3438 8.7013 -43.1051 -0.221125 0.854917 -0.469277
-20.8675 8.59338 -43.0546 -0.222095 0.855626 -0.467524
-21.5235 8.45659 -42.9896 -0.226984 0.85513 -0.46608
-22.087 8.33345 -42.9327 -0.23961 0.853854 -0.462082
-22.6124 8.21281 -42.8775 -0.246617 0.8508 -0.464025
-23.1892 8.07837 -42.8155 -0.250466 0.853059 -0.457774
-23.8529 7.92204 -42.7447 -0.248221 0.854811 -0.455725
-24.3757 7.79984 -42.6889 -0.253203 0.857237 -0.448366
-24.886 7.67661 -42.633 -0.257922 0.85823 -0.443753
-24.9233 7.66746 -42.6289 -0.260147 0.858451 -0.442024
-24.9806 7.65327 -42.6227 -0.259155 0.859595 -0.440381
