-39.2988 5.97543 -35.732 -0.391324 0.859125 -0.329801
-39.0221 5.93238 -36.1708 -0.39044 0.859158 -0.330762
-38.608 5.92968 -36.6661 -0.390032 0.859017 -0.331608
-38.2137 5.92861 -37.1201 -0.382542 0.85995 -0.337854
-37.8879 5.9185 -37.5021 -0.377582 0.856056 -0.352932
-37.4835 5.91336 -37.9295 -0.368905 0.857862 -0.357745
-37.0822 5.91798 -38.3278 -0.366085 0.857646 -0.361145
-36.692 5.92714 -38.6978 -0.354562 0.859558 -0.36803
-36.2742 5.93035 -39.0886 -0.35034 0.858635 -0.374159
-35.8815 5.93266 -39.4463 -0.34183 0.86116 -0.37623
-35.4912 5.93227 -39.8004 -0.340705 0.862295 -0.374657
-34.9912 5.92836 -40.2594 -0.338384 0.861704 -0.378104
-34.5241 5.92477 -40.682 -0.334728 0.862642 -0.379217
-34.131 5.92157 -41.0326 -0.332693 0.862413 -0.381521
-33.6087 5.92679 -41.4749 -0.332637 0.861558 -0.383497
-33.1663 5.92695 -41.8577 -0.332125 0.861509 -0.384052
-32.7712 5.93713 -42.175 -0.324675 0.861754 -0.389742
-32.3707 5.94302 -42.4891 -0.319165 0.864831 -0.387558
-31.9019 5.94068 -42.8586 -0.305911 0.863965 -0.399978
-31.4466 5.93334 -43.2171 -0.299401 0.864039 -0.404703
-30.9683 5.93544 -43.5611 -0.294949 0.863949 -0.408162
-30.5323 5.95021 -43.8438 -0.293654 0.863451 -0.410143
-29.9895 5.93903 -44.2445 -0.285065 0.861916 -0.419304
-29.4953 5.93378 -44.5812 -0.275785 0.860683 -0.427963
-29.0631 5.92426 -44.8761 -0.269958 0.860035 -0.432965
-28.5392 5.90845 -45.2297 -0.262884 0.861875 -0.433662
-27.9765 5.91713 -45.5399 -0.251984 0.862062 -0.43972
-27.402 5.92962 -45.8379 -0.247036 0.86097 -0.44464
-26.9595 5.92318 -46.0964 -0.247108 0.860794 -0.44494
-26.324 5.92356 -46.4434 -0.241394 0.861991 -0.445759
-25.8713 5.92509 -46.6836 -0.238102 0.861265 -0.448921
-25.4145 5.91909 -46.9375 -0.233884 0.863927 -0.446014
-24.9651 5.91305 -47.183 -0.230886 0.864052 -0.447331
-24.5216 5.90669 -47.4192 -0.221362 0.864998 -0.450308
-24.0364 5.89587 -47.6711 -0.211529 0.865133 -0.454753
-23.5157 5.88645 -47.9218 -0.202587 0.862324 -0.464054
-22.9873 5.88637 -48.1486 -0.197153 0.863295 -0.464599
-22.5184 5.88256 -48.3581 -0.205174 0.859597 -0.467971
-22.0267 5.8826 -48.5727 -0.205373 0.858642 -0.469633
-21.5142 5.88888 -48.7826 -0.20079 0.859699 -0.469675
-20.9944 5.88597 -48.9921 -0.183433 0.85714 -0.481304
-20.5213 5.89344 -49.1557 -0.176741 0.858333 -0.481681
-20.0021 5.89887 -49.33 -0.164086 0.859661 -0.483796
-19.4865 5.90051 -49.5023 -0.16293 0.860547 -0.482605
-18.8862 5.89075 -49.7126 -0.153739 0.861877 -0.483252
-18.2892 5.88212 -49.9122 -0.14971 0.859566 -0.488603
-17.7493 5.87373 -50.0915 -0.148617 0.859197 -0.489584
-17.268 5.87106 -50.2418 -0.148454 0.858826 -0.490285
-16.7152 5.88255 -50.3812 -0.13453 0.856839 -0.497724
-16.1924 5.88027 -50.525 -0.131299 0.859417 -0.494128
-15.6916 5.87686 -50.6562 -0.116397 0.860093 -0.496676
-15.0755 5.87551 -50.8039 -0.118623 0.858619 -0.4987
-14.573 5.88411 -50.9035 -0.113082 0.857736 -0.501499
-14.0798 5.89632 -50.993 -0.110401 0.857606 -0.502316
-13.3885 5.92116 -51.099 -0.106183 0.858529 -0.50165
-12.8926 5.9332 -51.1817 -0.103639 0.858149 -0.502827
-12.1639 5.95942 -51.2895 -0.103708 0.85707 -0.504651
-11.6496 5.98714 -51.3497 -0.104291 0.853969 -0.509756
-11.2714 6.17907 -51.1106 -0.110441 0.849895 -0.515244
-11.2545 6.44876 -50.6681 -0.112086 0.849057 -0.516274
-11.274 6.78479 -50.1109 -0.114257 0.84924 -0.515496
-11.29 7.05276 -49.6659 -0.114258 0.849221 -0.515528
-11.282 7.34523 -49.1854 -0.110498 0.851793 -0.512092
-11.2803 7.6519 -48.6755 -0.108265 0.852369 -0.51161
-11.2715 8.00523 -48.0857 -0.108954 0.85356 -0.509474
-11.2332 8.28126 -47.632 -0.102277 0.853341 -0.511214
-11.2039 8.60917 -47.0925 -0.101064 0.853491 -0.51121
-11.1922 8.88277 -46.6369 -0.104316 0.854333 -0.509149
-11.1919 9.13881 -46.2061 -0.103788 0.855284 -0.507659
-11.1885 9.42651 -45.7245 -0.105406 0.851767 -0.513193
-11.1775 9.77088 -45.161 -0.111873 0.848247 -0.51765
-11.1697 10.0981 -44.6314 -0.114245 0.844561 -0.52313
-11.1806 10.3694 -44.1918 -0.114391 0.843964 -0.52406
-11.1654 10.6524 -43.7383 -0.115223 0.844322 -0.5233
-11.136 11.015 -43.16 -0.121364 0.843674 -0.522958
-11.1385 11.2955 -42.7082 -0.12606 0.84167 -0.525071
-11.1357 11.5723 -42.2681 -0.125513 0.838779 -0.529808
-11.13 11.884 -41.7741 -0.130514 0.839178 -0.52796
-11.1463 12.1576 -41.3388 -0.133537 0.838459 -0.52835
-11.1701 12.437 -40.8898 -0.136879 0.838294 -0.527757
-11.1675 12.7664 -40.365 -0.131453 0.840581 -0.52549
-11.1781 13.0335 -39.9344 -0.13715 0.844137 -0.518279
-11.1809 13.323 -39.4599 -0.13498 0.845649 -0.516389
-11.1874 13.626 -38.9598 -0.137971 0.846947 -0.513463
-11.1973 13.9135 -38.4822 -0.137549 0.847463 -0.512724
-11.2137 14.1716 -38.0524 -0.137295 0.846211 -0.514854
-11.2385 14.4858 -37.5318 -0.137837 0.843508 -0.519129
-11.2207 14.82 -36.9949 -0.137815 0.842328 -0.521048
-11.2166 15.0888 -36.5589 -0.142264 0.842798 -0.519089
-11.2049 15.415 -36.0293 -0.142627 0.844989 -0.515413
-11.1926 15.7641 -35.4452 -0.15348 0.850974 -0.502281
-11.191 16.0413 -34.9698 -0.153175 0.857635 -0.490918
-11.1742 16.3387 -34.4561 -0.151321 0.857263 -0.492141
-11.1695 16.6263 -33.9537 -0.150901 0.859386 -0.488553
-11.1651 16.8758 -33.5157 -0.148291 0.860745 -0.486949
-11.146 17.2075 -32.9317 -0.148407 0.861617 -0.485377
-11.1354 17.4777 -32.4604 -0.161556 0.855019 -0.49279
-11.1386 17.7495 -31.9885 -0.165235 0.853317 -0.494513
-11.1323 18.072 -31.4424 -0.173733 0.849971 -0.497359
-11.1359 18.3765 -30.9145 -0.180434 0.853214 -0.489357
-11.1356 18.6288 -30.4683 -0.182131 0.855647 -0.484454
-11.1425 18.9516 -29.8955 -0.188668 0.852205 -0.488007
-11.1629 19.1965 -29.4567 -0.199568 0.849477 -0.488423
-11.1829 19.5487 -28.8384 -0.210035 0.844357 -0.492897
-11.1857 19.8205 -28.3732 -0.215671 0.841645 -0.495095
-11.193 20.0858 -27.9188 -0.215858 0.841656 -0.494995
-11.2103 20.376 -27.4171 -0.215363 0.842485 -0.493799
-11.2005 20.6732 -26.9123 -0.220816 0.842948 -0.490591
-11.1947 20.9811 -26.3808 -0.220895 0.84628 -0.484782
-11.1633 21.2676 -25.8913 -0.225303 0.847906 -0.479889
-11.1354 21.5214 -25.4555 -0.225343 0.849101 -0.477751
-11.1109 21.8542 -24.8755 -0.235548 0.847927 -0.474878
-11.1056 22.1447 -24.3558 -0.239787 0.848425 -0.471887
-11.1163 22.4244 -23.8471 -0.244878 0.847594 -0.470764
-11.1462 22.6937 -23.3468 -0.245534 0.847211 -0.471112
-11.1538 22.9436 -22.8928 -0.245682 0.847788 -0.469996
-11.1414 23.1914 -22.4523 -0.247486 0.847275 -0.469975
-11.1151 23.5002 -21.9086 -0.248293 0.847351 -0.46941
-11.0855 23.7801 -21.4194 -0.249657 0.847798 -0.467875
-11.0593 24.1244 -20.8085 -0.257656 0.847399 -0.464235
-11.0231 24.3894 -20.3407 -0.258594 0.850343 -0.458307
-10.9686 24.7603 -19.6841 -0.261887 0.850036 -0.457005
-10.9541 25.0119 -19.2323 -0.270017 0.846004 -0.459747
-11.1057 25.0611 -19.0525 -0.271085 0.84557 -0.459917
-11.4792 24.8004 -19.313 -0.271561 0.847043 -0.456908
-11.8649 24.5196 -19.6048 -0.27108 0.848862 -0.453816
-12.3923 24.1807 -19.9275 -0.270596 0.85132 -0.44948
-12.8692 23.8875 -20.201 -0.272513 0.851028 -0.448874
-13.2363 23.6418 -20.4485 -0.272637 0.854247 -0.442592
-13.6111 23.3978 -20.6847 -0.277517 0.854166 -0.439755
-14.0876 23.0889 -20.985 -0.27858 0.853613 -0.44015
-14.529 22.7959 -21.2652 -0.293608 0.84643 -0.444129
-14.9156 22.5506 -21.4665 -0.29982 0.845294 -0.442245
-15.2908 22.2968 -21.694 -0.310347 0.840543 -0.444041
-15.7639 21.9677 -21.9913 -0.305125 0.847387 -0.434551
-16.1464 21.7163 -22.2115 -0.30464 0.846062 -0.437464
-16.5372 21.4684 -22.4251 -0.29798 0.852157 -0.430158
-16.936 21.2154 -22.6439 -0.305143 0.84897 -0.431438
-17.3315 20.9555 -22.8807 -0.297764 0.852302 -0.43002
-17.7403 20.6792 -23.1447 -0.302211 0.851461 -0.428581
-18.1743 20.4024 -23.3847 -0.313817 0.854892 -0.413132
-18.7285 20.0494 -23.688 -0.319923 0.853499 -0.411318
-19.1138 19.7925 -23.9202 -0.325461 0.853945 -0.406008
-19.4871 19.5423 -24.1506 -0.327292 0.854991 -0.402332
-19.9734 19.218 -24.4443 -0.321343 0.856514 -0.403884
-20.3624 18.9665 -24.6674 -0.32287 0.857754 -0.400016
-20.8125 18.6729 -24.9284 -0.328752 0.854932 -0.401265
-21.2286 18.3918 -25.1766 -0.332458 0.852664 -0.403019
-21.6168 18.1317 -25.4062 -0.338228 0.848454 -0.407003
-22.0866 17.8081 -25.6776 -0.341502 0.845578 -0.410309
-22.5057 17.5233 -25.9193 -0.345203 0.84913 -0.399764
-22.9937 17.1752 -26.2325 -0.351487 0.847908 -0.396874
-23.54 16.8026 -26.5511 -0.351271 0.848863 -0.395019
-24.0603 16.4491 -26.8487 -0.348669 0.850594 -0.393599
-24.5813 16.0964 -27.1414 -0.350506 0.849356 -0.394635
-25.1022 15.744 -27.4354 -0.353851 0.847881 -0.394825
-25.5543 15.4346 -27.6962 -0.358658 0.848308 -0.389535
-25.9558 15.1597 -27.9255 -0.360785 0.848048 -0.388136
-26.3604 14.8866 -28.1491 -0.361475 0.849015 -0.385369
-26.7485 14.6253 -28.3616 -0.35966 0.84987 -0.38518
-27.136 14.3623 -28.5792 -0.361578 0.849165 -0.384941
-27.5196 14.0993 -28.8002 -0.363509 0.84945 -0.382485
-28.0132 13.7648 -29.0723 -0.366542 0.847798 -0.383256
-28.4 13.5074 -29.2724 -0.367179 0.849771 -0.378245
-28.8666 13.1972 -29.5183 -0.366648 0.851204 -0.375514
-29.3116 12.8953 -29.7764 -0.36144 0.853408 -0.375572
-29.7657 12.5833 -30.0526 -0.359658 0.854814 -0.374082
-30.2054 12.2737 -30.3299 -0.358224 0.853082 -0.379374
-30.6435 11.9592 -30.6227 -0.359593 0.85192 -0.380687
-31.0165 11.6794 -30.9029 -0.354646 0.855182 -0.377981
-31.4639 11.366 -31.187 -0.363575 0.854207 -0.371667
-31.8677 11.101 -31.3945 -0.37062 0.85083 -0.372463
-32.3701 10.7623 -31.6612 -0.377298 0.850226 -0.3671
-32.8487 10.4323 -31.9292 -0.379721 0.848331 -0.368981
-33.3281 10.0969 -32.2059 -0.384301 0.847601 -0.365903
-33.7434 9.80523 -32.4446 -0.384974 0.84725 -0.366009
-34.2111 9.4776 -32.7152 -0.381454 0.851955 -0.358686
-34.5827 9.22158 -32.9324 -0.380111 0.856258 -0.34977
-35.0509 8.90077 -33.2099 -0.380003 0.856822 -0.348502
-35.5252 8.5817 -33.4762 -0.381213 0.855995 -0.349213
-36.0009 8.26487 -33.7287 -0.388323 0.85303 -0.348623
-36.41 7.98644 -33.9491 -0.393084 0.851713 -0.346491
-36.8191 7.70388 -34.1853 -0.390353 0.854385 -0.343004
-37.2917 7.37448 -34.4732 -0.391669 0.857169 -0.334434
-37.7075 7.08843 -34.7231 -0.391362 0.85838 -0.331693
-38.2538 6.71919 -35.0353 -0.391255 0.8588 -0.330729
-38.76 6.37971 -35.3185 -0.390823 0.858951 -0.330849
-39.1599 6.10191 -35.5674 -0.391449 0.858876 -0.330302
-39.2448 6.02093 -35.6775 -0.391327 0.859124 -0.329801
-43.1009 6.44797 -29.2989 -0.438826 0.845341 -0.30468
-42.7046 6.73127 -29.0834 -0.438985 0.845247 -0.304714
-42.3186 7.012 -28.8611 -0.438949 0.845055 -0.305295
-41.9269 7.29537 -28.6434 -0.440916 0.843273 -0.307381
-41.512 7.60123 -28.4045 -0.442364 0.841645 -0.309754
-41.1224 7.90216 -28.1472 -0.443862 0.839799 -0.312609
-40.7618 8.17771 -27.9188 -0.444018 0.839821 -0.312327
-40.3584 8.48098 -27.677 -0.444057 0.839699 -0.3126
-39.846 8.84814 -27.4176 -0.444088 0.840355 -0.310788
-39.373 9.18938 -27.1665 -0.438005 0.842391 -0.313893
-38.9948 9.46655 -26.953 -0.435504 0.841657 -0.319295
-38.5643 9.79267 -26.6874 -0.436141 0.839488 -0.324083
-38.1291 10.1249 -26.4168 -0.434544 0.838556 -0.328628
-37.7098 10.4396 -26.1683 -0.435102 0.838466 -0.328117
-37.2595 10.7617 -25.9418 -0.435617 0.838577 -0.327148
-36.8906 11.0387 -25.723 -0.434164 0.839468 -0.32679
-36.3979 11.4114 -25.4194 -0.432619 0.839641 -0.328394
-36.0101 11.7099 -25.1662 -0.42864 0.84098 -0.330183
-35.6433 11.9871 -24.9343 -0.42321 0.842434 -0.333462
-35.1881 12.3188 -24.6716 -0.421085 0.843601 -0.333203
-34.8003 12.5942 -24.4639 -0.420711 0.844005 -0.332654
-34.4185 12.8589 -24.2745 -0.419966 0.843404 -0.335107
-33.9495 13.2032 -24.0007 -0.423125 0.841112 -0.336891
-33.5562 13.4974 -23.762 -0.416581 0.841864 -0.34311
-33.1839 13.7692 -23.5464 -0.416135 0.842381 -0.342383
-32.7227 14.0996 -23.2914 -0.412329 0.844069 -0.34283
-32.2441 14.4608 -22.9794 -0.413044 0.842885 -0.344876
-31.8562 14.7431 -22.757 -0.415436 0.840886 -0.346878
-31.4484 15.0327 -22.5442 -0.41532 0.839762 -0.349726
-31.0569 15.3212 -22.3167 -0.414711 0.839706 -0.350583
-30.6702 15.603 -22.0983 -0.414115 0.840007 -0.350566
-30.2775 15.8965 -21.8564 -0.40801 0.840917 -0.355508
-29.8191 16.2281 -21.5932 -0.404023 0.843278 -0.354467
-29.4301 16.4961 -21.3982 -0.400785 0.843553 -0.357476
-28.9463 16.8396 -21.1313 -0.402075 0.842285 -0.359015
-28.5278 17.1487 -20.8766 -0.403195 0.840874 -0.36106
-28.163 17.4168 -20.6612 -0.403914 0.839629 -0.363148
-27.7586 17.7081 -20.4374 -0.403781 0.839281 -0.364098
-27.3625 17.9945 -20.2167 -0.402495 0.839156 -0.365806
-26.9092 18.3267 -19.9539 -0.399856 0.840107 -0.366507
-26.5221 18.6094 -19.7278 -0.398199 0.83938 -0.369971
-26.1378 18.8981 -19.4879 -0.399241 0.838904 -0.369927
-25.6651 19.2345 -19.2294 -0.396195 0.838615 -0.373838
-25.2629 19.5188 -19.0117 -0.382169 0.841623 -0.3816
-24.8752 19.804 -18.7729 -0.380634 0.841404 -0.383594
-24.4783 20.0808 -18.5607 -0.380105 0.839728 -0.387785
-24.0853 20.366 -18.3277 -0.37934 0.838968 -0.390166
-23.5743 20.7394 -18.0231 -0.377796 0.837436 -0.394929
-23.1869 21.0214 -17.7957 -0.377074 0.836783 -0.397001
-22.779 21.3137 -17.5651 -0.372284 0.839389 -0.39602
-22.3654 21.6156 -17.3154 -0.37115 0.838259 -0.399461
-21.9943 21.8933 -17.0775 -0.371031 0.837711 -0.400721
-21.4833 22.2557 -16.7894 -0.368166 0.837259 -0.40429
-21.0113 22.5879 -16.5304 -0.365091 0.837241 -0.407107
-20.5323 22.9313 -16.2572 -0.363789 0.83498 -0.412873
-20.1135 23.2234 -16.0365 -0.362291 0.835945 -0.41223
-19.6958 23.5279 -15.7838 -0.360798 0.835922 -0.413594
-19.2609 23.8552 -15.4983 -0.355137 0.839501 -0.411217
-18.8972 24.1273 -15.2598 -0.354553 0.838077 -0.414629
-18.4387 24.453 -14.986 -0.349377 0.837545 -0.420064
-18.0086 24.7525 -14.7418 -0.344412 0.838792 -0.421673
-17.558 25.056 -14.5068 -0.343397 0.838167 -0.423738
-17.1849 25.3204 -14.2859 -0.342904 0.83795 -0.424565
-16.7721 25.6095 -14.0478 -0.340556 0.838695 -0.424983
-16.3824 25.9064 -13.7748 -0.33999 0.838074 -0.42666
-16.0243 26.1939 -13.4932 -0.338711 0.839567 -0.424738
-15.6732 26.4872 -13.1948 -0.33834 0.838978 -0.426194
-15.2827 26.8121 -12.8623 -0.338653 0.840109 -0.423711
-14.9453 27.1068 -12.5473 -0.338523 0.840468 -0.423101
-14.6408 27.4117 -12.1855 -0.338852 0.840308 -0.423157
-14.3619 27.7145 -11.808 -0.34078 0.839227 -0.423752
-14.0744 28.0412 -11.3921 -0.345335 0.838191 -0.422106
-13.8174 28.3629 -10.966 -0.351254 0.83558 -0.422405
-13.6226 28.6419 -10.5772 -0.35363 0.834149 -0.423251
-13.4689 28.9055 -10.1798 -0.354819 0.837308 -0.415951
-13.3346 29.1635 -9.7728 -0.356395 0.838127 -0.412942
-13.2077 29.4567 -9.27918 -0.361534 0.840728 -0.403062
-13.1114 29.704 -8.85149 -0.367235 0.839954 -0.399501
-13.0318 29.949 -8.40801 -0.373951 0.841003 -0.390909
-12.9871 30.1881 -7.93224 -0.38293 0.837918 -0.388919
-12.9725 30.3974 -7.47827 -0.389322 0.844359 -0.368002
-12.9641 30.6504 -6.88921 -0.400196 0.845975 -0.352378
-13.0027 30.8245 -6.40551 -0.405321 0.852584 -0.329843
-13.0753 30.9856 -5.87442 -0.413533 0.857857 -0.305026
-13.1458 31.1231 -5.37744 -0.423541 0.860278 -0.283787
-13.2289 31.2605 -4.82887 -0.432224 0.862194 -0.264158
-13.3493 31.3576 -4.2954 -0.436325 0.867806 -0.237731
-13.5068 31.4513 -3.60516 -0.436488 0.874725 -0.210509
-13.618 31.5053 -3.10964 -0.464293 0.86686 -0.180576
-13.738 31.5481 -2.51796 -0.456081 0.878272 -0.142485
-13.8236 31.5577 -2.0112 -0.4624 0.88281 -0.0822152
-13.9115 31.5574 -1.46902 -0.473943 0.878805 -0.0463472
-13.9594 31.5436 -0.968996 -0.464989 0.885099 -0.0173888
-13.9871 31.5174 -0.36942 -0.471265 0.880721 0.04733
-13.991 31.4795 0.270586 -0.481176 0.874165 0.065618
-14.0258 31.4168 0.811615 -0.483449 0.872179 0.0747066
-13.9914 31.3716 1.38609 -0.474323 0.873192 0.111662
-13.9303 31.3287 1.94328 -0.481667 0.866441 0.130798
-13.855 31.2618 2.54155 -0.475297 0.863989 0.166177
-13.7224 31.1963 3.18702 -0.470888 0.856109 0.212935
-13.5856 31.1127 3.77987 -0.451399 0.858576 0.243079
-13.4653 31.0265 4.28162 -0.441884 0.854221 0.273945
-13.2892 30.9001 4.92906 -0.427962 0.850907 0.304334
-13.1494 30.7592 5.49254 -0.408696 0.853085 0.324367
-13.0437 30.5834 6.05894 -0.40213 0.843887 0.355087
-12.9893 30.3257 6.70831 -0.395486 0.836648 0.378838
-12.9632 30.0947 7.23227 -0.387296 0.833545 0.393913
-12.9677 29.8612 7.71635 -0.383227 0.833578 0.39785
-13.0095 29.557 8.30285 -0.3748 0.831901 0.409199
-13.0525 29.3198 8.74358 -0.363875 0.834846 0.413071
-13.1487 29.0549 9.18947 -0.360237 0.832659 0.420605
-13.2862 28.7686 9.63796 -0.353324 0.83413 0.423543
-13.4257 28.4835 10.0803 -0.35203 0.833644 0.425565
-13.5989 28.2014 10.4893 -0.347347 0.834 0.428707
-13.8794 27.8278 10.9918 -0.343315 0.8355 0.429039
-14.1511 27.5088 11.3963 -0.341828 0.835715 0.429807
-14.4087 27.1879 11.8157 -0.33957 0.835589 0.431835
-14.6981 26.8528 12.2381 -0.337667 0.836872 0.430844
-14.9731 26.5786 12.5555 -0.337503 0.837369 0.430006
-15.3239 26.2483 12.9226 -0.338307 0.836987 0.430118
-15.6223 25.9635 13.2413 -0.338814 0.836686 0.430304
-16.0591 25.6039 13.5933 -0.340666 0.836134 0.429915
-16.4211 25.3269 13.844 -0.343099 0.835143 0.429907
-16.8312 25.0395 14.0741 -0.34542 0.83595 0.426465
-17.3175 24.6904 14.3599 -0.350781 0.833793 0.426312
-17.7406 24.3874 14.6047 -0.350982 0.834011 0.425719
-18.2075 24.0359 14.9064 -0.356722 0.833223 0.422477
-18.6715 23.7032 15.1723 -0.358903 0.834729 0.417625
-19.0601 23.436 15.3729 -0.361381 0.834452 0.416045
-19.5664 23.0859 15.6337 -0.366563 0.834597 0.41119
-19.9802 22.7938 15.8539 -0.370022 0.83407 0.409157
-20.332 22.5196 16.0913 -0.374408 0.833411 0.4065
-20.6929 22.2477 16.3163 -0.37607 0.833754 0.404258
-21.1135 21.9434 16.552 -0.377463 0.833367 0.403757
-21.5007 21.6604 16.7706 -0.381726 0.832128 0.402305
-21.9546 21.32 17.041 -0.38477 0.829331 0.405167
-22.3322 21.0314 17.2719 -0.386217 0.82904 0.404386
-22.7102 20.7513 17.4846 -0.387797 0.829098 0.402748
-23.0906 20.4712 17.6925 -0.390475 0.829102 0.400146
-23.5457 20.1396 17.9392 -0.38816 0.830988 0.398485
-24.0437 19.7695 18.2282 -0.389252 0.83429 0.390419
-24.4569 19.4488 18.4983 -0.39794 0.831535 0.38752
-24.869 19.1213 18.7824 -0.401302 0.83365 0.379452
-25.2293 18.8362 19.0223 -0.40611 0.832233 0.377436
-25.5946 18.5642 19.2317 -0.404981 0.83408 0.374568
-25.9921 18.2858 19.4238 -0.404781 0.83502 0.37268
-26.3859 17.9969 19.6421 -0.408693 0.834509 0.369545
-26.7661 17.7092 19.8697 -0.409409 0.83379 0.370376
-27.1615 17.4062 20.1148 -0.409236 0.834008 0.370076
-27.596 17.0914 20.3444 -0.408597 0.834893 0.368783
-28.0532 16.7647 20.5801 -0.407255 0.836462 0.366706
-28.4803 16.4514 20.812 -0.414179 0.833376 0.365979
-28.8652 16.1542 21.0528 -0.416567 0.832745 0.364702
-29.3022 15.8033 21.356 -0.414528 0.832856 0.366767
-29.6832 15.5206 21.569 -0.411572 0.835123 0.364926
-30.0719 15.2386 21.7782 -0.412426 0.836319 0.361212
-30.481 14.9339 22.0191 -0.411898 0.837669 0.358679
-30.981 14.5683 22.2969 -0.412735 0.838073 0.356767
-31.3854 14.2665 22.5382 -0.412793 0.839505 0.353319
-31.7742 13.9775 22.7713 -0.411799 0.840626 0.351808
-32.2248 13.6539 23.0183 -0.411488 0.841354 0.35043
-32.6351 13.3548 23.2565 -0.410906 0.842139 0.349225
-33.0266 13.0648 23.4959 -0.410324 0.842558 0.3489
-33.4158 12.7974 23.6837 -0.410238 0.842473 0.349204
-33.8646 12.4854 23.9115 -0.408932 0.84325 0.34886
-34.2702 12.1906 24.1493 -0.408466 0.843702 0.348313
-34.6708 11.9079 24.3639 -0.408843 0.843946 0.347278
-35.0411 11.6416 24.5756 -0.408912 0.84431 0.34631
-35.5532 11.2726 24.8734 -0.407967 0.845358 0.344866
-36.1112 10.8818 25.1722 -0.407521 0.845771 0.34438
-36.5356 10.5826 25.4054 -0.407176 0.846144 0.343872
-36.9127 10.3115 25.6262 -0.408073 0.846195 0.342682
-37.3908 9.95514 25.9367 -0.409144 0.846199 0.341392
-37.7482 9.68348 26.1804 -0.410043 0.845538 0.34195
-38.1649 9.39414 26.3966 -0.408879 0.846298 0.341464
-38.5736 9.10748 26.6188 -0.407997 0.847682 0.339078
-39.0381 8.77659 26.8883 -0.40679 0.8486 0.338231
-39.51 8.43501 27.1746 -0.411783 0.846736 0.336857
-39.8759 8.17151 27.3915 -0.416489 0.845548 0.33404
-40.3573 7.81838 27.6798 -0.420875 0.843155 0.334595
-40.7554 7.52184 27.9254 -0.422378 0.842647 0.33398
-41.1464 7.23432 28.1581 -0.422509 0.843456 0.331766
-41.5594 6.93644 28.3938 -0.420082 0.845336 0.330057
-41.9586 6.64955 28.6223 -0.42003 0.845836 0.328841
-42.3347 6.37503 28.8472 -0.422587 0.84449 0.329023
-42.8577 5.99018 29.1605 -0.42659 0.843556 0.326243
-43.3129 5.66175 29.4137 -0.427314 0.843154 0.326335
-43.6888 5.39137 29.6241 -0.426231 0.844994 0.322973
-44.17 5.04042 29.9089 -0.425787 0.845608 0.321951
-44.5515 4.75946 30.1329 -0.432059 0.841844 0.323456
-44.9248 4.48696 30.3327 -0.43961 0.838187 0.322777
-45.2915 4.21038 30.5474 -0.444652 0.836828 0.319379
-45.7567 3.84689 30.8508 -0.446687 0.836197 0.318192
-46.1511 3.54734 31.0841 -0.448531 0.83554 0.317323
-46.5867 3.21744 31.3375 -0.449627 0.836751 0.312527
-47.0189 2.88893 31.5924 -0.456612 0.834199 0.309203
-47.4361 2.57848 31.8131 -0.456936 0.835514 0.305164
-47.8329 2.27516 32.0395 -0.464575 0.83289 0.300772
-47.851 2.11739 32.4505 -0.463863 0.83447 0.297475
-47.546 2.10193 32.9644 -0.459813 0.835264 0.301498
-47.2426 2.07868 33.4889 -0.451962 0.838291 0.30495
-46.9175 2.06733 33.9997 -0.449803 0.83931 0.305345
-46.6235 2.06889 34.4283 -0.449053 0.839897 0.304835
-46.2216 2.0795 34.9837 -0.443682 0.841516 0.308213
-45.9053 2.06685 35.4707 -0.442124 0.841956 0.30925
-45.6193 2.05368 35.8996 -0.428282 0.846934 0.315084
-45.325 2.04878 36.3097 -0.429544 0.844319 0.320339
-44.8847 2.04241 36.9104 -0.422346 0.846137 0.325072
-44.5612 2.0244 37.3738 -0.42105 0.845472 0.328469
-44.2407 2.01621 37.8028 -0.411178 0.849309 0.33107
-43.8581 2.00348 38.3057 -0.411488 0.847425 0.335479
-43.4651 1.98943 38.8184 -0.405168 0.850691 0.334908
-43.158 1.97754 39.2189 -0.401817 0.851465 0.336962
-42.8278 1.97508 39.6139 -0.39675 0.852094 0.341355
-42.4572 1.96609 40.063 -0.389722 0.852714 0.347842
-42.0544 1.97231 40.4931 -0.384627 0.853684 0.35112
-41.6739 1.97887 40.8913 -0.384854 0.852569 0.353573
-41.2503 1.98953 41.3272 -0.384266 0.852031 0.355498
-40.787 1.99648 41.8016 -0.372571 0.855213 0.360281
-40.4005 1.99892 42.1933 -0.370648 0.855025 0.3627
-40.009 1.9969 42.5854 -0.362544 0.85606 0.368405
-39.5351 1.98621 43.077 -0.362531 0.855952 0.36867
-39.1802 1.97328 43.4558 -0.362239 0.855636 0.369687
-38.7014 1.97093 43.928 -0.361393 0.854944 0.37211
-38.2749 1.97821 44.3245 -0.362092 0.853538 0.374649
-37.7424 2.00005 44.7822 -0.354173 0.852741 0.383887
-37.276 2.01378 45.1706 -0.343007 0.852644 0.394123
-36.8535 2.01421 45.5327 -0.333378 0.855114 0.397038
-36.46 2.00185 45.8883 -0.331947 0.85497 0.398543
-36.0517 2.00162 46.2257 -0.324199 0.856741 0.40111
-35.5506 1.99327 46.6445 -0.322378 0.855672 0.404843
-35.1348 1.97455 47.0112 -0.319053 0.855704 0.407402
-34.7382 1.9683 47.3327 -0.31474 0.854565 0.413108
-34.3214 1.97424 47.6366 -0.310146 0.853299 0.419154
-33.8929 1.98111 47.9388 -0.305501 0.852424 0.424272
-33.4563 1.9802 48.2463 -0.296886 0.852514 0.430206
-32.932 1.97792 48.6092 -0.293768 0.851278 0.434772
-32.4451 1.98109 48.9313 -0.292168 0.851711 0.435
-31.9404 1.98125 49.2681 -0.290422 0.851697 0.436195
-31.3365 1.97946 49.6718 -0.289 0.851228 0.438053
-30.9178 1.9803 49.9459 -0.285413 0.851392 0.440065
-30.4845 1.97691 50.2265 -0.271246 0.850153 0.451293
-29.9998 1.97358 50.5218 -0.26707 0.84979 0.454456
-29.442 1.98807 50.8194 -0.264621 0.849311 0.456779
-28.936 1.99804 51.0918 -0.256818 0.849443 0.460968
-28.4425 2.00565 51.3489 -0.24691 0.85233 0.461053
-27.8845 2.00835 51.6343 -0.238568 0.853018 0.46416
-27.4338 2.00345 51.8722 -0.235803 0.853938 0.463883
-26.9075 1.99183 52.1483 -0.222502 0.855879 0.466864
-26.4453 1.98707 52.3742 -0.213038 0.85779 0.46777
-25.9562 1.99844 52.5735 -0.209466 0.857878 0.469223
-25.398 2.014 52.7935 -0.208802 0.857663 0.46991
-24.812 2.02006 53.0376 -0.2032 0.85656 0.474357
-24.3206 2.01619 53.2536 -0.197741 0.856656 0.476483
-23.7178 2.02115 53.4952 -0.199796 0.856133 0.47657
-23.1887 2.02184 53.7027 -0.185352 0.852873 0.488111
-22.6779 2.01779 53.9064 -0.180697 0.85133 0.492525
-22.1302 2.01836 54.1077 -0.184935 0.850404 0.492556
-21.5643 2.01366 54.3265 -0.179592 0.85076 0.493909
-20.9269 2.01718 54.5483 -0.177391 0.850052 0.495928
-20.4549 2.01013 54.7188 -0.154665 0.8489 0.505419
-19.9675 1.99957 54.883 -0.149537 0.848084 0.508324
-19.4738 1.99558 55.0319 -0.14357 0.848485 0.509373
-18.9481 2.00564 55.1631 -0.143309 0.847984 0.510279
-18.4064 2.02111 55.2854 -0.135985 0.848629 0.511212
-17.9141 2.01932 55.4179 -0.132274 0.849079 0.511438
-17.4158 2.00078 55.5777 -0.129903 0.847344 0.514905
-16.8586 1.99593 55.7222 -0.12522 0.847865 0.515214
-16.3305 1.9957 55.8482 -0.120034 0.848534 0.515346
-15.6671 2.00278 55.9822 -0.109884 0.848561 0.517561
-15.1653 2.00442 56.0828 -0.107228 0.850104 0.51557
-14.6594 2.00843 56.1763 -0.101735 0.850602 0.515874
-14.0444 2.01611 56.2803 -0.0974474 0.849362 0.518736
-13.4792 2.02145 56.3767 -0.096897 0.848196 0.520741
-12.9474 2.03298 56.4548 -0.0921046 0.847436 0.522847
-12.4168 2.03644 56.537 -0.0812639 0.847022 0.525309
-11.8908 2.03929 56.6122 -0.076824 0.847398 0.525371
-11.2706 2.04409 56.6936 -0.0736521 0.847683 0.525363
-10.7361 2.03383 56.7835 -0.0684997 0.847487 0.526366
-10.0519 2.00999 56.9006 -0.0572772 0.84954 0.524405
-9.42203 2.00871 56.9685 -0.052749 0.848571 0.526445
-8.80407 2.04347 56.975 -0.0500346 0.845243 0.532006
-8.23974 2.05493 57.0052 -0.0434801 0.842619 0.53674
-7.56214 2.05843 57.0485 -0.0355503 0.842757 0.537119
-6.84029 2.0769 57.0663 -0.0341633 0.841258 0.539553
-6.32587 2.07675 57.0981 -0.0330327 0.841079 0.539902
-5.81687 2.07897 57.1246 -0.0313519 0.840689 0.540609
-5.12316 2.08722 57.1475 -0.0263777 0.838993 0.543502
-4.44821 2.09012 57.1737 -0.0242087 0.838056 0.545047
-3.86815 2.13786 57.1249 -0.0231466 0.83786 0.545395
-3.8442 2.46472 56.6242 -0.0243387 0.837584 0.545766
-3.88645 2.79933 56.1083 -0.0264906 0.838532 0.544207
-3.86959 3.12589 55.6066 -0.0284803 0.838045 0.544858
-3.85495 3.40779 55.1721 -0.0299857 0.839023 0.543269
-3.85134 3.69966 54.7211 -0.0299585 0.839858 0.541978
-3.85531 3.98167 54.2837 -0.0287219 0.839731 0.542243
-3.83991 4.30435 53.782 -0.0267057 0.841336 0.539853
-3.82808 4.58734 53.3388 -0.0276399 0.843692 0.536116
-3.83272 4.89538 52.8532 -0.0287557 0.844129 0.535369
-3.84233 5.19646 52.3783 -0.0306226 0.843791 0.535797
-3.84074 5.49081 51.9158 -0.0327594 0.843021 0.536882
-3.83901 5.87426 51.3155 -0.0388554 0.841986 0.538099
-3.83419 6.18824 50.8258 -0.040931 0.841629 0.538497
-3.82535 6.47647 50.3735 -0.0416126 0.841845 0.538107
-3.81486 6.80428 49.8627 -0.0467703 0.840881 0.539196
-3.8189 7.11324 49.3812 -0.0445761 0.840221 0.54041
-3.83195 7.38779 48.9529 -0.0460659 0.840976 0.539107
-3.84101 7.69863 48.4688 -0.046662 0.839298 0.541664
-3.81661 8.03022 47.9562 -0.0488763 0.839467 0.541207
-3.81088 8.33994 47.4767 -0.0508578 0.838597 0.542371
-3.82707 8.67794 46.9528 -0.0526592 0.838478 0.542385
-3.81078 8.99742 46.4623 -0.0537473 0.837502 0.543782
-3.79896 9.2859 46.0198 -0.0558801 0.837065 0.544243
-3.80867 9.64536 45.4674 -0.058188 0.836309 0.545161
-3.83351 9.95841 44.9854 -0.0586311 0.836214 0.545258
-3.81964 10.242 44.5528 -0.0607411 0.835484 0.546147
-3.8223 10.5999 44.0047 -0.0613927 0.83537 0.546249
-3.79628 10.8959 43.5545 -0.0625549 0.835158 0.54644
-3.79256 11.1856 43.1139 -0.0640359 0.832441 0.550394
-3.80099 11.5011 42.6367 -0.0681127 0.831931 0.55068
-3.8012 11.841 42.1243 -0.0705683 0.831488 0.551042
-3.83127 12.141 41.6667 -0.071153 0.832366 0.54964
-3.82909 12.4171 41.2486 -0.0716922 0.832216 0.549796
-3.79816 12.7457 40.7559 -0.073091 0.83128 0.551028
-3.7789 13.1084 40.2116 -0.0774806 0.829913 0.552487
-3.77579 13.3871 39.7923 -0.0796526 0.830509 0.55128
-3.78732 13.7027 39.3142 -0.0810361 0.830833 0.550589
-3.81592 14.0145 38.8363 -0.0871072 0.832618 0.546953
-3.83896 14.3426 38.3331 -0.0850261 0.832951 0.546775
-3.82402 14.6279 37.899 -0.0916071 0.832583 0.546267
-3.83164 14.9418 37.416 -0.0983729 0.837043 0.538222
-3.84329 15.2165 36.989 -0.101048 0.835431 0.540227
-3.84314 15.5108 36.5312 -0.103134 0.838048 0.535761
-3.83446 15.7923 36.0968 -0.10776 0.83528 0.539161
-3.79784 16.0791 35.6615 -0.109978 0.832774 0.54258
-3.75989 16.3781 35.2105 -0.108821 0.832872 0.542662
-3.75164 16.6834 34.7434 -0.111396 0.832137 0.543268
-3.77076 16.9651 34.3077 -0.112133 0.83201 0.543309
-3.78859 17.2554 33.858 -0.114026 0.833661 0.540377
-3.78592 17.5376 33.4242 -0.122497 0.832916 0.539672
-3.77861 17.8245 32.983 -0.123209 0.833298 0.538919
-3.77818 18.108 32.546 -0.125563 0.832227 0.54003
-3.78867 18.4109 32.0764 -0.126064 0.832814 0.539007
-3.8198 18.727 31.5815 -0.128578 0.832149 0.539441
-3.82188 19.0384 31.1018 -0.131813 0.831053 0.540348
-3.79174 19.3573 30.6208 -0.135679 0.829536 0.541721
-3.76945 19.7133 30.0831 -0.13821 0.827426 0.544302
-3.74555 20.0718 29.5439 -0.141812 0.827164 0.543773
-3.7419 20.3732 29.0862 -0.141592 0.827272 0.543666
-3.77465 20.7188 28.5509 -0.145295 0.82671 0.543544
-3.77613 21.0259 28.0804 -0.149521 0.827924 0.54054
-3.76017 21.3441 27.5965 -0.15471 0.829843 0.536121
-3.76597 21.6473 27.1261 -0.160967 0.828646 0.53613
-3.78159 21.9658 26.6299 -0.162452 0.827577 0.537333
-3.78506 22.3455 26.0421 -0.16859 0.828388 0.534175
-3.78258 22.6175 25.6183 -0.17351 0.828389 0.532601
-3.78333 22.8978 25.1814 -0.178484 0.828055 0.531475
-3.77604 23.2589 24.6232 -0.182902 0.825473 0.533986
-3.77762 23.6257 24.0555 -0.184077 0.825543 0.533474
-3.7831 23.9354 23.5714 -0.188812 0.827003 0.529543
-3.78539 24.2081 23.1437 -0.194905 0.828826 0.524461
-3.80071 24.5133 22.6521 -0.19631 0.830683 0.520987
-3.80271 24.8544 22.1071 -0.198043 0.829695 0.521906
-3.77315 25.1953 21.5732 -0.197541 0.831487 0.519237
-3.73525 25.532 21.0482 -0.201077 0.832023 0.517007
-3.69121 25.8224 20.5965 -0.205397 0.832084 0.515212
-3.6283 26.1042 20.1638 -0.205152 0.833689 0.512714
-3.52549 26.3886 19.7428 -0.206011 0.834353 0.511283
-3.38075 26.7319 19.2388 -0.207709 0.835094 0.509383
-3.20509 27.0744 18.7484 -0.20597 0.835809 0.508907
-3.02115 27.3645 18.3427 -0.207065 0.838363 0.504254
-2.78325 27.7015 17.8753 -0.198943 0.843305 0.499258
-2.5303 28.0078 17.4605 -0.193126 0.84301 0.502032
-2.2864 28.272 17.1128 -0.188892 0.842337 0.504766
-1.99191 28.5833 16.7005 -0.182409 0.844162 0.504101
-1.70052 28.8594 16.3428 -0.179239 0.844268 0.50506
-1.41464 29.1153 16.015 -0.172752 0.844854 0.506338
-1.04308 29.397 15.6687 -0.166157 0.845235 0.507907
-0.59046 29.6832 15.3367 -0.156971 0.847103 0.507692
-0.189168 29.9138 15.0698 -0.143897 0.850349 0.506123
0.314382 30.1809 14.7628 -0.131511 0.852212 0.506398
0.770056 30.3894 14.5239 -0.11491 0.85037 0.513485
1.28893 30.5822 14.3034 -0.0953504 0.856335 0.507542
1.7706 30.7352 14.1264 -0.0762279 0.860752 0.503212
2.26154 30.8622 13.9613 -0.0483996 0.864542 0.500223
2.73654 30.9672 13.8184 -0.0204763 0.871152 0.490586
3.31221 31.0751 13.6416 0.000579613 0.877964 0.478727
3.90817 31.1709 13.4561 0.0113051 0.88009 0.474673
4.56382 31.2398 13.2573 0.0534857 0.892108 0.448636
5.16931 31.2802 13.0263 0.132311 0.89475 0.426376
5.72922 31.301 12.7893 0.145204 0.899377 0.412349
6.31297 31.3218 12.5244 0.174324 0.89032 0.420644
6.76357 31.3306 12.3 0.208336 0.877451 0.432059
7.32947 31.3342 11.993 0.232792 0.877165 0.419987
7.76407 31.3188 11.7334 0.265541 0.884343 0.383956
8.19904 31.3148 11.4095 0.296346 0.877115 0.37791
8.61332 31.3132 11.0665 0.342147 0.876946 0.337492
9.0955 31.2755 10.6745 0.345644 0.882374 0.319061
9.57582 31.2073 10.3075 0.372224 0.879909 0.295312
9.95469 31.1534 9.97351 0.384493 0.87834 0.284049
10.3246 31.096 9.632 0.405567 0.871159 0.276762
10.6919 31.029 9.2835 0.413232 0.877503 0.243369
11.1195 30.9296 8.87384 0.440474 0.866664 0.234258
11.5389 30.7984 8.51273 0.465324 0.860383 0.207865
12.0507 30.6031 8.12137 0.490529 0.850891 0.188056
12.5499 30.3863 7.76521 0.509742 0.842648 0.173517
13.0525 30.1398 7.46863 0.513099 0.842113 0.166055
13.5066 29.9026 7.23725 0.521959 0.83857 0.156078
13.9275 29.6742 7.04994 0.523192 0.839391 0.147287
14.4488 29.3789 6.85853 0.531585 0.8363 0.134223
14.9268 29.0935 6.74603 0.533438 0.835929 0.129017
15.4266 28.7864 6.65463 0.535525 0.836279 0.117656
15.9191 28.4825 6.56686 0.536005 0.836293 0.115376
16.3521 28.2113 6.51576 0.536725 0.836301 0.111922
16.8165 27.914 6.50559 0.538062 0.835686 0.110079
17.2504 27.6322 6.53641 0.538233 0.836143 0.105687
17.6781 27.3513 6.58267 0.538704 0.835957 0.104751
18.1146 27.0588 6.66117 0.540067 0.834473 0.109462
18.5458 26.7672 6.7609 0.538776 0.835253 0.109871
19.0664 26.4117 6.91059 0.539043 0.835313 0.1081
19.4663 26.1363 7.03883 0.541101 0.833975 0.108144
19.8769 25.8501 7.19622 0.539942 0.83496 0.106323
20.2976 25.553 7.3837 0.543107 0.832643 0.108356
20.7183 25.2487 7.61571 0.541854 0.833229 0.110107
21.1105 24.9652 7.83024 0.541378 0.833003 0.114091
21.5038 24.6812 8.04173 0.539528 0.834155 0.114433
21.9038 24.3914 8.27032 0.538677 0.834635 0.114941
22.3672 24.0584 8.51936 0.537897 0.834829 0.117162
22.7451 23.7889 8.7103 0.536875 0.835057 0.120185
23.2059 23.4487 9.01572 0.53574 0.835487 0.122242
23.5686 23.1826 9.24365 0.536028 0.83518 0.123081
23.9701 22.8914 9.47488 0.534195 0.836037 0.125211
24.3656 22.6064 9.68534 0.534928 0.834939 0.129337
24.7467 22.3301 9.90436 0.531495 0.836428 0.133787
25.192 22.0055 10.1749 0.526432 0.839513 0.134468
25.5951 21.7148 10.4058 0.525706 0.839656 0.136421
25.9926 21.4329 10.6089 0.525311 0.839694 0.137696
26.4157 21.129 10.8479 0.525954 0.839202 0.138242
26.8331 20.8226 11.1114 0.525203 0.83931 0.140431
27.2068 20.548 11.3414 0.526103 0.837912 0.145322
27.6633 20.2201 11.5887 0.523815 0.839251 0.145853
28.0677 19.9239 11.8256 0.526753 0.837385 0.145997
28.4581 19.6375 12.0609 0.527573 0.836652 0.147241
28.8302 19.3625 12.2921 0.523818 0.838802 0.148355
29.257 19.056 12.5222 0.521119 0.838872 0.157244
29.68 18.7482 12.7713 0.514562 0.841918 0.162478
30.0912 18.4523 12.9991 0.51628 0.840166 0.166027
30.491 18.1617 13.2209 0.513927 0.841047 0.168873
30.8711 17.8887 13.4163 0.519778 0.836746 0.172251
31.3014 17.5732 13.6602 0.511256 0.840991 0.177063
31.6743 17.2978 13.8719 0.520272 0.833953 0.183953
32.0726 17.0027 14.088 0.517649 0.833867 0.191589
32.4604 16.7052 14.3373 0.514833 0.835107 0.193762
32.8216 16.4296 14.5623 0.517138 0.833759 0.193378
33.2236 16.1147 14.8377 0.516645 0.833117 0.197466
33.603 15.8241 15.0639 0.520211 0.830536 0.198973
33.9829 15.5379 15.2708 0.517275 0.831232 0.203668
34.3867 15.2328 15.4894 0.519722 0.829922 0.202698
34.7563 14.9483 15.7011 0.52496 0.826969 0.201342
35.1766 14.6267 15.9358 0.51989 0.830128 0.2015
35.5739 14.3197 16.1696 0.521793 0.827989 0.205344
35.9375 14.0416 16.3817 0.516159 0.832042 0.203189
36.416 13.6796 16.645 0.512237 0.832839 0.209745
36.8059 13.3853 16.8526 0.513255 0.829789 0.219132
37.1901 13.0916 17.066 0.511749 0.83075 0.219014
37.5989 12.7797 17.2898 0.50898 0.830466 0.226419
37.9713 12.4965 17.4878 0.512112 0.828315 0.227236
38.4081 12.1578 17.7383 0.509954 0.82943 0.228008
38.7915 11.8599 17.9582 0.510115 0.827053 0.236148
39.2634 11.4955 18.2148 0.509495 0.827091 0.237348
39.7237 11.1334 18.4934 0.506001 0.829249 0.237294
40.144 10.8039 18.7528 0.503748 0.830836 0.236537
40.6045 10.4442 19.0364 0.502926 0.831122 0.23728
41.053 10.1017 19.2888 0.500737 0.832634 0.236608
41.4283 9.82075 19.483 0.500275 0.832414 0.238354
41.9102 9.45916 19.7352 0.498668 0.833477 0.238002
42.334 9.14 19.9665 0.500043 0.832288 0.239269
42.7593 8.8103 20.2244 0.497759 0.833287 0.240557
43.1967 8.47139 20.496 0.496902 0.833863 0.240335
43.6 8.15961 20.74 0.497247 0.833297 0.241579
44.0127 7.8473 20.9756 0.491249 0.835927 0.244745
44.4649 7.50584 21.2365 0.488918 0.837604 0.243677
44.9346 7.14244 21.5459 0.48839 0.837964 0.243498
45.2954 6.86782 21.7685 0.486666 0.838306 0.245761
45.6801 6.57938 21.9957 0.483914 0.840141 0.244928
46.0608 6.29829 22.2158 0.477549 0.843272 0.246634
46.4747 6.00267 22.4318 0.47399 0.845213 0.24688
46.8633 5.71939 22.6553 0.474015 0.844881 0.247963
47.3224 5.38177 22.9272 0.474856 0.844302 0.248324
47.7175 5.09025 23.1606 0.475969 0.843394 0.249277
48.0902 4.81271 23.388 0.475895 0.843301 0.249733
48.57 4.45985 23.6646 0.475914 0.843141 0.250237
49.0708 4.09575 23.9321 0.478043 0.841207 0.252678
49.4876 3.78855 24.1642 0.478944 0.840464 0.253441
49.9772 3.41677 24.469 0.479249 0.839933 0.254624
50.4368 3.07598 24.7278 0.479385 0.839834 0.254692
50.8293 2.78863 24.9347 0.480228 0.839123 0.255447
51.2128 2.50413 25.144 0.481919 0.836436 0.261014
51.6406 2.18633 25.3729 0.475044 0.837254 0.270812
51.9933 2.08192 25.0698 0.475197 0.837718 0.269104
52.3131 2.06893 24.5363 0.471935 0.844008 0.25481
52.5768 2.0661 24.0537 0.473636 0.843572 0.253091
52.8657 2.04974 23.5658 0.474255 0.843517 0.252112
53.1357 2.03502 23.1027 0.476517 0.843147 0.249068
53.3767 2.03541 22.6375 0.476889 0.843518 0.247092
53.6124 2.04269 22.1563 0.477025 0.843681 0.24627
53.8473 2.05654 21.6488 0.477229 0.844547 0.242885
54.0968 2.06107 21.1417 0.477853 0.844476 0.241903
54.3275 2.05316 20.6967 0.478198 0.849656 0.222288
54.5877 2.04201 20.1768 0.478476 0.849943 0.220583
54.8066 2.04294 19.6856 0.480977 0.849614 0.216362
55.0931 2.0484 19.0263 0.481827 0.850607 0.2105
55.3087 2.0472 18.5343 0.485054 0.849225 0.208659
55.5696 2.04096 17.9444 0.485921 0.849985 0.203481
55.7827 2.03792 17.4351 0.488658 0.850691 0.193716
55.9918 2.02953 16.935 0.490588 0.851469 0.18525
56.1876 2.02076 16.4469 0.49527 0.851248 0.173433
56.3987 2.01089 15.8824 0.49737 0.850869 0.169243
56.5758 2.00784 15.3759 0.499249 0.850022 0.167969
56.8055 2.00976 14.6827 0.499671 0.850094 0.166332
57.0129 2.00928 14.0509 0.504226 0.84852 0.160534
57.1557 2.0186 13.543 0.5081 0.847038 0.156077
57.3054 2.03136 12.9657 0.510901 0.846725 0.148444
57.4882 2.03537 12.2779 0.514413 0.847911 0.128164
57.629 2.02738 11.7576 0.516032 0.847469 0.124529
57.758 2.02248 11.2453 0.514368 0.849284 0.118923
57.8952 2.01893 10.6492 0.516218 0.849578 0.108321
58.0038 2.01526 10.1571 0.514893 0.850644 0.106251
58.1418 2.00393 9.55111 0.510307 0.855183 0.0908197
58.2442 1.99541 9.03385 0.513108 0.854252 0.0834811
58.3488 1.98718 8.45122 0.514902 0.853598 0.0790368
58.4099 1.99727 7.92494 0.519623 0.851123 0.0747102
58.4593 2.01521 7.33468 0.526257 0.847997 0.0628828
58.5136 2.01936 6.81904 0.523941 0.849511 0.0617843
58.5558 2.03341 6.24657 0.524793 0.849336 0.0567511
58.613 2.04072 5.57842 0.525236 0.849341 0.0524192
58.6541 2.04613 5.04505 0.528397 0.847631 0.0481022
58.7042 2.04336 4.51903 0.528982 0.847472 0.0443402
58.7732 2.02636 3.99649 0.528857 0.847895 0.0369233
58.8278 2.01568 3.38313 0.52939 0.847924 0.0275139
58.8598 2.01196 2.75885 0.528042 0.848995 0.0194604
58.8914 2.00429 2.2546 0.524324 0.851266 0.0207644
58.916 2.00268 1.64927 0.525934 0.850382 0.0153015
58.9113 2.00902 1.11611 0.526884 0.849937 -0.00103233
58.9059 2.01026 0.597321 0.532792 0.846197 -0.00911651
58.8905 2.01293 0.0469101 0.53451 0.845071 -0.0123825
58.86 2.02447 -0.462268 0.534649 0.84497 -0.013244
58.8355 2.03094 -1.01715 0.533002 0.846001 -0.0138654
58.8137 2.03328 -1.53806 0.533575 0.845379 -0.0247352
58.7906 2.02647 -2.1772 0.53574 0.843878 -0.0292097
58.753 2.02556 -2.79217 0.534923 0.844151 -0.0355792
58.7174 2.02564 -3.29908 0.533537 0.844926 -0.0379241
58.6765 2.02804 -3.80928 0.533706 0.844735 -0.0397468
58.6139 2.04207 -4.31081 0.532447 0.845266 -0.044956
58.5488 2.04656 -4.95412 0.532693 0.844479 -0.0555403
58.4919 2.0483 -5.46499 0.52832 0.847136 -0.0568219
58.4394 2.0433 -5.97054 0.527249 0.846952 -0.0683916
58.3526 2.0526 -6.51221 0.524324 0.848308 -0.0737448
58.2748 2.05402 -7.01878 0.523209 0.848562 -0.0787008
58.1775 2.05145 -7.64894 0.521866 0.84832 -0.0894919
58.0767 2.04893 -8.24573 0.518417 0.849769 -0.0955817
57.9913 2.04208 -8.75201 0.518105 0.84901 -0.103683
57.9107 2.02516 -9.28819 0.519063 0.848284 -0.104819
57.8152 2.00591 -9.90503 0.513705 0.851077 -0.108461
57.6971 2.01114 -10.4122 0.519316 0.846585 -0.116598
57.5732 2.01217 -10.9494 0.514398 0.849048 -0.120391
57.4086 2.0273 -11.5326 0.516066 0.847351 -0.125174
57.2748 2.03454 -12.0301 0.517152 0.844995 -0.135986
57.1356 2.03648 -12.5229 0.51331 0.845226 -0.14868
56.958 2.03869 -13.1139 0.506762 0.848673 -0.151483
56.7984 2.03781 -13.643 0.505261 0.848792 -0.155764
56.6289 2.03337 -14.2107 0.501047 0.850857 -0.158083
56.4351 2.03237 -14.8142 0.500096 0.850014 -0.165472
56.2628 2.03013 -15.3453 0.500283 0.849715 -0.166437
56.0777 2.02118 -15.9462 0.500841 0.849341 -0.166668
55.9118 2.0144 -16.4768 0.500862 0.848535 -0.170635
55.7073 2.01259 -17.059 0.497586 0.847455 -0.185011
55.4804 2.00512 -17.6695 0.49083 0.847241 -0.203132
55.257 2.01338 -18.1682 0.482435 0.850593 -0.209161
55.0329 2.01318 -18.6838 0.482514 0.850134 -0.210838
54.8227 2.0188 -19.1416 0.48255 0.84923 -0.214342
54.5572 2.0291 -19.687 0.479895 0.849049 -0.22093
54.3098 2.03643 -20.1943 0.477292 0.84982 -0.223606
54.0765 2.03423 -20.6962 0.47707 0.848815 -0.227855
53.8313 2.02949 -21.2102 0.478567 0.845177 -0.238011
53.5754 2.0294 -21.7088 0.475061 0.844843 -0.246084
53.2693 2.03624 -22.2587 0.471695 0.844696 -0.252968
53.0243 2.04044 -22.6976 0.471398 0.843785 -0.256535
52.7127 2.04473 -23.254 0.471324 0.842811 -0.259847
52.4469 2.05668 -23.6963 0.473637 0.841631 -0.259471
52.1712 2.06873 -24.1571 0.473257 0.84068 -0.263215
51.9092 2.07401 -24.6102 0.474103 0.83925 -0.266232
51.5506 2.10386 -25.1458 0.473062 0.837054 -0.27487
51.0313 2.42765 -25.0535 0.474912 0.83685 -0.27229
50.6492 2.71525 -24.8359 0.475383 0.836724 -0.271854
50.2628 3.00828 -24.6049 0.474895 0.838898 -0.265942
49.865 3.31113 -24.3602 0.47493 0.838799 -0.266193
49.4363 3.63165 -24.1141 0.476405 0.838802 -0.263532
49.0362 3.9301 -23.8877 0.477266 0.838507 -0.262913
48.6184 4.24136 -23.654 0.477756 0.838157 -0.26314
48.1696 4.5727 -23.4134 0.477399 0.838252 -0.263483
47.7707 4.87096 -23.1889 0.480467 0.836859 -0.262333
47.4062 5.15362 -22.9571 0.484352 0.834488 -0.262741
46.9643 5.50053 -22.6722 0.486272 0.833175 -0.263358
46.5816 5.79786 -22.4427 0.488761 0.832453 -0.261024
46.2027 6.08526 -22.2351 0.491546 0.830757 -0.261199
45.8262 6.36584 -22.0509 0.491607 0.831423 -0.258956
45.3847 6.71162 -21.781 0.494854 0.829147 -0.260068
44.9401 7.05137 -21.5449 0.494736 0.829478 -0.25923
44.4333 7.44202 -21.2582 0.495553 0.831338 -0.251602
44.0435 7.74916 -21.0123 0.50012 0.829827 -0.247523
43.6207 8.07361 -20.779 0.500967 0.829867 -0.245669
43.2581 8.35752 -20.5631 0.503758 0.828708 -0.243867
42.8522 8.68556 -20.2898 0.506019 0.827978 -0.241654
42.4097 9.03572 -20.0156 0.506326 0.828084 -0.240645
42.0045 9.34942 -19.7923 0.508587 0.826307 -0.241984
41.5841 9.68483 -19.5322 0.512325 0.825978 -0.235126
41.1592 10.0112 -19.3111 0.513962 0.825403 -0.233563
40.6999 10.3711 -19.049 0.511576 0.828036 -0.229447
40.2687 10.7038 -18.8132 0.5139 0.827577 -0.225883
39.9062 10.9896 -18.6034 0.52374 0.821893 -0.22403
39.5183 11.2992 -18.3762 0.526508 0.820002 -0.224469
39.095 11.6372 -18.1368 0.528084 0.818823 -0.22507
38.7309 11.9255 -17.9379 0.525404 0.821467 -0.22168
38.3601 12.2168 -17.7382 0.525661 0.823044 -0.215125
37.9944 12.5015 -17.5293 0.518831 0.82783 -0.213337
37.569 12.8262 -17.2957 0.516609 0.830625 -0.207794
37.1574 13.1354 -17.087 0.51988 0.828922 -0.206431
36.7354 13.4553 -16.8737 0.523735 0.826729 -0.205463
36.3485 13.7566 -16.6522 0.52691 0.825302 -0.203079
35.9469 14.0808 -16.372 0.524797 0.827073 -0.201339
35.5348 14.407 -16.1049 0.524033 0.827905 -0.199908
35.0744 14.7614 -15.832 0.522513 0.831002 -0.190826
34.6512 15.0932 -15.5635 0.532959 0.825987 -0.183571
34.2446 15.4088 -15.3336 0.537588 0.822335 -0.186453
33.7659 15.777 -15.0807 0.534818 0.825164 -0.181863
33.3291 16.1123 -14.8516 0.535988 0.825189 -0.178224
32.9321 16.4144 -14.6418 0.533375 0.827712 -0.174365
32.4858 16.7565 -14.395 0.534305 0.826213 -0.178527
32.1209 17.0368 -14.1778 0.534708 0.826468 -0.176142
31.7543 17.3175 -13.9758 0.53888 0.824869 -0.170834
31.3347 17.6473 -13.704 0.538689 0.825596 -0.167921
30.8972 17.9916 -13.4111 0.540712 0.826167 -0.158365
30.3816 18.3835 -13.1319 0.542446 0.825247 -0.157224
29.8898 18.7528 -12.8849 0.542074 0.825592 -0.156696
29.5179 19.0336 -12.6887 0.540856 0.827549 -0.150458
29.1299 19.3292 -12.4576 0.540522 0.827354 -0.152711
28.7315 19.6299 -12.2266 0.538918 0.829348 -0.147473
28.3585 19.9085 -12.0243 0.539248 0.82954 -0.145173
27.946 20.2211 -11.7683 0.537919 0.830608 -0.14399
27.5285 20.5381 -11.4885 0.537398 0.831903 -0.138351
27.1284 20.8403 -11.2232 0.535236 0.833379 -0.137842
26.6192 21.219 -10.9157 0.539859 0.830696 -0.136001
26.1239 21.5823 -10.6452 0.540367 0.83214 -0.124686
25.657 21.9244 -10.3777 0.541084 0.832597 -0.118363
25.2666 22.2081 -10.1655 0.540781 0.832922 -0.117455
24.8908 22.4798 -9.97 0.540751 0.832919 -0.117618
24.5123 22.7544 -9.77312 0.543118 0.831736 -0.115061
23.9793 23.1444 -9.47291 0.54418 0.830881 -0.116211
23.6147 23.4135 -9.25919 0.545365 0.830176 -0.115685
23.0982 23.7972 -8.94578 0.547086 0.829102 -0.115272
22.7211 24.0724 -8.74624 0.548005 0.828962 -0.111858
22.3504 24.3447 -8.52959 0.544275 0.831918 -0.108062
21.8828 24.6824 -8.27267 0.542031 0.834133 -0.102102
21.4752 24.9737 -8.06511 0.543861 0.833693 -0.0957599
21.0821 25.2548 -7.86421 0.548176 0.830954 -0.0949649
20.633 25.5792 -7.61419 0.548737 0.830945 -0.0917536
20.1562 25.9176 -7.38376 0.54917 0.831674 -0.0820369
19.6878 26.2511 -7.1303 0.55005 0.831857 -0.0738797
19.1944 26.5934 -6.94916 0.551644 0.830971 -0.0719462
18.7401 26.9037 -6.83512 0.548568 0.832978 -0.072241
18.2879 27.2133 -6.69164 0.549911 0.832361 -0.0690833
17.7214 27.5936 -6.58654 0.546327 0.834914 -0.0666778
17.2549 27.9036 -6.52754 0.547906 0.833713 -0.0687114
16.8099 28.1956 -6.50777 0.542383 0.837253 -0.0694903
16.3072 28.5206 -6.51821 0.540071 0.838133 -0.0764013
15.717 28.8921 -6.5697 0.532634 0.842348 -0.0821669
15.2889 29.1557 -6.63468 0.530655 0.843611 -0.0820095
14.8004 29.4525 -6.75042 0.531382 0.842537 -0.0880736
14.2907 29.7579 -6.88248 0.524032 0.846467 -0.0942512
13.8443 30.0171 -7.03967 0.523811 0.845547 -0.103309
13.3517 30.296 -7.24646 0.515138 0.850192 -0.108308
12.8409 30.5625 -7.51226 0.502473 0.854747 -0.130109
12.4173 30.7691 -7.78129 0.500218 0.855292 -0.135123
12.0082 30.9563 -8.07458 0.489341 0.858878 -0.15124
11.6153 31.1219 -8.38394 0.482611 0.859836 -0.166642
11.2243 31.2676 -8.71906 0.466232 0.865135 -0.184849
10.8233 31.3994 -9.08169 0.446555 0.868881 -0.213014
10.4144 31.5047 -9.47097 0.435254 0.863686 -0.253591
10.0496 31.572 -9.83328 0.402831 0.871283 -0.280302
9.67961 31.62 -10.2032 0.377574 0.868394 -0.321374
9.20857 31.6615 -10.6445 0.372456 0.864471 -0.337584
8.71296 31.7062 -11.0269 0.306518 0.868319 -0.38996
8.28192 31.7128 -11.3344 0.293381 0.86011 -0.417299
7.84284 31.7081 -11.6383 0.275863 0.863145 -0.422943
7.34315 31.6939 -11.981 0.269086 0.861137 -0.431291
6.8978 31.6989 -12.2337 0.255211 0.864017 -0.433983
6.34473 31.6846 -12.5427 0.224034 0.860744 -0.457087
5.7914 31.675 -12.8206 0.202265 0.862605 -0.463585
5.19663 31.6681 -13.0724 0.172397 0.862777 -0.475202
4.70073 31.6565 -13.2579 0.151292 0.862346 -0.483188
4.20823 31.6294 -13.4372 0.107765 0.868965 -0.482998
3.66935 31.5774 -13.6278 0.0774323 0.866891 -0.492427
3.13195 31.513 -13.8035 0.0516991 0.858693 -0.509835
2.56818 31.4274 -13.9801 0.025521 0.855883 -0.516535
1.93422 31.3074 -14.1768 -0.0207406 0.850531 -0.525516
1.29565 31.1343 -14.386 -0.0779501 0.844001 -0.530646
0.68359 30.9021 -14.6435 -0.116503 0.838198 -0.532749
0.201088 30.6769 -14.8847 -0.130153 0.833442 -0.53706
-0.218745 30.442 -15.1459 -0.140346 0.838361 -0.52674
-0.677796 30.1556 -15.4734 -0.152346 0.834953 -0.528773
-1.09985 29.8572 -15.8145 -0.161841 0.832856 -0.5293
-1.4111 29.6021 -16.1157 -0.17699 0.83416 -0.522351
-1.74003 29.3228 -16.4452 -0.187308 0.831068 -0.523681
-2.05013 29.0283 -16.8022 -0.192494 0.832671 -0.519236
-2.33452 28.6987 -17.2261 -0.194335 0.833658 -0.516956
-2.57964 28.3906 -17.6284 -0.196735 0.832021 -0.518688
-2.85854 28.0333 -18.0975 -0.203106 0.832914 -0.514765
-3.08686 27.7143 -18.5208 -0.203433 0.833239 -0.514116
-3.28463 27.3656 -19.0088 -0.205905 0.832729 -0.513968
-3.46061 27.002 -19.5272 -0.204661 0.833094 -0.513875
-3.57183 26.6879 -19.9896 -0.206834 0.831813 -0.515079
-3.64567 26.3951 -20.4342 -0.207731 0.832321 -0.513895
-3.69378 26.0853 -20.9139 -0.206432 0.831785 -0.515284
-3.73508 25.7722 -21.4002 -0.20449 0.830309 -0.51843
-3.75698 25.4981 -21.8275 -0.201584 0.828943 -0.521744
-3.77839 25.2236 -22.2548 -0.196446 0.829251 -0.523209
-3.78661 24.8977 -22.7695 -0.192752 0.831097 -0.521645
-3.81339 24.6105 -23.219 -0.190455 0.832046 -0.520986
-3.81193 24.2829 -23.742 -0.18714 0.833125 -0.520459
-3.81422 24.0036 -24.1886 -0.181533 0.833813 -0.521346
-3.79129 23.7262 -24.6387 -0.180671 0.831694 -0.525017
-3.78155 23.3863 -25.181 -0.176621 0.832628 -0.524915
-3.78123 23.0388 -25.725 -0.166878 0.83023 -0.531844
-3.81891 22.7523 -26.16 -0.16299 0.831563 -0.530978
-3.84334 22.4759 -26.5869 -0.160819 0.833718 -0.528253
-3.8329 22.2032 -27.0218 -0.16109 0.835266 -0.525719
-3.80774 21.8793 -27.5446 -0.157014 0.835605 -0.526407
-3.80027 21.5625 -28.0502 -0.153435 0.836472 -0.526091
-3.80335 21.2819 -28.4966 -0.151247 0.837041 -0.525818
-3.79441 20.9826 -28.977 -0.147471 0.839705 -0.522635
-3.78719 20.7078 -29.4208 -0.145658 0.839733 -0.523095
-3.78635 20.4138 -29.8929 -0.142371 0.841441 -0.521256
-3.78573 20.1296 -30.3514 -0.142822 0.840146 -0.523217
-3.78189 19.8462 -30.807 -0.141128 0.84053 -0.52306
-3.77964 19.5724 -31.2467 -0.141248 0.836671 -0.529168
-3.78523 19.2043 -31.824 -0.133794 0.83584 -0.532419
-3.78141 18.9161 -32.2757 -0.134827 0.833667 -0.535557
-3.77421 18.5889 -32.7889 -0.131783 0.835536 -0.533398
-3.76371 18.2258 -33.36 -0.120756 0.836766 -0.534073
-3.77142 17.8627 -33.9309 -0.119531 0.838041 -0.532353
-3.78543 17.5668 -34.395 -0.117282 0.838942 -0.531411
-3.77025 17.2484 -34.8995 -0.112491 0.838901 -0.532533
-3.77339 16.9605 -35.3531 -0.111579 0.839188 -0.532273
-3.79453 16.627 -35.8745 -0.111794 0.83926 -0.532114
-3.81103 16.3423 -36.3199 -0.111567 0.839165 -0.532311
-3.81454 16.0441 -36.7893 -0.111776 0.839195 -0.532219
-3.78851 15.7123 -37.316 -0.109178 0.837918 -0.534764
-3.79188 15.41 -37.7831 -0.10418 0.835873 -0.538946
-3.80547 15.1211 -38.2263 -0.098561 0.834477 -0.542156
-3.8211 14.8041 -38.708 -0.0947454 0.831883 -0.546803
-3.82822 14.5065 -39.159 -0.0921743 0.832399 -0.546457
-3.84245 14.2179 -39.5973 -0.0914883 0.833486 -0.544914
-3.81831 13.9033 -40.0824 -0.0897821 0.834114 -0.544237
-3.80959 13.5474 -40.6295 -0.0885012 0.834028 -0.544578
-3.78174 13.2532 -41.0846 -0.0881611 0.833878 -0.544863
-3.78057 12.9431 -41.5594 -0.087403 0.834212 -0.544472
-3.77789 12.6429 -42.0203 -0.0873358 0.834713 -0.543716
-3.77406 12.3582 -42.459 -0.0861714 0.835354 -0.542917
-3.7732 11.9657 -43.063 -0.0873955 0.834843 -0.543505
-3.78153 11.6349 -43.5673 -0.0785283 0.831862 -0.549394
-3.7936 11.3406 -44.0122 -0.0764143 0.832012 -0.54947
-3.79201 11.0649 -44.431 -0.0720802 0.832429 -0.549423
-3.7901 10.7831 -44.8585 -0.0703335 0.832741 -0.549176
-3.79495 10.4959 -45.294 -0.0696727 0.833163 -0.548621
-3.8045 10.1748 -45.7807 -0.0696768 0.833429 -0.548216
-3.81587 9.88252 -46.2242 -0.069023 0.834065 -0.54733
-3.80732 9.58632 -46.6773 -0.0686205 0.834904 -0.546102
-3.79212 9.28456 -47.1409 -0.0682751 0.835093 -0.545856
-3.79084 8.97952 -47.6119 -0.0628959 0.83839 -0.541425
-3.79603 8.62269 -48.1689 -0.0593328 0.841985 -0.536226
-3.80522 8.35028 -48.5941 -0.0573704 0.838901 -0.541251
-3.80348 8.07576 -49.0202 -0.0519792 0.835883 -0.546441
-3.7954 7.68849 -49.6147 -0.0487993 0.836531 -0.545743
-3.80683 7.37433 -50.0929 -0.0422569 0.835706 -0.54755
-3.83847 7.0202 -50.6294 -0.0406362 0.835052 -0.548668
-3.82728 6.66193 -51.1759 -0.037522 0.835766 -0.547801
-3.83381 6.38468 -51.5983 -0.0364975 0.835475 -0.548316
-3.83563 6.03226 -52.1342 -0.0344386 0.834156 -0.550453
-3.84404 5.73284 -52.5876 -0.0321646 0.834331 -0.550324
-3.85258 5.34116 -53.1821 -0.0268447 0.836813 -0.546831
-3.83412 4.96965 -53.7536 -0.0256505 0.83884 -0.543774
-3.83145 4.60364 -54.3172 -0.0233317 0.837827 -0.545437
-3.8567 4.26444 -54.8364 -0.0214084 0.83702 -0.546753
-3.8928 3.96558 -55.2916 -0.0216193 0.836002 -0.5483
-3.91809 3.65381 -55.7659 -0.0216676 0.835929 -0.548409
-3.92935 3.32117 -56.2709 -0.019794 0.835296 -0.549445
-3.88936 2.98967 -56.7758 -0.0157717 0.836209 -0.548183
-3.86621 2.67876 -57.2456 -0.008828 0.83258 -0.553825
-3.84914 2.37079 -57.7089 -0.00394227 0.832079 -0.554637
-4.04616 2.15252 -58.0372 0.00137974 0.83305 -0.553197
-4.58617 2.11576 -58.0929 -0.00160002 0.833584 -0.55239
-5.23292 2.09941 -58.1141 -0.0034107 0.835688 -0.549194
-5.83809 2.09424 -58.113 -0.00975434 0.836392 -0.548044
-6.34318 2.09588 -58.0987 -0.0149582 0.839494 -0.543163
-6.98418 2.08178 -58.1032 -0.0194058 0.842722 -0.537942
-7.52529 2.06172 -58.1054 -0.0287239 0.842199 -0.5384
-8.04444 2.03953 -58.1092 -0.0372028 0.845322 -0.532961
-8.58964 2.02618 -58.0907 -0.0421086 0.845008 -0.533092
-9.16952 2.03613 -58.0283 -0.0470358 0.842779 -0.536201
-9.80261 2.04407 -57.9567 -0.0496268 0.845376 -0.53186
-10.3186 2.03928 -57.9147 -0.0526586 0.845136 -0.531952
-10.8216 2.03243 -57.8754 -0.052755 0.846538 -0.529705
-11.4448 2.03599 -57.8065 -0.0548321 0.845245 -0.531556
-11.951 2.03199 -57.7542 -0.0639207 0.848297 -0.525648
-12.5886 2.02773 -57.6797 -0.0702141 0.848462 -0.524575
-13.2589 2.02549 -57.5912 -0.0728877 0.848808 -0.523653
-13.7738 2.03439 -57.5015 -0.0804473 0.851472 -0.518192
-14.3923 2.03802 -57.3955 -0.0860588 0.851945 -0.516511
-14.9347 2.02647 -57.3169 -0.0956264 0.849848 -0.518279
-15.5599 2.01326 -57.2178 -0.103009 0.850655 -0.515534
-16.12 2.00091 -57.1217 -0.109485 0.852412 -0.51128
-16.6408 1.98987 -57.0261 -0.113677 0.85454 -0.506792
-17.2831 1.99161 -56.8734 -0.116975 0.855939 -0.503671
-17.9681 1.99576 -56.7029 -0.12578 0.853781 -0.5052
-18.5093 1.99752 -56.5592 -0.137011 0.853154 -0.503346
-19.0648 2.01178 -56.3829 -0.143858 0.852495 -0.502514
-19.5709 2.02171 -56.2077 -0.16208 0.849644 -0.501832
-20.051 2.03194 -56.0344 -0.163802 0.850458 -0.49989
-20.566 2.03747 -55.8477 -0.172949 0.84938 -0.49864
-21.2369 2.02982 -55.6301 -0.17077 0.84945 -0.499272
-21.7607 2.0307 -55.4502 -0.169441 0.849746 -0.499221
-22.2354 2.03129 -55.2878 -0.171391 0.848993 -0.499835
-22.7256 2.03258 -55.1151 -0.177091 0.84898 -0.497867
-23.3066 2.02574 -54.9189 -0.181886 0.847848 -0.49806
-23.9068 2.02291 -54.7009 -0.184693 0.847527 -0.49758
-24.3923 2.0245 -54.5156 -0.189425 0.846611 -0.497361
-24.9218 2.02321 -54.3098 -0.201269 0.845353 -0.494839
-25.4628 2.02388 -54.0857 -0.204869 0.847042 -0.490447
-26.0309 2.02146 -53.8466 -0.215448 0.844982 -0.489452
-26.5715 2.03176 -53.5881 -0.214218 0.847395 -0.485832
-27.1721 2.02929 -53.305 -0.234949 0.850068 -0.471361
-27.799 2.0289 -52.9863 -0.244612 0.848229 -0.469759
-28.3857 2.03595 -52.6603 -0.255518 0.848735 -0.462961
-28.9895 2.04132 -52.31 -0.259276 0.849755 -0.459011
-29.5332 2.02261 -52.0287 -0.265929 0.849609 -0.455463
-29.987 2.02576 -51.7577 -0.266096 0.849636 -0.455315
-30.584 2.03295 -51.395 -0.267962 0.848708 -0.45595
-31.1497 2.02099 -51.0775 -0.278519 0.848668 -0.449655
-31.757 2.0237 -50.6905 -0.28652 0.847201 -0.447379
-32.2484 2.02677 -50.3636 -0.291376 0.847575 -0.443527
-32.6955 2.03248 -50.0586 -0.292035 0.847963 -0.44235
-33.2625 2.02902 -49.6848 -0.297106 0.847808 -0.43926
-33.8263 2.01622 -49.317 -0.307733 0.844864 -0.437612
-34.3173 2.01522 -48.9737 -0.308017 0.844256 -0.438586
-34.733 2.02316 -48.6648 -0.309319 0.842679 -0.440683
-35.1404 2.02512 -48.3685 -0.318154 0.843207 -0.4333
-35.5374 2.0371 -48.0497 -0.326609 0.838726 -0.435707
-35.969 2.03676 -47.7214 -0.327635 0.841337 -0.42989
-36.3968 2.0414 -47.3852 -0.328692 0.840835 -0.430068
-36.8312 2.04264 -47.0445 -0.334565 0.839849 -0.427453
-37.2686 2.03735 -46.7112 -0.334521 0.841905 -0.423423
-37.6678 2.03787 -46.391 -0.336543 0.842755 -0.420122
-38.0857 2.04215 -46.046 -0.339188 0.843061 -0.417368
-38.4797 2.04513 -45.7171 -0.344236 0.842066 -0.415234
-38.865 2.04944 -45.3839 -0.348194 0.843067 -0.409872
-39.2411 2.05478 -45.0511 -0.352815 0.842494 -0.407077
-39.7516 2.05179 -44.6111 -0.352638 0.845063 -0.40189
-40.2427 2.03734 -44.1896 -0.360237 0.850232 -0.383841
-40.7281 2.01994 -43.7522 -0.372673 0.847772 -0.377351
-41.1805 2.01463 -43.3151 -0.371913 0.849072 -0.375177
-41.5688 2.02264 -42.913 -0.372105 0.848926 -0.375317
-41.993 2.035 -42.4617 -0.375573 0.852428 -0.363747
-42.3361 2.0446 -42.0837 -0.375461 0.855778 -0.355911
-42.7307 2.04362 -41.6532 -0.391143 0.85193 -0.348169
-43.0818 2.03919 -41.2675 -0.393211 0.852537 -0.344321
-43.452 2.04684 -40.82 -0.404576 0.850128 -0.336957
-43.7822 2.03712 -40.4394 -0.413818 0.845728 -0.336874
-44.219 2.03064 -39.9081 -0.420559 0.845096 -0.330065
-44.5886 2.03386 -39.4273 -0.42194 0.844565 -0.32966
-44.9118 2.02919 -39.0232 -0.423786 0.844576 -0.327254
-45.2269 2.03338 -38.6023 -0.42495 0.84493 -0.324821
-45.6133 2.0326 -38.0916 -0.429186 0.844966 -0.319111
-45.9813 2.03567 -37.5742 -0.436281 0.844471 -0.310688
-46.3256 2.0374 -37.078 -0.440641 0.844987 -0.303031
-46.6357 2.03618 -36.6307 -0.440964 0.844752 -0.303211
-46.9758 2.04315 -36.1079 -0.444102 0.8458 -0.295594
-47.2502 2.05609 -35.6543 -0.446064 0.845992 -0.292102
-47.5997 2.07698 -35.051 -0.456332 0.842075 -0.287526
-47.9161 2.09467 -34.4932 -0.462306 0.839797 -0.284582
-48.2148 2.103 -33.977 -0.465126 0.839734 -0.28018
-48.4683 2.10964 -33.5254 -0.47549 0.83418 -0.279365
-48.7253 2.11496 -33.075 -0.479841 0.831669 -0.279426
-48.7333 2.2576 -32.6349 -0.478355 0.832917 -0.278254
-48.3225 2.58079 -32.3711 -0.47386 0.83464 -0.280771
-47.8923 2.91276 -32.1016 -0.467127 0.839175 -0.278525
-47.4431 3.25827 -31.8142 -0.466268 0.839344 -0.279456
-47.062 3.54683 -31.583 -0.463205 0.840608 -0.280735
-46.6479 3.84668 -31.3666 -0.456099 0.842199 -0.287517
-46.2781 4.12149 -31.1527 -0.452108 0.843531 -0.289915
-45.8678 4.42963 -30.8912 -0.449509 0.84539 -0.28854
-45.4906 4.71063 -30.658 -0.448759 0.844765 -0.291526
-45.0166 5.05213 -30.3982 -0.447595 0.843999 -0.295493
-44.4751 5.45502 -30.07 -0.443423 0.844704 -0.299752
-43.9938 5.80229 -29.8028 -0.440446 0.845044 -0.303162
-43.5677 6.11046 -29.5631 -0.43907 0.845405 -0.304149
-43.2062 6.37203 -29.3579 -0.438826 0.845341 -0.30468
-7.46759 34.6875 -4.92339 -0.54383 0.746816 -0.382749
-7.78116 34.6979 -4.43224 -0.564659 0.751802 -0.340519
-8.01778 34.7185 -3.97993 -0.571009 0.759567 -0.311459
-8.24545 34.7494 -3.45693 -0.582622 0.762369 -0.281549
-8.43886 34.7834 -2.93699 -0.592357 0.768497 -0.240952
-8.60892 34.7928 -2.42988 -0.604755 0.772922 -0.191947
-8.74722 34.7937 -1.93328 -0.61918 0.770077 -0.153615
-8.8621 34.7892 -1.43709 -0.620592 0.774589 -0.121978
-8.94968 34.7998 -0.868043 -0.624051 0.775337 -0.0970253
-8.99437 34.8048 -0.314457 -0.619722 0.784414 -0.025297
-8.98947 34.8123 0.299959 -0.633643 0.772615 0.0330156
-8.89593 34.8113 0.946549 -0.639173 0.758809 0.124606
-8.79474 34.7992 1.44084 -0.632575 0.756116 0.167745
-8.65194 34.7795 1.99767 -0.622256 0.756838 0.199987
-8.46088 34.7599 2.54694 -0.595443 0.758714 0.263133
-8.22737 34.7418 3.06214 -0.585383 0.752624 0.301308
-7.9664 34.7166 3.58094 -0.566667 0.744756 0.352426
-7.66647 34.7136 4.0513 -0.542977 0.737871 0.400647
-7.23216 34.7238 4.5735 -0.509509 0.732106 0.452131
-6.77645 34.7478 5.01652 -0.483398 0.733064 0.478461
-6.31464 34.7663 5.42412 -0.460823 0.727031 0.508959
-5.89451 34.7737 5.78346 -0.447865 0.726729 0.520847
-5.44177 34.7874 6.13744 -0.429258 0.727221 0.535618
-5.04356 34.7811 6.44153 -0.38695 0.724015 0.571013
-4.5742 34.7597 6.78228 -0.369884 0.717578 0.590142
-4.04278 34.7402 7.12712 -0.351562 0.708519 0.611886
-3.55416 34.715 7.40691 -0.309992 0.715416 0.626111
-3.07789 34.7112 7.63843 -0.280418 0.715355 0.639751
-2.56734 34.6922 7.86232 -0.245841 0.71362 0.655888
-2.03327 34.6805 8.05973 -0.21637 0.725247 0.653606
-1.49686 34.6829 8.20603 -0.166189 0.719242 0.674488
-0.91908 34.6995 8.31317 -0.122409 0.727803 0.674773
-0.420632 34.7092 8.38834 -0.0901023 0.731514 0.675542
0.144723 34.724 8.43086 -0.0546548 0.731162 0.679848
0.662446 34.7696 8.41826 -0.035866 0.745071 0.665833
1.27622 34.8025 8.3895 0.0150908 0.758551 0.651438
1.803 34.8261 8.34433 0.0329064 0.765093 0.642946
2.32115 34.8351 8.26705 0.095627 0.761077 0.641435
2.81049 34.8814 8.12863 0.132512 0.762933 0.632264
3.38833 34.9249 7.90105 0.246005 0.767116 0.592465
3.84231 34.9364 7.69149 0.262882 0.765439 0.587314
4.45789 34.9274 7.34454 0.36433 0.774953 0.515776
5.03491 34.8879 6.94133 0.42 0.772233 0.476713
5.48282 34.8487 6.58756 0.448323 0.768535 0.456465
5.89341 34.8158 6.21819 0.468222 0.762468 0.446546
6.24594 34.8018 5.8374 0.493586 0.762476 0.418334
6.60346 34.8073 5.36303 0.53439 0.75157 0.386131
6.94546 34.8376 4.77843 0.57068 0.743789 0.347999
7.21194 34.8439 4.29546 0.571585 0.765649 0.29508
7.45642 34.8435 3.79562 0.588016 0.765839 0.260247
7.69413 34.8371 3.20089 0.629055 0.755116 0.184634
7.89673 34.7935 2.57947 0.647224 0.747674 0.147856
8.0674 34.7471 1.92671 0.659325 0.746007 0.0936169
8.16624 34.7137 1.43285 0.662933 0.744968 0.0735066
8.24989 34.6928 0.906189 0.660891 0.74664 0.0758399
8.30982 34.6746 0.273845 0.674457 0.737874 0.0254747
8.31844 34.6763 -0.225994 0.665904 0.746036 -0.00137354
8.29393 34.686 -0.848551 0.663059 0.748203 -0.0233471
8.24236 34.702 -1.35757 0.673234 0.737956 -0.0466609
8.14191 34.7356 -1.94354 0.680088 0.728871 -0.0789127
8.06106 34.7558 -2.43868 0.668152 0.737212 -0.10004
7.95898 34.7682 -2.9832 0.658502 0.74432 -0.110962
7.79804 34.8032 -3.54736 0.645772 0.743677 -0.17298
7.64481 34.8045 -4.06546 0.632247 0.748182 -0.201213
7.49096 34.7976 -4.55078 0.617586 0.755643 -0.218155
7.29717 34.8023 -5.0169 0.597519 0.754483 -0.271528
7.00396 34.805 -5.61812 0.581952 0.760333 -0.28849
6.66826 34.808 -6.17983 0.529745 0.772767 -0.349574
6.34323 34.8247 -6.61253 0.517081 0.771295 -0.37112
5.9762 34.8422 -7.0596 0.486782 0.781902 -0.389448
5.59434 34.8791 -7.45143 0.466783 0.781731 -0.413533
5.09613 34.9267 -7.85458 0.384345 0.775662 -0.500296
4.62837 34.951 -8.15582 0.355901 0.771659 -0.526985
4.1696 34.9506 -8.40637 0.261025 0.768873 -0.583554
3.71303 34.9348 -8.6226 0.235201 0.779226 -0.580726
3.12432 34.9145 -8.8416 0.158029 0.776679 -0.60973
2.5917 34.889 -9.00226 0.136652 0.772958 -0.619566
1.88781 34.8587 -9.15721 0.0768998 0.778301 -0.622864
1.17041 34.8138 -9.22498 -0.0167544 0.765718 -0.642928
0.62711 34.7729 -9.24658 -0.0438541 0.760939 -0.647339
0.117449 34.7352 -9.24261 -0.0769388 0.757315 -0.648501
-0.514117 34.7161 -9.1661 -0.124299 0.759828 -0.638131
-1.07413 34.7073 -9.04387 -0.163441 0.748408 -0.642732
-1.58738 34.7037 -8.913 -0.178149 0.74073 -0.64763
-2.06989 34.7053 -8.76735 -0.200356 0.741688 -0.640122
-2.60631 34.7063 -8.58362 -0.233305 0.728689 -0.643879
-3.13648 34.7236 -8.35117 -0.293738 0.719343 -0.629495
-3.69993 34.7409 -8.05807 -0.311141 0.718551 -0.621983
-4.15406 34.7545 -7.78866 -0.351583 0.724104 -0.593204
-4.68321 34.7499 -7.46093 -0.378935 0.723913 -0.576476
-5.22804 34.7407 -7.09242 -0.39803 0.729682 -0.555952
-5.65433 34.737 -6.77429 -0.419952 0.733896 -0.53381
-6.1168 34.7256 -6.39699 -0.460404 0.739279 -0.491422
-6.49684 34.7129 -6.04739 -0.477993 0.743848 -0.467133
-6.93155 34.7015 -5.59236 -0.499184 0.748961 -0.435744
-7.31157 34.6902 -5.13729 -0.542961 0.745469 -0.386613
-7.39862 34.6874 -5.02044 -0.54296 0.745469 -0.386613
-11.1106 24.5441 19.0624 -0.274195 0.84565 0.457923
-10.9662 24.2986 19.5999 -0.271998 0.845302 0.459871
-11.024 23.9702 20.1699 -0.271973 0.845218 0.46004
-11.0473 23.7057 20.6429 -0.270478 0.845624 0.460176
-11.0748 23.3704 21.239 -0.262173 0.844974 0.466137
-11.1024 23.0398 21.8149 -0.258888 0.841182 0.474738
-11.1338 22.7698 22.2771 -0.256314 0.841896 0.474883
-11.13 22.4447 22.8545 -0.250209 0.841046 0.479622
-11.1264 22.1678 23.3414 -0.24834 0.841106 0.480488
-11.1288 21.9131 23.7845 -0.247634 0.839818 0.483097
-11.1362 21.6597 24.2211 -0.242128 0.840792 0.484193
-11.1183 21.3966 24.6894 -0.240494 0.845046 0.477531
-11.123 21.1505 25.1247 -0.230055 0.852746 0.468934
-11.1129 20.8176 25.728 -0.220856 0.850445 0.477458
-11.1021 20.5069 26.2836 -0.219993 0.848112 0.481985
-11.0957 20.2532 26.7259 -0.221389 0.839094 0.496898
-11.1155 19.9809 27.1796 -0.231039 0.840008 0.490925
-11.139 19.6202 27.7693 -0.227938 0.830312 0.508554
-11.1202 19.3626 28.2172 -0.209546 0.843104 0.495224
-11.1259 19.1012 28.6628 -0.226574 0.841166 0.490998
-11.1645 18.7926 29.1722 -0.218941 0.841921 0.493188
-11.1939 18.5045 29.6444 -0.205008 0.841247 0.500274
-11.2114 18.2407 30.0789 -0.200461 0.841001 0.502526
-11.1827 17.9746 30.5361 -0.195346 0.84102 0.504504
-11.1642 17.6577 31.0729 -0.194654 0.842531 0.502246
-11.1694 17.3402 31.6062 -0.192653 0.845764 0.497558
-11.1822 17.0803 32.04 -0.184932 0.842223 0.506419
-11.1816 16.7973 32.512 -0.174544 0.845095 0.50532
-11.1623 16.4766 33.0497 -0.168252 0.841289 0.513735
-11.1664 16.1559 33.5732 -0.165604 0.840829 0.515347
-11.1919 15.8392 34.0831 -0.165142 0.842127 0.513371
-11.2042 15.563 34.534 -0.166316 0.843593 0.510578
-11.1824 15.2381 35.0782 -0.166455 0.843909 0.51001
-11.171 14.961 35.5387 -0.162647 0.842268 0.51393
-11.185 14.643 36.0533 -0.159405 0.841263 0.51659
-11.2119 14.3066 36.5915 -0.158615 0.842326 0.5151
-11.2327 14.0096 37.0744 -0.157488 0.845735 0.509832
-11.2371 13.7145 37.5667 -0.156252 0.849891 0.50326
-11.2194 13.4481 38.0206 -0.15995 0.848925 0.503729
-11.1846 13.1251 38.5736 -0.159448 0.847512 0.506261
-11.2022 12.823 39.0727 -0.157764 0.846601 0.508306
-11.2121 12.5451 39.5311 -0.156277 0.847582 0.507131
-11.2347 12.2584 40.0043 -0.154808 0.848946 0.505297
-11.2495 11.963 40.4981 -0.150258 0.85033 0.504343
-11.2487 11.7069 40.9294 -0.145705 0.846073 0.512748
-11.2212 11.4494 41.3655 -0.141929 0.847135 0.512065
-11.2137 11.1077 41.931 -0.136325 0.847482 0.513017
-11.2251 10.8047 42.4286 -0.13424 0.848227 0.512338
-11.2301 10.5265 42.8873 -0.131059 0.848683 0.512407
-11.2319 10.2416 43.3571 -0.125337 0.848836 0.513584
-11.2354 9.97295 43.7982 -0.122866 0.846425 0.51814
-11.2682 9.68168 44.2647 -0.122127 0.844847 0.520881
-11.2689 9.40812 44.7139 -0.117435 0.848732 0.515617
-11.2733 9.13632 45.1605 -0.11899 0.849947 0.513256
-11.2545 8.83017 45.6733 -0.12366 0.850768 0.510776
-11.2753 8.53956 46.1523 -0.116342 0.849248 0.514878
-11.2831 8.26891 46.5779 -0.115859 0.840151 0.529784
-11.2711 7.91081 47.1516 -0.117238 0.839758 0.530148
-11.2788 7.60406 47.6388 -0.114435 0.843221 0.525237
-11.2904 7.3314 48.0779 -0.113375 0.846224 0.520626
-11.281 6.96885 48.6677 -0.104609 0.845203 0.524108
-11.267 6.60675 49.2613 -0.102371 0.849337 0.517829
-11.2578 6.32806 49.7208 -0.0961911 0.851328 0.51574
-11.3644 6.01816 50.211 -0.094693 0.849976 0.518241
-11.901 5.9871 50.1608 -0.0984451 0.851971 0.514251
-12.4941 5.98369 50.0499 -0.105854 0.853221 0.510686
-13.0127 5.9689 49.9618 -0.120258 0.850455 0.512117
-13.6019 5.95612 49.8409 -0.127274 0.853934 0.50455
-14.2028 5.9386 49.7111 -0.134866 0.854617 0.501436
-14.7264 5.91504 49.6092 -0.136903 0.854466 0.501141
-15.3905 5.89955 49.4559 -0.135103 0.855338 0.500143
-16.0202 5.89067 49.299 -0.137579 0.855407 0.499351
-16.5097 5.88689 49.1661 -0.146853 0.858005 0.492196
-17.0969 5.87508 49.0018 -0.15921 0.859092 0.48643
-17.6999 5.84742 48.8432 -0.169772 0.861844 0.47791
-18.2326 5.8228 48.6965 -0.171879 0.861056 0.478581
-18.808 5.8081 48.5178 -0.166888 0.86485 0.47348
-19.291 5.80975 48.3415 -0.173088 0.866679 0.467876
-19.8853 5.81344 48.1102 -0.173141 0.869775 0.462075
-20.4262 5.80686 47.9091 -0.182016 0.871454 0.455454
-20.9964 5.79982 47.6927 -0.188373 0.870002 0.455623
-21.4852 5.8066 47.4749 -0.196529 0.865988 0.459828
-21.9616 5.80649 47.2691 -0.204222 0.866048 0.456348
-22.5347 5.78926 47.04 -0.212225 0.867517 0.449862
-23.0329 5.78205 46.8133 -0.220257 0.867513 0.445992
-23.4968 5.78386 46.5804 -0.219701 0.869602 0.442181
-23.9451 5.7845 46.3554 -0.221125 0.869481 0.441708
-24.4132 5.77549 46.1381 -0.222129 0.869211 0.441737
-24.9555 5.76468 45.8852 -0.223606 0.869344 0.440728
-25.4107 5.75994 45.6548 -0.232146 0.869981 0.435018
-25.9741 5.75312 45.3488 -0.242176 0.872721 0.423899
-26.4072 5.75511 45.092 -0.246566 0.873577 0.419604
-26.9029 5.75194 44.806 -0.247946 0.874946 0.415924
-27.329 5.75903 44.5385 -0.246288 0.87435 0.418156
-27.7531 5.77082 44.2626 -0.248715 0.874195 0.417042
-28.1939 5.78082 43.9784 -0.256265 0.872255 0.416475
-28.6337 5.76957 43.7215 -0.271135 0.869336 0.413206
-29.1114 5.76369 43.4153 -0.280091 0.870511 0.404672
-29.6716 5.76741 43.0176 -0.281411 0.870736 0.403271
-30.1559 5.77244 42.6683 -0.283681 0.870474 0.402244
-30.6217 5.77261 42.3355 -0.289904 0.872028 0.394365
-31.1111 5.76054 41.9926 -0.300006 0.870099 0.391056
-31.5584 5.75398 41.6527 -0.308863 0.868647 0.387368
-31.9404 5.75845 41.3284 -0.31401 0.868371 0.383834
-32.43 5.7713 40.8956 -0.316502 0.867621 0.383481
-32.8556 5.78143 40.5234 -0.314712 0.867841 0.384457
-33.4016 5.78646 40.0628 -0.321088 0.863609 0.388692
-33.7748 5.79812 39.7285 -0.332541 0.859084 0.389081
-34.2208 5.80642 39.3227 -0.344577 0.856315 0.384696
-34.6572 5.81985 38.8942 -0.356261 0.853852 0.379491
-35.0411 5.83583 38.4954 -0.358729 0.853514 0.377925
-35.4182 5.84473 38.1169 -0.360509 0.853549 0.376143
-35.8056 5.84215 37.7483 -0.366635 0.853704 0.369797
-36.1697 5.84086 37.3837 -0.374203 0.853573 0.36246
-36.5244 5.84796 36.9938 -0.380882 0.854346 0.353581
-36.8875 5.84427 36.6089 -0.383963 0.853464 0.35238
-37.3228 5.83003 36.1684 -0.38222 0.854746 0.351165
-37.7201 5.83807 35.7171 -0.383389 0.854133 0.351382
-38.0987 5.8747 35.2139 -0.38371 0.855457 0.347782
-37.8147 6.15996 34.829 -0.385538 0.853597 0.35033
-37.3663 6.47333 34.5613 -0.388767 0.852321 0.349871
-36.913 6.79017 34.2903 -0.386354 0.852909 0.351108
-36.4791 7.09255 34.0341 -0.386806 0.853234 0.349819
-36.0877 7.36703 33.7978 -0.387192 0.852707 0.350676
-35.6569 7.68244 33.5067 -0.3875 0.852737 0.35026
-35.2671 7.94502 33.299 -0.384456 0.851613 0.356297
-34.8509 8.22123 33.0886 -0.382536 0.852415 0.356448
-34.4725 8.479 32.8814 -0.382198 0.849857 0.362837
-34.0829 8.7487 32.6556 -0.375933 0.851931 0.364538
-33.7016 9.0195 32.4147 -0.371072 0.852907 0.367228
-33.2367 9.35531 32.1054 -0.371516 0.852597 0.367496
-32.7791 9.68597 31.7998 -0.369772 0.852768 0.368856
-32.4148 9.94391 31.5696 -0.371309 0.85204 0.368996
-31.9815 10.2397 31.3233 -0.372158 0.851716 0.368889
-31.4991 10.556 31.0833 -0.374483 0.85064 0.369017
-31.0718 10.8379 30.8666 -0.374267 0.851049 0.368293
-30.6821 11.0989 30.6574 -0.374018 0.851882 0.366617
-30.2935 11.3565 30.4559 -0.375019 0.85144 0.366621
-29.8301 11.6827 30.1766 -0.37954 0.849075 0.367449
-29.3668 12.003 29.9168 -0.378959 0.849169 0.367835
-28.9391 12.2995 29.6723 -0.373727 0.848809 0.373965
-28.5006 12.6143 29.3981 -0.372466 0.848692 0.375488
-28.0518 12.9351 29.1213 -0.363845 0.845949 0.389851
-27.5387 13.2952 28.8189 -0.366744 0.843373 0.3927
-27.1245 13.5872 28.5789 -0.364102 0.843798 0.394251
-26.7376 13.8573 28.361 -0.364782 0.841911 0.397643
-26.3593 14.1198 28.1497 -0.359374 0.842965 0.400325
-25.862 14.4619 27.8719 -0.357286 0.845979 0.395811
-25.4652 14.7293 27.6576 -0.356001 0.847109 0.394549
-25.0674 14.9948 27.4399 -0.348361 0.847581 0.400314
-24.6134 15.3069 27.1767 -0.346971 0.845104 0.406707
-24.0964 15.6692 26.8662 -0.347554 0.843866 0.408774
-23.6729 15.9566 26.6312 -0.34759 0.84399 0.408485
-23.2657 16.2354 26.4045 -0.349905 0.842355 0.409883
-22.8507 16.5182 26.1812 -0.351845 0.838702 0.415673
-22.4622 16.7821 25.9773 -0.351681 0.83624 0.420742
-22.0285 17.0941 25.7156 -0.342576 0.837777 0.425164
-21.6181 17.3941 25.4558 -0.339063 0.837239 0.42903
-21.1822 17.7067 25.1819 -0.328339 0.842247 0.427567
-20.7458 18.0041 24.9217 -0.320079 0.846875 0.42468
-20.3352 18.2824 24.6758 -0.319005 0.846243 0.426741
-19.9151 18.5718 24.4148 -0.31451 0.846216 0.430119
-19.4415 18.9054 24.1082 -0.31681 0.844513 0.431775
-19.0741 19.1596 23.8814 -0.315376 0.841895 0.437893
-18.5931 19.4801 23.6118 -0.315034 0.84094 0.439968
-18.1604 19.7774 23.354 -0.314421 0.840209 0.441801
-17.7406 20.0666 23.0983 -0.30908 0.842299 0.441586
-17.3533 20.3301 22.8659 -0.301353 0.844064 0.443556
-16.9741 20.5808 22.6462 -0.298704 0.844206 0.445075
-16.5683 20.8504 22.4077 -0.297945 0.844337 0.445335
-16.1282 21.1477 22.1386 -0.298468 0.845543 0.442689
-15.6891 21.4433 21.8718 -0.298945 0.843691 0.445886
-15.2748 21.7299 21.6117 -0.30162 0.839387 0.452156
-14.7911 22.0489 21.3426 -0.297738 0.838259 0.456808
-14.3756 22.3149 21.1236 -0.296891 0.838664 0.456615
-13.9949 22.5797 20.8885 -0.299115 0.836233 0.459614
-13.5459 22.9001 20.5964 -0.298183 0.839023 0.455112
-13.1376 23.1675 20.3693 -0.295793 0.842734 0.449751
-12.6727 23.4604 20.1145 -0.28544 0.849728 0.443249
-12.2691 23.7135 19.8883 -0.282404 0.848445 0.447648
-11.8972 23.9688 19.6436 -0.286196 0.845413 0.450965
-11.5185 24.2329 19.3885 -0.282924 0.845067 0.453669
-11.1919 24.46 19.1689 -0.274198 0.845645 0.457929
21.8416 25.1166 -0.00583395 0.540682 0.840997 0.0196025
22.3105 24.8224 -0.276302 0.539651 0.841639 0.0204898
22.7195 24.5624 -0.452196 0.539721 0.841685 0.0162503
23.2781 24.208 -0.708426 0.539722 0.84178 0.0103256
23.8104 23.8652 -0.966298 0.542683 0.839902 -0.00559326
24.2421 23.5873 -1.18817 0.538222 0.842749 -0.00811416
24.6808 23.3033 -1.42508 0.535985 0.844123 -0.0131696
25.116 23.0213 -1.70323 0.537417 0.843103 -0.0189593
25.5484 22.74 -1.94934 0.537986 0.842704 -0.020475
25.9307 22.4921 -2.161 0.532799 0.845967 -0.0214297
26.4471 22.1594 -2.41559 0.529064 0.848092 -0.0288202
26.904 21.86 -2.66679 0.535804 0.843626 -0.0347501
27.3505 21.5663 -2.90974 0.538886 0.841823 -0.0305977
27.7537 21.297 -3.12831 0.539691 0.841026 -0.0374992
28.1614 21.0211 -3.36535 0.544601 0.837258 -0.0490669
28.5793 20.7354 -3.58258 0.546011 0.836248 -0.0505985
28.9922 20.4502 -3.83947 0.543397 0.83791 -0.0511477
29.4185 20.161 -4.08298 0.537505 0.841735 -0.0505875
29.8088 19.9015 -4.27889 0.532202 0.844991 -0.0523145
30.199 19.6455 -4.47687 0.529377 0.846904 -0.0501129
30.5721 19.3961 -4.70719 0.531928 0.84463 -0.0604383
30.9748 19.1247 -4.95087 0.529793 0.845545 -0.0661007
31.3417 18.8753 -5.18161 0.534705 0.841861 -0.0732168
31.7088 18.6221 -5.42816 0.530559 0.844586 -0.0719837
32.246 18.2586 -5.73202 0.531974 0.843527 -0.0739344
32.7584 17.9094 -6.00728 0.535919 0.840529 -0.0792918
33.2263 17.5808 -6.27224 0.545533 0.833615 -0.0864919
33.6221 17.2979 -6.51771 0.540951 0.836489 -0.0875143
34.0229 17.0164 -6.75893 0.527121 0.844964 -0.0904453
34.4275 16.7405 -6.99219 0.524005 0.847452 -0.0851119
34.9187 16.4107 -7.27148 0.521122 0.849056 -0.086805
35.3892 16.0914 -7.538 0.527856 0.843888 -0.0960277
35.8614 15.7634 -7.79324 0.532557 0.838633 -0.114362
36.3066 15.4468 -8.01659 0.534494 0.836933 -0.117654
36.6957 15.1673 -8.26347 0.531733 0.838222 -0.120894
37.0704 14.8938 -8.48602 0.536272 0.834885 -0.124013
37.4675 14.6053 -8.71453 0.532186 0.837062 -0.126908
37.9081 14.2814 -8.97547 0.531787 0.836099 -0.134689
38.283 14.0058 -9.19835 0.52724 0.83795 -0.140916
38.6443 13.7376 -9.42008 0.530934 0.834873 -0.145246
39.0489 13.433 -9.69251 0.530495 0.835274 -0.144544
39.4806 13.1098 -9.97812 0.529582 0.835894 -0.144304
39.9457 12.7676 -10.2546 0.529402 0.836042 -0.144109
40.3617 12.4654 -10.4797 0.529406 0.836038 -0.144114
40.8577 12.1077 -10.7309 0.528883 0.835981 -0.14635
41.3025 11.7882 -10.95 0.527368 0.836944 -0.14631
41.7605 11.4614 -11.1696 0.523083 0.838421 -0.153083
42.2648 11.1031 -11.4217 0.516697 0.842646 -0.151569
42.6707 10.813 -11.6481 0.511569 0.844384 -0.1591
43.067 10.5298 -11.872 0.511745 0.843192 -0.164755
43.4781 10.2335 -12.1108 0.512022 0.842875 -0.165515
43.8984 9.92984 -12.357 0.512032 0.842869 -0.165515
44.3216 9.6254 -12.5985 0.512115 0.842842 -0.165393
44.7038 9.35165 -12.8101 0.511965 0.842942 -0.165354
45.1583 9.03011 -13.0462 0.509161 0.844466 -0.166231
45.5914 8.72443 -13.2749 0.506449 0.845919 -0.167126
46.0212 8.41701 -13.5324 0.502929 0.847936 -0.167534
46.3925 8.14928 -13.7724 0.501518 0.84855 -0.168651
46.7594 7.88695 -14.0042 0.500365 0.849483 -0.167374
47.2242 7.55345 -14.3009 0.500582 0.847749 -0.175326
47.6432 7.25813 -14.5388 0.497419 0.848777 -0.179309
48.0788 6.94914 -14.7738 0.504395 0.844223 -0.181309
48.528 6.62645 -15.0342 0.500458 0.844614 -0.190179
48.972 6.31064 -15.2746 0.49858 0.844602 -0.195103
49.4351 6.0012 -15.4322 0.498856 0.845404 -0.19088
49.6784 5.9596 -14.9793 0.501153 0.844318 -0.189664
49.9013 5.95896 -14.3825 0.501424 0.845589 -0.18317
50.0952 5.95533 -13.8428 0.507197 0.845335 -0.16781
50.2884 5.9471 -13.2955 0.497203 0.852152 -0.163174
50.4626 5.93653 -12.7949 0.498925 0.853395 -0.150962
50.6478 5.94014 -12.1518 0.500077 0.853363 -0.147294
50.8211 5.95076 -11.5016 0.499561 0.853577 -0.147798
50.9674 5.94964 -11.0117 0.501265 0.852505 -0.148219
51.1491 5.94495 -10.4194 0.503135 0.851837 -0.145705
51.2863 5.94556 -9.92001 0.500323 0.855354 -0.134339
51.4064 5.94669 -9.42924 0.502704 0.856368 -0.117995
51.5235 5.95573 -8.8688 0.498405 0.858813 -0.118458
51.6355 5.96977 -8.29445 0.499129 0.85847 -0.117896
51.7206 5.99066 -7.7537 0.497622 0.861145 -0.10363
51.8136 5.99649 -7.23864 0.501881 0.859583 -0.0959887
51.9121 5.99746 -6.68395 0.503656 0.85933 -0.0887872
51.9942 5.99938 -6.17073 0.498279 0.863361 -0.0795405
52.0727 6.00335 -5.62208 0.498411 0.863671 -0.0752163
52.1579 6.0056 -4.96586 0.496712 0.865418 -0.0657847
52.2303 6.00294 -4.42949 0.495059 0.866645 -0.0619921
52.293 6.00379 -3.91843 0.493742 0.867392 -0.0620412
52.352 6.00682 -3.3656 0.503239 0.863055 -0.0420861
52.3892 6.00405 -2.8432 0.509119 0.86028 -0.0267426
52.4062 6.0088 -2.22685 0.510355 0.859905 -0.0100754
52.4342 5.99737 -1.67631 0.506215 0.862381 -0.00667269
52.4648 5.9811 -1.12152 0.507805 0.861471 -0.00148473
52.4942 5.96487 -0.530389 0.506519 0.862228 -0.00104647
52.5218 5.94957 -0.00525639 0.505528 0.862809 -0.00145569
52.5184 5.95268 0.543583 0.505189 0.863007 -0.00163974
52.5282 5.94598 1.09281 0.508828 0.860819 0.00918383
52.5187 5.94352 1.66593 0.503451 0.863878 0.0158699
52.4964 5.93925 2.36842 0.504136 0.86327 0.0247154
52.4577 5.93814 3.07093 0.502718 0.863694 0.0361464
52.4032 5.94024 3.69101 0.502454 0.863469 0.0442848
52.3285 5.93874 4.33262 0.508049 0.85884 0.0653928
52.2732 5.92879 4.87946 0.507092 0.859282 0.0670216
52.2166 5.90653 5.59114 0.506993 0.859312 0.0673884
52.1628 5.89804 6.10243 0.506381 0.859622 0.0680219
52.0974 5.88345 6.73783 0.508797 0.8577 0.0739684
52.0146 5.88015 7.29445 0.505744 0.858682 0.0829932
51.9059 5.89058 7.84887 0.505215 0.858879 0.0841682
51.7968 5.90151 8.38459 0.505171 0.85879 0.0853363
51.6923 5.90591 8.92626 0.504188 0.857929 0.0987522
51.5756 5.8993 9.54283 0.503727 0.857236 0.106768
51.4206 5.90096 10.2326 0.504465 0.855915 0.113685
51.2857 5.90394 10.8063 0.501095 0.856853 0.121075
51.1508 5.90206 11.3516 0.49303 0.860265 0.129747
51.0063 5.89819 11.8847 0.491888 0.857226 0.152327
50.8315 5.90515 12.3936 0.494019 0.853416 0.166211
50.6297 5.91948 12.9175 0.492414 0.854275 0.166561
50.4541 5.90868 13.4913 0.494397 0.852857 0.167947
50.2534 5.90106 14.1223 0.496172 0.851631 0.168932
50.0199 5.92261 14.7012 0.497612 0.850851 0.168624
49.8207 5.9466 15.1692 0.49779 0.850813 0.168295
49.4735 6.07223 15.5261 0.495848 0.849243 0.181421
49.0757 6.3513 15.305 0.494149 0.851128 0.177196
48.6351 6.66251 15.043 0.495461 0.850158 0.178187
48.2409 6.9396 14.8201 0.491861 0.851926 0.17969
47.7663 7.27496 14.5143 0.492789 0.852309 0.175298
47.2725 7.62173 14.2187 0.495039 0.85055 0.177462
46.869 7.90532 13.9908 0.502223 0.846356 0.177351
46.479 8.18662 13.753 0.503988 0.845684 0.17554
46.103 8.45512 13.5391 0.504063 0.845729 0.175109
45.6539 8.77306 13.2921 0.502643 0.847369 0.171218
45.2653 9.04535 13.0857 0.502889 0.84722 0.171236
44.806 9.36907 12.8335 0.504323 0.847846 0.16375
44.379 9.67082 12.6062 0.511296 0.844484 0.159423
43.8844 10.0243 12.3492 0.524307 0.837737 0.152565
43.4461 10.3445 12.0821 0.52357 0.839594 0.144762
43.0264 10.6548 11.8127 0.52687 0.838146 0.141137
42.5941 10.9768 11.5176 0.529881 0.836554 0.139282
42.1299 11.3141 11.2609 0.529008 0.836521 0.142768
41.6832 11.6368 11.0364 0.530424 0.835956 0.140747
41.2483 11.9517 10.7751 0.521459 0.840123 0.149052
40.8475 12.234 10.5621 0.516552 0.843108 0.149464
40.4253 12.533 10.3304 0.51799 0.843601 0.141455
39.9768 12.8474 10.0947 0.512706 0.845968 0.146528
39.4549 13.2084 9.82445 0.514922 0.845715 0.140077
39.0108 13.525 9.5629 0.520312 0.843545 0.133068
38.5829 13.8329 9.31195 0.535271 0.834985 0.127419
38.1811 14.1208 9.08915 0.532666 0.837619 0.121084
37.7263 14.4468 8.82643 0.523563 0.842766 0.124957
37.3103 14.7306 8.60309 0.510287 0.853312 0.107082
36.8343 15.0469 8.33754 0.50862 0.85509 0.100637
36.4024 15.3282 8.09986 0.503108 0.858476 0.0995086
35.9651 15.6234 7.86183 0.520568 0.848021 0.099346
35.4818 15.9548 7.56213 0.524736 0.84594 0.0950713
35.0706 16.2381 7.30726 0.523986 0.846431 0.0948263
34.675 16.5073 7.0939 0.523824 0.846334 0.0965245
34.2598 16.7893 6.88341 0.525056 0.845264 0.0992217
33.7604 17.132 6.61431 0.528487 0.843823 0.0930871
33.3174 17.4362 6.37927 0.52896 0.843884 0.0896855
32.7997 17.7903 6.10994 0.526181 0.845014 0.0953108
32.3723 18.0832 5.86115 0.529906 0.843975 0.0830954
31.9248 18.3921 5.59907 0.535444 0.840123 0.0865656
31.4464 18.7209 5.30882 0.526679 0.846243 0.0805158
31.0446 18.9999 5.05636 0.536501 0.839848 0.0825898
30.6668 19.2648 4.82002 0.533642 0.84202 0.0783939
30.1951 19.5923 4.51592 0.541251 0.837525 0.0748361
29.7377 19.9073 4.2403 0.533458 0.84288 0.0703241
29.3248 20.1893 4.01446 0.536991 0.840991 0.0661216
28.8531 20.5083 3.76789 0.534834 0.842436 0.065219
28.4231 20.7978 3.5307 0.532602 0.844419 0.0573816
28.0235 21.0627 3.33205 0.530282 0.845892 0.057155
27.5932 21.3459 3.09448 0.528286 0.847398 0.0531919
27.2179 21.5948 2.84767 0.528969 0.847089 0.0513122
26.7917 21.8772 2.57419 0.529293 0.846966 0.0499595
26.364 22.1596 2.33809 0.532514 0.845028 0.0485502
25.9397 22.4409 2.11419 0.535271 0.843315 0.048014
25.5436 22.7039 1.87432 0.533483 0.845019 0.0365975
25.1065 22.9913 1.62491 0.534247 0.844616 0.0347007
24.6459 23.2933 1.38071 0.53601 0.843568 0.0329376
24.2511 23.5492 1.18164 0.534604 0.844563 0.0301387
23.8343 23.8198 0.982317 0.533342 0.845533 0.0248924
23.3095 24.1585 0.719239 0.534514 0.844905 0.0207635
22.8462 24.4589 0.505133 0.538649 0.842215 0.0230542
22.4564 24.7142 0.29933 0.539382 0.841769 0.0221633
21.9143 25.0696 0.00290502 0.540767 0.840906 0.0211607
34.1716 17.1759 2.65182 0.532628 0.844869 0.0500457
34.615 16.8966 2.64727 0.533432 0.844594 0.0459622
35.0491 16.6233 2.64277 0.532709 0.845024 0.0464274
35.5476 16.3094 2.63757 0.53098 0.846195 0.0448834
36.0772 15.978 2.63487 0.528624 0.847653 0.0451716
36.6829 15.6021 2.63068 0.525853 0.849362 0.0454161
37.1344 15.3213 2.62595 0.528626 0.847679 0.0446596
37.589 15.0395 2.62256 0.526294 0.849014 0.0467862
38.08 14.7312 2.61715 0.532957 0.845276 0.0382946
38.637 14.3865 2.61092 0.521397 0.852645 0.033781
39.1677 14.0672 2.60527 0.512987 0.857612 0.0366822
39.7554 13.7113 2.60033 0.51695 0.855217 0.0369641
40.2547 13.413 2.59474 0.519414 0.853762 0.0360388
40.6977 13.1444 2.58795 0.513843 0.856902 0.0410408
41.1253 12.8844 2.58302 0.523432 0.850936 0.0439026
41.5606 12.6189 2.5787 0.516536 0.855541 0.0352163
42.0173 12.3342 2.57312 0.538954 0.841878 0.0277618
42.4613 12.0526 2.56744 0.538367 0.841995 0.0347186
42.9175 11.7592 2.56302 0.538374 0.842046 0.0333363
43.4129 11.44 2.55922 0.542131 0.839834 0.0278165
43.8425 11.1653 2.55369 0.536991 0.843257 0.0236231
44.3501 10.8456 2.54746 0.527236 0.849309 0.0263822
44.8268 10.5509 2.54236 0.524293 0.851125 0.0265199
45.4502 10.1677 2.53662 0.523459 0.851613 0.0273282
45.9272 9.87778 2.53175 0.517836 0.854933 0.0305941
46.3809 9.60376 2.52812 0.515497 0.856327 0.0310918
46.9128 9.28444 2.52376 0.514192 0.857055 0.0326159
47.3656 9.01159 2.52006 0.516612 0.855399 0.0374752
47.9226 8.67439 2.51532 0.518184 0.854525 0.035656
48.4355 8.36425 2.51002 0.517011 0.855047 0.0399334
48.9012 8.08147 2.50416 0.522762 0.851882 0.0318824
49.1697 7.91767 2.50022 0.519891 0.85371 0.0298829
49.0764 7.88591 -3.83517 0.510856 0.857021 -0.0673832
48.5625 8.1936 -3.84485 0.517273 0.853325 -0.0653055
48.0499 8.50641 -3.85334 0.522868 0.849786 -0.066874
47.5409 8.82677 -3.8629 0.538456 0.839688 -0.0706367
47.0538 9.13645 -3.87176 0.535621 0.842278 -0.060643
46.5627 9.44988 -3.88192 0.532338 0.844124 -0.0638015
46.0871 9.74987 -3.89169 0.536812 0.842097 -0.0520062
45.6409 10.0282 -3.8987 0.527984 0.847567 -0.0535017
45.1229 10.3472 -3.9075 0.51864 0.853933 -0.0425617
44.6151 10.6534 -3.91734 0.51361 0.857 -0.0419046
44.1335 10.9405 -3.92576 0.511061 0.858275 -0.0466989
43.6803 11.2103 -3.93366 0.514626 0.856122 -0.0470647
43.2161 11.4927 -3.94128 0.524667 0.850086 -0.0455887
42.7681 11.7725 -3.94797 0.530154 0.846296 -0.0521457
42.2626 12.0892 -3.95389 0.519427 0.852596 -0.0572386
41.8066 12.3647 -3.96028 0.512123 0.856528 -0.0639417
41.3712 12.6206 -3.96517 0.503573 0.861395 -0.066438
40.7773 12.9663 -3.97283 0.503503 0.861355 -0.0674737
40.3412 13.2235 -3.97937 0.50987 0.858339 -0.0573231
39.8356 13.5311 -3.98645 0.526837 0.848477 -0.0502825
39.3455 13.838 -3.99331 0.532885 0.844868 -0.0472343
38.9073 14.1148 -3.99909 0.536679 0.842375 -0.0487753
38.3905 14.4472 -4.00656 0.54557 0.836618 -0.0492269
37.8214 14.8197 -4.01505 0.549962 0.833382 -0.0549238
37.2452 15.1981 -4.02391 0.547188 0.834933 -0.0589256
36.7917 15.4929 -4.03205 0.542911 0.837609 -0.0604909
36.5591 15.6434 -4.03458 0.542395 0.837938 -0.0605631
45.4517 9.61943 8.95417 0.511447 0.85316 0.102666
45.9967 9.29515 8.93274 0.512325 0.852759 0.101611
46.4766 9.00835 8.91517 0.51346 0.852015 0.102118
47.0073 8.68977 8.89501 0.515599 0.850563 0.103442
47.4831 8.40262 8.87501 0.519699 0.847061 0.111356
48.0807 8.0413 8.85296 0.514202 0.850123 0.11352
48.394 7.85346 8.84137 0.507579 0.853355 0.118946
-14.7964 18.2763 28.2939 -0.264145 0.843954 0.466872
-15.348 18.1418 28.2171 -0.273911 0.845201 0.458921
-15.8291 18.021 28.1486 -0.277867 0.844852 0.457181
-16.3605 17.8871 28.0729 -0.277561 0.845165 0.456789
-16.9371 17.742 27.9913 -0.277191 0.845584 0.456239
-17.4245 17.619 27.9219 -0.280562 0.847102 0.451334
-17.9841 17.4748 27.8414 -0.286946 0.847313 0.446903
-18.3909 17.3684 27.7816 -0.288731 0.847247 0.445878
-14.9993 15.3946 33.3427 -0.232334 0.84259 0.485863
-15.6742 15.2464 33.2607 -0.247872 0.835331 0.490695
-16.1597 15.1392 33.2013 -0.24593 0.838287 0.486614
-16.7279 15.0129 33.1324 -0.243694 0.84361 0.478472
-17.2962 14.8856 33.0638 -0.253796 0.843155 0.474002
-17.8957 14.7489 32.9897 -0.251475 0.846015 0.470126
-18.4881 14.6121 32.9153 -0.253092 0.848111 0.465459
-19.1422 14.4601 32.8333 -0.254761 0.845717 0.468892
-19.6725 14.337 32.7672 -0.259532 0.849735 0.458905
-20.2494 14.2008 32.6948 -0.263146 0.848242 0.459608
-20.7645 14.0733 32.6274 -0.269113 0.853114 0.446962
-21.5076 13.8803 32.5252 -0.287369 0.845561 0.449941
-22.0418 13.7363 32.4494 -0.294519 0.844835 0.446668
-22.5671 13.592 32.3739 -0.297789 0.844796 0.444569
-23.0538 13.4503 32.2999 -0.323521 0.843319 0.429124
-23.6057 13.284 32.2142 -0.327471 0.843252 0.426249
-24.2012 13.0967 32.1184 -0.333813 0.843259 0.421287
-24.7175 12.9338 32.0355 -0.333631 0.843302 0.421345
-25.2639 12.7593 31.9471 -0.339668 0.843467 0.41616
-25.4075 12.7131 31.9236 -0.340815 0.843237 0.415688
-32.6056 7.90052 36.1216 -0.357633 0.855514 0.374424
-32.0602 8.08634 36.2036 -0.341178 0.858429 0.383011
-31.4691 8.28807 36.2942 -0.340185 0.853601 0.394512
-30.9407 8.45273 36.3679 -0.314543 0.861622 0.398334
-30.4258 8.61053 36.4393 -0.312052 0.864507 0.39402
-29.9452 8.75146 36.5037 -0.306257 0.866261 0.394712
-29.4489 8.89744 36.5708 -0.305753 0.86263 0.402969
-28.8392 9.06943 36.6502 -0.29804 0.862329 0.409341
-28.2243 9.24412 36.7309 -0.295405 0.8579 0.420408
-27.5764 9.42773 36.8166 -0.300279 0.852499 0.427875
-26.942 9.61074 36.9027 -0.304564 0.849255 0.431285
-26.4175 9.7631 36.9748 -0.30602 0.848234 0.432264
-25.89 9.91596 37.0476 -0.30477 0.848537 0.432551
-25.3697 10.0645 37.1188 -0.299868 0.850669 0.431789
-24.7613 10.233 37.2001 -0.287341 0.852157 0.437337
-24.1603 10.3951 37.2789 -0.287424 0.85133 0.43889
-23.6084 10.5451 37.3527 -0.295525 0.845063 0.445572
-23.1186 10.6798 37.4189 -0.294129 0.843339 0.449741
-22.5763 10.8301 37.4925 -0.284019 0.842169 0.458349
-22.0279 10.9739 37.5631 -0.273199 0.838106 0.472166
-21.4718 11.1047 37.6289 -0.249152 0.843175 0.476424
-20.939 11.2245 37.6875 -0.239186 0.844518 0.479145
-20.3084 11.3641 37.7577 -0.243381 0.841537 0.482266
-19.7047 11.4966 37.8251 -0.239241 0.848644 0.47177
-19.0726 11.6346 37.8955 -0.230842 0.848166 0.476787
-18.4149 11.7728 37.9659 -0.223118 0.848761 0.479399
-17.9067 11.8757 38.0181 -0.225212 0.846095 0.483117
-17.3696 11.9869 38.0758 -0.228211 0.843643 0.485989
-16.8316 12.0989 38.1346 -0.229388 0.842814 0.486874
-16.3067 12.2084 38.1924 -0.229388 0.842814 0.486873
-15.7373 12.326 38.2547 -0.226696 0.84319 0.487483
-15.2391 12.4225 38.306 -0.205232 0.849556 0.485938
-15.0261 12.4608 38.3264 -0.203167 0.845878 0.493167
-14.9517 9.57959 43.2959 -0.172856 0.843994 0.507734
-15.4465 9.50043 43.2565 -0.173385 0.848717 0.499617
-16.0296 9.40395 43.2079 -0.195188 0.849264 0.490563
-16.5516 9.31037 43.1606 -0.201288 0.853486 0.480672
-17.1451 9.20164 43.1062 -0.199236 0.855322 0.478257
-17.7097 9.0986 43.0551 -0.199336 0.855618 0.477684
-18.2039 9.00843 43.0108 -0.199038 0.855906 0.477293
-18.7931 8.89974 42.9578 -0.201707 0.855274 0.477306
-19.2858 8.80603 42.9124 -0.213106 0.855106 0.472631
-19.9688 8.6666 42.8453 -0.223684 0.851426 0.474383
-20.5973 8.53547 42.7828 -0.225286 0.85095 0.474479
-21.1349 8.42286 42.7297 -0.224581 0.851805 0.473277
-21.7296 8.29806 42.6714 -0.225317 0.852093 0.472409
-22.288 8.18104 42.6172 -0.22801 0.857377 0.461429
-22.7929 8.07126 42.5672 -0.234961 0.855748 0.460965
-23.328 7.94963 42.5125 -0.257625 0.85984 0.4408
-23.8893 7.8143 42.4509 -0.261778 0.864417 0.42925
-24.4001 7.68753 42.3929 -0.265074 0.862973 0.430132
-24.4465 7.67588 42.3876 -0.265448 0.862997 0.429852
-19.7868 17.243 -28.5756 -0.280019 0.856958 -0.432681
-19.2043 17.3901 -28.6576 -0.277314 0.8516 -0.44483
-18.6975 17.519 -28.7289 -0.280239 0.850833 -0.444465
-18.0806 17.6748 -28.8166 -0.277825 0.849101 -0.449267
-17.5768 17.8013 -28.8877 -0.277144 0.847546 -0.452612
-17.0394 17.9316 -28.9604 -0.266035 0.847873 -0.458625
-16.5274 18.052 -29.0281 -0.25846 0.847782 -0.463103
-16.0254 18.1683 -29.0943 -0.253302 0.850835 -0.460345
-15.5151 18.2849 -29.1607 -0.25311 0.852353 -0.457634
-14.8766 18.4258 -29.2413 -0.242019 0.855324 -0.45809
-14.8189 18.4382 -29.2484 -0.237644 0.856655 -0.457895
-14.9824 15.6208 -34.3283 -0.214628 0.853534 -0.474778
-15.531 15.5132 -34.2695 -0.223966 0.849894 -0.47699
-16.0731 15.4028 -34.2097 -0.229258 0.851148 -0.472217
-16.5749 15.299 -34.1535 -0.230841 0.854948 -0.464517
-17.1782 15.1713 -34.0841 -0.236216 0.854986 -0.461737
-17.6767 15.0631 -34.0263 -0.238836 0.858305 -0.454169
-18.2518 14.9387 -33.9598 -0.237259 0.86036 -0.451098
-18.8886 14.7971 -33.8837 -0.252643 0.859368 -0.444587
-19.4461 14.6664 -33.8144 -0.260667 0.85796 -0.442671
-20.0149 14.531 -33.7429 -0.262113 0.859331 -0.439143
-20.5725 14.3961 -33.6714 -0.26533 0.858155 -0.439512
-21.0771 14.2727 -33.6068 -0.270986 0.857785 -0.436773
-21.5614 14.1484 -33.542 -0.285982 0.854862 -0.432926
-22.2287 13.9643 -33.4468 -0.304126 0.852857 -0.424431
-22.843 13.788 -33.3559 -0.309668 0.851178 -0.423794
-23.3371 13.6444 -33.2825 -0.310407 0.851631 -0.422341
-23.8365 13.4987 -33.2085 -0.311127 0.850843 -0.423398
-24.3541 13.347 -33.1317 -0.313526 0.850293 -0.422732
-24.9776 13.1608 -33.0379 -0.323307 0.846472 -0.423033
-25.5127 12.994 -32.9543 -0.33359 0.845563 -0.416823
-26.0566 12.8215 -32.8681 -0.335011 0.845055 -0.416712
-26.6577 12.6296 -32.7727 -0.3366 0.845632 -0.414254
-26.9324 12.5418 -32.7291 -0.339838 0.847025 -0.408728
-33.729 7.86779 -37.0378 -0.354671 0.852071 -0.384945
-33.247 8.03355 -37.1095 -0.347653 0.855437 -0.383882
-32.7311 8.20737 -37.1849 -0.342406 0.854901 -0.389747
-32.2237 8.37574 -37.2583 -0.337114 0.855715 -0.392564
-31.6524 8.5624 -37.3405 -0.336138 0.855947 -0.392894
-31.0863 8.74707 -37.4226 -0.336489 0.855648 -0.393245
-30.4423 8.9569 -37.5168 -0.336136 0.855735 -0.393358
-29.8724 9.14262 -37.6008 -0.336068 0.855254 -0.39446
-29.3457 9.31374 -37.6788 -0.333821 0.854449 -0.398096
-28.7757 9.49143 -37.7601 -0.322045 0.853885 -0.408861
-28.259 9.64811 -37.8322 -0.312722 0.856121 -0.411414
-27.7417 9.80174 -37.9028 -0.304729 0.854037 -0.421616
-27.253 9.94221 -37.9681 -0.298348 0.856546 -0.421091
-26.7034 10.0968 -38.0403 -0.294243 0.858229 -0.420552
-26.1058 10.2612 -38.1178 -0.290084 0.85949 -0.420865
-25.6034 10.3986 -38.183 -0.289675 0.858131 -0.423911
-24.8685 10.6005 -38.2791 -0.291745 0.858637 -0.421459
-24.3856 10.727 -38.3394 -0.2772 0.85431 -0.439675
-23.8842 10.8583 -38.4027 -0.277487 0.851841 -0.44426
-23.2752 11.0094 -38.4765 -0.261616 0.853698 -0.450286
-22.7238 11.143 -38.5415 -0.260293 0.852792 -0.452762
-22.1828 11.2723 -38.6049 -0.256454 0.85303 -0.454502
-21.5087 11.4315 -38.6835 -0.253499 0.85299 -0.45623
-21.0244 11.5444 -38.739 -0.252707 0.850317 -0.461628
-20.4619 11.6767 -38.8039 -0.250449 0.848955 -0.46535
-19.9693 11.7923 -38.862 -0.255841 0.846781 -0.466377
-19.3993 11.9214 -38.9268 -0.242095 0.84393 -0.47872
-18.851 12.0339 -38.9834 -0.2057 0.850732 -0.483677
-18.3219 12.1317 -39.0327 -0.197237 0.850877 -0.486935
-17.7336 12.2378 -39.0866 -0.198938 0.850103 -0.487595
-17.1609 12.341 -39.1394 -0.198838 0.847596 -0.49198
-16.6411 12.4345 -39.1876 -0.196106 0.846306 -0.495286
-16.0738 12.5332 -39.2385 -0.188894 0.844888 -0.500483
-15.5187 12.6254 -39.2865 -0.179224 0.844963 -0.503902
-15.0063 12.7072 -39.3282 -0.176445 0.844892 -0.505
-14.9898 12.7098 -39.3296 -0.176734 0.844877 -0.504923
-14.9737 9.75395 -44.2579 -0.141417 0.846477 -0.513301
-15.5207 9.68089 -44.2241 -0.146853 0.846559 -0.511637
-16.1319 9.59599 -44.1848 -0.156976 0.849695 -0.503366
-16.6576 9.51871 -44.147 -0.16626 0.849479 -0.500743
-17.1772 9.4396 -44.1095 -0.16602 0.850795 -0.498583
-17.6966 9.36051 -44.072 -0.164811 0.851562 -0.497674
-18.2097 9.28304 -44.0371 -0.159973 0.853175 -0.496488
-18.7316 9.19981 -43.9999 -0.178524 0.856535 -0.484229
-19.293 9.10304 -43.9551 -0.189911 0.855452 -0.481804
-19.8383 8.99956 -43.9065 -0.20854 0.857281 -0.470723
-20.3899 8.891 -43.8564 -0.211388 0.857294 -0.469427
-20.9393 8.78338 -43.8054 -0.211592 0.857183 -0.469538
-21.6217 8.64847 -43.744 -0.217815 0.856636 -0.467687
-22.2299 8.52054 -43.6854 -0.231205 0.858213 -0.458274
-22.7899 8.39757 -43.6267 -0.240421 0.852512 -0.464135
-23.3366 8.27316 -43.5676 -0.245325 0.852013 -0.462482
-23.8299 8.15957 -43.5168 -0.244486 0.853315 -0.460522
-24.3578 8.03733 -43.4626 -0.243418 0.854574 -0.458749
-24.9052 7.90955 -43.4054 -0.248159 0.857858 -0.449997
-25.0518 7.87523 -43.3901 -0.246771 0.859003 -0.448573
-25.0844 7.86767 -43.3867 -0.248126 0.859847 -0.446203
