17.6759 31.8099 0.933915 0.558458 0.828968 0.030602
17.8557 31.6725 1.34162 0.556242 0.830176 0.0374408
18.3371 31.3489 1.42693 0.549246 0.834825 0.0372485
18.7956 31.0496 1.47956 0.537799 0.842327 0.035449
19.2518 30.7534 1.55118 0.541423 0.83998 0.0359838
19.6899 30.4675 1.6681 0.540665 0.840202 0.0417382
20.2448 30.1042 1.83506 0.540379 0.840613 0.0368219
20.6857 29.8141 1.97244 0.541442 0.839687 0.0416179
21.1341 29.5146 2.13256 0.545568 0.836922 0.0435574
21.6783 29.1451 2.3602 0.550562 0.833721 0.0423141
22.1944 28.7945 2.60405 0.546117 0.836268 0.0487948
22.6304 28.4939 2.82714 0.549696 0.833803 0.050986
23.0154 28.2281 3.02146 0.548272 0.834625 0.0529142
23.4328 27.9399 3.21875 0.550929 0.832452 0.0589792
23.8095 27.6762 3.43306 0.546017 0.835365 0.0634886
24.2256 27.3836 3.69397 0.545666 0.835355 0.0665632
24.617 27.1102 3.92924 0.542633 0.837326 0.0665996
25.0451 26.8134 4.16706 0.542872 0.837018 0.0684906
25.5162 26.49 4.39917 0.539817 0.839081 0.0673783
25.9028 26.2273 4.58888 0.53636 0.841409 0.0659547
26.2805 25.9705 4.80139 0.533196 0.843303 0.0673983
26.7738 25.6337 5.08629 0.532585 0.84301 0.0753462
27.2774 25.2903 5.37636 0.533084 0.842082 0.0819683
27.6844 25.0093 5.62134 0.531514 0.843184 0.0808287
28.0949 24.7248 5.88394 0.529804 0.843811 0.0853835
28.4708 24.4646 6.11282 0.530345 0.843182 0.0881678
28.8929 24.1697 6.36354 0.534009 0.840056 0.0956025
29.275 23.9033 6.58145 0.532065 0.840861 0.0992659
29.6836 23.6171 6.80885 0.532317 0.840467 0.101257
30.1033 23.3242 7.02818 0.533445 0.839628 0.102274
30.4999 23.0451 7.24803 0.532084 0.840212 0.104547
31.0156 22.6871 7.49747 0.531535 0.840227 0.107088
31.4643 22.3807 7.7221 0.516195 0.849453 0.109403
31.9122 22.0778 7.96515 0.511402 0.852233 0.110301
32.3627 21.7701 8.23948 0.513595 0.850978 0.109776
32.7774 21.4885 8.47511 0.518597 0.84852 0.105219
33.1667 21.2186 8.71538 0.525338 0.843868 0.109119
33.6292 20.8884 9.02249 0.525806 0.842785 0.115069
34.0218 20.6132 9.2355 0.528755 0.840893 0.115398
34.4248 20.3273 9.47732 0.529735 0.840302 0.115197
34.8059 20.0564 9.70063 0.527236 0.84177 0.115952
35.1913 19.7842 9.91552 0.529639 0.839381 0.122154
35.5779 19.5163 10.1129 0.522506 0.843692 0.123123
35.9914 19.2254 10.3556 0.522208 0.844307 0.120184
36.3884 18.9484 10.5774 0.523906 0.843332 0.119639
36.8373 18.6335 10.8148 0.531855 0.838409 0.119166
37.2266 18.3583 11.0048 0.534911 0.836234 0.120763
37.6263 18.0666 11.2388 0.536739 0.833682 0.129945
38.1259 17.6997 11.5546 0.527812 0.83955 0.12873
38.5996 17.3582 11.8356 0.522671 0.841117 0.139058
39.076 17.0125 12.1323 0.517382 0.840948 0.15849
39.4559 16.7364 12.3366 0.520311 0.8394 0.157025
39.8634 16.4357 12.5854 0.521614 0.836981 0.165472
40.3157 16.1038 12.8475 0.515301 0.841021 0.164769
40.7421 15.7975 13.0781 0.514928 0.841245 0.164745
41.1409 15.5113 13.2999 0.513361 0.842699 0.162229
41.5243 15.2328 13.5285 0.515947 0.841468 0.160397
42.0016 14.8858 13.7956 0.522599 0.835133 0.171592
42.4831 14.5275 14.0767 0.520181 0.834743 0.180599
42.8715 14.2436 14.315 0.502386 0.84599 0.178579
43.2346 13.9815 14.5412 0.500893 0.845746 0.183899
43.6589 13.6786 14.773 0.506506 0.841696 0.187082
44.1118 13.3568 14.9934 0.507383 0.84116 0.187117
44.6315 12.9747 15.2822 0.509317 0.838045 0.195637
45.0006 12.7 15.4901 0.50838 0.838475 0.196201
45.4758 12.3485 15.7575 0.509781 0.836861 0.199456
45.9232 12.0172 16.0166 0.503255 0.840241 0.201779
46.3276 11.7161 16.2608 0.499043 0.84221 0.204053
46.7951 11.3702 16.5368 0.502339 0.84 0.205032
47.303 11.0019 16.805 0.497222 0.842125 0.208768
47.6714 10.7332 17.0109 0.494761 0.843 0.211098
48.1393 10.3849 17.3021 0.49644 0.842193 0.210374
48.6089 10.0392 17.5819 0.495906 0.843388 0.206819
49.0477 9.7199 17.8328 0.493262 0.844164 0.209953
49.4905 9.4001 18.0781 0.494186 0.84412 0.207946
49.8947 9.10124 18.3294 0.494065 0.84356 0.210491
50.3473 8.77143 18.5987 0.484515 0.848511 0.212779
50.8487 8.41475 18.8877 0.47842 0.852262 0.211574
51.2164 8.15323 19.1148 0.475383 0.854916 0.207676
51.6053 7.88814 19.3164 0.475142 0.855099 0.207473
52.1088 7.54419 19.5889 0.472055 0.856843 0.207322
52.6195 7.19295 19.8784 0.469739 0.857551 0.209645
53.0357 6.90709 20.1014 0.476931 0.852726 0.213062
53.4562 6.61293 20.3358 0.478187 0.850549 0.218865
53.8375 6.34059 20.5558 0.480864 0.848348 0.221528
54.2152 6.07266 20.7606 0.481949 0.84781 0.221233
54.7338 5.70328 21.0461 0.482035 0.847812 0.221037
55.1859 5.37926 21.3019 0.479216 0.849008 0.222571
55.6099 5.17024 21.1871 0.477006 0.850808 0.220432
55.9136 5.1625 20.5585 0.476831 0.851227 0.219194
56.1333 5.15607 20.0869 0.486258 0.84906 0.206518
56.3413 5.14793 19.6183 0.488726 0.850701 0.193531
56.5429 5.14236 19.1298 0.489558 0.850998 0.190094
56.737 5.13279 18.6679 0.494377 0.848512 0.188731
56.9737 5.11498 18.1268 0.495431 0.8474 0.190926
57.1563 5.12622 17.601 0.494861 0.847904 0.190189
57.3345 5.13426 17.0924 0.498259 0.846935 0.185562
57.5088 5.14043 16.588 0.498263 0.848183 0.179745
57.6868 5.1491 16.0403 0.499838 0.848139 0.175562
57.8583 5.15792 15.5012 0.500683 0.848684 0.17044
58.0218 5.16221 14.9762 0.513827 0.84256 0.161458
58.2113 5.15868 14.3768 0.511647 0.845885 0.150601
58.3555 5.16168 13.8506 0.513591 0.846309 0.141367
58.4806 5.17158 13.3392 0.50952 0.848512 0.142879
58.6007 5.18716 12.8101 0.509086 0.849428 0.138865
58.7423 5.19238 12.239 0.511547 0.848921 0.132859
58.8869 5.18357 11.7208 0.508319 0.852603 0.121163
59.0044 5.18443 11.213 0.507438 0.853681 0.117198
59.1517 5.18094 10.5976 0.503472 0.856217 0.115793
59.3069 5.17794 9.93188 0.504642 0.855969 0.112489
59.4299 5.17943 9.30357 0.511614 0.853323 0.100456
59.5116 5.18928 8.78931 0.514132 0.85274 0.0920906
59.5742 5.20585 8.25964 0.515451 0.852384 0.0880337
59.6488 5.21745 7.65826 0.520907 0.851308 0.0626891
59.7286 5.21445 7.0442 0.51907 0.852598 0.0603153
59.8105 5.19978 6.51085 0.521082 0.852127 0.0484395
59.8834 5.18435 5.93477 0.522003 0.852126 0.0373495
59.9343 5.17823 5.26131 0.526907 0.849434 0.0286214
59.9624 5.17859 4.68254 0.528664 0.848448 0.0254893
59.9727 5.18831 4.16681 0.526709 0.849662 0.0255009
59.9663 5.20541 3.65229 0.529687 0.847868 0.0233742
59.9883 5.20642 3.11355 0.532668 0.846058 0.0212162
60.0379 5.19041 2.48582 0.533431 0.845608 0.0199657
60.0539 5.19331 1.90132 0.534081 0.845277 0.0162457
60.0347 5.21608 1.21941 0.533847 0.845538 0.00850601
60.0574 5.20685 0.542971 0.535131 0.844764 0.00284289
60.0563 5.20851 0.0249227 0.535139 0.844764 0.000823127
60.0373 5.21893 -0.639096 0.536509 0.843867 -0.00678568
60.0212 5.22351 -1.1912 0.534583 0.845063 -0.00948055
59.9868 5.23389 -1.69298 0.534525 0.844767 -0.0255208
59.9445 5.23866 -2.40281 0.537862 0.842585 -0.0274736
59.8975 5.2474 -3.05739 0.538265 0.84235 -0.0267715
59.8229 5.27278 -3.70035 0.53764 0.842637 -0.0301149
59.7775 5.27741 -4.2958 0.538191 0.841736 -0.0421512
59.7314 5.26895 -4.89008 0.537842 0.840585 -0.0643624
59.6855 5.25756 -5.4139 0.535929 0.841596 -0.067055
59.6082 5.25864 -6.01966 0.536883 0.840913 -0.0679712
59.5518 5.2481 -6.52506 0.535972 0.84071 -0.0770702
59.5082 5.22196 -7.08502 0.533209 0.841784 -0.0841234
59.4045 5.22349 -7.70058 0.536632 0.838477 -0.094773
59.2693 5.23709 -8.32782 0.531423 0.84097 -0.101635
59.1822 5.22806 -8.83629 0.526054 0.843555 -0.108031
59.064 5.19786 -9.57888 0.526136 0.84174 -0.121056
58.9739 5.18136 -10.0833 0.528678 0.83996 -0.122338
58.8645 5.17549 -10.5892 0.526417 0.840913 -0.125502
58.739 5.18 -11.079 0.523415 0.842567 -0.126953
58.6192 5.17869 -11.584 0.523966 0.842377 -0.125936
58.4963 5.18244 -12.0773 0.521768 0.844168 -0.12304
58.3602 5.18933 -12.6033 0.515909 0.847862 -0.122345
58.2213 5.19062 -13.182 0.514665 0.848689 -0.121838
58.0798 5.19532 -13.6777 0.506672 0.850873 -0.138918
57.9241 5.20159 -14.1927 0.508404 0.848553 -0.146568
57.7899 5.19671 -14.6848 0.50684 0.849524 -0.146363
57.6317 5.1987 -15.2121 0.504717 0.849694 -0.152582
57.4716 5.20148 -15.7299 0.509579 0.846748 -0.152799
57.315 5.20014 -16.2293 0.504515 0.846927 -0.167866
57.1536 5.18621 -16.7829 0.506434 0.84539 -0.169822
56.9454 5.16609 -17.479 0.508949 0.841116 -0.182995
56.7668 5.16623 -17.9699 0.511928 0.837101 -0.19285
56.5555 5.17546 -18.4774 0.50156 0.842511 -0.1965
56.3291 5.19628 -18.9569 0.498157 0.8431 -0.20254
56.0557 5.2212 -19.5071 0.489074 0.846169 -0.211652
55.8077 5.20226 -20.1321 0.491082 0.842206 -0.222547
55.5393 5.19386 -20.7502 0.493029 0.839853 -0.227074
55.2293 5.23077 -21.2687 0.485004 0.844237 -0.228099
54.8115 5.50603 -21.1417 0.476463 0.843967 -0.246369
54.4106 5.78728 -20.9194 0.470722 0.852767 -0.226294
53.9995 6.07379 -20.6999 0.472197 0.850782 -0.230638
53.5643 6.38082 -20.4644 0.479563 0.847448 -0.2277
53.183 6.65475 -20.2453 0.479736 0.847774 -0.226125
52.7625 6.95491 -20.004 0.480358 0.849017 -0.220059
52.3785 7.2278 -19.7907 0.479388 0.848994 -0.22223
51.9335 7.54675 -19.5184 0.477698 0.851436 -0.216476
51.5115 7.85268 -19.2484 0.485301 0.848624 -0.210522
51.1405 8.1228 -19.0216 0.489235 0.846165 -0.211312
50.7227 8.42572 -18.7855 0.490087 0.843901 -0.218275
50.2581 8.75969 -18.5401 0.496524 0.840931 -0.215173
49.8017 9.09533 -18.2731 0.493396 0.843229 -0.213368
49.2959 9.46722 -18.0048 0.498257 0.839349 -0.217333
48.8913 9.76848 -17.7884 0.503954 0.834183 -0.223976
48.4702 10.0804 -17.5566 0.503393 0.837863 -0.211052
48.0495 10.3977 -17.2817 0.499359 0.842161 -0.203482
47.6588 10.6857 -17.0491 0.498916 0.843298 -0.199797
47.2005 11.019 -16.777 0.495428 0.846341 -0.195596
46.8365 11.2888 -16.5339 0.498637 0.84474 -0.194361
46.4037 11.6038 -16.2841 0.502446 0.842185 -0.195608
45.9747 11.9136 -16.0555 0.50526 0.841405 -0.191704
45.518 12.2421 -15.8103 0.503344 0.843261 -0.188563
45.0592 12.5752 -15.5474 0.506516 0.841532 -0.187792
44.5394 12.9539 -15.2497 0.502466 0.842908 -0.192442
44.1363 13.2463 -15.0117 0.497184 0.846818 -0.188963
43.7287 13.5403 -14.7827 0.503699 0.842145 -0.19256
43.3005 13.854 -14.5508 0.512326 0.837912 -0.18793
42.9265 14.1281 -14.3471 0.523388 0.831816 -0.184771
42.5378 14.4194 -14.1307 0.520654 0.834811 -0.178848
42.152 14.7039 -13.9158 0.522343 0.835111 -0.172454
41.7756 14.9794 -13.7158 0.524146 0.834544 -0.169729
41.3927 15.2621 -13.5056 0.519792 0.838077 -0.165598
40.9996 15.5504 -13.2715 0.520706 0.838444 -0.160859
40.5654 15.8741 -12.9837 0.519594 0.840737 -0.152257
40.0695 16.2315 -12.7037 0.52017 0.840742 -0.150255
39.6516 16.5291 -12.4854 0.520111 0.840743 -0.150455
39.2223 16.8329 -12.2726 0.520453 0.840501 -0.150622
38.7957 17.1398 -12.046 0.52408 0.837747 -0.153365
38.3475 17.472 -11.7748 0.528135 0.835518 -0.151598
37.9739 17.7561 -11.538 0.536849 0.82937 -0.154718
37.5602 18.0734 -11.2799 0.539829 0.827582 -0.153861
37.2031 18.3508 -11.047 0.544155 0.825204 -0.15144
36.8288 18.6365 -10.8173 0.539028 0.829686 -0.145099
36.3208 19.0174 -10.5373 0.539238 0.831228 -0.135111
35.8978 19.3313 -10.288 0.541263 0.83078 -0.129765
35.4886 19.6345 -10.056 0.541381 0.831225 -0.12634
35.0627 19.9462 -9.82137 0.543559 0.830282 -0.123169
34.6641 20.238 -9.59867 0.538859 0.833905 -0.119288
34.233 20.5502 -9.35829 0.53905 0.833977 -0.117929
33.8419 20.8339 -9.14199 0.540027 0.833345 -0.117918
33.4617 21.1108 -8.92753 0.541029 0.832714 -0.117791
33.0234 21.4296 -8.69565 0.542997 0.831338 -0.118448
32.5685 21.7611 -8.44594 0.541321 0.832633 -0.117025
32.0772 22.119 -8.16598 0.540469 0.833479 -0.114915
31.6635 22.4206 -7.92143 0.5409 0.834033 -0.108703
31.2252 22.7397 -7.64816 0.541374 0.834295 -0.104217
30.8612 23.0025 -7.42173 0.538311 0.837246 -0.0960372
30.4209 23.3156 -7.19201 0.546332 0.833029 -0.0869919
29.9949 23.6109 -6.99207 0.539914 0.837311 -0.0860316
29.4667 23.9792 -6.70409 0.538167 0.839228 -0.0778323
29.024 24.2846 -6.45378 0.537625 0.84003 -0.0728409
28.5001 24.6429 -6.17882 0.539274 0.839218 -0.069978
28.1046 24.9174 -5.93957 0.539588 0.839084 -0.069139
27.7071 25.1933 -5.68841 0.541033 0.838541 -0.0642755
27.2567 25.5056 -5.4265 0.542859 0.837792 -0.0578358
26.8326 25.7942 -5.18612 0.541791 0.839006 -0.0503014
26.4351 26.0646 -4.97212 0.543917 0.837945 -0.0446683
26.046 26.3288 -4.7764 0.546273 0.836658 -0.0397336
25.624 26.6172 -4.52831 0.545882 0.837023 -0.0374813
25.2432 26.8746 -4.30848 0.544177 0.838154 -0.0370184
24.741 27.2132 -4.02835 0.54665 0.836666 -0.0340208
24.3191 27.496 -3.8168 0.546157 0.837292 -0.025363
23.8959 27.7803 -3.57325 0.546375 0.837241 -0.0224002
23.4224 28.0946 -3.30948 0.544002 0.838877 -0.0186694
23.0358 28.3501 -3.10183 0.544249 0.838716 -0.018677
22.5364 28.6778 -2.82544 0.540589 0.841115 -0.0170291
22.1462 28.9332 -2.61873 0.541139 0.840737 -0.0181322
21.7485 29.1933 -2.42687 0.541237 0.840662 -0.0187176
21.3332 29.4641 -2.25207 0.540071 0.841496 -0.0144322
20.8865 29.7552 -2.0822 0.542397 0.840038 -0.0118531
20.4821 30.0189 -1.93475 0.542983 0.839701 -0.00843741
20.0391 30.3034 -1.78685 0.536799 0.84371 -0.000704182
19.5273 30.6313 -1.63874 0.5395 0.841973 0.00162053
19.1062 30.9042 -1.53489 0.545021 0.838418 0.00238595
18.6847 31.1785 -1.43585 0.545812 0.837905 0.00211617
18.2682 31.4495 -1.30803 0.546342 0.83756 0.00161033
17.8215 31.7416 -1.05976 0.54951 0.835484 -0.00213454
17.6908 31.8276 -0.514672 0.550999 0.834503 0.00214869
17.6866 31.8241 0.158952 0.55114 0.834327 0.011951
17.677 31.8177 0.702222 0.556844 0.830211 0.0253582
17.6772 31.8164 0.736463 0.558458 0.828968 0.030602
12.7885 35.2241 0.689821 0.602164 0.797891 0.0277059
12.7896 35.2358 0.124677 0.613526 0.789617 0.00953091
12.7825 35.2405 -0.467076 0.611855 0.790948 -0.00588412
12.7615 35.241 -0.990756 0.606705 0.794098 -0.0352708
12.7224 35.2365 -1.57766 0.598816 0.798875 -0.056723
12.6905 35.2228 -2.08434 0.594447 0.801494 -0.0651221
12.6297 35.2217 -2.60297 0.587392 0.805145 -0.081922
12.561 35.2128 -3.14273 0.585722 0.804785 -0.0960759
12.4701 35.1914 -3.79501 0.568709 0.814679 -0.113112
12.473 35.1027 -4.36492 0.562252 0.817592 -0.12416
12.67 34.8955 -4.85436 0.543355 0.828939 -0.132761
12.9262 34.674 -5.22263 0.528413 0.839791 -0.124622
13.3275 34.3718 -5.5778 0.52164 0.845294 -0.115623
13.7132 34.1044 -5.81984 0.515731 0.850118 -0.10638
14.2467 33.7576 -6.03238 0.510827 0.85448 -0.0943076
14.7086 33.4652 -6.17818 0.511165 0.85507 -0.0869066
15.1134 33.2058 -6.34212 0.512768 0.854826 -0.0796093
15.5053 32.9524 -6.52835 0.51378 0.854331 -0.0784097
15.9325 32.6724 -6.76451 0.516622 0.852881 -0.0754623
16.3688 32.3896 -6.97045 0.51786 0.852396 -0.0723942
16.8279 32.097 -7.13431 0.517885 0.852468 -0.0713617
17.303 31.7977 -7.26122 0.51817 0.852576 -0.0679315
17.7357 31.5266 -7.3521 0.522819 0.849927 -0.0654377
18.1924 31.2397 -7.42957 0.524245 0.849257 -0.0626907
18.6028 30.9771 -7.54454 0.527309 0.847384 -0.0622573
19.0415 30.6942 -7.68139 0.529719 0.846045 -0.0600504
19.5063 30.3858 -7.85647 0.538729 0.840005 -0.0645115
19.9649 30.0735 -8.09782 0.537837 0.840397 -0.0667854
20.4327 29.7473 -8.3369 0.549117 0.832746 -0.070738
20.8673 29.4413 -8.55912 0.549684 0.832301 -0.0715729
21.235 29.176 -8.77256 0.549975 0.831125 -0.0822079
21.6624 28.8641 -9.02778 0.551251 0.829064 -0.0936592
22.1105 28.5332 -9.29424 0.555724 0.825514 -0.098475
22.5165 28.2345 -9.51471 0.555101 0.825534 -0.101757
22.9071 27.9448 -9.71872 0.556593 0.824293 -0.103646
23.2963 27.6546 -9.93014 0.557224 0.823354 -0.10766
23.7103 27.3414 -10.1713 0.556705 0.82331 -0.110609
24.1711 26.9888 -10.4661 0.558431 0.821229 -0.117193
24.6358 26.6347 -10.731 0.556914 0.821685 -0.121166
25.058 26.3155 -10.9543 0.554478 0.822876 -0.124216
25.433 26.0279 -11.1826 0.551193 0.823955 -0.131468
25.8413 25.7166 -11.432 0.549149 0.825718 -0.12894
26.2397 25.4141 -11.6605 0.549033 0.824793 -0.135197
26.6257 25.1271 -11.8573 0.547011 0.826757 -0.131348
26.9994 24.8458 -12.0591 0.546971 0.826122 -0.135431
27.366 24.5667 -12.266 0.548316 0.823955 -0.142986
27.74 24.2836 -12.4576 0.548852 0.823173 -0.145423
28.1329 23.9845 -12.6652 0.549189 0.822749 -0.146545
28.5257 23.6835 -12.8902 0.545079 0.825337 -0.147333
28.8951 23.398 -13.1176 0.544324 0.824964 -0.152114
29.277 23.102 -13.3484 0.5425 0.825325 -0.156623
29.7105 22.7649 -13.6185 0.544363 0.823587 -0.15929
30.1705 22.403 -13.9105 0.544865 0.822926 -0.160971
30.6331 22.0447 -14.1602 0.539824 0.823952 -0.172275
31.009 21.7524 -14.3719 0.540903 0.822482 -0.175918
31.3729 21.4676 -14.5891 0.538492 0.824154 -0.175489
31.8086 21.1312 -14.8342 0.53755 0.824539 -0.176566
32.2966 20.7598 -15.0806 0.537929 0.823978 -0.178022
32.7252 20.4288 -15.3158 0.537345 0.823959 -0.179863
33.2209 20.0377 -15.623 0.537889 0.823579 -0.179979
33.6399 19.7092 -15.8737 0.536166 0.824055 -0.182917
34.0431 19.3968 -16.0985 0.534455 0.824648 -0.185238
34.445 19.0825 -16.3323 0.534461 0.823692 -0.189431
34.8446 18.7667 -16.5715 0.537616 0.820736 -0.193289
35.2482 18.4442 -16.8139 0.536861 0.820376 -0.196882
35.6473 18.1264 -17.0539 0.532569 0.82311 -0.197129
36.028 17.8278 -17.2702 0.531202 0.823119 -0.200749
36.3991 17.536 -17.483 0.531101 0.822866 -0.202049
36.8463 17.1873 -17.7258 0.531903 0.822066 -0.20319
37.2413 16.8788 -17.9391 0.530328 0.822731 -0.204608
37.6565 16.5526 -18.174 0.529857 0.822122 -0.208237
38.0249 16.2675 -18.367 0.528652 0.821048 -0.215422
38.3973 15.9707 -18.583 0.530699 0.819202 -0.217396
38.7989 15.6461 -18.819 0.532562 0.817291 -0.220032
39.215 15.3089 -19.0638 0.532558 0.817214 -0.220324
39.5777 15.0122 -19.2893 0.531276 0.818138 -0.21999
40.0479 14.6369 -19.5584 0.526707 0.821104 -0.219926
40.4325 14.339 -19.7646 0.521126 0.824196 -0.221643
40.8598 14.01 -19.9904 0.517833 0.825458 -0.224651
41.2997 13.6627 -20.2519 0.51795 0.824978 -0.226136
41.6629 13.3655 -20.5022 0.518241 0.824674 -0.22658
42.0498 13.0715 -20.6957 0.513341 0.827748 -0.226523
42.5002 12.7278 -20.9343 0.510442 0.829162 -0.227902
42.8785 12.435 -21.147 0.513579 0.826549 -0.230335
43.3399 12.0687 -21.4345 0.510508 0.826836 -0.236058
43.6956 11.7874 -21.6572 0.508019 0.82869 -0.234926
44.2296 11.3769 -21.953 0.504416 0.829159 -0.240938
44.6891 11.006 -22.2657 0.503694 0.827978 -0.246434
45.1063 10.6688 -22.5409 0.502033 0.826694 -0.254039
45.5339 10.3288 -22.8065 0.498642 0.828643 -0.254369
45.9617 9.99619 -23.0495 0.49404 0.829596 -0.260172
46.3704 9.6894 -23.252 0.490848 0.830522 -0.263244
46.8537 9.34113 -23.4527 0.487952 0.831662 -0.26503
47.3156 8.99927 -23.677 0.486597 0.832472 -0.264977
47.7007 8.69884 -23.9187 0.483428 0.835062 -0.26262
48.1462 8.34508 -24.2297 0.480931 0.837322 -0.259994
48.6449 7.97353 -24.5027 0.477956 0.837898 -0.263594
49.1231 7.61604 -24.7744 0.475295 0.838532 -0.266371
49.5031 7.32433 -25.0178 0.47184 0.839928 -0.268118
49.8832 7.04187 -25.2339 0.471913 0.839428 -0.269552
50.2541 6.76811 -25.436 0.47241 0.838795 -0.270651
50.7114 6.42624 -25.6984 0.472592 0.838545 -0.271104
51.1549 6.08196 -25.9814 0.474282 0.83616 -0.275486
51.5892 5.75369 -26.2264 0.476804 0.833978 -0.277737
51.9884 5.45539 -26.4338 0.479333 0.83237 -0.27821
52.414 5.12003 -26.6985 0.482328 0.830351 -0.279064
52.7785 4.82847 -26.9356 0.48596 0.82801 -0.279719
53.1476 4.53943 -27.1502 0.485406 0.82844 -0.279406
53.5078 4.25846 -27.3585 0.484951 0.828406 -0.280295
53.8744 3.97075 -27.5746 0.483612 0.828271 -0.282997
54.3239 3.62249 -27.8222 0.485189 0.826334 -0.285938
54.7053 3.32984 -28.0153 0.489378 0.821836 -0.29171
55.2015 2.93465 -28.2972 0.487303 0.821774 -0.295335
55.7148 2.53001 -28.5636 0.491302 0.816315 -0.303731
56.0955 2.21696 -28.784 0.4931 0.813523 -0.308272
56.4773 1.91712 -28.9576 0.497791 0.809911 -0.31024
56.8286 1.84974 -28.5737 0.497393 0.808504 -0.314518
57.1554 1.84438 -28.0694 0.498624 0.808354 -0.312949
57.5081 1.83991 -27.5134 0.502097 0.807767 -0.308887
57.8015 1.84619 -27.0137 0.506991 0.807053 -0.302697
58.1041 1.83611 -26.5274 0.505413 0.812653 -0.29009
58.399 1.83564 -25.985 0.514625 0.811834 -0.275816
58.7122 1.82274 -25.4294 0.515441 0.813901 -0.268106
58.9649 1.81924 -24.9567 0.513808 0.814739 -0.268679
59.2328 1.82468 -24.4204 0.512426 0.817883 -0.261702
59.4928 1.82912 -23.8899 0.514739 0.818436 -0.255354
59.7253 1.82508 -23.4325 0.515026 0.818831 -0.253504
59.964 1.81537 -22.9753 0.5147 0.820042 -0.25023
60.2611 1.81462 -22.3553 0.518868 0.819247 -0.244153
60.4816 1.81637 -21.8776 0.523924 0.817126 -0.240419
60.7011 1.83816 -21.3256 0.524468 0.815951 -0.243222
60.9477 1.83991 -20.7515 0.534789 0.814529 -0.224814
61.1756 1.8373 -20.2104 0.53847 0.814537 -0.215825
61.3686 1.83627 -19.7269 0.542003 0.813426 -0.211117
61.6231 1.8359 -19.061 0.543116 0.815548 -0.199744
61.8592 1.84379 -18.3627 0.557204 0.808316 -0.190129
62.0165 1.8498 -17.8711 0.555095 0.811354 -0.183232
62.1936 1.84615 -17.3421 0.560924 0.807378 -0.183041
62.3866 1.83804 -16.7738 0.565665 0.805842 -0.175048
62.5671 1.84535 -16.143 0.56799 0.805471 -0.169128
62.7296 1.85026 -15.5685 0.569954 0.804384 -0.167683
62.9257 1.84979 -14.8938 0.573545 0.80274 -0.163261
63.0765 1.86919 -14.241 0.569501 0.808651 -0.14749
63.2085 1.88292 -13.6505 0.572133 0.807282 -0.144773
63.3852 1.86282 -13.0364 0.576501 0.806045 -0.133929
63.5009 1.86152 -12.5406 0.578084 0.805333 -0.131362
63.6261 1.86013 -11.9889 0.578338 0.80564 -0.128333
63.7265 1.86647 -11.4765 0.57886 0.806222 -0.122177
63.8271 1.87147 -10.98 0.578187 0.806617 -0.122712
63.9533 1.86583 -10.3932 0.584292 0.804255 -0.10852
64.0529 1.8611 -9.88141 0.582825 0.806157 -0.102107
64.1748 1.85511 -9.20491 0.584923 0.805433 -0.0956166
64.266 1.84996 -8.69079 0.586051 0.804563 -0.0960359
64.3562 1.85444 -8.09895 0.586295 0.804398 -0.0959284
64.4307 1.8649 -7.54043 0.58517 0.805951 -0.0895499
64.4988 1.87256 -7.01808 0.582332 0.808377 -0.0861223
64.5765 1.88327 -6.37174 0.589993 0.803015 -0.0841176
64.6246 1.89986 -5.86306 0.58381 0.808272 -0.0765699
64.6837 1.91168 -5.21256 0.596859 0.800057 -0.0605663
64.7528 1.90101 -4.63747 0.602367 0.796446 -0.0531017
64.8143 1.88927 -4.06755 0.603415 0.796235 -0.0435848
64.8571 1.88419 -3.55572 0.601517 0.797985 -0.0373787
64.8971 1.88024 -2.9313 0.600466 0.799119 -0.0291619
64.9183 1.8799 -2.42744 0.600774 0.799153 -0.0204441
64.9432 1.87291 -1.82052 0.599765 0.800048 -0.0142829
64.9655 1.86503 -1.3132 0.597594 0.801709 -0.0114892
64.9884 1.85598 -0.735895 0.594372 0.804097 -0.0122406
65.0074 1.85013 -0.160963 0.594774 0.803807 -0.011783
65.0208 1.84607 0.449826 0.58875 0.808279 -0.00767281
65.0066 1.86073 0.987543 0.587149 0.809463 -0.00440692
64.9943 1.87056 1.49137 0.586252 0.810124 0.00144034
65.0108 1.85554 2.01665 0.587028 0.809548 0.00521939
65.005 1.85203 2.63596 0.58743 0.809111 0.0162994
64.9674 1.86384 3.32559 0.586245 0.809907 0.0191489
64.9404 1.86798 3.85998 0.588542 0.808047 0.0259272
64.9141 1.86819 4.47179 0.591775 0.805727 0.0246159
64.8885 1.87039 4.98481 0.595328 0.803091 0.0250982
64.853 1.87324 5.70045 0.593039 0.804453 0.0336845
64.8274 1.86801 6.21226 0.596443 0.80106 0.0483535
64.7844 1.8618 6.75616 0.586761 0.807406 0.0612747
64.7359 1.85473 7.25398 0.585921 0.807581 0.0671151
64.6639 1.86337 7.77478 0.582441 0.809128 0.0779179
64.5654 1.88339 8.296 0.577472 0.812761 0.077105
64.4696 1.877 8.98994 0.579322 0.809702 0.0936022
64.3798 1.8665 9.63064 0.581284 0.807222 0.102428
64.2898 1.86234 10.1641 0.578823 0.808768 0.104201
64.1635 1.86345 10.8332 0.574436 0.81124 0.109141
64.061 1.86569 11.3452 0.573284 0.811894 0.110318
63.9601 1.8621 11.8686 0.577739 0.80742 0.119526
63.815 1.88157 12.4471 0.571978 0.81027 0.12747
63.6921 1.88454 12.9466 0.567256 0.811362 0.141106
63.5617 1.87875 13.4951 0.565807 0.810429 0.151877
63.4264 1.86871 14.0529 0.566991 0.809116 0.154411
63.3117 1.84565 14.594 0.567996 0.807911 0.15702
63.1551 1.84256 15.1657 0.571802 0.804126 0.162555
62.9844 1.84034 15.7614 0.567494 0.805849 0.16899
62.8157 1.83452 16.3504 0.569587 0.802907 0.175813
62.6534 1.82484 16.9174 0.564602 0.806187 0.176881
62.5019 1.81509 17.4288 0.561677 0.805912 0.18715
62.315 1.81896 17.9595 0.555139 0.80897 0.193362
62.0996 1.8107 18.6036 0.558033 0.80559 0.199058
61.871 1.81221 19.2313 0.557279 0.804744 0.204518
61.6798 1.82044 19.7206 0.556183 0.805702 0.203729
61.4805 1.82799 20.2176 0.553464 0.803337 0.219836
61.2649 1.82385 20.7516 0.54648 0.804826 0.231539
61.0098 1.8175 21.3485 0.535276 0.809481 0.241289
60.7776 1.81492 21.8759 0.536372 0.809193 0.239818
60.5095 1.81658 22.4676 0.53924 0.806551 0.242272
60.2995 1.81648 22.9345 0.539643 0.806001 0.243203
60.0796 1.81736 23.4125 0.532893 0.808163 0.250794
59.8548 1.82161 23.8748 0.530918 0.808808 0.252896
59.6143 1.82648 24.3526 0.526208 0.808399 0.263812
59.3472 1.82078 24.885 0.520613 0.806999 0.278731
59.0902 1.81101 25.3848 0.519392 0.805524 0.2852
58.8393 1.80587 25.8412 0.510499 0.807545 0.295383
58.5022 1.80775 26.4184 0.507925 0.806349 0.303001
58.2347 1.81065 26.8545 0.505374 0.806969 0.305611
57.9472 1.81961 27.306 0.503635 0.807186 0.30789
57.6517 1.83272 27.7496 0.503866 0.805439 0.312066
57.3453 1.84541 28.2108 0.502972 0.806245 0.311428
57.0413 1.84286 28.7071 0.505645 0.803514 0.314146
56.701 1.90091 29.1033 0.506063 0.801267 0.319167
56.2427 2.25976 28.9191 0.503849 0.805176 0.312773
55.7916 2.634 28.6672 0.499009 0.811185 0.304904
55.4376 2.92709 28.4664 0.494626 0.813437 0.306023
55.0445 3.24073 28.2492 0.488673 0.819814 0.298502
54.6521 3.55766 28.0203 0.486311 0.821746 0.297037
54.1564 3.96513 27.7005 0.485263 0.822714 0.296078
53.7331 4.30423 27.4458 0.484076 0.825063 0.291447
53.338 4.62059 27.2042 0.482407 0.826297 0.290717
52.8911 4.97719 26.9286 0.480313 0.828939 0.286622
52.5203 5.26664 26.7141 0.481893 0.830217 0.280186
52.1097 5.5825 26.4751 0.477411 0.834046 0.27649
51.7155 5.87728 26.261 0.475912 0.837252 0.269291
51.3471 6.15041 26.0617 0.475336 0.837946 0.268145
50.917 6.47191 25.8139 0.475993 0.838774 0.264366
50.5384 6.75224 25.6013 0.474844 0.841406 0.25799
50.1683 7.03169 25.3678 0.472266 0.843086 0.257238
49.7265 7.35731 25.1118 0.472526 0.843457 0.255539
49.279 7.68468 24.8596 0.473972 0.843304 0.253353
48.8815 7.97374 24.6414 0.475466 0.84372 0.249136
48.4535 8.28442 24.4039 0.473361 0.845848 0.245883
47.9708 8.63546 24.1251 0.476149 0.84468 0.244536
47.5112 8.96904 23.8702 0.47799 0.843951 0.243459
47.045 9.31337 23.595 0.478472 0.843472 0.24417
46.6 9.63845 23.3445 0.479136 0.84299 0.244531
46.2145 9.92736 23.1057 0.480537 0.841859 0.245678
45.8069 10.2289 22.8722 0.482957 0.840904 0.244197
45.428 10.5078 22.6635 0.48517 0.839531 0.244537
44.9752 10.8477 22.3995 0.48846 0.837546 0.244793
44.5339 11.1786 22.1515 0.491287 0.835925 0.244676
44.1456 11.4731 21.9261 0.494497 0.834157 0.244244
43.7878 11.7515 21.7006 0.495469 0.833319 0.245131
43.432 12.0311 21.4718 0.498393 0.831064 0.246853
43.0717 12.3123 21.2547 0.499952 0.829614 0.248573
42.6973 12.6008 21.0465 0.501329 0.829137 0.24739
42.1888 12.986 20.7893 0.50257 0.828155 0.248157
41.8253 13.2681 20.5863 0.50543 0.827331 0.245079
41.4282 13.5778 20.3626 0.507304 0.826687 0.243374
41.0096 13.9009 20.1403 0.5107 0.825424 0.240542
40.6389 14.1962 19.9137 0.510807 0.826221 0.237561
40.1566 14.5844 19.6103 0.515607 0.8235 0.236638
39.787 14.8782 19.3954 0.517325 0.822641 0.235873
39.3993 15.1808 19.1858 0.515893 0.823688 0.235353
38.9779 15.5072 18.9576 0.511006 0.828249 0.229948
38.515 15.8587 18.7056 0.508162 0.832053 0.222388
38.0881 16.1822 18.4719 0.50947 0.831913 0.219912
37.6054 16.5524 18.1954 0.512384 0.829712 0.221451
37.2429 16.8409 17.9583 0.515504 0.82738 0.222928
36.8432 17.1636 17.6889 0.517399 0.82621 0.222877
36.4792 17.4478 17.4841 0.520862 0.824375 0.221606
36.0965 17.7493 17.2584 0.518797 0.827188 0.215892
35.6556 18.1022 16.9733 0.525346 0.824286 0.211078
35.2885 18.3876 16.7686 0.522972 0.826654 0.207701
34.8505 18.7183 16.551 0.52102 0.827716 0.208385
34.3421 19.1079 16.2716 0.520798 0.829525 0.20163
33.9531 19.3993 16.0669 0.517732 0.833033 0.194945
33.4956 19.7448 15.8055 0.516238 0.835113 0.189957
33.0326 20.0977 15.5096 0.516084 0.835974 0.186562
32.6666 20.3741 15.2827 0.517956 0.83513 0.185128
32.2868 20.6559 15.0705 0.519062 0.836034 0.177802
31.9047 20.9374 14.8634 0.518822 0.83717 0.173117
31.5211 21.2153 14.6647 0.518207 0.838423 0.168825
31.1122 21.5166 14.429 0.522574 0.836118 0.166776
30.6118 21.8936 14.1132 0.525105 0.835323 0.162772
30.2086 22.1909 13.8886 0.529106 0.833677 0.158199
29.7783 22.5174 13.6001 0.527605 0.83539 0.154133
29.412 22.7892 13.3775 0.528489 0.83528 0.151681
28.9112 23.1576 13.1018 0.530967 0.833963 0.150257
28.3869 23.5414 12.8311 0.53304 0.833215 0.147044
27.9369 23.8708 12.5904 0.53442 0.832924 0.143623
27.5373 24.1666 12.3662 0.535717 0.832368 0.14202
27.0475 24.5277 12.1056 0.53917 0.830585 0.139373
26.5254 24.9143 11.8098 0.53765 0.832217 0.135453
26.073 25.2473 11.5568 0.536925 0.83295 0.133807
25.6446 25.5643 11.3079 0.539316 0.83173 0.131769
25.2456 25.8607 11.0703 0.539733 0.831744 0.129962
24.8612 26.1481 10.8283 0.539754 0.831875 0.12903
24.4683 26.4393 10.6003 0.542439 0.830367 0.127478
24.0728 26.7336 10.365 0.543737 0.82998 0.124428
23.6123 27.0712 10.1189 0.542365 0.831078 0.123083
23.2128 27.362 9.91323 0.542383 0.831654 0.11905
22.6932 27.7451 9.60371 0.544501 0.830939 0.114268
22.2279 28.0875 9.31891 0.542712 0.832776 0.109307
21.8458 28.3646 9.1029 0.54198 0.833474 0.107605
21.411 28.6795 8.85232 0.541911 0.833661 0.106498
21.0179 28.9653 8.60768 0.54121 0.834562 0.102948
20.6406 29.2352 8.39747 0.540113 0.835524 0.10088
20.1775 29.5655 8.13644 0.538104 0.836776 0.101233
19.6874 29.9065 7.90654 0.535309 0.83884 0.0989523
19.179 30.2524 7.71568 0.533139 0.840168 0.099401
18.7416 30.546 7.56453 0.530654 0.841782 0.0990471
18.287 30.846 7.44377 0.52906 0.842687 0.0998737
17.8347 31.1406 7.34716 0.52803 0.843252 0.100549
17.3373 31.4557 7.30678 0.524904 0.84505 0.101809
16.8111 31.7843 7.28858 0.524071 0.845136 0.105328
16.3145 32.0913 7.29465 0.524058 0.844379 0.111301
15.8456 32.3782 7.33091 0.525742 0.84289 0.114591
15.3373 32.6864 7.40278 0.529287 0.840069 0.118909
14.7558 33.0347 7.53159 0.530284 0.838373 0.126189
14.2461 33.3308 7.68611 0.528734 0.838277 0.133076
13.6503 33.6893 7.78788 0.52337 0.839758 0.144531
13.2604 33.9796 7.52592 0.523347 0.83894 0.149277
12.8232 34.3286 7.11969 0.529389 0.833922 0.155937
12.5137 34.5853 6.80097 0.530311 0.83293 0.158102
12.2455 34.8482 6.33474 0.536507 0.828723 0.159275
12.1722 35.0168 5.70895 0.540254 0.825689 0.162366
12.2128 35.1162 5.02877 0.557307 0.816732 0.149458
12.27 35.1764 4.4583 0.565534 0.813299 0.136664
12.3623 35.2085 3.87344 0.572329 0.810168 0.126761
12.485 35.2297 3.13863 0.586553 0.802113 0.111828
12.5939 35.234 2.47336 0.588476 0.803569 0.0892484
12.6928 35.2181 1.91402 0.59505 0.800456 0.0719478
12.7585 35.2124 1.36189 0.601701 0.797204 0.049216
12.7873 35.2231 0.743459 0.60216 0.797894 0.0277109
23.6838 27.9189 0.112608 0.545354 0.837958 0.0203769
24.1966 27.5844 0.108379 0.547561 0.836466 0.022389
24.6557 27.2859 0.104385 0.54536 0.837908 0.0221912
25.147 26.9651 0.100658 0.547006 0.836834 0.0222312
25.6608 26.6302 0.0952367 0.543904 0.838849 0.0223893
26.0993 26.3476 0.0916196 0.538567 0.842326 0.0208125
26.5894 26.0362 0.0893546 0.533447 0.845739 0.0126377
27.125 25.7013 0.0867189 0.529344 0.848349 0.00992617
27.6559 25.3691 0.0816602 0.53007 0.847902 0.00937228
28.092 25.0972 0.0777279 0.528507 0.848865 0.0104332
28.5173 24.8326 0.0750116 0.528428 0.848925 0.00952461
28.986 24.5404 0.0725873 0.529776 0.848071 0.0106085
29.5466 24.19 0.0686037 0.529669 0.848101 0.0132189
29.9723 23.9239 0.0689418 0.531848 0.846784 0.00967474
30.5012 23.5909 0.0685959 0.533427 0.845784 0.0103042
31.0221 23.2634 0.0650082 0.536304 0.843934 0.0123467
31.4539 22.9904 0.0629979 0.532194 0.846534 0.0122362
31.9399 22.6808 0.0631854 0.540597 0.841249 0.00749436
32.5133 22.3139 0.0626001 0.538807 0.842365 0.0104543
32.9991 22.0018 0.0612395 0.541939 0.840342 0.0112487
33.4632 21.7056 0.0590869 0.535194 0.844671 0.00993287
33.9139 21.417 0.0568881 0.541516 0.84066 0.00719382
34.378 21.1225 0.0548247 0.531876 0.846811 0.00436879
34.8206 20.8413 0.0534255 0.537683 0.843147 0.000939114
35.2784 20.549 0.052195 0.538385 0.842698 0.00121435
35.7209 20.2682 0.0511575 0.532305 0.846545 -0.00364656
36.1653 19.9855 0.0512978 0.540908 0.841032 -0.00918436
36.7137 19.633 0.0506755 0.539341 0.841998 -0.0122785
37.1538 19.3496 0.0502369 0.543777 0.839183 -0.00882985
37.6451 19.0323 0.0499962 0.540944 0.841042 -0.00519552
38.1289 18.7187 0.0497109 0.545862 0.837833 -0.00844321
38.5692 18.4336 0.0494347 0.544178 0.838916 -0.00949255
38.9968 18.1555 0.0492765 0.542534 0.840031 -0.00220176
39.445 17.866 0.0489708 0.545186 0.838315 0.000356648
39.8723 17.588 0.0486179 0.54641 0.837511 0.00342682
40.2967 17.3128 0.0481316 0.539442 0.842021 0.00162669
40.7522 17.0279 0.0474363 0.519796 0.854289 0.0012453
41.2589 16.7266 0.0464227 0.503377 0.864028 -0.00822798
41.7959 16.4148 0.0451505 0.501664 0.865016 -0.00895389
42.2635 16.1429 0.0445115 0.505103 0.862993 -0.0106811
42.7085 15.8836 0.044206 0.502904 0.864215 -0.0148246
43.2399 15.5706 0.044917 0.510894 0.859451 -0.0181786
43.6982 15.2928 0.0459813 0.526915 0.849877 -0.00832603
44.1669 14.9982 0.0471726 0.535008 0.844765 -0.0117848
44.6633 14.6826 0.0480479 0.53714 0.843432 -0.0101381
45.2097 14.3349 0.0487283 0.53681 0.843631 -0.0110775
45.742 13.9972 0.0491239 0.534916 0.84486 -0.00878916
46.2072 13.7038 0.049295 0.530369 0.84776 -0.00341885
46.6811 13.4081 0.0495673 0.528135 0.849155 -0.00300457
47.1397 13.122 0.0497781 0.530565 0.847632 0.00443758
47.6955 12.7747 0.0500768 0.530646 0.847593 -0.000399672
48.161 12.4845 0.0506095 0.527627 0.849475 0.00161093
48.6113 12.2028 0.0512521 0.530683 0.847565 0.00297694
49.044 11.934 0.0518372 0.529337 0.848399 -0.00468001
49.4798 11.6621 0.052431 0.530024 0.847959 -0.00627013
49.9044 11.3962 0.0526246 0.531078 0.847287 -0.00778088
50.3728 11.1027 0.0531186 0.530953 0.847346 -0.00967248
50.8321 10.8174 0.0539108 0.525281 0.850883 -0.00888844
51.2778 10.5467 0.0542841 0.516425 0.856294 -0.00812944
51.7483 10.2666 0.0546455 0.510415 0.8599 -0.00694591
52.2854 9.9475 0.0555507 0.511611 0.859209 -0.00376438
52.7606 9.6657 0.0562715 0.510152 0.860083 -0.00153866
53.1981 9.40609 0.0565394 0.512732 0.858548 -0.000681537
53.6468 9.13843 0.0568302 0.511861 0.859068 0.000496464
54.1234 8.85389 0.0567472 0.51278 0.858515 0.00285556
54.5595 8.59361 0.0568745 0.512745 0.858538 0.00208325
55.0106 8.32441 0.0570656 0.512031 0.858962 0.00282607
55.4467 8.06417 0.0578552 0.514185 0.857678 -0.00123847
55.9972 7.73376 0.0589851 0.516862 0.856059 0.00394049
56.4921 7.43402 0.0599093 0.520336 0.853943 0.00571927
57.0419 7.09549 0.0592866 0.525981 0.850486 0.0042681
57.4489 6.84293 0.0593108 0.527605 0.849483 0.00346456
57.2347 6.75278 6.18032 0.50825 0.85926 0.057924
56.7554 7.03933 6.19348 0.510143 0.857716 0.0638546
56.2988 7.30932 6.20372 0.506518 0.859869 0.0637588
55.847 7.57353 6.2144 0.505127 0.860385 0.0677118
55.3752 7.85085 6.22602 0.509279 0.857607 0.0717283
54.8459 8.16746 6.23927 0.515461 0.853946 0.0712454
54.3503 8.46679 6.25211 0.519267 0.85158 0.0719196
53.8331 8.78146 6.26455 0.520112 0.851124 0.0712174
53.3965 9.04767 6.27473 0.520864 0.85071 0.0706555
52.9183 9.34072 6.28593 0.523137 0.849122 0.0729335
52.4779 9.61239 6.29736 0.528076 0.846001 0.0736026
51.9209 9.95768 6.30905 0.526941 0.846835 0.0721383
51.4407 10.2568 6.3194 0.528426 0.846035 0.070641
50.9846 10.5405 6.33229 0.527792 0.846524 0.069511
50.5101 10.8344 6.34521 0.525628 0.847484 0.0740613
49.9407 11.1847 6.3592 0.528348 0.845331 0.0791379
49.4211 11.5013 6.37102 0.516377 0.853813 0.0660118
48.9786 11.7709 6.3814 0.517288 0.853255 0.0661031
48.4573 12.0864 6.3927 0.51754 0.853272 0.0638674
47.9663 12.3833 6.40298 0.517849 0.852641 0.0695314
47.5172 12.6552 6.41228 0.517005 0.853637 0.0633202
47.0233 12.9546 6.4224 0.519587 0.852082 0.0631316
46.543 13.2451 6.43154 0.518438 0.851902 0.074055
46.0513 13.545 6.44117 0.520062 0.851216 0.0704767
45.6108 13.8118 6.45107 0.514549 0.854794 0.0675756
45.1599 14.0835 6.46226 0.51254 0.855092 0.0782338
44.5363 14.4614 6.47658 0.519819 0.849955 0.0858165
44.101 14.7262 6.48666 0.523808 0.847845 0.0823595
43.6636 14.9961 6.49538 0.525092 0.846641 0.0864714
43.1551 15.31 6.50843 0.522577 0.848669 0.081697
42.6818 15.6032 6.51944 0.524969 0.846655 0.0870814
42.225 15.885 6.53086 0.52482 0.847031 0.0842729
41.6293 16.2535 6.54669 0.522585 0.848385 0.0845481
41.1659 16.5408 6.55597 0.525142 0.845925 0.0929369
40.5829 16.9017 6.56386 0.533793 0.842048 0.0775885
40.1343 17.1791 6.5714 0.512555 0.856164 0.0653522
39.7 17.4367 6.57791 0.507362 0.859168 0.0664375
39.13 17.769 6.58621 0.498998 0.86337 0.0747818
38.6878 18.0254 6.59538 0.50108 0.86188 0.0779868
38.2349 18.2927 6.60229 0.513853 0.853132 0.0901226
37.7546 18.5892 6.61152 0.534838 0.840698 0.0847004
37.1518 18.9738 6.62365 0.53569 0.840012 0.0861174
36.5955 19.3259 6.63116 0.535128 0.839523 0.0940121
36.1225 19.6228 6.63794 0.527079 0.844576 0.094227
35.6906 19.8948 6.64514 0.533452 0.84077 0.0923773
35.4698 20.0327 6.64863 0.528925 0.842866 0.0990738
35.3048 20.2 -6.56075 0.55152 0.829793 -0.0852598
35.7336 19.9167 -6.55382 0.554466 0.827298 -0.0902513
36.241 19.5784 -6.54211 0.553474 0.827946 -0.0903985
36.6728 19.29 -6.53475 0.552877 0.828881 -0.0853462
37.1202 18.9941 -6.52618 0.549823 0.830503 -0.0892183
37.694 18.6171 -6.51424 0.54576 0.833148 -0.0895052
38.2838 18.2333 -6.50279 0.543673 0.83372 -0.0965998
38.812 17.89 -6.48911 0.544409 0.833207 -0.0968787
39.3349 17.5498 -6.47931 0.542976 0.834227 -0.0961423
39.8082 17.2452 -6.47164 0.536487 0.838463 -0.095721
40.2452 16.9719 -6.46499 0.524846 0.846292 -0.0912481
40.7545 16.6607 -6.45421 0.518167 0.850466 -0.0906106
41.2514 16.359 -6.44625 0.517994 0.849963 -0.0961542
41.7721 16.0442 -6.43881 0.514866 0.851622 -0.0982512
42.2278 15.7698 -6.42889 0.514545 0.851825 -0.0981718
42.7919 15.4309 -6.41884 0.512228 0.853111 -0.0991163
43.2637 15.1478 -6.41087 0.514264 0.851726 -0.100478
43.7779 14.8376 -6.39784 0.51753 0.849422 -0.103174
44.2297 14.5651 -6.38726 0.516425 0.849775 -0.105773
44.677 14.2926 -6.37924 0.51627 0.851266 -0.093869
45.2232 13.9636 -6.36965 0.515357 0.851217 -0.0991787
45.6782 13.6916 -6.35822 0.514087 0.852661 -0.0931864
46.1275 13.419 -6.34741 0.51934 0.849902 -0.0891812
46.6467 13.1033 -6.33445 0.519602 0.84987 -0.0879421
47.1559 12.7932 -6.32149 0.519802 0.849768 -0.0877554
47.6285 12.5055 -6.30929 0.519514 0.849922 -0.0879677
48.1639 12.1793 -6.29551 0.520163 0.849142 -0.0915902
48.6391 11.8895 -6.283 0.520338 0.84897 -0.0921898
49.1958 11.5461 -6.26762 0.528594 0.844073 -0.0901568
49.7161 11.2206 -6.25655 0.529625 0.84351 -0.0893771
50.1421 10.9506 -6.24461 0.537491 0.83915 -0.0832559
50.7252 10.5827 -6.22856 0.5288 0.844513 -0.0846697
51.2315 10.2718 -6.215 0.521492 0.849344 -0.0816118
51.6602 10.0116 -6.20219 0.51811 0.851671 -0.078863
52.1711 9.70299 -6.18991 0.515399 0.853065 -0.0815089
52.6681 9.41305 -6.18128 0.500301 0.86232 -0.0781302
53.1408 9.14431 -6.16875 0.485791 0.869854 -0.0858002
53.6845 8.84 -6.15491 0.488118 0.868767 -0.0835718
54.1328 8.58837 -6.14708 0.494898 0.864182 -0.0909171
54.5813 8.3299 -6.13663 0.497974 0.862664 -0.0885041
55.0896 8.03899 -6.12388 0.497157 0.863127 -0.0885787
55.6672 7.70401 -6.107 0.505409 0.858517 -0.0866566
56.2137 7.37736 -6.0936 0.520917 0.848965 -0.0889093
56.7029 7.07504 -6.079 0.523234 0.848444 -0.0798097
56.9309 6.93528 -6.07263 0.522663 0.848821 -0.0795415
55.7476 6.81581 -12.2291 0.502283 0.853917 -0.136153
55.3085 7.06867 -12.2506 0.498871 0.854797 -0.143003
54.8551 7.33213 -12.2696 0.501738 0.852622 -0.145927
54.297 7.65368 -12.2988 0.497917 0.854508 -0.147972
53.8206 7.9285 -12.3256 0.500354 0.852672 -0.150324
53.3811 8.1816 -12.3475 0.500136 0.85209 -0.154294
52.8934 8.46358 -12.373 0.501323 0.851247 -0.155092
52.4168 8.74048 -12.3967 0.501891 0.850752 -0.155971
51.849 9.0725 -12.4244 0.507414 0.847555 -0.155503
51.258 9.42528 -12.4554 0.513996 0.84399 -0.153262
50.7802 9.71549 -12.481 0.51991 0.841028 -0.149549
50.3116 10.0004 -12.5047 0.519205 0.842089 -0.145984
49.8825 10.2601 -12.526 0.514278 0.8453 -0.144869
49.3988 10.5512 -12.5506 0.516955 0.844008 -0.142857
48.9498 10.8206 -12.5732 0.512535 0.847176 -0.140005
48.3636 11.1702 -12.5974 0.511508 0.847408 -0.142333
47.7997 11.5062 -12.6247 0.510107 0.848331 -0.141863
47.2135 11.8521 -12.6524 0.506119 0.85049 -0.143218
46.7036 12.1535 -12.6728 0.509037 0.84762 -0.149737
46.2149 12.4417 -12.6975 0.506628 0.849003 -0.150075
46.0941 12.513 -12.7032 0.510884 0.846206 -0.151435
46.4876 12.3681 12.776 0.510409 0.845209 0.158443
47.0165 12.0544 12.7519 0.508345 0.846116 0.160228
47.538 11.745 12.7282 0.509624 0.845338 0.160275
47.9714 11.4873 12.7093 0.509533 0.845341 0.160546
48.403 11.2306 12.6904 0.509755 0.845169 0.160747
48.9616 10.8984 12.6655 0.509578 0.845222 0.16103
49.4405 10.6145 12.6397 0.509602 0.845501 0.159482
49.8752 10.3573 12.6197 0.506229 0.847895 0.157498
50.3657 10.0686 12.6002 0.505425 0.848724 0.155606
50.8252 9.79831 12.5788 0.505166 0.849625 0.151475
51.2667 9.53835 12.559 0.507386 0.848795 0.148682
51.8273 9.20759 12.5324 0.509724 0.847812 0.14627
52.2629 8.9486 12.5139 0.510036 0.848319 0.142193
52.7604 8.65614 12.4881 0.506998 0.850669 0.13898
53.2867 8.34885 12.4647 0.502326 0.853508 0.138537
53.8163 8.04311 12.4416 0.500223 0.855449 0.134102
54.2812 7.77403 12.4191 0.503171 0.853859 0.133205
54.8263 7.45691 12.3932 0.503303 0.853648 0.134056
55.3919 7.12909 12.365 0.50052 0.855602 0.132004
55.8504 6.86561 12.3416 0.496739 0.857554 0.13361
55.9591 6.80347 12.3363 0.496737 0.857556 0.133607
