-48.3053 5.6706 -38.9174 -0.445629 0.840429 -0.308368
-48.0425 5.64102 -39.3715 -0.44652 0.835325 -0.320702
-47.624 5.64466 -39.9293 -0.422955 0.845423 -0.326142
-47.252 5.65216 -40.391 -0.42354 0.842359 -0.333157
-46.9068 5.65615 -40.7973 -0.41056 0.845369 -0.341732
-46.5189 5.66705 -41.2417 -0.408726 0.846677 -0.340708
-46.1512 5.66735 -41.6813 -0.409842 0.845326 -0.342714
-45.8116 5.65663 -42.1132 -0.410408 0.844081 -0.345099
-45.4672 5.656 -42.5286 -0.414011 0.843081 -0.343227
-45.0797 5.67183 -42.9616 -0.412907 0.843567 -0.343345
-44.6144 5.68474 -43.4803 -0.40727 0.844418 -0.347978
-44.1646 5.70071 -43.9563 -0.402377 0.843242 -0.35642
-43.8155 5.70408 -44.3361 -0.393695 0.844246 -0.363651
-43.4706 5.70469 -44.6981 -0.387462 0.838218 -0.383746
-43.1016 5.70521 -45.0606 -0.376146 0.84017 -0.390677
-42.6672 5.68389 -45.5187 -0.368304 0.841959 -0.39426
-42.2978 5.68097 -45.8595 -0.361973 0.841362 -0.401355
-41.8679 5.69665 -46.2241 -0.365325 0.842667 -0.395529
-41.4158 5.70356 -46.6331 -0.366611 0.841737 -0.396324
-41.0176 5.71903 -46.968 -0.364925 0.845207 -0.390455
-40.5338 5.72391 -47.3953 -0.356079 0.84458 -0.399857
-40.1356 5.7184 -47.7629 -0.352902 0.844437 -0.402946
-39.7464 5.70938 -48.1122 -0.341068 0.844964 -0.411939
-39.3202 5.70351 -48.4794 -0.332562 0.850242 -0.407927
-38.8458 5.68344 -48.8733 -0.320101 0.845137 -0.428074
-38.3361 5.67353 -49.2766 -0.317591 0.844104 -0.431952
-37.8133 5.66183 -49.6736 -0.313952 0.843384 -0.43604
-37.3548 5.67008 -49.9909 -0.315818 0.842437 -0.43652
-36.8027 5.66569 -50.3944 -0.313197 0.841475 -0.440258
-36.2856 5.65963 -50.7707 -0.309794 0.840362 -0.444757
-35.8664 5.65027 -51.0767 -0.307861 0.838399 -0.449785
-35.3478 5.64653 -51.4377 -0.305493 0.839636 -0.449094
-34.8604 5.63954 -51.7808 -0.301787 0.840597 -0.449799
-34.3065 5.64099 -52.1486 -0.298853 0.842313 -0.448549
-33.8506 5.65385 -52.4301 -0.298903 0.844001 -0.445331
-33.4117 5.66916 -52.6905 -0.288013 0.847045 -0.446712
-32.9783 5.66634 -52.9718 -0.278769 0.846773 -0.45305
-32.4871 5.65988 -53.2834 -0.274082 0.844447 -0.460204
-31.9318 5.64084 -53.6494 -0.274938 0.843763 -0.460949
-31.5143 5.62281 -53.9293 -0.272068 0.841571 -0.466612
-31.0215 5.61066 -54.2324 -0.264792 0.842774 -0.468634
-30.5541 5.61294 -54.4907 -0.262766 0.843466 -0.468527
-30.1049 5.62363 -54.7238 -0.261114 0.844766 -0.467107
-29.6388 5.64653 -54.9427 -0.259286 0.845473 -0.466847
-29.1209 5.6467 -55.2263 -0.250558 0.844642 -0.473076
-28.6853 5.6318 -55.4807 -0.2433 0.843094 -0.479581
-28.0892 5.62619 -55.7871 -0.23619 0.843455 -0.482491
-27.6235 5.63251 -56.0023 -0.236208 0.842643 -0.483895
-27.1035 5.63804 -56.2353 -0.224923 0.83903 -0.495416
-26.5857 5.63494 -56.469 -0.215766 0.838043 -0.501114
-26.0307 5.62597 -56.7098 -0.204502 0.834502 -0.51165
-25.5226 5.61254 -56.9322 -0.200663 0.83318 -0.515311
-25.0048 5.59941 -57.1541 -0.19766 0.833821 -0.515435
-24.5099 5.59253 -57.3503 -0.18783 0.837342 -0.513398
-24.0246 5.5892 -57.5323 -0.186255 0.837653 -0.513465
-23.4423 5.58791 -57.7383 -0.17581 0.841829 -0.510309
-22.8102 5.58385 -57.9618 -0.176042 0.844213 -0.506266
-22.257 5.60405 -58.1177 -0.169743 0.845635 -0.50605
-21.6473 5.61873 -58.2902 -0.16049 0.846486 -0.507642
-21.0179 5.60373 -58.5033 -0.148336 0.849379 -0.506506
-20.5232 5.5906 -58.667 -0.144837 0.849769 -0.506867
-19.8347 5.58099 -58.8755 -0.137199 0.848998 -0.510273
-19.34 5.58115 -59.0085 -0.136038 0.846435 -0.514821
-18.8491 5.58287 -59.1358 -0.13735 0.844839 -0.517091
-18.2496 5.57045 -59.3161 -0.137014 0.84583 -0.515553
-17.7487 5.56467 -59.4576 -0.135668 0.845965 -0.515691
-17.0944 5.56665 -59.6274 -0.127977 0.845714 -0.51806
-16.5865 5.58263 -59.7255 -0.12587 0.846436 -0.5174
-16.011 5.59281 -59.8421 -0.114489 0.847255 -0.518701
-15.4862 5.58749 -59.9575 -0.10315 0.84494 -0.524821
-14.8637 5.59008 -60.0766 -0.102559 0.842933 -0.528136
-14.3169 5.58486 -60.1835 -0.0873814 0.84336 -0.530197
-13.7736 5.57816 -60.2864 -0.0900595 0.841281 -0.533037
-13.1191 5.57658 -60.3973 -0.0868663 0.843559 -0.529964
-12.4473 5.58701 -60.4882 -0.0792624 0.843233 -0.53166
-11.8731 5.58922 -60.568 -0.0762068 0.84497 -0.529356
-11.1941 5.59654 -60.6534 -0.0738522 0.849735 -0.522012
-10.5783 5.61118 -60.7068 -0.0614651 0.852713 -0.518751
-10.0713 5.61449 -60.7609 -0.0501703 0.854892 -0.516343
-9.51227 5.73777 -60.6057 -0.0429756 0.854655 -0.517414
-9.46063 6.05788 -60.0837 -0.0382486 0.854504 -0.518034
-9.45755 6.35719 -59.5894 -0.0418575 0.851907 -0.522015
-9.45362 6.62268 -59.1551 -0.0434532 0.852192 -0.521416
-9.45079 6.88613 -58.727 -0.0438718 0.850808 -0.523641
-9.44645 7.15002 -58.2983 -0.0446565 0.851695 -0.522128
-9.44649 7.43142 -57.8409 -0.0469587 0.850262 -0.524259
-9.46275 7.71901 -57.374 -0.0475235 0.850992 -0.523018
-9.44986 8.02829 -56.8732 -0.0495797 0.849476 -0.525292
-9.46483 8.35536 -56.3425 -0.0521425 0.851432 -0.521857
-9.48419 8.64836 -55.8619 -0.0585036 0.851418 -0.521202
-9.49467 8.9384 -55.385 -0.0621293 0.851392 -0.520837
-9.47228 9.2202 -54.9276 -0.0641792 0.850516 -0.522019
-9.46977 9.61611 -54.2826 -0.0648462 0.850534 -0.521906
-9.45504 9.88303 -53.8493 -0.0640196 0.850593 -0.521913
-9.4645 10.1451 -53.4206 -0.0625275 0.851155 -0.521177
-9.4552 10.4083 -52.9918 -0.0626789 0.851179 -0.52112
-9.43444 10.7371 -52.4564 -0.0633168 0.852272 -0.51925
-9.41386 11.062 -51.9244 -0.0628407 0.852833 -0.518388
-9.40921 11.3323 -51.4757 -0.0706794 0.852609 -0.517714
-9.40126 11.5946 -51.0462 -0.0824296 0.851988 -0.517015
-9.38139 11.8679 -50.6021 -0.0923207 0.848556 -0.52099
-9.36914 12.1341 -50.1707 -0.0925991 0.848668 -0.520757
-9.34906 12.4381 -49.6791 -0.0982646 0.848082 -0.520674
-9.339 12.7019 -49.2514 -0.0989981 0.847803 -0.52099
-9.33231 13.0307 -48.7193 -0.0984846 0.845545 -0.524738
-9.33051 13.3284 -48.2428 -0.0974105 0.843184 -0.528725
-9.34014 13.6565 -47.7187 -0.0980566 0.841617 -0.531098
-9.35262 13.9312 -47.2811 -0.0986214 0.841517 -0.531153
-9.36428 14.2109 -46.8355 -0.101098 0.842104 -0.529755
-9.37157 14.4871 -46.3942 -0.101286 0.843026 -0.52825
-9.37451 14.7623 -45.9542 -0.107649 0.842376 -0.528028
-9.3738 15.0328 -45.5221 -0.109954 0.843531 -0.525699
-9.37158 15.3398 -45.0299 -0.11181 0.84297 -0.526213
-9.36754 15.6822 -44.4848 -0.11196 0.841132 -0.529113
-9.35062 16.0687 -43.8773 -0.1127 0.838756 -0.532716
-9.35404 16.4247 -43.3172 -0.115791 0.838181 -0.532958
-9.39233 16.7921 -42.7337 -0.117253 0.836918 -0.534622
-9.4286 17.1122 -42.223 -0.117581 0.838106 -0.532684
-9.42745 17.4236 -41.7299 -0.119018 0.840368 -0.528787
-9.40243 17.7272 -41.2484 -0.121829 0.843054 -0.523849
-9.37866 18.0158 -40.7869 -0.124683 0.843736 -0.522074
-9.35772 18.2834 -40.3606 -0.127747 0.841099 -0.525564
-9.35305 18.5953 -39.8645 -0.131991 0.839633 -0.52687
-9.35 18.8996 -39.381 -0.137523 0.839091 -0.526322
-9.34839 19.1776 -38.9379 -0.138734 0.839425 -0.52547
-9.37007 19.5572 -38.3213 -0.133023 0.845014 -0.517906
-9.37125 19.8362 -37.8543 -0.139605 0.849181 -0.50931
-9.35727 20.1097 -37.3997 -0.13348 0.851328 -0.50737
-9.34458 20.3779 -36.9481 -0.137307 0.852285 -0.50473
-9.36523 20.6312 -36.5123 -0.143286 0.851168 -0.504944
-9.41223 20.9566 -35.9513 -0.154997 0.848969 -0.505184
-9.48464 21.2132 -35.4969 -0.160142 0.846283 -0.508093
-9.68361 21.5158 -34.931 -0.169136 0.843861 -0.509196
-9.90127 21.7393 -34.4868 -0.172105 0.843393 -0.508987
-10.2074 21.9997 -33.9494 -0.173723 0.844401 -0.506761
-10.515 22.2305 -33.4501 -0.176805 0.849926 -0.496339
-10.7976 22.4378 -32.9935 -0.181102 0.850292 -0.494172
-11.0758 22.622 -32.5742 -0.182165 0.850621 -0.493213
-11.4101 22.8148 -32.1179 -0.191296 0.847855 -0.494509
-11.7808 22.9814 -31.6862 -0.196823 0.846274 -0.495049
-12.1116 23.1272 -31.2973 -0.204782 0.847581 -0.489551
-12.4352 23.2801 -30.901 -0.209623 0.841688 -0.497614
-12.7531 23.4377 -30.4994 -0.210982 0.841097 -0.498029
-13.0925 23.6249 -30.0395 -0.214392 0.84087 -0.496965
-13.4168 23.8191 -29.5664 -0.219608 0.841534 -0.493551
-13.6809 24.0023 -29.1306 -0.224009 0.845494 -0.484711
-13.9401 24.1614 -28.7261 -0.23295 0.846866 -0.478069
-14.176 24.3365 -28.3016 -0.239526 0.848884 -0.471189
-14.4201 24.5373 -27.8128 -0.243755 0.849717 -0.46751
-14.6303 24.7207 -27.3651 -0.254187 0.849173 -0.462919
-14.8529 24.9149 -26.8795 -0.262067 0.850202 -0.456584
-15.0609 25.1111 -26.3942 -0.26277 0.84799 -0.460287
-15.3324 25.2924 -25.9028 -0.267705 0.848914 -0.455694
-15.8404 25.097 -25.9668 -0.266619 0.851508 -0.451497
-16.3658 24.8699 -26.0858 -0.26876 0.856237 -0.441164
-16.8604 24.6616 -26.1877 -0.269124 0.855972 -0.441458
-17.3738 24.4567 -26.2675 -0.277621 0.853894 -0.440218
-17.9063 24.2665 -26.3052 -0.273 0.85622 -0.438586
-18.4547 24.0667 -26.3358 -0.287349 0.854112 -0.433499
-18.952 23.8893 -26.3497 -0.303122 0.853894 -0.423062
-19.5249 23.6888 -26.3395 -0.313242 0.854547 -0.414281
-20.0875 23.4997 -26.3003 -0.314948 0.857051 -0.407763
-20.6076 23.3047 -26.3019 -0.324571 0.855362 -0.403746
-21.2035 23.1023 -26.251 -0.325596 0.854773 -0.404166
-21.6773 22.9477 -26.1977 -0.324344 0.854474 -0.405797
-22.28 22.7342 -26.1516 -0.332602 0.853751 -0.400566
-22.7994 22.5278 -26.1436 -0.346237 0.850233 -0.396472
-23.2733 22.3291 -26.1525 -0.35294 0.849114 -0.392971
-23.8047 22.0964 -26.1713 -0.357915 0.847517 -0.391933
-24.3415 21.8743 -26.1609 -0.358955 0.84707 -0.391948
-24.8173 21.6614 -26.1826 -0.361925 0.845254 -0.393136
-25.3143 21.4505 -26.1762 -0.364548 0.844677 -0.39195
-25.7865 21.2505 -26.1672 -0.364766 0.844717 -0.391662
-26.2599 21.0398 -26.1806 -0.365558 0.844838 -0.390661
-26.7948 20.7671 -26.2745 -0.361656 0.848105 -0.387198
-27.2294 20.5011 -26.453 -0.364248 0.850751 -0.378875
-27.6738 20.1935 -26.7235 -0.359872 0.853986 -0.375766
-28.0635 19.9129 -26.9858 -0.36089 0.854372 -0.373905
-28.4597 19.6342 -27.2412 -0.361708 0.854119 -0.373694
-28.827 19.3796 -27.4671 -0.360819 0.854061 -0.374685
-29.2141 19.1081 -27.7089 -0.362807 0.851916 -0.377638
-29.6012 18.8264 -27.9604 -0.374985 0.845246 -0.380717
-29.9786 18.5655 -28.1712 -0.379768 0.846327 -0.373506
-30.5086 18.2143 -28.4266 -0.378991 0.845013 -0.377249
-30.9882 17.8835 -28.6831 -0.379218 0.846208 -0.374326
-31.3981 17.5923 -28.9236 -0.382857 0.844597 -0.374269
-31.7795 17.3178 -29.1631 -0.379419 0.850397 -0.3645
-32.2341 16.9962 -29.4438 -0.379897 0.853895 -0.355727
-32.6174 16.7291 -29.6727 -0.385102 0.851722 -0.35534
-33.0803 16.4073 -29.9419 -0.386775 0.851352 -0.354409
-33.5158 16.1041 -30.195 -0.386635 0.851445 -0.354338
-33.9135 15.8271 -30.4267 -0.386411 0.851289 -0.354954
-34.3364 15.5303 -30.6785 -0.38617 0.851569 -0.354546
-34.8281 15.1795 -30.9856 -0.386046 0.851763 -0.354215
-35.22 14.9008 -31.2272 -0.387764 0.850548 -0.355256
-35.7227 14.5439 -31.5282 -0.392158 0.84901 -0.35411
-36.1365 14.2503 -31.7616 -0.402221 0.847659 -0.345965
-36.5243 13.9801 -31.9711 -0.404137 0.849192 -0.339921
-36.9527 13.6873 -32.1938 -0.40618 0.849924 -0.335629
-37.5473 13.2702 -32.5384 -0.401059 0.852081 -0.336316
-37.9475 12.9837 -32.7869 -0.400761 0.851552 -0.338008
-38.3576 12.6978 -33.0174 -0.39877 0.850063 -0.344057
-38.8054 12.3785 -33.2875 -0.408699 0.848462 -0.33627
-39.1805 12.1012 -33.5303 -0.403769 0.850581 -0.33685
-39.6018 11.792 -33.7972 -0.411057 0.84624 -0.338965
-39.9974 11.5117 -34.0237 -0.412538 0.847715 -0.333455
-40.5034 11.1611 -34.289 -0.407855 0.849126 -0.335601
-41.0064 10.8025 -34.5753 -0.413501 0.847067 -0.333908
-41.3905 10.5177 -34.825 -0.420268 0.849157 -0.319854
-41.7671 10.2579 -35.0339 -0.411599 0.856724 -0.310803
-42.2762 9.91444 -35.313 -0.415188 0.859366 -0.298513
-42.724 9.60619 -35.577 -0.41531 0.85899 -0.299423
-43.1206 9.33404 -35.8087 -0.414671 0.859385 -0.299173
-43.5065 9.06915 -36.0338 -0.414864 0.858748 -0.300731
-43.9833 8.73807 -36.3208 -0.412623 0.858947 -0.303236
-44.438 8.43053 -36.5674 -0.418181 0.856457 -0.302665
-44.8195 8.17132 -36.7708 -0.420315 0.855563 -0.302239
-45.2771 7.85366 -37.0287 -0.419604 0.852747 -0.311055
-45.6873 7.5604 -37.2824 -0.416658 0.854676 -0.309719
-46.121 7.24667 -37.5592 -0.420639 0.852149 -0.311297
-46.5371 6.95237 -37.8137 -0.4199 0.855065 -0.304187
-46.9863 6.63459 -38.0854 -0.418925 0.856786 -0.300678
-47.4383 6.32011 -38.3517 -0.427362 0.853489 -0.29819
-47.834 6.04138 -38.5765 -0.43834 0.847743 -0.298646
-48.1882 5.78253 -38.7811 -0.446086 0.840684 -0.307015
-51.3566 5.84774 -33.3951 -0.476296 0.834092 -0.278267
-51.7928 5.51652 -33.6309 -0.482408 0.829754 -0.280684
-52.17 5.22466 -33.8426 -0.486182 0.828133 -0.278959
-52.5522 4.92385 -34.0655 -0.488247 0.826779 -0.279375
-52.9367 4.62124 -34.2883 -0.49181 0.824496 -0.279849
-53.3024 4.33442 -34.4871 -0.498406 0.820852 -0.278871
-53.6764 4.03511 -34.6866 -0.509621 0.811838 -0.284966
-54.0518 3.72505 -34.8984 -0.511974 0.810536 -0.284456
-54.4102 3.43151 -35.0905 -0.515684 0.808982 -0.282168
-54.7741 3.12199 -35.3086 -0.523462 0.804457 -0.280777
-55.1844 2.76988 -35.5564 -0.526766 0.80049 -0.285741
-55.6059 2.37924 -35.8333 -0.552535 0.781801 -0.288952
-55.8517 2.0664 -36.2067 -0.558358 0.777611 -0.289064
-55.568 2.04265 -36.821 -0.555311 0.781736 -0.283755
-55.3457 2.02974 -37.2869 -0.548689 0.782851 -0.293402
-55.1109 2.02673 -37.7323 -0.54292 0.78753 -0.291608
-54.7842 2.0376 -38.3131 -0.543186 0.787911 -0.290077
-54.494 2.04095 -38.8263 -0.530406 0.789267 -0.309397
-54.222 2.04025 -39.2907 -0.524782 0.79142 -0.313463
-53.9486 2.02637 -39.783 -0.522381 0.792422 -0.314924
-53.6484 2.01792 -40.2904 -0.52291 0.787767 -0.325545
-53.3264 2.02222 -40.7912 -0.521673 0.783494 -0.337632
-53.0097 2.03184 -41.2537 -0.508586 0.788475 -0.345901
-52.6777 2.04379 -41.7112 -0.506554 0.787468 -0.351138
-52.3391 2.04533 -42.1815 -0.497145 0.787823 -0.363563
-52.0128 2.02934 -42.6522 -0.488758 0.789476 -0.371249
-51.5712 2.02673 -43.2244 -0.483197 0.788489 -0.380534
-51.2108 2.02147 -43.6903 -0.482628 0.786562 -0.385214
-50.775 2.03497 -44.207 -0.480967 0.786873 -0.386652
-50.3455 2.05225 -44.7025 -0.477579 0.787747 -0.389067
-49.9634 2.05416 -45.1625 -0.480155 0.783835 -0.393768
-49.5521 2.06602 -45.6347 -0.481146 0.780396 -0.39935
-49.2167 2.07428 -46.0196 -0.48183 0.779163 -0.400924
-48.7965 2.09021 -46.4917 -0.480238 0.776422 -0.408094
-48.3918 2.10277 -46.9426 -0.473022 0.77438 -0.420009
-47.9631 2.08514 -47.4302 -0.468518 0.77142 -0.430584
-47.5973 2.08509 -47.8035 -0.445017 0.779327 -0.441146
-47.166 2.08814 -48.2294 -0.441487 0.776057 -0.450357
-46.7556 2.08085 -48.6403 -0.435261 0.77741 -0.454073
-46.3316 2.07025 -49.0692 -0.434966 0.780395 -0.449203
-45.9327 2.04526 -49.4948 -0.436487 0.776963 -0.453655
-45.5093 2.05615 -49.8809 -0.426855 0.779618 -0.458248
-45.0927 2.07337 -50.2456 -0.428003 0.782218 -0.452684
-44.6964 2.0689 -50.6244 -0.426683 0.776732 -0.463194
-44.2289 2.07103 -51.0372 -0.417224 0.77611 -0.47284
-43.8315 2.07371 -51.3801 -0.414193 0.774365 -0.478333
-43.3701 2.08862 -51.7496 -0.401225 0.778897 -0.482015
-42.8115 2.09837 -52.2042 -0.406087 0.776197 -0.48228
-42.4206 2.0925 -52.5272 -0.391508 0.777994 -0.491372
-42.002 2.08887 -52.8663 -0.388542 0.784292 -0.483654
-41.5741 2.08729 -53.2006 -0.38219 0.777289 -0.499737
-41.0709 2.08401 -53.5925 -0.378085 0.779711 -0.499101
-40.5779 2.08091 -53.9739 -0.382075 0.778509 -0.497937
-40.1658 2.08371 -54.2818 -0.374939 0.781132 -0.499253
-39.7034 2.08947 -54.6192 -0.376725 0.778935 -0.501337
-39.1958 2.08373 -54.9999 -0.358632 0.782523 -0.50896
-38.7958 2.06931 -55.3025 -0.361886 0.776572 -0.515727
-38.2296 2.04542 -55.7258 -0.348906 0.77955 -0.52016
-37.7144 2.04269 -56.0781 -0.345473 0.786879 -0.511342
-37.2178 2.04678 -56.4094 -0.348883 0.787371 -0.508259
-36.8027 2.04999 -56.6891 -0.353437 0.781526 -0.514101
-36.2496 2.05144 -57.0563 -0.341176 0.782155 -0.521376
-35.7571 2.05646 -57.3658 -0.331592 0.785758 -0.522129
-35.3142 2.04839 -57.6407 -0.315999 0.784219 -0.533989
-34.8836 2.04459 -57.901 -0.313472 0.783646 -0.536304
-34.3447 2.03485 -58.2258 -0.308472 0.78617 -0.53552
-33.9093 2.01974 -58.4992 -0.305881 0.788239 -0.533962
-33.3529 2.01909 -58.8221 -0.306575 0.790326 -0.530461
-32.8098 2.02596 -59.1198 -0.296464 0.792298 -0.533266
-32.344 2.05172 -59.3402 -0.293214 0.788268 -0.540905
-31.8006 2.08019 -59.5892 -0.289175 0.789977 -0.540659
-31.2898 2.07649 -59.8717 -0.284362 0.793886 -0.537407
-30.7417 2.06361 -60.1701 -0.276317 0.790333 -0.546743
-30.285 2.05894 -60.3972 -0.263805 0.793601 -0.548274
-29.6692 2.05061 -60.7053 -0.263179 0.791603 -0.551454
-29.1937 2.04494 -60.9349 -0.255341 0.788373 -0.559704
-28.6114 2.03948 -61.2048 -0.249517 0.783767 -0.568673
-28.1216 2.03887 -61.4111 -0.228977 0.796255 -0.559952
-27.4914 2.04722 -61.6562 -0.233917 0.789346 -0.567641
-26.9904 2.04345 -61.8664 -0.226908 0.796041 -0.561099
-26.4867 2.03995 -62.0728 -0.223548 0.798867 -0.558425
-25.8078 2.03342 -62.3437 -0.2162 0.790728 -0.572678
-25.3187 2.02896 -62.5314 -0.206793 0.79272 -0.573439
-24.6576 2.02309 -62.7804 -0.20813 0.794945 -0.569864
-24.1077 2.03386 -62.9614 -0.202045 0.791355 -0.577005
-23.6186 2.05105 -63.1102 -0.195105 0.785074 -0.587871
-23.1372 2.06121 -63.2579 -0.198414 0.783711 -0.588581
-22.5105 2.06668 -63.4538 -0.189126 0.790172 -0.582975
-22.0011 2.06404 -63.6175 -0.180394 0.789462 -0.586692
-21.4057 2.06628 -63.7925 -0.166141 0.785295 -0.596371
-20.7401 2.06004 -63.9769 -0.158285 0.788255 -0.594639
-20.2392 2.04975 -64.1229 -0.149888 0.791827 -0.592067
-19.7106 2.04619 -64.2616 -0.150122 0.791861 -0.591962
-19.0078 2.04635 -64.4427 -0.153819 0.792806 -0.589745
-18.4988 2.04077 -64.5777 -0.144619 0.793608 -0.590992
-17.9965 2.04168 -64.6954 -0.138918 0.788107 -0.599657
-17.4529 2.04763 -64.8037 -0.113341 0.790945 -0.601299
-16.9092 2.03472 -64.9247 -0.116235 0.791551 -0.599947
-16.3167 2.01956 -65.0539 -0.105498 0.794624 -0.597865
-15.7458 2.00982 -65.1716 -0.106697 0.796943 -0.594553
-15.1533 2.01785 -65.2626 -0.105995 0.797453 -0.59399
-14.6509 2.01321 -65.3577 -0.0972772 0.791401 -0.603508
-14.0868 2.00654 -65.4572 -0.0980036 0.791429 -0.603353
-13.4974 2.0167 -65.5371 -0.0935781 0.785042 -0.612333
-12.999 2.01829 -65.6108 -0.0926612 0.784908 -0.612645
-12.456 2.02367 -65.6766 -0.0776864 0.789316 -0.609047
-11.9494 2.01683 -65.7504 -0.0789002 0.7886 -0.609823
-11.4404 2.01628 -65.8134 -0.0710259 0.784225 -0.616364
-10.8193 2.015 -65.8622 -0.0483129 0.788046 -0.613668
-10.2383 2.00172 -65.9152 -0.0312809 0.790774 -0.611299
-9.71597 1.99775 -65.9423 -0.0245363 0.790163 -0.612402
-9.05236 2.0025 -65.9645 -0.0201928 0.787307 -0.616231
-8.41265 2.0041 -65.9837 -0.0198131 0.784476 -0.619843
-7.8931 2.00266 -65.9991 -0.0163523 0.785072 -0.619188
-7.38096 2.0049 -66.0094 -0.00853611 0.789504 -0.613681
-6.78934 2.00767 -66.0148 -0.000914178 0.788188 -0.615373
-6.20368 2.00212 -66.0175 0.00519427 0.785941 -0.618274
-5.587 2.00948 -65.9987 0.0146491 0.787855 -0.615683
-5.00874 2.01215 -65.9798 0.0223114 0.782663 -0.622046
-4.37952 2.02594 -65.9399 0.0203262 0.78629 -0.617523
-3.84349 2.04159 -65.9031 0.0206921 0.784429 -0.619873
-3.25675 2.17175 -65.7179 0.0184958 0.787384 -0.616185
-3.23539 2.49831 -65.2956 0.021448 0.792355 -0.609683
-3.24546 2.85608 -64.8232 0.0217534 0.800794 -0.598545
-3.2346 3.16644 -64.4027 0.0167288 0.808104 -0.588795
-3.23514 3.47326 -63.9767 0.0209913 0.814782 -0.579388
-3.23423 3.81064 -63.5002 0.0179045 0.816399 -0.57721
-3.23299 4.10474 -63.0816 0.0139623 0.818586 -0.574211
-3.23239 4.45851 -62.5727 0.0122842 0.823179 -0.567649
-3.24221 4.79337 -62.0814 0.0112808 0.828066 -0.560518
-3.21783 5.10788 -61.6154 0.00845091 0.828508 -0.559914
-3.18262 5.46099 -61.0932 0.00638388 0.828296 -0.560254
-3.18169 5.75959 -60.6514 0.00485092 0.829254 -0.55885
-3.19635 6.14389 -60.0805 0.00278057 0.829752 -0.558125
-3.20631 6.43351 -59.6427 -0.00283863 0.834628 -0.550806
-3.20219 6.75892 -59.1503 -0.00489193 0.834845 -0.550462
-3.18821 7.05039 -58.7116 -0.00933675 0.83262 -0.553766
-3.19326 7.3316 -58.289 -0.0128216 0.831581 -0.555256
-3.19796 7.68553 -57.7576 -0.0150495 0.832521 -0.553788
-3.20129 8.00679 -57.271 -0.0189736 0.836722 -0.547299
-3.21843 8.28333 -56.8494 -0.0246577 0.837144 -0.546426
-3.22657 8.57454 -56.403 -0.024676 0.836575 -0.547296
-3.20487 8.8699 -55.9537 -0.0272932 0.835183 -0.549295
-3.22042 9.14611 -55.5331 -0.0287245 0.834526 -0.550219
-3.22517 9.42351 -55.1107 -0.0338406 0.835621 -0.548263
-3.21081 9.70726 -54.6779 -0.0325405 0.838311 -0.544221
-3.22843 10.0101 -54.2118 -0.0396408 0.836598 -0.546381
-3.24211 10.3691 -53.6626 -0.0398072 0.835469 -0.548094
-3.23764 10.7206 -53.13 -0.0395258 0.832625 -0.552424
-3.22844 11.0099 -52.6955 -0.0428409 0.831493 -0.553881
-3.21493 11.2959 -52.2653 -0.0449205 0.833484 -0.550714
-3.19206 11.5931 -51.816 -0.0476681 0.834986 -0.548202
-3.17401 11.9691 -51.2448 -0.0512031 0.835035 -0.547806
-3.17731 12.2709 -50.7857 -0.0517006 0.834926 -0.547927
-3.17968 12.5504 -50.3601 -0.050023 0.833902 -0.549641
-3.18418 12.8651 -49.882 -0.0558635 0.834902 -0.547541
-3.17457 13.2449 -49.3085 -0.0655357 0.833601 -0.548465
-3.16191 13.5449 -48.8572 -0.0737327 0.831044 -0.551298
-3.15331 13.8806 -48.3507 -0.0736621 0.832052 -0.549785
-3.16911 14.1649 -47.9177 -0.0751612 0.832195 -0.549365
-3.19589 14.4573 -47.471 -0.0754358 0.832283 -0.549194
-3.19883 14.7845 -46.9757 -0.0758471 0.831702 -0.550018
-3.2113 15.1844 -46.3719 -0.0777316 0.829911 -0.552451
-3.20265 15.5678 -45.7972 -0.07991 0.829286 -0.553082
-3.22745 15.8736 -45.3273 -0.0852875 0.832747 -0.547043
-3.20749 16.2227 -44.7973 -0.0868957 0.834195 -0.544579
-3.17614 16.5662 -44.276 -0.089573 0.833892 -0.54461
-3.19136 16.9017 -43.7617 -0.0905647 0.832713 -0.546248
-3.19163 17.1793 -43.3387 -0.0926658 0.832275 -0.546563
-3.19086 17.534 -42.7987 -0.0923506 0.832277 -0.546614
-3.2037 17.8269 -42.3507 -0.0949 0.832286 -0.546162
-3.2016 18.153 -41.8566 -0.0960958 0.830107 -0.549261
-3.18568 18.5546 -41.252 -0.0989879 0.829903 -0.549056
-3.17802 18.8361 -40.8285 -0.103449 0.830142 -0.547871
-3.1581 19.1316 -40.3827 -0.10188 0.83258 -0.544454
-3.14493 19.4154 -39.9476 -0.100521 0.836465 -0.538722
-3.15757 19.7188 -39.4706 -0.10564 0.839223 -0.533428
-3.15272 20.038 -38.9695 -0.104585 0.838998 -0.533989
-3.12865 20.3123 -38.5411 -0.108499 0.841499 -0.529251
-3.13117 20.6182 -38.055 -0.108806 0.840531 -0.530724
-3.12924 20.8871 -37.6303 -0.109461 0.840064 -0.531329
-3.14 21.164 -37.1902 -0.109591 0.840054 -0.531318
-3.16508 21.4401 -36.7496 -0.112557 0.839123 -0.532169
-3.18583 21.7126 -36.3161 -0.11364 0.837833 -0.533967
-3.23585 21.9769 -35.89 -0.1175 0.83773 -0.533293
-3.24463 22.2488 -35.4618 -0.118701 0.837373 -0.533587
-3.21524 22.5645 -34.9732 -0.118406 0.838102 -0.532509
-3.29488 22.8931 -34.439 -0.118702 0.837501 -0.533386
-3.55992 23.1791 -33.9308 -0.120102 0.837686 -0.532783
-3.83215 23.4134 -33.4983 -0.125546 0.838776 -0.529806
-4.08218 23.6436 -33.0739 -0.126442 0.839174 -0.528961
-4.30643 23.8717 -32.6536 -0.128919 0.843096 -0.522082
-4.5791 24.1267 -32.1762 -0.136143 0.839381 -0.526218
-4.89889 24.3848 -31.682 -0.140072 0.83897 -0.525841
-5.12791 24.605 -31.2667 -0.150624 0.83534 -0.528697
-5.38794 24.844 -30.8121 -0.152825 0.836707 -0.525895
-5.65652 25.0518 -30.4027 -0.157872 0.834598 -0.527752
-5.93854 25.2343 -30.0289 -0.160203 0.833806 -0.528301
-6.31427 25.433 -29.5991 -0.163457 0.834345 -0.526451
-6.64772 25.6011 -29.2281 -0.171476 0.833347 -0.525479
-6.98047 25.7671 -28.857 -0.170831 0.83298 -0.526271
-7.32003 25.9313 -28.478 -0.179604 0.835312 -0.519611
-7.64635 26.0947 -28.103 -0.180699 0.834841 -0.519987
-8.00382 26.3153 -27.6201 -0.187857 0.834946 -0.517269
-8.28706 26.4918 -27.2269 -0.194409 0.835795 -0.51347
-8.55504 26.6727 -26.8205 -0.206746 0.840237 -0.501253
-8.82348 26.8857 -26.3491 -0.209786 0.845395 -0.491185
-9.07959 27.1304 -25.8148 -0.214971 0.843909 -0.491533
-9.28323 27.368 -25.3153 -0.226036 0.840525 -0.492367
-9.46772 27.6215 -24.798 -0.226908 0.840047 -0.492781
-9.64183 27.8923 -24.2604 -0.235339 0.835682 -0.496223
-9.8973 28.0973 -23.7901 -0.241227 0.837523 -0.490247
-10.2584 28.3036 -23.2506 -0.253432 0.837237 -0.484568
-10.6546 28.4859 -22.7232 -0.257044 0.838966 -0.47965
-10.9908 28.6331 -22.2833 -0.261098 0.838614 -0.478074
-11.3398 28.7977 -21.8017 -0.267585 0.837472 -0.476487
-11.6479 28.9626 -21.3372 -0.275831 0.835762 -0.474783
-11.9312 29.1205 -20.8937 -0.280471 0.835339 -0.472806
-12.2523 29.2294 -20.5108 -0.282083 0.83526 -0.471981
-12.7531 29.2548 -20.1626 -0.289763 0.834843 -0.468054
-13.3097 29.1889 -19.9323 -0.293154 0.837155 -0.46177
-13.8199 29.0803 -19.8003 -0.300145 0.838026 -0.455659
-14.4521 28.9245 -19.6693 -0.301146 0.838696 -0.453763
-14.9596 28.7614 -19.6332 -0.304563 0.840086 -0.448884
-15.4449 28.5479 -19.704 -0.304022 0.84 -0.44941
-16.0334 28.2405 -19.874 -0.310825 0.838416 -0.447706
-16.5065 27.9805 -20.0341 -0.313163 0.839809 -0.443449
-16.9476 27.7354 -20.1847 -0.315832 0.838696 -0.443665
-17.39 27.4972 -20.3205 -0.318548 0.840532 -0.438202
-17.8295 27.2727 -20.4282 -0.322945 0.841053 -0.433967
-18.287 27.0562 -20.5044 -0.326522 0.839436 -0.434429
-18.7707 26.8354 -20.5698 -0.327735 0.841027 -0.430414
-19.2724 26.6083 -20.6297 -0.331156 0.841001 -0.427841
-19.7468 26.4011 -20.6674 -0.335944 0.842148 -0.421811
-20.3989 26.121 -20.6968 -0.34784 0.838308 -0.4198
-20.8978 25.9298 -20.6599 -0.352946 0.836617 -0.418928
-21.4406 25.7397 -20.5758 -0.358682 0.836183 -0.414903
-21.9435 25.5547 -20.5118 -0.362107 0.835487 -0.413328
-22.5493 25.3279 -20.4378 -0.364343 0.835751 -0.410819
-23.0272 25.1387 -20.3939 -0.370076 0.834371 -0.408497
-23.4944 24.9335 -20.3896 -0.371618 0.834975 -0.405846
-23.9974 24.7065 -20.3942 -0.373393 0.836278 -0.401507
-24.5681 24.4459 -20.4039 -0.373915 0.837049 -0.399421
-25.2042 24.1557 -20.4157 -0.375723 0.842253 -0.386576
-25.6734 23.943 -20.426 -0.373532 0.845204 -0.38223
-26.1723 23.7358 -20.3887 -0.388248 0.839621 -0.379869
-26.7032 23.5052 -20.3555 -0.38885 0.839102 -0.3804
-27.1878 23.2807 -20.3509 -0.392238 0.838147 -0.379024
-27.6773 23.0514 -20.3511 -0.393779 0.837502 -0.37885
-28.2166 22.7907 -20.3657 -0.396022 0.836655 -0.378385
-28.7453 22.5332 -20.3788 -0.398752 0.835534 -0.377993
-29.2063 22.2562 -20.5051 -0.399423 0.837092 -0.37381
-29.6398 21.9565 -20.7117 -0.400246 0.838044 -0.370784
-30.0659 21.6465 -20.9582 -0.398556 0.841955 -0.363672
-30.4545 21.3568 -21.1994 -0.405881 0.839049 -0.362294
-30.9164 21.0114 -21.4833 -0.405191 0.83978 -0.361372
-31.3246 20.7069 -21.7306 -0.40665 0.839026 -0.361483
-31.7055 20.4212 -21.9662 -0.405991 0.839937 -0.360105
-32.0849 20.1372 -22.201 -0.406121 0.840677 -0.358228
-32.4982 19.8292 -22.4529 -0.41046 0.839717 -0.355523
-32.964 19.4799 -22.7387 -0.412634 0.839687 -0.353069
-33.3205 19.2076 -22.9691 -0.413143 0.839479 -0.35297
-33.6761 18.9355 -23.198 -0.415707 0.838655 -0.351918
-34.0555 18.6545 -23.4196 -0.418497 0.838464 -0.349036
-34.4335 18.3865 -23.6094 -0.419422 0.837897 -0.349305
-34.8774 18.0554 -23.8698 -0.419941 0.837909 -0.348651
-35.3126 17.7406 -24.1063 -0.421178 0.839 -0.344509
-35.7934 17.3886 -24.3809 -0.419763 0.841883 -0.339162
-36.2099 17.0885 -24.6085 -0.424194 0.839758 -0.338919
-36.6623 16.7629 -24.8525 -0.424755 0.841701 -0.333345
-37.1312 16.4272 -25.1096 -0.422961 0.845459 -0.326041
-37.521 16.145 -25.3356 -0.423959 0.845192 -0.325436
-37.9704 15.8112 -25.6029 -0.433297 0.839435 -0.328028
-38.3487 15.5258 -25.8323 -0.434649 0.838579 -0.328428
-38.7367 15.232 -26.0684 -0.435301 0.838242 -0.328426
-39.1934 14.8876 -26.3421 -0.435542 0.838286 -0.327993
-39.6482 14.5445 -26.6141 -0.43773 0.837721 -0.32652
-40.045 14.2493 -26.8412 -0.438863 0.838897 -0.321939
-40.4671 13.9338 -27.086 -0.440346 0.83873 -0.320355
-40.933 13.5891 -27.3452 -0.446539 0.836982 -0.316326
-41.3992 13.2435 -27.5991 -0.447503 0.836846 -0.315325
-41.7774 12.9562 -27.827 -0.446169 0.83815 -0.313748
-42.189 12.6396 -28.0886 -0.444615 0.839104 -0.313403
-42.5584 12.3601 -28.3125 -0.445524 0.838671 -0.313271
-42.9499 12.0684 -28.537 -0.445123 0.838679 -0.313819
-43.3519 11.7685 -28.7673 -0.447257 0.838879 -0.310226
-43.7789 11.4574 -28.9957 -0.446191 0.840127 -0.308381
-44.1691 11.1692 -29.2138 -0.448511 0.839728 -0.306095
-44.5824 10.8583 -29.4626 -0.447554 0.840495 -0.305392
-44.9473 10.5876 -29.6729 -0.448018 0.841532 -0.301836
-45.3728 10.2702 -29.9283 -0.448826 0.842171 -0.298823
-45.8073 9.94333 -30.1971 -0.449996 0.843147 -0.294286
-46.2099 9.64962 -30.4236 -0.449845 0.844548 -0.290469
-46.691 9.30597 -30.6763 -0.452744 0.845022 -0.284538
-47.2057 8.93546 -30.9677 -0.449201 0.847345 -0.28324
-47.6054 8.64514 -31.2004 -0.45091 0.846723 -0.28238
-47.9808 8.37632 -31.4064 -0.453006 0.845901 -0.281491
-48.3752 8.0882 -31.6359 -0.454655 0.84505 -0.281387
-48.7539 7.79854 -31.8934 -0.457346 0.844135 -0.279769
-49.1982 7.46609 -32.1672 -0.461032 0.842191 -0.27958
-49.7232 7.07818 -32.4671 -0.465884 0.840325 -0.277138
-50.1164 6.78646 -32.6881 -0.468311 0.838558 -0.278397
-50.56 6.46055 -32.9194 -0.472645 0.835863 -0.279177
-50.9329 6.17654 -33.1354 -0.474966 0.834174 -0.280287
-51.2075 5.96258 -33.306 -0.475958 0.833921 -0.279355
-39.4398 10.4511 -37.3392 -0.389095 0.859234 -0.332148
-38.8411 10.6775 -37.4455 -0.380813 0.85974 -0.340336
-38.3094 10.8763 -37.5391 -0.380507 0.857437 -0.346434
-37.7358 11.0866 -37.6381 -0.373471 0.857462 -0.353948
-37.2447 11.2648 -37.7222 -0.371416 0.857575 -0.355831
-36.7786 11.4332 -37.8019 -0.370182 0.858037 -0.356002
-36.2374 11.6283 -37.8942 -0.369886 0.858073 -0.356222
-35.6508 11.8401 -37.9947 -0.371936 0.856719 -0.357347
-35.0677 12.0508 -38.0949 -0.371488 0.855512 -0.360688
-34.5747 12.2279 -38.1791 -0.364033 0.85643 -0.366071
-34.0742 12.4036 -38.2636 -0.359181 0.855423 -0.37315
-33.491 12.6017 -38.3614 -0.344546 0.857997 -0.380958
-32.9199 12.7904 -38.4547 -0.341014 0.855267 -0.390164
-32.4085 12.9565 -38.5361 -0.33979 0.855595 -0.390512
-31.9229 13.1135 -38.614 -0.339221 0.85585 -0.390449
-31.37 13.2914 -38.7025 -0.336365 0.857127 -0.390117
-30.8573 13.4549 -38.784 -0.335252 0.857387 -0.390505
-30.3632 13.6122 -38.8624 -0.333736 0.857517 -0.391517
-29.8605 13.7708 -38.9418 -0.327081 0.857245 -0.39768
-29.3255 13.9346 -39.0243 -0.319767 0.854429 -0.409512
-28.7103 14.1145 -39.1158 -0.308852 0.854391 -0.417883
-28.2249 14.2479 -39.1844 -0.294253 0.859114 -0.418735
-27.6551 14.4002 -39.2635 -0.286907 0.861209 -0.419527
-27.1701 14.529 -39.3308 -0.286936 0.861055 -0.419824
-26.6289 14.6732 -39.4063 -0.288932 0.859739 -0.421151
-26.1036 14.8129 -39.4796 -0.288787 0.858559 -0.423648
-25.5952 14.9484 -39.5508 -0.287533 0.85887 -0.423871
-25.1102 15.0757 -39.6177 -0.280716 0.855681 -0.434751
-24.4392 15.2421 -39.706 -0.262217 0.854843 -0.447756
-23.8756 15.376 -39.7794 -0.260086 0.855225 -0.44827
-23.3122 15.507 -39.8506 -0.256763 0.853655 -0.453151
-22.7868 15.6285 -39.9167 -0.254375 0.851047 -0.45936
-22.265 15.7488 -39.9825 -0.250696 0.850073 -0.463171
-21.763 15.8642 -40.046 -0.253571 0.847434 -0.46643
-21.1733 15.9995 -40.1211 -0.253747 0.846838 -0.467416
-20.6827 16.1125 -40.1839 -0.250903 0.84716 -0.468367
-20.0381 16.2503 -40.2604 -0.2333 0.847904 -0.476056
-19.473 16.359 -40.3216 -0.201016 0.8498 -0.48727
-18.9042 16.4598 -40.3778 -0.198603 0.848554 -0.490422
-18.2797 16.5709 -40.4406 -0.202846 0.846959 -0.491441
-17.7319 16.6691 -40.4962 -0.20099 0.846938 -0.492239
-17.2206 16.7578 -40.5468 -0.1954 0.845135 -0.49756
-16.6036 16.8582 -40.6042 -0.177973 0.847858 -0.499462
-16.0992 16.9358 -40.6485 -0.171901 0.848524 -0.500457
-15.5476 17.0191 -40.6971 -0.172467 0.848209 -0.500797
-15.032 17.0963 -40.7435 -0.171682 0.847756 -0.501832
-14.444 17.1824 -40.7945 -0.161552 0.846118 -0.507922
-13.8068 17.2678 -40.8443 -0.14466 0.849429 -0.507487
-13.1891 17.3438 -40.8898 -0.139524 0.848275 -0.510846
-12.5783 17.4173 -40.9346 -0.13968 0.848082 -0.511123
-12.4946 17.4273 -40.9409 -0.139751 0.848085 -0.511099
-12.5295 14.267 -46.0746 -0.118969 0.846846 -0.518361
-13.0837 14.2096 -46.0427 -0.119038 0.848624 -0.515429
-13.5934 14.1537 -46.0114 -0.126675 0.84881 -0.513299
-14.1906 14.0868 -45.9745 -0.131904 0.850619 -0.508968
-14.726 14.0234 -45.9413 -0.133155 0.848766 -0.511729
-15.3952 13.9413 -45.8973 -0.141834 0.847211 -0.511973
-15.9229 13.8749 -45.8614 -0.141174 0.846756 -0.512908
-16.4582 13.8049 -45.8231 -0.152748 0.847072 -0.509056
-16.9919 13.729 -45.7812 -0.166185 0.848273 -0.502807
-17.6937 13.6223 -45.725 -0.172382 0.85033 -0.497216
-18.1933 13.5449 -45.6839 -0.172928 0.85048 -0.49677
-18.8405 13.4437 -45.6308 -0.174108 0.850028 -0.49713
-19.3468 13.3635 -45.5892 -0.178491 0.850479 -0.494799
-19.9365 13.264 -45.5366 -0.192527 0.852345 -0.486252
-20.5761 13.1451 -45.4746 -0.210049 0.851896 -0.479743
-21.1866 13.0267 -45.4136 -0.213799 0.852811 -0.476448
-21.7569 12.9149 -45.3561 -0.214555 0.853433 -0.474992
-22.266 12.8151 -45.3051 -0.215609 0.85308 -0.475149
-22.9389 12.6827 -45.237 -0.219229 0.854173 -0.471515
-23.4357 12.5828 -45.1856 -0.221453 0.854143 -0.47053
-24.0453 12.4539 -45.1197 -0.238593 0.852633 -0.464855
-24.6114 12.3275 -45.0556 -0.244392 0.852018 -0.462966
-25.0989 12.2172 -45 -0.246878 0.853837 -0.458272
-25.7149 12.0775 -44.9305 -0.244284 0.854205 -0.458976
-26.2572 11.9542 -44.8685 -0.251067 0.854634 -0.454496
-26.7629 11.8367 -44.8106 -0.249534 0.858139 -0.448698
-27.4046 11.6865 -44.7362 -0.255819 0.857725 -0.445942
-27.9335 11.5608 -44.6739 -0.256056 0.859333 -0.4427
-28.4691 11.433 -44.6116 -0.256237 0.86075 -0.439832
-28.98 11.3102 -44.5535 -0.258111 0.860424 -0.439373
-29.4655 11.1919 -44.4965 -0.262994 0.859989 -0.437325
-29.9891 11.0595 -44.4325 -0.279202 0.862021 -0.423044
-30.5279 10.9169 -44.3643 -0.287394 0.861885 -0.417803
-31.0118 10.7864 -44.3023 -0.284622 0.863017 -0.417363
-31.5403 10.6415 -44.2337 -0.290479 0.863934 -0.411388
-32.0503 10.4991 -44.1665 -0.297751 0.866045 -0.401634
-32.5462 10.3586 -44.1004 -0.305794 0.868269 -0.39064
-33.1053 10.1923 -44.0228 -0.318454 0.864004 -0.389981
-33.7894 9.98082 -43.9245 -0.327298 0.86332 -0.384129
-34.2728 9.82462 -43.852 -0.339357 0.857648 -0.386364
-34.7675 9.66124 -43.7766 -0.344751 0.858084 -0.380577
-35.3481 9.46699 -43.6876 -0.345859 0.857812 -0.380184
-35.9148 9.27678 -43.6012 -0.345376 0.857727 -0.380815
-36.3944 9.11536 -43.5283 -0.347418 0.857276 -0.379973
-36.9136 8.93995 -43.4493 -0.347363 0.857581 -0.379334
-37.4151 8.76949 -43.3727 -0.351108 0.856925 -0.377364
-37.9076 8.60095 -43.2968 -0.35029 0.858148 -0.375338
-38.495 8.40094 -43.2073 -0.349976 0.858824 -0.374082
-39.0378 8.2168 -43.1257 -0.347094 0.861864 -0.369751
-39.6268 8.01714 -43.0376 -0.34735 0.864086 -0.364286
-40.1728 7.82975 -42.9555 -0.358241 0.861732 -0.359279
-40.6983 7.64405 -42.8752 -0.360685 0.860679 -0.359358
-41.259 7.44487 -42.7892 -0.362116 0.861783 -0.35525
-41.6194 7.31632 -42.7337 -0.36197 0.862335 -0.354056
-33.5091 7.35438 -49.4374 -0.289564 0.847002 -0.445804
-33.0286 7.48728 -49.4962 -0.289501 0.847592 -0.444722
-32.5408 7.62145 -49.556 -0.287785 0.849366 -0.442445
-31.9861 7.77214 -49.622 -0.278941 0.851621 -0.443772
-31.4887 7.90146 -49.6789 -0.264349 0.854177 -0.447774
-30.9612 8.02914 -49.7364 -0.254186 0.857917 -0.446506
-30.455 8.14948 -49.7902 -0.251138 0.859778 -0.444649
-29.879 8.2877 -49.8505 -0.251938 0.859495 -0.444742
-29.3767 8.40677 -49.9045 -0.253487 0.860392 -0.442119
-28.8115 8.54141 -49.9644 -0.251282 0.861656 -0.440914
-28.246 8.67312 -50.0229 -0.246304 0.864537 -0.438075
-27.7426 8.78726 -50.0749 -0.241549 0.867002 -0.435846
-27.1811 8.91133 -50.1319 -0.234164 0.866946 -0.439968
-26.571 9.04294 -50.1926 -0.231059 0.865756 -0.443935
-26.0522 9.15076 -50.2419 -0.221713 0.864797 -0.450521
-25.4335 9.27464 -50.299 -0.214438 0.863714 -0.456085
-24.8638 9.38782 -50.3511 -0.212284 0.864165 -0.45624
-24.3109 9.49705 -50.4017 -0.213078 0.863737 -0.456679
-23.7099 9.6148 -50.4581 -0.212007 0.863415 -0.457786
-23.1053 9.7283 -50.5121 -0.203144 0.86151 -0.465332
-22.5863 9.82334 -50.5571 -0.1929 0.859888 -0.472633
-22.0575 9.91581 -50.6004 -0.179672 0.862705 -0.472714
-21.5243 10.0035 -50.6413 -0.175556 0.863456 -0.472889
-21.024 10.0824 -50.679 -0.16692 0.866148 -0.47109
-20.3814 10.1806 -50.726 -0.166565 0.86532 -0.472735
-19.796 10.2711 -50.7694 -0.163141 0.86305 -0.478047
-19.2901 10.3457 -50.8064 -0.167993 0.861214 -0.479675
-18.7916 10.4222 -50.8434 -0.16785 0.86128 -0.479606
-18.291 10.4948 -50.8777 -0.155228 0.860031 -0.486056
-17.623 10.5831 -50.9198 -0.142882 0.85859 -0.492349
-17.0782 10.6508 -50.9518 -0.133918 0.857038 -0.497546
-16.5733 10.7117 -50.9813 -0.133529 0.855491 -0.500306
-15.8829 10.7947 -51.0215 -0.131659 0.855198 -0.501301
-15.1975 10.876 -51.0608 -0.128511 0.856023 -0.500708
-14.5709 10.9472 -51.096 -0.124174 0.856399 -0.501161
-13.9195 11.0199 -51.1337 -0.124723 0.856444 -0.500947
-13.2896 11.0885 -51.1702 -0.119505 0.853777 -0.506737
-12.7918 11.1416 -51.1978 -0.115013 0.85446 -0.506626
-12.6046 11.1606 -51.2074 -0.111924 0.853865 -0.508318
-12.7067 8.10315 -56.3413 -0.0894039 0.85812 -0.505605
-13.2487 8.05673 -56.3205 -0.0928849 0.858888 -0.50367
-13.9189 7.99813 -56.2945 -0.0954834 0.85751 -0.505529
-14.5024 7.94609 -56.2701 -0.0985014 0.857588 -0.504817
-15.0633 7.89204 -56.2455 -0.107665 0.857282 -0.503464
-15.6954 7.82355 -56.2146 -0.119917 0.856742 -0.501611
-16.2579 7.76021 -56.1853 -0.126738 0.856863 -0.499723
-16.7746 7.69874 -56.1557 -0.132386 0.853509 -0.503981
-17.3391 7.62936 -56.1237 -0.135137 0.851597 -0.506478
-17.9247 7.55581 -56.0907 -0.135897 0.851813 -0.505912
-18.4554 7.48863 -56.0616 -0.135228 0.852353 -0.505181
-19.133 7.4037 -56.0247 -0.13399 0.853018 -0.504387
-19.7321 7.32881 -55.9931 -0.136013 0.85507 -0.500355
-20.2458 7.26235 -55.9656 -0.143221 0.852632 -0.502501
-12.6856 20.4979 -35.7211 -0.167616 0.858272 -0.48505
-13.2144 20.4195 -35.6706 -0.180207 0.855901 -0.484725
-13.844 20.3218 -35.6086 -0.180421 0.85954 -0.478163
-14.4305 20.2283 -35.5515 -0.18364 0.860354 -0.475466
-14.9788 20.14 -35.4966 -0.187506 0.859808 -0.474944
-15.4855 20.0544 -35.4436 -0.203711 0.858162 -0.471232
-16.0959 19.941 -35.3743 -0.220664 0.852105 -0.474579
-16.6975 19.823 -35.3018 -0.227644 0.850735 -0.473738
-17.2002 19.7221 -35.2386 -0.230028 0.854385 -0.465955
-17.6939 19.6215 -35.1769 -0.235391 0.854675 -0.462733
-18.3219 19.4901 -35.0994 -0.234801 0.856265 -0.460085
-18.8176 19.3863 -35.0376 -0.237677 0.859533 -0.452452
-19.4749 19.246 -34.9535 -0.248514 0.860479 -0.444767
-19.9821 19.1328 -34.8878 -0.249862 0.861515 -0.441997
-20.5476 19.0065 -34.8118 -0.253889 0.861386 -0.439948
-21.213 18.8552 -34.7242 -0.2558 0.860933 -0.439727
-21.8254 18.7121 -34.6415 -0.272831 0.860587 -0.430061
-22.4161 18.5635 -34.5569 -0.282815 0.858696 -0.427383
-23.0816 18.3847 -34.4562 -0.301503 0.857126 -0.41765
-23.5978 18.2411 -34.3761 -0.302304 0.855982 -0.419412
-24.0901 18.1044 -34.299 -0.303997 0.85433 -0.421552
-24.7337 17.9239 -34.1986 -0.306165 0.852763 -0.423154
-25.3998 17.7347 -34.0946 -0.313727 0.850488 -0.422191
-25.9483 17.5731 -34.0064 -0.322684 0.846532 -0.423389
-26.5054 17.404 -33.9146 -0.331272 0.847014 -0.415723
-27.0925 17.2196 -33.8153 -0.340281 0.848945 -0.404353
-27.6245 17.0497 -33.7241 -0.34281 0.852142 -0.395392
-28.1115 16.8897 -33.6388 -0.35063 0.851982 -0.388825
-28.7166 16.6889 -33.532 -0.35214 0.852379 -0.386584
-29.2433 16.5134 -33.4392 -0.352322 0.852204 -0.386805
-29.8908 16.2969 -33.3256 -0.353141 0.852102 -0.386282
-30.4995 16.0928 -33.2189 -0.353435 0.851999 -0.38624
-31.0182 15.9188 -33.1284 -0.352774 0.852648 -0.385411
-31.4913 15.7602 -33.046 -0.353105 0.852659 -0.385084
-31.9194 15.6174 -32.9717 -0.353055 0.853962 -0.382232
-22.595 21.2151 -29.012 -0.329807 0.851933 -0.40674
-21.9737 21.4018 -29.1198 -0.327462 0.848824 -0.41505
-21.3334 21.5889 -29.2302 -0.308188 0.851416 -0.424394
-20.856 21.7194 -29.3094 -0.293553 0.849282 -0.438802
-20.1705 21.8947 -29.4157 -0.278674 0.850303 -0.446458
-19.607 22.0335 -29.4998 -0.276086 0.84985 -0.448922
-19.0533 22.1691 -29.5834 -0.276251 0.849919 -0.448691
-18.4841 22.3094 -29.6693 -0.277388 0.849828 -0.448161
-17.9699 22.4319 -29.7468 -0.269781 0.848385 -0.455478
-17.3912 22.5649 -29.8312 -0.249433 0.85426 -0.456095
-16.6953 22.715 -29.9269 -0.241097 0.855228 -0.458756
-16.6441 22.7256 -29.934 -0.240836 0.85517 -0.459001
