-47.4392 5.46122 38.308 -0.441869 0.832397 0.334465
-47.1546 5.42905 38.7605 -0.440653 0.834921 0.329746
-46.8239 5.4248 39.2028 -0.4331 0.835197 0.338926
-46.4223 5.43224 39.6995 -0.421351 0.843125 0.333944
-46.1069 5.43067 40.0958 -0.413099 0.846265 0.336416
-45.7602 5.42032 40.5409 -0.404321 0.848895 0.340429
-45.4254 5.41119 40.9593 -0.402192 0.848321 0.344373
-45.0627 5.41104 41.3825 -0.401489 0.848293 0.345262
-44.6983 5.42092 41.7807 -0.399402 0.848418 0.347368
-44.3377 5.41575 42.2072 -0.399139 0.848163 0.348292
-44.0058 5.41312 42.5927 -0.397726 0.847917 0.350499
-43.665 5.42021 42.9615 -0.397999 0.846997 0.35241
-43.2293 5.43178 43.4208 -0.394073 0.848134 0.354081
-42.7849 5.44134 43.892 -0.396029 0.846601 0.355544
-42.4337 5.44405 44.2679 -0.389069 0.845984 0.364605
-42.007 5.44785 44.7008 -0.378171 0.848053 0.371204
-41.5785 5.45409 45.1226 -0.379766 0.846828 0.372368
-41.1088 5.46212 45.5802 -0.37799 0.846537 0.374832
-40.62 5.47207 46.0393 -0.371999 0.844078 0.386187
-40.2445 5.47675 46.3909 -0.3738 0.840196 0.392866
-39.7478 5.48703 46.8368 -0.370434 0.839744 0.396996
-39.3374 5.49577 47.1909 -0.358877 0.842651 0.401419
-38.8536 5.50005 47.6039 -0.353281 0.839312 0.413217
-38.4374 5.4941 47.9682 -0.34874 0.838589 0.418508
-37.9322 5.49663 48.3832 -0.347905 0.83888 0.41862
-37.4288 5.49969 48.7777 -0.332248 0.842012 0.424987
-37.0208 5.50117 49.0961 -0.324977 0.84637 0.421905
-36.6091 5.50566 49.3989 -0.318259 0.849103 0.421588
-36.1788 5.50297 49.7274 -0.315158 0.851235 0.419611
-35.7449 5.50492 50.0461 -0.310081 0.851635 0.422572
-35.2955 5.50236 50.3781 -0.306175 0.85092 0.42684
-34.8849 5.48742 50.696 -0.300942 0.846982 0.438241
-34.4376 5.46358 51.0439 -0.297682 0.844949 0.44435
-33.9619 5.45701 51.3732 -0.295089 0.845111 0.445767
-33.4325 5.4516 51.7296 -0.289042 0.845274 0.449406
-32.8678 5.44766 52.0953 -0.284551 0.843045 0.456386
-32.3242 5.44894 52.4256 -0.274112 0.846184 0.456986
-31.8804 5.44715 52.6943 -0.272026 0.849278 0.45247
-31.31 5.43786 53.0521 -0.269409 0.849429 0.45375
-30.8126 5.44045 53.3388 -0.265432 0.849849 0.455303
-30.3561 5.44263 53.6011 -0.265528 0.850804 0.453462
-29.8584 5.44526 53.875 -0.253788 0.848735 0.46394
-29.386 5.44417 54.1363 -0.257591 0.846933 0.465136
-28.9333 5.46289 54.349 -0.252213 0.848141 0.465881
-28.2995 5.48135 54.6534 -0.23978 0.850943 0.467335
-27.6781 5.49869 54.9342 -0.233343 0.846122 0.479149
-27.0793 5.5011 55.2018 -0.214622 0.844507 0.490649
-26.6199 5.49095 55.4163 -0.200717 0.849977 0.487082
-26.0542 5.47131 55.6835 -0.197577 0.851239 0.486165
-25.5781 5.45331 55.9112 -0.195559 0.853486 0.483029
-25.014 5.44546 56.1519 -0.193359 0.853253 0.484327
-24.5066 5.44316 56.3567 -0.189493 0.852721 0.486778
-23.9598 5.43799 56.5781 -0.192021 0.848823 0.492571
-23.4265 5.44277 56.772 -0.185827 0.847241 0.497645
-22.8544 5.45534 56.9575 -0.181026 0.844436 0.50414
-22.3731 5.456 57.1281 -0.175838 0.841871 0.510228
-21.8471 5.45197 57.3162 -0.169267 0.842137 0.511988
-21.2981 5.45482 57.4869 -0.161415 0.843132 0.512907
-20.8105 5.46189 57.6233 -0.153361 0.844408 0.51328
-20.3051 5.46539 57.7589 -0.137047 0.84681 0.513938
-19.7033 5.44931 57.9466 -0.135872 0.846954 0.514007
-19.203 5.42914 58.1051 -0.129398 0.84522 0.518516
-18.631 5.41018 58.2763 -0.122773 0.840981 0.526946
-18.0563 5.40169 58.4246 -0.120473 0.839697 0.529497
-17.4224 5.39218 58.5741 -0.109727 0.837208 0.535739
-16.822 5.39521 58.6855 -0.101952 0.835482 0.539975
-16.2618 5.37527 58.8208 -0.100381 0.835643 0.540022
-15.7432 5.36583 58.9327 -0.101359 0.837111 0.53756
-15.1675 5.3693 59.0341 -0.101559 0.839215 0.534232
-14.6084 5.36418 59.1441 -0.0980512 0.843282 0.528452
-13.9926 5.36638 59.2561 -0.0988846 0.841139 0.531702
-13.4657 5.37637 59.3409 -0.100413 0.844888 0.525435
-12.8933 5.38582 59.4341 -0.0975866 0.845662 0.524722
-12.3693 5.38919 59.5254 -0.0917268 0.84712 0.523423
-11.8362 5.38979 59.6159 -0.0851575 0.844567 0.528605
-11.204 5.38999 59.7052 -0.072444 0.845794 0.528569
-10.672 5.38173 59.7874 -0.0658888 0.848623 0.524879
-10.088 5.38055 59.8623 -0.0655617 0.848352 0.525357
-9.52333 5.4048 59.8914 -0.0597583 0.847929 0.526723
-9.29395 5.64103 59.5361 -0.0537027 0.848144 0.527034
-9.32252 5.91719 59.0896 -0.0629121 0.848031 0.526198
-9.31368 6.2143 58.6121 -0.0631508 0.847734 0.526649
-9.3269 6.52406 58.1121 -0.0648725 0.847452 0.526893
-9.32797 6.79628 57.675 -0.0623047 0.84675 0.52833
-9.29069 7.10153 57.1913 -0.0632136 0.845884 0.529607
-9.25226 7.39144 56.7331 -0.0647945 0.845986 0.529253
-9.24309 7.68113 56.2697 -0.0646906 0.847781 0.526387
-9.24449 7.97764 55.7924 -0.0665887 0.847421 0.526729
-9.24699 8.28882 55.2884 -0.0662538 0.849448 0.523496
-9.25474 8.60133 54.7789 -0.0680819 0.850654 0.5213
-9.26532 8.87445 54.3325 -0.0679779 0.849791 0.522719
-9.25686 9.14765 53.8908 -0.0668003 0.849178 0.523863
-9.25989 9.4468 53.4064 -0.065195 0.848348 0.525409
-9.29161 9.82568 52.7924 -0.0665054 0.846925 0.527534
-9.30474 10.1436 52.2821 -0.0655165 0.843672 0.532835
-9.30586 10.4481 51.803 -0.0706381 0.840323 0.537465
-9.29043 10.7337 51.3577 -0.073188 0.840562 0.536749
-9.27099 11.0333 50.8878 -0.0765636 0.844088 0.530711
-9.26551 11.3307 50.414 -0.077191 0.845892 0.527739
-9.27645 11.6052 49.972 -0.0782514 0.845782 0.527759
-9.28176 11.8769 49.5362 -0.0779287 0.845426 0.528376
-9.27368 12.1559 49.0925 -0.0791735 0.844313 0.529969
-9.26692 12.4316 48.6554 -0.0804246 0.843525 0.531035
-9.27715 12.7007 48.2274 -0.080612 0.842615 0.532448
-9.30082 13.029 47.7035 -0.0846982 0.841686 0.533274
-9.31091 13.2993 47.2782 -0.084795 0.840615 0.534952
-9.32821 13.5784 46.8308 -0.095831 0.846223 0.524118
-9.33812 13.9005 46.3102 -0.100693 0.847266 0.521521
-9.31874 14.1698 45.8737 -0.0970198 0.848465 0.520282
-9.27137 14.511 45.326 -0.0937639 0.847411 0.522592
-9.24856 14.8406 44.7979 -0.0979256 0.84567 0.524643
-9.24288 15.1564 44.2894 -0.108354 0.844879 0.52387
-9.24481 15.4253 43.8486 -0.119334 0.851131 0.511209
-9.24925 15.7133 43.3645 -0.117437 0.853098 0.508362
-9.25099 15.9845 42.9097 -0.123831 0.849739 0.512453
-9.24769 16.268 42.4433 -0.125731 0.846689 0.51702
-9.23918 16.6219 41.8746 -0.128759 0.841815 0.524184
-9.21985 16.9043 41.4252 -0.129316 0.842338 0.523206
-9.21302 17.1947 40.9588 -0.13007 0.842571 0.522642
-9.22001 17.5469 40.3874 -0.130938 0.844141 0.519885
-9.23188 17.8427 39.9056 -0.135758 0.842419 0.52144
-9.23019 18.1291 39.4465 -0.140018 0.839246 0.525415
-9.24795 18.4023 39.0075 -0.141592 0.837269 0.52814
-9.23227 18.7488 38.4619 -0.141889 0.837884 0.527085
-9.23149 19.0225 38.0267 -0.142352 0.83828 0.52633
-9.22858 19.2953 37.5923 -0.143734 0.838658 0.525351
-9.22894 19.5625 37.1656 -0.143587 0.838574 0.525525
-9.23127 19.8465 36.7129 -0.145415 0.836697 0.528004
-9.24411 20.123 36.2699 -0.156997 0.837634 0.523178
-9.24857 20.441 35.7588 -0.16033 0.837371 0.522591
-9.24316 20.7793 35.2186 -0.169004 0.835345 0.523102
-9.24374 21.0575 34.7697 -0.167077 0.839892 0.516398
-9.24313 21.3214 34.3447 -0.169129 0.836347 0.521458
-9.23723 21.6165 33.8738 -0.173091 0.833895 0.524078
-9.2268 21.893 33.4379 -0.172368 0.832616 0.526346
-9.22958 22.178 32.986 -0.174991 0.832114 0.526274
-9.23904 22.4935 32.4845 -0.175506 0.832036 0.526226
-9.25607 22.8312 31.9468 -0.174562 0.830981 0.528203
-9.2462 23.1414 31.4593 -0.177822 0.831949 0.525585
-9.28262 23.4181 31.0077 -0.183092 0.832752 0.522489
-9.41807 23.6803 30.5431 -0.18838 0.832491 0.521028
-9.64574 23.9199 30.0781 -0.189801 0.832672 0.520224
-9.92669 24.17 29.5748 -0.189753 0.833117 0.519528
-10.1774 24.4118 29.0893 -0.19251 0.836874 0.512396
-10.4046 24.6167 28.6567 -0.210118 0.842505 0.49601
-10.6016 24.8263 28.217 -0.219073 0.843712 0.490042
-10.7959 25.0733 27.7017 -0.223573 0.84324 0.488837
-10.9642 25.2811 27.2667 -0.22579 0.84162 0.490605
-11.1459 25.5179 26.7749 -0.23116 0.840595 0.489862
-11.3421 25.7992 26.1961 -0.236433 0.843284 0.482653
-11.5102 26.0219 25.7185 -0.248136 0.846983 0.470158
-11.6551 26.2231 25.282 -0.256348 0.84387 0.471348
-11.8542 26.4715 24.7312 -0.258331 0.840769 0.475786
-12.0305 26.6675 24.2898 -0.260639 0.837996 0.479393
-12.224 26.9235 23.7396 -0.263862 0.83545 0.482073
-12.3506 27.2162 23.1631 -0.267491 0.836552 0.478133
-12.4487 27.4477 22.6956 -0.274346 0.84432 0.46028
-12.5394 27.6752 22.2274 -0.276828 0.841898 0.463216
-12.6273 27.9055 21.7513 -0.278302 0.844063 0.458373
-12.7235 28.1541 21.2329 -0.282389 0.843855 0.456251
-13.2136 28.0812 21.0631 -0.283682 0.843949 0.455275
-13.6331 27.8529 21.225 -0.285131 0.843926 0.454408
-14.092 27.6111 21.3848 -0.288758 0.843701 0.452523
-14.5616 27.3699 21.5305 -0.296337 0.838423 0.457418
-15.0591 27.1024 21.6972 -0.306835 0.840632 0.446308
-15.5127 26.857 21.8463 -0.308036 0.839819 0.44701
-16.0466 26.574 22.0076 -0.311686 0.83894 0.446129
-16.5219 26.3222 22.1495 -0.311489 0.839509 0.445195
-17.0203 26.0714 22.2712 -0.314796 0.838686 0.444421
-17.5489 25.8081 22.3944 -0.315257 0.839047 0.443411
-18.1316 25.5306 22.5043 -0.315788 0.839352 0.442454
-18.6388 25.3054 22.5677 -0.320511 0.836886 0.443725
-19.1086 25.101 22.6119 -0.326318 0.836532 0.440149
-19.6388 24.8751 22.6463 -0.330627 0.835976 0.437981
-20.1887 24.6214 22.7161 -0.329504 0.838023 0.434898
-20.6609 24.3893 22.8053 -0.334716 0.83763 0.431672
-21.1981 24.0777 22.9883 -0.349349 0.839449 0.416269
-21.6565 23.7681 23.2214 -0.355258 0.835623 0.418957
-22.0723 23.4696 23.4618 -0.36018 0.835134 0.415718
-22.5582 23.1226 23.7411 -0.359672 0.837001 0.412389
-22.9586 22.8482 23.9474 -0.363642 0.836451 0.410018
-23.3792 22.5407 24.1999 -0.367162 0.835386 0.409051
-23.7776 22.2484 24.4383 -0.368187 0.833257 0.412451
-24.1458 21.9669 24.6754 -0.372002 0.831844 0.411878
-24.5034 21.6947 24.9034 -0.372765 0.832716 0.409427
-24.9229 21.4 25.1289 -0.367384 0.838484 0.402457
-25.3455 21.1069 25.3545 -0.368363 0.840213 0.397932
-25.7865 20.7984 25.5971 -0.369172 0.839821 0.398012
-26.1677 20.5271 25.8152 -0.370486 0.839075 0.398364
-26.5473 20.2576 26.029 -0.370959 0.839231 0.397591
-26.9558 19.9688 26.2589 -0.369753 0.841863 0.39311
-27.3721 19.6735 26.5031 -0.370071 0.843936 0.38835
-27.8099 19.3664 26.7523 -0.373221 0.843054 0.387255
-28.2024 19.0856 26.9783 -0.382721 0.839735 0.385186
-28.6021 18.7927 27.2154 -0.385958 0.837281 0.387295
-29.0029 18.4997 27.4498 -0.385731 0.837535 0.386971
-29.4742 18.151 27.7354 -0.384647 0.837293 0.388567
-29.8425 17.8773 27.9551 -0.388648 0.836949 0.385299
-30.2401 17.5839 28.1923 -0.387427 0.837284 0.385808
-30.6091 17.3173 28.4053 -0.384073 0.838868 0.385731
-31.0621 16.9936 28.6556 -0.38408 0.840548 0.382036
-31.5158 16.6737 28.9008 -0.38687 0.836521 0.388027
-31.9086 16.4016 29.1051 -0.382366 0.840693 0.383438
-32.3034 16.1324 29.2976 -0.384196 0.843445 0.375487
-32.7585 15.8294 29.5174 -0.379357 0.84821 0.369622
-33.2153 15.5259 29.7527 -0.374973 0.852874 0.36331
-33.6577 15.2234 29.9907 -0.385119 0.849711 0.360101
-34.0728 14.9148 30.2737 -0.388077 0.848783 0.359117
-34.4319 14.6521 30.5074 -0.386916 0.849575 0.358494
-34.8781 14.3314 30.7889 -0.383498 0.852552 0.355076
-35.3418 14.0267 31.0254 -0.378923 0.855138 0.353776
-35.7336 13.7665 31.2352 -0.381194 0.854751 0.352253
-36.1165 13.5008 31.4642 -0.38466 0.854119 0.350022
-36.5384 13.2006 31.7243 -0.39062 0.850737 0.35165
-36.9158 12.9281 31.9639 -0.393763 0.849409 0.351361
-37.3497 12.6113 32.2427 -0.394456 0.849577 0.350176
-37.8245 12.2573 32.5696 -0.392903 0.851168 0.348052
-38.3098 11.8955 32.9103 -0.39088 0.853279 0.345148
-38.7306 11.5972 33.173 -0.390471 0.853764 0.344412
-39.1597 11.2912 33.4443 -0.391158 0.853311 0.344756
-39.5439 11.0261 33.6639 -0.39174 0.853166 0.344453
-39.9923 10.7268 33.894 -0.392334 0.853132 0.343861
-40.4728 10.4169 34.1163 -0.392216 0.85412 0.341534
-40.8854 10.152 34.3075 -0.389285 0.856317 0.339379
-41.3237 9.85229 34.5621 -0.389447 0.857746 0.335563
-41.7309 9.56142 34.8329 -0.389772 0.857799 0.335052
-42.2371 9.19619 35.1771 -0.391832 0.856833 0.335119
-42.6051 8.93958 35.4003 -0.3953 0.855031 0.33565
-43.134 8.58128 35.6884 -0.401212 0.85561 0.327047
-43.6439 8.23444 35.9595 -0.40752 0.852975 0.326131
-44.1065 7.91167 36.2262 -0.407083 0.853039 0.32651
-44.5196 7.62686 36.4548 -0.406367 0.852587 0.328574
-44.9134 7.35583 36.6686 -0.408891 0.851238 0.32894
-45.361 7.0486 36.9093 -0.410766 0.851265 0.326507
-45.7609 6.75724 37.1519 -0.413775 0.847444 0.33261
-46.2709 6.39003 37.4549 -0.412342 0.849078 0.330206
-46.6343 6.12335 37.6809 -0.417705 0.844622 0.334866
-47.0829 5.79465 37.9416 -0.42949 0.838038 0.336498
-47.4113 5.51717 38.2057 -0.441872 0.832395 0.334465
-50.5633 5.82923 32.861 -0.472642 0.82191 0.317918
-50.187 6.13098 32.6399 -0.472143 0.821494 0.319732
-49.7927 6.45175 32.3958 -0.468036 0.822824 0.322339
-49.4003 6.76131 32.1733 -0.466353 0.824104 0.321509
-48.9987 7.0642 31.9696 -0.451261 0.833304 0.319304
-48.528 7.41689 31.7056 -0.44615 0.837845 0.314588
-48.1646 7.68854 31.4955 -0.441009 0.839938 0.316252
-47.7947 7.96636 31.2739 -0.441416 0.839584 0.316623
-47.3793 8.27087 31.0385 -0.434588 0.842056 0.319485
-46.938 8.59122 30.7881 -0.424869 0.844454 0.326166
-46.5667 8.8585 30.5755 -0.42105 0.846679 0.325348
-46.1637 9.14902 30.3385 -0.419628 0.847639 0.324685
-45.8037 9.41484 30.1095 -0.419824 0.847427 0.324986
-45.334 9.76522 29.8044 -0.420681 0.846571 0.326107
-44.9258 10.067 29.5493 -0.421818 0.845682 0.326944
-44.5592 10.3327 29.3348 -0.420737 0.845736 0.328194
-44.1356 10.6381 29.0882 -0.41799 0.846488 0.32976
-43.6281 11.0056 28.7882 -0.414143 0.847011 0.333248
-43.2558 11.2728 28.5752 -0.413976 0.845537 0.337179
-42.8267 11.5769 28.3444 -0.414261 0.844118 0.340369
-42.4324 11.8576 28.1298 -0.41483 0.84342 0.341406
-41.9627 12.1875 27.8859 -0.414099 0.844011 0.340833
-41.4975 12.5216 27.6229 -0.413631 0.844548 0.340069
-41.0818 12.8276 27.3666 -0.412211 0.845168 0.340255
-40.664 13.1349 27.1101 -0.411467 0.844905 0.341805
-40.2233 13.4604 26.8367 -0.41174 0.844615 0.342193
-39.8405 13.7469 26.5883 -0.40902 0.844649 0.345352
-39.4169 14.055 26.3354 -0.406159 0.844499 0.349077
-39.0336 14.3299 26.1145 -0.404797 0.844977 0.349505
-38.6552 14.5964 25.9083 -0.40464 0.845082 0.349431
-38.2652 14.8682 25.7023 -0.404254 0.845084 0.349873
-37.7986 15.201 25.4385 -0.405203 0.844441 0.350328
-37.3217 15.5498 25.1528 -0.40766 0.842493 0.352161
-36.9584 15.8221 24.9235 -0.407227 0.841391 0.355284
-36.4912 16.1702 24.6371 -0.408512 0.840352 0.356267
-36.0116 16.5135 24.377 -0.40796 0.840595 0.356328
-35.5915 16.8123 24.154 -0.408137 0.84016 0.357149
-35.1933 17.0921 23.95 -0.409263 0.840073 0.356063
-34.6967 17.4358 23.7102 -0.408536 0.839812 0.357512
-34.2082 17.7882 23.4438 -0.411052 0.837312 0.360479
-33.7644 18.1093 23.2019 -0.41128 0.837889 0.358875
-33.3837 18.3865 22.9895 -0.409037 0.838996 0.358851
-32.9258 18.729 22.7116 -0.408763 0.838578 0.360138
-32.4951 19.0569 22.4427 -0.41206 0.834928 0.364831
-32.1034 19.3481 22.2195 -0.41239 0.8343 0.365893
-31.6953 19.6531 21.9859 -0.412265 0.833521 0.3678
-31.2367 20.0019 21.7143 -0.415727 0.830857 0.369926
-30.772 20.3546 21.4487 -0.419561 0.827547 0.373008
-30.3568 20.6739 21.2027 -0.41496 0.829558 0.373686
-29.9077 21.0254 20.918 -0.413218 0.830597 0.373303
-29.5337 21.3122 20.6945 -0.410106 0.830557 0.376774
-29.1603 21.5955 20.4736 -0.405371 0.832219 0.378262
-28.7797 21.879 20.2591 -0.409008 0.830522 0.378082
-28.3379 22.2052 20.0215 -0.406322 0.829467 0.383259
-27.8895 22.5536 19.748 -0.409727 0.827131 0.384679
-27.4178 22.9247 19.4529 -0.409812 0.826179 0.386629
-27.0018 23.2473 19.2053 -0.407926 0.825255 0.390577
-26.6005 23.5572 18.9727 -0.408713 0.82372 0.392977
-26.2056 23.8579 18.755 -0.411132 0.8203 0.39759
-25.7519 24.2007 18.5161 -0.409721 0.820444 0.398747
-25.2848 24.5572 18.2618 -0.406354 0.820389 0.402291
-24.8943 24.8605 18.0376 -0.406197 0.820483 0.402257
-24.4857 25.169 17.8174 -0.397952 0.822542 0.406275
-24.1231 25.4482 17.6032 -0.391954 0.826423 0.404224
-23.6036 25.8144 17.3585 -0.390483 0.826407 0.405672
-23.1479 26.084 17.2447 -0.385671 0.827543 0.407958
-22.6729 26.3271 17.2006 -0.383676 0.827151 0.410626
-22.1731 26.5853 17.1449 -0.380676 0.828656 0.410384
-21.6748 26.8248 17.1153 -0.370486 0.829883 0.417144
-21.2187 27.032 17.1019 -0.363197 0.83205 0.419261
-20.7074 27.2603 17.0909 -0.361027 0.832922 0.419406
-20.2559 27.4726 17.0558 -0.358133 0.831985 0.423724
-19.7999 27.6988 16.9954 -0.355456 0.832503 0.424954
-19.2577 27.9891 16.874 -0.349564 0.833363 0.428148
-18.6903 28.3155 16.6949 -0.340526 0.836186 0.429924
-18.0831 28.6558 16.5157 -0.338389 0.834882 0.434125
-17.6499 28.9018 16.3805 -0.337244 0.834703 0.435358
-17.1766 29.1689 16.2331 -0.334582 0.835755 0.435394
-16.702 29.434 16.088 -0.332215 0.836629 0.435529
-16.2115 29.7057 15.9381 -0.329028 0.836674 0.437854
-15.7657 29.9621 15.781 -0.325646 0.837666 0.438486
-15.2365 30.3028 15.5254 -0.328665 0.837171 0.437175
-14.7802 30.5938 15.3026 -0.322836 0.839867 0.436349
-14.3377 30.879 15.0818 -0.322725 0.840045 0.436087
-13.8888 31.1787 14.8357 -0.32321 0.839996 0.435822
-13.4611 31.4482 14.6354 -0.324697 0.838882 0.436861
-12.9503 31.7141 14.5078 -0.327284 0.837052 0.438439
-12.4932 31.913 14.4709 -0.326481 0.836246 0.440568
-11.9111 32.148 14.4515 -0.322094 0.835149 0.445849
-11.3013 32.3683 14.4756 -0.316161 0.83505 0.45026
-10.8293 32.474 14.6094 -0.31131 0.834415 0.454793
-10.2526 32.5424 14.8768 -0.308 0.834755 0.45642
-9.81149 32.5492 15.157 -0.300684 0.835861 0.459265
-9.34518 32.5302 15.4879 -0.288368 0.838099 0.46306
-8.83999 32.494 15.8623 -0.278142 0.837959 0.469512
-8.40899 32.4741 16.1463 -0.267284 0.837433 0.47672
-7.93556 32.4645 16.4248 -0.259202 0.837061 0.481813
-7.44131 32.4591 16.6961 -0.247248 0.841668 0.480067
-7.14493 32.3178 17.0926 -0.240159 0.841158 0.484538
-7.11648 32.0529 17.5661 -0.239648 0.840326 0.486222
-7.1261 31.7817 18.0312 -0.241631 0.842085 0.48219
-7.10624 31.5149 18.5008 -0.238544 0.840455 0.486541
-7.06615 31.2007 19.0638 -0.237828 0.838234 0.490715
-7.02484 30.9255 19.5535 -0.23518 0.838889 0.490873
-6.97849 30.6078 20.1188 -0.234709 0.839697 0.489712
-6.93532 30.3288 20.6196 -0.232986 0.840297 0.489498
-6.8775 30.0731 21.0833 -0.230211 0.839025 0.492991
-6.80977 29.8089 21.5648 -0.22852 0.838708 0.494311
-6.74897 29.5464 22.0336 -0.227626 0.835823 0.499584
-6.65976 29.2875 22.5045 -0.226299 0.834014 0.503196
-6.53467 29.0637 22.9337 -0.222876 0.835599 0.502095
-6.36666 28.8533 23.3574 -0.218244 0.834464 0.506002
-6.16378 28.6188 23.8319 -0.212766 0.83605 0.505717
-5.94599 28.4011 24.2823 -0.211864 0.835415 0.507144
-5.76559 28.175 24.7241 -0.205025 0.83292 0.51401
-5.59949 27.9477 25.1576 -0.203974 0.8316 0.516557
-5.39936 27.6249 25.7501 -0.198884 0.82983 0.521365
-5.22878 27.34 26.2661 -0.19463 0.828845 0.524527
-5.07474 27.1091 26.6836 -0.189931 0.826559 0.529833
-4.84056 26.8365 27.1882 -0.183173 0.825052 0.534544
-4.60934 26.6138 27.607 -0.179039 0.822815 0.53937
-4.37203 26.3796 28.0379 -0.17317 0.820813 0.544314
-4.08968 26.1018 28.5445 -0.170544 0.819699 0.546816
-3.82588 25.8617 28.9845 -0.169094 0.817299 0.550845
-3.57445 25.6503 29.3711 -0.163275 0.815909 0.554647
-3.29886 25.4077 29.8066 -0.158825 0.816011 0.555787
-3.14155 25.0951 30.3109 -0.1575 0.817072 0.554604
-3.14046 24.7685 30.7931 -0.152552 0.819986 0.551678
-3.1499 24.4682 31.236 -0.149732 0.819139 0.553707
-3.14898 24.1482 31.7104 -0.14857 0.819545 0.553418
-3.14043 23.8331 32.1795 -0.146303 0.820598 0.552462
-3.12291 23.5509 32.6042 -0.142489 0.821929 0.55148
-3.12038 23.2334 33.0787 -0.136646 0.823041 0.5513
-3.13649 22.9372 33.5195 -0.132379 0.824908 0.549547
-3.12446 22.643 33.965 -0.127717 0.826865 0.547707
-3.10483 22.3618 34.3933 -0.130936 0.825496 0.54901
-3.10344 22.0382 34.8812 -0.127416 0.826451 0.548401
-3.13285 21.7498 35.3114 -0.120898 0.831021 0.542944
-3.16248 21.4402 35.7769 -0.116071 0.830105 0.545392
-3.16444 21.0973 36.2983 -0.11553 0.83007 0.545561
-3.1432 20.813 36.7344 -0.113226 0.829479 0.546939
-3.16067 20.5113 37.1877 -0.11047 0.829111 0.548058
-3.15024 20.1948 37.6668 -0.108371 0.828476 0.54944
-3.14565 19.8847 38.1371 -0.105975 0.829365 0.548559
-3.15082 19.605 38.5595 -0.10184 0.830218 0.548058
-3.14112 19.323 38.9894 -0.102333 0.829358 0.549262
-3.15364 19.0429 39.4076 -0.0919053 0.828223 0.552807
-3.15343 18.7283 39.8807 -0.0907102 0.830139 0.550127
-3.16829 18.4252 40.3377 -0.0893773 0.832919 0.546129
-3.17838 18.1029 40.8285 -0.0870897 0.834374 0.544275
-3.16029 17.8278 41.2544 -0.0872849 0.836003 0.541738
-3.13227 17.4456 41.8449 -0.0871593 0.833553 0.54552
-3.13345 17.0948 42.3776 -0.082153 0.831014 0.550152
-3.12028 16.7358 42.9204 -0.0778154 0.830983 0.550828
-3.12674 16.4378 43.3672 -0.0770807 0.828271 0.555
-3.13922 16.088 43.8898 -0.0700078 0.82787 0.556534
-3.12855 15.7946 44.3272 -0.0717471 0.828084 0.555992
-3.12888 15.4827 44.7923 -0.0693578 0.830362 0.55289
-3.15481 15.1921 45.2251 -0.0694643 0.829912 0.553552
-3.17156 14.8795 45.694 -0.0635833 0.831747 0.551502
-3.1738 14.5774 46.1491 -0.0635943 0.831557 0.551787
-3.18415 14.2829 46.5915 -0.0616688 0.831089 0.55271
-3.19035 13.9878 47.0354 -0.0616609 0.832071 0.55123
-3.17955 13.6998 47.4732 -0.0557606 0.833555 0.549615
-3.18422 13.3062 48.0703 -0.0543737 0.834153 0.548846
-3.1851 13.0275 48.4946 -0.0522098 0.835393 0.547168
-3.1829 12.7479 48.9214 -0.0513741 0.834881 0.548027
-3.17037 12.4086 49.4391 -0.0510835 0.834821 0.548146
-3.17387 12.1178 49.882 -0.0488944 0.835311 0.547599
-3.1754 11.7903 50.3817 -0.0465776 0.836031 0.546702
-3.17026 11.466 50.8809 -0.043203 0.838816 0.542697
-3.15623 11.1582 51.3578 -0.0390123 0.839104 0.54257
-3.15327 10.865 51.8116 -0.0380173 0.839078 0.542682
-3.14824 10.5818 52.2503 -0.0365582 0.839879 0.54154
-3.14869 10.2345 52.7898 -0.0346489 0.841041 0.53986
-3.15329 9.93799 53.2522 -0.0348257 0.842024 0.538315
-3.17014 9.60086 53.7792 -0.0362178 0.842717 0.537138
-3.1724 9.30486 54.2446 -0.0356523 0.843511 0.535928
-3.15832 9.03602 54.668 -0.0348752 0.843104 0.536618
-3.15981 8.68259 55.2245 -0.0346485 0.84434 0.534687
-3.15399 8.38023 55.7026 -0.0350554 0.844743 0.534022
-3.15735 8.045 56.2332 -0.0353584 0.845015 0.533572
-3.16546 7.76227 56.68 -0.0343062 0.844143 0.535016
-3.19019 7.45195 57.1644 -0.0331151 0.839404 0.542498
-3.19885 7.17852 57.5866 -0.029261 0.837414 0.545785
-3.19263 6.89895 58.0155 -0.0295672 0.836975 0.546442
-3.19224 6.61198 58.4548 -0.0296631 0.83673 0.546812
-3.19784 6.31512 58.9084 -0.0295588 0.836439 0.547262
-3.17883 5.98093 59.4181 -0.0283074 0.83509 0.549385
-3.14691 5.62226 59.9638 -0.0239978 0.835315 0.549247
-3.1556 5.28475 60.4739 -0.0195725 0.834633 0.550458
-3.15339 4.88427 61.0734 -0.0157853 0.829998 0.557543
-3.17318 4.55542 61.5532 -0.0137165 0.822925 0.567981
-3.14317 4.1545 62.1312 -0.0112021 0.821245 0.570463
-3.14866 3.8515 62.5632 -0.00883671 0.816845 0.576789
-3.15266 3.55714 62.9774 -0.00182649 0.811332 0.584545
-3.17192 3.26005 63.384 -0.00264114 0.806756 0.590878
-3.17874 2.93905 63.8208 -0.00273574 0.80183 0.597546
-3.18645 2.62362 64.2427 -0.00293159 0.799009 0.60131
-3.17888 2.30755 64.6602 -0.0011629 0.794595 0.607138
-3.33767 2.01161 65.0466 0.00553153 0.793213 0.608919
-3.85112 1.9716 65.1028 0.00388951 0.795131 0.606426
-4.46034 1.96561 65.1147 0.00350824 0.796387 0.604776
-5.03459 1.95007 65.1366 -2.62454e-05 0.796372 0.604807
-5.56023 1.95728 65.1262 -0.000790344 0.798762 0.601644
-6.08025 1.93669 65.1542 0.000462954 0.799037 0.601282
-6.59029 1.93771 65.1501 -0.00584439 0.804984 0.593261
-7.09936 1.94669 65.124 -0.0168548 0.802591 0.596291
-7.71823 1.96118 65.0799 -0.0355468 0.803553 0.594162
-8.30913 1.94886 65.0592 -0.0429286 0.799593 0.598943
-8.97842 1.91829 65.0434 -0.0520906 0.800597 0.596935
-9.64707 1.90965 64.9951 -0.0543813 0.800822 0.596428
-10.1534 1.89961 64.9637 -0.0529847 0.800173 0.597425
-10.7315 1.90762 64.9003 -0.0540862 0.802399 0.594332
-11.2724 1.92725 64.8212 -0.0625398 0.802767 0.593005
-11.7714 1.93615 64.7543 -0.0679608 0.805058 0.58929
-12.4112 1.92761 64.6833 -0.0787697 0.80458 0.588596
-12.9781 1.92023 64.6171 -0.0773152 0.806377 0.586327
-13.5472 1.93011 64.5288 -0.0758806 0.808204 0.583993
-14.1428 1.95113 64.4215 -0.0829098 0.805612 0.586614
-14.6567 1.96794 64.3253 -0.0842189 0.805876 0.586064
-15.3044 1.991 64.2019 -0.0865186 0.800349 0.593257
-15.9681 1.99008 64.1022 -0.103207 0.796609 0.595619
-16.5904 1.99076 63.9924 -0.114726 0.801126 0.58721
-17.1242 1.97161 63.8924 -0.138734 0.794987 0.590535
-17.7994 1.94981 63.7596 -0.14129 0.802844 0.579205
-18.4213 1.94005 63.6141 -0.14991 0.808005 0.569785
-19.0162 1.93859 63.4615 -0.146849 0.80677 0.572326
-19.5397 1.93411 63.3317 -0.152971 0.804391 0.574068
-20.1668 1.93965 63.15 -0.155701 0.806348 0.570536
-20.8102 1.97309 62.9274 -0.158792 0.80011 0.578454
-21.2917 1.97836 62.787 -0.159347 0.797526 0.58186
-21.8545 1.9766 62.6313 -0.167319 0.792498 0.586465
-22.3427 1.96973 62.4976 -0.163735 0.795011 0.584079
-22.8426 1.96194 62.3607 -0.182416 0.800634 0.570687
-23.3707 1.97586 62.1722 -0.186873 0.794813 0.577334
-23.9784 2.00149 61.9295 -0.202046 0.792333 0.57564
-24.479 1.98959 61.7646 -0.208547 0.791322 0.574732
-24.984 1.9808 61.5942 -0.209746 0.794637 0.569663
-25.459 1.97242 61.4237 -0.216172 0.790888 0.572489
-25.9986 1.97377 61.2164 -0.217586 0.788714 0.574967
-26.6282 1.9637 60.9931 -0.217542 0.791192 0.571556
-27.1941 1.96362 60.7721 -0.23831 0.78496 0.571869
-27.7378 1.98625 60.5146 -0.238505 0.786204 0.570083
-28.2337 1.99456 60.2896 -0.25268 0.786178 0.563983
-28.8198 1.99918 60.021 -0.253745 0.785328 0.564686
-29.3771 1.97708 59.7914 -0.262783 0.786628 0.558714
-29.8611 1.96653 59.5774 -0.270599 0.789492 0.550886
-30.4046 1.97185 59.3011 -0.273475 0.788553 0.550813
-30.9887 1.97934 59.0016 -0.273702 0.786363 0.553823
-31.4371 1.98265 58.7712 -0.280664 0.785681 0.5513
-31.9041 1.9808 58.5341 -0.286446 0.788802 0.543815
-32.4764 1.97909 58.2352 -0.288026 0.791206 0.539474
-32.9317 1.97529 57.9956 -0.293172 0.796505 0.528782
-33.3946 1.98071 57.7296 -0.303144 0.796632 0.522914
-33.8496 1.97863 57.4637 -0.310923 0.795507 0.520077
-34.3601 1.98255 57.1451 -0.319514 0.79473 0.516057
-34.9289 1.99577 56.7754 -0.319249 0.79134 0.521403
-35.4105 1.99435 56.4802 -0.32329 0.790681 0.519911
-35.8884 2.00058 56.1669 -0.335287 0.789469 0.514106
-36.4128 2.00089 55.8177 -0.342239 0.791028 0.507076
-36.831 2.00209 55.5316 -0.344124 0.792373 0.503711
-37.2455 2.00873 55.2407 -0.340092 0.793404 0.50482
-37.7377 2.00629 54.9136 -0.345562 0.788519 0.508745
-38.2315 2.00982 54.5709 -0.343295 0.790089 0.507846
-38.7649 2.01226 54.1808 -0.364774 0.788135 0.495753
-39.1816 2.01159 53.875 -0.370745 0.78767 0.491998
-39.5745 2.0107 53.5639 -0.379965 0.789297 0.482312
-39.9916 2.01532 53.231 -0.380231 0.789149 0.482342
-40.474 2.01272 52.8459 -0.387947 0.7883 0.477573
-40.9892 1.99055 52.4592 -0.386638 0.79199 0.472507
-41.3932 2.00257 52.1072 -0.38844 0.791539 0.471784
-41.8892 2.0012 51.7074 -0.382845 0.794769 0.470903
-42.3524 1.98991 51.3406 -0.388113 0.794914 0.466345
-42.7515 1.99435 51.0061 -0.397969 0.788148 0.46938
-43.1497 1.99432 50.6467 -0.405188 0.791892 0.456823
-43.6145 2.00298 50.2133 -0.407466 0.79673 0.446306
-43.9813 2.01132 49.8651 -0.408745 0.799433 0.440267
-44.3751 2.01179 49.5029 -0.396994 0.807637 0.436026
-44.7856 2.00685 49.1205 -0.421246 0.803448 0.420594
-45.2074 1.99486 48.7124 -0.428444 0.797074 0.425546
-45.5887 1.98902 48.3431 -0.42979 0.795676 0.42682
-45.9785 1.9911 47.9425 -0.433635 0.798397 0.417759
-46.3334 2.00736 47.5423 -0.433451 0.799638 0.415571
-46.7718 2.00832 47.0831 -0.425202 0.80448 0.414748
-47.1595 1.9868 46.6869 -0.446262 0.802025 0.396997
-47.58 1.97101 46.2388 -0.450399 0.806378 0.383269
-47.9193 1.9606 45.8658 -0.449673 0.804261 0.388523
-48.3915 1.95607 45.3359 -0.446264 0.803723 0.393545
-48.812 1.96445 44.8413 -0.448258 0.804133 0.390429
-49.158 1.97291 44.4282 -0.457774 0.792845 0.402294
-49.4986 1.97869 44.0294 -0.463195 0.790707 0.400241
-49.877 1.97365 43.5846 -0.468811 0.79322 0.388609
-50.261 1.97217 43.1047 -0.487294 0.7892 0.373775
-50.5724 1.97306 42.6986 -0.479032 0.799493 0.362401
-50.911 1.9679 42.2523 -0.4968 0.78609 0.367765
-51.2085 1.96511 41.8451 -0.491235 0.796582 0.352342
-51.5908 1.96254 41.3139 -0.505715 0.785313 0.35712
-51.9304 1.96048 40.8243 -0.509549 0.790968 0.338717
-52.2385 1.9559 40.374 -0.511184 0.789268 0.3402
-52.5092 1.95865 39.9516 -0.517154 0.790145 0.328972
-52.7865 1.95878 39.514 -0.515897 0.793014 0.324004
-53.0649 1.96083 39.0688 -0.512714 0.796417 0.320667
-53.3645 1.96961 38.5568 -0.523887 0.790608 0.316988
-53.614 1.98286 38.1033 -0.528257 0.791509 0.307339
-53.9228 1.99232 37.5589 -0.532196 0.786256 0.313792
-54.1729 1.99837 37.0939 -0.538535 0.784294 0.307997
-54.4497 2.00916 36.5781 -0.548499 0.779609 0.302213
-54.7489 2.02001 36.0057 -0.551275 0.777106 0.303648
-54.9203 2.07831 35.5367 -0.554469 0.776033 0.300559
-54.6476 2.38382 35.2483 -0.550996 0.779039 0.299169
-54.2494 2.73533 35.0418 -0.533845 0.789632 0.302473
-53.8257 3.12273 34.7676 -0.525711 0.795436 0.301511
-53.4532 3.4558 34.5357 -0.521791 0.798277 0.300811
-53.0104 3.83737 34.2834 -0.516086 0.804558 0.293839
-52.5296 4.25273 33.9733 -0.502985 0.809145 0.303793
-52.0776 4.62437 33.7088 -0.48331 0.818917 0.309476
-51.6776 4.94503 33.4835 -0.482549 0.818168 0.312645
-51.2968 5.24999 33.2645 -0.474662 0.821385 0.316262
-50.8295 5.61887 33.0082 -0.473893 0.821296 0.317644
-50.6634 5.74994 32.9169 -0.473601 0.821546 0.317434
-38.6023 10.2307 36.7021 -0.372741 0.861501 0.344789
-38.0244 10.4386 36.8018 -0.367625 0.863568 0.345111
-37.5047 10.6219 36.8892 -0.36244 0.866035 0.344414
-36.9802 10.806 36.9766 -0.362952 0.862692 0.352176
-36.5059 10.9742 37.0571 -0.365799 0.859802 0.356274
-35.9765 11.1616 37.1474 -0.366185 0.858611 0.358741
-35.4622 11.3427 37.2348 -0.361298 0.859152 0.362385
-34.7984 11.5737 37.3461 -0.360266 0.858251 0.365531
-34.2491 11.7646 37.4389 -0.35991 0.858505 0.365285
-33.7468 11.9397 37.5223 -0.356711 0.86057 0.363561
-33.2376 12.1101 37.605 -0.334507 0.864166 0.375929
-32.7291 12.2701 37.6842 -0.323763 0.866127 0.380791
-32.1487 12.4435 37.7713 -0.313357 0.8703 0.379981
-31.5645 12.6192 37.8603 -0.317721 0.864654 0.389136
-31.0713 12.769 37.9356 -0.325345 0.857467 0.398623
-30.4477 12.9629 38.0327 -0.331584 0.854513 0.399823
-29.9719 13.1121 38.1095 -0.332005 0.853929 0.400721
-29.4448 13.278 38.1928 -0.332145 0.853769 0.400947
-28.9477 13.4342 38.2719 -0.332338 0.853567 0.401217
-28.4526 13.5845 38.3483 -0.319787 0.855416 0.407431
-27.9648 13.7291 38.4222 -0.316669 0.854285 0.41221
-27.4612 13.8745 38.4962 -0.304943 0.854492 0.420539
-26.923 14.0272 38.5744 -0.303415 0.853486 0.423676
-26.3652 14.1848 38.6555 -0.302951 0.853217 0.424548
-25.8696 14.3248 38.7279 -0.303204 0.853009 0.424786
-25.2274 14.5056 38.8219 -0.300399 0.853386 0.426019
-24.7337 14.6409 38.8927 -0.291728 0.85092 0.436841
-24.109 14.8045 38.9787 -0.277545 0.853125 0.441753
-23.5919 14.9326 39.0466 -0.267756 0.855155 0.443866
-23.0156 15.0732 39.1214 -0.266293 0.855137 0.44478
-22.4376 15.214 39.1967 -0.266367 0.855044 0.444914
-21.8352 15.3605 39.2755 -0.26588 0.854424 0.446394
-21.3501 15.4761 39.3378 -0.260927 0.854004 0.450104
-20.8651 15.5902 39.3997 -0.257573 0.850871 0.457902
-20.3744 15.6986 39.4587 -0.24181 0.852773 0.462932
-19.8818 15.8025 39.5155 -0.231086 0.853369 0.467291
-19.2075 15.943 39.5926 -0.231735 0.852329 0.468864
-18.5971 16.0702 39.6629 -0.231615 0.85235 0.468886
-18.0827 16.1775 39.7223 -0.229325 0.852204 0.470274
-17.4371 16.3057 39.7929 -0.208735 0.854036 0.4765
-16.8865 16.4047 39.8479 -0.192014 0.855658 0.480603
-16.3923 16.4833 39.8921 -0.165988 0.85512 0.491139
-15.8884 16.5583 39.9349 -0.171199 0.854776 0.489949
-15.2747 16.6504 39.9892 -0.17438 0.849556 0.497842
-14.7389 16.7319 40.0374 -0.174015 0.849453 0.498146
-14.1691 16.8187 40.0871 -0.171014 0.845637 0.505621
-13.6278 16.9017 40.1335 -0.172294 0.845552 0.505328
-13.0427 16.9899 40.1841 -0.171251 0.845438 0.505873
-12.431 17.0813 40.2375 -0.170273 0.84585 0.505514
-12.2931 17.1018 40.2497 -0.169936 0.845767 0.505766
-12.4886 14.0364 45.3693 -0.132446 0.848024 0.51314
-13.0679 13.9659 45.3317 -0.13692 0.848841 0.510609
-13.6106 13.8985 45.2944 -0.148817 0.848375 0.508048
-14.1201 13.8309 45.2576 -0.152328 0.848349 0.507051
-14.6887 13.7529 45.2168 -0.154058 0.84776 0.507513
-15.1989 13.6822 45.1793 -0.155658 0.847311 0.507773
-15.7459 13.6058 45.1377 -0.165273 0.847164 0.504974
-16.2561 13.5271 45.0946 -0.179266 0.848836 0.497334
-16.9476 13.415 45.0352 -0.182771 0.848036 0.497423
-17.4511 13.3317 44.9908 -0.184561 0.847971 0.496872
-18.0366 13.2355 44.9379 -0.184357 0.848084 0.496755
-18.5946 13.1414 44.8889 -0.189069 0.848469 0.494321
-19.2157 13.0338 44.8323 -0.192335 0.847818 0.494178
-19.7239 12.942 44.7839 -0.203563 0.849296 0.487092
-20.2425 12.8458 44.7335 -0.201472 0.850004 0.486726
-20.7373 12.7541 44.6852 -0.211797 0.850978 0.480603
-21.3034 12.6466 44.6292 -0.209674 0.853214 0.47756
-21.9306 12.5214 44.5649 -0.221244 0.855786 0.467634
-22.4864 12.4037 44.5047 -0.238058 0.85693 0.457165
-23.0441 12.2792 44.4414 -0.244114 0.855307 0.45701
-23.6522 12.1421 44.3722 -0.244929 0.855329 0.456533
-24.2432 12.0085 44.3053 -0.245 0.855346 0.456463
-24.745 11.8947 44.2486 -0.246471 0.855951 0.454533
-25.3592 11.7533 44.1784 -0.252947 0.857884 0.447273
-25.9156 11.6242 44.115 -0.252038 0.859798 0.444099
-26.5257 11.4761 44.042 -0.264385 0.860137 0.436194
-27.0134 11.3556 43.9827 -0.267288 0.862994 0.428717
-27.6806 11.1885 43.9009 -0.26952 0.862248 0.42882
-28.1937 11.0596 43.8374 -0.269865 0.862394 0.428309
-28.6843 10.9361 43.7769 -0.270034 0.864316 0.42431
-29.1805 10.81 43.7157 -0.273789 0.863702 0.423152
-29.8451 10.6352 43.6309 -0.281167 0.865663 0.414214
-30.3546 10.4946 43.5631 -0.299123 0.862642 0.40789
-30.8758 10.3469 43.4923 -0.301717 0.862312 0.406676
-31.3857 10.2013 43.4229 -0.301678 0.864403 0.402242
-31.9527 10.0387 43.3457 -0.302423 0.865786 0.398692
-32.4354 9.90091 43.2807 -0.304034 0.864017 0.401295
-33.0551 9.72139 43.1965 -0.302006 0.864966 0.400782
-33.5968 9.56331 43.1227 -0.309886 0.868395 0.38712
-34.1553 9.39689 43.045 -0.31238 0.86926 0.383153
-34.8161 9.20229 42.9545 -0.30984 0.872503 0.377806
-35.4115 9.02076 42.8713 -0.322112 0.870752 0.371529
-35.9967 8.83534 42.7865 -0.344929 0.862994 0.369141
-36.4796 8.67128 42.7119 -0.352037 0.863208 0.36186
-36.9489 8.50884 42.6384 -0.356522 0.862089 0.360131
-37.5269 8.30783 42.5478 -0.356095 0.863044 0.358263
-38.1111 8.10461 42.4556 -0.358145 0.861627 0.359626
-38.6921 7.89628 42.3624 -0.373283 0.856561 0.356318
-39.1564 7.72514 42.2856 -0.375927 0.855213 0.356777
-39.6763 7.53068 42.1999 -0.380095 0.854607 0.3538
-40.1387 7.35506 42.1231 -0.383521 0.854275 0.350892
-40.6565 7.15814 42.0362 -0.384598 0.855009 0.347913
-40.8809 7.0725 41.9989 -0.384166 0.855216 0.347882
-33.1668 7.11279 48.6457 -0.296161 0.86034 0.414853
-32.6402 7.26147 48.7124 -0.290053 0.860035 0.419771
-31.9585 7.45083 48.7955 -0.289 0.860746 0.419041
-31.476 7.57934 48.8525 -0.276989 0.862992 0.422518
-30.8507 7.74343 48.9261 -0.27499 0.863359 0.423074
-30.2045 7.90552 48.9992 -0.256469 0.860907 0.439389
-29.6034 8.05036 49.0641 -0.242125 0.862282 0.444799
-29.0022 8.18934 49.1263 -0.248176 0.862359 0.4413
-28.4914 8.3065 49.1794 -0.24197 0.861906 0.44561
-27.9928 8.41868 49.2318 -0.235184 0.865848 0.441583
-27.3414 8.56103 49.2957 -0.228874 0.866391 0.443829
-26.7224 8.69131 49.3559 -0.224065 0.868358 0.442436
-26.1614 8.80774 49.4114 -0.224157 0.868516 0.442078
-25.5258 8.93966 49.4731 -0.22172 0.869004 0.442348
-24.8756 9.07067 49.5351 -0.210542 0.867664 0.450367
-24.2321 9.19167 49.5919 -0.20012 0.869382 0.451805
-23.7054 9.28868 49.6371 -0.198304 0.869719 0.451957
-23.1795 9.38487 49.682 -0.19769 0.870358 0.450994
-22.6361 9.48378 49.7283 -0.196579 0.870989 0.450262
-22.1171 9.57791 49.7726 -0.196333 0.871117 0.450121
-21.5381 9.68235 49.8222 -0.194988 0.870971 0.450987
-21.007 9.77578 49.8669 -0.187195 0.872751 0.450848
-20.4944 9.86255 49.9086 -0.182157 0.869629 0.458873
-19.9919 9.94389 49.9479 -0.171312 0.867145 0.467666
-19.4626 10.0269 49.988 -0.170897 0.86513 0.471533
-18.9398 10.1109 50.0291 -0.177855 0.862013 0.474658
-18.4293 10.195 50.0708 -0.18027 0.860583 0.476339
-17.9364 10.273 50.1098 -0.174668 0.855409 0.487613
-17.3271 10.3639 50.1546 -0.153645 0.855267 0.494885
-16.822 10.4318 50.1881 -0.144799 0.852053 0.50303
-16.1859 10.5123 50.2292 -0.138735 0.852832 0.503418
-15.6317 10.5806 50.2636 -0.1358 0.854016 0.502211
-15.0444 10.6518 50.2989 -0.132321 0.854631 0.502093
-14.4392 10.7232 50.3353 -0.130392 0.853713 0.504155
-13.8809 10.7882 50.3688 -0.126693 0.852639 0.506908
-13.3588 10.847 50.3986 -0.122882 0.850457 0.511491
-12.8511 10.9026 50.428 -0.121976 0.845228 0.520299
-12.3306 10.9586 50.4579 -0.121789 0.844088 0.522191
-12.3011 7.90609 55.5146 -0.0653428 0.850333 0.522173
-12.9749 7.85929 55.4949 -0.0903099 0.849389 0.519983
-13.5854 7.80814 55.4718 -0.0918786 0.850804 0.517389
-14.167 7.75301 55.4461 -0.112888 0.849731 0.514988
-14.7854 7.68823 55.4163 -0.114227 0.849786 0.514602
-15.3055 7.63298 55.3917 -0.115041 0.849586 0.514751
-16.0016 7.55827 55.3582 -0.117064 0.849892 0.51379
-16.5721 7.49411 55.3286 -0.124418 0.853 0.506863
-17.0878 7.43488 55.3017 -0.126762 0.855273 0.502434
-17.6605 7.36796 55.2729 -0.123953 0.860761 0.493687
-18.2321 7.30218 55.2426 -0.129352 0.860691 0.492423
-18.8087 7.23102 55.2108 -0.132985 0.862697 0.487922
-19.4873 7.1396 55.1708 -0.150705 0.863511 0.481287
-19.8782 7.08493 55.1458 -0.150961 0.862192 0.483566
-12.2972 20.2133 35.136 -0.181867 0.843343 0.505665
-12.8958 20.1153 35.0745 -0.201666 0.843856 0.49723
-13.453 20.0173 35.0133 -0.201445 0.844879 0.49558
-14.026 19.917 34.9526 -0.197662 0.846517 0.494306
-14.538 19.8295 34.9005 -0.194093 0.847852 0.493432
-15.2012 19.7166 34.8326 -0.195204 0.847023 0.494416
-15.732 19.625 34.7764 -0.203201 0.844323 0.49581
-16.332 19.5085 34.7078 -0.2298 0.847151 0.47909
-16.885 19.3904 34.6378 -0.258299 0.837042 0.482331
-17.556 19.2354 34.547 -0.257638 0.837825 0.481323
-18.0436 19.1226 34.4811 -0.257971 0.838228 0.480443
-18.5323 19.0102 34.4158 -0.256297 0.838309 0.481197
-19.0308 18.8955 34.3499 -0.255412 0.84152 0.476034
-19.61 18.7594 34.2722 -0.266681 0.842396 0.468241
-20.1141 18.634 34.2005 -0.286798 0.840404 0.459856
-20.7182 18.4749 34.1098 -0.290843 0.837956 0.461779
-21.212 18.3447 34.0361 -0.291 0.840151 0.457674
-21.8008 18.1888 33.9486 -0.28924 0.842843 0.453824
-22.2851 18.0584 33.8764 -0.297723 0.841637 0.450565
-22.8953 17.8904 33.7833 -0.303116 0.840636 0.448834
-23.5373 17.7099 33.683 -0.308492 0.839015 0.448203
-24.132 17.5404 33.5893 -0.309971 0.838116 0.448864
-24.6472 17.3933 33.5083 -0.312499 0.837487 0.448285
-25.2004 17.23 33.4196 -0.324747 0.836233 0.441876
-25.7774 17.0487 33.3217 -0.338294 0.835455 0.433096
-26.2778 16.8856 33.2341 -0.349035 0.836224 0.422971
-26.7899 16.7177 33.1443 -0.346543 0.838292 0.420921
-27.2798 16.5593 33.0601 -0.336297 0.842139 0.421552
-27.7622 16.4084 32.98 -0.331974 0.847309 0.414561
-28.2784 16.2494 32.8954 -0.333672 0.850338 0.406926
-28.826 16.0763 32.804 -0.345056 0.8508 0.396328
-29.3238 15.9066 32.7154 -0.368597 0.842073 0.393763
-29.9088 15.6964 32.6072 -0.373639 0.844044 0.384685
-30.3732 15.5298 32.5202 -0.370861 0.847516 0.37971
-30.8447 15.3633 32.4325 -0.369058 0.847847 0.380725
-31.5098 15.1332 32.3144 -0.360254 0.854479 0.374275
-24.1221 20.281 28.1601 -0.331303 0.852452 0.40443
-23.5182 20.4659 28.2673 -0.327464 0.854211 0.403845
-22.9341 20.6408 28.3674 -0.327618 0.85001 0.412492
-22.4334 20.7908 28.4536 -0.325874 0.844715 0.424574
-21.8079 20.9743 28.56 -0.319768 0.844964 0.4287
-21.2064 21.1507 28.6639 -0.321337 0.844329 0.428778
-20.7199 21.2927 28.7463 -0.319931 0.844028 0.43042
-20.232 21.4364 28.8294 -0.321101 0.844016 0.429571
-19.7294 21.581 28.9135 -0.308646 0.845085 0.436542
-19.0612 21.7639 29.0212 -0.290189 0.851418 0.436894
-18.5191 21.9053 29.1055 -0.282514 0.843023 0.457709
-17.9727 22.0412 29.1874 -0.273286 0.845132 0.45942
-17.4739 22.1631 29.2606 -0.274087 0.846581 0.456264
-16.9449 22.2913 29.338 -0.270455 0.846596 0.458398
-16.3966 22.4213 29.4169 -0.266716 0.83669 0.478343
-15.8454 22.5487 29.4947 -0.254306 0.836821 0.484829
-15.1772 22.6972 29.5855 -0.255117 0.828742 0.498098
-14.5798 22.8316 29.667 -0.254191 0.82928 0.497677
-13.9453 22.9722 29.7551 -0.252462 0.828004 0.500671
-13.4516 23.0799 29.8225 -0.246745 0.830062 0.500114
-13.007 23.175 29.882 -0.2439 0.829636 0.502212
-12.9463 23.1879 29.89 -0.243018 0.829826 0.502326
