-48.9082 5.86012 -39.3374 -0.45298 0.834054 -0.314901
-48.4917 6.18646 -39.0699 -0.449984 0.837627 -0.309614
-48.0754 6.49365 -38.8338 -0.444028 0.844676 -0.298835
-47.6257 6.80687 -38.5854 -0.427138 0.854457 -0.295731
-47.1909 7.10963 -38.3262 -0.416616 0.859097 -0.297294
-46.7865 7.39223 -38.0863 -0.412592 0.857544 -0.307224
-46.3894 7.65297 -37.891 -0.41653 0.855603 -0.307278
-45.9624 7.94987 -37.6495 -0.41644 0.853996 -0.311878
-45.4882 8.28119 -37.3784 -0.421667 0.851339 -0.312102
-45.0319 8.60021 -37.1162 -0.418784 0.856773 -0.300929
-44.5529 8.93471 -36.8269 -0.417298 0.855661 -0.306115
-44.0694 9.25706 -36.5759 -0.410688 0.858512 -0.307069
-43.635 9.5549 -36.3241 -0.412586 0.858962 -0.30324
-43.194 9.86712 -36.0398 -0.413658 0.859724 -0.299602
-42.7882 10.1429 -35.809 -0.414328 0.859521 -0.299258
-42.3902 10.4129 -35.5831 -0.409395 0.859985 -0.304665
-41.9892 10.686 -35.3519 -0.407916 0.858939 -0.309562
-41.5785 10.9753 -35.1024 -0.413835 0.854073 -0.315119
-41.1818 11.2702 -34.8399 -0.413076 0.847157 -0.334205
-40.7126 11.6074 -34.566 -0.410296 0.84898 -0.332972
-40.3245 11.8767 -34.3596 -0.413891 0.846181 -0.33565
-39.9303 12.1594 -34.126 -0.408587 0.84739 -0.339096
-39.5467 12.4416 -33.8852 -0.412008 0.847514 -0.334618
-39.1473 12.7332 -33.6309 -0.407472 0.847381 -0.340443
-38.7546 13.0166 -33.3905 -0.397015 0.852384 -0.340293
-38.375 13.2763 -33.1903 -0.40163 0.849885 -0.341136
-37.955 13.5683 -32.952 -0.400266 0.852128 -0.33714
-37.5547 13.8505 -32.714 -0.401554 0.851892 -0.336205
-37.1761 14.109 -32.5127 -0.406272 0.850406 -0.334295
-36.711 14.4293 -32.264 -0.403346 0.84994 -0.338989
-36.2911 14.729 -32.0191 -0.403793 0.846133 -0.347847
-35.782 15.0911 -31.7264 -0.392436 0.849064 -0.353673
-35.3218 15.4019 -31.4883 -0.388688 0.850395 -0.354612
-34.8548 15.658 -31.3835 -0.386453 0.851478 -0.354455
-34.3276 15.8267 -31.5531 -0.386498 0.851289 -0.35486
-33.8267 15.9223 -31.8703 -0.386967 0.850746 -0.355652
-33.4144 15.9803 -32.1789 -0.385559 0.851094 -0.356346
-32.8932 16.0338 -32.5963 -0.367437 0.854273 -0.367663
-32.5009 16.0457 -32.9499 -0.359252 0.853744 -0.376907
-32.2098 15.9803 -33.3701 -0.354772 0.852084 -0.384824
-31.9571 15.8385 -33.9212 -0.351547 0.855629 -0.379887
-31.7298 15.6978 -34.4473 -0.346457 0.858867 -0.377247
-31.5292 15.5834 -34.8918 -0.346302 0.85886 -0.377404
-31.3144 15.4743 -35.3382 -0.345234 0.85962 -0.376652
-31.0155 15.3411 -35.9143 -0.341809 0.859994 -0.378912
-30.766 15.2373 -36.371 -0.33767 0.85915 -0.384499
-30.4856 15.1248 -36.8658 -0.335453 0.858877 -0.387042
-30.1891 15.0141 -37.3655 -0.334113 0.858617 -0.388773
-29.9217 14.9242 -37.7938 -0.334216 0.858553 -0.388828
-29.5835 14.8278 -38.2969 -0.331634 0.858404 -0.391347
-29.2069 14.7378 -38.8002 -0.317158 0.857581 -0.404928
-28.8456 14.6743 -39.2115 -0.306717 0.861046 -0.405617
-28.4509 14.6206 -39.6071 -0.291823 0.860697 -0.417179
-28.0679 14.5862 -39.9433 -0.288473 0.861496 -0.41786
-27.6342 14.558 -40.3008 -0.285334 0.862145 -0.418675
-27.1921 14.539 -40.6398 -0.282878 0.85933 -0.426008
-26.7233 14.5305 -40.96 -0.277443 0.857367 -0.433525
-26.2047 14.5391 -41.2629 -0.260515 0.854535 -0.449335
-25.6631 14.5524 -41.5521 -0.262805 0.849686 -0.45713
-25.1865 14.5739 -41.7814 -0.257112 0.850126 -0.459541
-24.7211 14.6049 -41.9833 -0.255977 0.850197 -0.460045
-24.2363 14.6463 -42.1766 -0.255804 0.850136 -0.460252
-23.6486 14.7129 -42.3794 -0.253938 0.850372 -0.46085
-23.1669 14.7732 -42.5277 -0.243142 0.851223 -0.465081
-22.4925 14.8666 -42.706 -0.234384 0.848888 -0.47373
-21.998 14.9347 -42.8267 -0.232975 0.844643 -0.481976
-21.345 15.0198 -42.9931 -0.23035 0.84156 -0.488586
-20.8113 15.0876 -43.1214 -0.218137 0.842176 -0.493109
-20.3174 15.1472 -43.2344 -0.211621 0.842444 -0.495484
-19.8303 15.2138 -43.3258 -0.206601 0.84481 -0.493568
-19.2118 15.2994 -43.4305 -0.194849 0.848226 -0.49249
-18.7024 15.3803 -43.4868 -0.184531 0.845882 -0.500431
-18.1228 15.4678 -43.5469 -0.177956 0.846698 -0.50143
-17.5132 15.5663 -43.5951 -0.175771 0.845499 -0.504217
-16.9737 15.6633 -43.6202 -0.175341 0.845603 -0.504193
-16.455 15.7704 -43.616 -0.169852 0.846324 -0.504862
-15.8276 15.9095 -43.5872 -0.152075 0.849395 -0.505372
-15.2953 16.0149 -43.5657 -0.143437 0.847718 -0.510686
-14.8051 16.1189 -43.5286 -0.138693 0.84607 -0.514713
-14.1727 16.2345 -43.5043 -0.133935 0.844875 -0.517923
-13.6123 16.3361 -43.4852 -0.1375 0.842778 -0.520402
-12.9509 16.4401 -43.4937 -0.139995 0.841977 -0.521034
-12.2951 16.4699 -43.6204 -0.135754 0.841969 -0.522161
-11.6918 16.4189 -43.8508 -0.120438 0.841542 -0.526595
-11.1225 16.3479 -44.0903 -0.115156 0.841506 -0.527832
-10.5812 16.2413 -44.3755 -0.112618 0.841539 -0.528326
-10.2001 16.0918 -44.6955 -0.112994 0.841841 -0.527765
-9.82776 15.8623 -45.1424 -0.11249 0.843116 -0.525834
-9.64412 15.6336 -45.549 -0.112826 0.843889 -0.52452
-9.58797 15.3721 -45.9814 -0.108672 0.8431 -0.526661
-9.56831 15.0943 -46.4294 -0.10662 0.843831 -0.525909
-9.55774 14.8166 -46.8755 -0.101754 0.842926 -0.528319
-9.55037 14.5355 -47.324 -0.0991333 0.841891 -0.530464
-9.54675 14.2535 -47.7722 -0.0990101 0.841979 -0.530347
-9.5465 13.9797 -48.2069 -0.0986589 0.842851 -0.529024
-9.55293 13.6061 -48.8039 -0.0986694 0.844721 -0.526033
-9.55609 13.3125 -49.2776 -0.0990826 0.84705 -0.522196
-9.55455 12.9681 -49.8391 -0.0983971 0.848368 -0.520183
-9.55929 12.6376 -50.3783 -0.0931541 0.849572 -0.519181
-9.55833 12.371 -50.8137 -0.0928752 0.849796 -0.518865
-9.5612 12.06 -51.3246 -0.0819868 0.851371 -0.518118
-9.56579 11.7959 -51.7589 -0.0702813 0.852928 -0.51724
-9.57656 11.4959 -52.2573 -0.0635346 0.853296 -0.51754
-9.58176 11.1852 -52.7688 -0.0635382 0.852772 -0.518402
-9.59545 10.8888 -53.253 -0.0631119 0.851607 -0.520367
-9.59283 10.6262 -53.683 -0.0644367 0.851295 -0.520715
-9.57147 10.3577 -54.1242 -0.0648564 0.85085 -0.521391
-9.56836 10.0476 -54.6305 -0.0646494 0.850702 -0.521658
-9.56001 9.69018 -55.2152 -0.063496 0.851354 -0.520734
-9.53486 9.37214 -55.7388 -0.0629553 0.851566 -0.520453
-9.54166 9.09477 -56.1911 -0.0590463 0.850195 -0.523146
-9.52056 8.79754 -56.6827 -0.0509794 0.8528 -0.519703
-9.55277 8.44058 -57.2563 -0.0521071 0.849087 -0.525677
-9.60422 8.175 -57.6831 -0.0464084 0.850173 -0.524454
-9.63684 7.90014 -58.126 -0.0463737 0.850748 -0.523524
-9.66668 7.60881 -58.5989 -0.0449381 0.852894 -0.520147
-9.67972 7.3456 -59.0263 -0.0429726 0.851029 -0.523358
-9.68318 7.04113 -59.5241 -0.0437735 0.853107 -0.519887
-9.6859 6.7162 -60.0572 -0.0415752 0.856475 -0.514511
-9.66857 6.3617 -60.6444 -0.0351792 0.853658 -0.519644
-9.66169 6.02165 -61.1992 -0.0373599 0.847189 -0.529976
-9.91016 5.79386 -61.5496 -0.041933 0.84993 -0.525177
-10.5098 5.77528 -61.5191 -0.0636102 0.846208 -0.528999
-11.1624 5.74955 -61.4744 -0.0739364 0.845221 -0.529278
-11.6772 5.74273 -61.4128 -0.0693095 0.840019 -0.538111
-12.2371 5.73939 -61.3332 -0.0814536 0.839245 -0.537588
-12.8466 5.74237 -61.2317 -0.087861 0.836515 -0.540854
-13.5163 5.75191 -61.1075 -0.0883668 0.837666 -0.538987
-14.1011 5.74888 -61.0175 -0.0873592 0.837767 -0.538993
-14.6232 5.75307 -60.9236 -0.095311 0.837655 -0.537819
-15.1696 5.75506 -60.8268 -0.0921926 0.83657 -0.540041
-15.6646 5.74725 -60.7404 -0.104009 0.839285 -0.533651
-16.3565 5.73312 -60.6203 -0.119415 0.839483 -0.530103
-16.9032 5.72295 -60.5107 -0.125172 0.840234 -0.52757
-17.5158 5.71173 -60.3737 -0.135489 0.841158 -0.523541
-18.191 5.71584 -60.1902 -0.136739 0.842536 -0.520993
-18.7453 5.71151 -60.0517 -0.13542 0.843124 -0.520387
-19.2393 5.70324 -59.9394 -0.129487 0.847093 -0.515429
-19.7201 5.71391 -59.8015 -0.127592 0.848258 -0.513977
-20.2062 5.73295 -59.6427 -0.138369 0.847721 -0.512078
-20.7658 5.74724 -59.4627 -0.144724 0.851842 -0.503409
-21.2878 5.75828 -59.2906 -0.151487 0.851901 -0.501315
-21.7622 5.7672 -59.1301 -0.15524 0.852537 -0.49908
-22.3189 5.77731 -58.9329 -0.164323 0.852362 -0.496464
-22.8217 5.78205 -58.7528 -0.17345 0.850621 -0.496345
-23.352 5.78331 -58.5645 -0.182281 0.844734 -0.503187
-23.8337 5.7759 -58.4027 -0.181818 0.84473 -0.503362
-24.5118 5.76141 -58.1769 -0.192947 0.835438 -0.514601
-25.0242 5.7559 -57.9872 -0.200862 0.83352 -0.514679
-25.6384 5.7617 -57.739 -0.201697 0.832297 -0.516333
-26.1225 5.76802 -57.5395 -0.202993 0.831385 -0.517294
-26.5832 5.78505 -57.3291 -0.206828 0.830853 -0.516629
-27.0636 5.78946 -57.1294 -0.209812 0.830475 -0.516026
-27.5228 5.79247 -56.9218 -0.221426 0.839229 -0.496633
-28.0961 5.80041 -56.6513 -0.226342 0.843196 -0.487615
-28.5972 5.79488 -56.4213 -0.23687 0.84304 -0.482882
-29.0624 5.78335 -56.2132 -0.241537 0.846186 -0.474908
-29.5928 5.78403 -55.9265 -0.253117 0.845718 -0.46978
-30.0346 5.78721 -55.6758 -0.262736 0.844259 -0.467116
-30.4825 5.77812 -55.4408 -0.259197 0.849159 -0.460159
-30.9599 5.78036 -55.1658 -0.263818 0.846517 -0.462394
-31.4527 5.79219 -54.8642 -0.264454 0.84449 -0.465725
-31.9387 5.8003 -54.5691 -0.269881 0.844106 -0.463303
-32.4443 5.81367 -54.2505 -0.268904 0.844563 -0.463037
-32.9874 5.81038 -53.9375 -0.272402 0.846665 -0.457116
-33.4162 5.81752 -53.6633 -0.2831 0.841825 -0.459549
-33.873 5.82562 -53.3558 -0.294549 0.84378 -0.448639
-34.337 5.82957 -53.0378 -0.299733 0.844922 -0.443021
-34.8112 5.83545 -52.7038 -0.301738 0.842392 -0.446463
-35.2332 5.83947 -52.4099 -0.30585 0.840014 -0.448144
-35.6715 5.82232 -52.1435 -0.304855 0.839231 -0.450284
-36.2743 5.80243 -51.7713 -0.305595 0.840346 -0.447694
-36.6842 5.80542 -51.4849 -0.30672 0.840638 -0.446375
-37.1348 5.82238 -51.1411 -0.311086 0.839921 -0.444694
-37.5946 5.8252 -50.8098 -0.31439 0.83776 -0.446446
-38.1239 5.82766 -50.4242 -0.326295 0.833254 -0.446339
-38.5471 5.82973 -50.1144 -0.320765 0.835113 -0.446873
-38.9571 5.82535 -49.825 -0.326825 0.834599 -0.44343
-39.4082 5.83812 -49.4672 -0.332507 0.83237 -0.443394
-39.824 5.84658 -49.1247 -0.344118 0.83484 -0.42968
-40.2345 5.84555 -48.7921 -0.354353 0.832201 -0.426469
-40.7504 5.84471 -48.3553 -0.364186 0.830903 -0.420676
-41.1605 5.84341 -48 -0.367376 0.831717 -0.416268
-41.5338 5.84642 -47.6572 -0.375888 0.832895 -0.406184
-41.9217 5.86201 -47.2585 -0.381237 0.83427 -0.398311
-42.3059 5.86214 -46.8926 -0.375826 0.837863 -0.395905
-42.6713 5.86196 -46.5504 -0.370384 0.838073 -0.400561
-43.1353 5.87151 -46.1008 -0.375411 0.834027 -0.404308
-43.5275 5.87279 -45.7272 -0.376656 0.836877 -0.397194
-43.9334 5.86802 -45.3407 -0.402586 0.827893 -0.390534
-44.35 5.86011 -44.9222 -0.396699 0.838245 -0.374133
-44.7949 5.85181 -44.4601 -0.401508 0.839279 -0.366606
-45.2654 5.84258 -43.9459 -0.413029 0.839118 -0.353961
-45.5988 5.83806 -43.5608 -0.417256 0.839952 -0.346955
-46.0003 5.83095 -43.0922 -0.416628 0.840772 -0.345715
-46.3595 5.82444 -42.6784 -0.416231 0.840078 -0.34788
-46.7707 5.80634 -42.2333 -0.412252 0.842459 -0.346859
-47.1691 5.78655 -41.8056 -0.41518 0.839699 -0.350044
-47.5139 5.7892 -41.3731 -0.426025 0.8379 -0.341207
-47.8518 5.78972 -40.9567 -0.429091 0.835453 -0.343328
-48.1756 5.78372 -40.5572 -0.439293 0.834342 -0.333
-48.5216 5.78005 -40.0967 -0.45146 0.833067 -0.31966
-48.8774 5.78117 -39.5899 -0.451012 0.833869 -0.318198
-48.8967 5.78907 -39.5417 -0.452061 0.833857 -0.316734
-52.961 2.09273 -42.7842 -0.500011 0.783865 -0.368154
-53.2991 2.09082 -42.3252 -0.507583 0.783651 -0.358121
-53.6675 2.09312 -41.7725 -0.519116 0.781855 -0.34525
-53.9622 2.08113 -41.3581 -0.516477 0.785819 -0.340206
-54.3464 2.08289 -40.7621 -0.527752 0.78035 -0.335459
-54.7058 2.09049 -40.1742 -0.526018 0.78304 -0.331893
-54.9835 2.09155 -39.7103 -0.534345 0.783966 -0.316027
-55.2287 2.09788 -39.269 -0.548268 0.78074 -0.299745
-55.4769 2.09857 -38.8097 -0.551596 0.776669 -0.304184
-55.7335 2.09975 -38.3306 -0.557998 0.777667 -0.289507
-56.0569 2.09356 -37.7233 -0.560355 0.775266 -0.291487
-56.2981 2.09598 -37.2353 -0.566447 0.775326 -0.279293
-56.5 2.11649 -36.7681 -0.568633 0.772941 -0.281459
-56.3677 2.36186 -36.3552 -0.564943 0.778723 -0.272801
-56.0282 2.67548 -36.1582 -0.554523 0.78573 -0.273916
-55.6825 2.99378 -35.9309 -0.542904 0.791204 -0.281395
-55.2956 3.34011 -35.6781 -0.527145 0.805184 -0.271654
-54.9489 3.6412 -35.459 -0.522506 0.807788 -0.272824
-54.5824 3.95252 -35.2396 -0.516512 0.808798 -0.281125
-54.138 4.32244 -34.9871 -0.511014 0.810547 -0.286142
-53.7295 4.65874 -34.7587 -0.50382 0.816087 -0.283128
-53.3364 4.9676 -34.5548 -0.494561 0.823193 -0.278861
-52.9689 5.25085 -34.3655 -0.487951 0.826751 -0.279978
-52.5432 5.58245 -34.1269 -0.486775 0.827548 -0.279667
-52.1129 5.91826 -33.877 -0.482915 0.8301 -0.278796
-51.7422 6.20435 -33.6657 -0.478354 0.832293 -0.280115
-51.3696 6.49318 -33.4408 -0.475557 0.834138 -0.279391
-50.8735 6.86928 -33.157 -0.473033 0.835611 -0.279273
-50.4937 7.15074 -32.9567 -0.470136 0.837349 -0.278951
-49.9952 7.5237 -32.666 -0.465246 0.841175 -0.275629
-49.6311 7.79628 -32.4482 -0.462051 0.84208 -0.278225
-49.2436 8.08039 -32.2287 -0.459231 0.84328 -0.279259
-48.8391 8.37664 -31.9957 -0.455555 0.845229 -0.279386
-48.4538 8.66047 -31.7636 -0.45392 0.845572 -0.281005
-48.0821 8.9273 -31.5595 -0.451984 0.846543 -0.281203
-47.6975 9.2009 -31.3523 -0.450025 0.847574 -0.281241
-47.2473 9.52654 -31.0918 -0.448887 0.847671 -0.282761
-46.8621 9.8024 -30.875 -0.449054 0.846983 -0.284543
-46.4858 10.0789 -30.655 -0.453716 0.84297 -0.289038
-46.077 10.3801 -30.4134 -0.449652 0.843678 -0.293292
-45.708 10.6534 -30.1964 -0.451476 0.842266 -0.294548
-45.2843 10.9687 -29.9414 -0.447845 0.841731 -0.301535
-44.793 11.3456 -29.624 -0.449328 0.839523 -0.305459
-44.3561 11.6747 -29.3623 -0.448812 0.83936 -0.306663
-43.9075 12.0077 -29.1076 -0.44746 0.839019 -0.309559
-43.4788 12.3237 -28.8696 -0.447049 0.838546 -0.311428
-43.0428 12.6467 -28.6268 -0.446885 0.838583 -0.311564
-42.6629 12.9339 -28.3975 -0.444293 0.839436 -0.312972
-42.2335 13.2598 -28.1331 -0.446158 0.838339 -0.313259
-41.8462 13.5429 -27.9279 -0.44717 0.837486 -0.314094
-41.4606 13.8256 -27.7249 -0.447283 0.836845 -0.315637
-41.0942 14.1018 -27.5107 -0.446591 0.836929 -0.316397
-40.6593 14.4348 -27.2413 -0.441982 0.837664 -0.320879
-40.2248 14.7628 -26.9801 -0.439175 0.837808 -0.32435
-39.7526 15.1145 -26.7095 -0.437768 0.837559 -0.326886
-39.3866 15.3868 -26.4991 -0.435254 0.838412 -0.328053
-39.0084 15.6609 -26.3009 -0.435222 0.838315 -0.328344
-38.6358 15.9509 -26.0534 -0.4345 0.838729 -0.328242
-38.1721 16.3113 -25.7449 -0.433108 0.839708 -0.327579
-37.6497 16.6885 -25.455 -0.423519 0.845109 -0.326219
-37.2082 17.0028 -25.209 -0.421313 0.845691 -0.327567
-36.6933 17.3298 -25.0328 -0.424363 0.843155 -0.33016
-36.0401 17.6281 -25.1062 -0.420001 0.84313 -0.335746
-35.5676 17.8133 -25.2296 -0.418679 0.842259 -0.339563
-35.0727 18.0001 -25.3735 -0.416723 0.84267 -0.340944
-34.5529 18.1935 -25.5294 -0.41145 0.843412 -0.345494
-34.0129 18.3981 -25.6846 -0.419343 0.838866 -0.347065
-33.5072 18.5903 -25.8242 -0.417588 0.839146 -0.3485
-33.0497 18.7688 -25.9417 -0.414738 0.840831 -0.347844
-32.5981 18.9258 -26.0997 -0.414038 0.840115 -0.350399
-32.0619 19.0615 -26.3929 -0.403724 0.842198 -0.357351
-31.636 19.1322 -26.6986 -0.39859 0.843256 -0.360617
-31.1155 19.2022 -27.1029 -0.393814 0.843901 -0.364338
-30.5273 19.2736 -27.5724 -0.393062 0.844707 -0.36328
-30.1259 19.3097 -27.9198 -0.391202 0.843929 -0.367076
-29.7428 19.3393 -28.2559 -0.388149 0.843873 -0.37043
-29.3439 19.3819 -28.5667 -0.379146 0.84412 -0.379084
-28.8894 19.4374 -28.8923 -0.376102 0.843118 -0.384316
-28.3486 19.5065 -29.268 -0.375075 0.842607 -0.386435
-27.9139 19.575 -29.5408 -0.375237 0.842645 -0.386196
-27.6034 19.5063 -29.9863 -0.373492 0.840014 -0.393549
-27.4127 19.3609 -30.4723 -0.365858 0.841925 -0.396622
-27.1975 19.2182 -30.9655 -0.358926 0.84169 -0.403397
-26.9797 19.0823 -31.4417 -0.358645 0.841275 -0.404512
-26.7532 18.941 -31.9354 -0.357092 0.842019 -0.404338
-26.5367 18.8074 -32.4059 -0.357638 0.841533 -0.404866
-26.326 18.6704 -32.8766 -0.35637 0.842439 -0.404101
-26.0861 18.5183 -33.4051 -0.349231 0.844149 -0.406755
-25.8496 18.381 -33.888 -0.34026 0.841579 -0.419485
-25.6066 18.2285 -34.382 -0.334959 0.837374 -0.431981
-25.3361 18.1038 -34.829 -0.314532 0.846013 -0.430501
-25.0012 17.9649 -35.3481 -0.313722 0.847251 -0.428654
-24.5731 17.8558 -35.8748 -0.314487 0.845674 -0.4312
-24.1643 17.8173 -36.2432 -0.312702 0.84403 -0.435695
-23.6526 17.8253 -36.5905 -0.305192 0.842686 -0.443504
-23.1224 17.8775 -36.8458 -0.295898 0.842886 -0.449431
-22.629 17.9452 -37.0323 -0.27967 0.846084 -0.453792
-22.0559 18.0305 -37.2151 -0.269788 0.844199 -0.463187
-21.5522 18.112 -37.36 -0.26997 0.844188 -0.463102
-21.0517 18.2014 -37.4855 -0.265972 0.842071 -0.469226
-20.4782 18.2972 -37.6358 -0.258875 0.841792 -0.473676
-19.9159 18.3829 -37.7899 -0.255824 0.840195 -0.478148
-19.267 18.4782 -37.959 -0.235563 0.843327 -0.482907
-18.5636 18.5914 -38.0918 -0.221231 0.838102 -0.49864
-18.0749 18.6865 -38.1414 -0.203526 0.836633 -0.50855
-17.5308 18.7884 -38.1849 -0.185719 0.838491 -0.51229
-17.0363 18.8897 -38.1946 -0.175747 0.840973 -0.51174
-16.4178 19.0345 -38.1665 -0.172862 0.842129 -0.51082
-15.881 19.1715 -38.122 -0.172247 0.84239 -0.510598
-15.3247 19.3028 -38.0911 -0.170109 0.843805 -0.508975
-14.8113 19.4105 -38.0806 -0.164759 0.844994 -0.508762
-14.2687 19.5188 -38.0765 -0.164672 0.844882 -0.508977
-13.7734 19.6123 -38.0802 -0.163663 0.842732 -0.512842
-13.224 19.7209 -38.0758 -0.160397 0.842844 -0.5137
-12.7269 19.8242 -38.0597 -0.158162 0.839609 -0.519655
-12.143 19.941 -38.0456 -0.151792 0.83889 -0.522691
-11.6063 20.0332 -38.0531 -0.151705 0.835874 -0.527541
-11.0084 20.0525 -38.1932 -0.150183 0.835535 -0.528513
-10.4846 19.9743 -38.4642 -0.146648 0.8351 -0.530183
-10.0159 19.8909 -38.7251 -0.140944 0.837172 -0.528451
-9.53963 19.8205 -38.9589 -0.136794 0.83675 -0.530224
-8.98195 19.755 -39.205 -0.134399 0.835771 -0.532376
-8.39798 19.6894 -39.4553 -0.132403 0.837352 -0.530388
-7.88015 19.6473 -39.6518 -0.133219 0.837842 -0.529408
-7.26761 19.5788 -39.9094 -0.124586 0.837644 -0.531814
-6.71441 19.4971 -40.1644 -0.11988 0.836662 -0.534439
-6.28858 19.3334 -40.512 -0.117434 0.834107 -0.538958
-5.90591 19.0861 -40.9767 -0.116765 0.831691 -0.542822
-5.56663 18.8693 -41.3786 -0.110754 0.830974 -0.545172
-5.25409 18.6744 -41.7367 -0.109785 0.82965 -0.547383
-4.91597 18.4821 -42.0934 -0.101856 0.830148 -0.548161
-4.57175 18.2945 -42.4411 -0.0982096 0.830674 -0.548028
-4.13821 18.0927 -42.823 -0.0977009 0.82979 -0.549457
-3.65089 17.9131 -43.1792 -0.0950669 0.829939 -0.549694
-3.30386 17.7072 -43.5492 -0.091154 0.830612 -0.54934
-3.25309 17.3974 -44.025 -0.0913852 0.829481 -0.551008
-3.24998 17.1155 -44.4517 -0.0893149 0.830898 -0.54921
-3.25597 16.786 -44.9512 -0.0881512 0.833494 -0.545451
-3.27534 16.4671 -45.4339 -0.087409 0.833021 -0.546292
-3.27528 16.1865 -45.8604 -0.0842722 0.833268 -0.546405
-3.24775 15.8876 -46.3157 -0.0793448 0.829972 -0.552133
-3.2448 15.5481 -46.8254 -0.0774174 0.828351 -0.554835
-3.27183 15.2507 -47.2685 -0.0765126 0.830893 -0.551146
-3.25922 14.9683 -47.6972 -0.0760147 0.83203 -0.549498
-3.26564 14.6482 -48.1811 -0.0759571 0.83213 -0.549355
-3.27021 14.3013 -48.7059 -0.0748506 0.831862 -0.549913
-3.26178 14.0152 -49.1396 -0.0750237 0.831145 -0.550972
-3.26701 13.7112 -49.5978 -0.0660054 0.833763 -0.548163
-3.27182 13.398 -50.0725 -0.0608364 0.832838 -0.550164
-3.27056 13.122 -50.4909 -0.0539462 0.833388 -0.550049
-3.25769 12.8263 -50.9412 -0.0489396 0.834985 -0.548092
-3.2484 12.5185 -51.4097 -0.0483882 0.833895 -0.549798
-3.24474 12.2295 -51.8505 -0.0497443 0.835592 -0.547094
-3.26087 11.9473 -52.2785 -0.049567 0.834226 -0.549188
-3.26208 11.6556 -52.7225 -0.0441421 0.833884 -0.550169
-3.26349 11.2952 -53.2653 -0.0416665 0.833335 -0.551196
-3.26973 10.9908 -53.7259 -0.0404113 0.834089 -0.550147
-3.25387 10.6511 -54.2451 -0.0393327 0.836829 -0.546049
-3.23812 10.373 -54.6727 -0.035242 0.836065 -0.547494
-3.22469 10.0278 -55.202 -0.0337248 0.836895 -0.546323
-3.21642 9.66933 -55.749 -0.0297522 0.834921 -0.549562
-3.20763 9.39136 -56.1713 -0.0281829 0.83499 -0.549542
-3.19319 9.09983 -56.6171 -0.0245136 0.836248 -0.547801
-3.19099 8.82571 -57.0371 -0.0246305 0.837243 -0.546276
-3.19659 8.54266 -57.4694 -0.0234869 0.836402 -0.547613
-3.24121 8.21802 -57.9587 -0.0166015 0.834309 -0.551041
-3.28653 7.92546 -58.3987 -0.0145026 0.833882 -0.551751
-3.32955 7.59921 -58.8888 -0.0108642 0.832529 -0.553874
-3.34707 7.24372 -59.4251 -0.00714424 0.834499 -0.550962
-3.35875 6.86186 -60.0035 -0.00468034 0.833453 -0.55257
-3.35164 6.58248 -60.4224 0.000328152 0.82991 -0.557896
-3.3294 6.24209 -60.9285 0.00271147 0.828445 -0.560063
-3.30121 5.93281 -61.3849 0.0047956 0.827773 -0.561043
-3.27948 5.64578 -61.8079 0.00603441 0.82798 -0.560725
-3.25334 5.35138 -62.2408 0.0073167 0.826373 -0.563075
-3.27511 5.06637 -62.6587 0.00880726 0.822591 -0.568558
-3.25416 4.69021 -63.1976 0.0124616 0.818071 -0.574981
-3.25988 4.30879 -63.74 0.015061 0.816341 -0.577372
-3.27498 3.98318 -64.198 0.0159053 0.812804 -0.58232
-3.27582 3.67132 -64.632 0.0165342 0.811281 -0.584421
-3.27565 3.37279 -65.045 0.0154011 0.808957 -0.587662
-3.27876 3.03565 -65.5019 0.0142935 0.800265 -0.599476
-3.27638 2.67627 -65.9726 0.0203691 0.792057 -0.610107
-3.26065 2.36819 -66.3686 0.0319956 0.780518 -0.624314
-3.5111 2.10564 -66.7088 0.0343124 0.773499 -0.632862
-4.0781 2.09443 -66.7484 0.0287125 0.778899 -0.626492
-4.61566 2.0892 -66.7783 0.0269569 0.778256 -0.627368
-5.12491 2.09713 -66.7912 0.0223233 0.780682 -0.624511
-5.6264 2.08145 -66.827 0.0178968 0.779673 -0.625926
-6.14365 2.08083 -66.8406 0.0151736 0.779112 -0.6267
-6.68254 2.08206 -66.8502 0.00929308 0.779543 -0.626278
-7.28427 2.08778 -66.8465 0.00234623 0.775622 -0.63119
-7.89208 2.08186 -66.8514 -0.00462815 0.78635 -0.617764
-8.40314 2.08951 -66.8283 -0.0253672 0.782353 -0.622318
-8.97832 2.08859 -66.8016 -0.034529 0.786986 -0.616004
-9.52277 2.0825 -66.7746 -0.0482147 0.784359 -0.618431
-10.1972 2.09384 -66.7114 -0.0438289 0.785303 -0.617554
-10.7617 2.10104 -66.6627 -0.0505255 0.780952 -0.62251
-11.3078 2.0972 -66.6176 -0.0569256 0.781372 -0.621463
-11.8437 2.07456 -66.5967 -0.0617597 0.782265 -0.61986
-12.3506 2.08297 -66.5319 -0.0669178 0.784032 -0.617098
-12.8696 2.07548 -66.482 -0.0744854 0.785461 -0.614399
-13.4037 2.08694 -66.3976 -0.0824219 0.789856 -0.60772
-13.9529 2.10186 -66.3015 -0.0869922 0.788137 -0.609321
-14.4816 2.11647 -66.2039 -0.0916428 0.790151 -0.606022
-15.0587 2.12081 -66.1053 -0.100683 0.792181 -0.601924
-15.6872 2.11637 -66.0041 -0.109513 0.793466 -0.598681
-16.1864 2.10633 -65.9293 -0.110272 0.785187 -0.609361
-16.6807 2.0965 -65.85 -0.12347 0.782243 -0.610615
-17.2603 2.09521 -65.731 -0.133562 0.780011 -0.611314
-17.7538 2.11152 -65.6089 -0.129495 0.782581 -0.608897
-18.2553 2.10536 -65.507 -0.135556 0.773038 -0.619707
-18.7777 2.09915 -65.3909 -0.148871 0.771396 -0.618685
-19.31 2.09708 -65.2546 -0.156591 0.780628 -0.605059
-19.8739 2.09521 -65.1055 -0.16583 0.779291 -0.604321
-20.4084 2.08291 -64.976 -0.163535 0.780393 -0.603525
-20.9594 2.08197 -64.8267 -0.168476 0.787814 -0.592392
-21.4555 2.08058 -64.6804 -0.175791 0.784529 -0.594653
-21.9605 2.0868 -64.521 -0.180603 0.784475 -0.59328
-22.6013 2.08278 -64.3272 -0.187947 0.785701 -0.589359
-23.1623 2.09166 -64.1339 -0.187625 0.783218 -0.592761
-23.6901 2.10393 -63.9483 -0.191731 0.786079 -0.587638
-24.3505 2.12954 -63.6999 -0.191408 0.784124 -0.590349
-24.9605 2.14476 -63.4774 -0.204459 0.781124 -0.58995
-25.4587 2.1365 -63.3168 -0.201643 0.782308 -0.589351
-25.9559 2.12145 -63.1602 -0.215516 0.776026 -0.592736
-26.5121 2.09551 -62.984 -0.232083 0.773184 -0.59018
-26.9891 2.10052 -62.789 -0.242664 0.778801 -0.578431
-27.5512 2.10365 -62.549 -0.244317 0.77574 -0.581839
-28.1295 2.10699 -62.2971 -0.25124 0.777059 -0.577112
-28.6303 2.10609 -62.0792 -0.263257 0.776471 -0.572528
-29.1223 2.10788 -61.855 -0.257379 0.775687 -0.576251
-29.6037 2.10806 -61.6361 -0.265683 0.777593 -0.569856
-30.1216 2.09656 -61.4086 -0.264513 0.779781 -0.567427
-30.576 2.08933 -61.1975 -0.273208 0.780116 -0.562828
-31.0996 2.09058 -60.9385 -0.284169 0.778423 -0.559682
-31.6038 2.0957 -60.6767 -0.283381 0.775869 -0.563644
-32.1408 2.09896 -60.392 -0.291708 0.783557 -0.548579
-32.6363 2.09994 -60.1288 -0.287543 0.78109 -0.554272
-33.1769 2.10131 -59.8403 -0.294772 0.779075 -0.553252
-33.6508 2.09604 -59.587 -0.298913 0.780588 -0.54892
-34.0913 2.09653 -59.3429 -0.306271 0.776107 -0.551231
-34.5702 2.11281 -59.0584 -0.315871 0.772271 -0.551162
-35.0352 2.13001 -58.7617 -0.317028 0.775208 -0.546387
-35.5013 2.13577 -58.4758 -0.329237 0.778054 -0.535009
-35.9532 2.13322 -58.1984 -0.336148 0.777648 -0.531276
-36.446 2.1413 -57.8703 -0.344943 0.775767 -0.528374
-36.9156 2.1484 -57.5483 -0.348346 0.776408 -0.52521
-37.4039 2.15335 -57.213 -0.350602 0.778722 -0.520258
-37.9025 2.16614 -56.8532 -0.354389 0.774253 -0.524347
-38.3507 2.15544 -56.5641 -0.357247 0.775884 -0.519979
-38.8561 2.13892 -56.2428 -0.356104 0.774371 -0.52301
-39.2828 2.11776 -55.9745 -0.375249 0.767584 -0.519619
-39.7663 2.1065 -55.6419 -0.37581 0.767176 -0.519815
-40.2216 2.11859 -55.2903 -0.382017 0.769621 -0.511612
-40.6272 2.12946 -54.9707 -0.38315 0.771448 -0.507999
-41.0353 2.12587 -54.6678 -0.383158 0.772162 -0.506909
-41.5525 2.13793 -54.2511 -0.387742 0.776245 -0.49709
-42.0307 2.12094 -53.9102 -0.389073 0.771167 -0.503906
-42.4794 2.11676 -53.5622 -0.393131 0.77315 -0.497682
-42.8867 2.13222 -53.2132 -0.39453 0.774692 -0.494164
-43.3327 2.13074 -52.8572 -0.396186 0.776327 -0.490248
-43.7448 2.10924 -52.5467 -0.407959 0.773433 -0.485111
-44.2088 2.09758 -52.1672 -0.409355 0.774309 -0.48257
-44.6505 2.10221 -51.7767 -0.418891 0.770727 -0.480115
-45.1194 2.13009 -51.3188 -0.42506 0.768429 -0.478366
-45.5349 2.1386 -50.9201 -0.43291 0.772489 -0.464594
-46.0646 2.12134 -50.4548 -0.432015 0.773705 -0.4634
-46.5186 2.11467 -50.0414 -0.431276 0.774974 -0.46197
-46.8655 2.13802 -49.6782 -0.429947 0.779438 -0.455644
-47.2708 2.15379 -49.2593 -0.441277 0.771315 -0.458637
-47.6563 2.14691 -48.8947 -0.449443 0.769239 -0.454173
-48.0337 2.13913 -48.5235 -0.458844 0.769971 -0.443403
-48.4923 2.1542 -48.0274 -0.462105 0.769162 -0.441381
-48.8487 2.14832 -47.6638 -0.462156 0.775396 -0.430317
-49.3313 2.14196 -47.1521 -0.46582 0.777907 -0.421699
-49.7168 2.13244 -46.7302 -0.487412 0.769013 -0.413492
-50.0953 2.12219 -46.2961 -0.48145 0.776085 -0.407292
-50.4503 2.12172 -45.8739 -0.481135 0.778102 -0.403814
-50.8649 2.11708 -45.3935 -0.471982 0.78022 -0.410474
-51.2787 2.09843 -44.9459 -0.469505 0.786158 -0.401872
-51.6294 2.10357 -44.5043 -0.492649 0.775983 -0.393881
-51.971 2.10823 -44.0617 -0.486801 0.788377 -0.376142
-52.34 2.10282 -43.5904 -0.492225 0.784727 -0.376718
-52.6574 2.10013 -43.1823 -0.499459 0.777887 -0.381353
-52.8658 2.09586 -42.9079 -0.502145 0.783265 -0.366534
-43.1325 8.51001 -39.7163 -0.388011 0.859985 -0.33147
-42.6378 8.70038 -39.8025 -0.386024 0.859423 -0.335229
-42.1505 8.88523 -39.8866 -0.383726 0.859893 -0.336657
-41.6471 9.07411 -39.9739 -0.379494 0.861007 -0.338602
-41.073 9.28136 -40.0694 -0.367686 0.8616 -0.349932
-40.5247 9.47915 -40.1611 -0.371087 0.859785 -0.350806
-40.0367 9.65658 -40.2433 -0.372954 0.857904 -0.353421
-39.4912 9.85593 -40.3362 -0.373869 0.857364 -0.353765
-38.8716 10.0812 -40.4427 -0.371298 0.856432 -0.358696
-38.3835 10.2555 -40.5257 -0.363533 0.858438 -0.36184
-37.7644 10.4715 -40.6299 -0.35874 0.859734 -0.363543
-37.1187 10.6913 -40.735 -0.351094 0.857776 -0.375438
-36.4655 10.9117 -40.8426 -0.353853 0.855196 -0.378719
-35.9318 11.0933 -40.9315 -0.352683 0.854123 -0.382214
-35.4146 11.2692 -41.018 -0.355409 0.851378 -0.385798
-34.9004 11.4446 -41.1047 -0.355502 0.851352 -0.38577
-34.2249 11.6731 -41.2187 -0.349335 0.853914 -0.385741
-33.652 11.8628 -41.3147 -0.346513 0.855325 -0.38516
-33.0003 12.0717 -41.422 -0.333868 0.860475 -0.384856
-32.3258 12.2824 -41.5323 -0.330084 0.859067 -0.391213
-31.743 12.4596 -41.6253 -0.319914 0.85637 -0.405321
-31.2479 12.604 -41.7015 -0.30286 0.858148 -0.414558
-30.6841 12.7625 -41.7862 -0.303425 0.856327 -0.417897
-30.0111 12.9505 -41.8894 -0.304491 0.854054 -0.421755
-34.0386 14.064 -35.9418 -0.367093 0.852431 -0.372296
-34.5872 13.8704 -35.8397 -0.371624 0.8535 -0.365284
-35.1438 13.6684 -35.736 -0.379323 0.851922 -0.361031
-35.6596 13.4792 -35.6418 -0.379928 0.854853 -0.353384
-36.219 13.2724 -35.5394 -0.380499 0.855107 -0.352153
-39.6219 7.56326 -45.639 -0.342568 0.862676 -0.372073
-39.0852 7.74063 -45.7196 -0.339109 0.863658 -0.372962
-38.5441 7.91772 -45.801 -0.33977 0.862748 -0.374462
-38.0136 8.0898 -45.8798 -0.330711 0.864921 -0.377546
-37.5272 8.24612 -45.9519 -0.335342 0.85996 -0.384727
-37.0024 8.41573 -46.0308 -0.333713 0.856379 -0.394019
-36.4185 8.6057 -46.1199 -0.336502 0.853577 -0.39771
-35.9268 8.76232 -46.194 -0.327515 0.856406 -0.399127
-35.2699 8.96785 -46.2919 -0.324068 0.851931 -0.411331
-34.7732 9.12125 -46.3655 -0.323355 0.850084 -0.415691
-34.2983 9.26866 -46.437 -0.328848 0.847823 -0.416
-33.811 9.42055 -46.5112 -0.322879 0.848047 -0.420196
-33.3305 9.56424 -46.5819 -0.30408 0.854253 -0.421648
-32.7805 9.71363 -46.6559 -0.286692 0.854384 -0.4334
-32.2405 9.8574 -46.7279 -0.283526 0.852091 -0.439947
-31.6327 10.0086 -46.8045 -0.265872 0.856913 -0.441601
-31.0997 10.1389 -46.8709 -0.26253 0.858473 -0.440571
-30.551 10.2672 -46.9366 -0.252124 0.859644 -0.444349
-29.9282 10.4116 -47.0106 -0.250199 0.858826 -0.44701
-29.4242 10.5272 -47.0702 -0.250299 0.858001 -0.448536
-28.9392 10.6382 -47.1285 -0.249806 0.85775 -0.44929
-28.4528 10.7482 -47.187 -0.245965 0.858468 -0.450038
-27.9555 10.8586 -47.2459 -0.243523 0.856234 -0.455586
-27.3991 10.9801 -47.3115 -0.239322 0.857023 -0.456329
-26.7973 11.1096 -47.3818 -0.237239 0.857184 -0.457115
-26.1865 11.2403 -47.4534 -0.236819 0.857316 -0.457084
-25.6873 11.3467 -47.5125 -0.236211 0.857325 -0.457381
-25.1362 11.4631 -47.5777 -0.234245 0.856513 -0.459908
-24.6063 11.5743 -47.6397 -0.226056 0.855236 -0.466336
-23.9974 11.6964 -47.7086 -0.223569 0.852489 -0.472524
-23.3773 11.8167 -47.7774 -0.21329 0.853981 -0.474578
-22.8825 11.9109 -47.8316 -0.214936 0.853738 -0.474273
-22.2551 12.0298 -47.9007 -0.212622 0.852782 -0.477028
-21.7279 12.1267 -47.9572 -0.207174 0.853791 -0.477618
-21.1625 12.2283 -48.0176 -0.188387 0.85621 -0.481056
-20.6373 12.3107 -48.0675 -0.181452 0.849375 -0.495618
-20.1385 12.3852 -48.1131 -0.169178 0.851635 -0.496081
-19.6197 12.4609 -48.1601 -0.169451 0.851964 -0.495423
-19.0815 12.5395 -48.2087 -0.168939 0.852096 -0.49537
-18.453 12.6289 -48.2626 -0.159131 0.852204 -0.498424
-17.8596 12.7084 -48.311 -0.149997 0.849204 -0.506314
-17.2048 12.7924 -48.3625 -0.147262 0.848603 -0.508121
-16.6038 12.8683 -48.41 -0.147163 0.847874 -0.509365
-15.9441 12.9518 -48.4628 -0.14754 0.84867 -0.507928
-15.4463 13.0142 -48.5022 -0.141861 0.849276 -0.508533
-14.9285 13.0756 -48.5412 -0.135743 0.849122 -0.510457
-14.3639 13.14 -48.5823 -0.129613 0.848473 -0.513121
-13.7107 13.209 -48.6262 -0.116508 0.850593 -0.512754
-13.1948 13.2576 -48.6576 -0.1051 0.855398 -0.507196
-12.6905 13.3016 -48.6866 -0.10375 0.855412 -0.507451
-12.7448 10.4569 -53.4277 -0.109846 0.85079 -0.513897
-13.2503 10.4089 -53.3998 -0.10368 0.855436 -0.507425
-13.7538 10.3628 -53.3727 -0.107126 0.855288 -0.506957
-14.4223 10.3032 -53.3377 -0.103005 0.860159 -0.499516
-14.9639 10.2538 -53.3094 -0.103163 0.863072 -0.494434
-15.4958 10.2037 -53.2806 -0.109914 0.863888 -0.491546
-16.0709 10.1452 -53.2482 -0.114772 0.865614 -0.48738
-16.5854 10.0926 -53.2192 -0.116816 0.86857 -0.481601
-17.1514 10.0326 -53.1856 -0.123905 0.867961 -0.480928
-17.6932 9.96948 -53.1511 -0.138057 0.866996 -0.478809
-18.2655 9.8958 -53.1113 -0.148511 0.864949 -0.479383
-18.8128 9.82384 -53.0715 -0.150436 0.862726 -0.482775
-19.3631 9.75077 -53.0298 -0.151907 0.862381 -0.482932
-19.9138 9.67697 -52.9883 -0.152022 0.862185 -0.483246
-20.4592 9.60034 -52.9472 -0.15649 0.864278 -0.478053
-20.9803 9.5231 -52.906 -0.169303 0.862017 -0.477769
-21.4761 9.44565 -52.8643 -0.175435 0.862162 -0.475289
-22.1596 9.33201 -52.804 -0.184799 0.864919 -0.466652
-22.8204 9.22089 -52.7465 -0.186531 0.865901 -0.464135
-23.3957 9.12391 -52.6958 -0.187326 0.866028 -0.463579
-23.8963 9.03921 -52.6513 -0.188127 0.866091 -0.463136
-24.4692 8.94078 -52.6 -0.19901 0.866219 -0.458324
-25.1052 8.82536 -52.541 -0.202835 0.868165 -0.452932
-25.7489 8.70478 -52.4809 -0.209589 0.871707 -0.442945
-26.2418 8.60883 -52.4325 -0.216457 0.868316 -0.446288
-26.801 8.49712 -52.3759 -0.222539 0.865334 -0.44908
-27.449 8.36498 -52.3099 -0.225085 0.864681 -0.44907
-27.978 8.25162 -52.2535 -0.232658 0.861057 -0.452162
-28.529 8.13241 -52.1949 -0.241154 0.861203 -0.447409
-29.0471 8.01431 -52.1369 -0.244859 0.862655 -0.442572
-29.5423 7.89914 -52.0807 -0.253921 0.859738 -0.443142
-30.0848 7.76793 -52.0174 -0.26173 0.858087 -0.441796
-30.6228 7.63693 -51.9546 -0.263139 0.854468 -0.447931
-31.0614 7.52753 -51.9027 -0.267305 0.853184 -0.447913
-15.3108 7.43923 -58.0738 -0.110278 0.847464 -0.519272
-14.7925 7.48611 -58.0972 -0.0976622 0.850417 -0.516966
-14.199 7.53779 -58.1219 -0.0951258 0.851398 -0.515823
-13.5806 7.5896 -58.1484 -0.0904701 0.849687 -0.519467
-13.0723 7.62839 -58.1689 -0.0838854 0.849627 -0.52067
-13.0171 7.63257 -58.171 -0.0824407 0.848445 -0.522823
-12.8769 7.6426 -58.1762 -0.079891 0.847898 -0.524105
