-50.798 5.42762 -39.5068 -0.46801 0.82788 -0.309164
-50.4136 5.72073 -39.3065 -0.466925 0.827124 -0.312805
-50.1791 5.70662 -39.6912 -0.460041 0.830133 -0.315005
-50.0242 5.58988 -40.2305 -0.460132 0.829904 -0.315496
-49.8967 5.47699 -40.7084 -0.458311 0.828266 -0.322377
-49.5894 5.47382 -41.1412 -0.452147 0.827759 -0.332213
-49.9787 5.4174 -40.7441 -0.461736 0.825371 -0.324903
-50.3205 5.38373 -40.3378 -0.465254 0.825913 -0.318443
-50.6947 5.37212 -39.811 -0.466972 0.82819 -0.309901
-50.7873 5.4138 -39.56 -0.46765 0.827945 -0.309531
-54.6693 1.96858 -42.1506 -0.528337 0.773534 -0.350003
-54.3764 1.96318 -42.6018 -0.522582 0.77324 -0.359146
-54.0139 1.94428 -43.1435 -0.50856 0.774653 -0.375867
-53.643 1.94461 -43.642 -0.506095 0.772842 -0.382853
-53.278 1.94602 -44.1185 -0.502323 0.774719 -0.384031
-52.8665 1.96493 -44.6118 -0.506628 0.767317 -0.393131
-52.4671 1.96044 -45.1301 -0.505205 0.765827 -0.397841
-52.1278 1.96631 -45.545 -0.506396 0.762542 -0.402609
-51.7992 1.96792 -45.9481 -0.497621 0.765343 -0.408195
-51.4633 1.96999 -46.3468 -0.496058 0.761745 -0.416738
-51.1251 1.97812 -46.7279 -0.488043 0.762824 -0.424162
-50.6978 1.99101 -47.1944 -0.488226 0.759042 -0.430686
-50.3554 1.99487 -47.5727 -0.485375 0.758622 -0.434626
-49.9287 2.00324 -48.0229 -0.467167 0.768099 -0.437925
-49.5074 2.01318 -48.4546 -0.470071 0.763939 -0.442074
-49.0607 1.99933 -48.9488 -0.464044 0.767815 -0.441728
-48.7086 1.9895 -49.3238 -0.457985 0.766986 -0.449413
-48.313 1.99725 -49.7074 -0.454502 0.765234 -0.455895
-47.8279 2.00284 -50.1787 -0.448383 0.767221 -0.458608
-47.418 2.01175 -50.5602 -0.44336 0.768127 -0.461966
-46.9363 2.01594 -51.0137 -0.445769 0.76487 -0.465041
-46.4922 2.01969 -51.4266 -0.441078 0.765962 -0.467709
-46.0951 2.02087 -51.7922 -0.431483 0.771713 -0.467206
-45.7002 2.02106 -52.1544 -0.424465 0.767324 -0.480596
-45.2986 2.00858 -52.5269 -0.422315 0.765762 -0.484985
-44.8013 2.00227 -52.9612 -0.415256 0.768256 -0.48718
-44.3591 1.99572 -53.3444 -0.411669 0.76515 -0.495037
-43.9635 2.00171 -53.6618 -0.408741 0.767519 -0.493807
-43.4464 2.00481 -54.0783 -0.401298 0.766054 -0.502096
-43.0077 2.0037 -54.4266 -0.400125 0.766329 -0.502632
-42.4947 2.01349 -54.8171 -0.399245 0.76258 -0.508993
-42.0686 2.02945 -55.1213 -0.385127 0.77111 -0.507018
-41.6428 2.0242 -55.4528 -0.387576 0.767975 -0.509902
-41.1843 2.01532 -55.8089 -0.380413 0.767935 -0.515325
-40.6102 2.00333 -56.2493 -0.376776 0.765912 -0.520978
-40.207 1.98524 -56.5687 -0.378534 0.766163 -0.519333
-39.7955 1.97346 -56.8819 -0.373498 0.763978 -0.526153
-39.2771 1.98087 -57.238 -0.371168 0.762229 -0.530317
-38.7987 1.97939 -57.5653 -0.360838 0.764426 -0.53427
-38.3182 1.98369 -57.8853 -0.35934 0.765757 -0.533362
-37.8243 1.98453 -58.2153 -0.357276 0.766324 -0.533942
-37.3843 1.98786 -58.5041 -0.35393 0.765945 -0.536703
-36.8882 1.97907 -58.8364 -0.351072 0.758931 -0.548428
-36.4526 1.97164 -59.1212 -0.342492 0.759229 -0.553417
-35.8323 1.97587 -59.502 -0.336384 0.764753 -0.549531
-35.2578 1.98432 -59.8351 -0.330484 0.762568 -0.556119
-34.724 1.9881 -60.1463 -0.327624 0.76124 -0.559617
-34.198 1.99836 -60.4326 -0.311165 0.762735 -0.566929
-33.6514 1.99764 -60.7345 -0.311591 0.765292 -0.56324
-33.1795 1.99352 -60.9878 -0.297859 0.761986 -0.575026
-32.7227 1.98283 -61.2402 -0.297677 0.762238 -0.574785
-32.2703 1.97182 -61.4879 -0.296482 0.762913 -0.57451
-31.7915 1.98339 -61.7189 -0.285183 0.767823 -0.573669
-31.305 1.99546 -61.9421 -0.284726 0.765401 -0.577142
-30.7945 1.99874 -62.1843 -0.271467 0.766307 -0.582305
-30.2969 1.99335 -62.4239 -0.272689 0.766991 -0.58083
-29.7881 1.98868 -62.6628 -0.262981 0.767263 -0.584929
-29.3083 1.99968 -62.863 -0.258581 0.770439 -0.582715
-28.835 2.00991 -63.0589 -0.260461 0.768674 -0.584208
-28.2083 2.01712 -63.3252 -0.252668 0.771796 -0.583515
-27.6218 2.01544 -63.5757 -0.245894 0.766031 -0.593912
-26.9999 2.00705 -63.8352 -0.237711 0.765314 -0.59815
-26.5164 1.99692 -64.0365 -0.228451 0.765 -0.602151
-25.929 1.99785 -64.256 -0.223636 0.76977 -0.597864
-25.4206 1.99532 -64.4428 -0.213549 0.77393 -0.596178
-24.8589 1.98166 -64.6566 -0.204517 0.770675 -0.603517
-24.361 1.9731 -64.8347 -0.201304 0.77002 -0.60543
-23.7678 1.96435 -65.0363 -0.191559 0.775189 -0.601986
-23.2637 1.98205 -65.1739 -0.18963 0.776704 -0.600641
-22.75 2.00114 -65.3124 -0.189711 0.776132 -0.601342
-22.0961 2.00437 -65.5077 -0.179932 0.775488 -0.60518
-21.5477 2.00968 -65.6589 -0.169445 0.773896 -0.610225
-21.0165 1.98643 -65.8356 -0.167441 0.774745 -0.609696
-20.404 1.96237 -66.0282 -0.160008 0.77137 -0.615942
-19.8966 1.95967 -66.1633 -0.159444 0.77062 -0.617026
-19.3201 1.9671 -66.3029 -0.159804 0.769026 -0.618919
-18.7497 1.97956 -66.431 -0.147801 0.767895 -0.623284
-18.255 1.97008 -66.5582 -0.144107 0.769837 -0.621758
-17.6826 1.9753 -66.6809 -0.137529 0.771013 -0.621792
-17.1819 1.98683 -66.7736 -0.129394 0.765835 -0.629884
-16.571 1.98612 -66.8985 -0.124369 0.773687 -0.621241
-15.9992 1.9808 -67.0128 -0.111876 0.771879 -0.625844
-15.4241 1.98755 -67.1075 -0.107241 0.776222 -0.621264
-14.9164 1.96576 -67.2185 -0.0954579 0.780835 -0.617399
-14.3676 1.94926 -67.3256 -0.0963712 0.781469 -0.616456
-13.8286 1.93368 -67.4218 -0.0897957 0.777834 -0.62202
-13.2052 1.95394 -67.4865 -0.0811091 0.784214 -0.615141
-12.6838 1.9655 -67.5306 -0.0690136 0.778128 -0.624303
-12.0536 1.96168 -67.6037 -0.0655399 0.776275 -0.626978
-11.4582 1.96071 -67.6629 -0.0586173 0.776628 -0.627226
-10.927 1.95829 -67.7118 -0.0520503 0.777655 -0.626532
-10.3101 1.95358 -67.7665 -0.0472923 0.776923 -0.627813
-9.81015 1.9428 -67.8158 -0.0438695 0.777965 -0.626774
-9.13968 1.93333 -67.8672 -0.0365481 0.768098 -0.639288
-8.62492 1.94019 -67.8824 -0.0236525 0.77107 -0.63631
-8.12113 1.95194 -67.885 -0.016487 0.764593 -0.6443
-7.53525 1.94889 -67.8918 -0.00251218 0.772852 -0.634581
-6.97823 1.95528 -67.8861 0.0023278 0.773007 -0.634376
-6.37956 1.94672 -67.89 0.0110644 0.769818 -0.638168
-5.772 1.94106 -67.8832 0.01828 0.772644 -0.634576
-5.19069 1.92687 -67.8829 0.0197653 0.772072 -0.635227
-4.55587 1.91536 -67.8717 0.0282046 0.772834 -0.633977
-3.90858 1.94129 -67.8089 0.0353851 0.773262 -0.633096
-3.22808 1.97265 -67.7315 0.0364856 0.772734 -0.63368
-3.02354 2.28172 -67.3449 0.0313293 0.775117 -0.631041
-3.02886 2.62414 -66.9205 0.0333662 0.782075 -0.62229
-3.03201 2.96688 -66.4835 0.0291668 0.788852 -0.613881
-3.04113 3.35517 -65.9766 0.0250566 0.798085 -0.602024
-3.02489 3.69132 -65.5244 0.0196535 0.803099 -0.595518
-2.98805 3.99258 -65.1123 0.0145175 0.808256 -0.588653
-2.96769 4.29216 -64.6982 0.0133821 0.809852 -0.58648
-2.98535 4.6452 -64.2069 0.0137899 0.814556 -0.579921
-3.00783 4.9355 -63.7987 0.0146498 0.816411 -0.577286
-3.03794 5.29742 -63.2875 0.0107699 0.816653 -0.577028
-3.05401 5.59962 -62.8573 0.00617399 0.821819 -0.569706
-3.04913 5.93728 -62.3655 0.00349794 0.826193 -0.563376
-3.06015 6.22895 -61.9369 0.0031856 0.827565 -0.561361
-3.06437 6.60472 -61.3836 0.0034581 0.826907 -0.562327
-3.05517 6.88808 -60.9662 0.00190533 0.828615 -0.559815
-3.04397 7.16879 -60.5493 -0.00148615 0.8302 -0.55746
-3.04399 7.52471 -60.0178 -0.00637535 0.834111 -0.551559
-3.05097 7.82671 -59.5612 -0.00794534 0.833671 -0.552204
-3.05309 8.14342 -59.0823 -0.010975 0.83395 -0.551731
-3.04933 8.51112 -58.5291 -0.0146798 0.833166 -0.552827
-3.03634 8.86542 -57.9947 -0.019168 0.833118 -0.552762
-3.01342 9.22105 -57.4552 -0.0206684 0.836409 -0.547717
-3.01697 9.51244 -57.0107 -0.0243693 0.837643 -0.545674
-3.01891 9.79514 -56.5788 -0.0271414 0.835088 -0.549447
-3.0193 10.077 -56.1506 -0.028763 0.834253 -0.55063
-3.01133 10.4141 -55.6402 -0.0301448 0.834557 -0.550096
-3.01584 10.7721 -55.0956 -0.0313696 0.835991 -0.547845
-3.02352 11.0831 -54.6196 -0.0372741 0.836502 -0.546694
-3.01952 11.3833 -54.161 -0.0416102 0.83496 -0.548735
-3.01057 11.7192 -53.6536 -0.0397298 0.832645 -0.552379
-3.00361 12.0537 -53.1514 -0.0409518 0.831085 -0.554636
-3.01222 12.4421 -52.5667 -0.0431743 0.832232 -0.552744
-3.00313 12.7873 -52.0476 -0.0416626 0.83232 -0.552727
-2.99537 13.0782 -51.6124 -0.0434388 0.828666 -0.558052
-3.09342 13.3784 -51.1588 -0.0464403 0.827926 -0.55891
-3.61746 13.5125 -50.9137 -0.0519319 0.828982 -0.556859
-4.18577 13.6095 -50.715 -0.0561612 0.827829 -0.558162
-4.74497 13.6939 -50.5301 -0.0598244 0.829937 -0.55464
-5.24302 13.7677 -50.361 -0.0645227 0.832199 -0.550708
-5.79047 13.8646 -50.1512 -0.0662316 0.829828 -0.554073
-6.3033 13.9051 -50.0265 -0.0716116 0.830378 -0.552574
-6.8882 13.8477 -50.0345 -0.0735927 0.832803 -0.548655
-7.39554 13.7706 -50.0813 -0.0769281 0.833387 -0.54731
-7.90289 13.6947 -50.1259 -0.0770868 0.833808 -0.546646
-8.53724 13.6037 -50.1751 -0.0775954 0.833996 -0.546287
-9.0428 13.5261 -50.2203 -0.0807196 0.834498 -0.545066
-9.57097 13.4448 -50.2631 -0.0877044 0.83608 -0.541546
-10.0953 13.3673 -50.2944 -0.0940076 0.835659 -0.541144
-10.7694 13.271 -50.3283 -0.0909521 0.83654 -0.540304
-11.2698 13.2054 -50.3478 -0.0880105 0.838993 -0.536973
-11.896 13.102 -50.4101 -0.0842051 0.840568 -0.535121
-12.3973 12.956 -50.5606 -0.0838505 0.840568 -0.535177
-12.8762 12.7993 -50.7325 -0.0839091 0.841245 -0.534103
-13.3389 12.6649 -50.8667 -0.0938052 0.836446 -0.539962
-13.8441 12.5363 -50.9703 -0.107744 0.830161 -0.547006
-14.4189 12.4108 -51.0409 -0.119531 0.834777 -0.537435
-14.9242 12.2974 -51.1003 -0.121832 0.834099 -0.53794
-15.4184 12.208 -51.1268 -0.131418 0.835861 -0.532978
-15.9859 12.0812 -51.1846 -0.131798 0.842548 -0.522231
-16.6361 11.9492 -51.2273 -0.138055 0.845167 -0.516363
-17.1981 11.8357 -51.2577 -0.146409 0.849079 -0.507567
-17.8011 11.7214 -51.278 -0.146525 0.852771 -0.501297
-18.403 11.588 -51.325 -0.153496 0.853542 -0.497885
-18.8954 11.4693 -51.3708 -0.164047 0.85522 -0.491604
-19.5257 11.2813 -51.4885 -0.166946 0.860755 -0.480863
-19.4871 11.0451 -51.9323 -0.156304 0.86742 -0.472327
-19.302 10.8172 -52.4086 -0.140771 0.874061 -0.464956
-19.0908 10.5294 -53.0007 -0.13008 0.868502 -0.478314
-18.9265 10.3097 -53.4432 -0.121713 0.868979 -0.479646
-18.7777 10.0664 -53.9164 -0.120689 0.864829 -0.487345
-18.69 9.8137 -54.3815 -0.11527 0.861959 -0.493699
-18.6605 9.55872 -54.8302 -0.112547 0.858855 -0.499701
-18.7137 9.20695 -55.4165 -0.117175 0.854982 -0.505246
-18.8799 8.86739 -55.9483 -0.118729 0.852744 -0.508657
-19.0858 8.60627 -56.3343 -0.121427 0.850181 -0.512296
-19.3727 8.34416 -56.6994 -0.122629 0.848715 -0.514437
-19.6978 8.10984 -57.007 -0.124508 0.847656 -0.515729
-20.0981 7.87616 -57.2924 -0.134068 0.844625 -0.518299
-20.6043 7.64182 -57.5418 -0.138067 0.843379 -0.519278
-21.1632 7.45332 -57.6928 -0.145615 0.839998 -0.522685
-21.6513 7.32419 -57.7605 -0.148919 0.840794 -0.52045
-22.1722 7.23322 -57.7509 -0.160269 0.840644 -0.517312
-22.7923 7.18384 -57.628 -0.175033 0.833498 -0.524036
-23.2802 7.17403 -57.475 -0.185966 0.834931 -0.517984
-23.7634 7.19062 -57.2732 -0.192224 0.835228 -0.515213
-24.2596 7.22928 -57.0229 -0.19642 0.836017 -0.512341
-24.6994 7.28865 -56.7576 -0.196087 0.83672 -0.511321
-25.1979 7.38349 -56.409 -0.198868 0.838303 -0.507636
-25.595 7.48751 -56.0776 -0.204787 0.839985 -0.502481
-26.0395 7.6243 -55.6658 -0.201566 0.845215 -0.494957
-26.4815 7.46007 -55.7609 -0.211107 0.843219 -0.494383
-27.0091 7.14374 -56.0725 -0.217089 0.839288 -0.498427
-27.4391 6.93504 -56.2311 -0.222475 0.838199 -0.497923
-28.0458 6.64951 -56.4384 -0.226177 0.837609 -0.497245
-28.5466 6.41463 -56.6003 -0.233005 0.833756 -0.500559
-29.069 6.20397 -56.7059 -0.235363 0.833496 -0.499889
-29.6278 6.01238 -56.7486 -0.249678 0.827504 -0.50289
-30.2667 5.83114 -56.7213 -0.264187 0.820777 -0.506489
-30.7927 5.70442 -56.6509 -0.266533 0.82025 -0.506112
-31.2865 5.61525 -56.5329 -0.270659 0.819806 -0.50464
-31.8793 5.54533 -56.3255 -0.275504 0.817818 -0.505244
-32.438 5.50877 -56.077 -0.2856 0.816401 -0.50188
-32.8865 5.51627 -55.8032 -0.291651 0.817325 -0.496907
-33.3781 5.5375 -55.4767 -0.296079 0.817521 -0.49396
-33.8018 5.57716 -55.1566 -0.297717 0.817253 -0.493419
-34.262 5.65385 -54.7516 -0.296737 0.819007 -0.491096
-34.6679 5.75092 -54.34 -0.303596 0.818881 -0.487084
-35.2669 5.70261 -54.0428 -0.31098 0.817782 -0.484267
-35.8223 5.52513 -53.9795 -0.318613 0.816221 -0.481942
-36.4263 5.31676 -53.9239 -0.324804 0.813489 -0.48241
-36.9736 5.12763 -53.875 -0.325169 0.811125 -0.486148
-37.5041 4.96407 -53.7899 -0.326313 0.808642 -0.489496
-38.0526 4.80678 -53.6784 -0.333197 0.806294 -0.488743
-38.5942 4.68637 -53.5037 -0.339505 0.803853 -0.488423
-39.0715 4.58966 -53.3265 -0.346532 0.80168 -0.487051
-39.6487 4.48207 -53.0822 -0.35832 0.798806 -0.483227
-40.153 4.41269 -52.8171 -0.370201 0.796226 -0.478513
-40.5879 4.36553 -52.5583 -0.372097 0.795202 -0.478747
-41.1216 4.33062 -52.1959 -0.37761 0.794385 -0.475777
-41.5058 4.34391 -51.8685 -0.377911 0.794248 -0.475766
-41.8788 4.39908 -51.4791 -0.376644 0.795699 -0.474343
-42.1882 4.48178 -51.092 -0.380107 0.802197 -0.460432
-42.4927 4.59821 -50.6384 -0.384955 0.801412 -0.457721
-42.7933 4.72787 -50.1445 -0.389995 0.807656 -0.442261
-43.0641 4.89258 -49.588 -0.4022 0.809608 -0.427516
-43.2331 5.06711 -49.1056 -0.395204 0.814246 -0.425217
-43.3581 5.25304 -48.6282 -0.395461 0.819037 -0.415678
-43.4541 5.46023 -48.1277 -0.391698 0.823081 -0.411203
-43.5237 5.68061 -47.613 -0.392712 0.827336 -0.40161
-43.5537 5.89524 -47.1371 -0.396532 0.829702 -0.392881
-43.5668 6.10597 -46.6776 -0.395556 0.829966 -0.393309
-43.5807 6.33418 -46.1821 -0.392959 0.831835 -0.391962
-43.557 6.61409 -45.6075 -0.392577 0.834737 -0.386131
-43.5037 6.87125 -45.1004 -0.393377 0.836934 -0.38052
-43.4076 7.14763 -44.582 -0.386731 0.843873 -0.371908
-43.3355 7.37466 -44.1369 -0.38365 0.851487 -0.357368
-43.2552 7.67167 -43.5173 -0.391346 0.847201 -0.359303
-43.174 7.92576 -42.9912 -0.393212 0.851519 -0.346839
-43.1716 8.1147 -42.5297 -0.396938 0.849773 -0.346876
-43.479 8.21232 -41.9332 -0.400846 0.849398 -0.343283
-43.7682 8.26485 -41.4663 -0.401456 0.848729 -0.344227
-44.0987 8.33406 -40.9094 -0.401756 0.84885 -0.343576
-44.427 8.39119 -40.3779 -0.408621 0.846614 -0.340974
-44.7023 8.43029 -39.9406 -0.413771 0.846582 -0.334802
-45.0297 8.50046 -39.352 -0.419188 0.846885 -0.327203
-45.2567 8.5714 -38.868 -0.424311 0.84819 -0.31707
-45.4064 8.68316 -38.3616 -0.426329 0.850036 -0.30932
-45.5067 8.8483 -37.761 -0.430665 0.851292 -0.299716
-45.5215 9.03583 -37.1963 -0.436927 0.851095 -0.291088
-45.4679 9.22173 -36.7322 -0.436915 0.851471 -0.290005
-45.3536 9.46176 -36.199 -0.436412 0.851699 -0.29009
-45.1782 9.72825 -35.6811 -0.436913 0.851247 -0.290664
-44.9847 9.9981 -35.184 -0.436596 0.850456 -0.293444
-44.83 10.229 -34.7454 -0.437588 0.85005 -0.29314
-44.655 10.4864 -34.262 -0.440933 0.848472 -0.2927
-44.4854 10.7468 -33.7695 -0.445785 0.845248 -0.29467
-44.3017 11.0503 -33.1833 -0.44938 0.842262 -0.297744
-44.1088 11.3256 -32.6966 -0.450062 0.841715 -0.298259
-43.94 11.5615 -32.2863 -0.44911 0.841746 -0.299607
-43.7859 11.8039 -31.8354 -0.449689 0.841767 -0.298677
-43.7719 11.9835 -31.351 -0.450215 0.841127 -0.299685
-44.112 11.9958 -30.8031 -0.45398 0.839426 -0.298775
-44.4504 12.0018 -30.2705 -0.455871 0.839018 -0.297036
-44.7769 12.0022 -29.7688 -0.457506 0.837695 -0.298252
-45.2401 11.8148 -29.5837 -0.458422 0.836781 -0.29941
-45.6907 11.4721 -29.8498 -0.461543 0.836316 -0.295895
-46.0655 11.1881 -30.0692 -0.46419 0.835932 -0.292823
-46.4394 10.9008 -30.2998 -0.462142 0.837888 -0.290463
-46.913 10.5498 -30.5589 -0.464007 0.838286 -0.286307
-47.3309 10.2353 -30.8144 -0.456198 0.844333 -0.281044
-47.7124 9.947 -31.0632 -0.454079 0.845721 -0.280299
-48.1355 9.64838 -31.2796 -0.454131 0.845844 -0.279845
-48.6668 9.27102 -31.5571 -0.456139 0.844889 -0.279459
-49.0597 8.98138 -31.7905 -0.458004 0.844439 -0.277765
-49.5078 8.64866 -32.0597 -0.459709 0.843418 -0.278054
-49.9408 8.33484 -32.2912 -0.462617 0.842172 -0.277005
-50.4007 7.99061 -32.5691 -0.464828 0.840756 -0.277597
-50.839 7.6531 -32.8523 -0.468951 0.838522 -0.277426
-51.2815 7.31903 -33.112 -0.470668 0.837045 -0.278975
-51.7963 6.92546 -33.4171 -0.474396 0.835064 -0.278599
-52.1758 6.63299 -33.641 -0.478598 0.83211 -0.280238
-52.554 6.33438 -33.8782 -0.481539 0.830289 -0.280604
-52.977 6.01181 -34.1039 -0.482775 0.829293 -0.281427
-53.4363 5.65631 -34.3579 -0.489632 0.825419 -0.280929
-53.8635 5.32217 -34.5824 -0.500176 0.817808 -0.284604
-54.3243 4.93423 -34.8764 -0.509516 0.810091 -0.29008
-54.8018 4.53946 -35.135 -0.513564 0.808988 -0.28599
-55.2446 4.16917 -35.3678 -0.526974 0.801287 -0.283244
-55.5951 3.86246 -35.5894 -0.527867 0.803931 -0.273953
-56.0892 3.43791 -35.8448 -0.544601 0.792343 -0.274914
-56.536 3.02282 -36.1316 -0.56014 0.78004 -0.278867
-56.9336 2.64505 -36.3857 -0.56557 0.777501 -0.274996
-57.3112 2.28884 -36.6062 -0.574955 0.770328 -0.27572
-57.5512 1.99907 -36.9129 -0.577175 0.76835 -0.276599
-57.3728 1.95418 -37.4104 -0.567194 0.772494 -0.285484
-57.149 1.94102 -37.885 -0.57263 0.766237 -0.291505
-56.9224 1.93528 -38.3414 -0.564453 0.771274 -0.294158
-56.6652 1.92176 -38.8662 -0.56236 0.77127 -0.298151
-56.3934 1.92296 -39.3735 -0.559957 0.772599 -0.29923
-56.0629 1.92846 -39.963 -0.556219 0.771302 -0.309376
-55.7789 1.93766 -40.4372 -0.546774 0.775251 -0.316243
-55.4112 1.963 -40.9958 -0.542193 0.772986 -0.329422
-55.1126 1.96689 -41.4704 -0.539476 0.770653 -0.339178
-54.7828 1.96781 -41.982 -0.527104 0.773756 -0.351373
-54.7538 1.96822 -42.0246 -0.527105 0.773758 -0.351368
-17.2929 5.4444 -61.9207 -0.125966 0.833976 -0.537231
-16.8581 5.72678 -61.5785 -0.118586 0.834345 -0.538334
-16.4472 5.95104 -61.3189 -0.114101 0.835547 -0.53744
-15.955 6.24017 -60.9715 -0.103681 0.839074 -0.534006
-15.5323 6.50414 -60.6339 -0.105103 0.843655 -0.526498
-15.167 6.76949 -60.2789 -0.102392 0.846777 -0.522001
-14.7921 7.06512 -59.871 -0.100106 0.847471 -0.521318
-14.4872 7.31295 -59.5239 -0.0964153 0.848638 -0.520113
-14.1899 7.5804 -59.1405 -0.0958429 0.850743 -0.516769
-13.9268 7.85177 -58.7417 -0.0923376 0.852566 -0.514397
-13.704 8.12119 -58.3362 -0.0927178 0.851398 -0.51626
-13.4966 8.42777 -57.8652 -0.0949768 0.853732 -0.511978
-13.3091 8.76301 -57.3314 -0.0852757 0.859692 -0.503645
-13.1679 9.06731 -56.8369 -0.0909624 0.861141 -0.500162
-13.067 9.32444 -56.4126 -0.0921693 0.860819 -0.500494
-12.9281 9.5877 -55.9847 -0.0917144 0.861856 -0.49879
-12.4265 9.744 -55.8039 -0.0878389 0.860878 -0.501165
-11.8874 9.86492 -55.6911 -0.08615 0.859118 -0.504474
-11.246 9.99426 -55.5685 -0.0707472 0.855701 -0.512612
-10.7495 10.0953 -55.4689 -0.0666448 0.851619 -0.519906
-10.226 10.1929 -55.3749 -0.0649652 0.850917 -0.521267
-9.73551 10.2726 -55.3064 -0.0655364 0.850937 -0.521164
-9.24068 10.3352 -55.2648 -0.0638863 0.850534 -0.522026
-8.85111 10.1872 -55.5513 -0.0607936 0.850373 -0.522649
-8.87721 9.8207 -56.145 -0.0550465 0.84891 -0.525647
-8.89314 9.54757 -56.5838 -0.051325 0.849932 -0.524387
-8.88924 9.27247 -57.0287 -0.044321 0.847847 -0.528385
-8.88061 9.00841 -57.454 -0.0441792 0.848791 -0.526879
-8.87298 8.74227 -57.8843 -0.0415926 0.849632 -0.525733
-8.87414 8.44401 -58.3677 -0.0410643 0.850868 -0.523771
-8.88407 8.17901 -58.7981 -0.0397658 0.851727 -0.522475
-8.89584 7.8451 -59.341 -0.0357805 0.851332 -0.523404
-8.9059 7.58115 -59.7695 -0.0376466 0.851865 -0.522404
-8.90724 7.31883 -60.1999 -0.0364645 0.853777 -0.519359
-8.90378 6.96289 -60.7904 -0.0327995 0.853357 -0.520295
-8.90443 6.64718 -61.3093 -0.0163124 0.852429 -0.522485
-8.90585 6.3479 -61.7832 -0.0119032 0.843824 -0.536482
-8.89947 6.07056 -62.2173 -0.00761522 0.83921 -0.543709
-8.88725 5.78024 -62.6478 -0.0140927 0.82649 -0.562768
-8.96115 5.46644 -63.1092 -0.00741056 0.826287 -0.563189
-9.51677 5.4326 -63.1287 -0.0362362 0.820757 -0.570127
-10.1497 5.43596 -63.0844 -0.0351595 0.818093 -0.57401
-10.8228 5.42482 -63.0429 -0.0588001 0.819954 -0.569402
-11.3646 5.4111 -63.0007 -0.0732202 0.829345 -0.5539
-11.9054 5.40154 -62.9401 -0.0853818 0.830279 -0.550769
-12.4519 5.40031 -62.8565 -0.0866794 0.83115 -0.549251
-13.0493 5.40147 -62.7577 -0.0900547 0.829574 -0.551086
-13.7216 5.40277 -62.6471 -0.0873258 0.831003 -0.549371
-14.4216 5.41332 -62.5199 -0.0873083 0.83083 -0.549635
-15.093 5.43011 -62.3809 -0.0950958 0.831068 -0.54798
-15.6229 5.43268 -62.2817 -0.101752 0.831855 -0.545586
-16.2153 5.42629 -62.1786 -0.107132 0.832739 -0.543193
-16.8439 5.42948 -62.0437 -0.115396 0.836013 -0.536438
-17.221 5.44169 -61.9417 -0.123152 0.835284 -0.535838
-17.2449 5.44234 -61.9351 -0.125965 0.833973 -0.537235
