51.3891 11.3529 -15.9059 0.511479 0.840058 -0.18081
51.6531 11.1163 -16.2633 0.509833 0.841421 -0.179112
52.1633 10.7473 -16.5607 0.505118 0.844292 -0.178961
52.6371 10.4074 -16.832 0.503479 0.845489 -0.177923
53.0749 10.0925 -17.0872 0.498274 0.847702 -0.181999
53.5319 9.77307 -17.3337 0.490594 0.851648 -0.184344
53.9386 9.48441 -17.5884 0.479423 0.856605 -0.190739
54.3434 9.1997 -17.8408 0.482803 0.853941 -0.194126
54.7496 8.91572 -18.0882 0.478304 0.855917 -0.196545
55.1229 8.65606 -18.3046 0.479818 0.854282 -0.19994
55.5299 8.37378 -18.5408 0.478839 0.855567 -0.196764
55.9287 8.09712 -18.7662 0.485107 0.850142 -0.204767
56.3269 7.82462 -18.9528 0.483849 0.849721 -0.209439
56.7141 7.5538 -19.1427 0.49383 0.843692 -0.210512
57.146 7.24186 -19.371 0.502087 0.839478 -0.207812
57.6381 6.95237 -19.3688 0.497018 0.845492 -0.195234
57.8493 6.95844 -18.8003 0.513121 0.835629 -0.196038
58.0085 6.97375 -18.3098 0.51382 0.836871 -0.188776
58.1944 6.98086 -17.7654 0.513145 0.838401 -0.183756
58.3951 6.98487 -17.1691 0.515525 0.83838 -0.177068
58.5954 6.98679 -16.5758 0.514028 0.839829 -0.174537
58.7659 6.98344 -16.0548 0.519624 0.839859 -0.156931
58.9051 6.99075 -15.563 0.514404 0.842747 -0.158631
59.0771 7.00009 -14.9413 0.514839 0.843506 -0.153095
59.2297 7.00641 -14.3836 0.51413 0.844664 -0.14904
59.375 7.01125 -13.8534 0.516648 0.843164 -0.148829
59.5346 7.00659 -13.3064 0.517922 0.844682 -0.135039
59.701 6.99032 -12.7368 0.524639 0.84168 -0.127782
59.8732 6.97368 -12.1351 0.525506 0.841379 -0.126193
60.0362 6.96944 -11.4927 0.527256 0.83997 -0.128267
60.1561 6.97459 -10.9703 0.529301 0.838577 -0.128955
60.2781 6.98805 -10.3775 0.530049 0.838349 -0.12735
60.3814 6.99593 -9.88731 0.529828 0.838878 -0.124761
60.4956 7.01673 -9.25505 0.530884 0.838993 -0.119386
60.5687 7.03886 -8.76094 0.528506 0.841887 -0.109056
60.661 7.04536 -8.23286 0.530592 0.842128 -0.0963532
60.739 7.06058 -7.64864 0.536752 0.839328 -0.0861514
60.8177 7.06457 -7.104 0.53799 0.839139 -0.0800716
60.8972 7.06631 -6.53004 0.536356 0.840657 -0.0749295
60.9863 7.05958 -5.93307 0.537127 0.840891 -0.0662901
61.0705 7.04764 -5.4063 0.540787 0.838509 -0.0666457
61.1465 7.03902 -4.83077 0.545221 0.836304 -0.0576953
61.1928 7.04225 -4.20564 0.539538 0.841356 -0.0318896
61.2206 7.04347 -3.67333 0.54001 0.84116 -0.0289493
61.2452 7.04475 -3.15677 0.539953 0.841261 -0.0270296
61.2647 7.04835 -2.63916 0.538588 0.842163 -0.0261705
61.2826 7.05517 -2.02261 0.538444 0.84235 -0.0228664
61.2967 7.05948 -1.5042 0.539272 0.84188 -0.0204886
61.2996 7.06398 -0.869451 0.540516 0.84132 -0.00483318
61.3244 7.05077 -0.365087 0.537325 0.843373 -0.00189437
61.3509 7.03488 0.284404 0.537559 0.843225 -0.000865594
61.3779 7.01664 0.876247 0.536519 0.843879 0.00392933
61.396 7.00034 1.39642 0.532428 0.846392 0.0119219
61.3897 6.9941 1.96443 0.534769 0.844801 0.0182711
61.36 7.00129 2.51286 0.533437 0.845645 0.0181413
61.3388 7.00034 3.13584 0.53351 0.84555 0.0202957
61.3346 6.98736 3.76482 0.531012 0.847077 0.0220707
61.293 6.99559 4.40297 0.530746 0.847153 0.0252726
61.2617 6.99656 4.98655 0.52988 0.847677 0.0258896
61.2314 6.99767 5.51698 0.530924 0.846892 0.0298928
61.2034 6.99504 6.0476 0.527087 0.849093 0.0349345
61.1479 7.00309 6.55656 0.527006 0.848454 0.0487889
61.0712 7.01423 7.14634 0.522595 0.85094 0.0528766
60.9849 7.02824 7.6623 0.520263 0.851329 0.0675509
60.8726 7.04462 8.28043 0.516135 0.852585 0.0818475
60.7972 7.03523 8.86353 0.514899 0.853479 0.0803314
60.7211 7.02733 9.37658 0.51288 0.853083 0.0957491
60.6225 7.02219 9.93035 0.510559 0.85401 0.0999874
60.5159 7.00654 10.5219 0.514556 0.848433 0.124073
60.3946 6.99839 11.0844 0.516751 0.846216 0.129748
60.2657 6.99292 11.626 0.521278 0.842989 0.132807
60.1201 6.99435 12.1798 0.520818 0.842509 0.137579
59.9743 6.99037 12.7533 0.518796 0.843473 0.139298
59.8382 6.98482 13.2896 0.519453 0.842712 0.141439
59.6885 6.97997 13.8599 0.519527 0.841725 0.146942
59.5042 6.97871 14.521 0.523093 0.83938 0.147682
59.3583 6.98164 15.0142 0.522646 0.83879 0.152531
59.2218 6.97163 15.5072 0.515739 0.841629 0.16023
59.0401 6.95557 16.1628 0.512184 0.842916 0.164804
58.8502 6.93745 16.8171 0.503888 0.846083 0.173872
58.707 6.9163 17.3295 0.50384 0.845581 0.17646
58.5349 6.91051 17.8185 0.4959 0.848672 0.183949
58.3262 6.90549 18.3756 0.493877 0.848378 0.190619
58.1199 6.90944 18.8926 0.491861 0.849215 0.192112
57.9126 6.91912 19.3766 0.488067 0.851468 0.191814
57.4736 7.10829 19.653 0.48751 0.851172 0.194526
56.9846 7.453 19.3843 0.494058 0.846368 0.198908
56.583 7.7413 19.153 0.493107 0.846662 0.200021
56.141 8.05522 18.912 0.491155 0.84779 0.200048
55.6939 8.3769 18.64 0.487117 0.850859 0.196835
55.2829 8.6688 18.3948 0.486414 0.851077 0.197659
54.8681 8.96189 18.1481 0.484644 0.852622 0.195333
54.4362 9.2612 17.9043 0.485011 0.853631 0.189934
53.9892 9.5703 17.657 0.485689 0.852685 0.192444
53.5556 9.87828 17.3822 0.480355 0.85493 0.195841
53.1578 10.1471 17.1911 0.484313 0.853198 0.193632
52.7348 10.4424 16.9445 0.482937 0.854591 0.19091
52.4913 10.6666 16.5557 0.492533 0.850443 0.184819
52.6236 10.6967 16.057 0.492069 0.852028 0.178652
52.803 10.7156 15.4763 0.491101 0.852832 0.177457
52.9948 10.709 14.9625 0.489688 0.855294 0.169309
53.191 10.6883 14.4625 0.500109 0.851843 0.155644
53.4034 10.6446 13.9958 0.502614 0.851958 0.146777
53.6694 10.5913 13.3862 0.503976 0.850952 0.147951
53.894 10.5506 12.8397 0.503592 0.852286 0.141433
54.0782 10.5149 12.3728 0.508116 0.851466 0.129647
54.2783 10.4756 11.8396 0.503405 0.85558 0.120626
54.4256 10.4553 11.3541 0.499395 0.858297 0.118013
54.6125 10.4189 10.8117 0.499113 0.859478 0.110357
54.8102 10.3749 10.2466 0.499966 0.860025 0.101938
55.0305 10.3172 9.62992 0.505305 0.857345 0.0981173
55.2367 10.2625 9.04022 0.509285 0.854392 0.103164
55.3984 10.2236 8.54825 0.508869 0.855101 0.0992539
55.5549 10.1879 8.03305 0.516769 0.851931 0.0846294
55.7273 10.1394 7.45105 0.513939 0.854221 0.07857
55.8807 10.0891 6.95956 0.516321 0.853442 0.0710227
56.0283 10.0411 6.44359 0.511718 0.856484 0.0676686
56.1995 9.98494 5.88506 0.513045 0.855431 0.0708713
56.3178 9.95259 5.38967 0.513626 0.855643 0.0637152
56.4265 9.93248 4.71733 0.51342 0.856736 0.0490069
56.5008 9.91808 4.16834 0.51395 0.856572 0.0462557
56.5741 9.90045 3.64614 0.515865 0.855582 0.0431658
56.6257 9.89634 3.10826 0.515589 0.85577 0.0427257
56.6609 9.90266 2.54257 0.518364 0.854204 0.0403804
56.6684 9.91952 1.97779 0.516268 0.856007 0.0264373
56.6566 9.93936 1.24283 0.517393 0.855712 0.00785509
56.6293 9.9607 0.685247 0.514238 0.857632 0.00521527
56.6046 9.97826 0.164221 0.513921 0.857826 0.00435985
56.5785 9.99469 -0.345794 0.514164 0.857692 -0.000768061
56.5455 10.0118 -0.929306 0.512576 0.858549 -0.0125724
56.4951 10.0332 -1.48422 0.510211 0.859905 -0.0157347
56.4462 10.0486 -2.18408 0.511175 0.859307 -0.0170835
56.4172 10.0552 -2.68623 0.510993 0.859379 -0.0188029
56.3613 10.0762 -3.21782 0.510232 0.859785 -0.0208123
56.2683 10.1107 -3.86461 0.51327 0.857711 -0.0294267
56.1761 10.1434 -4.40392 0.507293 0.860474 -0.0472807
56.0949 10.1641 -4.90362 0.505446 0.861041 -0.0553303
56.0031 10.1839 -5.40235 0.499006 0.865073 -0.0513899
55.8477 10.2175 -6.0681 0.493235 0.865779 -0.0841764
55.7066 10.2462 -6.5588 0.494913 0.864003 -0.0925239
55.5478 10.2814 -7.05488 0.498038 0.861561 -0.0983464
55.3488 10.3382 -7.56824 0.500998 0.859873 -0.0980799
55.1559 10.3931 -8.0365 0.499455 0.859796 -0.106271
54.9503 10.4481 -8.53987 0.496528 0.860553 -0.113546
54.7396 10.5005 -9.04265 0.497817 0.859187 -0.118179
54.5078 10.5664 -9.55112 0.503726 0.8559 -0.117027
54.2748 10.639 -10.0328 0.506306 0.854852 -0.113498
54.0305 10.7154 -10.5501 0.507098 0.854189 -0.114929
53.8012 10.7802 -11.0551 0.501732 0.855591 -0.127382
53.5679 10.836 -11.5792 0.5007 0.854035 -0.141136
53.351 10.8899 -12.0296 0.50252 0.852424 -0.144314
53.1279 10.9412 -12.4961 0.50604 0.850108 -0.145712
52.91 10.991 -12.9575 0.507435 0.848992 -0.147381
52.6834 11.0493 -13.4164 0.510694 0.847239 -0.146201
52.4491 11.1085 -13.8945 0.512842 0.845453 -0.148979
52.1865 11.1788 -14.3842 0.515937 0.84184 -0.158427
51.9542 11.2303 -14.8482 0.510764 0.843036 -0.168531
51.682 11.2935 -15.3488 0.509678 0.84199 -0.176862
51.4458 11.3434 -15.7898 0.511482 0.840057 -0.180807
45.7697 15.474 -12.38 0.523953 0.839135 -0.146036
46.0185 15.4027 -11.9013 0.529379 0.835349 -0.148089
46.2573 15.3287 -11.4516 0.520892 0.841565 -0.142967
46.4878 15.2628 -11.0019 0.522876 0.840306 -0.143122
46.7729 15.1774 -10.4464 0.525947 0.839482 -0.136566
46.9998 15.1085 -9.99108 0.525319 0.841056 -0.129094
47.2897 15.0186 -9.37268 0.52284 0.844662 -0.114769
47.5638 14.9283 -8.77992 0.519778 0.846448 -0.11557
47.7895 14.8518 -8.30273 0.522523 0.845941 -0.106554
48.0899 14.7487 -7.65391 0.517422 0.849589 -0.102335
48.3856 14.6431 -7.02058 0.517152 0.850522 -0.0957389
48.6089 14.5595 -6.54294 0.522814 0.847199 -0.0944376
48.8847 14.4527 -5.93894 0.530955 0.842564 -0.0903954
49.1015 14.3725 -5.4014 0.532504 0.841957 -0.086874
49.2799 14.3098 -4.87903 0.538823 0.839386 -0.0711634
49.4273 14.2518 -4.37228 0.536391 0.842316 -0.0528105
49.5517 14.2025 -3.87656 0.536939 0.842144 -0.0499
49.6577 14.1653 -3.36563 0.536708 0.842287 -0.0499836
49.7499 14.1379 -2.83097 0.537775 0.841658 -0.04909
49.8028 14.1361 -2.14331 0.543359 0.838629 -0.0379135
49.8411 14.1262 -1.60736 0.543788 0.839166 -0.00975495
49.8801 14.1064 -1.05117 0.545545 0.838065 -0.00536549
49.9099 14.0913 -0.447306 0.546554 0.837401 -0.00617063
49.9523 14.066 0.129184 0.545621 0.838032 0.000513636
49.9914 14.0375 0.679842 0.550744 0.834662 0.00440181
50.0142 14.0069 1.25608 0.552746 0.83289 0.0276645
50.0232 13.9845 1.76501 0.547522 0.836385 0.0245976
50.0189 13.9711 2.29677 0.546523 0.837009 0.0269915
49.9868 13.9716 2.97533 0.543462 0.839055 0.0252164
49.9292 13.9917 3.49685 0.547758 0.83625 0.0254008
49.849 14.028 3.9956 0.543141 0.838785 0.037225
49.7243 14.0799 4.52721 0.540848 0.839538 0.0514708
49.5798 14.1395 5.00589 0.530829 0.844538 0.0705388
49.4219 14.1989 5.50002 0.532312 0.844071 0.0647181
49.2666 14.2552 6.02728 0.527772 0.846763 0.0666934
49.0888 14.3223 6.59948 0.525377 0.848397 0.0647488
48.9035 14.3889 7.19624 0.528819 0.845333 0.0758174
48.7071 14.453 7.80747 0.522631 0.847842 0.0892732
48.5005 14.5043 8.42432 0.520525 0.846819 0.109325
48.3174 14.5492 8.92204 0.514106 0.849741 0.116769
48.1191 14.5898 9.4911 0.522353 0.843247 0.12681
47.9366 14.6289 9.97986 0.524863 0.840733 0.132992
47.7363 14.6752 10.5029 0.528029 0.839244 0.129769
47.4496 14.7547 11.1372 0.523754 0.841812 0.130514
47.2187 14.8277 11.5842 0.52743 0.839048 0.133477
46.9599 14.896 12.1242 0.52581 0.837084 0.150991
46.7525 14.9192 12.6774 0.522084 0.836138 0.16821
46.6118 14.9083 13.1642 0.520841 0.836273 0.171383
46.464 14.8823 13.7392 0.521324 0.835658 0.172901
46.3169 14.8534 14.3111 0.51845 0.836562 0.177124
46.1615 14.8345 14.8396 0.519134 0.834055 0.186646
45.9524 14.8456 15.3558 0.515885 0.8337 0.196977
45.6887 14.8929 15.8369 0.514141 0.833507 0.202299
45.3329 14.9751 16.3913 0.514305 0.831797 0.208814
44.9459 15.0835 16.8989 0.512351 0.830502 0.21855
44.5424 15.2206 17.321 0.512124 0.830188 0.220264
44.1514 15.3729 17.6503 0.511705 0.829199 0.224912
43.7469 15.5376 17.9625 0.511814 0.828367 0.227708
43.3308 15.7047 18.2848 0.511359 0.827275 0.232654
42.9059 15.8637 18.6518 0.512633 0.825165 0.237297
42.5238 15.972 19.1028 0.514278 0.823985 0.237837
42.3167 15.9342 19.6792 0.513699 0.823857 0.239526
42.6277 15.6406 20.0221 0.51126 0.825163 0.240242
43.0601 15.3007 20.2734 0.507261 0.827715 0.239934
43.4894 14.9637 20.5292 0.505728 0.826896 0.24593
43.9731 14.5856 20.8101 0.501444 0.829313 0.246564
44.4532 14.2112 21.0929 0.500411 0.829361 0.248491
44.8564 13.9064 21.3007 0.499043 0.830495 0.247455
45.2253 13.6203 21.5229 0.495823 0.833376 0.244218
45.6471 13.2931 21.7901 0.490868 0.836539 0.243415
46.1324 12.9217 22.0911 0.489108 0.837996 0.241938
46.5325 12.6219 22.3213 0.486606 0.839141 0.243017
46.9559 12.3007 22.5839 0.485702 0.83987 0.242306
47.3449 12.0135 22.8011 0.484395 0.840814 0.241646
47.8611 11.6411 23.0658 0.482617 0.841857 0.241571
48.2394 11.3679 23.2665 0.479545 0.843501 0.241957
48.6694 11.0452 23.5395 0.478773 0.843772 0.24254
49.0364 10.7718 23.7666 0.478563 0.84395 0.242333
49.4492 10.4754 23.9885 0.475949 0.845738 0.241245
49.8928 10.1618 24.216 0.473536 0.847314 0.240461
50.395 9.80095 24.4991 0.471859 0.847964 0.241466
50.8998 9.43131 24.8059 0.472094 0.84569 0.248834
51.3179 9.12412 25.0511 0.471169 0.844768 0.253702
51.7297 8.82525 25.2779 0.473644 0.843015 0.254925
52.1174 8.54518 25.4849 0.472091 0.843332 0.256748
52.5238 8.24423 25.7252 0.470999 0.843275 0.258935
52.9542 7.92298 25.9834 0.473487 0.839873 0.265364
53.3161 7.65111 26.1979 0.471372 0.840354 0.267607
53.6965 7.366 26.4198 0.473365 0.838345 0.270375
54.0727 7.07851 26.6463 0.476646 0.834999 0.274928
54.4467 6.79007 26.8684 0.478434 0.831651 0.281882
54.801 6.51176 27.0861 0.478447 0.830641 0.284821
55.2464 6.16772 27.3367 0.47953 0.828398 0.289497
55.6458 5.86231 27.5497 0.477542 0.827835 0.29435
56.1128 5.51123 27.7798 0.478755 0.826622 0.295776
56.4913 5.21725 27.9848 0.48024 0.82426 0.299941
56.8846 4.89702 28.2304 0.482031 0.821108 0.305661
57.2672 4.57466 28.4883 0.491268 0.815166 0.306854
57.6342 4.27386 28.6981 0.485804 0.816505 0.311952
58.0122 3.95605 28.9139 0.502424 0.804409 0.317001
58.3868 3.64062 29.1218 0.502902 0.80537 0.313796
58.862 3.24152 29.3689 0.510072 0.797738 0.321623
59.3482 2.83662 29.5989 0.517336 0.789118 0.331145
59.8524 2.55631 29.4773 0.515571 0.791045 0.329285
60.1661 2.53987 29.0252 0.521511 0.789005 0.324802
60.5147 2.51073 28.5352 0.521032 0.790191 0.322677
60.7976 2.49941 28.1073 0.516367 0.794035 0.320719
61.0898 2.51039 27.6101 0.519304 0.795618 0.311932
61.3572 2.5281 27.1121 0.531273 0.791503 0.301941
61.6499 2.54529 26.5447 0.540609 0.790422 0.287561
61.8921 2.53639 26.087 0.5419 0.794541 0.273926
62.1322 2.52966 25.6366 0.540353 0.797066 0.269636
62.3671 2.52196 25.184 0.543 0.795193 0.269833
62.6274 2.51378 24.6866 0.546712 0.794001 0.265767
62.8851 2.52419 24.1124 0.552184 0.791167 0.262958
63.1028 2.53049 23.6291 0.556086 0.790828 0.255635
63.3196 2.55215 23.0756 0.562569 0.787198 0.252649
63.5321 2.56656 22.5464 0.570847 0.784364 0.242701
63.7282 2.57127 22.0575 0.572437 0.786405 0.232128
63.9594 2.54816 21.5609 0.567837 0.79057 0.22926
64.1785 2.52471 21.0903 0.577872 0.785562 0.22126
64.4088 2.51774 20.4941 0.581498 0.785884 0.210348
64.5891 2.52084 19.9807 0.585081 0.784068 0.207164
64.7572 2.52314 19.4722 0.581208 0.789633 0.196656
64.9147 2.53855 18.9501 0.582666 0.788878 0.195335
65.0713 2.55163 18.4215 0.585289 0.787434 0.193349
65.2435 2.56683 17.8314 0.582166 0.79149 0.186081
65.3869 2.57399 17.3436 0.585725 0.789655 0.182681
65.5388 2.57877 16.8319 0.585842 0.791542 0.173796
65.6648 2.59202 16.3384 0.581147 0.795214 0.172925
65.8112 2.59211 15.8119 0.591926 0.790828 0.15561
65.9349 2.59705 15.3265 0.590335 0.792042 0.155458
66.0948 2.58036 14.7947 0.592552 0.791045 0.152086
66.2569 2.55863 14.2858 0.588256 0.793541 0.155718
66.4003 2.56846 13.6516 0.593256 0.791436 0.147111
66.517 2.58243 13.0592 0.59344 0.794873 0.126516
66.6397 2.58495 12.4397 0.597372 0.792318 0.124005
66.7566 2.57676 11.9305 0.60267 0.789015 0.119322
66.8649 2.5778 11.3651 0.606495 0.787111 0.112336
66.9796 2.57569 10.7614 0.605633 0.787658 0.113156
67.0633 2.58204 10.232 0.61105 0.785405 0.0987768
67.1458 2.58268 9.72736 0.611087 0.784899 0.102497
67.2472 2.57906 9.09815 0.615141 0.78354 0.0875412
67.3295 2.571 8.56035 0.617782 0.782709 0.0755756
67.424 2.55554 7.94097 0.616677 0.783672 0.0746173
67.4755 2.56848 7.36948 0.620597 0.780819 0.0719673
67.5527 2.56514 6.77838 0.624787 0.777089 0.0755178
67.5889 2.58124 6.20438 0.62428 0.779253 0.0551126
67.6313 2.58458 5.66107 0.622807 0.780912 0.047681
67.6766 2.58264 5.11994 0.614489 0.787751 0.042496
67.7141 2.58345 4.39727 0.620829 0.783318 0.0308023
67.7319 2.59062 3.86307 0.617245 0.786013 0.0345148
67.7567 2.59601 3.17793 0.621559 0.782852 0.0283874
67.7885 2.59241 2.48677 0.628636 0.777542 0.0156942
67.8053 2.59168 1.85145 0.628317 0.777803 0.0154959
67.8202 2.58224 1.16106 0.625877 0.779921 0.000765706
67.819 2.58119 0.625591 0.628602 0.777717 -0.00385185
67.792 2.59702 0.0594524 0.624363 0.781056 -0.0106594
67.7633 2.61224 -0.448541 0.622287 0.782705 -0.0115162
67.7495 2.61312 -0.957396 0.62142 0.783243 -0.0186742
67.7143 2.61602 -1.53573 0.625562 0.779297 -0.0365124
67.6591 2.6314 -2.19304 0.620133 0.783441 -0.0406911
67.6262 2.6297 -2.73501 0.619701 0.783886 -0.0386455
67.61 2.61415 -3.28031 0.623025 0.781045 -0.0425268
67.5811 2.60017 -3.89643 0.624015 0.780016 -0.0465478
67.5479 2.59533 -4.44072 0.623708 0.780119 -0.04902
67.5029 2.58617 -5.07501 0.623057 0.779857 -0.0601948
67.4534 2.58501 -5.60523 0.621751 0.78084 -0.0609237
67.3978 2.58587 -6.10213 0.618495 0.78279 -0.0685856
67.3301 2.58471 -6.70012 0.627044 0.775076 -0.0779266
67.2539 2.5953 -7.19436 0.621272 0.779189 -0.0827074
67.1688 2.59809 -7.74626 0.614677 0.783889 -0.0876978
67.0961 2.59551 -8.27621 0.598297 0.795828 -0.0932668
67.0058 2.58486 -8.92279 0.598399 0.795176 -0.0980438
66.9232 2.56811 -9.51224 0.604439 0.788354 -0.114679
66.7939 2.56284 -10.2156 0.599079 0.792033 -0.117426
66.6635 2.56209 -10.8698 0.602059 0.789167 -0.121407
66.5584 2.56209 -11.3857 0.602456 0.788605 -0.123082
66.4596 2.56039 -11.8853 0.602344 0.788941 -0.121469
66.3408 2.56132 -12.4618 0.599588 0.791161 -0.120614
66.221 2.57081 -13.0017 0.598149 0.79229 -0.120386
66.1123 2.56848 -13.5167 0.595029 0.792321 -0.134673
65.9845 2.57447 -14.0315 0.58117 0.800705 -0.145141
65.8229 2.588 -14.579 0.58289 0.797003 -0.158121
65.69 2.57371 -15.1741 0.594714 0.790291 -0.147296
65.5408 2.57076 -15.7643 0.599529 0.785379 -0.154092
65.3808 2.57775 -16.3287 0.601708 0.781491 -0.164985
65.2217 2.5854 -16.8401 0.585546 0.790339 -0.179998
65.0471 2.58692 -17.3863 0.577116 0.794303 -0.189789
64.8491 2.56321 -18.0844 0.573294 0.797347 -0.188606
64.6609 2.55721 -18.6494 0.572264 0.796562 -0.194885
64.4742 2.56003 -19.1793 0.557361 0.80649 -0.197265
64.2671 2.55243 -19.7902 0.558529 0.805905 -0.196372
64.0674 2.55312 -20.345 0.555029 0.807173 -0.200956
63.8966 2.54831 -20.8424 0.54699 0.813417 -0.197862
63.6901 2.5429 -21.4133 0.5551 0.805028 -0.20927
63.4849 2.53965 -21.9471 0.548693 0.8048 -0.226346
63.2972 2.53292 -22.4243 0.554261 0.798273 -0.235686
63.1082 2.52624 -22.8957 0.553014 0.799929 -0.232983
62.872 2.53656 -23.4196 0.556823 0.79609 -0.236976
62.6597 2.54616 -23.8757 0.556736 0.794314 -0.243126
62.3624 2.56173 -24.4898 0.556256 0.789438 -0.259397
62.1186 2.54098 -25.0337 0.541617 0.79504 -0.27304
61.8956 2.52947 -25.5022 0.537996 0.795802 -0.277954
61.6327 2.52283 -26.0265 0.534892 0.798187 -0.277094
61.3398 2.52037 -26.5961 0.529825 0.798365 -0.286177
61.0905 2.52155 -27.0489 0.527867 0.797092 -0.293259
60.7566 2.51635 -27.6482 0.520656 0.798709 -0.30163
60.4645 2.51212 -28.1391 0.520025 0.795185 -0.311837
60.1986 2.51336 -28.5763 0.52725 0.785774 -0.323356
59.9222 2.51548 -29.0181 0.529663 0.784879 -0.321536
59.4924 2.57274 -29.5766 0.528275 0.782088 -0.33055
59.005 2.92294 -29.5081 0.51997 0.792732 -0.318091
58.5224 3.33293 -29.2503 0.499184 0.808545 -0.311562
58.0253 3.74905 -28.9648 0.500995 0.809445 -0.306273
57.6676 4.05503 -28.7295 0.493548 0.815582 -0.302045
57.3224 4.34798 -28.4971 0.492629 0.819962 -0.291496
56.898 4.70101 -28.2203 0.488385 0.82429 -0.286389
56.4539 5.05964 -27.9436 0.488705 0.823702 -0.28754
56.0439 5.38374 -27.6994 0.486343 0.82872 -0.27693
55.585 5.7241 -27.4809 0.483063 0.831601 -0.274014
55.1804 6.0321 -27.2534 0.480736 0.834 -0.270807
54.7815 6.34083 -27.01 0.480308 0.834373 -0.270417
54.402 6.62675 -26.801 0.478866 0.834856 -0.271482
54.0027 6.92896 -26.5746 0.477066 0.835795 -0.271758
53.5813 7.23794 -26.3594 0.475261 0.837307 -0.270265
53.1984 7.53555 -26.1118 0.475252 0.837056 -0.271059
52.8441 7.81098 -25.8797 0.474391 0.837984 -0.269696
52.3198 8.20526 -25.5769 0.474113 0.838492 -0.268603
51.9304 8.48922 -25.3778 0.474199 0.838212 -0.269324
51.5448 8.7783 -25.1561 0.473307 0.839004 -0.268426
51.1258 9.09943 -24.8896 0.472633 0.839601 -0.267746
50.7265 9.39811 -24.6595 0.473613 0.84035 -0.263635
50.2891 9.72214 -24.4127 0.475107 0.839954 -0.262201
49.8779 10.0288 -24.1745 0.474199 0.840644 -0.261636
49.3786 10.3998 -23.8945 0.481498 0.837488 -0.258373
49.0005 10.6822 -23.6926 0.48837 0.833239 -0.259242
48.6005 10.9785 -23.4949 0.49003 0.83187 -0.260505
48.2091 11.277 -23.2801 0.492266 0.830523 -0.260587
47.8316 11.5726 -23.05 0.494287 0.830077 -0.25817
47.4641 11.8592 -22.8287 0.493674 0.831708 -0.254064
47.0804 12.1577 -22.5972 0.494348 0.831374 -0.253845
46.6795 12.4664 -22.3668 0.4966 0.830792 -0.251341
46.2782 12.7731 -22.1475 0.498264 0.830051 -0.250491
45.8725 13.0844 -21.923 0.499887 0.8294 -0.249415
45.3994 13.4512 -21.6482 0.50172 0.830152 -0.243154
45.006 13.7573 -21.4197 0.507577 0.826942 -0.241933
44.622 14.0527 -21.2141 0.510398 0.827343 -0.234504
44.192 14.3882 -20.9692 0.511173 0.82756 -0.232048
43.7992 14.6973 -20.7292 0.512418 0.827305 -0.230189
43.3617 15.0388 -20.4744 0.517541 0.825195 -0.226285
42.9721 15.3426 -20.2584 0.52149 0.823772 -0.222369
42.6087 15.6885 -19.8435 0.522847 0.821633 -0.227047
42.7048 15.772 -19.3177 0.523413 0.821622 -0.22578
42.8543 15.8612 -18.6446 0.523275 0.822028 -0.22462
42.9617 15.93 -18.142 0.523388 0.822103 -0.224081
43.1167 15.9843 -17.5734 0.526063 0.822739 -0.215242
43.3698 15.981 -16.9471 0.533277 0.820554 -0.205689
43.6701 15.9356 -16.3337 0.532118 0.823467 -0.196857
43.905 15.8937 -15.8707 0.531612 0.824109 -0.195528
44.1384 15.8514 -15.4162 0.530431 0.824908 -0.195369
44.38 15.8035 -14.9665 0.520424 0.831631 -0.193766
44.6394 15.7459 -14.5148 0.525208 0.828055 -0.196164
44.9004 15.6968 -14.0276 0.520753 0.833711 -0.183688
45.1481 15.6386 -13.5775 0.52145 0.835974 -0.17099
45.4334 15.5695 -13.0282 0.524738 0.835254 -0.164321
45.657 15.5057 -12.6022 0.524441 0.838033 -0.150469
45.7397 15.4827 -12.4372 0.523954 0.839135 -0.146032
