-8.49032 26.0761 0.117003 -0.597181 0.800821 0.0453913
-8.47023 26.1119 -0.559007 -0.596087 0.80227 -0.0127507
-8.41456 26.117 -1.11272 -0.588487 0.80442 -0.0798229
-8.338 26.1077 -1.67694 -0.594277 0.796398 -0.110713
-8.24003 26.0732 -2.34946 -0.578342 0.80359 -0.140454
-8.1441 26.0374 -2.84449 -0.577364 0.793486 -0.192434
-8.04507 25.9792 -3.34007 -0.574681 0.787173 -0.223832
-7.93155 25.9168 -3.82373 -0.559155 0.792898 -0.242194
-7.77962 25.7999 -4.47809 -0.537055 0.79549 -0.28064
-7.68224 25.6833 -4.95997 -0.528719 0.783703 -0.324664
-7.52737 25.4565 -5.69339 -0.490855 0.79177 -0.363539
-7.42829 25.2951 -6.17196 -0.472169 0.795723 -0.379261
-7.3426 25.1106 -6.64913 -0.452137 0.798169 -0.397996
-7.24539 24.8628 -7.24259 -0.436879 0.798148 -0.414843
-7.17018 24.579 -7.83497 -0.414288 0.791157 -0.449928
-7.12899 24.3018 -8.35979 -0.411218 0.793327 -0.448904
-7.11285 24.053 -8.80712 -0.383692 0.798013 -0.464694
-7.11159 23.7395 -9.34249 -0.37555 0.796796 -0.473369
-7.12506 23.4664 -9.78585 -0.360414 0.798867 -0.481553
-7.14782 23.1999 -10.2152 -0.363938 0.795423 -0.484507
-7.18091 22.88 -10.6871 -0.340433 0.799528 -0.494833
-7.23045 22.5569 -11.1552 -0.32333 0.789741 -0.521289
-7.3066 22.2007 -11.657 -0.314153 0.797377 -0.515263
-7.34675 21.9197 -12.0744 -0.306805 0.803136 -0.510728
-6.97765 21.8561 -12.3898 -0.296376 0.801145 -0.51993
-6.53711 22.0756 -12.3023 -0.296341 0.799093 -0.523083
-6.19265 22.3807 -12.0253 -0.282131 0.80066 -0.528531
-5.79135 22.7505 -11.6845 -0.28033 0.794898 -0.538101
-5.31772 23.1368 -11.354 -0.266336 0.794099 -0.546319
-4.91294 23.4561 -11.0922 -0.272505 0.789237 -0.550314
-4.48913 23.785 -10.8276 -0.264531 0.784563 -0.560778
-4.04864 24.1275 -10.5559 -0.253955 0.7801 -0.571796
-3.61938 24.4215 -10.3441 -0.223003 0.775548 -0.590589
-3.1346 24.7222 -10.1241 -0.214041 0.77975 -0.588361
-2.64698 24.9909 -9.93833 -0.191347 0.776649 -0.600156
-2.2396 25.2253 -9.76134 -0.17932 0.786598 -0.590787
-1.78533 25.4333 -9.60855 -0.145625 0.786437 -0.600167
-1.21246 25.6672 -9.42599 -0.0965584 0.78667 -0.609776
-0.717867 25.8442 -9.27129 -0.0715331 0.775371 -0.627441
-0.135323 26.0338 -9.07922 -0.0340954 0.782373 -0.621876
0.496595 26.1946 -8.87657 0.0257053 0.783974 -0.620261
1.05733 26.3064 -8.69747 0.0482581 0.797487 -0.601403
1.54336 26.4042 -8.51066 0.0800831 0.799607 -0.59516
2.05877 26.4928 -8.29725 0.122524 0.787992 -0.603272
2.59523 26.5631 -8.06682 0.155837 0.797581 -0.582734
3.11135 26.6082 -7.8335 0.206496 0.807036 -0.552889
3.65077 26.6409 -7.55738 0.266082 0.8078 -0.525282
4.10526 26.6408 -7.3017 0.302745 0.795993 -0.523885
4.63741 26.6447 -6.94559 0.364938 0.794484 -0.485402
5.11074 26.6141 -6.63022 0.380063 0.801941 -0.460915
5.66658 26.5494 -6.24256 0.436319 0.788247 -0.433779
6.06964 26.4841 -5.93583 0.456793 0.786498 -0.415601
6.57616 26.3905 -5.52407 0.481086 0.783412 -0.393475
6.99322 26.2998 -5.16043 0.50057 0.784657 -0.365709
7.38093 26.1869 -4.81592 0.529794 0.787618 -0.314234
7.83419 26.0261 -4.40569 0.551771 0.785917 -0.278712
8.31828 25.8336 -3.97082 0.565508 0.790403 -0.235036
8.75041 25.6226 -3.60772 0.572273 0.789735 -0.220955
9.15028 25.4083 -3.26183 0.595651 0.785958 -0.164796
9.57537 25.1495 -2.95843 0.582655 0.798668 -0.150418
10.0142 24.8737 -2.62344 0.596678 0.794894 -0.110088
10.4429 24.5889 -2.29844 0.608242 0.787976 -0.09547
10.8464 24.3116 -2.00647 0.602946 0.794377 -0.0735086
11.2721 24.0102 -1.71734 0.611562 0.788098 -0.0699574
11.6427 23.74 -1.5024 0.605461 0.794417 -0.0481545
12.1188 23.3893 -1.25146 0.606622 0.794115 -0.0370365
12.5122 23.1009 -1.05752 0.597913 0.800806 -0.0346216
12.9896 22.751 -0.845343 0.605744 0.794928 -0.034119
13.2203 22.5807 -0.4527 0.609137 0.793013 -0.00908054
13.1786 22.6193 0.106224 0.609779 0.7923 0.00853638
13.0291 22.7096 0.744525 0.603526 0.796309 0.0402121
12.6229 23.0022 1.13033 0.608345 0.790803 0.0656904
12.1564 23.3313 1.3568 0.595718 0.800475 0.0651509
11.7822 23.5918 1.56281 0.599098 0.796074 0.0857178
11.4082 23.8422 1.82306 0.592889 0.799664 0.0949547
11.0111 24.096 2.07837 0.592225 0.796205 0.123803
10.6328 24.3365 2.33675 0.587196 0.796739 0.141893
10.23 24.5724 2.6486 0.588289 0.793219 0.157226
9.7083 24.8586 3.10423 0.588137 0.787071 0.185961
9.36123 25.034 3.42683 0.566162 0.790437 0.23362
8.94399 25.2094 3.80676 0.540913 0.798137 0.265248
8.58697 25.3375 4.13922 0.532323 0.795591 0.288397
8.11889 25.4696 4.56865 0.503558 0.789872 0.349849
7.69452 25.56 4.94732 0.483531 0.793247 0.370077
7.20166 25.6449 5.36323 0.453865 0.795085 0.402218
6.79989 25.6945 5.69281 0.438952 0.791015 0.426121
6.40148 25.7315 6.01239 0.420058 0.78836 0.44942
5.9881 25.7369 6.366 0.399912 0.783913 0.474923
5.48237 25.7285 6.77673 0.37633 0.782733 0.495685
4.97567 25.7124 7.15524 0.332537 0.786769 0.520014
4.51947 25.6887 7.47115 0.31556 0.788094 0.528517
4.08482 25.6789 7.73204 0.289961 0.799123 0.526616
3.52864 25.6828 8.00061 0.245629 0.792867 0.557699
3.02222 25.6792 8.20722 0.199398 0.796256 0.571154
2.3778 25.6674 8.43728 0.189411 0.787814 0.586065
1.7936 25.6398 8.60273 0.108905 0.788616 0.605164
1.30155 25.5958 8.74015 0.0856317 0.789167 0.60818
0.790389 25.5283 8.87693 0.0437432 0.789209 0.612544
0.307351 25.4431 9.00793 0.0123318 0.779394 0.626154
-0.319184 25.2967 9.18387 -0.0260544 0.78857 0.614332
-0.877006 25.1452 9.33721 -0.0624605 0.784912 0.616447
-1.37692 24.9678 9.49078 -0.119449 0.788262 0.603455
-1.84244 24.7852 9.62413 -0.13866 0.793143 0.59304
-2.39093 24.5409 9.80989 -0.17528 0.793142 0.583039
-2.87853 24.4111 9.82671 -0.194566 0.792716 0.577691
-3.49266 24.4647 9.52885 -0.232701 0.788422 0.569422
-4.06206 24.5011 9.21666 -0.275412 0.780516 0.561139
-4.54996 24.529 8.92278 -0.31092 0.773908 0.551386
-5.01797 24.5198 8.64708 -0.337026 0.773518 0.53673
-5.47381 24.4909 8.39386 -0.361505 0.771683 0.523277
-6.06947 24.4156 8.08735 -0.362429 0.786091 0.500705
-6.54549 24.3615 7.81573 -0.385938 0.79128 0.474266
-6.96573 24.3197 7.54086 -0.407484 0.774293 0.484176
-7.33544 24.4649 6.96326 -0.419734 0.782503 0.459895
-7.43564 24.6627 6.50765 -0.439755 0.791225 0.424945
-7.52443 24.9129 5.9549 -0.460156 0.781317 0.421569
-7.64857 25.1171 5.42441 -0.466259 0.787239 0.403556
-7.81063 25.3443 4.76229 -0.493429 0.784358 0.375711
-7.93708 25.4882 4.2539 -0.514396 0.787224 0.340089
-8.05641 25.6289 3.71364 -0.530687 0.799418 0.281606
-8.15906 25.73 3.22474 -0.557252 0.790445 0.25427
-8.26603 25.8071 2.71091 -0.566508 0.793964 0.220495
-8.37052 25.8875 2.08524 -0.577131 0.797855 0.173632
-8.43755 25.9637 1.4355 -0.600196 0.787935 0.137563
-8.46626 26.0202 0.931427 -0.60211 0.790976 0.108723
-8.48804 26.0656 0.333497 -0.599543 0.798156 0.0577172
-8.48933 26.0719 0.204218 -0.597178 0.800823 0.0453917
-14.3547 22.5401 -0.360054 -0.481856 0.875833 0.0265291
-14.337 22.5577 -0.875777 -0.479947 0.877113 -0.0179872
-14.2968 22.563 -1.43402 -0.46777 0.882796 -0.0431555
-14.2297 22.5697 -1.9464 -0.467509 0.882342 -0.0539169
-14.1374 22.5691 -2.45165 -0.4584 0.883706 -0.0944742
-14.0494 22.541 -3.04457 -0.451624 0.882623 -0.130432
-13.924 22.52 -3.58057 -0.454191 0.877475 -0.154104
-13.789 22.4675 -4.22105 -0.45116 0.874177 -0.179498
-13.6744 22.4061 -4.72927 -0.455002 0.863481 -0.217467
-13.5608 22.2951 -5.35194 -0.430113 0.866553 -0.253126
-13.4873 22.1737 -5.86185 -0.407339 0.86179 -0.302276
-13.3964 21.9845 -6.50663 -0.412357 0.849181 -0.329297
-13.3498 21.7932 -7.02261 -0.403852 0.840363 -0.361515
-13.3316 21.5493 -7.6021 -0.395809 0.838131 -0.375329
-13.3497 21.2965 -8.14448 -0.39581 0.83669 -0.37853
-13.4096 21.0564 -8.60478 -0.388208 0.836148 -0.387494
-13.5079 20.7414 -9.17064 -0.386402 0.830957 -0.400251
-13.6383 20.462 -9.62752 -0.377739 0.832947 -0.404358
-13.787 20.1703 -10.0932 -0.371298 0.835484 -0.405095
-13.9708 19.8672 -10.5517 -0.36776 0.836817 -0.405572
-14.178 19.5635 -10.9947 -0.363069 0.840582 -0.40199
-14.4474 19.2404 -11.4283 -0.357405 0.842647 -0.402747
-14.6962 18.9692 -11.7758 -0.354595 0.8442 -0.401981
-14.9584 18.7012 -12.108 -0.352314 0.845046 -0.402209
-15.3375 18.3441 -12.5287 -0.348107 0.846655 -0.402484
-15.6524 18.0739 -12.8274 -0.346354 0.848242 -0.400656
-16.0229 17.7812 -13.1271 -0.3465 0.848652 -0.39966
-16.3787 17.5094 -13.3959 -0.346181 0.849043 -0.399105
-16.7566 17.2355 -13.6518 -0.348365 0.849345 -0.396555
-16.9535 17.0013 -13.9809 -0.347643 0.849525 -0.396801
-16.4772 17.1188 -14.1448 -0.344977 0.850056 -0.39799
-15.9318 17.2437 -14.3463 -0.339726 0.850779 -0.400944
-15.4573 17.3421 -14.5347 -0.333629 0.851165 -0.405227
-14.9351 17.447 -14.7418 -0.329075 0.8516 -0.408029
-14.454 17.5228 -14.9647 -0.324224 0.84894 -0.417349
-13.8937 17.6104 -15.2178 -0.317206 0.850144 -0.420262
-13.3353 17.6953 -15.4619 -0.314156 0.848406 -0.426044
-12.7905 17.77 -15.7084 -0.308108 0.849296 -0.428679
-12.2416 17.8296 -15.9837 -0.304381 0.84782 -0.434228
-11.785 17.8734 -16.2108 -0.297047 0.84702 -0.440818
-11.2339 17.922 -16.48 -0.28912 0.845707 -0.448529
-10.7507 17.9612 -16.7165 -0.286295 0.84468 -0.452272
-10.2512 17.977 -16.9938 -0.276881 0.844326 -0.458748
-9.68811 17.9756 -17.3249 -0.268023 0.844878 -0.462955
-9.081 17.9732 -17.6753 -0.263436 0.843968 -0.467247
-8.47827 17.9668 -18.0069 -0.245788 0.846024 -0.473109
-8.01589 17.9586 -18.2524 -0.230753 0.846529 -0.479726
-7.55762 17.928 -18.5217 -0.224241 0.844662 -0.486068
-7.11854 17.8826 -18.7991 -0.218437 0.842809 -0.491892
-6.51242 17.8103 -19.1804 -0.203317 0.844413 -0.495591
-6.09047 17.753 -19.4467 -0.19835 0.84299 -0.500019
-5.62983 17.6746 -19.7568 -0.189359 0.844664 -0.500685
-5.16935 17.5707 -20.103 -0.184006 0.846215 -0.500062
-4.78944 17.4666 -20.4145 -0.177044 0.847242 -0.500836
-4.36421 17.3537 -20.7535 -0.171214 0.848021 -0.501536
-3.92664 17.2433 -21.0872 -0.164988 0.849304 -0.50146
-3.47437 17.183 -21.336 -0.161421 0.849876 -0.501652
-3.43146 17.4779 -20.8517 -0.160551 0.848083 -0.504948
-3.35185 17.8639 -20.2318 -0.164037 0.845606 -0.507978
-3.24878 18.1607 -19.7736 -0.163804 0.843258 -0.511941
-3.07486 18.496 -19.2798 -0.165491 0.841271 -0.514661
-2.89396 18.7984 -18.8461 -0.166044 0.838273 -0.519352
-2.69871 19.1021 -18.4206 -0.16438 0.836006 -0.523502
-2.51926 19.378 -18.0365 -0.161679 0.834398 -0.526915
-2.31539 19.6595 -17.6547 -0.159055 0.833377 -0.529325
-2.08996 19.9365 -17.2903 -0.161337 0.829467 -0.534747
-1.75262 20.2595 -16.8907 -0.156343 0.826765 -0.540382
-1.41219 20.5488 -16.5478 -0.151494 0.826025 -0.542877
-1.0518 20.8377 -16.2103 -0.14513 0.824601 -0.546766
-0.6609 21.1051 -15.9121 -0.138705 0.820529 -0.55452
-0.165519 21.4178 -15.5674 -0.125021 0.822465 -0.554907
0.33736 21.7112 -15.242 -0.111915 0.821242 -0.559497
0.753481 21.9325 -14.9955 -0.0941496 0.825825 -0.555957
1.31214 22.182 -14.7076 -0.076301 0.826352 -0.557961
1.82474 22.3718 -14.4882 -0.0642856 0.831946 -0.55112
2.38145 22.5275 -14.298 -0.0300341 0.839411 -0.542586
2.8956 22.6344 -14.1396 0.00216842 0.860346 -0.509623
3.42672 22.7245 -13.9657 0.0336031 0.863794 -0.502724
4.07841 22.8159 -13.7446 0.0533451 0.872537 -0.485546
4.55859 22.8775 -13.5662 0.062207 0.88159 -0.467895
5.2023 22.9551 -13.3098 0.0823099 0.88923 -0.449979
5.67944 23.0107 -13.1057 0.0911469 0.88995 -0.446857
6.15747 23.0536 -12.8635 0.137393 0.898678 -0.416446
6.65568 23.0748 -12.61 0.204946 0.895127 -0.395911
7.10663 23.0857 -12.3386 0.21754 0.902672 -0.371295
7.65207 23.0874 -11.9852 0.235038 0.906769 -0.350038
8.12604 23.0727 -11.6657 0.266806 0.910681 -0.315395
8.53577 23.0498 -11.3649 0.290054 0.904994 -0.311215
9.0833 23.0029 -10.9401 0.329866 0.897019 -0.293891
9.54641 22.9385 -10.537 0.368594 0.889186 -0.271023
10.0547 22.8218 -10.1585 0.398346 0.885553 -0.238572
10.5514 22.6954 -9.72894 0.437352 0.872125 -0.219353
10.9182 22.5844 -9.39876 0.466332 0.859814 -0.207976
11.3514 22.4185 -9.04733 0.497673 0.847072 -0.186345
11.7291 22.2545 -8.75549 0.513359 0.838474 -0.182821
12.1169 22.0784 -8.46152 0.517165 0.838007 -0.174025
12.5263 21.879 -8.18326 0.527501 0.832259 -0.170554
12.9334 21.672 -7.92792 0.533471 0.82769 -0.174179
13.3746 21.4349 -7.69701 0.534802 0.828823 -0.164434
13.8718 21.1604 -7.45691 0.537878 0.827641 -0.160302
14.3544 20.8813 -7.27128 0.540322 0.826677 -0.157023
14.7739 20.6322 -7.14245 0.540016 0.828716 -0.147012
15.2394 20.3485 -7.03409 0.538488 0.829915 -0.145842
15.7124 20.0546 -6.96053 0.537289 0.831652 -0.140258
16.287 19.6977 -6.885 0.535805 0.833881 -0.132496
16.7403 19.4138 -6.84224 0.533324 0.835693 -0.13106
17.1909 19.1291 -6.83257 0.531762 0.837484 -0.125895
17.6571 18.8295 -6.87291 0.526326 0.841421 -0.122419
18.1657 18.4993 -6.96853 0.523437 0.843596 -0.119832
18.6226 18.198 -7.09793 0.523526 0.843968 -0.116783
19.0411 17.9224 -7.22053 0.522611 0.844747 -0.115231
19.4771 17.6478 -7.25448 0.523053 0.844618 -0.114172
19.4744 17.7174 -6.74663 0.523416 0.844681 -0.112023
19.4396 17.8103 -6.17584 0.527669 0.843178 -0.103014
19.4044 17.8957 -5.64915 0.530066 0.842053 -0.0998404
19.367 17.9775 -5.13359 0.53377 0.840622 -0.0918639
19.3253 18.0571 -4.63798 0.536706 0.838891 -0.0906021
19.2997 18.1275 -4.07696 0.542425 0.836424 -0.0785512
19.2537 18.2 -3.57577 0.546404 0.83481 -0.0673254
19.1976 18.2808 -2.94957 0.549724 0.833484 -0.0557307
19.1438 18.3542 -2.31137 0.552609 0.832417 -0.0412922
19.0592 18.4355 -1.65833 0.550495 0.834409 -0.026712
18.9698 18.509 -1.13147 0.555297 0.831646 -0.00149301
18.8826 18.5665 -0.569281 0.554025 0.832499 0.00129209
18.827 18.5929 -0.0607195 0.555801 0.831124 0.017828
18.7608 18.6158 0.458392 0.558097 0.828537 0.0453161
18.6774 18.643 0.97618 0.556216 0.829321 0.053395
18.5655 18.6752 1.59523 0.551503 0.831848 0.0622454
18.4706 18.6897 2.19116 0.553401 0.830014 0.0693262
18.3724 18.7069 2.7256 0.549686 0.831348 0.0818892
18.2882 18.7121 3.22324 0.546551 0.832456 0.0911002
18.2385 18.6879 3.73495 0.546963 0.831749 0.0949966
18.2018 18.6511 4.24802 0.547447 0.830722 0.101004
18.1658 18.611 4.75299 0.540731 0.834299 0.107436
18.1228 18.5491 5.40371 0.537862 0.834337 0.120777
18.0784 18.4935 5.9705 0.53163 0.837716 0.124907
18.0463 18.4323 6.49746 0.529865 0.837849 0.131338
17.8227 18.511 6.87805 0.526085 0.839523 0.135749
17.3988 18.7792 6.87773 0.528961 0.836911 0.140582
16.941 19.0702 6.86422 0.526797 0.836702 0.149712
16.4412 19.3855 6.8675 0.528629 0.835011 0.152673
15.9954 19.6645 6.89984 0.530544 0.831065 0.166894
15.5026 19.9643 6.98506 0.536692 0.82698 0.167518
15.0078 20.2614 7.0967 0.536736 0.824835 0.177657
14.5846 20.5162 7.20201 0.536507 0.821118 0.194575
14.089 20.7953 7.37706 0.533175 0.821092 0.203789
13.5773 21.0597 7.6298 0.526565 0.821492 0.218815
13.1407 21.2637 7.90036 0.520618 0.817605 0.245924
12.748 21.4261 8.18022 0.509594 0.823039 0.250842
12.2599 21.6006 8.55222 0.486257 0.830668 0.271191
11.8837 21.7141 8.87072 0.465062 0.83859 0.283344
11.3893 21.8348 9.28309 0.443908 0.842468 0.305275
11.0078 21.9008 9.64803 0.437819 0.842149 0.314801
10.5797 21.9636 10.0384 0.417924 0.841727 0.341811
10.1953 21.996 10.3693 0.369484 0.854716 0.364543
9.80759 22.0107 10.7202 0.345159 0.84457 0.409304
9.35644 22.0043 11.1022 0.307687 0.855824 0.415806
8.90921 21.9893 11.4519 0.302327 0.84788 0.435543
8.43343 21.978 11.7882 0.282765 0.844431 0.45495
8.009 21.9694 12.0651 0.277962 0.844754 0.457305
7.44716 21.957 12.4226 0.27171 0.84406 0.462314
6.88899 21.9441 12.7606 0.244773 0.847738 0.47056
6.27471 21.9463 13.0683 0.236397 0.8485 0.47346
5.78546 21.9436 13.2872 0.209873 0.840985 0.49858
5.32146 21.937 13.4802 0.183094 0.847113 0.498875
4.81213 21.9383 13.6648 0.177642 0.850944 0.49428
4.32364 21.9418 13.8214 0.165744 0.854583 0.49215
3.8439 21.9447 13.9664 0.14715 0.862874 0.483523
3.35021 21.9388 14.1091 0.0990327 0.866715 0.488873
2.84575 21.9233 14.2347 0.0897137 0.864928 0.493769
2.26038 21.8571 14.404 0.0229006 0.866532 0.498596
1.78611 21.7591 14.5566 -0.0299267 0.85084 0.524573
1.22314 21.5976 14.7704 -0.0507264 0.845648 0.531325
0.713424 21.3958 15.0148 -0.0902996 0.843225 0.52987
0.192916 21.1475 15.2962 -0.116987 0.837041 0.534488
-0.268513 20.8885 15.5898 -0.132348 0.836381 0.531931
-0.647401 20.6435 15.8687 -0.153677 0.830328 0.535667
-1.09915 20.3305 16.2223 -0.159502 0.8283 0.537102
-1.49958 19.9959 16.6194 -0.164652 0.830248 0.53252
-1.76381 19.7301 16.9506 -0.16816 0.831192 0.529945
-2.03947 19.4449 17.3101 -0.171566 0.830963 0.529213
-2.44062 19.3594 17.3107 -0.179533 0.829942 0.528171
-2.80989 19.4805 16.9933 -0.184248 0.829777 0.526799
-3.20199 19.6168 16.6352 -0.196184 0.828797 0.52403
-3.64028 19.756 16.2506 -0.204248 0.822974 0.530091
-4.17565 19.9182 15.7903 -0.213221 0.819529 0.531892
-4.73891 20.0713 15.3266 -0.219053 0.818823 0.530607
-5.14645 20.1645 15.0114 -0.233727 0.814379 0.531187
-5.6191 20.2555 14.6604 -0.24393 0.814496 0.526355
-6.15469 20.3287 14.2859 -0.257189 0.815431 0.51858
-6.69555 20.3764 13.9349 -0.265243 0.815428 0.514513
-7.26883 20.4002 13.5866 -0.279953 0.817788 0.502841
-7.77768 20.3947 13.3062 -0.286737 0.818676 0.497545
-8.24686 20.3666 13.0721 -0.295152 0.821944 0.487113
-8.76726 20.3143 12.8357 -0.314164 0.815532 0.486013
-9.35733 20.2309 12.5784 -0.330748 0.817873 0.470838
-9.82346 20.1728 12.3492 -0.345245 0.816229 0.463224
-10.2982 20.1341 12.0624 -0.349052 0.818069 0.457082
-10.7507 20.1171 11.7424 -0.359462 0.817686 0.449641
-11.2347 20.0985 11.3878 -0.360888 0.822448 0.439703
-11.7061 20.0665 11.0569 -0.367247 0.822669 0.433987
-12.1916 20.0011 10.7644 -0.375233 0.823946 0.424634
-12.6902 19.8953 10.5264 -0.381427 0.826772 0.413475
-13.2203 19.7424 10.3404 -0.380811 0.82868 0.410177
-13.7753 19.5888 10.1322 -0.381155 0.833859 0.399238
-13.6823 19.9114 9.54534 -0.391407 0.832245 0.392626
-13.5601 20.1778 9.10872 -0.399944 0.829008 0.390863
-13.4689 20.4389 8.65396 -0.409244 0.825736 0.388141
-13.4071 20.6885 8.18916 -0.416905 0.82326 0.38525
-13.374 20.9188 7.73163 -0.424641 0.82258 0.378209
-13.3681 21.1725 7.18584 -0.43056 0.822401 0.371853
-13.4063 21.3864 6.65919 -0.435274 0.825992 0.358153
-13.4867 21.5871 6.0856 -0.435306 0.831666 0.344733
-13.567 21.7566 5.5549 -0.447515 0.833281 0.324473
-13.6954 21.9128 4.94264 -0.454654 0.842196 0.289821
-13.8101 22.0242 4.42619 -0.464344 0.841307 0.276653
-13.9242 22.1169 3.9222 -0.464863 0.855395 0.228477
-14.0424 22.1962 3.37048 -0.469841 0.854979 0.219681
-14.1261 22.2697 2.85908 -0.473851 0.860661 0.186326
-14.1967 22.3298 2.35423 -0.479738 0.862795 0.159488
-14.2748 22.3811 1.82325 -0.483801 0.862264 0.149793
-14.3217 22.4304 1.32116 -0.488741 0.865992 0.105787
-14.3719 22.4571 0.819004 -0.492723 0.865713 0.0878955
-14.3864 22.5017 0.20342 -0.482997 0.87345 0.0594619
-14.3649 22.5282 -0.188953 -0.48307 0.875013 0.0315618
-5.51304 28.2002 -2.44074 -0.608792 0.77547 -0.16739
-4.94084 28.6115 -2.49718 -0.595913 0.766288 -0.240189
-4.36189 29.0233 -2.55973 -0.575725 0.763171 -0.293448
-3.82143 29.3883 -2.6337 -0.557714 0.746883 -0.362107
-3.33371 29.6947 -2.70536 -0.511999 0.771016 -0.378669
-2.87954 29.8975 -2.75145 -0.378454 0.838743 -0.391514
-2.33311 30.1467 -2.8061 -0.431228 0.814092 -0.388968
-1.8219 30.3318 -2.84715 -0.292709 0.837242 -0.461896
-1.21878 30.4942 -2.88815 -0.191768 0.858055 -0.47641
-0.59586 30.5845 -2.90953 -0.0841302 0.881879 -0.463908
-0.020727 30.6313 -2.94262 -0.103139 0.8676 -0.486449
0.520253 30.6396 -2.96914 0.0360334 0.897784 -0.43896
1.10582 30.628 -2.9644 0.0645821 0.919458 -0.387849
1.72886 30.5123 -2.94651 0.226796 0.824426 -0.518542
2.20787 30.3434 -2.90765 0.379841 0.839363 -0.388833
2.80233 30.0826 -2.83885 0.414926 0.829289 -0.37432
3.26326 29.8597 -2.8021 0.46104 0.813583 -0.354295
3.86367 29.5465 -2.75674 0.462482 0.830014 -0.311747
4.39226 29.2372 -2.70808 0.550097 0.784809 -0.285426
4.98004 28.8336 -2.64632 0.586707 0.772144 -0.244067
5.4005 28.5397 -2.61495 0.565993 0.79 -0.235695
5.74277 28.288 -2.58439 0.59743 0.755784 -0.268083
2.64391 27.9406 5.43585 0.306632 0.748899 0.587476
2.16612 28.0832 5.49781 0.289223 0.750752 0.593904
1.56755 28.2478 5.55973 0.284578 0.733212 0.617589
0.988987 28.367 5.6197 0.129013 0.750919 0.64767
0.322661 28.4204 5.65334 0.00824215 0.741709 0.670671
-0.178094 28.4145 5.65216 -0.0336434 0.727668 0.685104
-0.807159 28.3747 5.62838 -0.141735 0.73746 0.660352
-1.41328 28.2622 5.58125 -0.228461 0.738264 0.634643
-1.91823 28.1491 5.52311 -0.254177 0.749 0.611877
-2.58078 27.9535 5.44774 -0.300533 0.729538 0.614374
-3.15664 27.7466 5.38739 -0.343162 0.7375 0.581665
-3.70449 27.5372 5.31171 -0.381237 0.732897 0.563489
-4.17842 27.3444 5.23493 -0.399672 0.745034 0.534029
-4.62213 27.1458 5.16922 -0.410496 0.745496 0.525098
-4.66481 27.1264 5.16345 -0.433011 0.742739 0.510726
