-21.8536 11.968 -24.5123 -0.336501 0.849825 -0.405666
-21.4975 12.3085 -24.101 -0.340226 0.845602 -0.41134
-21.1081 12.5733 -23.8787 -0.337379 0.84604 -0.412786
-20.7316 12.836 -23.6504 -0.339681 0.844617 -0.413811
-20.3446 13.104 -23.4155 -0.337017 0.846393 -0.41235
-19.9193 13.3955 -23.1578 -0.328598 0.850304 -0.411101
-19.4583 13.7076 -22.8839 -0.327825 0.849436 -0.413507
-18.9325 14.0535 -22.5853 -0.327646 0.851345 -0.409708
-18.3747 14.4211 -22.2695 -0.329393 0.850282 -0.410512
-17.9924 14.6911 -22.016 -0.324281 0.851074 -0.41293
-17.5758 14.9712 -21.759 -0.316252 0.853143 -0.414888
-17.0846 15.2811 -21.4937 -0.302841 0.853356 -0.424334
-16.6548 15.5523 -21.2538 -0.298693 0.852988 -0.428011
-16.1489 15.8784 -20.9547 -0.296627 0.854231 -0.426968
-15.7375 16.1426 -20.7117 -0.296971 0.853742 -0.427706
-15.3068 16.4227 -20.4528 -0.298127 0.852755 -0.42887
-14.8087 16.744 -20.1643 -0.298887 0.849184 -0.435374
-14.3386 17.0446 -19.9003 -0.29765 0.85085 -0.432966
-13.9006 17.3213 -19.6593 -0.302056 0.849324 -0.432909
-13.4255 17.6248 -19.3835 -0.28961 0.854883 -0.430466
-13.0225 17.8888 -19.131 -0.287015 0.852666 -0.436555
-12.6207 18.1698 -18.8447 -0.283087 0.853511 -0.437461
-12.2553 18.4371 -18.5597 -0.282942 0.851691 -0.441097
-11.8447 18.7422 -18.2399 -0.288453 0.845963 -0.448476
-11.4911 19.0158 -17.9525 -0.282896 0.846062 -0.451828
-11.0931 19.3377 -17.6052 -0.281866 0.842881 -0.458305
-10.6339 19.7075 -17.204 -0.279864 0.841652 -0.461839
-10.2478 20.0385 -16.8368 -0.283737 0.838236 -0.465657
-9.85583 20.3841 -16.4586 -0.27799 0.835033 -0.474807
-9.57482 20.6593 -16.1402 -0.27793 0.833855 -0.476908
-9.27165 20.9425 -15.8253 -0.27996 0.830102 -0.482237
-9.06595 21.2182 -15.4743 -0.291458 0.82646 -0.48168
-8.82088 21.5389 -15.0777 -0.294312 0.821995 -0.487549
-8.49052 21.8097 -14.8205 -0.289772 0.821091 -0.491774
-8.40641 22.1005 -14.3892 -0.288679 0.818011 -0.497506
-8.1481 22.4257 -14.0054 -0.293661 0.813946 -0.501213
-7.99151 22.7707 -13.5422 -0.297837 0.812233 -0.501569
-7.84904 23.0886 -13.1091 -0.308612 0.811365 -0.496433
-7.65783 23.4496 -12.6395 -0.310725 0.809115 -0.498781
-7.49188 23.8561 -12.0858 -0.30891 0.807545 -0.50244
-7.40031 24.1844 -11.6191 -0.323584 0.79878 -0.507192
-7.32454 24.4934 -11.1838 -0.337784 0.794204 -0.504968
-7.26283 24.8499 -10.6692 -0.366383 0.780539 -0.50648
-7.21814 25.1489 -10.2323 -0.363243 0.785581 -0.500901
-7.17501 25.4366 -9.81155 -0.37859 0.788626 -0.484498
-7.13235 25.7531 -9.33501 -0.378501 0.784624 -0.491021
-7.1259 26.0394 -8.87856 -0.390239 0.786495 -0.478684
-7.15552 26.3304 -8.37517 -0.409337 0.780217 -0.472974
-7.22203 26.6374 -7.7969 -0.433362 0.773253 -0.462901
-7.30319 26.8758 -7.28394 -0.450676 0.789675 -0.415854
-7.4175 27.1476 -6.60793 -0.476091 0.788593 -0.389176
-7.54841 27.3842 -5.9576 -0.475841 0.793159 -0.380097
-7.65345 27.5436 -5.46826 -0.482381 0.807658 -0.338504
-7.75972 27.6724 -4.97137 -0.497088 0.809949 -0.311265
-7.90469 27.8027 -4.35679 -0.516715 0.810232 -0.276578
-8.06301 27.9006 -3.75695 -0.527123 0.806764 -0.266969
-8.18955 27.9784 -3.22654 -0.541757 0.807091 -0.234737
-8.30515 28.0394 -2.71608 -0.576992 0.800337 -0.162913
-8.4004 28.0813 -2.15684 -0.581194 0.79922 -0.153168
-8.50139 28.1191 -1.47102 -0.581845 0.804789 -0.117347
-8.57574 28.1245 -0.9368 -0.583563 0.807768 -0.0834519
-8.62869 28.1094 -0.439438 -0.593574 0.80469 -0.010578
-8.64439 28.0929 0.0722772 -0.590454 0.80662 0.0269625
-8.63305 28.0637 0.637655 -0.599832 0.797309 0.0670012
-8.60421 28.0327 1.14223 -0.598926 0.792582 0.11446
-8.55734 27.9843 1.67439 -0.596117 0.786797 0.159371
-8.47889 27.9084 2.2517 -0.587192 0.782286 0.207927
-8.35226 27.8174 2.86899 -0.566343 0.784367 0.252958
-8.19708 27.7117 3.48001 -0.55581 0.782821 0.279761
-8.07689 27.5525 4.08939 -0.533747 0.783905 0.317178
-7.94208 27.4246 4.59812 -0.527388 0.779435 0.338023
-7.81673 27.2773 5.07949 -0.504758 0.775243 0.379648
-7.6835 27.0878 5.62752 -0.492081 0.776225 0.394029
-7.57177 26.9087 6.09489 -0.44588 0.787238 0.425631
-7.45492 26.6525 6.64779 -0.445222 0.768629 0.459333
-7.3617 26.4206 7.11493 -0.420757 0.7704 0.479006
-7.27813 26.1121 7.68297 -0.41155 0.77435 0.480629
-7.2271 25.8558 8.1358 -0.387087 0.781942 0.488577
-7.18397 25.5537 8.65394 -0.383347 0.782319 0.490941
-7.1584 25.2721 9.11032 -0.370581 0.778293 0.506883
-7.15263 24.9079 9.67662 -0.349649 0.785556 0.510537
-7.16525 24.6224 10.1116 -0.3457 0.792251 0.502803
-7.20061 24.3314 10.5459 -0.334906 0.800669 0.496757
-7.30079 23.9735 11.059 -0.321555 0.808715 0.492527
-7.40992 23.6214 11.5662 -0.316707 0.8093 0.494701
-7.52648 23.2706 12.0663 -0.309482 0.810458 0.497372
-7.64882 22.9323 12.5424 -0.308869 0.811325 0.496339
-7.80691 22.6127 12.9638 -0.29714 0.811694 0.502842
-7.96149 22.3201 13.3481 -0.295229 0.813656 0.500802
-8.12744 21.9949 13.783 -0.289452 0.816803 0.499047
-8.33875 21.6451 14.2369 -0.291982 0.817189 0.496922
-8.46536 21.3167 14.707 -0.286297 0.821557 0.493019
-8.83306 21.0187 14.9934 -0.284369 0.823203 0.491397
-9.08276 20.7153 15.3593 -0.28692 0.824925 0.487006
-9.32995 20.4253 15.707 -0.28125 0.828873 0.4836
-9.62321 20.0406 16.1934 -0.283753 0.826864 0.485571
-9.89813 19.7632 16.5149 -0.282002 0.832875 0.476228
-10.2604 19.4123 16.9208 -0.280675 0.837499 0.468846
-10.5936 19.1079 17.2656 -0.277829 0.837765 0.470066
-10.9535 18.8142 17.5743 -0.282509 0.836111 0.47022
-11.4473 18.4469 17.9346 -0.279836 0.83817 0.468147
-11.8112 18.172 18.2045 -0.28407 0.838794 0.464456
-12.2153 17.8745 18.4936 -0.287977 0.839775 0.460254
-12.6526 17.5607 18.7914 -0.291043 0.841733 0.454716
-13.03 17.2982 19.0357 -0.298105 0.841605 0.450371
-13.4645 16.9995 19.3044 -0.303273 0.839507 0.450836
-13.9295 16.676 19.5905 -0.30687 0.838021 0.451166
-14.3826 16.3633 19.8605 -0.309886 0.837668 0.449759
-14.8256 16.0526 20.1335 -0.308409 0.838814 0.448627
-15.2159 15.7776 20.3841 -0.302511 0.844651 0.441647
-15.6024 15.5118 20.6258 -0.305637 0.846356 0.436197
-15.701 15.2655 21.033 -0.308443 0.843998 0.438782
-15.2249 15.2945 21.3065 -0.300313 0.845991 0.440581
-14.7467 15.3561 21.5138 -0.299776 0.844913 0.443009
-14.2084 15.4137 21.7626 -0.290904 0.842852 0.452743
-13.6667 15.4697 22.0055 -0.288498 0.841315 0.457119
-13.2122 15.5076 22.2214 -0.287546 0.840082 0.459977
-12.7479 15.5309 22.4691 -0.288127 0.839174 0.461271
-12.2408 15.5573 22.7365 -0.287041 0.838028 0.464023
-11.7337 15.5833 22.9919 -0.275785 0.838244 0.470415
-11.0997 15.6019 23.2978 -0.24881 0.837676 0.486198
-10.6371 15.6115 23.517 -0.247261 0.838593 0.485411
-10.028 15.6768 23.7097 -0.241888 0.839284 0.486922
-9.97823 15.9919 23.1921 -0.237507 0.840615 0.486755
-9.99801 16.2656 22.704 -0.234798 0.844735 0.48093
-10.0064 16.579 22.1457 -0.239812 0.844966 0.478034
-9.99332 16.8522 21.6684 -0.234877 0.847554 0.475904
-9.98466 17.1029 21.2222 -0.249385 0.847122 0.469245
-9.97769 17.3811 20.7238 -0.249123 0.84722 0.469208
-9.95835 17.6348 20.2728 -0.256908 0.848866 0.461979
-9.92742 17.9382 19.736 -0.256523 0.846685 0.466177
-9.87125 18.2522 19.1985 -0.267064 0.842656 0.467555
-9.78835 18.5367 18.7402 -0.267206 0.836347 0.478646
-9.69686 18.8186 18.3007 -0.274004 0.835738 0.475881
-9.60808 19.0942 17.865 -0.271249 0.838318 0.472914
-9.48929 19.4092 17.3778 -0.271997 0.836968 0.47487
-9.36117 19.7768 16.8038 -0.272892 0.83541 0.477096
-9.15792 20.1363 16.2985 -0.275249 0.828844 0.487083
-9.06127 20.411 15.8885 -0.28156 0.825343 0.489378
-8.89505 20.7058 15.486 -0.286034 0.825457 0.486626
-8.65574 21.0368 15.0657 -0.284419 0.823161 0.491438
-8.4261 21.2632 14.8193 -0.281313 0.823474 0.492688
-8.23968 21.5993 14.3692 -0.282318 0.820019 0.497859
-7.96166 21.8968 14.0388 -0.284469 0.817936 0.500054
-7.64268 22.2374 13.6673 -0.288693 0.814329 0.503512
-7.33548 22.5641 13.3179 -0.293246 0.811204 0.50592
-7.04352 22.9166 12.9287 -0.294583 0.807393 0.511188
-6.73752 23.244 12.5893 -0.301313 0.80406 0.512541
-6.36921 23.6247 12.1991 -0.300993 0.808333 0.50593
-5.96727 24.0427 11.779 -0.303056 0.802239 0.514363
-5.6395 24.3378 11.5081 -0.286086 0.79565 0.533944
-5.28552 24.6264 11.2719 -0.293026 0.790463 0.53787
-4.76254 25.0261 10.946 -0.261338 0.797852 0.543263
-4.21432 25.4003 10.6651 -0.242604 0.792606 0.559285
-3.82728 25.6543 10.4698 -0.232779 0.790034 0.567151
-3.40684 25.9132 10.2776 -0.224949 0.793489 0.565485
-2.97694 26.1607 10.1 -0.212664 0.788133 0.577594
-2.52029 26.4046 9.93023 -0.194964 0.78592 0.586786
-1.97678 26.6792 9.74195 -0.188199 0.77583 0.60222
-1.51154 26.8908 9.59336 -0.156915 0.787576 0.595896
-0.93358 27.1193 9.42831 -0.108746 0.792158 0.600428
-0.364513 27.2967 9.27416 -0.0690722 0.792469 0.605989
0.122551 27.4274 9.13386 -0.0346828 0.791456 0.610241
0.628163 27.5411 8.99149 0.0166443 0.791047 0.611147
1.17728 27.6166 8.85399 0.0688164 0.794358 0.60353
1.75448 27.6737 8.70276 0.0983745 0.798511 0.593888
2.27228 27.7009 8.56954 0.131466 0.793507 0.594191
2.7896 27.72 8.41813 0.161877 0.815496 0.555664
3.30567 27.747 8.21965 0.196069 0.799594 0.567632
3.94438 27.768 7.94249 0.223836 0.793395 0.565835
4.55257 27.7712 7.63865 0.290389 0.79396 0.534137
4.98896 27.7708 7.37416 0.346657 0.781105 0.519331
5.39934 27.7649 7.0876 0.378914 0.785802 0.488793
5.78967 27.7664 6.76967 0.398048 0.786741 0.471801
6.19519 27.768 6.3936 0.430785 0.790502 0.435351
6.57015 27.7572 6.0186 0.444632 0.795899 0.41091
6.98467 27.7191 5.61508 0.465039 0.802547 0.373307
7.38823 27.6528 5.22797 0.486294 0.803489 0.34336
7.77586 27.552 4.90192 0.513571 0.794907 0.323058
8.15504 27.4328 4.5697 0.524157 0.799907 0.292248
8.51923 27.3055 4.24686 0.532831 0.807179 0.254074
8.98329 27.1196 3.84568 0.542396 0.806196 0.236322
9.47304 26.9146 3.42576 0.534676 0.81587 0.220051
9.83579 26.7472 3.11288 0.557302 0.809623 0.184188
10.1912 26.5567 2.81067 0.586972 0.796664 0.14419
10.5855 26.3119 2.5042 0.601276 0.789468 0.123099
10.9578 26.0651 2.25084 0.599458 0.793173 0.107362
11.3638 25.7954 1.97781 0.594004 0.79951 0.0891288
11.7302 25.5465 1.74366 0.598301 0.798373 0.0680985
12.2172 25.2059 1.46721 0.599198 0.797308 0.072534
12.6495 24.8954 1.2355 0.60149 0.797055 0.0539792
13.0943 24.5696 1.01669 0.605306 0.795202 0.0354556
13.4853 24.2856 0.848238 0.594404 0.803052 0.0422577
13.9005 23.9889 0.694293 0.585064 0.810166 0.035621
14.3428 23.6748 0.553871 0.581433 0.813108 0.0279863
14.8323 23.3305 0.435031 0.579259 0.814699 0.0269387
15.2556 23.0325 0.353959 0.578921 0.814978 0.0257078
15.674 22.7375 0.284659 0.578877 0.81513 0.0215451
16.0887 22.4455 0.211124 0.575525 0.817602 0.0172621
16.5096 22.1504 0.110573 0.57345 0.819182 0.00979165
16.7271 22.0002 -0.0883535 0.575248 0.817941 0.00786918
16.2769 22.3177 -0.0627999 0.580343 0.814276 0.0124992
15.7909 22.6647 -0.113947 0.580099 0.814372 0.0163483
15.2485 23.0528 -0.214208 0.577748 0.816054 0.0160431
14.8144 23.3616 -0.311396 0.579919 0.814543 0.014379
14.3747 23.6782 -0.421486 0.579858 0.814587 0.0143472
13.9096 24.0129 -0.560794 0.594192 0.804286 0.00520699
13.5238 24.2991 -0.703915 0.592414 0.805424 -0.0181785
13.0468 24.6425 -0.888715 0.587936 0.808801 -0.0131203
12.6256 24.9451 -1.06528 0.597671 0.800882 -0.0371237
12.1583 25.2829 -1.28337 0.602848 0.796726 -0.0415314
11.7017 25.6202 -1.52654 0.608891 0.791309 -0.0554627
11.2571 25.9475 -1.7985 0.618946 0.783482 -0.0553419
10.8879 26.2163 -2.02817 0.610229 0.788448 -0.0772656
10.4447 26.5296 -2.32058 0.619447 0.779993 -0.0888596
10.0184 26.8126 -2.65084 0.611524 0.782643 -0.116124
9.59681 27.0813 -2.96211 0.60598 0.783297 -0.138605
9.25114 27.2906 -3.25644 0.60682 0.778265 -0.161475
8.86322 27.5048 -3.60553 0.595453 0.782758 -0.180633
8.45769 27.7178 -3.96591 0.562575 0.800263 -0.207576
8.02946 27.9006 -4.39271 0.553668 0.798242 -0.237197
7.6126 28.0611 -4.78585 0.533793 0.805658 -0.256867
7.23297 28.1821 -5.16018 0.527654 0.801895 -0.28026
6.81511 28.2846 -5.53868 0.475713 0.813651 -0.334168
6.41224 28.3699 -5.88512 0.45584 0.815111 -0.357017
5.99509 28.4281 -6.22361 0.422142 0.810729 -0.405563
5.52535 28.477 -6.58009 0.395414 0.807408 -0.437826
4.97294 28.5053 -6.99959 0.361036 0.814712 -0.45376
4.49576 28.5271 -7.29876 0.317289 0.803643 -0.503432
3.99137 28.5248 -7.58415 0.267432 0.805763 -0.528419
3.48388 28.5166 -7.8438 0.255954 0.804508 -0.535947
3.01559 28.4807 -8.08878 0.221543 0.794364 -0.565525
2.53708 28.45 -8.29889 0.189201 0.794666 -0.576809
1.96081 28.4204 -8.51815 0.172656 0.781894 -0.599025
1.40401 28.3594 -8.70665 0.105732 0.794943 -0.5974
0.930808 28.2954 -8.86838 0.0716055 0.784632 -0.615481
0.414704 28.183 -9.03948 0.0131611 0.777532 -0.628705
-0.0957726 28.0345 -9.22076 -0.0712686 0.799836 -0.595965
-0.563037 27.8767 -9.36562 -0.107737 0.796754 -0.594582
-1.06883 27.688 -9.50215 -0.15659 0.79046 -0.592159
-1.69491 27.4079 -9.7098 -0.179997 0.790646 -0.585081
-2.16003 27.1749 -9.86781 -0.198347 0.782549 -0.590148
-2.6432 26.9281 -10.0275 -0.22205 0.786626 -0.576119
-3.10942 26.6795 -10.1887 -0.222102 0.790733 -0.570449
-3.52964 26.4299 -10.3681 -0.2278 0.789694 -0.569641
-3.96012 26.1526 -10.5782 -0.231652 0.788665 -0.569513
-4.36669 25.8729 -10.7946 -0.245737 0.787955 -0.564571
-4.77014 25.5767 -11.0295 -0.250798 0.783978 -0.567873
-5.2489 25.1831 -11.3513 -0.271209 0.781989 -0.561145
-5.72006 24.7887 -11.6821 -0.2795 0.790481 -0.544996
-6.10311 24.4603 -11.9609 -0.290181 0.788063 -0.542814
-6.45423 24.1377 -12.2513 -0.284334 0.79864 -0.530397
-6.81283 23.8079 -12.5629 -0.287264 0.805043 -0.519023
-7.2242 23.3902 -12.9843 -0.2862 0.811127 -0.509973
-7.51782 23.0796 -13.3193 -0.290958 0.811726 -0.506401
-7.74364 22.7603 -13.7035 -0.285586 0.813091 -0.507261
-8.00066 22.4224 -14.0962 -0.288126 0.813162 -0.505691
-8.18183 22.2034 -14.3487 -0.286636 0.817683 -0.499224
-8.45948 21.8226 -14.8172 -0.28784 0.820502 -0.493878
-8.71706 21.5253 -15.1617 -0.284805 0.82156 -0.493888
-9.03473 21.2183 -15.4924 -0.282355 0.825364 -0.488928
-8.98999 20.9891 -15.9089 -0.28124 0.829524 -0.482487
-9.24994 20.6172 -16.4032 -0.27754 0.833305 -0.478092
-9.4156 20.2996 -16.8636 -0.275164 0.836047 -0.474664
-9.54188 20.0065 -17.3098 -0.273348 0.838508 -0.471365
-9.64943 19.6831 -17.8255 -0.2693 0.841107 -0.469045
-9.75367 19.3832 -18.3061 -0.263891 0.844461 -0.466098
-9.83547 19.1197 -18.7406 -0.262928 0.846741 -0.462492
-9.89773 18.8552 -19.191 -0.260598 0.848326 -0.460903
-9.9394 18.5886 -19.6564 -0.248855 0.851547 -0.461452
-9.98832 18.3297 -20.1035 -0.24319 0.849296 -0.468567
-10.0343 18.0279 -20.6227 -0.244886 0.846459 -0.472798
-10.0668 17.7456 -21.1154 -0.236155 0.848879 -0.472901
-10.0757 17.4749 -21.6011 -0.233754 0.851294 -0.469742
-10.0729 17.2182 -22.0686 -0.228767 0.85134 -0.472109
-10.0707 16.9078 -22.635 -0.223871 0.853999 -0.469646
-10.0679 16.6221 -23.1587 -0.22115 0.854751 -0.469567
-10.0654 16.34 -23.6761 -0.219192 0.858326 -0.463929
-10.0701 16.0604 -24.1906 -0.225485 0.857297 -0.462817
-10.088 15.817 -24.6323 -0.222176 0.857024 -0.464917
-10.106 15.5298 -25.1595 -0.22236 0.859488 -0.460253
-10.0893 15.2182 -25.7346 -0.212766 0.854365 -0.474121
-10.0814 14.9569 -26.2091 -0.207779 0.85496 -0.475259
-10.0849 14.6924 -26.6817 -0.197814 0.853889 -0.481397
-10.1173 14.3916 -27.2032 -0.191876 0.854857 -0.482077
-10.112 14.1456 -27.6414 -0.192612 0.850338 -0.48972
-10.1162 13.8896 -28.0876 -0.188657 0.85371 -0.485374
-10.1264 13.6027 -28.5866 -0.185164 0.851583 -0.490402
-10.1444 13.2704 -29.1514 -0.180859 0.850718 -0.493527
-10.1211 12.9378 -29.7379 -0.176341 0.852936 -0.491329
-10.2643 12.6793 -30.1275 -0.172197 0.850184 -0.49752
-10.7713 12.6103 -30.07 -0.180711 0.851155 -0.492827
-11.3151 12.5487 -29.9735 -0.189331 0.848175 -0.494715
-11.8578 12.4829 -29.8728 -0.199275 0.849483 -0.488537
-12.4992 12.4017 -29.7495 -0.205807 0.848207 -0.488031
-13.0741 12.3338 -29.6123 -0.218776 0.847202 -0.484135
-13.5933 12.2604 -29.5011 -0.222598 0.851742 -0.474284
-14.2192 12.1775 -29.3476 -0.234634 0.857841 -0.457226
-14.7135 12.1134 -29.2026 -0.246038 0.854207 -0.458035
-15.4043 12.0317 -28.9737 -0.261562 0.8554 -0.447001
-15.8761 11.9795 -28.793 -0.260462 0.859055 -0.440662
-16.4091 11.9232 -28.5649 -0.278644 0.860389 -0.426718
-17.0322 11.8526 -28.2957 -0.285506 0.85889 -0.425199
-17.5563 11.7989 -28.0495 -0.289875 0.857406 -0.425237
-18.0565 11.7636 -27.7769 -0.296582 0.85295 -0.429553
-18.5355 11.7202 -27.5309 -0.298187 0.852732 -0.428873
-19.0571 11.6944 -27.22 -0.297955 0.852613 -0.429271
-19.6154 11.6842 -26.85 -0.300967 0.85181 -0.428764
-20.0308 11.7043 -26.5127 -0.307721 0.850141 -0.427279
-20.4383 11.7497 -26.1157 -0.318242 0.853138 -0.413374
-20.8422 11.7992 -25.6982 -0.329233 0.85218 -0.406643
-21.1882 11.8402 -25.3277 -0.327399 0.853689 -0.404991
-21.5423 11.8964 -24.9177 -0.335589 0.850237 -0.405549
-21.8382 11.9595 -24.5428 -0.336056 0.849576 -0.406553
-26.3435 8.50028 -28.1828 -0.351225 0.860115 -0.36988
-26.6808 8.52636 -27.7941 -0.361268 0.860763 -0.358562
-27.1697 8.52849 -27.2863 -0.369985 0.859939 -0.351586
-27.5224 8.52304 -26.9258 -0.373468 0.859437 -0.349126
-27.9387 8.51205 -26.5056 -0.37287 0.860261 -0.347733
-28.3592 8.49048 -26.1079 -0.373873 0.85904 -0.349665
-28.73 8.47944 -25.7354 -0.377989 0.858436 -0.346709
-29.1519 8.46391 -25.3007 -0.389077 0.857402 -0.336869
-29.5595 8.45887 -24.8357 -0.402324 0.852987 -0.332406
-29.8686 8.47647 -24.4095 -0.405982 0.849364 -0.337283
-30.1304 8.52133 -23.9755 -0.40801 0.85043 -0.332108
-30.4228 8.56252 -23.5172 -0.409737 0.846435 -0.340093
-30.6631 8.63728 -23.0382 -0.411779 0.84658 -0.337252
-30.9296 8.71989 -22.5009 -0.414652 0.846963 -0.332726
-31.0881 8.82742 -22.0294 -0.421009 0.843745 -0.332933
-30.7623 9.0976 -21.7564 -0.423746 0.842326 -0.333054
-30.3459 9.41229 -21.4929 -0.424404 0.840601 -0.336558
-29.9602 9.69665 -21.2667 -0.420213 0.840837 -0.341196
-29.5727 9.9853 -21.0356 -0.422337 0.838968 -0.343167
-29.1666 10.2852 -20.7975 -0.418094 0.839728 -0.346488
-28.788 10.562 -20.5858 -0.414921 0.839006 -0.352009
-28.2666 10.9349 -20.3109 -0.414125 0.839403 -0.351999
-27.8679 11.224 -20.0943 -0.415209 0.837013 -0.356382
-27.3665 11.6086 -19.7777 -0.414372 0.835316 -0.361302
-26.9804 11.9031 -19.5386 -0.41336 0.834942 -0.363324
-26.5691 12.2054 -19.3116 -0.412487 0.834943 -0.364313
-26.0458 12.5874 -19.026 -0.411417 0.836377 -0.36223
-25.6094 12.9218 -18.7478 -0.407569 0.836285 -0.366763
-25.2285 13.196 -18.5321 -0.400944 0.839915 -0.365769
-24.78 13.522 -18.2751 -0.401261 0.839886 -0.365488
-24.2987 13.873 -17.9946 -0.39672 0.839607 -0.371043
-23.904 14.1636 -17.7609 -0.396678 0.839482 -0.371372
-23.5287 14.4451 -17.527 -0.397451 0.837875 -0.374163
-23.1315 14.7367 -17.2924 -0.391415 0.839924 -0.375929
-22.7523 15.0095 -17.0804 -0.391474 0.838527 -0.378973
-22.334 15.3026 -16.8582 -0.381757 0.841438 -0.382418
-21.8675 15.6173 -16.632 -0.376994 0.842856 -0.384016
-21.4693 15.8907 -16.4216 -0.374477 0.842808 -0.386576
-21.0264 16.2018 -16.1718 -0.374015 0.842639 -0.387392
-20.5615 16.5479 -15.8691 -0.371375 0.841706 -0.391933
-20.086 16.9024 -15.5578 -0.370647 0.841512 -0.393037
-19.6272 17.2454 -15.2521 -0.364817 0.843491 -0.394248
-19.1673 17.5545 -15.0135 -0.358578 0.846154 -0.394266
-18.7443 17.8397 -14.7869 -0.356583 0.846154 -0.396059
-18.3529 18.1111 -14.5613 -0.352651 0.846297 -0.399253
-17.962 18.3827 -14.3254 -0.348371 0.847403 -0.400682
-17.5675 18.659 -14.0819 -0.344345 0.84839 -0.402071
-17.1062 18.9841 -13.7926 -0.345777 0.847238 -0.403268
-16.6541 19.3068 -13.5045 -0.346931 0.846057 -0.404754
-16.2644 19.6023 -13.2228 -0.348211 0.844486 -0.406927
-15.8099 19.9621 -12.8668 -0.351051 0.843738 -0.406041
-15.4471 20.2765 -12.5284 -0.352778 0.842804 -0.406484
-15.0609 20.6466 -12.0993 -0.355301 0.840174 -0.409715
-14.8033 20.9219 -11.76 -0.36009 0.838154 -0.409672
-14.5029 21.2611 -11.3311 -0.363544 0.836117 -0.410773
-14.2526 21.5797 -10.9067 -0.368799 0.834015 -0.410362
-14.0289 21.9031 -10.4549 -0.37346 0.832405 -0.409414
-13.8242 22.2461 -9.94748 -0.377876 0.829816 -0.410627
-13.6964 22.5037 -9.53774 -0.384742 0.829596 -0.404637
-13.5767 22.7831 -9.07452 -0.388965 0.834299 -0.390706
-13.4601 23.0855 -8.54139 -0.392187 0.835226 -0.385468
-13.3865 23.3226 -8.1002 -0.395718 0.835974 -0.380203
-13.336 23.6182 -7.49033 -0.395311 0.841453 -0.368356
-13.3492 23.8364 -6.9509 -0.401285 0.85038 -0.340329
-13.3799 24.0061 -6.46084 -0.416356 0.856238 -0.305774
-13.4372 24.1474 -5.97941 -0.431847 0.857872 -0.278442
-13.5615 24.2838 -5.33871 -0.441032 0.859978 -0.256764
-13.6967 24.3636 -4.81643 -0.457396 0.859125 -0.229551
-13.8345 24.4316 -4.26186 -0.456258 0.865114 -0.208195
-13.9473 24.4827 -3.7523 -0.466091 0.868408 -0.168222
-14.0498 24.5127 -3.21164 -0.480379 0.866859 -0.133366
-14.1438 24.5297 -2.60018 -0.484584 0.87084 -0.0816638
-14.2388 24.5221 -1.98915 -0.496492 0.866643 -0.0492407
-14.3237 24.5006 -1.48344 -0.496459 0.867074 -0.0413633
-14.3848 24.4918 -0.87809 -0.501987 0.864519 -0.0206587
-14.3969 24.4891 -0.357028 -0.50512 0.863019 -0.00113514
-14.4039 24.4691 0.234778 -0.510506 0.859223 0.0317856
-14.3625 24.4534 0.824375 -0.514417 0.853643 0.0812176
-14.3237 24.4134 1.40092 -0.522938 0.843762 0.12084
-14.2724 24.3671 1.91027 -0.521336 0.840631 0.146262
-14.182 24.304 2.55579 -0.495111 0.852292 0.168713
-14.1073 24.2347 3.09929 -0.485247 0.853118 0.191218
-13.9657 24.1533 3.72827 -0.481748 0.846177 0.227753
-13.8508 24.0323 4.37775 -0.468518 0.845892 0.254868
-13.7276 23.9182 4.94036 -0.457096 0.839693 0.293224
-13.5868 23.7971 5.48775 -0.446977 0.837653 0.313903
-13.4856 23.6514 6.01405 -0.441767 0.835177 0.327594
-13.4349 23.4493 6.57649 -0.441008 0.826041 0.350954
-13.3933 23.2501 7.08966 -0.427887 0.828584 0.361057
-13.3918 23.0386 7.56679 -0.418071 0.82402 0.382371
-13.4319 22.765 8.11488 -0.41361 0.825001 0.385048
-13.4767 22.5251 8.57039 -0.410197 0.822032 0.394968
-13.5704 22.1941 9.15238 -0.403825 0.822353 0.400826
-13.6926 21.9316 9.56821 -0.396066 0.822075 0.409054
-13.8374 21.6513 9.9964 -0.386096 0.825909 0.410857
-13.9964 21.3837 10.389 -0.380763 0.830127 0.407314
-14.1985 21.0896 10.8023 -0.377487 0.831198 0.408176
-14.4813 20.7345 11.2647 -0.372287 0.834275 0.406679
-14.7368 20.4308 11.6529 -0.367896 0.835148 0.408875
-15.0779 20.0734 12.0816 -0.362229 0.838914 0.406211
-15.3805 19.7841 12.4095 -0.356964 0.840771 0.407038
-15.7448 19.439 12.8043 -0.352887 0.841494 0.409095
-16.1298 19.101 13.1668 -0.353801 0.841043 0.409233
-16.4842 18.8168 13.4458 -0.353135 0.841703 0.40845
-16.9626 18.4583 13.7698 -0.352346 0.840242 0.412117
-17.4305 18.1282 14.033 -0.358278 0.837881 0.411816
-17.8279 17.858 14.2349 -0.36126 0.836511 0.411996
-18.2065 17.5939 14.4395 -0.360794 0.83669 0.412041
-18.6525 17.2737 14.699 -0.363264 0.836411 0.410431
-19.0816 16.9484 14.982 -0.365855 0.835932 0.409101
-19.4505 16.6722 15.2158 -0.37032 0.835523 0.405888
-19.8167 16.4028 15.4325 -0.373361 0.835042 0.404111
-20.2325 16.1011 15.6745 -0.37408 0.836752 0.399887
-20.6729 15.7925 15.9079 -0.380449 0.836696 0.393949
-21.1121 15.4779 16.1473 -0.386085 0.833589 0.395053
-21.5313 15.1672 16.3964 -0.391091 0.834018 0.38916
-21.995 14.8091 16.6923 -0.390373 0.83318 0.391689
-22.5408 14.4185 16.9817 -0.394863 0.833679 0.386065
-22.9945 14.0922 17.2155 -0.399383 0.832627 0.383686
-23.3703 13.8138 17.4302 -0.402244 0.833352 0.379101
-23.7393 13.5359 17.6515 -0.403165 0.834181 0.376297
-24.1185 13.2462 17.8881 -0.404443 0.834109 0.375083
-24.4803 12.967 18.1177 -0.406966 0.833545 0.373605
-24.8778 12.6648 18.3601 -0.407559 0.835789 0.367902
-25.2575 12.3803 18.5846 -0.407606 0.83761 0.363683
-25.6599 12.0877 18.8078 -0.411015 0.837016 0.361207
-25.731 11.868 19.236 -0.407807 0.839348 0.359427
-25.2687 11.9043 19.6701 -0.40353 0.838853 0.365354
-24.8278 11.9327 20.0852 -0.397893 0.839318 0.37044
-24.452 11.9568 20.4324 -0.396319 0.838728 0.373454
-23.9747 12.0025 20.825 -0.385692 0.84078 0.37991
-23.5034 12.056 21.1827 -0.377802 0.84278 0.383389
-23.0349 12.0952 21.5504 -0.365139 0.847155 0.385992
-22.5535 12.1111 21.9679 -0.361075 0.847789 0.388431
-22.1536 12.1095 22.3386 -0.354638 0.849537 0.390537
-21.7969 12.0796 22.7259 -0.352693 0.84982 0.39168
-21.4083 12.0189 23.199 -0.347594 0.849649 0.396579
-21.0379 11.9219 23.7243 -0.342275 0.851501 0.397231
-20.7661 11.8354 24.1438 -0.340787 0.852095 0.397238
-20.4306 11.7184 24.6745 -0.328547 0.85208 0.407451
-20.1378 11.6382 25.0805 -0.316131 0.858492 0.403798
-19.7012 11.5765 25.545 -0.302908 0.861301 0.407909
-19.2485 11.5857 25.8596 -0.301551 0.86219 0.407056
-18.7468 11.6529 26.0876 -0.300372 0.862212 0.407882
-18.1892 11.7294 26.3343 -0.301096 0.859463 0.413114
-17.7185 11.7957 26.5385 -0.29426 0.858733 0.4195
-17.2116 11.8606 26.7584 -0.286859 0.857612 0.426802
-16.6279 11.9214 27.0125 -0.267175 0.863789 0.42715
-16.1196 11.9711 27.2249 -0.260212 0.863285 0.432469
-15.5291 12.0156 27.4865 -0.245347 0.864401 0.438776
-14.8686 12.027 27.8072 -0.227244 0.865094 0.447183
-14.2845 12.0129 28.1116 -0.218534 0.86043 0.460329
-13.766 12.0002 28.3831 -0.220577 0.857219 0.465313
-13.2903 11.9967 28.6201 -0.227602 0.857487 0.461426
-12.7725 11.997 28.8667 -0.222119 0.856122 0.466603
-12.2896 11.9995 29.0954 -0.221698 0.851553 0.475005
-11.7769 11.9887 29.3408 -0.204377 0.852235 0.481586
-11.292 11.994 29.5395 -0.205849 0.847061 0.490015
-10.7912 11.9936 29.742 -0.193318 0.844789 0.498959
-10.296 12.0084 29.9127 -0.199112 0.845419 0.495602
-9.66304 12.0339 30.1154 -0.181065 0.847019 0.499732
-9.05818 12.0376 30.3158 -0.163377 0.843032 0.51245
-8.55268 12.047 30.461 -0.162101 0.843829 0.511542
-8.01425 12.0693 30.5938 -0.162776 0.838847 0.519461
-7.42738 12.0803 30.7499 -0.14934 0.840253 0.521218
-6.92074 12.0997 30.8567 -0.134533 0.838596 0.527824
-6.35017 12.1019 30.9893 -0.12727 0.836698 0.532667
-5.81052 12.1058 31.1116 -0.125189 0.835836 0.534515
-5.31177 12.0957 31.2436 -0.12606 0.834311 0.536688
-4.82427 12.0691 31.3982 -0.121208 0.834629 0.537307
-4.27872 12.0376 31.5669 -0.116018 0.835512 0.537083
-3.68307 12.0191 31.7167 -0.105646 0.834065 0.541455
-3.435 12.2901 31.3488 -0.109166 0.833298 0.541935
-3.44429 12.5785 30.9042 -0.110677 0.83319 0.541798
-3.43965 12.9073 30.4006 -0.114769 0.832025 0.542737
-3.43859 13.2387 29.8925 -0.118871 0.831454 0.542726
-3.4376 13.5673 29.3872 -0.119951 0.832833 0.540372
-3.44276 13.8746 28.9122 -0.124403 0.83294 0.539199
-3.44269 14.1613 28.4689 -0.130274 0.832022 0.539229
-3.42632 14.5367 27.8912 -0.137354 0.832434 0.536832
-3.4304 14.8092 27.4678 -0.138746 0.832334 0.536627
-3.42714 15.1813 26.891 -0.141531 0.831677 0.536919
-3.43661 15.4622 26.4512 -0.1449 0.832157 0.535271
-3.44423 15.7583 25.988 -0.150507 0.832598 0.533036
-3.43299 16.0986 25.4608 -0.155255 0.831285 0.533723
-3.41821 16.3723 25.0404 -0.160886 0.829668 0.534567
-3.41654 16.6491 24.6106 -0.162984 0.83238 0.529698
-3.39456 17.0245 24.0251 -0.166442 0.83398 0.526089
-3.38614 17.3411 23.5242 -0.170333 0.834823 0.523506
-3.38479 17.6236 23.0725 -0.173729 0.836758 0.519282
-3.39773 17.8965 22.6284 -0.176026 0.836452 0.519002
-3.42066 18.2127 22.1092 -0.17875 0.836187 0.518485
-3.42912 18.481 21.6711 -0.183018 0.837729 0.514505
-3.40569 18.756 21.2305 -0.183371 0.839528 0.511438
-3.35046 19.0884 20.7047 -0.183853 0.839389 0.511492
-3.26501 19.4045 20.2164 -0.184759 0.839988 0.510179
-3.1636 19.7109 19.7492 -0.186552 0.839019 0.511122
-3.01697 20.0716 19.2119 -0.189207 0.838297 0.51133
-2.86061 20.3576 18.803 -0.190427 0.836177 0.514339
-2.6379 20.6836 18.3574 -0.190586 0.833757 0.518188
-2.39554 20.9915 17.9532 -0.182061 0.832966 0.522514
-2.16806 21.281 17.5746 -0.179917 0.829864 0.528161
-1.88765 21.5594 17.2345 -0.178361 0.828234 0.531238
-1.53638 21.9096 16.8028 -0.171323 0.828661 0.532887
-1.24343 22.1761 16.4796 -0.157886 0.831697 0.532309
-0.841797 22.517 16.0643 -0.148252 0.833002 0.532994
-0.509786 22.7613 15.7711 -0.139476 0.832144 0.53671
0.00753312 23.0798 15.4042 -0.125466 0.834454 0.536552
0.506885 23.3231 15.1229 -0.0958243 0.845102 0.525923
1.05758 23.537 14.8571 -0.0585598 0.855312 0.514794
1.59419 23.6987 14.6429 -0.0444249 0.854287 0.517876
2.15889 23.8073 14.4694 0.0232677 0.863981 0.502987
2.6934 23.8773 14.3218 0.042563 0.856795 0.513898
3.18267 23.9211 14.1868 0.085355 0.858506 0.505651
3.70236 23.9459 14.0502 0.0991278 0.85793 0.504103
4.3371 23.9514 13.8876 0.14428 0.854829 0.498166
4.86831 23.9485 13.7201 0.175312 0.845553 0.504148
5.45421 23.9437 13.5 0.201915 0.844814 0.495495
5.91192 23.9523 13.2938 0.210436 0.844977 0.491662
6.41786 23.9689 13.0497 0.209896 0.844028 0.493518
6.8703 23.99 12.8105 0.228011 0.839587 0.493054
7.45149 24.0127 12.4811 0.259615 0.848509 0.461122
8.00043 24.0212 12.1384 0.299277 0.83295 0.464982
8.54829 24.0363 11.7314 0.307824 0.849719 0.428044
9.08848 24.0454 11.3132 0.319852 0.848795 0.421001
9.62919 24.0331 10.8987 0.337913 0.85603 0.391026
10.0337 24.0412 10.5246 0.355418 0.862153 0.360806
10.4254 24.027 10.1405 0.384092 0.860579 0.334478
10.822 23.9876 9.77112 0.394976 0.860755 0.321081
11.2092 23.9278 9.41799 0.425986 0.853312 0.300429
11.6029 23.8374 9.08302 0.458807 0.842944 0.280967
12.0262 23.7211 8.73393 0.472828 0.840338 0.265074
12.4489 23.5792 8.42282 0.493365 0.832649 0.251479
12.9192 23.3905 8.11062 0.498771 0.831676 0.244012
13.4799 23.1324 7.79233 0.517097 0.825477 0.22627
13.9074 22.9148 7.57862 0.538612 0.816587 0.207566
14.4636 22.6046 7.35983 0.536662 0.820823 0.195527
14.8944 22.3558 7.21972 0.54062 0.820794 0.184464
15.3352 22.0911 7.10495 0.543992 0.81911 0.182021
15.8016 21.8074 6.9904 0.54476 0.821026 0.170742
16.3373 21.4699 6.91081 0.543394 0.824557 0.157569
16.7915 21.1734 6.90715 0.537427 0.828674 0.156425
17.3197 20.8288 6.93126 0.535012 0.831995 0.146777
17.8017 20.5126 6.98503 0.529379 0.836331 0.142507
18.3159 20.1722 7.0787 0.527974 0.837984 0.137926
18.809 19.8417 7.19701 0.529185 0.837783 0.134473
19.235 19.5531 7.32492 0.528431 0.838916 0.130283
19.6486 19.2724 7.462 0.528307 0.83956 0.1266
20.0767 18.9773 7.64003 0.525589 0.841413 0.125615
20.4567 18.7118 7.82982 0.524182 0.842533 0.123962
20.9625 18.3541 8.13087 0.51986 0.8449 0.126053
21.3534 18.0798 8.35228 0.521094 0.843732 0.128738
21.7374 17.8095 8.57018 0.520046 0.844205 0.129882
22.1285 17.5347 8.78269 0.521798 0.842899 0.131332
22.5813 17.2134 9.05057 0.520826 0.84357 0.130878
23.0303 16.8983 9.28493 0.523076 0.842098 0.131383
23.4476 16.6022 9.52334 0.522657 0.842222 0.132252
23.8203 16.3315 9.77219 0.52345 0.841565 0.133298
24.2734 16.0054 10.0543 0.521342 0.842204 0.137459
24.8078 15.6248 10.3577 0.521991 0.841675 0.138233
25.296 15.2712 10.6516 0.523719 0.839849 0.142732
25.7216 14.9622 10.8952 0.52537 0.838291 0.145789
26.1445 14.6535 11.1435 0.526681 0.837258 0.146991
26.5972 14.3207 11.3984 0.528832 0.833399 0.16057
27.001 14.0203 11.6284 0.52735 0.83368 0.163936
27.4285 13.7004 11.8825 0.527194 0.833233 0.166699
27.879 13.3688 12.1219 0.524571 0.834875 0.166761
28.2693 13.081 12.3371 0.521795 0.835339 0.17303
28.7257 12.7395 12.6112 0.518526 0.837092 0.174344
29.1944 12.3935 12.8707 0.516449 0.836607 0.182658
29.6066 12.0881 13.1029 0.517325 0.835217 0.186514
30.145 11.6837 13.4143 0.515757 0.835756 0.188399
30.5338 11.3865 13.649 0.516201 0.832495 0.201216
30.9604 11.0679 13.8788 0.513336 0.833312 0.205129
31.3597 10.8656 13.7002 0.512713 0.834037 0.203731
31.6395 10.7993 13.2554 0.514006 0.834944 0.196639
31.8695 10.7597 12.7817 0.519037 0.835677 0.179567
32.0852 10.7418 12.2143 0.525005 0.835276 0.163271
32.2403 10.7346 11.7285 0.525394 0.837408 0.150575
32.387 10.7289 11.2443 0.524632 0.839371 0.142189
32.5501 10.7212 10.7009 0.514322 0.845332 0.144524
32.6972 10.7088 10.2182 0.511803 0.849167 0.130095
32.8784 10.6729 9.71439 0.521319 0.844962 0.119437
33.0655 10.626 9.2325 0.517352 0.84759 0.11806
33.2686 10.5674 8.75498 0.518622 0.847192 0.115311
33.4975 10.5071 8.16937 0.513794 0.850341 0.113739
33.6855 10.4539 7.69845 0.515268 0.850793 0.1032
33.9382 10.366 7.12496 0.516643 0.851722 0.0874614
34.1269 10.3017 6.63081 0.509539 0.856687 0.0803538
34.2666 10.2673 6.10927 0.506037 0.859039 0.0773191
34.3711 10.2538 5.57624 0.516944 0.852106 0.0817186
34.4739 10.2514 4.94787 0.517961 0.851884 0.0775312
34.5436 10.2542 4.41837 0.516251 0.853888 0.0660319
34.6111 10.2439 3.92255 0.519145 0.853428 0.0463591
34.6805 10.2256 3.41589 0.514546 0.856839 0.0326966
34.7511 10.2038 2.71301 0.517163 0.855435 0.0274401
34.8222 10.17 2.17166 0.524942 0.850803 0.0227465
34.9081 10.134 1.58228 0.51667 0.856026 0.0162869
34.981 10.1006 1.08703 0.506298 0.861896 0.0282319
35.0283 10.0887 0.545207 0.50413 0.863448 0.0170155
35.0061 10.1131 -0.0846032 0.508312 0.860874 0.0223086
34.9399 10.1658 -0.602022 0.501397 0.865037 0.017643
34.8493 10.2214 -1.2264 0.505393 0.862883 -0.00326831
34.7735 10.2572 -1.78157 0.510947 0.859463 -0.0160167
34.709 10.2756 -2.3752 0.519316 0.854091 -0.0289665
34.6297 10.3022 -2.99322 0.518481 0.854497 -0.0318042
34.5659 10.3226 -3.50288 0.519761 0.853803 -0.0294682
34.4524 10.3669 -4.1917 0.517491 0.855127 -0.0309936
34.3462 10.4041 -4.8799 0.515707 0.855926 -0.0379057
34.2696 10.4246 -5.39169 0.511468 0.857906 -0.0489772
34.2062 10.4319 -5.89605 0.507832 0.859516 -0.0577894
34.1242 10.4354 -6.52146 0.509216 0.858342 -0.0628165
34.0346 10.4431 -7.02746 0.509738 0.856435 -0.081717
33.8557 10.4665 -7.69125 0.507647 0.853583 -0.117008
33.6811 10.4947 -8.24043 0.507923 0.852679 -0.12221
33.4524 10.5378 -8.87996 0.502911 0.855795 -0.121227
33.259 10.5774 -9.41743 0.516258 0.847695 -0.12203
32.9963 10.6393 -10.062 0.515972 0.844991 -0.140559
32.7795 10.6744 -10.6202 0.517285 0.841365 -0.15656
32.6082 10.6907 -11.0999 0.519912 0.839419 -0.158327
32.463 10.6898 -11.5802 0.519459 0.838904 -0.162486
32.272 10.6742 -12.2596 0.519489 0.837387 -0.170044
32.1 10.6629 -12.8199 0.517028 0.836335 -0.18228
31.9312 10.6621 -13.2991 0.515942 0.83645 -0.184812
31.7031 10.6824 -13.8391 0.518656 0.834046 -0.18805
31.2386 10.9246 -14.0532 0.524087 0.831088 -0.186078
30.8444 11.2236 -13.8223 0.527161 0.829894 -0.182692
30.3536 11.5986 -13.5407 0.532376 0.827519 -0.17829
29.9265 11.9212 -13.3237 0.533928 0.826694 -0.177469
29.5325 12.2266 -13.0886 0.535016 0.826647 -0.174385
29.1608 12.5138 -12.8534 0.529744 0.830838 -0.170497
28.7713 12.8106 -12.6185 0.530534 0.831514 -0.164639
28.3759 13.1101 -12.3852 0.53376 0.830627 -0.158585
27.8766 13.483 -12.1082 0.535248 0.830235 -0.155625
27.5048 13.7631 -11.894 0.535611 0.830183 -0.154654
27.1133 14.0592 -11.6639 0.538265 0.828918 -0.152199
26.7289 14.3497 -11.443 0.539624 0.828652 -0.148794
26.2824 14.6842 -11.1945 0.538794 0.829778 -0.145499
25.8555 15.0027 -10.9508 0.536777 0.831768 -0.14154
25.4098 15.3281 -10.7282 0.537952 0.83144 -0.138974
24.9967 15.6373 -10.4818 0.540767 0.829879 -0.137373
24.6193 15.9204 -10.2588 0.542439 0.828778 -0.13743
24.2519 16.1946 -10.0477 0.539354 0.831375 -0.133837
23.7208 16.5868 -9.74244 0.541084 0.831052 -0.128762
23.3365 16.8706 -9.50319 0.539506 0.833025 -0.122484
22.9307 17.1679 -9.26753 0.53963 0.832981 -0.122236
22.4503 17.5185 -8.99755 0.540094 0.83281 -0.121353
22.0843 17.7858 -8.77659 0.53474 0.836395 -0.120383
21.6656 18.0845 -8.55533 0.528968 0.839965 -0.121043
21.2873 18.351 -8.35312 0.524412 0.843453 -0.116524
20.8512 18.6582 -8.0942 0.525503 0.842845 -0.116009
20.4277 18.9526 -7.87542 0.527376 0.842009 -0.113556
19.9897 19.2566 -7.6582 0.528573 0.8413 -0.113244
19.5604 19.5514 -7.47266 0.531049 0.839695 -0.113558
19.1253 19.8506 -7.30212 0.530414 0.840016 -0.114127
18.668 20.164 -7.13021 0.535172 0.836744 -0.115968
18.2484 20.4483 -7.01805 0.536902 0.835237 -0.118806
17.778 20.7666 -6.91607 0.53835 0.834014 -0.120823
17.3616 21.0438 -6.86463 0.5427 0.831451 -0.119023
16.8245 21.3977 -6.8506 0.542914 0.830002 -0.12783
16.2843 21.7479 -6.87677 0.543704 0.829408 -0.12833
15.7267 22.1056 -6.94301 0.545525 0.826739 -0.137493
15.1539 22.4642 -7.06025 0.545142 0.826474 -0.140573
14.7265 22.7269 -7.17588 0.546275 0.824313 -0.148634
14.218 23.0335 -7.33697 0.548736 0.82166 -0.154129
13.7728 23.2868 -7.54846 0.540965 0.824896 -0.163987
13.2608 23.567 -7.81706 0.537356 0.825871 -0.170839
12.8507 23.7811 -8.05563 0.530185 0.829047 -0.177707
12.4222 23.9904 -8.33987 0.519624 0.833115 -0.189292
11.9467 24.2017 -8.67964 0.507268 0.836989 -0.205251
11.5626 24.3562 -8.97639 0.487151 0.847011 -0.212736
11.0924 24.5174 -9.37691 0.47335 0.851583 -0.225265
10.6945 24.6303 -9.73835 0.452891 0.858268 -0.241385
10.2723 24.7352 -10.1241 0.430172 0.863463 -0.263406
9.8537 24.8152 -10.5225 0.414801 0.860534 -0.29495
9.41401 24.8706 -10.895 0.360733 0.87285 -0.328149
8.97721 24.9131 -11.2261 0.322695 0.878224 -0.352913
8.56226 24.9424 -11.52 0.298739 0.882507 -0.36302
8.11143 24.9642 -11.8183 0.280776 0.886694 -0.36734
7.68557 24.9656 -12.0979 0.25151 0.884635 -0.392635
7.24617 24.9618 -12.3656 0.231949 0.882618 -0.40884
6.67786 24.9489 -12.6845 0.201253 0.883103 -0.423824
6.02455 24.9124 -13.0198 0.168917 0.880564 -0.442664
5.49291 24.8699 -13.2798 0.133027 0.880618 -0.454404
4.95415 24.8297 -13.4936 0.110985 0.871637 -0.477219
4.44382 24.7795 -13.6865 0.093045 0.867021 -0.489473
3.97663 24.7283 -13.8598 0.0833399 0.864618 -0.495446
3.49088 24.6689 -14.035 0.0517121 0.866488 -0.496388
2.9076 24.5696 -14.2344 0.0133468 0.855581 -0.517497
2.41138 24.473 -14.3989 -0.000528068 0.855886 -0.517165
1.94907 24.3588 -14.5633 -0.0271175 0.843543 -0.536297
1.40968 24.1836 -14.7913 -0.0719536 0.835377 -0.544848
0.884953 23.9705 -15.0313 -0.0960861 0.83111 -0.547741
0.464571 23.7854 -15.234 -0.0983049 0.827457 -0.552857
0.0414325 23.5775 -15.4575 -0.117404 0.82699 -0.54978
-0.409666 23.3165 -15.7418 -0.137642 0.820202 -0.555268
-0.815825 23.0338 -16.0595 -0.142317 0.822945 -0.550006
-1.17787 22.7589 -16.3741 -0.147748 0.823026 -0.548452
-1.55343 22.4429 -16.7449 -0.155836 0.824457 -0.544045
-1.89802 22.1184 -17.1371 -0.161914 0.825624 -0.54049
-2.17384 21.8134 -17.5219 -0.163174 0.828225 -0.536113
-2.42215 21.4952 -17.9396 -0.168601 0.830095 -0.531518
-2.61358 21.2065 -18.3284 -0.167841 0.830267 -0.531492
-2.80994 20.9101 -18.7299 -0.168242 0.831286 -0.529771
-2.96863 20.5897 -19.1842 -0.171692 0.833263 -0.525537
-3.10361 20.2937 -19.6123 -0.169212 0.83602 -0.521956
-3.25134 19.9475 -20.1207 -0.166298 0.838834 -0.518365
-3.32295 19.6568 -20.5684 -0.166719 0.839223 -0.517599
-3.37234 19.3686 -21.0245 -0.165458 0.842966 -0.511891
-3.42457 19.006 -21.606 -0.164075 0.843834 -0.510904
-3.42159 18.6749 -22.156 -0.161201 0.846088 -0.50808
-3.42053 18.4054 -22.6063 -0.159616 0.846495 -0.507906
-3.43875 18.0734 -23.1536 -0.154626 0.846789 -0.508959
-3.44433 17.7778 -23.6451 -0.149561 0.847477 -0.509322
-3.45273 17.5013 -24.1024 -0.147133 0.848546 -0.508254
-3.46182 17.2076 -24.5851 -0.141636 0.846644 -0.512962
-3.43844 16.8531 -25.1792 -0.139759 0.846969 -0.512943
-3.45065 16.4959 -25.7688 -0.131917 0.84766 -0.513875
-3.44441 16.2107 -26.2391 -0.13012 0.846528 -0.516197
-3.4226 15.8944 -26.7624 -0.128442 0.845283 -0.518651
-3.41431 15.6036 -27.2372 -0.120202 0.845486 -0.520292
-3.43235 15.3351 -27.669 -0.119989 0.845148 -0.520892
-3.45383 15.0543 -28.1188 -0.119185 0.844447 -0.522211
-3.45281 14.7301 -28.6405 -0.115785 0.841918 -0.527037
-3.43394 14.4534 -29.0858 -0.11296 0.840825 -0.52939
-3.42593 14.1682 -29.539 -0.111636 0.839368 -0.531976
-3.43731 13.8767 -29.9977 -0.10765 0.839961 -0.531862
-3.4396 13.5558 -30.5046 -0.105938 0.840646 -0.531123
-3.44713 13.2604 -30.9687 -0.101638 0.839816 -0.533271
-3.43845 12.9299 -31.4893 -0.099263 0.838909 -0.535143
-3.42185 12.6503 -31.9312 -0.0969017 0.839395 -0.534814
-3.40318 12.3329 -32.4309 -0.0953468 0.838461 -0.536556
-3.39376 12.0433 -32.8847 -0.0953158 0.83798 -0.537312
-3.40883 11.7363 -33.3613 -0.0947958 0.838256 -0.536974
-3.43001 11.449 -33.8041 -0.0932466 0.836962 -0.539257
-3.44862 11.1556 -34.2561 -0.0935348 0.835793 -0.541018
-3.44721 10.8092 -34.7906 -0.0904606 0.834575 -0.543406
-3.44524 10.5062 -35.2578 -0.087218 0.835336 -0.542776
-3.45047 10.1923 -35.7385 -0.0841522 0.834526 -0.544504
-3.44629 9.87427 -36.2274 -0.0848047 0.835744 -0.54253
-3.46187 9.57097 -36.6924 -0.0823355 0.836051 -0.542439
-3.94237 9.39215 -36.8935 -0.085131 0.836122 -0.541898
-4.48305 9.38827 -36.8123 -0.0885596 0.836121 -0.54135
-4.98345 9.38571 -36.7298 -0.0956823 0.837625 -0.537797
-5.59408 9.38785 -36.6161 -0.0983649 0.839077 -0.535046
-6.25834 9.38768 -36.4925 -0.103842 0.840396 -0.531924
-6.86515 9.38187 -36.3789 -0.110567 0.842873 -0.52663
-7.41838 9.37607 -36.2718 -0.112231 0.844754 -0.523254
-8.08759 9.34292 -36.1795 -0.1144 0.845468 -0.521629
-8.61692 9.30282 -36.1272 -0.117657 0.845565 -0.520746
-9.24967 9.24314 -36.0798 -0.119372 0.845585 -0.520324
-9.84132 9.19166 -36.0258 -0.123125 0.846078 -0.518645
-10.3997 9.14655 -35.9671 -0.123138 0.846921 -0.517263
-11.0147 9.10107 -35.8849 -0.137093 0.848466 -0.511186
-11.5158 9.06684 -35.8021 -0.145377 0.848367 -0.509054
-12.2287 9.02514 -35.6601 -0.159552 0.850189 -0.501719
-12.8401 8.97088 -35.5554 -0.164881 0.848699 -0.502517
-13.3997 8.91168 -35.466 -0.173996 0.849986 -0.497241
-13.9864 8.86074 -35.3424 -0.177607 0.852119 -0.492289
-14.5438 8.80385 -35.2251 -0.194684 0.854122 -0.48224
-15.0656 8.75554 -35.0914 -0.207416 0.850757 -0.482869
-15.5467 8.70526 -34.9634 -0.219149 0.849756 -0.479458
-16.0305 8.65853 -34.8213 -0.223043 0.849745 -0.477686
-16.5607 8.61183 -34.6481 -0.235694 0.846836 -0.476778
-17.0506 8.57643 -34.4649 -0.242622 0.848992 -0.469398
-17.5667 8.53592 -34.2685 -0.247164 0.853207 -0.459275
-18.1005 8.49279 -34.058 -0.25345 0.856182 -0.450239
-18.579 8.44057 -33.8901 -0.250138 0.858682 -0.447314
-19.0799 8.39214 -33.7041 -0.249454 0.859776 -0.445598
-19.5492 8.34719 -33.528 -0.251057 0.861243 -0.441845
-20.0265 8.31148 -33.3191 -0.270829 0.862769 -0.426942
-20.4949 8.2836 -33.0778 -0.272293 0.863484 -0.42456
-21.0051 8.26265 -32.7892 -0.275805 0.864035 -0.421159
-21.5183 8.24909 -32.4808 -0.274336 0.866479 -0.417078
-21.9802 8.2273 -32.2233 -0.273373 0.866984 -0.416658
-22.4236 8.21067 -31.959 -0.282777 0.867363 -0.409513
-22.982 8.19136 -31.604 -0.298449 0.863375 -0.40683
-23.4612 8.18569 -31.2611 -0.302011 0.862933 -0.405137
-23.9528 8.20853 -30.8411 -0.305665 0.862895 -0.402467
-24.3038 8.25101 -30.4817 -0.306878 0.863828 -0.399534
-24.6596 8.29282 -30.1126 -0.318228 0.859276 -0.400469
-25.0723 8.34355 -29.661 -0.332141 0.858566 -0.390573
-25.4077 8.38757 -29.28 -0.344632 0.853493 -0.390863
-25.7824 8.43756 -28.8361 -0.346576 0.855371 -0.385
-26.1285 8.47811 -28.431 -0.346252 0.85852 -0.378222
-26.2868 8.49449 -28.2489 -0.346447 0.859559 -0.375666
16.8914 21.8848 -0.0546162 0.571774 0.820381 0.00696628
17.1258 21.7208 -0.0314518 0.570619 0.821069 0.014381
17.4595 21.4882 0.0895778 0.563997 0.825703 0.0078097
17.9248 21.1724 0.164687 0.558979 0.829006 0.0170452
18.3997 20.85 0.200327 0.563428 0.826017 0.0156719
18.8983 20.5085 0.283702 0.564286 0.825303 0.0213891
19.3393 20.2059 0.354878 0.560699 0.82769 0.0230789
19.8987 19.8282 0.431729 0.554293 0.832099 0.0192481
20.4307 19.4703 0.573523 0.553355 0.832651 0.0217215
20.8748 19.1638 0.718062 0.560405 0.827793 0.0262058
21.3588 18.8324 0.926886 0.557956 0.829451 0.0263497
21.8186 18.5179 1.12991 0.55303 0.832549 0.0319021
22.2483 18.2264 1.32607 0.548269 0.835763 0.0299731
22.643 17.9609 1.51485 0.549243 0.835065 0.0315844
23.0868 17.6592 1.73978 0.548264 0.835588 0.034395
23.5452 17.3481 1.98326 0.54955 0.834532 0.039368
24.0402 17.0101 2.23335 0.549788 0.834177 0.043377
24.4948 16.6964 2.5004 0.54934 0.834422 0.0443349
24.9569 16.3793 2.7518 0.548198 0.8351 0.0456897
25.3472 16.1119 2.9615 0.546542 0.836214 0.0451223
25.748 15.8365 3.20147 0.544316 0.837433 0.0492547
26.1228 15.5773 3.43404 0.550047 0.833671 0.0494118
26.5613 15.2764 3.69228 0.541461 0.838934 0.0546699
26.979 14.9905 3.93382 0.541169 0.83893 0.0577224
27.4553 14.6698 4.22649 0.537487 0.84118 0.0592946
27.8621 14.3958 4.46727 0.532073 0.84474 0.0574204
28.2812 14.112 4.68499 0.534504 0.843157 0.0579298
28.6665 13.8761 4.5751 0.536114 0.842602 0.0510234
28.8236 13.8119 3.95795 0.536157 0.842789 0.0473535
28.9024 13.7914 3.42497 0.534705 0.84375 0.0466363
28.9889 13.774 2.74306 0.533061 0.844815 0.0461882
29.0833 13.7485 2.07811 0.532638 0.845292 0.042161
29.1723 13.7203 1.42902 0.537881 0.842382 0.0324624
29.232 13.7024 0.730313 0.540885 0.840825 0.021196
29.2269 13.7168 0.227948 0.542156 0.840099 0.017343
29.1638 13.7696 -0.435756 0.54019 0.841414 0.0147552
29.0991 13.8136 -1.06171 0.53151 0.847009 -0.00612979
29.0382 13.8461 -1.58837 0.530839 0.847367 -0.0133742
28.972 13.8744 -2.19187 0.529431 0.848049 -0.0226632
28.8554 13.9266 -2.77873 0.528978 0.848022 -0.0322287
28.7889 13.9484 -3.29433 0.53074 0.846926 -0.0321271
28.722 13.9687 -3.80252 0.532873 0.845263 -0.0397157
28.5947 14.0177 -4.4377 0.53781 0.841651 -0.0487798
28.2311 14.2385 -4.65049 0.538124 0.841563 -0.0468509
27.7516 14.558 -4.41351 0.538832 0.84156 -0.037903
27.2677 14.8786 -4.15697 0.538289 0.842147 -0.0321643
26.8342 15.1674 -3.92111 0.544256 0.838213 -0.0344104
26.4233 15.4447 -3.68861 0.546267 0.836886 -0.0348302
26.0097 15.7242 -3.46477 0.54708 0.836441 -0.0327249
25.6237 15.9858 -3.27405 0.550437 0.834233 -0.03277
25.2219 16.2618 -3.02994 0.555877 0.830594 -0.0333852
24.746 16.5925 -2.72764 0.555895 0.83068 -0.0307267
24.3092 16.8944 -2.488 0.558449 0.829222 -0.0227669
23.8961 17.1769 -2.25185 0.557404 0.829807 -0.0268714
23.4787 17.459 -2.02251 0.550251 0.834874 -0.0143802
23.0948 17.7156 -1.80835 0.550979 0.834437 -0.0116683
22.6943 17.9834 -1.58971 0.553519 0.832821 -0.00512396
22.2119 18.3061 -1.36404 0.556191 0.831045 0.00284583
21.7544 18.6103 -1.15178 0.546719 0.837289 0.00672953
21.3503 18.8766 -0.963751 0.553358 0.832892 0.00824342
20.8642 19.2026 -0.785318 0.555845 0.831266 0.00582164
20.4104 19.5052 -0.617394 0.552436 0.833543 0.0029124
19.8899 19.8483 -0.448671 0.555588 0.83145 0.00362146
19.4593 20.1369 -0.34979 0.55933 0.828913 0.00728091
18.9634 20.4737 -0.239188 0.563245 0.826211 0.0114173
18.552 20.7524 -0.150601 0.559034 0.829115 0.00697088
18.0099 21.1182 -0.075387 0.5625 0.826764 0.00746148
17.6343 21.3706 0.106786 0.557556 0.830105 0.00753962
17.2954 21.6025 0.0527234 0.570441 0.821299 0.00807991
16.9719 21.8287 -0.0571737 0.571773 0.820382 0.00696795
8.55574 28.1566 0.243892 0.639474 0.768027 0.0347599
8.04179 28.5748 0.26537 0.632635 0.772162 0.0594866
7.63714 28.9088 0.28211 0.63864 0.768787 0.0332378
7.2196 29.2577 0.29837 0.640727 0.767015 0.0340254
6.83379 29.5856 0.314323 0.649202 0.760301 0.0218871
6.38704 29.971 0.333152 0.650501 0.759487 0.00519885
5.88516 30.3983 0.352006 0.650951 0.759088 -0.00701711
5.38058 30.8113 0.374524 0.603793 0.795684 0.0481795
4.92439 31.1554 0.400804 0.61042 0.791907 0.0164391
4.44814 31.4282 0.410049 0.483778 0.868493 0.108066
3.99979 31.6628 0.420871 0.4471 0.890765 0.0814828
3.51506 31.9088 0.429691 0.462222 0.883047 0.0811139
3.06578 32.141 0.444599 0.430168 0.897359 0.0985062
2.58657 32.3381 0.462703 0.320229 0.940884 0.110409
2.10457 32.4925 0.465721 0.241944 0.942898 0.228923
1.46837 32.6089 0.458309 0.179203 0.958121 0.223363
0.834999 32.7116 0.452795 0.141751 0.967871 0.207686
0.276267 32.7943 0.468052 0.174516 0.955957 0.23599
-0.24783 32.8537 0.481968 0.0584217 0.961907 0.267061
-0.859921 32.8653 0.495079 -0.0303908 0.98381 0.176618
-1.42626 32.8056 0.471579 -0.22529 0.967901 0.111412
-1.98312 32.6199 0.458774 -0.439943 0.889687 0.122096
-2.51215 32.3664 0.456703 -0.438614 0.894933 0.0819337
-2.96753 32.1363 0.444077 -0.520644 0.850732 0.0720077
-3.42115 31.8623 0.431065 -0.501072 0.863259 0.0609269
-3.88797 31.5714 0.429389 -0.564406 0.822298 0.0726147
-4.37965 31.2284 0.421946 -0.559949 0.82651 0.0577711
-4.79907 30.9498 0.40825 -0.574704 0.81748 0.0379772
-5.33751 30.5798 0.389737 -0.551222 0.834102 0.0206744
-5.87897 30.1931 0.374774 -0.579966 0.814601 0.00807857
-5.91365 30.1673 0.37383 -0.607536 0.793702 0.0306246
-4.16649 27.9413 7.16146 -0.332219 0.758784 0.560247
-3.72725 28.0828 7.21834 -0.308934 0.751773 0.582578
-4.37887 28.6917 -6.72633 -0.307842 0.778318 -0.547224
-3.85556 28.8492 -6.7802 -0.285975 0.779618 -0.557148
-3.20662 29.0335 -6.8429 -0.269622 0.782167 -0.56171
-2.89359 29.1157 -6.87306 -0.262842 0.780827 -0.566766
-2.75773 29.1526 -6.88611 -0.256406 0.779299 -0.571794
