-14.9878 41.391 18.7899 -0.407154 0.661668 0.62962
-13.582 41.3735 19.7165 -0.405783 0.664605 0.627408
-12.3062 41.3106 20.5946 -0.394709 0.668011 0.630846
-11.0914 41.1563 21.5083 -0.386692 0.671712 0.631878
-9.91076 40.9011 22.4919 -0.374208 0.677141 0.6336
-8.74964 40.5569 23.551 -0.372586 0.679966 0.631526
-8.5866 41.359 22.7823 -0.370308 0.681402 0.631318
-8.59194 42.3967 21.6563 -0.365285 0.682256 0.633319
-8.59221 43.5154 20.4554 -0.363914 0.679338 0.637233
-8.5892 44.5672 19.3109 -0.359783 0.693637 0.624039
-8.43991 45.6673 18.1735 -0.352728 0.697115 0.624189
-8.2052 46.7313 17.1224 -0.349206 0.69263 0.631116
-7.83966 47.8421 16.0947 -0.339342 0.702034 0.626096
-7.32896 49.0279 15.0417 -0.331389 0.703135 0.629113
-6.68235 50.1243 14.1497 -0.320869 0.710475 0.626314
-5.93415 51.1658 13.3524 -0.314689 0.709733 0.630276
-5.07027 52.191 12.6264 -0.30369 0.709501 0.63591
-4.01041 53.2603 11.9239 -0.28546 0.710395 0.643312
-2.86893 54.2282 11.3173 -0.234307 0.724226 0.648529
-1.70069 55.0319 10.8046 -0.203641 0.726972 0.655776
-0.359663 55.7667 10.3378 -0.144507 0.74456 0.651727
1.08085 56.345 9.85819 -0.0367002 0.776124 0.629133
1.19959 56.5255 9.62736 0.0206573 0.792395 0.609653
-0.3407 56.4435 9.56505 -0.117502 0.745554 0.655912
-1.87705 56.4087 9.22063 -0.199563 0.72938 0.654343
-3.33597 56.4006 8.72353 -0.25138 0.726121 0.639814
-4.69668 56.4285 8.044 -0.314869 0.720293 0.61809
-6.14559 56.5179 7.10384 -0.378096 0.723867 0.577113
-7.28214 56.6646 6.1214 -0.40198 0.743497 0.534438
-8.2992 56.8632 4.98198 -0.452355 0.756671 0.472042
-8.65236 56.6003 5.05304 -0.478268 0.751345 0.454687
-8.38593 55.824 6.40424 -0.428725 0.721156 0.544148
-8.21703 54.8937 7.72432 -0.401987 0.720275 0.565341
-8.17268 53.9598 8.91304 -0.384706 0.707232 0.593145
-8.1907 52.9367 10.1136 -0.371694 0.708132 0.600326
-8.38472 51.9077 11.1903 -0.363478 0.702888 0.611418
-8.65088 50.8167 12.2917 -0.353374 0.707894 0.611559
-9.12584 49.592 13.4259 -0.34979 0.705917 0.615896
-9.70137 48.4761 14.3496 -0.357647 0.694614 0.62418
-10.3447 47.3436 15.2312 -0.363993 0.688014 0.627806
-11.1141 46.2616 15.9647 -0.368639 0.686655 0.626584
-11.9915 45.0836 16.734 -0.373472 0.682959 0.627763
-12.9363 43.9634 17.3727 -0.387357 0.671899 0.631268
-13.9365 42.7871 17.9929 -0.399139 0.667121 0.628997
-14.8381 41.7059 18.5558 -0.407698 0.661681 0.629249
-14.9862 41.426 18.7541 -0.407156 0.661663 0.629624
-16.9634 36.8382 22.2039 -0.432582 0.650202 0.624588
-15.5872 36.8487 23.1305 -0.422171 0.653975 0.627764
-14.3096 36.8069 24.0206 -0.412107 0.658741 0.629467
-13.1258 36.581 25.0272 -0.407541 0.659949 0.631172
-12.1244 36.0936 26.1787 -0.401349 0.662741 0.632211
-11.0725 35.5329 27.4318 -0.399815 0.664759 0.631065
-10.1883 34.9534 28.6093 -0.401979 0.666028 0.628346
-9.51197 34.26 29.7731 -0.403343 0.663102 0.630564
-8.86684 33.4163 31.0716 -0.405727 0.660349 0.631921
-8.19424 32.6602 32.2954 -0.41156 0.657132 0.631503
-7.57252 31.8899 33.5072 -0.416033 0.657367 0.628319
-7.05167 31.0592 34.7213 -0.420414 0.653694 0.629234
-6.58235 30.2154 35.9137 -0.422552 0.653925 0.627561
-6.19066 29.2154 37.2164 -0.432366 0.648646 0.626351
-5.76114 28.2252 38.543 -0.434513 0.648473 0.625045
-5.3354 27.2985 39.7923 -0.439275 0.642901 0.627468
-4.94261 26.3755 41.006 -0.450218 0.633687 0.629083
-4.49223 25.4392 42.2655 -0.455839 0.627344 0.631388
-4.11614 24.5294 43.4431 -0.464706 0.62439 0.627837
-3.72112 23.5888 44.6686 -0.468768 0.619357 0.629804
-3.2501 22.6284 45.9627 -0.474319 0.616446 0.628502
-2.86993 21.6975 47.1572 -0.477802 0.61233 0.629886
-2.69376 22.0588 46.9398 -0.478754 0.611847 0.629633
-2.76527 23.2104 45.7572 -0.475849 0.618652 0.625171
-2.71454 24.3501 44.6683 -0.469085 0.62277 0.626192
-2.72867 25.4705 43.5337 -0.465465 0.629463 0.622188
-2.74241 26.5353 42.439 -0.458067 0.636421 0.620599
-2.73613 27.7032 41.2369 -0.451636 0.64394 0.617549
-2.74981 28.7546 40.1273 -0.448232 0.647338 0.616474
-2.75507 29.8101 39.0045 -0.440565 0.655053 0.613847
-2.76905 30.8765 37.8501 -0.433921 0.660176 0.613091
-2.79224 31.9161 36.714 -0.425226 0.662897 0.616239
-2.77588 32.9854 35.5657 -0.417598 0.669327 0.614501
-2.81775 34.0376 34.3802 -0.40953 0.676928 0.6116
-2.83206 35.0569 33.2406 -0.402821 0.681343 0.611152
-2.82398 36.0613 32.121 -0.394034 0.685543 0.612181
-2.88579 37.0588 30.9562 -0.385126 0.691179 0.611514
-2.87765 38.1009 29.7767 -0.378055 0.697391 0.608868
-2.88583 39.1315 28.5885 -0.370603 0.700715 0.609632
-2.88877 40.1484 27.4258 -0.356319 0.701135 0.617614
-2.90715 41.1656 26.2444 -0.346327 0.706063 0.617682
-2.94055 42.1612 25.0846 -0.33355 0.710647 0.619456
-2.93602 43.162 23.9251 -0.325811 0.716893 0.616369
-2.96838 44.2521 22.6393 -0.31548 0.719675 0.618498
-2.95122 45.2606 21.4774 -0.302692 0.720883 0.623462
-2.86128 46.354 20.2648 -0.29109 0.720363 0.629555
-2.56674 47.4548 19.1386 -0.286513 0.72054 0.631449
-2.10013 48.5797 18.0645 -0.277028 0.719893 0.636403
-1.43675 49.6602 17.1129 -0.264602 0.730699 0.629337
-0.598797 50.6628 16.2856 -0.247908 0.733785 0.632535
0.407595 51.5638 15.6042 -0.221757 0.747938 0.625626
1.59909 52.3319 15.0784 -0.194691 0.760738 0.619103
2.88929 52.9693 14.6506 -0.154887 0.776387 0.610928
4.36298 53.4764 14.1866 -0.00483921 0.827059 0.562087
5.79657 53.7331 13.5483 0.170984 0.87929 0.444537
7.20228 53.7386 12.7906 0.27562 0.873063 0.401701
8.62435 53.5367 11.9486 0.407874 0.852408 0.327011
9.81926 53.1588 11.0372 0.517519 0.822193 0.236917
10.8879 52.6442 10.1099 0.588861 0.791319 0.164483
11.9163 51.9973 9.17704 0.642697 0.756704 0.11975
12.9603 51.199 8.41699 0.657665 0.746612 0.100183
14.0712 50.2652 7.78046 0.675528 0.732975 0.0800327
15.1847 49.2585 7.41132 0.689702 0.720322 0.0738048
16.3501 48.1367 7.26065 0.704841 0.70641 0.064682
17.434 47.0421 7.29286 0.710374 0.7007 0.0662427
18.4776 45.9531 7.48244 0.718724 0.69281 0.0586725
19.4789 44.8564 7.90435 0.729566 0.681215 0.0606566
20.425 43.7895 8.40542 0.738004 0.671734 0.0642187
21.4338 42.6208 8.94351 0.745268 0.663736 0.0634768
22.4236 41.4258 9.53747 0.755895 0.651184 0.0676951
23.4166 40.2085 10.1142 0.759362 0.64746 0.064531
24.3571 39.0331 10.6793 0.766244 0.638904 0.0683531
25.355 37.7649 11.2348 0.771422 0.632616 0.0685854
26.2524 36.6055 11.7139 0.777862 0.62449 0.0703012
25.932 37.1316 10.5823 0.773476 0.629728 0.0719533
25.3927 37.9293 9.31573 0.767341 0.637457 0.0695408
25.0065 38.5408 7.88506 0.765648 0.640146 0.0632235
24.7483 38.9902 6.37169 0.764223 0.642548 0.0556262
24.487 39.4207 4.93742 0.760665 0.647029 0.0523612
24.347 39.694 3.42185 0.758801 0.650244 0.0374692
24.3457 39.7744 1.8658 0.755013 0.65507 0.02896
24.3183 39.8691 0.217654 0.753835 0.656686 0.0222903
24.4853 39.7173 -1.37992 0.754098 0.656659 0.0115741
24.8263 39.3437 -2.84112 0.753585 0.657334 0.00463911
25.173 38.9546 -4.30903 0.749885 0.661568 0.00107581
25.7031 38.3461 -5.70222 0.752988 0.657996 -0.0069991
26.3036 37.6397 -7.11539 0.754533 0.656238 -0.00558919
26.8756 36.9677 -8.42514 0.757952 0.652298 -0.0041296
27.4925 36.245 -9.75161 0.757789 0.652499 -0.00125678
28.2542 35.3585 -10.9389 0.759701 0.650268 0.00248249
28.9655 34.527 -12.1089 0.76504 0.643974 0.00339164
29.6664 33.6951 -13.1887 0.770862 0.63693 0.00948181
30.1555 33.1206 -14.1834 0.773198 0.633955 0.0162451
29.211 34.2504 -13.5937 0.768177 0.640122 0.0120673
28.2646 35.3623 -13.0112 0.75888 0.651188 0.00738826
27.2312 36.5546 -12.3824 0.755824 0.654757 0.00479224
26.3067 37.6076 -11.8386 0.748267 0.663397 0.00127994
25.2848 38.7597 -11.2552 0.74481 0.667221 -0.0085963
24.2272 39.9278 -10.5912 0.735476 0.677404 -0.0140972
23.2787 40.9704 -10.0479 0.736191 0.676393 -0.0226395
22.2469 42.1038 -9.46948 0.728805 0.683968 -0.0320909
21.2676 43.1716 -8.88845 0.722199 0.690586 -0.0387591
20.2033 44.3235 -8.23473 0.721795 0.690769 -0.0429251
19.2063 45.376 -7.75375 0.712571 0.69978 -0.0504383
18.1284 46.4945 -7.3346 0.701075 0.711293 -0.0505631
17.0197 47.5929 -7.2132 0.695094 0.716101 -0.0636004
15.9297 48.6396 -7.2384 0.690875 0.719632 -0.0694296
14.7694 49.7058 -7.54234 0.676663 0.730825 -0.0895677
13.6169 50.6889 -8.03033 0.658503 0.744389 -0.110526
12.422 51.5798 -8.76422 0.624652 0.768412 -0.139119
11.3052 52.259 -9.75487 0.57984 0.798373 -0.162422
10.1182 52.7661 -10.8017 0.491263 0.836352 -0.242655
8.91326 53.0701 -11.745 0.406921 0.850027 -0.33283
7.44345 53.1441 -12.694 0.233097 0.867779 -0.43884
6.11204 53.013 -13.4432 0.148215 0.848054 -0.50876
4.71669 52.7227 -14.0454 -0.00115209 0.818581 -0.57439
3.33857 52.277 -14.487 -0.129248 0.802889 -0.581949
1.81973 51.6332 -14.9241 -0.192332 0.773593 -0.60379
0.670173 50.8451 -15.5072 -0.2375 0.753441 -0.61311
-0.437569 49.9175 -16.1865 -0.254682 0.745142 -0.61636
-1.27255 48.9115 -17.0415 -0.269171 0.734249 -0.623237
-1.96748 47.8969 -17.9152 -0.281115 0.724061 -0.629847
-2.52801 46.695 -19.0383 -0.291612 0.719055 -0.630801
-2.81629 45.5871 -20.1554 -0.299908 0.710608 -0.636466
-2.97944 44.5286 -21.2486 -0.311165 0.702873 -0.639641
-2.92785 43.4393 -22.4637 -0.32152 0.697403 -0.64051
-2.94618 42.2935 -23.6895 -0.333867 0.687841 -0.644522
-2.92565 41.2534 -24.8047 -0.341492 0.682753 -0.645935
-2.93603 40.1489 -25.957 -0.350009 0.675477 -0.649016
-2.90047 39.0228 -27.1443 -0.356602 0.668923 -0.652209
-2.87976 37.8674 -28.3334 -0.365127 0.661036 -0.65552
-2.90975 36.7913 -29.391 -0.371773 0.652927 -0.659903
-2.86277 35.6572 -30.5381 -0.379761 0.648466 -0.659752
-2.8596 34.5531 -31.6194 -0.384954 0.641832 -0.663212
-2.82658 33.4049 -32.7347 -0.39226 0.634979 -0.665533
-3.37541 33.7109 -32.1246 -0.386655 0.635632 -0.668184
-3.91633 34.6171 -30.949 -0.38174 0.640687 -0.666179
-4.5373 35.4976 -29.7433 -0.37334 0.646885 -0.664948
-5.1596 36.3305 -28.5847 -0.367659 0.651688 -0.663423
-5.98848 37.0014 -27.4652 -0.366126 0.652921 -0.663058
-6.78361 37.664 -26.3753 -0.362227 0.654787 -0.663359
-7.66817 38.3015 -25.2664 -0.360515 0.6537 -0.665361
-8.66709 38.7937 -24.2434 -0.359487 0.653426 -0.666186
-9.88229 39.116 -23.27 -0.361166 0.653021 -0.665675
-11.1117 39.3576 -22.359 -0.369874 0.650679 -0.663181
-12.4288 39.5008 -21.4739 -0.375337 0.650898 -0.659888
-13.7787 39.4061 -20.7935 -0.380884 0.647546 -0.660002
-15.3554 39.1797 -20.085 -0.397594 0.638172 -0.659284
-16.8216 38.7999 -19.5597 -0.404882 0.635387 -0.657535
-18.3254 38.2685 -19.1398 -0.412271 0.635422 -0.652895
-19.7589 37.7342 -18.7386 -0.420947 0.62866 -0.653903
-21.1205 37.18 -18.3764 -0.431891 0.625295 -0.649982
-22.5127 36.511 -18.0812 -0.443037 0.617948 -0.649507
-23.979 35.7577 -17.7894 -0.447261 0.61273 -0.651552
-24.0765 36.2442 -17.2646 -0.446307 0.613461 -0.651517
-23.1063 37.5538 -16.6872 -0.444931 0.620247 -0.646011
-22.1827 38.7534 -16.1542 -0.433879 0.628867 -0.645194
-21.3028 39.8681 -15.6597 -0.433651 0.628574 -0.645632
-20.3659 41.0473 -15.1198 -0.421075 0.643841 -0.638857
-19.4259 42.1552 -14.5973 -0.412308 0.654862 -0.633369
-18.4947 43.248 -14.062 -0.406288 0.659046 -0.632921
-17.5212 44.3327 -13.5247 -0.391497 0.670267 -0.630453
-16.5096 45.4986 -12.8987 -0.382144 0.682624 -0.622889
-15.6527 46.6341 -12.1636 -0.387289 0.693549 -0.607451
-14.892 47.8072 -11.2896 -0.380125 0.699751 -0.604858
-14.32 48.9899 -10.2671 -0.384364 0.70611 -0.594704
-13.9363 50.0841 -9.21276 -0.385623 0.706304 -0.593658
-13.6936 51.1649 -8.05868 -0.390729 0.717037 -0.577225
-13.6941 52.1549 -6.80666 -0.391467 0.726559 -0.564663
-13.8836 53.012 -5.54047 -0.394551 0.743764 -0.539572
-14.1649 53.7695 -4.20789 -0.421375 0.765912 -0.485616
-14.4431 54.43 -2.7696 -0.415612 0.816351 -0.401046
-14.5687 54.9086 -1.26251 -0.459393 0.862692 -0.205896
-14.6169 55.0418 0.322206 -0.49836 0.865761 0.0303723
-14.5374 54.8654 1.84036 -0.407175 0.886057 0.22161
-14.3372 54.4752 3.27711 -0.378126 0.845553 0.376911
-14.0459 53.8906 4.68607 -0.384323 0.788268 0.48055
-13.7467 53.1151 6.04021 -0.390075 0.744998 0.541117
-13.6789 52.1184 7.41745 -0.393891 0.729654 0.558977
-13.7824 51.0562 8.69796 -0.394637 0.716786 0.574872
-14.1059 49.9878 9.79666 -0.393269 0.712153 0.58153
-14.647 48.7769 10.8985 -0.398601 0.703426 0.588476
-15.2844 47.6821 11.7555 -0.401232 0.693168 0.598763
-16.0903 46.5037 12.5601 -0.40477 0.681529 0.609655
-17.0248 45.3567 13.1997 -0.413671 0.667461 0.619162
-17.9683 44.2226 13.7675 -0.427254 0.659474 0.618504
-18.9716 43.0044 14.3545 -0.438453 0.653309 0.617202
-19.8619 41.8977 14.8834 -0.448231 0.648812 0.614924
-20.7646 40.7724 15.4004 -0.457638 0.644479 0.612544
-21.6906 39.6001 15.9307 -0.467025 0.638516 0.611707
-22.6377 38.371 16.4811 -0.472584 0.632558 0.613623
-23.5658 37.0971 17.0723 -0.476257 0.629275 0.614159
-24.4503 35.9484 17.5599 -0.481042 0.627828 0.611907
-25.3664 34.7603 18.0436 -0.487871 0.621706 0.612751
-25.8635 33.8241 18.5945 -0.489486 0.619178 0.614021
-24.5519 34.4725 18.9839 -0.486504 0.621617 0.613927
-23.2549 35.1573 19.3006 -0.475021 0.630511 0.613849
-21.8043 35.811 19.7431 -0.468629 0.634861 0.614278
-20.4504 36.2006 20.3622 -0.460206 0.635493 0.619967
-19.1309 36.4896 21.0339 -0.449502 0.641198 0.621942
-17.7935 36.7623 21.7033 -0.43698 0.647191 0.624653
-17.0789 36.833 22.1292 -0.434061 0.650071 0.623695
-3.02438 60.4851 3.84581 -0.351114 0.763053 0.542649
-1.67409 60.4143 4.60818 -0.217633 0.763425 0.608094
-0.182365 60.3243 4.92991 0.0251845 0.793292 0.607457
1.31741 60.172 4.67798 0.269241 0.766396 0.583221
2.67012 60.0976 3.98703 0.378445 0.763304 0.52359
3.83001 60.0695 2.8521 0.540315 0.756617 0.368001
4.52993 59.92 1.52815 0.642769 0.753381 0.138801
4.73368 59.8927 0.0208983 0.662642 0.748301 0.0308245
4.5307 59.8942 -1.53303 0.632712 0.754921 -0.172531
3.86625 59.8843 -2.89079 0.497841 0.801624 -0.330797
2.69174 59.9092 -3.94847 0.34742 0.792013 -0.502
1.2754 59.9134 -4.61658 0.185172 0.76644 -0.614698
-0.275156 59.9195 -4.77219 -0.0245552 0.759735 -0.649768
-1.81881 60.0049 -4.41949 -0.191371 0.751133 -0.631804
-3.13373 60.1881 -3.60871 -0.358474 0.753052 -0.551362
-4.17008 60.3662 -2.489 -0.463512 0.771373 -0.435839
-4.82799 60.549 -1.02245 -0.566679 0.796737 -0.209954
-4.92267 60.672 0.614857 -0.580342 0.812271 0.0584732
-4.53291 60.6178 2.09115 -0.534792 0.789088 0.300302
-3.59878 60.519 3.35923 -0.417249 0.770622 0.481703
-3.03167 60.4856 3.84043 -0.35141 0.764688 0.540142
-8.79782 56.6898 -4.17075 -0.418379 0.771229 -0.479748
-7.74796 56.4736 -5.37177 -0.419804 0.72827 -0.541652
-6.58737 56.2326 -6.49652 -0.384133 0.710991 -0.589005
-5.28622 56.0326 -7.40589 -0.311171 0.689426 -0.654098
-3.90668 55.8843 -8.1271 -0.240297 0.690858 -0.681869
-2.48527 55.8299 -8.64896 -0.20814 0.692622 -0.690618
-0.968954 55.8169 -9.0751 -0.164874 0.717572 -0.676626
0.524222 55.9279 -9.24741 -0.100138 0.75012 -0.653676
2.11509 56.0943 -9.16421 0.0101288 0.786734 -0.617209
3.29405 56.244 -8.89852 0.085788 0.788254 -0.608558
2.15181 55.8526 -9.47301 -0.000595181 0.792754 -0.60954
0.70075 55.3385 -9.957 -0.122296 0.75442 -0.644809
-0.714635 54.7075 -10.3501 -0.183054 0.734362 -0.653594
-2.02174 53.8731 -10.8842 -0.220312 0.73229 -0.644371
-3.19695 52.9867 -11.4694 -0.24033 0.727593 -0.642529
-4.24388 52.0921 -12.073 -0.261539 0.72405 -0.638239
-5.22039 51.1422 -12.7344 -0.27781 0.721177 -0.634605
-6.09326 50.0001 -13.6276 -0.298468 0.715581 -0.631554
-6.8325 48.8937 -14.5214 -0.308043 0.710775 -0.632383
-7.48685 47.7828 -15.4461 -0.317075 0.708458 -0.630515
-7.92786 46.595 -16.5292 -0.321972 0.696096 -0.641703
-8.27647 45.471 -17.5742 -0.328772 0.694408 -0.640064
-8.48278 44.3047 -18.7209 -0.331917 0.685478 -0.648036
-9.418 43.8598 -18.704 -0.33903 0.682742 -0.647241
-10.7269 43.9065 -17.9486 -0.34784 0.680988 -0.644409
-12.1842 43.9282 -17.1269 -0.35626 0.679766 -0.641091
-11.6293 44.9636 -16.333 -0.35069 0.68058 -0.643295
-10.8257 46.0245 -15.6325 -0.335907 0.687673 -0.64364
-10.1308 47.1183 -14.8128 -0.336125 0.696308 -0.634173
-9.50927 48.2095 -13.9298 -0.328882 0.703049 -0.630522
-8.96559 49.3023 -12.9919 -0.327176 0.703746 -0.630633
-8.54056 50.4944 -11.8883 -0.317678 0.702912 -0.636393
-8.26713 51.5809 -10.8189 -0.327313 0.703544 -0.630787
-8.11141 52.6852 -9.65838 -0.329483 0.70851 -0.624061
-8.09567 53.7171 -8.49443 -0.350986 0.704159 -0.617227
-8.25462 54.7754 -7.16124 -0.371754 0.712291 -0.595348
-8.52795 55.7357 -5.77854 -0.392372 0.727097 -0.563359
-8.82171 56.5301 -4.40708 -0.418921 0.763996 -0.490527
-8.86576 56.6574 -4.16392 -0.416435 0.771432 -0.481118
3.67915 56.2111 -8.86987 0.111986 0.793766 -0.597825
3.69765 56.2413 -8.82622 0.111988 0.79377 -0.59782
5.56139 56.312 -7.71468 0.341154 0.829599 -0.44194
6.68241 56.2309 -6.78654 0.431692 0.815055 -0.386429
7.61384 56.123 -5.60124 0.56077 0.779397 -0.279424
8.29244 55.9759 -4.24337 0.650253 0.737387 -0.182805
8.7646 55.845 -2.72744 0.685284 0.718556 -0.118584
9.02756 55.7784 -1.18976 0.709816 0.702394 -0.0529236
9.05479 55.7843 0.349508 0.714337 0.699399 0.0237604
8.87321 55.8382 2.03827 0.701981 0.706229 0.0912903
8.53057 55.9402 3.55032 0.67974 0.721492 0.13145
7.99286 56.1106 4.98443 0.630908 0.752975 0.187037
7.23931 56.3064 6.27009 0.547984 0.790907 0.272359
8.04499 55.8485 5.78954 0.598895 0.77647 0.196009
9.10919 55.1752 4.81152 0.651562 0.744109 0.147545
10.1358 54.3752 3.9215 0.684679 0.72223 0.0979128
11.2578 53.4037 3.11157 0.688743 0.721695 0.0692065
12.3506 52.4104 2.43969 0.697048 0.715213 0.050808
13.4211 51.3945 1.88928 0.699928 0.713008 0.0414641
14.5036 50.3515 1.52578 0.700036 0.713597 0.0267885
15.5669 49.3048 1.29492 0.706698 0.70726 0.0189517
16.6901 48.1726 1.22476 0.711256 0.702594 0.0218487
17.7782 47.0622 1.30195 0.718806 0.694656 0.0273728
18.8298 45.9481 1.49558 0.730809 0.682258 0.0210109
19.8888 44.7848 1.82864 0.739905 0.672159 0.0272299
20.3537 44.3037 1.06681 0.739995 0.672052 0.0274513
20.407 44.2952 -0.433835 0.735944 0.676921 0.0128079
20.4452 44.2602 -1.96289 0.735052 0.67801 -0.000238267
19.4192 45.3705 -1.61136 0.73307 0.680144 -0.00342021
18.3929 46.4733 -1.37756 0.728903 0.684617 -0.000139895
17.3491 47.5652 -1.28293 0.712625 0.701532 0.00275004
16.25 48.6593 -1.27014 0.704307 0.70989 0.00289995
15.1538 49.7531 -1.39265 0.708151 0.706053 -0.00335588
14.0542 50.8307 -1.66678 0.697364 0.716395 -0.0211054
12.9578 51.8707 -2.08078 0.691563 0.721197 -0.0401409
11.7884 52.9462 -2.77614 0.688847 0.72288 -0.0541764
10.7424 53.866 -3.50996 0.680632 0.727899 -0.0827082
9.63226 54.7375 -4.44446 0.656756 0.740444 -0.142877
8.61088 55.4219 -5.31418 0.632647 0.749631 -0.194448
7.51989 55.9359 -6.28802 0.528429 0.793582 -0.300586
6.48174 56.1522 -7.17841 0.418625 0.822165 -0.385471
5.61336 56.3083 -7.68161 0.34551 0.831567 -0.434794
7.02275 56.3748 6.49283 0.5165 0.801555 0.301226
7.00388 56.3364 6.62719 0.515437 0.808842 0.282288
40.9171 4.54792 50.3379 0.755265 0.61743 0.21979
41.849 3.66225 49.4838 0.779494 0.592663 0.202829
42.7635 2.71087 48.7185 0.7856 0.589985 0.186415
42.6524 2.47716 49.9132 0.777254 0.598887 0.192899
42.3229 2.40776 51.4168 0.767383 0.608171 0.203086
41.9274 2.38076 52.9955 0.743897 0.636975 0.201832
41.5329 2.32823 54.4911 0.719659 0.656173 0.226996
41.084 2.30065 55.9976 0.712415 0.662877 0.230344
40.6139 2.2667 57.5026 0.697113 0.672168 0.249447
40.0681 2.26382 58.9614 0.667827 0.695367 0.265465
39.5571 2.18526 60.384 0.633319 0.721057 0.281021
38.5309 2.58675 61.4097 0.586572 0.732639 0.345215
37.3275 3.17697 62.1161 0.549673 0.747215 0.373507
35.9872 3.71895 62.8819 0.515985 0.769923 0.37544
34.6065 4.28145 63.6395 0.52105 0.775429 0.356674
33.2109 4.78185 64.3966 0.449807 0.792776 0.41131
32.6552 5.04577 64.4902 0.45013 0.784304 0.426907
33.7696 4.96723 63.404 0.502645 0.753884 0.423092
34.7643 4.89259 62.2626 0.537532 0.736233 0.411097
35.7027 4.89328 61.0348 0.54201 0.742734 0.393155
36.6308 4.87057 59.7197 0.573643 0.728678 0.373996
37.4405 4.82261 58.4583 0.626582 0.705463 0.331189
38.1679 4.77948 57.1268 0.630992 0.707316 0.318672
38.8196 4.77438 55.7257 0.673328 0.677856 0.295077
39.4496 4.69765 54.2894 0.712809 0.65416 0.252939
40.0598 4.60103 52.8143 0.726351 0.633183 0.267381
40.5464 4.61532 51.3755 0.744223 0.625419 0.234476
40.8185 4.59406 50.5407 0.750964 0.621328 0.223616
13.1601 4.64941 71.2464 -0.252374 0.668784 0.699293
12.0358 3.81565 71.5795 -0.282022 0.647359 0.708088
10.76 2.95833 71.8194 -0.337554 0.637194 0.69285
9.42084 2.49584 71.5367 -0.375854 0.611261 0.696486
8.08942 2.47525 70.806 -0.407585 0.584784 0.701357
6.79518 2.51874 70.0022 -0.42778 0.569879 0.701594
5.54175 2.58848 69.1658 -0.451873 0.554151 0.699089
4.26667 2.57756 68.3343 -0.467075 0.547318 0.694466
2.94384 2.54931 67.4591 -0.473495 0.544116 0.692632
1.58965 2.55748 66.5171 -0.48009 0.540272 0.6911
0.247963 2.60288 65.5463 -0.48307 0.538842 0.690139
-0.820952 2.75559 64.6761 -0.485588 0.537954 0.689065
0.321146 3.77541 64.6833 -0.483643 0.537078 0.691112
1.47654 4.74487 64.7345 -0.479101 0.537758 0.693742
2.73896 4.58959 65.7221 -0.47228 0.543494 0.693949
3.96124 4.44729 66.6601 -0.466913 0.54651 0.695212
5.2744 4.42168 67.5481 -0.446044 0.555855 0.701472
6.62727 4.40767 68.3892 -0.411612 0.564797 0.715248
7.97942 4.47677 69.0884 -0.391564 0.576834 0.716896
9.45884 4.53464 69.8112 -0.353821 0.599674 0.717773
10.853 4.58909 70.4182 -0.301514 0.611286 0.731723
12.4231 4.63085 70.9987 -0.259773 0.640183 0.722968
13.1311 4.65242 71.2332 -0.24051 0.654198 0.716883
13.1352 4.65237 71.2346 -0.238235 0.665605 0.70702
