65.2835 15.346 7.23013 0.864833 0.497493 0.0675671
65.3394 15.4627 5.56449 0.8665 0.495496 0.0605106
65.511 15.3544 3.98439 0.866731 0.495118 0.0602919
65.698 15.2159 2.35615 0.868721 0.492237 0.0550077
65.9949 14.8555 0.84506 0.869446 0.491146 0.0532771
66.3489 14.3862 -0.606311 0.869488 0.491081 0.0532052
66.7155 13.8995 -2.15418 0.870496 0.489528 0.0509828
67.072 13.4078 -3.61017 0.871868 0.487741 0.0442016
67.4757 12.7905 -4.96491 0.875217 0.482196 0.0384965
67.9162 12.0981 -6.33819 0.874954 0.482872 0.0359066
68.3198 11.4592 -7.66373 0.875592 0.481947 0.0326539
68.7371 10.7897 -8.97275 0.875538 0.482065 0.0323542
69.1269 10.0736 -8.85361 0.875729 0.481707 0.0325
69.3266 9.6124 -7.41776 0.875693 0.481737 0.0330336
69.4248 9.32727 -5.88185 0.875871 0.481269 0.0350861
69.3636 9.31777 -4.36105 0.875001 0.482454 0.0401401
69.2835 9.32332 -2.70629 0.874694 0.482947 0.0408905
69.2229 9.30411 -1.19427 0.873916 0.484275 0.0418199
69.1327 9.31647 0.451154 0.872953 0.485641 0.0458842
69.0503 9.30629 2.03917 0.871932 0.487163 0.0490639
68.9608 9.30936 3.56325 0.871422 0.487843 0.0513001
68.8842 9.2755 5.15267 0.871563 0.487155 0.0552792
68.7769 9.28387 6.66377 0.871094 0.487262 0.0614129
68.6552 9.2849 8.32233 0.871255 0.486498 0.0650672
68.5473 9.26977 9.84823 0.871924 0.484887 0.0680738
68.4203 9.26691 11.4002 0.870183 0.487078 0.0744112
68.2815 9.26309 13.0163 0.8686 0.489535 0.0767475
68.0881 9.35558 14.5823 0.867613 0.490466 0.0817943
67.7229 9.75218 16.0509 0.868012 0.48932 0.0843818
67.2861 10.2683 17.5263 0.868097 0.488573 0.0877782
66.8666 10.8157 18.6067 0.868134 0.487897 0.0911054
66.5399 11.6398 17.2574 0.867704 0.48968 0.0854598
66.2846 12.3379 15.8053 0.86647 0.492271 0.0830627
66.0639 12.9469 14.4171 0.866559 0.49303 0.0774365
65.8305 13.5698 13.0455 0.864826 0.496451 0.0749072
65.6177 14.1595 11.5748 0.862752 0.500177 0.0740451
65.4621 14.6592 10.0016 0.86249 0.501085 0.0708753
65.3481 15.0595 8.51297 0.86362 0.499631 0.0672997
65.2845 15.3354 7.29601 0.864583 0.497921 0.0676076
61.762 21.203 8.8438 0.862093 0.502166 0.0680105
61.8683 20.8141 10.316 0.86215 0.50173 0.0704553
61.9417 20.4816 11.7811 0.862347 0.50128 0.0712419
62.0423 20.0962 13.2285 0.863216 0.499314 0.0744538
62.2395 19.5415 14.6363 0.863913 0.497746 0.0768247
62.4837 18.9016 16.0298 0.862629 0.49976 0.0781739
62.7315 18.246 17.431 0.861342 0.500747 0.0856886
62.9402 17.6277 18.8916 0.861903 0.499219 0.0889041
63.1573 17.0044 20.2859 0.862159 0.498821 0.0886503
63.4009 16.3282 21.6157 0.86531 0.491676 0.0974387
63.7014 15.5286 22.971 0.86556 0.491154 0.0978491
64.0113 14.7083 24.325 0.866276 0.48895 0.102428
64.2905 13.9143 25.6741 0.866668 0.486447 0.110708
64.5338 13.1679 27.0082 0.866399 0.484728 0.119968
64.7674 12.3744 28.5027 0.86533 0.485917 0.122834
64.9953 11.6259 29.85 0.862995 0.488986 0.127001
65.2251 10.8639 31.1697 0.861763 0.489246 0.134173
65.5699 10.0214 32.0066 0.861003 0.488278 0.142332
66.175 9.29276 30.8037 0.861405 0.489945 0.133921
66.7836 8.58338 29.4634 0.86159 0.490506 0.130641
67.3871 7.84638 28.1601 0.863276 0.490945 0.117162
67.9282 7.19715 26.8754 0.863744 0.490921 0.113764
68.4476 6.57896 25.5505 0.86554 0.488763 0.109322
68.9387 5.99534 24.2547 0.866155 0.488189 0.106993
69.4597 5.36363 22.8666 0.867974 0.486307 0.10063
69.9181 4.84495 21.4121 0.867637 0.487067 0.0998584
70.3397 4.38907 19.9433 0.868773 0.48626 0.0937252
70.7891 3.86607 18.4877 0.868843 0.486393 0.092377
71.161 3.47227 17.0282 0.86917 0.486898 0.0864522
71.494 3.16297 15.3882 0.869957 0.486207 0.0823268
71.6761 3.09606 13.7877 0.870069 0.486974 0.0763899
71.7936 3.13376 12.1677 0.869671 0.488097 0.0737133
71.9205 3.14022 10.5839 0.870784 0.487096 0.066875
72.0419 3.14268 8.94821 0.870561 0.487904 0.0638216
72.1612 3.12234 7.45276 0.870966 0.487426 0.061919
72.2534 3.14464 5.93357 0.870911 0.488307 0.055402
72.3443 3.14739 4.39957 0.872885 0.485436 0.0492269
72.406 3.18413 2.83339 0.873942 0.483964 0.0447722
72.4971 3.15447 1.29944 0.87574 0.481075 0.0405743
72.567 3.1592 -0.271869 0.876241 0.480207 0.0400352
72.6345 3.16715 -1.90604 0.877456 0.478162 0.0378493
72.6941 3.17791 -3.47445 0.877825 0.477701 0.0350093
72.7658 3.15717 -5.06313 0.879703 0.474552 0.030366
72.8041 3.17972 -6.58318 0.879587 0.474897 0.028295
72.7567 3.34892 -8.09826 0.879391 0.475609 0.0215921
72.5474 3.79879 -9.67142 0.880831 0.473097 0.0177634
72.3128 4.29209 -11.2103 0.882341 0.470347 0.0157205
72.0426 4.84791 -12.7677 0.882674 0.469817 0.0125805
71.7915 5.35386 -14.1921 0.884301 0.466841 0.00850946
71.4896 5.95721 -15.6948 0.885143 0.465264 0.00716136
71.1355 6.65566 -17.0063 0.886933 0.461836 0.00750338
70.788 7.34714 -18.3451 0.887298 0.461111 0.00887405
70.4015 8.11852 -19.6368 0.888388 0.458972 0.0105704
69.9983 8.93663 -20.9395 0.889299 0.457119 0.0137718
69.5295 9.88752 -22.1878 0.891013 0.453781 0.0133995
69.1157 10.6521 -20.9251 0.889592 0.456477 0.0159379
68.705 11.3976 -19.687 0.887185 0.460938 0.0209403
68.2085 12.2846 -18.2718 0.886874 0.461271 0.0261382
67.693 13.1769 -16.9746 0.881892 0.470345 0.0322789
67.2128 14 -15.8118 0.881797 0.470643 0.0304751
66.7102 14.8576 -14.595 0.880208 0.473397 0.0336001
66.2385 15.6409 -13.3954 0.877101 0.478864 0.0371166
65.814 16.3164 -12.0965 0.874674 0.483447 0.0349966
65.39 16.9847 -10.8101 0.873562 0.485233 0.0379163
64.9402 17.6836 -9.41782 0.872936 0.48632 0.0384021
64.5085 18.347 -8.0679 0.871847 0.488184 0.039495
64.0828 18.9905 -6.71915 0.870441 0.490381 0.0430962
63.7083 19.5138 -5.34024 0.868425 0.493215 0.0507576
63.3813 19.9398 -3.88764 0.868622 0.49281 0.0513165
63.0258 20.4152 -2.44608 0.86765 0.494383 0.0526275
62.6458 20.9162 -0.934098 0.866491 0.496315 0.0535201
62.305 21.3312 0.548332 0.863 0.501043 0.064705
62.0941 21.4845 2.15374 0.861005 0.504589 0.06372
61.9493 21.5384 3.69606 0.860532 0.505463 0.063174
61.812 21.5773 5.24922 0.860702 0.50514 0.0634534
61.691 21.5849 6.83048 0.860873 0.504852 0.0634225
61.7452 21.276 8.51831 0.862227 0.501996 0.0675599
61.7464 21.2706 8.54286 0.862093 0.502166 0.0680121
