-55.1562 10.9088 46.8595 -0.595903 0.536669 0.597399
-54.0393 11.3327 47.583 -0.587498 0.537646 0.604793
-52.8371 11.6054 48.4971 -0.5806 0.538673 0.61052
-51.5429 11.9396 49.4199 -0.572416 0.539107 0.617821
-50.3271 12.2582 50.2597 -0.567605 0.54204 0.619692
-49.1204 12.5518 51.1041 -0.564874 0.540378 0.623624
-47.8302 12.7952 52.0505 -0.557583 0.541804 0.628927
-46.5793 12.8274 53.12 -0.551647 0.541226 0.634634
-45.4449 12.8179 54.1071 -0.546608 0.543141 0.637352
-44.2363 12.7178 55.225 -0.54442 0.543633 0.638803
-43.1335 12.5986 56.2601 -0.538945 0.545591 0.64177
-42.141 12.2833 57.3568 -0.535409 0.546017 0.644361
-41.1491 11.9243 58.4805 -0.531719 0.547463 0.646188
-40.1272 11.4993 59.6859 -0.532497 0.549691 0.643651
-40.3063 10.9756 59.9852 -0.530698 0.550309 0.644608
-41.6396 10.725 59.0952 -0.532519 0.549499 0.643797
-42.8761 10.5421 58.2233 -0.534463 0.548732 0.642839
-44.0837 10.4056 57.3325 -0.537465 0.549217 0.639915
-45.3667 10.3025 56.3317 -0.542168 0.549694 0.635524
-46.6053 10.2365 55.3247 -0.546166 0.549501 0.632259
-47.8659 10.2434 54.2242 -0.549255 0.549356 0.629704
-49.0097 10.2258 53.2269 -0.558029 0.547435 0.623633
-50.1669 10.2941 52.1202 -0.562411 0.548003 0.619182
-51.2701 10.4287 50.9952 -0.568843 0.544881 0.616054
-52.4742 10.5625 49.7588 -0.572426 0.543446 0.613999
-53.4994 10.7027 48.6648 -0.582493 0.540626 0.60698
-54.554 10.839 47.5196 -0.592318 0.538634 0.599193
-55.1333 10.9049 46.8858 -0.595583 0.537045 0.59738
-56.5015 8.264 47.8991 -0.596707 0.540915 0.59275
-55.4006 8.0884 49.159 -0.591704 0.541852 0.596895
-54.3435 7.94712 50.3241 -0.58405 0.545186 0.60138
-53.2369 7.86401 51.4544 -0.571269 0.549008 0.610116
-52.1095 7.74514 52.6055 -0.56574 0.547596 0.616504
-50.961 7.6216 53.7676 -0.562205 0.551888 0.61591
-49.7793 7.63885 54.8173 -0.554899 0.553301 0.621245
-48.6583 7.63206 55.8218 -0.551988 0.554312 0.622933
-47.5046 7.61519 56.8449 -0.541677 0.557492 0.629117
-46.1725 7.70918 57.896 -0.537634 0.553552 0.636027
-44.9027 7.79084 58.8945 -0.535999 0.550663 0.639902
-43.6229 7.93993 59.8363 -0.534867 0.55146 0.640164
-42.2823 8.13862 60.7835 -0.53318 0.55268 0.640518
-40.9114 8.41001 61.688 -0.529933 0.555165 0.641064
-39.5825 8.6795 62.5452 -0.525864 0.555396 0.644207
-38.2975 8.9507 63.3527 -0.51996 0.560692 0.644411
-36.9276 9.28621 64.1554 -0.511228 0.562073 0.650161
-35.5228 9.66581 64.9139 -0.501674 0.565783 0.654379
-34.0748 10.0188 65.7194 -0.50012 0.560833 0.659808
-33.1255 10.5513 65.9858 -0.499118 0.556262 0.66442
-33.9746 11.2456 64.7641 -0.503274 0.554661 0.662621
-34.7833 11.8663 63.6273 -0.508342 0.552687 0.660398
-35.6168 12.5386 62.4201 -0.514426 0.549097 0.65868
-36.4939 13.1708 61.1985 -0.520977 0.549342 0.653304
-37.4619 13.6232 60.0443 -0.523055 0.546588 0.653953
-38.4541 14.0208 58.9182 -0.523239 0.545781 0.65448
-39.4394 14.4216 57.7941 -0.527584 0.541615 0.654453
-40.5085 14.8228 56.5832 -0.537604 0.537963 0.64929
-41.5134 15.1943 55.4378 -0.54114 0.539061 0.64543
-42.5976 15.3229 54.4142 -0.544995 0.541033 0.640518
-43.7315 15.3692 53.4068 -0.547047 0.540931 0.638853
-44.9082 15.4136 52.3632 -0.546192 0.539719 0.640607
-46.0932 15.4107 51.3534 -0.551771 0.534077 0.640551
-47.2939 15.399 50.3197 -0.561492 0.52723 0.637774
-48.5399 15.1222 49.4319 -0.570452 0.528506 0.628702
-49.8084 14.8114 48.5397 -0.571411 0.528168 0.628114
-51.0542 14.4879 47.6774 -0.572399 0.528261 0.627136
-52.3691 14.1687 46.7213 -0.586497 0.521546 0.619685
-53.6202 13.9 45.7558 -0.592109 0.521763 0.614135
-54.8869 13.4273 44.9247 -0.601407 0.521477 0.605286
-56.1037 12.9229 44.137 -0.609389 0.519418 0.599041
-57.2837 12.4813 43.3025 -0.617406 0.521454 0.588978
-58.5299 12.0441 42.3706 -0.626723 0.520766 0.579673
-59.6942 11.6536 41.4537 -0.630211 0.523468 0.573424
-60.8544 11.2021 40.5811 -0.637545 0.519667 0.568755
-62.007 10.711 39.7203 -0.644961 0.521666 0.55847
-62.5885 10.0946 39.6244 -0.646468 0.525511 0.553098
-61.7446 9.73723 40.9361 -0.637321 0.529278 0.560075
-60.8649 9.40205 42.2371 -0.632678 0.527453 0.56702
-60.0089 9.09867 43.468 -0.627256 0.53155 0.569214
-59.0648 8.87987 44.694 -0.615363 0.535294 0.57861
-58.1339 8.6518 45.8745 -0.605805 0.536872 0.58717
-57.1817 8.38102 47.102 -0.603497 0.537863 0.588638
-56.6759 8.28595 47.7036 -0.598295 0.540224 0.591775
-56.6043 8.27615 47.7846 -0.596711 0.540913 0.592747
