66.9707 14.0182 7.01208 0.867478 0.493446 0.0631846
67.059 14.0645 5.37887 0.867307 0.494383 0.057991
67.1804 14.0394 3.77151 0.868176 0.492835 0.0581644
67.3637 13.9007 2.17895 0.870511 0.489205 0.0537559
67.6278 13.5866 0.666756 0.871718 0.487471 0.049803
67.9206 13.2115 -0.809081 0.872591 0.486064 0.0482429
68.2496 12.7675 -2.37101 0.874201 0.483369 0.0461145
68.5611 12.3463 -3.88518 0.875122 0.481938 0.0435567
68.9878 11.6947 -5.28624 0.873987 0.484213 0.0410286
69.4212 11.0231 -6.68165 0.874869 0.483059 0.0354831
69.8796 10.253 -7.60802 0.876188 0.480926 0.0316858
70.0508 9.8374 -6.06556 0.875109 0.482682 0.0346765
70.1708 9.49421 -4.53013 0.873958 0.484157 0.0423059
70.2799 9.16206 -2.98138 0.873654 0.484699 0.0423735
70.3433 8.91114 -1.44274 0.873329 0.485212 0.0431948
70.3661 8.71231 0.294436 0.872434 0.486629 0.0452823
70.3649 8.55182 2.00489 0.871368 0.488388 0.0468511
70.28 8.55158 3.51496 0.8711 0.488519 0.0503341
70.1683 8.59108 5.02786 0.872011 0.486489 0.0540816
70.0435 8.6386 6.5687 0.87205 0.485802 0.0593736
69.8579 8.76505 8.14632 0.870658 0.487505 0.0655246
69.6238 8.95988 9.76364 0.870032 0.487944 0.0703817
69.3765 9.18079 11.2434 0.869759 0.487921 0.0738413
69.0924 9.44865 12.7826 0.868186 0.490267 0.0767567
68.7732 9.78298 14.2474 0.867308 0.491333 0.0798014
68.4168 10.1631 15.7574 0.868274 0.48909 0.0830102
68.0131 10.6442 17.1207 0.868166 0.488896 0.0852603
67.7623 11.2793 16.0177 0.867343 0.490854 0.0823271
67.5407 11.8992 14.6093 0.866842 0.492408 0.0782263
67.3234 12.5107 13.1625 0.866647 0.492799 0.0779261
67.1632 13.02 11.7088 0.866392 0.493479 0.0764386
67.0836 13.3899 10.2192 0.866425 0.493728 0.0744293
67.0239 13.7114 8.67075 0.867116 0.493883 0.0647117
66.9708 14.0105 7.06965 0.867428 0.493516 0.0633216
63.8769 19.2855 8.29739 0.868181 0.491501 0.0684626
63.8646 19.517 6.76698 0.867992 0.492073 0.0667392
64.0038 19.4945 5.07956 0.866663 0.494962 0.0625197
64.1463 19.4496 3.42537 0.867869 0.49311 0.0603823
64.2779 19.4066 1.84347 0.868971 0.491546 0.0572038
64.485 19.2192 0.226487 0.870339 0.489653 0.0524358
64.7797 18.8529 -1.25815 0.870007 0.490505 0.0499252
65.1001 18.4408 -2.8489 0.869521 0.491657 0.0469745
65.4203 18.0259 -4.4358 0.869816 0.491141 0.0469092
65.7228 17.6321 -5.93872 0.870874 0.489458 0.0448334
66.0962 17.0857 -7.28947 0.872694 0.486386 0.0428218
66.5686 16.3548 -8.68099 0.874793 0.482691 0.0417954
67.0123 15.6522 -9.99244 0.877547 0.477956 0.038344
67.4317 14.9857 -11.4604 0.878947 0.475907 0.0310598
67.8195 14.3591 -12.8459 0.879277 0.475298 0.0310526
68.2169 13.7083 -14.1943 0.879968 0.474192 0.0282291
68.6856 12.9073 -15.372 0.879928 0.474306 0.027575
69.1688 12.0745 -16.6164 0.883337 0.468236 0.0216291
69.5952 11.3103 -17.8624 0.887024 0.461356 0.0184217
70.0256 10.5311 -19.1308 0.888029 0.459541 0.015086
70.4737 9.69327 -20.0741 0.888525 0.458613 0.0140322
70.8607 8.9079 -18.6993 0.886819 0.461961 0.0119783
71.2444 8.13989 -17.3177 0.885782 0.464005 0.00948747
71.5933 7.45074 -15.9827 0.884677 0.466108 0.00944853
71.8975 6.83808 -14.5635 0.884107 0.467137 0.0117831
72.1686 6.2892 -13.1399 0.882718 0.46972 0.013071
72.4371 5.73942 -11.6349 0.88217 0.470697 0.0148405
72.6868 5.22137 -10.1544 0.881468 0.471869 0.0188111
72.8994 4.76155 -8.54787 0.879487 0.475492 0.0202392
73.0643 4.38565 -7.10216 0.879144 0.475814 0.0265767
73.185 4.06729 -5.52772 0.87955 0.474758 0.0315545
73.3089 3.72223 -3.88235 0.878456 0.47654 0.0350036
73.3952 3.4474 -2.35199 0.877658 0.47781 0.0375927
73.4059 3.3038 -0.822305 0.876779 0.479191 0.0404227
73.4182 3.15267 0.696036 0.876047 0.48046 0.0412372
73.3823 3.08491 2.23221 0.874787 0.482617 0.0427566
73.3136 3.06383 3.8391 0.872868 0.485953 0.0441557
73.2092 3.09819 5.39757 0.871778 0.487065 0.0526491
73.0623 3.18117 6.91959 0.870555 0.488265 0.0610912
72.9086 3.24817 8.54363 0.870397 0.488308 0.0629676
72.6933 3.41707 10.1911 0.870224 0.488278 0.0655386
72.448 3.64504 11.6546 0.869644 0.488453 0.0716412
72.193 3.88132 13.1247 0.869526 0.488474 0.0729276
71.9157 4.13777 14.6486 0.869628 0.487258 0.0795402
71.5385 4.54937 16.1847 0.868755 0.487799 0.0855336
71.2145 4.86632 17.632 0.868926 0.486961 0.0885185
70.8187 5.29895 19.0875 0.868272 0.487348 0.0927178
70.4084 5.75755 20.4862 0.867516 0.487781 0.0973957
69.9738 6.23798 21.9261 0.867079 0.488039 0.0999605
69.4916 6.80845 23.3147 0.866267 0.488998 0.102288
68.9896 7.39783 24.7295 0.866262 0.488426 0.105022
68.4726 8.02327 26.0544 0.865622 0.488712 0.108898
67.9279 8.69371 27.3404 0.86498 0.488601 0.114363
67.3914 9.33235 28.6427 0.864049 0.48944 0.117763
66.8225 10.0141 29.9081 0.862253 0.49009 0.127795
66.5209 10.7826 28.9765 0.863072 0.490013 0.122447
66.287 11.5492 27.5418 0.86586 0.486319 0.117389
66.0505 12.2861 26.2058 0.867327 0.48475 0.112967
65.804 13.0433 24.8451 0.867361 0.485061 0.111355
65.5531 13.7874 23.5031 0.867446 0.486513 0.104121
65.2978 14.5105 22.21 0.867107 0.48836 0.0981242
65.0852 15.1757 20.7283 0.867487 0.489289 0.0897966
64.8735 15.8073 19.261 0.86685 0.491173 0.0855611
64.6587 16.4332 17.8383 0.866479 0.491884 0.0852314
64.4421 17.0461 16.4462 0.866081 0.493397 0.0803941
64.2285 17.6475 15.0488 0.866474 0.492826 0.0796556
64.0517 18.1833 13.6339 0.86585 0.494411 0.0765633
63.989 18.5305 12.0533 0.86584 0.494823 0.0739718
63.9458 18.8299 10.5559 0.866318 0.493879 0.0746677
63.9098 19.13 8.97767 0.868482 0.490516 0.0716473
63.8861 19.2392 8.51037 0.868301 0.491157 0.0694147
63.8844 19.2478 8.47066 0.86828 0.49119 0.0694417
