-16.1366 40.395 19.6971 -0.417034 0.656838 0.628209
-15.1757 41.5911 19.0753 -0.408268 0.660242 0.630392
-14.2023 42.7387 18.4935 -0.400594 0.664173 0.631189
-13.2768 43.7948 17.9577 -0.394184 0.670963 0.628034
-12.3199 44.8859 17.3733 -0.377377 0.682035 0.626427
-11.4497 45.9835 16.6896 -0.367352 0.688341 0.625491
-10.6289 47.0555 15.9895 -0.364898 0.68903 0.626169
-9.89051 48.1456 15.212 -0.360721 0.697023 0.619705
-9.24462 49.237 14.355 -0.355126 0.697807 0.622054
-8.72912 50.333 13.4131 -0.349384 0.702708 0.619782
-8.32775 51.4087 12.4125 -0.347144 0.706265 0.61699
-8.06638 52.4448 11.3596 -0.352364 0.709747 0.609993
-7.8887 53.4933 10.2344 -0.36529 0.707579 0.604888
-7.82214 54.4846 9.10651 -0.368962 0.716514 0.592009
-7.89654 55.4632 7.87034 -0.385232 0.717844 0.579911
-8.08433 56.3562 6.62038 -0.402036 0.726434 0.55737
-7.93062 56.9759 5.90524 -0.426568 0.737341 0.523793
-6.80369 56.8461 6.89627 -0.388501 0.729856 0.562441
-5.4809 56.7381 7.85949 -0.348333 0.713254 0.608221
-4.0976 56.6635 8.68361 -0.306854 0.712877 0.63048
-2.61938 56.6967 9.2741 -0.231912 0.713633 0.661018
-1.04821 56.7705 9.66733 -0.154952 0.741982 0.652241
-0.432033 56.5145 10.0798 -0.131464 0.749698 0.648591
-1.67938 55.812 10.5433 -0.214663 0.714805 0.665541
-2.93443 54.9702 11.0236 -0.248124 0.715918 0.652607
-4.04947 54.0642 11.5721 -0.278027 0.716079 0.640259
-5.14393 52.9584 12.3121 -0.303825 0.715075 0.629569
-6.052 51.9301 13.037 -0.308788 0.712315 0.630283
-6.82756 50.8705 13.8459 -0.327495 0.706723 0.627126
-7.46531 49.8024 14.7123 -0.338276 0.700162 0.628762
-7.99138 48.6417 15.729 -0.343876 0.702902 0.622638
-8.39014 47.5596 16.7202 -0.351513 0.694044 0.628284
-8.70651 46.4557 17.7627 -0.357583 0.693355 0.625615
-8.86382 45.3098 18.9515 -0.356299 0.692738 0.627029
-8.93668 44.2717 20.0482 -0.355057 0.6857 0.635414
-8.92858 43.2163 21.1925 -0.358556 0.683985 0.635297
-8.8704 42.1738 22.3492 -0.3658 0.683396 0.631787
-8.89294 41.0545 23.5435 -0.371011 0.680342 0.632049
-8.82252 39.9781 24.7388 -0.374529 0.676782 0.633793
-9.12389 39.1423 25.4452 -0.383161 0.6714 0.634356
-10.208 39.6308 24.2756 -0.385503 0.669461 0.634986
-11.3519 39.9422 23.2482 -0.389854 0.668335 0.633516
-12.6145 40.0974 22.2967 -0.397895 0.664529 0.632519
-13.8721 40.2236 21.3593 -0.408042 0.661422 0.629303
-15.1684 40.2855 20.4505 -0.414398 0.656468 0.630337
-16.1249 40.3777 19.7229 -0.419286 0.65426 0.62939
-20.4796 41.5787 15.3907 -0.455567 0.645469 0.613048
-19.603 42.7038 14.8441 -0.443568 0.652191 0.614732
-18.7001 43.812 14.3086 -0.433333 0.657029 0.616875
-17.7279 44.9335 13.788 -0.424332 0.663013 0.616727
-16.833 46.0121 13.2246 -0.414115 0.672502 0.613393
-15.9733 47.1362 12.5571 -0.410345 0.682732 0.604561
-15.1983 48.2096 11.843 -0.398186 0.694489 0.599277
-14.5371 49.3474 10.9395 -0.390666 0.707356 0.589091
-14.0366 50.399 9.99542 -0.392935 0.712475 0.581362
-13.7171 51.4799 8.87594 -0.395751 0.716583 0.57436
-13.6055 52.4634 7.70026 -0.394532 0.726337 0.562831
-13.6104 53.4153 6.4387 -0.391952 0.737769 0.549609
-13.8586 54.2083 5.15665 -0.387477 0.759185 0.522972
-14.1839 54.917 3.74276 -0.373326 0.821897 0.430248
-14.4368 55.4069 2.33311 -0.444544 0.861111 0.244273
-14.5196 55.6651 0.85391 -0.425185 0.900121 0.0845542
-14.4966 55.6151 -0.795757 -0.406335 0.900491 -0.148675
-14.4002 55.2267 -2.3541 -0.352354 0.871104 -0.342088
-14.1898 54.6162 -3.75225 -0.386213 0.780457 -0.491657
-13.9196 53.8848 -5.04024 -0.396857 0.746822 -0.533625
-13.6693 53.0769 -6.30434 -0.390584 0.728928 -0.562234
-13.5951 52.1795 -7.50694 -0.386731 0.726223 -0.568366
-13.7197 51.0964 -8.77757 -0.385776 0.712349 -0.586289
-13.9927 50.0659 -9.84132 -0.382738 0.70854 -0.592859
-14.4474 48.9914 -10.8299 -0.383699 0.707737 -0.593198
-15.1163 47.856 -11.7306 -0.383515 0.698797 -0.60382
-15.8969 46.707 -12.5526 -0.387759 0.692011 -0.608901
-16.7753 45.6241 -13.2075 -0.387383 0.680296 -0.622184
-17.7941 44.4816 -13.8019 -0.389369 0.674311 -0.627452
-18.7371 43.4204 -14.3284 -0.405704 0.660003 -0.632298
-19.6885 42.2956 -14.8792 -0.420716 0.651645 -0.631155
-20.5924 41.195 -15.3944 -0.429597 0.639623 -0.637439
-21.4889 40.086 -15.8955 -0.432001 0.634623 -0.640803
-22.4066 38.9422 -16.4021 -0.43618 0.629697 -0.642829
-23.3533 37.6707 -16.9888 -0.439366 0.619486 -0.650532
-24.2467 36.4752 -17.5107 -0.442095 0.613346 -0.654491
-25.2289 35.1573 -18.072 -0.445635 0.606741 -0.658236
-25.5229 34.416 -18.5535 -0.449458 0.602421 -0.659604
-24.1295 35.089 -18.8848 -0.446359 0.609861 -0.654853
-22.7867 35.759 -19.1654 -0.438547 0.614476 -0.655817
-21.3538 36.398 -19.523 -0.436285 0.616832 -0.655113
-19.9111 36.8813 -20.0228 -0.43074 0.619891 -0.655884
-18.4913 37.3915 -20.4459 -0.415567 0.624958 -0.660856
-17.1006 37.8329 -20.8909 -0.406188 0.631409 -0.660556
-15.6453 38.0627 -21.5588 -0.39989 0.633768 -0.662137
-14.2139 38.2862 -22.1962 -0.385973 0.639217 -0.665152
-12.8412 38.327 -22.9475 -0.380785 0.643332 -0.664173
-11.5253 38.1152 -23.8933 -0.372845 0.644154 -0.66787
-10.3471 37.8171 -24.831 -0.368189 0.646387 -0.668297
-9.16188 37.4555 -25.8333 -0.367809 0.646607 -0.668293
-8.18066 36.9295 -26.8849 -0.367904 0.648621 -0.666286
-7.2809 36.3413 -27.9537 -0.368539 0.647542 -0.666985
-6.33522 35.6646 -29.1362 -0.373012 0.645539 -0.666439
-5.53958 34.9114 -30.3102 -0.37983 0.639475 -0.668432
-4.86227 34.0773 -31.4958 -0.385676 0.637664 -0.666813
-4.23169 33.1701 -32.7243 -0.386288 0.634372 -0.669592
-3.64277 32.2994 -33.8819 -0.393946 0.625245 -0.673698
-2.97185 31.4966 -35.0208 -0.400618 0.621456 -0.673274
-2.92951 32.5397 -34.0788 -0.398904 0.627562 -0.668612
-2.92912 33.7112 -32.9677 -0.391884 0.635424 -0.66533
-2.9404 34.805 -31.9132 -0.387377 0.639919 -0.663659
-2.9526 35.9949 -30.7424 -0.381048 0.650544 -0.656958
-2.94684 37.0837 -29.6676 -0.374711 0.65249 -0.658671
-2.97898 38.2225 -28.5122 -0.364745 0.662758 -0.653998
-2.98795 39.2965 -27.412 -0.35608 0.670077 -0.65131
-3.03092 40.3929 -26.2509 -0.348071 0.676492 -0.649002
-3.02506 41.4357 -25.1583 -0.340184 0.684241 -0.64505
-3.05741 42.5212 -23.985 -0.334099 0.689461 -0.642667
-3.06103 43.6197 -22.7964 -0.324742 0.69834 -0.637858
-3.05937 44.7248 -21.5858 -0.316181 0.701765 -0.638401
-2.96753 45.8998 -20.3237 -0.305708 0.711379 -0.632837
-2.70892 46.9442 -19.2731 -0.294556 0.716707 -0.632112
-2.27365 48.035 -18.2266 -0.28356 0.725181 -0.62746
-1.68196 49.1232 -17.228 -0.270085 0.732298 -0.625127
-0.897261 50.1083 -16.3905 -0.2585 0.742641 -0.617783
0.141861 51.0314 -15.7014 -0.244721 0.746923 -0.61821
1.34215 51.9341 -15.0351 -0.2071 0.767725 -0.606386
2.63151 52.5985 -14.5834 -0.173957 0.78779 -0.590869
4.14649 53.1407 -14.1603 -0.0701505 0.83515 -0.54553
5.69701 53.5293 -13.5266 0.100666 0.859675 -0.500701
7.03558 53.6812 -12.8203 0.182259 0.875331 -0.447858
8.32361 53.6729 -12.0535 0.291814 0.881898 -0.370265
9.62216 53.4816 -11.1282 0.441595 0.848358 -0.291326
10.7337 53.098 -10.1314 0.542984 0.815298 -0.20114
11.8047 52.5156 -9.17107 0.611133 0.778246 -0.14399
12.8515 51.7972 -8.37175 0.638959 0.760447 -0.115977
13.9527 50.9345 -7.77182 0.659618 0.74632 -0.0888275
15.115 49.9287 -7.32061 0.679929 0.728177 -0.0863427
16.2627 48.8545 -7.12488 0.693018 0.717663 -0.0684565
17.3788 47.7728 -7.16651 0.69561 0.715885 -0.0602922
18.5544 46.5961 -7.41144 0.703897 0.708556 -0.0497713
19.6447 45.4698 -7.84378 0.711987 0.700525 -0.0483509
20.7609 44.2885 -8.44645 0.717406 0.695016 -0.0477671
21.7215 43.2545 -9.01935 0.722093 0.6907 -0.0389147
22.734 42.1521 -9.60813 0.730462 0.682258 -0.030772
23.7698 41.0134 -10.2297 0.734568 0.678274 -0.0188285
24.721 39.9668 -10.8064 0.737154 0.675627 -0.0114396
25.6921 38.8927 -11.3921 0.742728 0.669527 -0.00945116
26.6276 37.841 -11.9112 0.750343 0.661047 -0.00110184
27.6153 36.7072 -12.4969 0.756875 0.653546 0.00349722
28.5443 35.6308 -13.0729 0.760392 0.649399 0.00919724
29.5385 34.4601 -13.6485 0.768523 0.639668 0.0139138
30.4711 33.3452 -14.1527 0.773717 0.633259 0.0185125
31.36 32.2703 -14.707 0.777281 0.628753 0.0224333
32.2151 31.2267 -15.2539 0.781572 0.623302 0.0252842
31.5519 32.0128 -14.1371 0.778503 0.627282 0.0212075
30.7889 32.9214 -12.9639 0.776199 0.630267 0.0166848
30.0943 33.7492 -11.8651 0.774628 0.632305 0.0119434
29.4325 34.5406 -10.7701 0.771589 0.636087 0.00667045
28.789 35.3053 -9.49409 0.767732 0.640746 0.0056715
28.2306 35.9629 -8.21176 0.765789 0.643068 0.00546861
27.664 36.6258 -6.90316 0.765268 0.643692 0.00506744
27.1399 37.2441 -5.64114 0.767079 0.641552 0.000813217
26.6905 37.7733 -4.15312 0.764472 0.644597 0.00848285
26.3718 38.1235 -2.68185 0.763025 0.646236 0.013114
26.0659 38.4496 -1.19704 0.764119 0.644887 0.0155864
25.9044 38.6018 0.287406 0.762487 0.646637 0.0217902
25.8886 38.5537 1.83443 0.765195 0.642622 0.0389162
25.8417 38.5082 3.39503 0.765912 0.641359 0.0451346
25.9249 38.2919 4.88696 0.765604 0.641158 0.0526005
26.1809 37.8524 6.34112 0.768309 0.636984 0.0628621
26.3802 37.4629 7.82629 0.76923 0.635817 0.0634171
26.6798 36.9522 9.21771 0.774847 0.628428 0.0684754
27.1665 36.1887 10.6626 0.777232 0.625221 0.0707717
27.6571 35.4293 11.9394 0.780694 0.62081 0.0714923
27.3628 35.7562 12.3195 0.781353 0.620137 0.0701244
26.4964 36.896 11.7974 0.777867 0.624836 0.0671112
25.6187 38.0356 11.316 0.775863 0.627411 0.0662694
24.6681 39.258 10.7365 0.769337 0.635446 0.0657927
23.7041 40.463 10.1948 0.758272 0.648589 0.065995
22.7866 41.5808 9.65242 0.75364 0.654081 0.0648457
21.8234 42.7392 9.04492 0.74933 0.658982 0.0651704
20.851 43.8786 8.53418 0.742116 0.667523 0.0605494
19.9045 44.9588 8.00134 0.732558 0.678286 0.0573374
18.92 46.0394 7.55976 0.720503 0.69059 0.0629375
17.8967 47.1222 7.23983 0.712236 0.699096 0.0631259
16.7573 48.2805 7.13603 0.705075 0.706218 0.0642331
15.6089 49.4008 7.22743 0.693216 0.716604 0.077008
14.5019 50.4235 7.48655 0.678586 0.729695 0.0840594
13.3905 51.3866 7.96227 0.669441 0.737397 0.0899704
12.2927 52.2718 8.67786 0.653415 0.749349 0.107356
11.2789 52.973 9.59883 0.609899 0.778847 0.145954
10.2133 53.557 10.55 0.557111 0.806884 0.196381
8.97216 54.0296 11.5617 0.454115 0.84382 0.285688
7.59486 54.2821 12.4688 0.353442 0.858389 0.371815
6.10227 54.3884 13.2767 0.22564 0.84608 0.482945
4.77282 54.1794 13.9322 -0.00473512 0.854043 0.520181
3.39834 53.7688 14.4166 -0.130052 0.803752 0.580577
1.95489 53.1354 14.85 -0.191837 0.761923 0.618601
0.716309 52.367 15.3752 -0.217923 0.75079 0.623558
-0.379213 51.457 16.0517 -0.242622 0.736305 0.631657
-1.3128 50.4096 16.8946 -0.259401 0.730744 0.631447
-2.03005 49.4018 17.7535 -0.275942 0.723481 0.632797
-2.49499 48.3535 18.744 -0.281197 0.721799 0.632403
-2.88338 47.2052 19.8857 -0.290053 0.722394 0.627708
-3.04298 46.029 21.1635 -0.299517 0.719775 0.626268
-3.05832 45.035 22.304 -0.307398 0.721549 0.620381
-3.03585 44.057 23.4549 -0.318516 0.720366 0.616134
-3.0596 43.004 24.6698 -0.325975 0.716414 0.61684
-3.05303 42.0083 25.8205 -0.338164 0.707006 0.621119
-2.9975 41.0339 26.9705 -0.348687 0.710046 0.611762
-2.99132 40.021 28.1367 -0.363316 0.697629 0.617508
-2.96519 38.991 29.3379 -0.373682 0.699634 0.608989
-2.96829 37.8666 30.6199 -0.38409 0.69291 0.610199
-2.94433 36.7956 31.8502 -0.391017 0.689414 0.609765
-2.9531 35.7891 32.9686 -0.402637 0.680381 0.612344
-2.94961 34.7879 34.0852 -0.408602 0.678969 0.609956
-2.95932 33.779 35.1983 -0.415889 0.674014 0.610525
-2.89682 32.7562 36.3634 -0.4234 0.665249 0.61496
-2.8789 31.6169 37.6074 -0.432462 0.66034 0.613944
-2.86335 30.5966 38.7185 -0.437157 0.65906 0.611992
-2.84597 29.4919 39.911 -0.4444 0.652699 0.613589
-2.8614 28.4239 41.0257 -0.450018 0.646234 0.616332
-2.87538 27.3687 42.1177 -0.453157 0.639434 0.621106
-2.8412 26.3295 43.2078 -0.461732 0.632718 0.621668
-2.82506 25.2461 44.3144 -0.467215 0.62514 0.625227
-2.83912 24.1093 45.4339 -0.470652 0.620444 0.627322
-2.86115 22.9558 46.551 -0.475061 0.615339 0.629026
-2.82037 21.8804 47.6294 -0.477848 0.611476 0.63068
-2.80659 20.7964 48.6783 -0.480991 0.603952 0.63552
-2.82669 19.6472 49.7403 -0.487482 0.594264 0.639696
-3.18068 20.3037 48.861 -0.47888 0.600893 0.640001
-3.57124 21.1985 47.7177 -0.477382 0.606588 0.635734
-4.00275 22.0697 46.555 -0.473482 0.612516 0.63296
-4.48838 23.0106 45.2816 -0.469772 0.614845 0.633467
-4.8527 23.9509 44.0943 -0.462979 0.620457 0.632995
-5.28695 24.8707 42.8776 -0.455457 0.62296 0.635987
-5.7156 25.8203 41.6331 -0.452938 0.628631 0.632195
-6.18459 26.6896 40.4339 -0.445771 0.632391 0.633538
-6.60682 27.6073 39.2124 -0.436555 0.643118 0.629139
-7.07088 28.4914 37.9753 -0.434375 0.649024 0.624569
-7.53063 29.3722 36.7442 -0.430717 0.649537 0.626565
-8.10422 30.2268 35.4684 -0.427014 0.647651 0.631036
-8.6757 31.0516 34.2338 -0.419902 0.652534 0.630778
-9.25711 31.846 33.028 -0.412368 0.653881 0.634343
-9.95436 32.6321 31.766 -0.409685 0.65477 0.635165
-10.6736 33.315 30.5974 -0.409688 0.656001 0.633891
-11.5843 33.9061 29.3927 -0.41037 0.657425 0.631972
-12.4531 34.4525 28.2595 -0.41184 0.657009 0.631449
-13.3716 34.9572 27.1405 -0.411913 0.654082 0.634433
-14.4876 35.3363 26.0236 -0.412455 0.655559 0.632553
-15.8255 35.4572 25.0124 -0.422533 0.650256 0.631374
-17.038 35.5589 24.0811 -0.435658 0.643611 0.629259
-18.3139 35.5379 23.212 -0.442598 0.64133 0.62674
-19.7977 35.2765 22.4144 -0.454582 0.638748 0.62077
-21.1911 35.0143 21.6529 -0.462989 0.635901 0.617472
-22.5599 34.6837 20.953 -0.473555 0.63093 0.61455
-23.9406 34.1304 20.4418 -0.483194 0.624279 0.61384
-25.3044 33.4697 20.0257 -0.490267 0.618644 0.613936
-26.7297 32.8196 19.5312 -0.498501 0.611309 0.614653
-26.7078 33.4127 18.9586 -0.493773 0.614247 0.61554
-25.866 34.5659 18.4758 -0.489866 0.618146 0.614757
-24.9442 35.7894 17.9664 -0.48446 0.625033 0.612072
-24.0923 36.9479 17.4462 -0.476513 0.629904 0.613316
-23.155 38.1813 16.9014 -0.472778 0.632801 0.613224
-22.2467 39.4093 16.3255 -0.467195 0.636979 0.613177
-21.2496 40.609 15.8313 -0.460158 0.640625 0.614697
-20.5135 41.5347 15.4118 -0.455571 0.645049 0.613487
-4.03141 60.9516 3.07005 -0.458854 0.777047 0.429397
-2.86396 60.8817 4.04522 -0.307579 0.759925 0.572361
-1.47843 60.7421 4.73892 -0.137123 0.767476 0.626218
0.158207 60.7116 4.91444 0.0642566 0.772004 0.630082
1.6596 60.5913 4.61861 0.271812 0.7728 0.573497
2.97172 60.5212 3.88957 0.408881 0.750216 0.519402
4.06719 60.4157 2.72556 0.566486 0.766678 0.300351
4.63827 60.3114 1.35302 0.656287 0.744968 0.119493
4.80018 60.2811 -0.158996 0.667142 0.744788 -0.00340536
4.53198 60.2904 -1.75368 0.617213 0.751673 -0.231985
3.75351 60.3068 -3.13761 0.482416 0.784947 -0.388758
2.57271 60.315 -4.14625 0.360095 0.758777 -0.542761
1.08594 60.306 -4.79733 0.137248 0.768112 -0.625433
-0.461085 60.3359 -4.87343 -0.067354 0.750546 -0.657377
-1.96815 60.4763 -4.415 -0.195204 0.727972 -0.657196
-3.39151 60.6023 -3.55099 -0.370288 0.746625 -0.552664
-4.36468 60.7754 -2.36795 -0.485078 0.771172 -0.411554
-4.92204 60.9497 -0.984193 -0.585107 0.778555 -0.223445
-5.03495 61.0654 0.590679 -0.575953 0.816637 0.0177319
-4.64412 61.0328 2.09088 -0.508578 0.808304 0.296637
-4.16313 60.9605 2.89671 -0.469339 0.78856 0.397357
-8.2134 56.6565 -5.41979 -0.406311 0.748544 -0.524016
-8.0297 55.797 -6.67113 -0.377448 0.72424 -0.577009
-7.83604 54.8564 -7.92584 -0.352176 0.710102 -0.609695
-7.78244 53.8231 -9.14656 -0.340374 0.706519 -0.620464
-7.88879 52.7581 -10.2944 -0.32489 0.703748 -0.631802
-8.05088 51.7102 -11.3815 -0.318435 0.704714 -0.634016
-8.38055 50.5187 -12.5397 -0.320593 0.704755 -0.632882
-8.82364 49.4527 -13.502 -0.321023 0.705125 -0.632251
-9.38491 48.3126 -14.4898 -0.323336 0.70735 -0.628578
-10.1087 47.1997 -15.3433 -0.333198 0.695479 -0.636622
-10.8636 46.0472 -16.189 -0.338273 0.686406 -0.643753
-11.7377 44.9652 -16.8724 -0.352327 0.681324 -0.64161
-12.645 43.8779 -17.5249 -0.359871 0.68108 -0.63767
-13.1359 42.9337 -18.2423 -0.365797 0.663489 -0.652664
-11.777 43.0343 -18.8865 -0.357077 0.671337 -0.649464
-10.3867 43.0049 -19.6834 -0.348081 0.672526 -0.653096
-8.944 42.9262 -20.5252 -0.342356 0.675681 -0.652877
-8.89112 43.9866 -19.4483 -0.335384 0.683014 -0.648849
-8.79117 45.0919 -18.324 -0.338752 0.689719 -0.639943
-8.54279 46.2412 -17.2037 -0.328024 0.69525 -0.639552
-8.18264 47.3417 -16.1876 -0.325095 0.697916 -0.63814
-7.75402 48.4256 -15.1976 -0.320178 0.708811 -0.628549
-7.17819 49.5269 -14.2445 -0.31122 0.709406 -0.632364
-6.43742 50.6354 -13.3499 -0.299539 0.713683 -0.633191
-5.61203 51.6431 -12.5985 -0.283842 0.71561 -0.638215
-4.62692 52.6468 -11.8968 -0.261566 0.721816 -0.640752
-3.45393 53.6469 -11.2291 -0.242948 0.722845 -0.646894
-2.29269 54.5292 -10.6599 -0.217938 0.720392 -0.658436
-1.01114 55.2994 -10.2079 -0.188148 0.730433 -0.656511
0.362594 55.9834 -9.77543 -0.122582 0.750337 -0.649394
0.098391 56.1407 -9.54377 -0.13087 0.738181 -0.661778
-1.43171 56.046 -9.28279 -0.180519 0.715973 -0.674384
-2.89762 56.0664 -8.82237 -0.217008 0.706995 -0.673095
-4.31897 56.1647 -8.2112 -0.258011 0.720023 -0.644202
-5.64598 56.2847 -7.47814 -0.31763 0.715635 -0.622075
-6.89792 56.4713 -6.56319 -0.367908 0.725364 -0.5818
-8.03085 56.6609 -5.55263 -0.401268 0.734863 -0.546691
-8.16176 56.6577 -5.45813 -0.407167 0.742295 -0.532079
1.17905 56.2778 -9.55121 -0.0834466 0.760125 -0.644394
1.1879 56.2823 -9.54706 -0.0660309 0.765286 -0.639997
8.14053 56.2695 -5.29968 0.608707 0.760665 -0.225242
9.24829 55.5917 -4.30429 0.647122 0.746255 -0.156002
10.2617 54.8256 -3.47924 0.67569 0.729951 -0.103028
11.2942 53.9401 -2.76353 0.689706 0.721252 -0.0640225
12.3275 53.0009 -2.11854 0.690914 0.721632 -0.0434194
13.3554 52.0348 -1.59639 0.695867 0.717293 -0.0354735
14.4468 50.9829 -1.21629 0.702158 0.711926 -0.0116543
15.5408 49.8959 -0.948913 0.709669 0.704535 -0.000941795
16.6663 48.7542 -0.90214 0.714777 0.699345 0.00317257
17.7694 47.6218 -0.972715 0.717826 0.696196 0.00604231
18.8433 46.509 -1.1464 0.723535 0.690276 0.00402135
19.9286 45.3632 -1.4782 0.729244 0.684225 0.00623856
20.9422 44.2858 -1.85395 0.731691 0.681633 -0.000566735
21.9393 43.2011 -2.33993 0.74291 0.66939 -0.00119544
21.931 43.1938 -0.895761 0.74162 0.670624 0.0162265
21.8456 43.2375 0.626751 0.744411 0.667262 0.0247704
21.7686 43.2652 2.19327 0.743603 0.66816 0.0248262
20.7908 44.3628 1.84199 0.741044 0.670959 0.025837
19.7346 45.5347 1.41003 0.734327 0.678513 0.019528
18.7254 46.6163 1.0756 0.722125 0.691717 0.00772394
17.6635 47.7153 0.913059 0.715868 0.698189 0.00803761
16.5948 48.8134 0.897199 0.71308 0.70095 0.0135894
15.4792 49.9397 0.951257 0.706104 0.70786 0.0187695
14.4215 50.9828 1.17728 0.701794 0.711774 0.0293686
13.3563 52.0151 1.52745 0.700959 0.712308 0.0356878
12.2507 53.0696 2.05504 0.69734 0.715054 0.0491482
11.2186 54.0094 2.69986 0.690649 0.719861 0.0693124
10.2303 54.8807 3.41836 0.687564 0.719715 0.096258
9.14397 55.7512 4.3569 0.667303 0.731946 0.1377
8.37654 56.3014 5.02084 0.63212 0.752214 0.186007
8.8035 56.2045 3.60104 0.675763 0.726119 0.126819
9.15233 56.1013 2.11106 0.698428 0.709636 0.0917631
9.30006 56.0721 0.477243 0.70563 0.708409 0.0156077
9.28359 56.0612 -1.0988 0.70775 0.705563 -0.0356483
9.03489 56.1029 -2.72502 0.683382 0.718957 -0.126848
8.60853 56.1803 -4.2071 0.661846 0.725948 -0.186971
8.20785 56.2591 -5.15423 0.616826 0.75408 -0.225509
41.7093 4.37181 49.7676 0.771888 0.599051 0.212902
41.1792 4.50478 51.2475 0.749742 0.620892 0.228853
40.6666 4.53753 52.706 0.726724 0.630931 0.271658
40.0434 4.60538 54.2778 0.719181 0.648327 0.24988
39.4469 4.68344 55.7281 0.686612 0.675063 0.269914
38.8283 4.71756 57.0943 0.656826 0.694186 0.294424
38.1437 4.72224 58.4874 0.629753 0.71144 0.311808
37.3192 4.7834 59.8987 0.587225 0.727587 0.354401
36.392 4.83802 61.2058 0.533915 0.756237 0.378022
35.4153 4.82225 62.5335 0.525321 0.751897 0.398357
34.9759 4.7072 63.339 0.507182 0.776415 0.374093
36.2171 4.24304 62.6075 0.516639 0.769296 0.375856
37.468 3.70433 61.912 0.561935 0.752716 0.342999
38.7815 3.00791 61.1675 0.598902 0.732244 0.324246
39.9701 2.33735 60.283 0.639395 0.718245 0.274377
40.5785 2.33972 58.8069 0.667061 0.695959 0.265821
41.1006 2.35061 57.3444 0.700445 0.672916 0.237824
41.5297 2.40559 55.8709 0.714085 0.663069 0.224545
41.983 2.4457 54.2975 0.716758 0.661736 0.219915
42.3863 2.48755 52.7261 0.75631 0.621572 0.204024
42.7597 2.52192 51.2086 0.774594 0.599597 0.201201
43.1454 2.55606 49.5731 0.784731 0.590493 0.188456
43.1656 2.88566 48.4254 0.790073 0.587502 0.174996
42.228 3.86958 49.2581 0.780721 0.592511 0.198506
41.736 4.34809 49.7375 0.771884 0.599055 0.212905
11.8652 4.4288 71.5398 -0.286536 0.646 0.707518
10.4101 4.48788 70.8821 -0.33226 0.611157 0.718394
8.88218 4.43926 70.178 -0.36313 0.588969 0.721978
7.52197 4.37372 69.5017 -0.397495 0.575613 0.71461
6.20939 4.38079 68.7359 -0.431107 0.554775 0.711598
4.89622 4.31907 67.9512 -0.461291 0.548029 0.697764
3.66564 4.35987 67.095 -0.471203 0.542066 0.695796
2.50401 4.5412 66.1601 -0.477117 0.541772 0.691984
1.25109 4.90151 65.0148 -0.479146 0.537418 0.693975
0.0682549 4.20546 64.7311 -0.483941 0.536221 0.691569
-1.14165 3.06971 64.766 -0.485398 0.538156 0.68904
-0.604493 2.68774 65.4425 -0.484941 0.538528 0.689071
0.746769 2.66847 66.4036 -0.481549 0.539517 0.690675
2.00429 2.68495 67.2649 -0.479244 0.540215 0.691732
3.26354 2.70821 68.1127 -0.47177 0.544769 0.693296
4.60366 2.69548 69.0261 -0.465503 0.54663 0.696062
5.85166 2.65101 69.8747 -0.446969 0.557096 0.699902
7.27993 2.61785 70.783 -0.419365 0.573602 0.703643
8.65719 2.56903 71.6327 -0.394487 0.593075 0.701826
9.95895 3.11283 71.8678 -0.379638 0.624919 0.682167
11.314 4.07086 71.6407 -0.291637 0.644469 0.70676
11.6982 4.30893 71.5817 -0.283731 0.645723 0.708892
11.7589 4.34762 71.5709 -0.286546 0.645992 0.707521
