70.1845 12.1808 8.07139 0.87015 0.488453 0.0652125
70.2818 12.2057 6.57405 0.869828 0.489474 0.0617261
70.4013 12.1719 5.07329 0.872481 0.485434 0.0559567
70.5309 12.12 3.52231 0.873571 0.483409 0.0564633
70.6417 12.0875 2.0089 0.875099 0.481162 0.0518192
70.8353 11.9094 0.392716 0.875148 0.481085 0.0516903
71.1151 11.5512 -1.09513 0.875965 0.480263 0.0450775
71.3724 11.2165 -2.54478 0.876105 0.480114 0.0439376
71.6385 10.8623 -4.02011 0.876324 0.479858 0.0423441
71.9183 10.4778 -5.48778 0.876667 0.479465 0.0395896
72.1324 10.0254 -4.75244 0.876074 0.480379 0.0415831
72.2399 9.70008 -3.28592 0.875944 0.480539 0.0424745
72.3122 9.42678 -1.69076 0.874544 0.483037 0.0429776
72.3332 9.24224 -0.0723279 0.873672 0.484542 0.0437748
72.322 9.11054 1.53762 0.872302 0.486685 0.0471919
72.2674 9.05418 3.07308 0.871363 0.488023 0.0505984
72.1777 9.05097 4.60187 0.871191 0.488119 0.0525941
72.0635 9.07694 6.18061 0.870316 0.48918 0.0570276
71.911 9.16264 7.67774 0.869783 0.489241 0.0641996
71.7174 9.29178 9.28236 0.869885 0.488577 0.0677656
71.4839 9.48231 10.8586 0.869879 0.488127 0.0710062
71.1978 9.75834 12.4497 0.869956 0.487652 0.073293
70.9035 10.0444 13.9877 0.869576 0.487638 0.0777532
70.5886 10.3707 15.4269 0.868951 0.488172 0.0813127
70.4447 10.8671 13.9573 0.869619 0.487567 0.0777248
70.3737 11.2204 12.4903 0.869384 0.488587 0.0738513
70.2913 11.5901 11.0038 0.870275 0.487387 0.0712312
70.223 11.9194 9.5166 0.870966 0.487048 0.064833
70.1857 12.1511 8.2787 0.87015 0.488453 0.0652126
68.4792 15.1204 9.02064 0.873468 0.482443 0.0655917
68.4729 15.3318 7.53282 0.874339 0.48105 0.0642015
68.593 15.3131 5.97711 0.873897 0.482419 0.0598084
68.7177 15.2764 4.45429 0.874202 0.481783 0.0604599
68.8379 15.2457 2.95043 0.873986 0.482232 0.0600003
68.9579 15.2133 1.42785 0.874699 0.481277 0.0572177
69.1373 15.0596 -0.111854 0.876826 0.477796 0.0537257
69.4328 14.6817 -1.65952 0.877319 0.477497 0.0480379
69.7105 14.3225 -3.22362 0.87729 0.477952 0.0438535
69.9889 13.9446 -4.70186 0.877955 0.47672 0.0439736
70.2551 13.5948 -6.22629 0.878535 0.475623 0.0442532
70.5761 13.128 -7.7219 0.880987 0.471551 0.0387587
70.9856 12.4857 -9.24544 0.880875 0.472024 0.0354022
71.3529 11.8909 -10.5904 0.882912 0.468513 0.0310062
71.6909 11.337 -11.9434 0.882665 0.469309 0.0255288
72.0277 10.7778 -13.38 0.883219 0.468399 0.0229412
72.3466 10.2252 -14.752 0.886515 0.46249 0.0138933
72.7097 9.50542 -13.9252 0.885238 0.464873 0.0155795
72.9951 8.91325 -12.5311 0.882855 0.469298 0.0180029
73.2332 8.4003 -10.9273 0.880077 0.474304 0.0223806
73.4431 7.93567 -9.36508 0.878964 0.476292 0.0238472
73.6274 7.51045 -7.77149 0.876452 0.480709 0.0273986
73.7657 7.16272 -6.29918 0.875118 0.482678 0.0344963
73.9099 6.78357 -4.70099 0.875384 0.481968 0.037532
74.008 6.48185 -3.21094 0.876024 0.480554 0.0406181
74.0539 6.26382 -1.63712 0.876087 0.480347 0.0417006
74.0812 6.08009 -0.0973405 0.875822 0.480813 0.0418919
74.0589 5.98027 1.50086 0.875231 0.481813 0.0427407
74.006 5.93087 3.06957 0.873587 0.484438 0.0465197
73.9291 5.91994 4.57463 0.872035 0.486861 0.050214
73.8054 5.95889 6.2193 0.871557 0.487047 0.0563273
73.655 6.04513 7.75059 0.871284 0.486726 0.0629291
73.4599 6.17247 9.41624 0.870515 0.487644 0.0663937
73.2481 6.33107 10.9924 0.869898 0.488342 0.0692848
72.9957 6.56178 12.4981 0.868829 0.489697 0.0730311
72.6913 6.84707 14.1249 0.868128 0.489833 0.0801031
72.3489 7.18443 15.7345 0.86801 0.489369 0.0841203
71.9772 7.56809 17.3143 0.868624 0.487846 0.0865888
71.6264 7.93289 18.7284 0.868303 0.487434 0.0919683
71.227 8.36341 20.2046 0.868746 0.486227 0.0941419
70.7821 8.86808 21.6582 0.868355 0.486031 0.0986549
70.3039 9.42423 23.1177 0.868474 0.485289 0.101232
69.8127 10.005 24.535 0.868047 0.485732 0.10276
69.5831 10.6487 23.4374 0.868899 0.484256 0.102525
69.4474 11.1938 22.0215 0.870658 0.481316 0.101439
69.2878 11.7796 20.5836 0.871262 0.481396 0.0957112
69.1575 12.2897 19.1495 0.872403 0.480147 0.0914953
68.9894 12.8532 17.758 0.871785 0.482549 0.0844801
68.7961 13.4673 16.2326 0.87371 0.479737 0.0805233
68.6906 13.9188 14.6347 0.87379 0.480412 0.0754646
68.6373 14.2462 13.1188 0.873623 0.481288 0.071727
68.573 14.6 11.514 0.873433 0.481799 0.0705921
68.5235 14.9023 10.0297 0.872619 0.483813 0.0667843
68.4918 15.0684 9.23514 0.87272 0.483852 0.0651601
68.4905 15.0738 9.21215 0.873157 0.483096 0.0649197
