-19.6291 36.2881 24.584 -0.445604 0.629378 0.636647
-18.4311 36.2063 25.5019 -0.445047 0.631164 0.635268
-17.2881 36.0209 26.4798 -0.435631 0.633088 0.639863
-16.1253 35.8632 27.4235 -0.431331 0.637235 0.638657
-14.8225 35.6104 28.5471 -0.423185 0.64267 0.638659
-13.6654 35.3379 29.5901 -0.419936 0.645347 0.638107
-12.4809 34.9748 30.7365 -0.418427 0.647795 0.636616
-11.4983 34.5495 31.8169 -0.418542 0.64942 0.634882
-10.8581 34.8745 31.9054 -0.417756 0.650332 0.634467
-10.9085 35.9829 30.7402 -0.415271 0.650749 0.635669
-10.9417 37.0863 29.5743 -0.411772 0.6598 0.628575
-10.9369 38.1379 28.4679 -0.404373 0.666277 0.626544
-11 39.1574 27.3351 -0.392966 0.673203 0.626399
-11.0139 40.1798 26.2377 -0.385016 0.669299 0.635454
-11.0531 41.2296 25.1086 -0.37934 0.670428 0.637673
-11.1155 42.3186 23.921 -0.371018 0.675394 0.637329
-11.1864 43.3828 22.7351 -0.371881 0.683805 0.627777
-11.2592 44.3894 21.5813 -0.367517 0.691614 0.621772
-11.2963 45.444 20.3951 -0.365083 0.686782 0.628527
-11.8173 45.7463 19.7606 -0.368976 0.686118 0.626975
-12.7792 44.7168 20.3198 -0.370461 0.688182 0.62383
-13.7461 43.6482 20.9001 -0.399413 0.674872 0.620497
-14.7044 42.5834 21.4164 -0.411452 0.662834 0.625586
-15.6147 41.4928 21.9706 -0.411697 0.659048 0.629413
-16.5162 40.4034 22.5125 -0.416603 0.652753 0.632736
-17.4696 39.2807 23.0384 -0.423689 0.649834 0.631033
-18.4177 38.0812 23.6284 -0.432706 0.645398 0.629465
-19.2827 36.9617 24.1581 -0.44198 0.632628 0.635953
-19.617 36.3361 24.545 -0.445911 0.63002 0.635797
-22.5613 30.1476 28.4992 -0.470589 0.62096 0.626861
-23.8234 30.0472 27.6441 -0.47542 0.618718 0.625431
-25.1345 29.8835 26.7922 -0.490048 0.607962 0.624688
-26.4055 29.6908 25.9608 -0.504649 0.600099 0.620653
-27.7719 29.3709 25.1579 -0.506144 0.598838 0.620653
-29.0937 28.8996 24.5271 -0.511264 0.598533 0.616738
-30.4054 28.3474 23.9596 -0.520163 0.590348 0.617187
-31.7024 27.8437 23.3471 -0.52069 0.589687 0.617374
-31.5924 28.643 22.6787 -0.519762 0.588082 0.619683
-30.7844 29.8744 22.1821 -0.514183 0.592575 0.620055
-29.8956 31.111 21.7311 -0.509801 0.595735 0.620646
-29.054 32.3432 21.2322 -0.505761 0.598845 0.620959
-28.1527 33.6447 20.6946 -0.49802 0.60824 0.618075
-27.3423 34.825 20.178 -0.493568 0.61263 0.617313
-26.495 35.9882 19.6915 -0.492636 0.618188 0.612496
-25.6174 37.167 19.192 -0.483437 0.627294 0.610557
-24.7064 38.3716 18.6666 -0.475027 0.629757 0.614619
-23.7771 39.5774 18.1438 -0.472055 0.632383 0.614211
-22.8015 40.8094 17.6038 -0.460581 0.641058 0.613927
-21.8791 41.9794 17.0596 -0.452497 0.646472 0.614264
-21.001 43.1052 16.5168 -0.446213 0.649307 0.615869
-20.091 44.2582 15.9535 -0.440441 0.652254 0.61691
-19.1088 45.3977 15.4465 -0.436186 0.656922 0.614975
-18.2066 46.4982 14.8886 -0.420821 0.666813 0.615036
-17.2298 47.5988 14.3411 -0.405516 0.677704 0.613412
-16.2474 48.6976 13.7555 -0.398998 0.686846 0.607488
-15.303 49.8209 13.0925 -0.39031 0.695302 0.603501
-14.5371 50.9244 12.291 -0.387118 0.709122 0.589309
-13.9312 52.0024 11.3723 -0.387379 0.717451 0.578966
-13.3598 53.1361 10.3396 -0.383783 0.722133 0.575528
-13.0027 54.238 9.18485 -0.38949 0.723989 0.569326
-12.8505 55.301 7.92715 -0.394485 0.727491 0.561369
-12.8562 56.2388 6.69419 -0.396496 0.73385 0.55159
-13.0067 57.0735 5.44902 -0.392721 0.748761 0.533973
-13.3007 57.7794 4.08294 -0.388366 0.803826 0.450522
-13.5671 58.3358 2.66968 -0.334425 0.875704 0.348284
-13.6801 58.6364 1.19707 -0.37658 0.914268 0.149127
-13.707 58.6297 -0.357646 -0.339651 0.931297 -0.124103
-13.575 58.346 -1.94851 -0.357928 0.901511 -0.242937
-13.4272 57.8152 -3.46446 -0.379111 0.796335 -0.470914
-13.1661 57.0348 -4.86801 -0.364066 0.764624 -0.531794
-12.9358 56.1867 -6.16279 -0.385064 0.72989 -0.564789
-12.8117 55.3035 -7.37858 -0.38248 0.725987 -0.571535
-12.8863 54.3347 -8.55188 -0.383375 0.724618 -0.572672
-13.1338 53.3237 -9.64903 -0.379539 0.718649 -0.582661
-13.4919 52.2737 -10.696 -0.376011 0.714189 -0.590377
-14.0397 51.2076 -11.625 -0.370152 0.709449 -0.599724
-14.7311 50.106 -12.5048 -0.371028 0.704934 -0.604488
-15.5542 49.0397 -13.2346 -0.373363 0.698803 -0.610143
-16.5036 47.9113 -13.9364 -0.376813 0.694477 -0.612953
-17.5005 46.8663 -14.4865 -0.387814 0.677671 -0.62479
-18.4379 45.8165 -15.0153 -0.395692 0.665407 -0.632978
-19.4636 44.5837 -15.6643 -0.403273 0.664941 -0.628668
-20.3936 43.481 -16.213 -0.414407 0.65195 -0.635003
-21.3576 42.3666 -16.7024 -0.424797 0.643623 -0.63663
-22.2779 41.2626 -17.1975 -0.432856 0.639383 -0.635472
-23.1664 40.1162 -17.733 -0.439391 0.63206 -0.638307
-24.0922 38.9286 -18.2541 -0.445342 0.622944 -0.643126
-24.9391 37.7949 -18.7617 -0.44746 0.615121 -0.649158
-25.8054 36.6472 -19.2429 -0.451811 0.606291 -0.654429
-26.6828 35.4209 -19.7626 -0.454234 0.599287 -0.659187
-27.5445 34.2053 -20.2688 -0.457345 0.59503 -0.660886
-28.4199 32.9754 -20.7543 -0.463154 0.580873 -0.669384
-29.2502 31.7502 -21.2281 -0.468574 0.571607 -0.673576
-30.1066 30.4108 -21.7669 -0.474486 0.569 -0.671639
-29.6185 30.2051 -22.2847 -0.473656 0.569619 -0.671703
-28.2603 30.7397 -22.7824 -0.468343 0.574366 -0.671386
-26.9352 31.3221 -23.1936 -0.456277 0.580344 -0.674546
-25.5938 31.8357 -23.6505 -0.452066 0.583093 -0.67501
-24.2345 32.1849 -24.258 -0.452192 0.586455 -0.672006
-22.7756 32.6151 -24.8527 -0.443064 0.590766 -0.674307
-21.3726 33.023 -25.4132 -0.439945 0.595573 -0.672117
-20.0106 33.2537 -26.081 -0.427211 0.602909 -0.673788
-18.7031 33.3431 -26.826 -0.424696 0.601387 -0.676731
-17.3972 33.4352 -27.5578 -0.416937 0.60459 -0.678695
-15.9923 33.3797 -28.4593 -0.408559 0.607637 -0.68107
-14.7073 33.1773 -29.4079 -0.408544 0.605475 -0.683002
-13.4663 32.8178 -30.4678 -0.407482 0.605926 -0.683237
-12.2585 32.5155 -31.4495 -0.401731 0.605712 -0.686822
-11.15 32.1068 -32.4581 -0.400462 0.607959 -0.685577
-10.1181 31.5432 -33.5602 -0.402238 0.606335 -0.685976
-9.13177 30.8689 -34.741 -0.405979 0.608625 -0.681731
-8.13422 30.2742 -35.8682 -0.410215 0.60609 -0.681453
-7.21078 29.6616 -36.9662 -0.410847 0.603086 -0.683733
-6.41504 28.8367 -38.1674 -0.412156 0.59893 -0.686594
-5.71022 28.0449 -39.2837 -0.419567 0.596985 -0.683793
-5.10174 27.2111 -40.3765 -0.421384 0.587908 -0.690506
-4.39193 26.3633 -41.5323 -0.424636 0.585296 -0.690734
-3.60758 25.5612 -42.6942 -0.429145 0.582202 -0.690562
-3.65212 26.6844 -41.716 -0.426223 0.58646 -0.688765
-3.64758 27.9187 -40.6632 -0.423214 0.592169 -0.68573
-3.6198 29.1439 -39.607 -0.420289 0.602141 -0.678809
-3.58585 30.3604 -38.5442 -0.417076 0.606818 -0.676624
-3.62754 31.4905 -37.499 -0.413156 0.613019 -0.673431
-3.66937 32.5843 -36.4713 -0.409887 0.619179 -0.669784
-3.67935 33.7393 -35.3953 -0.403488 0.622916 -0.670204
-3.66013 34.84 -34.3765 -0.394694 0.631442 -0.667456
-3.6891 36.0127 -33.24 -0.388842 0.637938 -0.664708
-3.69575 37.1293 -32.1485 -0.383231 0.649918 -0.656308
-3.69729 38.2024 -31.0769 -0.378092 0.656416 -0.652812
-3.70902 39.2547 -30.0095 -0.365499 0.66372 -0.652598
-3.73621 40.3236 -28.9067 -0.358391 0.667237 -0.652945
-3.74555 41.4512 -27.731 -0.351293 0.675934 -0.647848
-3.77839 42.5346 -26.5709 -0.34437 0.684254 -0.642811
-3.83132 43.5828 -25.4383 -0.335244 0.683219 -0.648709
-3.83807 44.6198 -24.32 -0.32486 0.697364 -0.638866
-3.78656 45.7572 -23.0997 -0.316118 0.699886 -0.640488
-3.86156 46.8872 -21.8162 -0.311306 0.706214 -0.635886
-3.80039 47.9185 -20.688 -0.30091 0.71542 -0.630577
-3.61106 48.9642 -19.5822 -0.289814 0.723794 -0.626203
-3.24254 50.0615 -18.4779 -0.278871 0.728118 -0.626158
-2.74932 51.1012 -17.4787 -0.273989 0.732776 -0.622871
-2.13219 52.1294 -16.5305 -0.264389 0.738157 -0.620661
-1.25034 53.1337 -15.705 -0.256823 0.739791 -0.621894
-0.163179 54.1261 -14.9525 -0.241472 0.745558 -0.621156
1.00139 54.9235 -14.4245 -0.226824 0.7576 -0.612041
2.31046 55.6416 -13.9684 -0.186026 0.77983 -0.59754
3.65365 56.204 -13.5712 -0.131777 0.816531 -0.562061
4.99196 56.6828 -13.0581 -0.0433176 0.854485 -0.517667
6.39133 57.0089 -12.3411 0.103262 0.885378 -0.453087
7.7977 56.9685 -11.5139 0.344452 0.871069 -0.350132
9.04858 56.6885 -10.7198 0.42376 0.861044 -0.281125
10.2313 56.2093 -9.68957 0.577601 0.796414 -0.179168
11.2956 55.5829 -8.73124 0.624096 0.768713 -0.139945
12.3823 54.8363 -7.81132 0.647835 0.751846 -0.12248
13.4901 53.9679 -7.11781 0.6625 0.74299 -0.0948843
14.6127 53.0114 -6.60461 0.671102 0.737272 -0.0777941
15.7813 51.9519 -6.41648 0.678794 0.73155 -0.0637614
16.9446 50.8638 -6.37651 0.685091 0.726532 -0.0529218
18.1322 49.7196 -6.5037 0.691358 0.721041 -0.0460521
19.2517 48.628 -6.80983 0.694942 0.717606 -0.0457834
20.2729 47.5867 -7.31874 0.710142 0.702726 -0.0432955
21.2425 46.5719 -7.87824 0.717023 0.695878 -0.0403937
22.2012 45.5453 -8.414 0.722249 0.690827 -0.033389
23.1718 44.5001 -9.02571 0.722156 0.69114 -0.0285648
24.1245 43.4775 -9.59072 0.726856 0.686434 -0.0220971
25.0816 42.443 -10.1584 0.731953 0.681146 -0.016901
26.0462 41.3921 -10.7537 0.734501 0.678526 -0.0105145
27.0266 40.2994 -11.3261 0.746104 0.665777 -0.00835982
27.9979 39.2 -11.834 0.748143 0.66353 -0.00217392
28.967 38.1015 -12.4375 0.753472 0.657443 0.00698962
29.8995 37.027 -13.0143 0.761563 0.647971 0.012475
30.9105 35.8483 -13.6185 0.764287 0.644597 0.0189755
31.8317 34.7626 -14.1246 0.769115 0.638859 0.0178784
32.7845 33.6174 -14.6738 0.7774 0.628586 0.0230141
33.6936 32.5125 -15.2199 0.779249 0.62611 0.0275171
34.6917 31.2762 -15.7909 0.788264 0.61457 0.0307201
35.5693 30.1685 -16.3661 0.792889 0.608521 0.0320823
36.4974 28.9806 -16.9561 0.798403 0.601132 0.0345185
37.3959 27.8054 -17.4643 0.804704 0.592415 0.0386723
38.2937 26.6214 -17.9952 0.806811 0.589134 0.0444669
39.1499 25.4825 -18.5351 0.810543 0.583969 0.0447202
38.9816 25.6529 -17.7241 0.809941 0.584866 0.0439029
38.2675 26.5509 -16.4607 0.809298 0.586173 0.0379028
37.6442 27.3401 -15.3344 0.806328 0.59051 0.0336516
37.0212 28.1255 -14.1519 0.80492 0.592621 0.0300586
36.3509 28.9719 -12.9377 0.799972 0.599511 0.0251297
35.8044 29.6439 -11.6974 0.796768 0.603747 0.0254716
35.2691 30.2906 -10.2617 0.795032 0.606201 0.0210832
34.7239 30.9517 -8.79313 0.792625 0.60938 0.0200423
34.2242 31.5562 -7.49871 0.789911 0.61289 0.020173
33.7619 32.1077 -6.17898 0.789249 0.613666 0.0223712
33.3772 32.5407 -4.67771 0.789019 0.613734 0.0278987
33.0137 32.9322 -3.07846 0.787205 0.615837 0.032466
32.668 33.2864 -1.56458 0.786655 0.616285 0.036956
32.4463 33.4774 -0.064886 0.78855 0.614077 0.0331358
32.3769 33.4682 1.49784 0.79223 0.608711 0.0429185
32.308 33.4503 3.02328 0.792343 0.608541 0.043234
32.2532 33.4043 4.54978 0.792854 0.607328 0.0503498
32.315 33.1828 6.11731 0.791663 0.607822 0.0618295
32.4487 32.8569 7.57871 0.793968 0.604658 0.0632703
32.5887 32.5116 9.076 0.796379 0.601161 0.0662331
32.7634 32.1116 10.5657 0.797093 0.599909 0.0689354
33.1081 31.47 12.0853 0.800263 0.595146 0.0733358
33.4673 30.8179 13.4113 0.80294 0.591257 0.0755073
33.8323 30.1432 14.7512 0.804905 0.587866 0.0808731
33.3012 30.8496 14.8968 0.803936 0.589456 0.0789188
32.489 32.0206 14.3601 0.80044 0.594746 0.0746404
31.6412 33.2105 13.8585 0.795683 0.601382 0.0723041
30.7813 34.3995 13.3689 0.791753 0.606347 0.0739601
29.9135 35.5837 12.8854 0.785043 0.615378 0.070807
28.9826 36.8175 12.3601 0.779734 0.622568 0.0665066
28.0127 38.0854 11.7925 0.776803 0.626322 0.0655621
27.0401 39.3348 11.2622 0.77235 0.631879 0.0648373
26.0784 40.5568 10.7284 0.768454 0.636578 0.0651676
25.2115 41.655 10.1675 0.763775 0.641845 0.0684361
24.2984 42.779 9.6163 0.751413 0.656459 0.0666354
23.3276 43.937 9.10523 0.748588 0.660107 0.062246
22.3863 45.0459 8.54697 0.741037 0.668445 0.0636064
21.3793 46.2009 7.91397 0.730138 0.680833 0.0579425
20.4305 47.2505 7.36113 0.720197 0.691313 0.0583355
19.4086 48.3472 6.84305 0.713742 0.6981 0.0568302
18.3432 49.4446 6.49994 0.704476 0.707716 0.0533635
17.2583 50.5156 6.34079 0.692084 0.719821 0.0536482
16.0843 51.6341 6.31636 0.686223 0.724918 0.0599211
14.9742 52.6595 6.51409 0.680717 0.729301 0.0688797
13.8655 53.6577 6.88447 0.678123 0.730943 0.0766279
12.7403 54.625 7.4954 0.671629 0.735735 0.0872237
11.7309 55.4331 8.26383 0.658695 0.745696 0.100243
10.737 56.1303 9.14296 0.608379 0.783547 0.125616
9.70059 56.7178 10.0749 0.523301 0.831867 0.184808
8.53321 57.1431 10.9645 0.413094 0.88141 0.229062
7.24373 57.4371 11.692 0.289904 0.867532 0.404159
5.90943 57.439 12.4786 0.183215 0.881358 0.434606
4.48512 57.2531 13.1822 0.0647839 0.847789 0.526362
3.05442 56.8195 13.7096 -0.142995 0.82895 0.540736
1.60967 56.1738 14.1565 -0.199864 0.772159 0.603179
0.345581 55.3661 14.7227 -0.222928 0.748601 0.62442
-0.731039 54.5003 15.348 -0.242379 0.740494 0.626831
-1.7448 53.429 16.2069 -0.251481 0.735245 0.629422
-2.5079 52.395 17.0935 -0.26636 0.730466 0.628854
-3.14626 51.2642 18.1265 -0.277995 0.724494 0.630731
-3.52955 50.2213 19.1482 -0.28639 0.720248 0.631837
-3.77407 49.0528 20.3678 -0.294234 0.7185 0.630225
-3.85592 48.0112 21.5291 -0.300637 0.720575 0.624808
-3.84324 47.0304 22.6762 -0.311031 0.72049 0.619795
-3.80933 46.0045 23.8684 -0.315647 0.7146 0.624267
-3.79322 45.0033 25.0203 -0.326427 0.712211 0.621448
-3.77673 43.9639 26.2326 -0.335121 0.716055 0.61234
-3.77245 42.9383 27.4415 -0.346972 0.715963 0.605811
-3.75776 41.9624 28.5948 -0.357458 0.70831 0.608705
-3.71866 40.9304 29.8181 -0.365471 0.705708 0.606965
-3.70143 39.9297 30.9891 -0.374338 0.702076 0.605771
-3.71226 38.9108 32.1484 -0.38627 0.689811 0.612337
-3.65728 37.9259 33.2888 -0.393827 0.685076 0.612839
-3.62942 36.8524 34.5123 -0.401659 0.683496 0.609509
-3.65369 35.7725 35.6995 -0.407818 0.678249 0.611279
-3.61976 34.7029 36.898 -0.425457 0.667274 0.611336
-3.60692 33.6863 38.0173 -0.429234 0.666303 0.609752
-3.60165 32.6189 39.1843 -0.433423 0.662013 0.611459
-3.60052 31.5553 40.329 -0.440427 0.658584 0.610157
-3.56963 30.4032 41.5834 -0.448918 0.648601 0.614635
-3.5557 29.3008 42.745 -0.454027 0.642447 0.61735
-3.56578 28.2373 43.8345 -0.460267 0.636151 0.619247
-3.59689 27.0749 45.0039 -0.466548 0.632746 0.618033
-3.52092 25.9789 46.1719 -0.470131 0.624701 0.623479
-3.49276 24.9165 47.2504 -0.470205 0.621717 0.626399
-3.48274 23.8289 48.3296 -0.475821 0.614106 0.629656
-3.49545 22.6978 49.416 -0.478685 0.606893 0.634461
-3.50818 21.5974 50.4502 -0.48068 0.601411 0.63816
-3.47379 20.4714 51.5267 -0.485939 0.592565 0.64244
-3.44392 19.362 52.5624 -0.491798 0.584406 0.645449
-3.43853 18.1971 53.6098 -0.493113 0.576758 0.651298
-3.42364 17.0308 54.6506 -0.496472 0.57168 0.65322
-3.44103 15.7786 55.7263 -0.498267 0.566076 0.656723
-3.46973 14.5966 56.7127 -0.497005 0.560255 0.662646
-3.63852 13.8469 57.2161 -0.496873 0.556123 0.666216
-4.18394 14.7756 56.0254 -0.496306 0.562836 0.660982
-4.74859 15.6255 54.8728 -0.49204 0.567946 0.659798
-5.35761 16.4461 53.7081 -0.490269 0.574242 0.655654
-5.9472 17.3196 52.5039 -0.484169 0.576574 0.658136
-6.54187 18.1818 51.313 -0.479708 0.580779 0.657704
-7.09454 19.1165 50.0692 -0.480002 0.586907 0.652026
-7.60171 19.9718 48.9271 -0.472567 0.590992 0.653765
-8.11602 20.8248 47.7734 -0.464961 0.603114 0.648123
-8.71011 21.632 46.5838 -0.463499 0.613545 0.639321
-9.27512 22.436 45.3878 -0.466797 0.619415 0.63121
-9.86379 23.1833 44.2224 -0.460402 0.619672 0.635639
-10.5412 23.9465 42.9996 -0.453121 0.6185 0.64198
-11.2001 24.7407 41.7806 -0.444365 0.619501 0.647115
-11.8643 25.541 40.5519 -0.4445 0.623354 0.643311
-12.5679 26.2976 39.3328 -0.443887 0.623818 0.643285
-13.2783 26.9734 38.1887 -0.44225 0.624555 0.643697
-14.117 27.5832 37.0193 -0.439031 0.628886 0.64168
-14.9731 28.1173 35.9073 -0.437221 0.630372 0.641458
-15.8726 28.6282 34.7954 -0.43909 0.629366 0.641168
-16.7773 29.109 33.6986 -0.446698 0.62723 0.637999
-17.7913 29.4756 32.6212 -0.451455 0.626537 0.635324
-18.9405 29.6939 31.5794 -0.457516 0.624469 0.633023
-20.1112 29.8637 30.5686 -0.456552 0.623169 0.634996
-21.3521 30.0763 29.4636 -0.460479 0.620769 0.634512
-22.4064 30.1493 28.6138 -0.470589 0.62096 0.626861
-5.68589 57.2702 9.98614 -0.314462 0.712608 0.627136
-5.68604 57.2733 9.98256 -0.316729 0.710055 0.628876
-2.82744 62.7902 4.73884 -0.264214 0.749279 0.605838
-1.40798 62.7019 5.27195 -0.100758 0.758942 0.64325
0.111481 62.6455 5.44703 0.00392936 0.771672 0.636009
1.62343 62.6901 5.18071 0.188414 0.756348 0.625967
3.14373 62.6271 4.39782 0.409186 0.754799 0.512684
4.27877 62.5457 3.23823 0.538941 0.770618 0.340123
4.96441 62.4187 1.87165 0.654042 0.739757 0.158078
5.24037 62.3502 0.374817 0.691855 0.721383 0.024694
5.10108 62.3589 -1.30248 0.639383 0.751333 -0.163367
4.53149 62.3899 -2.69396 0.564183 0.770457 -0.296806
3.49249 62.4006 -4.03819 0.415163 0.778025 -0.471505
2.22904 62.3862 -4.87025 0.266527 0.767111 -0.583527
0.608693 62.3396 -5.30229 0.0707811 0.740078 -0.668779
-0.898753 62.3499 -5.20107 -0.124339 0.745566 -0.654711
-2.32069 62.4058 -4.72839 -0.225499 0.757845 -0.612227
-3.58978 62.5607 -3.92118 -0.337251 0.751023 -0.56765
-4.61665 62.7502 -2.80236 -0.480261 0.754346 -0.447563
-5.42821 62.8855 -1.3313 -0.549758 0.793819 -0.26002
-5.70759 62.9933 0.251107 -0.56333 0.823475 -0.0641656
-5.375 63.0411 1.80064 -0.559923 0.798296 0.221831
-4.64329 62.9812 3.12894 -0.441977 0.7919 0.419846
-3.57302 62.8681 4.23224 -0.342093 0.77693 0.526412
-2.97878 62.8009 4.64746 -0.302229 0.749539 0.588938
-5.49395 57.1503 -9.38053 -0.287937 0.707456 -0.645445
-5.12149 57.1551 -9.54033 -0.280424 0.711096 -0.644752
-5.43145 57.1516 -9.40693 -0.288624 0.708167 -0.644355
-11.2367 45.5834 -19.4629 -0.350667 0.67936 -0.644595
-11.2629 44.5459 -20.5443 -0.359818 0.674775 -0.644367
-11.2053 43.461 -21.7115 -0.362197 0.671253 -0.646708
-11.1278 42.3889 -22.842 -0.36975 0.657687 -0.656303
-11.0931 41.3179 -23.9308 -0.371195 0.654882 -0.658288
-11.0849 40.2247 -25.0046 -0.367696 0.64611 -0.668836
-11.397 39.2505 -25.7696 -0.371997 0.643325 -0.669141
-12.6315 39.4235 -24.908 -0.381295 0.638548 -0.668484
-13.9316 39.5174 -24.0717 -0.382475 0.639227 -0.667159
-15.2644 39.5276 -23.2819 -0.395528 0.63357 -0.664941
-16.5367 39.6562 -22.3987 -0.398274 0.632532 -0.66429
-15.5717 40.8307 -21.8407 -0.389952 0.64844 -0.653806
-14.6838 41.9178 -21.2805 -0.382886 0.653256 -0.653189
-13.6445 43.1163 -20.6716 -0.369837 0.662265 -0.651631
-12.689 44.1639 -20.1346 -0.365709 0.671421 -0.644555
-11.7355 45.209 -19.582 -0.360826 0.677774 -0.640624
-11.4255 45.5166 -19.4306 -0.354078 0.677744 -0.64442
10.9382 56.9136 -0.379189 0.692477 0.721125 -0.0213223
10.8364 57.0266 0.190184 0.696804 0.717144 -0.0115562
10.8289 57.0239 -0.198574 0.692477 0.721124 -0.0213292
22.3896 45.4687 -0.0755193 0.734468 0.678601 0.00758928
23.356 44.4112 0.535731 0.73722 0.675611 0.00754989
24.3101 43.3588 1.13531 0.746218 0.665557 0.0128572
25.2368 42.2793 1.7218 0.751681 0.658625 0.0344212
26.1718 41.1765 2.23284 0.758807 0.65021 0.0378873
27.1023 40.0408 2.73947 0.767633 0.639035 0.0486259
27.5354 39.5853 1.77631 0.7741 0.631454 0.0451107
27.6237 39.5647 0.266024 0.773943 0.632822 0.0234146
27.7409 39.4714 -1.26523 0.770443 0.637155 0.0212387
27.9318 39.2839 -2.87317 0.771829 0.635611 0.0165078
27.3577 39.9759 -3.09924 0.763389 0.64584 0.0108029
26.3798 41.1085 -2.52997 0.755512 0.655118 0.00459839
25.4424 42.1634 -1.95159 0.742109 0.670274 0.0025208
24.4959 43.1907 -1.36288 0.734384 0.678701 0.00680337
23.5543 44.2094 -0.785356 0.736718 0.676157 0.0076423
22.5537 45.2916 -0.138265 0.734506 0.678563 0.00728725
22.489 45.3614 -0.105739 0.734505 0.678564 0.00729297
-1.66004 5.89151 65.0141 -0.485097 0.536866 0.690258
-2.70147 4.77183 65.1567 -0.483591 0.539155 0.68953
-3.92504 3.71065 65.1316 -0.481229 0.54093 0.689792
-3.37007 3.3542 65.7985 -0.481753 0.54047 0.689787
-2.1213 3.34161 66.6804 -0.482032 0.539822 0.6901
-0.747684 3.36496 67.6221 -0.482582 0.539168 0.690226
0.554274 3.3839 68.5179 -0.483405 0.538357 0.690284
1.95203 3.38366 69.4967 -0.483107 0.537731 0.69098
3.23946 3.37861 70.3968 -0.480359 0.536627 0.693748
4.66076 3.36566 71.3825 -0.473065 0.539038 0.696884
5.21774 3.72146 71.4837 -0.470521 0.540905 0.69716
3.87151 3.69449 70.5893 -0.478171 0.53737 0.694683
2.65921 3.76358 69.695 -0.482414 0.536874 0.692129
1.53482 4.00777 68.7178 -0.483341 0.538835 0.689955
0.392617 4.44329 67.5778 -0.483026 0.538824 0.690184
-0.612547 5.07445 66.3829 -0.482822 0.538106 0.690887
-1.47545 5.81167 65.2059 -0.484067 0.537262 0.690673
-1.49664 5.82101 65.1838 -0.484933 0.53724 0.690082
-1.62111 5.8767 65.053 -0.485108 0.536863 0.690253
