-29.4079 28.8705 27.3852 -0.506467 0.592483 0.626462
-28.1834 28.9515 28.2983 -0.505006 0.595387 0.624886
-26.9724 29.0513 29.181 -0.500471 0.597979 0.626058
-25.7299 29.1027 30.1058 -0.488094 0.602878 0.631112
-24.5051 29.077 31.0686 -0.483927 0.604334 0.632925
-23.2964 29.0406 32.0218 -0.478413 0.604147 0.637281
-22.0854 28.9234 33.0363 -0.472586 0.609934 0.636115
-20.9687 28.717 34.0574 -0.468679 0.612204 0.636825
-19.8705 28.5088 35.0652 -0.468017 0.614013 0.635569
-18.7029 28.2246 36.1803 -0.454464 0.613686 0.645641
-17.6057 27.8597 37.2973 -0.457142 0.609675 0.647547
-16.5502 27.4224 38.4577 -0.45758 0.611406 0.645603
-15.6408 26.9465 39.5533 -0.457192 0.613416 0.643969
-14.7028 26.4338 40.7137 -0.455793 0.616896 0.641632
-13.8077 25.9315 41.8307 -0.454734 0.616407 0.642852
-12.9321 25.4137 42.9437 -0.454936 0.615139 0.643923
-12.107 24.8025 44.1128 -0.457427 0.61437 0.642891
-11.3525 24.1302 45.2982 -0.463945 0.610651 0.641753
-10.6082 23.4663 46.4599 -0.465789 0.603493 0.647175
-9.90379 22.7827 47.6072 -0.469563 0.603367 0.644561
-9.20508 22.0997 48.7608 -0.471631 0.601066 0.6452
-8.46995 21.4069 49.9324 -0.476432 0.592743 0.649355
-8.17674 22.0881 49.5238 -0.472636 0.597122 0.64812
-8.22407 23.18 48.4673 -0.472934 0.603926 0.641566
-8.21406 24.3428 47.3761 -0.470694 0.60939 0.638035
-8.22143 25.5166 46.243 -0.469501 0.61357 0.634903
-8.21226 26.6229 45.1671 -0.465978 0.621996 0.629274
-8.25919 27.7033 44.0699 -0.46095 0.621989 0.632971
-8.32176 28.8165 42.9261 -0.454065 0.628544 0.631472
-8.36544 29.898 41.814 -0.451555 0.632282 0.629537
-8.40519 30.9661 40.7058 -0.445695 0.640091 0.625811
-8.40886 32.0445 39.5902 -0.435824 0.649087 0.623493
-8.40936 33.1475 38.4416 -0.431963 0.65274 0.622365
-8.41635 34.2157 37.3103 -0.421647 0.663567 0.617975
-8.43646 35.2877 36.1461 -0.418852 0.662008 0.621534
-8.47474 36.3427 35.0099 -0.415439 0.657387 0.62869
-8.56428 37.3458 33.8902 -0.407313 0.666887 0.623985
-8.61483 38.4861 32.6208 -0.397553 0.676836 0.619552
-8.63573 39.6384 31.3499 -0.394782 0.676493 0.621695
-8.71689 40.6493 30.199 -0.385583 0.683064 0.620282
-8.7278 41.6929 29.039 -0.383392 0.68469 0.619847
-8.79359 42.7664 27.8248 -0.374551 0.683044 0.627022
-8.82588 43.7885 26.6936 -0.365746 0.687281 0.627594
-8.81307 44.91 25.4672 -0.354269 0.694629 0.626078
-8.86037 45.9793 24.2565 -0.343512 0.698235 0.628066
-8.86996 47.0509 23.0557 -0.336283 0.702713 0.626984
-8.91697 48.1635 21.7827 -0.335914 0.700618 0.629517
-8.92902 49.1627 20.6526 -0.336175 0.707165 0.622014
-8.90509 50.169 19.5121 -0.338685 0.709938 0.617477
-8.76176 51.2175 18.3776 -0.323168 0.71442 0.620617
-8.52546 52.3105 17.243 -0.322315 0.71426 0.621244
-8.14199 53.4542 16.133 -0.321724 0.715023 0.620673
-7.58356 54.5988 15.1027 -0.325515 0.715751 0.617852
-6.92974 55.651 14.2084 -0.321321 0.729226 0.604118
-6.18031 56.6645 13.377 -0.319357 0.72869 0.605824
-5.33058 57.7163 12.5535 -0.310599 0.729247 0.609695
-4.36833 58.7261 11.8254 -0.294034 0.727823 0.619507
-3.32623 59.7076 11.1583 -0.279287 0.729554 0.624296
-2.10582 60.6075 10.5676 -0.230351 0.748124 0.622255
-0.803209 61.4179 10.0323 -0.189879 0.75447 0.628268
-2.32916 61.3556 9.58416 -0.240358 0.750181 0.616
-3.81796 61.3199 9.03481 -0.25399 0.757852 0.600958
-5.22698 61.3545 8.32486 -0.316895 0.738729 0.594859
-6.54209 61.4502 7.44901 -0.355728 0.736283 0.57562
-7.83307 61.5833 6.4174 -0.392014 0.74858 0.534746
-7.97366 60.9454 7.18566 -0.380129 0.7397 0.555288
-7.90076 60.0057 8.46295 -0.360585 0.730848 0.579517
-7.94043 58.9192 9.75513 -0.350649 0.715036 0.604789
-8.06635 57.8863 10.8941 -0.339123 0.71767 0.60823
-8.29586 56.8598 11.99 -0.336708 0.723141 0.603071
-8.70037 55.7941 13.0453 -0.33763 0.725164 0.600119
-9.25121 54.6909 14.0693 -0.338995 0.724898 0.599671
-9.8772 53.6572 14.9605 -0.335554 0.722751 0.604181
-10.6238 52.5903 15.809 -0.337238 0.716351 0.610829
-11.4188 51.51 16.6136 -0.347333 0.706455 0.616669
-12.3586 50.4117 17.3202 -0.361366 0.695719 0.620797
-13.316 49.3557 17.9427 -0.366535 0.695622 0.617867
-14.2813 48.328 18.5089 -0.377536 0.684197 0.623972
-15.257 47.2631 19.0681 -0.388103 0.674706 0.627812
-16.2245 46.1828 19.6252 -0.396894 0.671693 0.625541
-17.1587 45.1286 20.1531 -0.407772 0.663999 0.626759
-18.0436 44.0505 20.7014 -0.41891 0.658584 0.625126
-18.9546 42.9371 21.2586 -0.428129 0.660958 0.616304
-19.9936 41.7003 21.8397 -0.444245 0.652662 0.613741
-20.9023 40.5938 22.3496 -0.448589 0.648033 0.615485
-21.8401 39.4179 22.8853 -0.459567 0.641395 0.614337
-22.8234 38.2014 23.4094 -0.462561 0.634534 0.619195
-23.6741 37.0258 23.9659 -0.471728 0.627153 0.6198
-24.5307 35.8234 24.5145 -0.479219 0.619866 0.62138
-25.4424 34.5978 25.0239 -0.48248 0.614367 0.624313
-26.2664 33.417 25.5395 -0.492933 0.609774 0.620634
-27.1813 32.1505 26.0529 -0.496057 0.607486 0.620391
-28.012 30.9525 26.5351 -0.504019 0.593548 0.627428
-28.8387 29.758 27.0026 -0.504265 0.5947 0.626138
-29.3766 28.9204 27.3634 -0.50645 0.591898 0.627029
-33.6051 29.888 22.933 -0.522593 0.587281 0.61806
-32.8193 31.0876 22.4483 -0.518402 0.591398 0.617663
-31.9607 32.3318 21.9735 -0.515958 0.59353 0.617665
-31.1447 33.5279 21.4885 -0.509041 0.600946 0.616231
-30.2605 34.7684 21.003 -0.501869 0.60646 0.616713
-29.4014 35.9641 20.5131 -0.492922 0.613726 0.61674
-28.5736 37.1435 19.9902 -0.488611 0.619563 0.614329
-27.7268 38.3039 19.484 -0.482043 0.626835 0.612138
-26.7784 39.5455 18.9548 -0.479684 0.630816 0.609897
-25.9307 40.7169 18.4071 -0.476311 0.632522 0.610773
-25.0274 41.8479 17.9274 -0.467798 0.638689 0.610935
-24.1137 42.9958 17.4261 -0.465731 0.639188 0.611991
-23.2225 44.1176 16.9265 -0.462768 0.642468 0.610802
-22.2806 45.3207 16.3673 -0.452297 0.647436 0.613385
-21.3332 46.4599 15.8353 -0.438021 0.665234 0.604631
-20.408 47.5524 15.2891 -0.427643 0.668895 0.608031
-19.4118 48.7 14.7394 -0.424268 0.664591 0.615074
-18.3717 49.8862 14.1426 -0.407881 0.684964 0.603688
-17.4212 50.9409 13.5702 -0.392368 0.699039 0.597823
-16.3714 52.0934 12.9062 -0.393887 0.704862 0.589933
-15.5548 53.1277 12.1865 -0.381164 0.716758 0.583929
-14.846 54.2127 11.2904 -0.379653 0.727513 0.571479
-14.2392 55.2498 10.3715 -0.377866 0.731696 0.567307
-13.8188 56.3039 9.29012 -0.377085 0.732239 0.567127
-13.6268 57.2945 8.13998 -0.376429 0.731605 0.568378
-13.5833 58.3427 6.82527 -0.369761 0.733571 0.570211
-13.725 59.2222 5.56897 -0.35018 0.758816 0.549156
-13.9891 59.9696 4.25152 -0.345167 0.815122 0.465226
-14.2483 60.5994 2.76464 -0.328931 0.870311 0.366556
-14.3957 60.9417 1.29191 -0.332961 0.933874 0.128243
-14.4471 61.0027 -0.210191 -0.35892 0.933256 -0.0144449
-14.4046 60.7667 -1.7847 -0.365484 0.894821 -0.256293
-14.1597 60.1555 -3.4081 -0.345465 0.8154 -0.464284
-13.8733 59.4293 -4.70685 -0.349126 0.759761 -0.54852
-13.6567 58.5422 -5.99234 -0.352203 0.732459 -0.582618
-13.5922 57.5534 -7.26675 -0.367671 0.724589 -0.582914
-13.6642 56.5667 -8.46051 -0.370971 0.728015 -0.576519
-13.9672 55.438 -9.6914 -0.367021 0.728054 -0.578993
-14.4324 54.4149 -10.682 -0.363339 0.72814 -0.581203
-15.0623 53.3493 -11.6044 -0.369366 0.720871 -0.586442
-15.7976 52.2773 -12.4441 -0.375679 0.712621 -0.592484
-16.7345 51.1485 -13.1992 -0.379434 0.70543 -0.598652
-17.7527 50.11 -13.7526 -0.390074 0.689155 -0.610661
-18.7045 49.0781 -14.3074 -0.389629 0.685796 -0.614707
-19.6799 48.013 -14.8593 -0.398149 0.674191 -0.622048
-20.6862 46.9008 -15.4044 -0.409806 0.664731 -0.624647
-21.643 45.7915 -15.9455 -0.419193 0.658994 -0.624496
-22.5436 44.7053 -16.4796 -0.422712 0.651223 -0.630257
-23.5059 43.5713 -17.0011 -0.42544 0.64818 -0.631556
-24.43 42.4299 -17.5479 -0.428458 0.647386 -0.63033
-25.3235 41.317 -18.0695 -0.434778 0.633834 -0.639688
-26.3058 40.0831 -18.6052 -0.441478 0.623261 -0.645479
-27.1497 38.9363 -19.1228 -0.445635 0.614038 -0.651434
-28.0763 37.686 -19.6441 -0.451302 0.602604 -0.658174
-29.0103 36.3844 -20.1911 -0.449329 0.598188 -0.663531
-29.8679 35.1853 -20.6796 -0.456218 0.591734 -0.664617
-30.8047 33.8382 -21.214 -0.462046 0.580619 -0.670369
-31.6729 32.5747 -21.6943 -0.468437 0.573754 -0.671842
-32.5024 31.2815 -22.2104 -0.472598 0.567354 -0.67436
-33.327 30.0279 -22.6753 -0.479909 0.559203 -0.676002
-34.1337 28.7513 -23.142 -0.488066 0.546114 -0.680846
-34.8761 27.5195 -23.587 -0.493002 0.53902 -0.682939
-35.623 26.2439 -24.0468 -0.499774 0.532963 -0.682771
-36.4 24.9854 -24.4539 -0.502651 0.529109 -0.683656
-37.1474 23.6264 -24.9462 -0.508344 0.5236 -0.683686
-35.8149 24.2385 -25.4647 -0.505777 0.527678 -0.682455
-34.393 24.8565 -26.0245 -0.494908 0.534014 -0.685489
-33.0414 25.3815 -26.5878 -0.491992 0.536089 -0.685968
-31.6969 25.914 -27.1288 -0.487316 0.543024 -0.683846
-30.23 26.4543 -27.7385 -0.481337 0.550188 -0.682354
-28.8 26.8475 -28.4196 -0.475098 0.554256 -0.683434
-27.4092 27.1881 -29.1026 -0.469034 0.556341 -0.685923
-26.0882 27.4984 -29.7501 -0.464318 0.559191 -0.686815
-24.7535 27.8101 -30.3898 -0.456945 0.565784 -0.686359
-23.4488 27.9838 -31.1092 -0.452371 0.567895 -0.687644
-22.1332 28.0225 -31.9315 -0.44271 0.572553 -0.690065
-20.8091 28.0456 -32.7661 -0.444253 0.574046 -0.68783
-19.4924 28.0354 -33.6233 -0.441814 0.574247 -0.689232
-18.2574 27.8504 -34.5547 -0.430889 0.577682 -0.693266
-17.1018 27.5444 -35.5262 -0.428478 0.579663 -0.693107
-15.9586 27.2434 -36.4822 -0.426456 0.579174 -0.694761
-14.7882 26.8949 -37.4819 -0.422239 0.577133 -0.699022
-13.6826 26.4599 -38.5131 -0.425876 0.576283 -0.697515
-12.7386 25.8885 -39.5638 -0.427118 0.577358 -0.695865
-11.8163 25.3185 -40.6037 -0.427087 0.577623 -0.695664
-10.7727 24.7432 -41.7187 -0.427891 0.574214 -0.697988
-9.76907 24.1016 -42.8608 -0.428487 0.574273 -0.697574
-8.933 23.296 -44.0318 -0.430756 0.568454 -0.700934
-8.18853 22.4844 -45.1456 -0.430588 0.567506 -0.701806
-7.41807 21.6287 -46.3049 -0.433948 0.561459 -0.704594
-6.67935 20.8023 -47.4149 -0.43822 0.557351 -0.705211
-5.87765 20.0488 -48.5072 -0.442848 0.55148 -0.706934
-5.11906 19.2628 -49.5904 -0.444869 0.546576 -0.709469
-4.35304 18.505 -50.6496 -0.444889 0.541284 -0.713502
-3.57487 17.6994 -51.7407 -0.447831 0.534409 -0.716836
-2.86175 17.3501 -52.4459 -0.448838 0.530882 -0.718825
-2.83248 18.5458 -51.5732 -0.449015 0.536217 -0.714743
-2.81696 19.8069 -50.6199 -0.447969 0.549138 -0.705529
-2.85759 21.1077 -49.5768 -0.447594 0.552688 -0.70299
-2.85339 22.3989 -48.5546 -0.445363 0.559928 -0.698665
-2.84136 23.6872 -47.5224 -0.444119 0.5653 -0.695121
-2.87328 24.871 -46.5344 -0.441826 0.570862 -0.692031
-2.9031 26.0287 -45.5568 -0.440425 0.575075 -0.68943
-2.89354 27.3559 -44.4429 -0.43669 0.582734 -0.685363
-2.87527 28.5057 -43.4748 -0.432261 0.586377 -0.685064
-2.87096 29.6652 -42.4664 -0.427127 0.597621 -0.678536
-2.84739 30.8422 -41.4443 -0.42484 0.599489 -0.678323
-2.85789 31.9801 -40.419 -0.42247 0.608701 -0.671567
-2.91801 33.1411 -39.318 -0.414062 0.618166 -0.668149
-2.93365 34.2462 -38.2812 -0.408888 0.623426 -0.666446
-2.93732 35.4171 -37.1683 -0.398753 0.634709 -0.661921
-2.93983 36.6051 -36.0198 -0.390403 0.641292 -0.660552
-2.8924 37.8751 -34.8168 -0.382032 0.644054 -0.662755
-2.90907 38.9516 -33.738 -0.37801 0.657863 -0.651398
-2.95219 40.1073 -32.5343 -0.369488 0.66632 -0.647684
-2.94015 41.2545 -31.3508 -0.358284 0.676053 -0.643883
-2.96905 42.4068 -30.1167 -0.352956 0.683305 -0.639153
-2.99826 43.5094 -28.9162 -0.342621 0.690608 -0.636923
-2.98566 44.6573 -27.6786 -0.336761 0.692444 -0.638054
-3.01385 45.6672 -26.5607 -0.326369 0.700438 -0.63472
-3.00934 46.688 -25.4343 -0.316345 0.703738 -0.636144
-3.01129 47.7258 -24.2805 -0.305853 0.711642 -0.632466
-3.01524 48.7597 -23.1049 -0.303819 0.717247 -0.627098
-3.04096 49.8071 -21.8858 -0.29901 0.72272 -0.623113
-2.97126 50.8792 -20.6686 -0.294553 0.727199 -0.620016
-2.75641 51.9856 -19.4725 -0.284765 0.730807 -0.620338
-2.37041 53.0112 -18.4336 -0.275005 0.735612 -0.61907
-1.71521 54.1641 -17.3458 -0.267085 0.739807 -0.617535
-0.920797 55.187 -16.4605 -0.262614 0.740172 -0.619015
0.102795 56.1814 -15.7004 -0.257877 0.741236 -0.619732
1.21065 57.0654 -15.097 -0.25673 0.748763 -0.6111
2.4328 57.8319 -14.6227 -0.229839 0.777957 -0.584693
3.85222 58.4834 -14.1986 -0.167176 0.810475 -0.561411
5.3461 59.0583 -13.6181 -0.0348191 0.844897 -0.533794
6.71103 59.3918 -12.9251 0.0599422 0.919641 -0.388159
8.01545 59.3852 -12.1426 0.261545 0.924541 -0.277159
9.27905 59.1146 -11.2946 0.435871 0.876869 -0.202773
10.4277 58.5955 -10.3794 0.557335 0.824954 -0.0939594
11.4727 57.9324 -9.44214 0.61631 0.781592 -0.0963104
12.5369 57.1585 -8.5643 0.650595 0.753203 -0.0969783
13.5955 56.307 -7.90461 0.662721 0.743331 -0.090883
14.7641 55.31 -7.43962 0.667458 0.739912 -0.0838319
15.953 54.258 -7.19869 0.670662 0.738359 -0.0709427
17.0666 53.242 -7.2073 0.677445 0.733096 -0.0601796
18.1705 52.2087 -7.32612 0.68122 0.729816 -0.0574411
19.3435 51.0785 -7.70559 0.685389 0.72636 -0.0513906
20.3721 50.0519 -8.24347 0.695859 0.716459 -0.0496612
21.4298 48.9866 -8.86131 0.696646 0.715941 -0.0459619
22.4874 47.9146 -9.46849 0.699042 0.713368 -0.0494118
23.4713 46.9051 -10.0566 0.706424 0.706729 -0.0387186
24.4318 45.9113 -10.6427 0.709483 0.703805 -0.0358548
25.4846 44.8054 -11.2641 0.720321 0.69313 -0.0266135
26.5095 43.7108 -11.8904 0.725574 0.687932 -0.0170607
27.4692 42.677 -12.4757 0.733602 0.679549 -0.00638371
28.5116 41.5369 -13.0623 0.739431 0.673203 0.00597194
29.4849 40.467 -13.588 0.746654 0.665177 0.00681662
30.4558 39.3759 -14.1398 0.750685 0.660581 0.0102279
31.4322 38.2642 -14.766 0.757474 0.652685 0.0153021
32.4101 37.1419 -15.3786 0.76125 0.648042 0.0232472
33.3762 36.0207 -15.9111 0.766396 0.641733 0.0285571
34.4157 34.7897 -16.5219 0.776998 0.62857 0.0341739
35.3941 33.5965 -17.1094 0.784524 0.619046 0.0361138
36.313 32.458 -17.6478 0.789316 0.612799 0.0381742
37.2629 31.272 -18.2596 0.789695 0.611967 0.0433465
38.1821 30.1126 -18.7684 0.794036 0.605805 0.0500646
39.114 28.921 -19.3302 0.800995 0.596264 0.0536295
39.9894 27.7834 -19.8685 0.80543 0.590291 0.0532731
40.8922 26.5859 -20.325 0.809616 0.584279 0.0560446
41.7761 25.3824 -20.8242 0.819612 0.570217 0.0555557
42.6436 24.1757 -21.3352 0.822888 0.565373 0.0566511
43.4799 23.0079 -21.8853 0.826763 0.559456 0.0589232
44.3673 21.7337 -22.3863 0.83356 0.549058 0.0609297
45.2195 20.4907 -22.9023 0.836259 0.544997 0.060394
46.0144 19.3019 -23.3561 0.843371 0.533799 0.0615097
46.8215 18.0571 -23.8047 0.851665 0.520712 0.0593865
47.6524 16.747 -24.3329 0.856402 0.513335 0.0553129
47.2467 17.3051 -23.2559 0.852691 0.519782 0.0523813
46.6281 18.1798 -21.9525 0.847979 0.527646 0.0502091
46.0808 18.9361 -20.7699 0.842591 0.536081 0.0515493
45.5359 19.6743 -19.5821 0.839469 0.541249 0.0483836
44.9617 20.4433 -18.3367 0.835589 0.54741 0.0461882
44.3772 21.2291 -17.0173 0.833041 0.55171 0.0407263
43.8128 21.9799 -15.7927 0.829331 0.557153 0.0423106
43.2067 22.788 -14.5508 0.827852 0.559441 0.0410632
42.602 23.5791 -13.181 0.821115 0.569616 0.0361615
42.0925 24.2241 -11.8137 0.818152 0.573936 0.0349788
41.6097 24.8309 -10.436 0.816978 0.575725 0.0329704
41.1132 25.4574 -9.0785 0.813883 0.580144 0.0320652
40.6461 26.0377 -7.72697 0.813369 0.580911 0.0311912
40.244 26.5254 -6.32733 0.811062 0.584204 0.0297273
39.9303 26.882 -4.81661 0.809661 0.586004 0.0323603
39.6145 27.2313 -3.3367 0.807518 0.588811 0.0348733
39.3078 27.5682 -1.8722 0.808759 0.58725 0.0323323
39.0381 27.8602 -0.402048 0.80961 0.585948 0.0345955
38.9572 27.8543 1.11526 0.808941 0.585671 0.0510339
38.864 27.8448 2.66886 0.809169 0.585212 0.0526559
38.7498 27.8586 4.26517 0.810902 0.582729 0.0535218
38.6631 27.8309 5.83986 0.812346 0.58038 0.0570353
38.718 27.5908 7.35552 0.81552 0.574893 0.0665187
38.8342 27.2263 9.00448 0.816858 0.572349 0.0718231
38.93 26.8931 10.52 0.817676 0.570802 0.0747713
39.0636 26.5014 12.0091 0.818961 0.568377 0.0790565
39.3347 25.9152 13.3833 0.819718 0.566793 0.0825121
39.6341 25.2718 14.7566 0.821804 0.562978 0.0877187
39.9029 24.6495 16.1628 0.824038 0.558702 0.09388
40.1511 24.0376 17.5841 0.824875 0.556942 0.096941
40.3999 23.4251 18.9889 0.825795 0.555861 0.0952952
40.189 23.6061 19.7729 0.827805 0.553272 0.0928916
39.383 24.8914 19.247 0.825097 0.557499 0.091703
38.5833 26.1413 18.819 0.823665 0.559785 0.0906444
37.7958 27.3638 18.3577 0.820037 0.565446 0.0883762
36.976 28.6108 17.9349 0.817181 0.569686 0.0876009
36.1864 29.8076 17.4561 0.813874 0.574769 0.08514
35.3742 31.0164 16.9937 0.808834 0.581963 0.0842672
34.5494 32.2245 16.4879 0.8053 0.587135 0.0822437
33.6683 33.4903 15.9611 0.798871 0.595893 0.0819502
32.8225 34.6746 15.5037 0.793851 0.603028 0.0784668
31.9144 35.9219 14.9876 0.788214 0.610761 0.0754292
31.0698 37.0648 14.5016 0.785244 0.614874 0.0729544
30.1551 38.2859 13.9931 0.779759 0.621549 0.0751516
29.2953 39.4167 13.4418 0.772676 0.630447 0.0742215
28.3858 40.5809 12.9297 0.766981 0.637586 0.072272
27.4871 41.6997 12.3904 0.758824 0.648121 0.064221
26.5633 42.831 11.8574 0.757083 0.650055 0.0652194
25.6407 43.9432 11.3446 0.750543 0.658257 0.0581568
24.7403 45.0173 10.8019 0.749411 0.65902 0.0638413
23.8102 46.129 10.243 0.745756 0.663104 0.0641851
22.8586 47.2365 9.67004 0.733784 0.675791 0.0697636
21.8845 48.3322 9.14559 0.72534 0.684896 0.069265
20.8804 49.4322 8.56334 0.712237 0.698689 0.0673664
19.9138 50.4549 7.96825 0.699912 0.712102 0.0550103
18.8318 51.5399 7.53286 0.691672 0.719965 0.0569205
17.7166 52.6226 7.23048 0.685707 0.725638 0.0570372
16.5354 53.7346 7.14726 0.677027 0.733237 0.0632339
15.4017 54.7683 7.25507 0.676458 0.733605 0.0650139
14.252 55.7937 7.60226 0.675786 0.733373 0.0740073
13.0992 56.7969 8.15507 0.674041 0.734814 0.075617
12.0524 57.6818 8.87087 0.670869 0.737968 0.0730645
10.9682 58.5401 9.79582 0.63619 0.767695 0.0768539
9.85496 59.206 10.8117 0.540306 0.826332 0.158295
8.55442 59.6883 11.7327 0.378268 0.897743 0.225768
7.1559 59.8685 12.5806 0.217115 0.915653 0.338292
5.80008 59.7846 13.2606 0.0676991 0.905733 0.418408
4.44983 59.5105 13.8763 -0.0443277 0.887301 0.458969
3.10362 59.0522 14.3589 -0.196389 0.823528 0.532035
1.69072 58.2645 14.8675 -0.246555 0.758005 0.603809
0.534725 57.4397 15.3865 -0.256724 0.742465 0.618739
-0.573531 56.389 16.18 -0.258368 0.739092 0.622084
-1.41132 55.3609 17.0508 -0.261636 0.738415 0.621523
-2.10853 54.3219 17.9893 -0.269519 0.736307 0.620651
-2.62462 53.1893 19.1035 -0.277576 0.733178 0.620799
-2.91958 52.1631 20.1837 -0.282001 0.730427 0.622048
-3.07466 51.1338 21.3122 -0.282891 0.725416 0.62749
-3.05 50.0898 22.5319 -0.292914 0.724657 0.623758
-3.05072 49.0337 23.7627 -0.296199 0.727144 0.619296
-3.04748 47.9978 24.9797 -0.30386 0.725338 0.6177
-3.0215 46.9904 26.1922 -0.310486 0.729765 0.60913
-3.02523 46.0187 27.3505 -0.324525 0.726273 0.60598
-3.02148 45.0083 28.5809 -0.334824 0.72695 0.599525
-3.02604 43.9313 29.8733 -0.346262 0.718289 0.60346
-2.9637 42.9359 31.0926 -0.355805 0.715192 0.601585
-2.92839 41.8792 32.3673 -0.366706 0.70976 0.601471
-2.93986 40.8516 33.5629 -0.385538 0.702157 0.598594
-2.91759 39.8263 34.7729 -0.397053 0.69695 0.597169
-2.89156 38.775 36.0123 -0.403423 0.69415 0.59616
-2.87266 37.7995 37.161 -0.410183 0.689387 0.597073
-2.85401 36.7419 38.3793 -0.419919 0.677424 0.603958
-2.85416 35.7374 39.5005 -0.426361 0.672171 0.605311
-2.84018 34.7245 40.631 -0.433392 0.668355 0.604543
-2.84212 33.7072 41.7532 -0.440526 0.664364 0.603785
-2.84785 32.6652 42.8876 -0.444748 0.660033 0.605438
-2.83707 31.5989 44.042 -0.450277 0.651218 0.61087
-2.83887 30.5025 45.2049 -0.457958 0.64457 0.612207
-2.81212 29.4407 46.3373 -0.465923 0.638888 0.612158
-2.8001 28.3167 47.5044 -0.467393 0.63029 0.619901
-2.75151 27.1355 48.7315 -0.471948 0.624462 0.622345
-2.78539 26.0581 49.7805 -0.477082 0.619697 0.62319
-2.78281 24.8482 50.9718 -0.480083 0.609971 0.630437
-2.79065 23.7028 52.0698 -0.486442 0.605805 0.629582
-2.77629 22.5369 53.193 -0.492361 0.595538 0.634756
-2.75725 21.4086 54.2586 -0.496501 0.587151 0.639326
-2.77261 20.1902 55.3476 -0.497147 0.579389 0.645874
-2.75552 18.941 56.4744 -0.499592 0.575035 0.647875
-2.7573 17.6913 57.5668 -0.500289 0.565979 0.655269
-2.7263 16.5616 58.5571 -0.501335 0.55922 0.660255
-2.73553 15.3566 59.5626 -0.500959 0.553663 0.665205
-2.72993 14.1608 60.5525 -0.501418 0.548053 0.66949
-2.76297 12.8541 61.589 -0.499704 0.543095 0.67479
-2.759 11.6715 62.5374 -0.497164 0.540239 0.678947
-2.70007 10.4009 63.584 -0.4934 0.537524 0.68383
-2.47223 9.24859 64.6453 -0.49115 0.533931 0.68825
-2.08167 8.15818 65.769 -0.487126 0.534748 0.690473
-1.52808 7.16292 66.9284 -0.484512 0.53628 0.691124
-0.86438 6.33358 68.0372 -0.483775 0.53767 0.69056
-0.0426855 5.62698 69.164 -0.484578 0.53711 0.690433
0.88517 5.10657 70.222 -0.486373 0.536006 0.690028
1.95785 4.69093 71.3005 -0.486635 0.534545 0.690976
3.13887 4.39551 72.3576 -0.484568 0.532974 0.693637
2.31008 3.31759 72.6069 -0.485182 0.5324 0.693649
1.08054 2.67665 72.2391 -0.484853 0.533653 0.692915
-0.2579 2.70863 71.2789 -0.483401 0.53549 0.692513
-1.64337 2.69873 70.3237 -0.480447 0.537403 0.693086
-3.06646 2.71376 69.3275 -0.478655 0.540219 0.692137
-4.44089 2.66874 68.4144 -0.476722 0.542161 0.691952
-5.78213 2.6334 67.5207 -0.473999 0.545185 0.691447
-7.02375 2.62528 66.674 -0.474242 0.547198 0.689688
-8.27898 2.61999 65.8145 -0.474328 0.54811 0.688904
-9.53177 2.63321 64.9402 -0.47551 0.54907 0.687322
-10.8779 2.64397 63.9995 -0.475275 0.550005 0.686737
-10.5519 3.28664 63.7105 -0.475942 0.549968 0.686305
-9.21189 4.18778 63.9181 -0.476305 0.549682 0.686282
-7.96347 5.08941 64.0636 -0.477481 0.548505 0.686407
-6.88171 6.26952 63.8791 -0.48155 0.545823 0.685702
-6.33439 7.56427 63.236 -0.484836 0.544106 0.68475
-6.39815 8.73151 62.2582 -0.486015 0.546806 0.681757
-6.87533 9.72633 61.1163 -0.486846 0.548654 0.679676
-7.48768 10.5628 60.0003 -0.486574 0.550798 0.678136
-8.15306 11.4107 58.8286 -0.486621 0.554284 0.675254
-8.82125 12.2132 57.6882 -0.483334 0.557988 0.674565
-9.51888 13.0305 56.5075 -0.483723 0.561995 0.670949
-10.1696 13.9888 55.2295 -0.483138 0.564892 0.668935
-10.8472 14.8921 53.9688 -0.479391 0.572538 0.665118
-11.4588 15.7012 52.8293 -0.477441 0.575013 0.664387
-12.1841 16.4814 51.629 -0.477645 0.577068 0.662456
-12.9587 17.2979 50.3616 -0.473308 0.580317 0.66273
-13.7445 17.969 49.212 -0.468686 0.587552 0.659633
-14.4874 18.6715 48.0572 -0.468212 0.589623 0.658121
-15.187 19.4 46.904 -0.469661 0.590258 0.656516
-15.9153 20.0928 45.7608 -0.469003 0.590839 0.656463
-16.7373 20.8115 44.5222 -0.466752 0.598293 0.651297
-17.696 21.3613 43.3279 -0.465289 0.601055 0.649799
-18.6061 21.8675 42.2085 -0.46446 0.60178 0.649722
-19.562 22.3805 41.0438 -0.467585 0.602426 0.646875
-20.4762 22.9398 39.8614 -0.466671 0.603652 0.646391
-21.4542 23.3537 38.762 -0.472589 0.605545 0.640293
-22.5136 23.6195 37.7218 -0.476909 0.604574 0.638003
-23.6869 23.8272 36.6376 -0.484709 0.601648 0.634883
-24.89 24.0448 35.5115 -0.486349 0.599849 0.635329
-26.0788 24.1729 34.48 -0.487046 0.604433 0.630435
-27.2617 24.1894 33.5306 -0.499721 0.592917 0.631447
-28.5259 24.125 32.5869 -0.502542 0.590498 0.631478
-29.7505 24.0405 31.6807 -0.510209 0.590875 0.624942
-30.9538 23.9377 30.7756 -0.520313 0.587899 0.619394
-32.2012 23.6783 29.9602 -0.532748 0.58066 0.615641
-33.52 23.238 29.2322 -0.534814 0.578558 0.615828
-34.8146 22.8203 28.4845 -0.545817 0.574352 0.610085
-36.0522 22.4423 27.7215 -0.557652 0.562556 0.610373
-37.3476 22.01 26.9314 -0.56126 0.557198 0.611978
-38.6046 21.6126 26.1372 -0.563927 0.551862 0.614355
-38.099 22.7832 25.5516 -0.559036 0.552261 0.618455
-37.3474 24.0277 25.1094 -0.554152 0.558695 0.61707
-36.5671 25.308 24.6407 -0.54512 0.565763 0.618671
-35.7229 26.6505 24.1507 -0.54234 0.568969 0.618176
-34.8356 27.9832 23.6844 -0.533525 0.578311 0.617177
-34.0448 29.2101 23.2036 -0.525479 0.58476 0.618003
-33.7311 29.6937 23.0109 -0.522955 0.58732 0.617716
-20.8755 40.0968 -22.1663 -0.411948 0.627259 -0.66093
-19.9655 41.2292 -21.654 -0.406149 0.629817 -0.662098
-19.0097 42.3834 -21.1212 -0.395728 0.643178 -0.655523
-18.0464 43.5497 -20.5372 -0.396971 0.654691 -0.643267
-17.0731 44.7005 -19.9639 -0.396183 0.655117 -0.64332
-16.1063 45.7815 -19.4434 -0.379762 0.66678 -0.641223
-15.1249 46.8344 -18.9119 -0.373957 0.676712 -0.634206
-14.1501 47.8898 -18.3545 -0.371071 0.678186 -0.634327
-13.1459 48.9397 -17.7958 -0.350093 0.688661 -0.634964
-12.1222 50.0475 -17.1288 -0.338951 0.705035 -0.622927
-11.1876 51.1626 -16.3583 -0.332553 0.711184 -0.619374
-10.4082 52.2073 -15.5688 -0.323632 0.717901 -0.616344
-9.69519 53.3145 -14.6441 -0.319087 0.720889 -0.615225
-9.05525 54.3748 -13.7373 -0.315554 0.71884 -0.619431
-8.54401 55.4507 -12.7437 -0.315611 0.719385 -0.618769
-8.20735 56.5652 -11.614 -0.315196 0.720174 -0.618059
-7.98181 57.6821 -10.452 -0.32336 0.706313 -0.62973
-7.88804 58.7442 -9.28686 -0.336244 0.723669 -0.602696
-7.86184 59.8318 -7.97834 -0.344505 0.725994 -0.595188
-7.96086 60.775 -6.75152 -0.357547 0.728108 -0.584805
-7.44547 61.1144 -6.64751 -0.358986 0.724426 -0.588502
-6.17981 60.9104 -7.62527 -0.326399 0.724321 -0.607297
-4.79765 60.8461 -8.39203 -0.29355 0.717932 -0.631167
-3.27637 60.8388 -9.02107 -0.241475 0.729012 -0.640433
-1.76143 60.8652 -9.50326 -0.183411 0.741758 -0.645101
-0.166677 60.996 -9.77224 -0.156971 0.770131 -0.618231
-1.0648 60.4239 -10.2159 -0.184079 0.749137 -0.636324
-2.36279 59.5785 -10.7867 -0.221214 0.729617 -0.647042
-3.53004 58.6793 -11.3616 -0.251931 0.720857 -0.645673
-4.56371 57.7157 -12.0283 -0.270085 0.715875 -0.643877
-5.57215 56.693 -12.7414 -0.281232 0.720933 -0.633372
-6.41233 55.6455 -13.5611 -0.293448 0.72249 -0.626017
-7.11997 54.5893 -14.4503 -0.298205 0.724112 -0.621881
-7.70003 53.5405 -15.3891 -0.301103 0.722427 -0.622444
-8.24174 52.4139 -16.4287 -0.305971 0.72081 -0.621944
-8.55865 51.3093 -17.537 -0.305872 0.7091 -0.63531
-8.79293 50.1932 -18.6575 -0.314637 0.703879 -0.636834
-8.91746 49.1093 -19.7991 -0.319164 0.705524 -0.632748
-8.8957 48.044 -20.9906 -0.321787 0.702235 -0.635075
-8.85582 47.0424 -22.1076 -0.326228 0.69597 -0.639684
-8.86011 46.0133 -23.2068 -0.338208 0.683554 -0.646808
-8.82136 44.9402 -24.3382 -0.343344 0.672834 -0.655293
-8.76593 43.8693 -25.4681 -0.347627 0.672828 -0.653037
-8.74553 42.797 -26.5795 -0.352095 0.667031 -0.656581
-8.7214 41.7234 -27.671 -0.358018 0.660243 -0.660229
-8.67416 40.6188 -28.792 -0.366289 0.654846 -0.661066
-8.62195 39.4524 -29.9818 -0.37185 0.653951 -0.658839
-8.62777 38.3079 -31.0952 -0.38292 0.639035 -0.667088
-8.59626 37.0967 -32.2678 -0.387121 0.634903 -0.668607
-8.56615 35.923 -33.3793 -0.394365 0.620926 -0.677441
-8.59368 34.7428 -34.4332 -0.398439 0.616098 -0.679462
-8.56544 33.5415 -35.5387 -0.406352 0.61175 -0.678685
-8.57738 32.4181 -36.5351 -0.419552 0.599296 -0.681777
-8.4958 31.1943 -37.6608 -0.423066 0.597111 -0.681521
-8.8607 30.4394 -38.0906 -0.423836 0.591835 -0.685633
-9.86823 31.014 -36.9747 -0.4182 0.594509 -0.686781
-10.934 31.467 -35.9353 -0.413971 0.596382 -0.687717
-12.0896 31.8035 -34.9576 -0.411308 0.59119 -0.693773
-13.2267 32.1381 -33.9965 -0.412121 0.591237 -0.69325
-14.3797 32.4802 -33.0144 -0.415073 0.592109 -0.690739
-15.5643 32.7818 -32.0413 -0.416722 0.592982 -0.688995
-16.8005 32.9682 -31.1357 -0.420043 0.588698 -0.690651
-18.0423 33.0668 -30.2976 -0.420303 0.589512 -0.689797
-19.3268 33.0755 -29.4956 -0.429497 0.587641 -0.685719
-20.6386 33.0201 -28.7168 -0.436212 0.585423 -0.683373
-22.0224 32.9401 -27.9022 -0.439552 0.577783 -0.687714
-23.3627 32.8137 -27.1381 -0.449859 0.576807 -0.681851
-24.7738 32.541 -26.4355 -0.45263 0.574223 -0.682198
-26.1954 32.2172 -25.7521 -0.458123 0.573579 -0.679066
-26.0764 33.0563 -25.1153 -0.458194 0.581142 -0.672556
-25.1663 34.3389 -24.6223 -0.456543 0.58349 -0.671646
-24.3408 35.5128 -24.1607 -0.450442 0.587185 -0.672538
-23.5036 36.6959 -23.6586 -0.428093 0.600905 -0.675019
-22.5714 37.9339 -23.1258 -0.421832 0.614185 -0.666955
-21.6316 39.1104 -22.623 -0.417015 0.622635 -0.662136
-20.9557 39.9949 -22.2127 -0.41573 0.62679 -0.659017
-3.73579 65.1368 -3.83783 -0.410871 0.699598 -0.584385
-2.33838 65.0701 -4.63592 -0.267206 0.705003 -0.656941
-0.859118 65.0253 -5.05489 -0.0879407 0.709271 -0.699429
0.691057 65.0467 -5.08896 0.0519275 0.713648 -0.698577
2.15745 65.0845 -4.69568 0.260488 0.757176 -0.599025
3.55159 65.0936 -3.78214 0.44901 0.749094 -0.486131
4.46263 65.0833 -2.54868 0.616967 0.724473 -0.307394
5.01828 65.05 -0.98959 0.708305 0.691768 -0.140571
5.13335 65.0647 0.592791 0.701041 0.709327 0.0734707
4.71828 65.067 2.22364 0.658178 0.713141 0.241313
3.93968 65.1307 3.57209 0.548822 0.749566 0.370062
2.84 65.2307 4.58147 0.358414 0.784205 0.50652
1.42904 65.3017 5.14287 0.170498 0.770767 0.612928
-0.0673595 65.3315 5.29848 0.0154482 0.773741 0.633313
-1.56808 65.4 5.03042 -0.165833 0.765194 0.622061
-2.94284 65.4382 4.42264 -0.304872 0.752881 0.582983
-4.2235 65.5748 3.32851 -0.424915 0.763713 0.485814
-5.06755 65.6826 2.09134 -0.49547 0.804336 0.327952
-5.55008 65.6661 0.454619 -0.542105 0.840062 0.0166462
-5.47012 65.5162 -1.0654 -0.539925 0.811403 -0.222176
-4.93024 65.3295 -2.44807 -0.508954 0.756364 -0.410948
-3.95176 65.1552 -3.65697 -0.424783 0.696632 -0.578155
-3.94413 65.1544 -3.66357 -0.424786 0.696637 -0.578146
8.68317 61.0202 -4.57373 0.624724 0.76745 -0.144019
9.14916 60.8713 -3.12731 0.648517 0.752307 -0.116018
9.41143 60.7987 -1.60197 0.693164 0.718384 -0.0579552
9.5269 60.7694 -0.0893754 0.703005 0.710894 -0.0179655
9.44618 60.8113 1.61695 0.689067 0.724005 0.0316339
9.23357 60.9019 3.10385 0.668391 0.737414 0.0970858
8.99404 60.9129 4.36912 0.626388 0.767859 0.134178
10.0644 60.0891 3.57079 0.682236 0.726279 0.0839694
11.1269 59.1551 2.79962 0.680656 0.73117 0.0458028
12.2509 58.149 2.17338 0.676867 0.736007 0.0119833
13.3581 57.0839 1.65029 0.702946 0.711225 0.00439775
14.4763 56.0031 1.25517 0.689472 0.724272 0.00609435
15.6807 54.8741 1.04139 0.688703 0.724803 0.0181012
16.77 53.8263 0.952418 0.694009 0.719855 0.0126436
17.8937 52.7422 1.02707 0.694255 0.719699 0.00654592
18.9815 51.6809 1.17932 0.700582 0.713502 0.00995504
20.0941 50.5784 1.55726 0.703614 0.710447 0.0138867
21.2075 49.4646 1.97512 0.708301 0.705707 0.0169599
22.2358 48.3884 2.57615 0.724274 0.689155 0.0221369
23.2127 47.3188 3.1385 0.740417 0.671741 0.0233706
24.133 46.2716 3.69126 0.74575 0.665655 0.0275755
25.1368 45.1147 4.29646 0.750557 0.659019 0.0484045
26.0318 44.038 4.84053 0.756576 0.651897 0.0512253
27.025 42.8354 5.42699 0.759114 0.648826 0.052638
27.9936 41.6563 5.98521 0.759589 0.648304 0.0522225
28.9355 40.5035 6.51045 0.763986 0.642455 0.0598072
29.8243 39.375 7.01549 0.775943 0.627712 0.0623516
30.6772 38.2653 7.56178 0.777534 0.625646 0.063307
31.5659 37.1015 8.07621 0.78191 0.620741 0.0574145
32.4332 35.957 8.61421 0.783078 0.619225 0.0578765
33.3232 34.7651 9.13006 0.789682 0.610609 0.0596551
34.2299 33.5261 9.59716 0.799716 0.596885 0.0646079
35.0848 32.3151 10.056 0.803875 0.591062 0.0665636
35.1265 32.4168 8.64418 0.804119 0.590791 0.066021
35.0614 32.6734 6.96983 0.804182 0.59184 0.0549332
35.0791 32.7885 5.4576 0.803413 0.592982 0.0538549
35.1771 32.7899 3.92637 0.800928 0.596576 0.0511025
35.266 32.8061 2.36472 0.802069 0.595105 0.0503544
35.3629 32.8015 0.751145 0.802392 0.595252 0.0429083
35.4637 32.77 -0.857847 0.798613 0.600922 0.0333182
35.6381 32.6044 -2.39028 0.802956 0.595511 0.0250685
35.9218 32.2846 -3.84411 0.80117 0.597773 0.028123
36.2456 31.9231 -5.27654 0.800579 0.598528 0.0289398
36.5441 31.5971 -6.73551 0.801862 0.596812 0.0288741
36.8763 31.2248 -8.25703 0.801338 0.5973 0.032984
37.245 30.8166 -9.66874 0.800243 0.598644 0.0351615
37.6841 30.3033 -11.0111 0.802171 0.596149 0.0335749
37.9645 29.9866 -12.1481 0.801735 0.596822 0.0319988
37.0624 31.1625 -11.6361 0.797518 0.602539 0.0301625
36.1293 32.358 -11.0623 0.794488 0.606749 0.0254006
35.185 33.5525 -10.4804 0.785163 0.618879 0.0225423
34.2496 34.7166 -9.89515 0.78433 0.619921 0.0228989
33.2976 35.8837 -9.31697 0.776648 0.629531 0.0225681
32.3896 36.9791 -8.74672 0.773473 0.633662 0.0145838
31.472 38.0906 -8.18472 0.773276 0.634049 0.00507712
30.5209 39.2293 -7.58395 0.764535 0.64458 0.00110311
29.4457 40.4945 -7.00568 0.759246 0.650804 -0.000699923
28.5212 41.5669 -6.47571 0.754788 0.65596 -0.00342713
27.5466 42.6848 -5.83214 0.749904 0.66153 0.00125197
26.5961 43.7439 -5.2317 0.741739 0.670679 -0.003588
25.6555 44.7829 -4.66889 0.73729 0.675554 -0.00499131
24.6547 45.8679 -4.00944 0.732549 0.680714 0.000454235
23.7016 46.8688 -3.42619 0.720382 0.693552 -0.00541667
22.6937 47.9223 -2.81686 0.7182 0.695735 -0.0119148
21.706 48.9554 -2.26141 0.718939 0.694858 -0.0172677
20.6588 50.0464 -1.7958 0.711866 0.702178 -0.0138936
19.4743 51.2251 -1.35539 0.698107 0.715987 0.00319044
18.4059 52.2503 -1.1171 0.692454 0.721462 -6.12134e-05
17.3157 53.2995 -0.999125 0.691193 0.722507 -0.0153686
16.2112 54.3571 -0.987686 0.691809 0.721913 -0.015317
15.0613 55.4526 -1.12096 0.688324 0.725386 -0.00499872
13.9868 56.4593 -1.40804 0.681472 0.731554 -0.0206124
12.9253 57.4368 -1.83116 0.685935 0.7268 -0.0351765
11.7751 58.4852 -2.43613 0.690139 0.722069 -0.048213
10.7201 59.442 -3.1354 0.679158 0.730851 -0.0678379
9.71413 60.2627 -3.97075 0.662756 0.743372 -0.0902747
8.87403 60.8565 -4.6183 0.624724 0.76745 -0.144019
54.6285 4.33802 -34.4589 0.907228 0.419999 0.0232159
55.1303 3.20562 -33.5053 0.9062 0.422244 0.0226311
55.3203 2.84964 -34.5233 0.906702 0.42123 0.0213443
55.3651 2.82885 -36.053 0.907048 0.420557 0.0199075
55.3825 2.85808 -37.5609 0.906382 0.422077 0.0179478
55.4045 2.87322 -39.1413 0.905222 0.424652 0.0155977
55.446 2.83224 -40.7496 0.901586 0.432536 0.00661275
55.4264 2.8804 -42.4209 0.899189 0.437552 -0.00182056
55.4125 2.85997 -44.0148 0.894796 0.445964 -0.0213651
55.4037 2.79074 -45.523 0.887071 0.460407 -0.033228
55.3162 2.83079 -47.1186 0.878295 0.475791 -0.0471272
54.6582 3.94673 -47.9469 0.876837 0.476095 -0.0669105
54.5905 4.23625 -46.6443 0.883429 0.465892 -0.049978
54.6982 4.18951 -45.0122 0.887717 0.45841 -0.0426385
54.7632 4.18132 -43.4376 0.892873 0.449545 -0.0259431
54.8044 4.15762 -41.885 0.899408 0.437061 -0.0064455
54.8202 4.13413 -40.3226 0.902391 0.430916 0.00155933
54.8061 4.13688 -38.7114 0.905569 0.424072 0.0103485
54.7787 4.13904 -37.0947 0.907134 0.420498 0.0170196
54.7006 4.23521 -35.4707 0.907398 0.419749 0.0209778
54.6293 4.33772 -34.4865 0.907219 0.420037 0.0228742
14.5474 4.32066 -70.9452 -0.385843 0.517935 -0.763433
13.1991 4.30475 -70.2634 -0.395427 0.508635 -0.764802
11.7654 4.26254 -69.5328 -0.410058 0.498797 -0.76358
10.3844 4.24026 -68.8032 -0.413957 0.495385 -0.763698
8.83817 4.2468 -67.9639 -0.416565 0.483837 -0.769659
7.46071 4.25095 -67.206 -0.422613 0.47915 -0.769294
6.00448 4.19016 -66.4352 -0.429095 0.472861 -0.769597
4.66524 4.19605 -65.6814 -0.433442 0.469265 -0.769362
3.23445 4.37032 -64.7663 -0.437073 0.467002 -0.768685
2.04477 3.6585 -64.5205 -0.439387 0.467896 -0.766819
1.60353 2.75646 -64.8174 -0.439498 0.46807 -0.76665
2.92991 2.73239 -65.5893 -0.437383 0.467238 -0.768365
4.3483 2.76402 -66.3755 -0.435261 0.468891 -0.768563
5.81871 2.81724 -67.1741 -0.434088 0.470864 -0.76802
7.30057 2.77496 -68.0344 -0.43001 0.475945 -0.767182
8.69253 2.82524 -68.7792 -0.425536 0.483425 -0.764996
10.0564 2.74435 -69.5947 -0.422004 0.493901 -0.760246
11.3711 2.72977 -70.3259 -0.41672 0.499765 -0.759328
12.6841 2.7067 -71.0564 -0.411169 0.507905 -0.756949
13.8861 3.40433 -71.227 -0.397304 0.514654 -0.75979
14.5593 4.28005 -70.9792 -0.387873 0.522313 -0.759436
-11.4947 37.6605 -30.0806 -0.379829 0.636088 -0.671657
-12.9056 37.2491 -29.6582 -0.388594 0.625591 -0.676483
-14.2948 36.8358 -29.2309 -0.401263 0.618189 -0.675892
-15.7749 36.3746 -28.752 -0.411535 0.607576 -0.679331
-17.1913 35.9332 -28.2889 -0.411521 0.609967 -0.677193
-18.5245 35.5166 -27.8492 -0.416967 0.606233 -0.677215
-18.2885 39.849 -23.9938 -0.405076 0.634709 -0.658071
-16.909 40.2649 -24.4312 -0.399196 0.637029 -0.659421
-15.4878 40.6897 -24.8719 -0.388822 0.640739 -0.66202
-13.9961 41.1262 -25.3187 -0.382763 0.644735 -0.661671
-12.5825 41.5315 -25.7282 -0.371967 0.647586 -0.665036
-11.7259 41.7733 -25.9702 -0.366705 0.653837 -0.661834
-11.9237 45.7677 -21.817 -0.35428 0.673071 -0.649201
-13.3642 45.371 -21.4275 -0.365302 0.660711 -0.655756
-13.6122 45.3019 -21.359 -0.36586 0.660509 -0.655647
-14.1803 45.2184 21.9742 -0.389467 0.679476 0.621794
-12.7422 45.6511 22.3803 -0.378511 0.685945 0.621458
-11.8632 45.9128 22.6226 -0.372513 0.68662 0.624329
-11.6408 42.0054 26.9287 -0.385279 0.672222 0.632201
-13.05 41.5745 26.531 -0.386233 0.668253 0.635816
-14.5116 41.1174 26.0993 -0.399797 0.661586 0.634402
-15.9196 40.6678 25.6687 -0.407878 0.655996 0.635062
-17.3507 40.2015 25.2171 -0.421654 0.653635 0.628466
-18.7262 39.7355 24.7592 -0.43175 0.650233 0.625131
-18.9729 39.6518 24.676 -0.431116 0.649467 0.626364
-23.3537 33.9137 27.2738 -0.468443 0.616182 0.633151
-21.9489 34.4302 27.7923 -0.458048 0.622591 0.634485
-20.4903 34.9624 28.3231 -0.457262 0.624498 0.633177
-19.0809 35.4756 28.8286 -0.450199 0.631863 0.630928
-17.7262 35.9553 29.2954 -0.436014 0.641005 0.631668
-16.3633 36.4243 29.7474 -0.426067 0.648134 0.631181
-14.9885 36.8892 30.1908 -0.420659 0.652203 0.630617
-13.5717 37.3583 30.6336 -0.408183 0.659181 0.631559
-12.1459 37.8195 31.0639 -0.401782 0.664128 0.630481
-11.5248 38.0207 31.2482 -0.403547 0.663599 0.62991
-11.3576 33.9649 35.579 -0.423043 0.648136 0.633209
-12.7774 33.4706 35.116 -0.431318 0.640731 0.63516
-14.2294 32.9686 34.6413 -0.427874 0.635534 0.642667
-15.6143 32.4924 34.1915 -0.428045 0.632549 0.645491
-17.0996 31.9737 33.6944 -0.444253 0.625598 0.641301
-18.5459 31.4433 33.1829 -0.459971 0.617161 0.638388
-19.4343 31.1088 32.8619 -0.463922 0.615244 0.637379
-13.3431 29.0527 39.1418 -0.45021 0.626653 0.636095
-12.0005 29.5398 39.6094 -0.448452 0.628799 0.635219
-11.1712 29.8383 39.8969 -0.442909 0.632495 0.635438
24.4112 46.1067 0.414882 0.740582 0.671856 0.0121671
25.441 44.9662 0.390336 0.748435 0.663121 0.0107515
26.5361 43.7229 0.357128 0.752443 0.65821 0.0242827
27.536 42.5902 0.32001 0.749409 0.661238 0.0339322
28.5932 41.3967 0.277132 0.749344 0.661585 0.0280683
29.6136 40.2076 0.227899 0.769472 0.638204 0.024679
30.6733 38.9032 0.170219 0.777113 0.628796 0.026666
31.7215 37.5893 0.102431 0.78572 0.617909 0.0288474
32.6993 36.3363 0.0379943 0.791165 0.610566 0.0355975
33.4434 35.3736 -0.0176043 0.792319 0.608987 0.0369519
33.5013 35.2985 -0.0220901 0.792317 0.608989 0.0369476
