-30.137 28.0879 28.1471 -0.512484 0.58768 0.626093
-28.9366 28.1691 29.0515 -0.509806 0.591365 0.624807
-27.6689 28.2647 29.9909 -0.505519 0.595978 0.623907
-26.4504 28.3458 30.8822 -0.49009 0.598754 0.633487
-25.1784 28.3697 31.8369 -0.484912 0.601898 0.634491
-23.877 28.3062 32.8879 -0.479662 0.6044 0.636101
-22.701 28.1556 33.9093 -0.476381 0.603238 0.63966
-21.5701 27.9468 34.9451 -0.474163 0.603287 0.641259
-20.3762 27.6777 36.0812 -0.474071 0.603778 0.640866
-19.2177 27.4133 37.1684 -0.459464 0.606091 0.649267
-18.1226 27.0574 38.2773 -0.459841 0.609609 0.645695
-17.1487 26.618 39.3862 -0.45999 0.610407 0.644835
-16.1514 26.151 40.5468 -0.461354 0.613972 0.640461
-15.2274 25.6431 41.7004 -0.4591 0.615946 0.640186
-14.1909 25.0986 42.9567 -0.456703 0.613869 0.643885
-13.2667 24.519 44.1624 -0.459479 0.608676 0.646833
-12.3483 23.8975 45.4026 -0.466521 0.602343 0.64772
-11.4867 23.218 46.6564 -0.465947 0.603045 0.64748
-10.7173 22.518 47.8648 -0.470931 0.600766 0.64599
-9.98728 21.8628 49.008 -0.475656 0.594161 0.648632
-9.26885 21.19 50.1502 -0.475708 0.593683 0.649032
-8.43425 20.4452 51.4532 -0.483445 0.591608 0.645187
-8.40127 21.5751 50.4343 -0.477665 0.594722 0.646639
-8.41634 22.7062 49.3815 -0.475675 0.600582 0.642672
-8.45563 23.8155 48.3006 -0.472212 0.608148 0.6381
-8.48859 24.9244 47.2227 -0.46747 0.607668 0.642026
-8.49835 26.0177 46.1646 -0.46216 0.617586 0.636393
-8.53201 27.1233 45.0677 -0.460259 0.619475 0.635935
-8.51783 28.2926 43.9255 -0.457445 0.626736 0.63083
-8.52347 29.402 42.8065 -0.45176 0.633271 0.628393
-8.5816 30.5248 41.6389 -0.444687 0.633448 0.633243
-8.60362 31.5899 40.5511 -0.440881 0.638254 0.631075
-8.67941 32.7279 39.329 -0.435276 0.649871 0.623059
-8.68895 33.7833 38.221 -0.427798 0.6547 0.62318
-8.67853 34.8673 37.0739 -0.422002 0.665269 0.615899
-8.72529 35.9766 35.8549 -0.417788 0.66021 0.62416
-8.78113 37.0091 34.7307 -0.41012 0.661074 0.628317
-8.85595 38.0931 33.5194 -0.399589 0.675661 0.619525
-8.87361 39.1015 32.4056 -0.396895 0.677292 0.619475
-8.90537 40.1216 31.2748 -0.394379 0.675335 0.623207
-8.92217 41.1559 30.1327 -0.385743 0.682486 0.620819
-8.98503 42.2617 28.8735 -0.38008 0.682891 0.623859
-8.99533 43.3248 27.7079 -0.374674 0.68212 0.627958
-9.02612 44.4385 26.4748 -0.360379 0.688067 0.629832
-9.09495 45.4548 25.3138 -0.353361 0.69351 0.627837
-9.12502 46.6026 24.0289 -0.342 0.695102 0.632353
-9.17984 47.6457 22.8299 -0.3367 0.704048 0.625258
-9.22625 48.6605 21.6692 -0.335432 0.703315 0.626764
-9.17174 49.769 20.4357 -0.339511 0.711003 0.615798
-9.08844 50.8423 19.2453 -0.331031 0.71318 0.617894
-8.94493 51.9412 18.0534 -0.324558 0.714146 0.620208
-8.70673 53.0066 16.9503 -0.322609 0.714251 0.621103
-8.24093 54.1508 15.8829 -0.318911 0.71679 0.62004
-7.78577 55.2074 14.8818 -0.329024 0.723422 0.606962
-7.12347 56.2566 13.9804 -0.330817 0.733538 0.593702
-6.3718 57.2754 13.1493 -0.325103 0.728835 0.602584
-5.39005 58.4275 12.2763 -0.315099 0.72982 0.606692
-4.41725 59.4104 11.5885 -0.297421 0.728384 0.61725
-3.42091 60.3522 10.9386 -0.258812 0.733602 0.628367
-2.93969 61.081 10.2576 -0.241944 0.74789 0.618161
-4.44105 61.0829 9.61804 -0.284631 0.736679 0.613381
-5.82233 61.1071 8.89886 -0.324548 0.724825 0.607699
-7.10661 61.1906 8.04831 -0.35398 0.737717 0.574866
-7.61317 60.5319 8.58532 -0.352383 0.739099 0.574067
-7.67002 59.522 9.78912 -0.348476 0.718894 0.601461
-7.82652 58.4969 10.904 -0.3417 0.712993 0.612275
-8.08335 57.4209 12.0397 -0.336125 0.723756 0.602658
-8.50597 56.3207 13.1282 -0.3365 0.725244 0.600657
-9.02598 55.2787 14.0997 -0.339561 0.726243 0.59772
-9.59516 54.2318 15.0425 -0.33747 0.722954 0.602869
-10.3533 53.1322 15.9297 -0.331916 0.717645 0.612222
-11.1983 52.0057 16.7759 -0.345056 0.711374 0.612277
-12.1857 50.8807 17.5022 -0.353458 0.69948 0.621119
-13.1689 49.8092 18.1324 -0.365975 0.696279 0.61746
-14.1694 48.7423 18.7311 -0.372889 0.687749 0.62286
-15.1439 47.6952 19.2817 -0.38647 0.678 0.625266
-16.1157 46.6378 19.8162 -0.391669 0.674301 0.626029
-17.1105 45.5095 20.3939 -0.406404 0.66471 0.62688
-18.0819 44.3153 21.0114 -0.416296 0.660116 0.625256
-18.9873 43.2147 21.5658 -0.429799 0.661706 0.614344
-19.919 42.0875 22.1117 -0.440786 0.653956 0.614857
-20.9533 40.815 22.707 -0.447766 0.646274 0.617929
-21.8375 39.7096 23.2148 -0.456622 0.642066 0.615816
-22.818 38.5104 23.7231 -0.463086 0.636006 0.617291
-23.7349 37.2626 24.3072 -0.470735 0.627982 0.619715
-24.6094 36.0308 24.873 -0.47834 0.620433 0.621493
-25.4621 34.8613 25.373 -0.481564 0.614573 0.624814
-26.301 33.6892 25.8711 -0.491086 0.611603 0.620301
-27.1877 32.5103 26.3252 -0.495263 0.606928 0.621573
-28.0569 31.2643 26.8261 -0.50345 0.59307 0.628336
-28.8919 30.061 27.2942 -0.503746 0.594433 0.626809
-29.7131 28.82 27.8074 -0.508564 0.588597 0.628419
-30.0815 28.2311 28.0584 -0.512428 0.586973 0.626802
-34.3 29.3906 23.4475 -0.526144 0.584771 0.617426
-35.0875 28.1492 23.9409 -0.533541 0.578473 0.617011
-35.9239 26.8922 24.3746 -0.543993 0.568274 0.617362
-36.7114 25.6608 24.8121 -0.545439 0.567155 0.617115
-37.5089 24.3811 25.2704 -0.555761 0.557529 0.616678
-38.3119 23.0241 25.7702 -0.560146 0.554325 0.615597
-39.0517 21.7798 26.2082 -0.564208 0.550707 0.615134
-39.4004 20.7638 26.8006 -0.566749 0.552422 0.611248
-38.1487 21.1534 27.6044 -0.564274 0.554127 0.611995
-36.8923 21.561 28.3904 -0.562374 0.5571 0.611044
-35.6476 21.9511 29.1746 -0.554568 0.565537 0.610428
-34.3792 22.3708 29.918 -0.538918 0.577655 0.613092
-33.0903 22.7626 30.6732 -0.533315 0.582401 0.613502
-31.7272 23.0461 31.5756 -0.522804 0.586467 0.61865
-30.542 23.1144 32.5048 -0.518509 0.586633 0.622099
-29.3505 23.1746 33.4162 -0.504105 0.594132 0.626805
-28.0746 23.2665 34.353 -0.502578 0.599096 0.623297
-26.8636 23.2717 35.3117 -0.487802 0.599899 0.634169
-25.7079 23.1309 36.3313 -0.486465 0.599992 0.635107
-24.4885 22.9085 37.4754 -0.485726 0.600734 0.634971
-23.336 22.6844 38.5646 -0.479621 0.603776 0.636724
-22.2387 22.4517 39.6068 -0.47456 0.604664 0.639666
-21.1824 22.0256 40.7782 -0.469629 0.602233 0.645573
-20.2353 21.4859 41.9641 -0.46774 0.599064 0.649878
-19.2791 20.9736 43.1227 -0.467403 0.598569 0.650576
-18.3647 20.4961 44.2177 -0.468741 0.596449 0.651561
-17.404 19.9645 45.3896 -0.468289 0.591855 0.656059
-16.5943 19.3659 46.5074 -0.469367 0.59051 0.6565
-15.7801 18.6301 47.7515 -0.469045 0.59006 0.657135
-15.063 17.9154 48.8997 -0.47018 0.584729 0.661077
-14.2573 17.1826 50.1146 -0.470209 0.578739 0.666306
-13.5252 16.4669 51.2561 -0.47499 0.577063 0.664367
-12.7644 15.7691 52.411 -0.480343 0.574755 0.662516
-11.9817 15.015 53.63 -0.480673 0.57303 0.66377
-11.3389 14.1558 54.8341 -0.480163 0.569986 0.666753
-10.7166 13.2827 56.0184 -0.48276 0.563317 0.670534
-10.0837 12.4031 57.2093 -0.48349 0.558548 0.673989
-9.39313 11.6451 58.3296 -0.482801 0.556637 0.676061
-8.70447 10.8294 59.4921 -0.484216 0.554797 0.676561
-8.0211 9.97736 60.6733 -0.484875 0.549718 0.680225
-7.43896 9.04752 61.8401 -0.48496 0.548231 0.681364
-7.26153 7.95256 62.8432 -0.483259 0.546143 0.684243
-7.71849 6.55515 63.6357 -0.479944 0.546624 0.68619
-8.65597 5.37401 63.9248 -0.476652 0.548856 0.686702
-9.85137 4.44329 63.84 -0.476155 0.550139 0.68602
-11.1886 3.54591 63.6323 -0.475769 0.550313 0.686149
-12.3205 2.76497 63.4747 -0.475598 0.551918 0.684976
-11.0803 2.74917 64.3462 -0.475222 0.550206 0.686613
-9.77889 2.75296 65.2442 -0.475155 0.54934 0.687352
-8.48325 2.70916 66.1716 -0.474038 0.548401 0.688872
-7.07221 2.68533 67.1607 -0.473596 0.547681 0.689748
-5.80726 2.70941 68.0095 -0.473717 0.545079 0.691723
-4.48639 2.74805 68.8845 -0.475797 0.542151 0.692596
-3.17003 2.76155 69.7802 -0.47818 0.540067 0.692583
-1.87963 2.71809 70.7052 -0.479583 0.537394 0.693691
-0.590066 2.73505 71.5871 -0.48254 0.535886 0.692807
0.731102 2.76245 72.4892 -0.484671 0.534059 0.69273
1.95672 3.79334 72.5548 -0.486299 0.533374 0.692116
1.99483 4.5648 71.987 -0.48691 0.533429 0.691644
0.935721 4.97843 70.9202 -0.486715 0.535356 0.690291
-0.0323515 5.50201 69.8315 -0.485573 0.536298 0.690364
-0.901041 6.22029 68.6626 -0.48508 0.536678 0.690416
-1.54042 7.10594 67.5269 -0.485481 0.534943 0.69148
-2.09222 8.04765 66.4121 -0.486522 0.534345 0.69121
-2.51682 9.10555 65.2915 -0.491467 0.534034 0.687944
-2.78927 10.239 64.216 -0.492193 0.536572 0.685446
-2.82719 11.4721 63.2179 -0.496014 0.538911 0.68084
-2.83025 12.7416 62.205 -0.499209 0.541539 0.676406
-2.82628 14.0591 61.1448 -0.500432 0.546558 0.671448
-2.81962 15.3436 60.0964 -0.500678 0.551309 0.667368
-2.8159 16.5264 59.1139 -0.499776 0.557606 0.662797
-2.84294 17.7879 58.0199 -0.497557 0.56537 0.65787
-2.85262 18.9164 57.0296 -0.497755 0.571697 0.652229
-2.85119 20.0838 55.9994 -0.495779 0.577839 0.648309
-2.85669 21.2871 54.9154 -0.494102 0.582573 0.645347
-2.82991 22.4009 53.912 -0.490242 0.596112 0.635856
-2.84267 23.501 52.859 -0.488499 0.603644 0.630066
-2.83154 24.6564 51.7509 -0.485626 0.60981 0.626338
-2.85105 25.7585 50.657 -0.481092 0.615449 0.624318
-2.89457 26.8514 49.5362 -0.474262 0.623877 0.621171
-2.88962 28.0007 48.3788 -0.470434 0.626134 0.62181
-2.86975 29.1087 47.2638 -0.464538 0.636955 0.615218
-2.85307 30.1698 46.1712 -0.463919 0.639785 0.612743
-2.88586 31.1974 45.0632 -0.45625 0.648317 0.609523
-2.863 32.2526 43.9604 -0.449323 0.65146 0.611316
-2.88627 33.299 42.8137 -0.444836 0.659061 0.606432
-2.97093 34.3127 41.6449 -0.438004 0.664599 0.605355
-2.92698 35.3933 40.4815 -0.428997 0.668745 0.607242
-2.94145 36.3941 39.3616 -0.425103 0.674768 0.603303
-2.96404 37.4388 38.1668 -0.413667 0.684523 0.600256
-2.98405 38.4179 37.0168 -0.406016 0.694103 0.594451
-2.99873 39.4135 35.8429 -0.402321 0.695266 0.595602
-3.02921 40.3903 34.6855 -0.395036 0.697935 0.597356
-3.03033 41.3809 33.5254 -0.380154 0.704248 0.599585
-3.06169 42.3435 32.3735 -0.362775 0.713033 0.599981
-3.04854 43.3146 31.2267 -0.354564 0.716473 0.600791
-3.07905 44.3603 29.9642 -0.345905 0.71858 0.603318
-3.05989 45.3251 28.8082 -0.332138 0.728984 0.598554
-3.09854 46.3708 27.5134 -0.321259 0.727778 0.605914
-3.13675 47.3471 26.3255 -0.311554 0.729815 0.608526
-3.09552 48.351 25.1517 -0.302462 0.725527 0.618164
-3.15461 49.3438 23.9577 -0.295767 0.727407 0.619194
-3.14896 50.3279 22.8119 -0.29438 0.724127 0.623682
-3.14185 51.3544 21.6276 -0.292416 0.722038 0.627019
-3.04503 52.3906 20.466 -0.284033 0.73133 0.620066
-2.76872 53.5291 19.2407 -0.27923 0.734182 0.618876
-2.30871 54.5821 18.1993 -0.27061 0.734115 0.622772
-1.69653 55.601 17.2507 -0.264229 0.738383 0.620463
-0.894685 56.6199 16.3769 -0.260969 0.739007 0.621099
0.0893965 57.6298 15.5841 -0.260649 0.740034 0.620005
1.22038 58.5811 14.9137 -0.260022 0.745417 0.613794
2.56712 59.3678 14.485 -0.246074 0.775482 0.581424
3.8839 60.0593 14.0436 -0.186854 0.817601 0.544622
5.26922 60.6026 13.5423 -0.093753 0.868721 0.486348
6.56797 60.7971 12.8413 0.208152 0.930744 0.300646
7.88848 60.5978 12.112 0.318051 0.919571 0.23072
9.16571 60.1809 11.2378 0.504176 0.853949 0.128662
10.2741 59.5579 10.3398 0.590454 0.802302 0.0873456
11.3118 58.8225 9.39125 0.649768 0.757221 0.0664625
12.3381 57.9745 8.56752 0.669932 0.739082 0.0703498
13.4112 57.0527 7.90581 0.676109 0.733282 0.0719214
14.4991 56.0958 7.44584 0.675459 0.734006 0.0706386
15.6858 55.0334 7.1235 0.675728 0.734471 0.0628055
16.8117 54.0034 7.06288 0.677188 0.733559 0.0574633
17.9613 52.9216 7.23436 0.682504 0.728551 0.0583274
19.0558 51.8597 7.49819 0.695799 0.716023 0.0563435
20.0892 50.808 7.97237 0.700909 0.71056 0.061875
21.0721 49.7625 8.5841 0.713501 0.697756 0.0636543
22.0414 48.7104 9.1361 0.720475 0.690534 0.06386
23.0094 47.6308 9.66318 0.733727 0.675954 0.068676
24.0114 46.4672 10.289 0.741762 0.667659 0.0634053
24.9246 45.3814 10.8314 0.749633 0.658617 0.0653766
25.8347 44.2986 11.371 0.751079 0.65744 0.0604462
26.8337 43.1009 11.8991 0.755845 0.651733 0.0627892
27.7677 41.9594 12.4268 0.759858 0.646979 0.0634898
28.6896 40.8042 13.052 0.76705 0.637618 0.0712619
29.6491 39.5764 13.5634 0.774694 0.628201 0.0722068
30.517 38.4364 14.0849 0.781016 0.620226 0.0730317
31.4632 37.1735 14.6208 0.783955 0.616451 0.0735008
32.3834 35.9298 15.1579 0.7881 0.610819 0.0761491
33.2779 34.7075 15.6179 0.793445 0.603568 0.0784253
34.1828 33.427 16.1783 0.798837 0.595729 0.083464
35.0546 32.1674 16.6904 0.805762 0.586479 0.0824066
35.8856 30.9492 17.1641 0.810318 0.579883 0.0843675
36.6921 29.7381 17.6624 0.814474 0.573771 0.0861194
37.5215 28.4841 18.1055 0.81851 0.567767 0.0876446
38.3212 27.2597 18.5547 0.820936 0.564094 0.0886596
39.0931 26.0545 19.0079 0.824701 0.558326 0.0902243
39.9161 24.7572 19.4936 0.826236 0.556056 0.0902012
40.7679 23.4021 19.9797 0.829306 0.550806 0.0941482
41.547 22.1768 20.2464 0.830515 0.548081 0.0992534
41.3167 22.7705 18.8737 0.827607 0.552632 0.098304
41.0741 23.379 17.4528 0.826357 0.554894 0.0960529
40.808 24.0054 16.1126 0.826067 0.555576 0.0945941
40.5451 24.6372 14.653 0.824375 0.558884 0.0897456
40.2468 25.2948 13.2574 0.822133 0.56298 0.0845662
40.0368 25.8141 11.7742 0.821462 0.564961 0.077583
39.9624 26.1162 10.2971 0.820218 0.567445 0.072452
39.8572 26.4626 8.71875 0.820118 0.568216 0.0673594
39.7477 26.7936 7.22585 0.81888 0.570396 0.063904
39.71 27.0102 5.68267 0.817936 0.57258 0.0559624
39.7937 27.036 4.15549 0.816909 0.574302 0.053254
39.8957 27.038 2.56367 0.815421 0.576644 0.0507029
39.9996 27.0226 1.03012 0.813089 0.580262 0.0467242
40.1191 26.9856 -0.60362 0.812 0.581825 0.0462226
40.4002 26.7025 -2.09555 0.812892 0.581276 0.0363961
40.6992 26.3783 -3.60731 0.813106 0.580992 0.0361655
41.0003 26.0481 -5.10595 0.814978 0.578542 0.0331743
41.351 25.6349 -6.64471 0.816146 0.577101 0.0293279
41.7548 25.1378 -8.00092 0.81633 0.576566 0.0343059
42.2377 24.5278 -9.33425 0.820775 0.570306 0.0328621
42.7179 23.9163 -10.7124 0.821085 0.569754 0.0346354
43.1907 23.3267 -12.1323 0.823958 0.565398 0.0376678
43.6567 22.7305 -13.456 0.827491 0.560294 0.0364483
44.1755 22.0484 -14.703 0.829046 0.55754 0.042804
44.7421 21.2934 -15.8745 0.831191 0.554621 0.0389501
45.311 20.5212 -17.146 0.836028 0.547142 0.0411223
45.9021 19.7194 -18.4431 0.840513 0.53972 0.0473309
46.4436 18.9889 -19.698 0.843229 0.535158 0.0506883
47.0266 18.1895 -21.0737 0.847197 0.528915 0.0500702
47.6072 17.3757 -22.4014 0.852114 0.520861 0.0510404
48.1652 16.5682 -23.5534 0.85599 0.514549 0.0501945
48.6254 15.9161 -24.728 0.859991 0.507343 0.0549426
47.7732 17.2983 -24.3002 0.855164 0.515263 0.056552
46.9906 18.5296 -23.8129 0.850048 0.523398 0.0589337
46.1273 19.8533 -23.3317 0.843407 0.533726 0.0616408
45.3183 21.0503 -22.8424 0.835593 0.545962 0.0609057
44.4959 22.2464 -22.348 0.831666 0.551918 0.0609775
43.6612 23.4342 -21.8197 0.8255 0.561103 0.0609157
42.8268 24.6034 -21.3659 0.82194 0.566421 0.0598477
41.9103 25.8711 -20.862 0.817845 0.572142 0.0615086
41.0274 27.0629 -20.335 0.810869 0.581826 0.0630065
40.1246 28.2515 -19.7987 0.804074 0.592113 0.0535544
39.2641 29.3687 -19.2705 0.802553 0.594376 0.0512424
38.3218 30.5772 -18.7563 0.794682 0.605105 0.0482524
37.4204 31.7116 -18.2413 0.7906 0.610726 0.044336
36.4863 32.8736 -17.6806 0.785209 0.617962 0.0396217
35.5224 34.061 -17.1304 0.783052 0.620901 0.0362115
34.5526 35.2383 -16.554 0.774717 0.631361 0.0343544
33.5899 36.3712 -15.9861 0.76476 0.643744 0.0270781
32.6373 37.4689 -15.3931 0.758769 0.650957 0.0229109
31.6631 38.5861 -14.81 0.757583 0.652589 0.0139661
30.629 39.7646 -14.2128 0.752481 0.658514 0.0113977
29.6159 40.8993 -13.5881 0.744846 0.667167 0.00961881
28.6722 41.9335 -13.032 0.740038 0.672542 0.00550639
27.7032 42.9893 -12.4567 0.731626 0.68169 -0.00459763
26.6516 44.1165 -11.8629 0.724704 0.688934 -0.013035
25.6775 45.1507 -11.2974 0.721261 0.692382 -0.0197609
24.6985 46.1783 -10.7058 0.712289 0.701295 -0.0287348
23.6212 47.2965 -10.0591 0.706421 0.706885 -0.0356716
22.6165 48.3264 -9.46296 0.699261 0.713473 -0.0444577
21.5274 49.4251 -8.79059 0.69445 0.718057 -0.0461934
20.4782 50.4778 -8.19879 0.696102 0.716123 -0.0510805
19.3945 51.5583 -7.64427 0.68868 0.723276 -0.0509073
18.3094 52.5981 -7.29193 0.676956 0.733717 -0.0581641
17.209 53.6278 -7.08086 0.676453 0.734161 -0.0583595
16.0863 54.6546 -7.05583 0.673104 0.736863 -0.0629523
14.8853 55.7195 -7.30039 0.669135 0.739161 -0.0768037
13.7762 56.671 -7.72674 0.664284 0.743127 -0.0805537
12.6715 57.5744 -8.36821 0.653526 0.75133 -0.0916919
11.6284 58.3649 -9.1657 0.631467 0.769498 -0.0955062
10.6133 59.0476 -10.0973 0.581883 0.808298 -0.0898103
9.45069 59.6297 -11.0584 0.46634 0.869367 -0.162811
8.10284 60.0136 -11.969 0.353017 0.886311 -0.299021
6.82211 60.0956 -12.7624 0.139031 0.91387 -0.381166
5.47034 59.7734 -13.4794 -0.0815355 0.851834 -0.517289
4.0297 59.203 -14.0318 -0.174473 0.816561 -0.550066
2.6764 58.5641 -14.4572 -0.228503 0.785034 -0.575661
1.44245 57.8205 -14.9096 -0.260256 0.758284 -0.597723
0.291563 56.9585 -15.4671 -0.259271 0.742024 -0.618203
-0.736884 55.9715 -16.2126 -0.262622 0.73925 -0.620111
-1.54555 54.9997 -17.0296 -0.263539 0.740649 -0.61805
-2.27013 53.8969 -18.0369 -0.269928 0.738365 -0.618026
-2.73809 52.8743 -19.0441 -0.278586 0.732964 -0.620608
-3.04077 51.7272 -20.2556 -0.289464 0.728126 -0.621323
-3.10265 50.6763 -21.4551 -0.296168 0.724691 -0.62218
-3.12915 49.6821 -22.597 -0.299211 0.721062 -0.624933
-3.14495 48.6873 -23.7297 -0.302897 0.715714 -0.62929
-3.07858 47.695 -24.8845 -0.309565 0.710864 -0.631529
-3.11588 46.5714 -26.1151 -0.321878 0.702816 -0.634385
-3.08762 45.5706 -27.2349 -0.331128 0.697824 -0.635133
-3.07176 44.5496 -28.3549 -0.339109 0.691924 -0.637374
-3.07617 43.5125 -29.4756 -0.343827 0.688162 -0.638917
-3.01758 42.4652 -30.6304 -0.353712 0.680806 -0.641395
-2.98332 41.4419 -31.7276 -0.35835 0.674608 -0.645358
-3.00489 40.3558 -32.8383 -0.372526 0.664006 -0.648318
-3.04179 39.1819 -34.0119 -0.379722 0.657007 -0.65127
-3.0195 38.0721 -35.1276 -0.383079 0.645901 -0.660344
-2.9988 36.818 -36.3598 -0.393692 0.640952 -0.658924
-2.96347 35.6271 -37.5305 -0.400972 0.633882 -0.661374
-2.96875 34.5089 -38.5898 -0.406052 0.626963 -0.66486
-2.94666 33.4177 -39.6197 -0.415381 0.618733 -0.666804
-2.97333 32.1518 -40.7657 -0.423951 0.610831 -0.668694
-2.92956 30.9003 -41.912 -0.424633 0.599022 -0.678866
-2.95566 29.7087 -42.9465 -0.428321 0.59858 -0.676937
-2.9396 28.5525 -43.9588 -0.433593 0.585003 -0.685394
-2.9636 27.3981 -44.9264 -0.438051 0.582337 -0.684832
-2.97696 26.1312 -45.9859 -0.441823 0.574209 -0.689258
-2.95681 24.8333 -47.0705 -0.44531 0.568705 -0.691573
-2.9246 23.6679 -48.0413 -0.445808 0.564364 -0.694801
-2.90801 22.3038 -49.1511 -0.449579 0.558276 -0.697285
-2.91086 21.0483 -50.144 -0.44865 0.552639 -0.702356
-2.9303 19.831 -51.0844 -0.451371 0.549143 -0.703354
-2.92166 18.5898 -52.0364 -0.452411 0.535714 -0.712976
-2.90393 17.3817 -52.945 -0.452799 0.526784 -0.719351
-3.15986 16.4128 -53.4894 -0.451104 0.519134 -0.725951
-4.0196 17.2146 -52.3683 -0.448651 0.530006 -0.719588
-4.81525 17.9738 -51.3073 -0.446146 0.538133 -0.715099
-5.65819 18.7046 -50.2241 -0.44728 0.544821 -0.709303
-6.43647 19.525 -49.1011 -0.444205 0.548714 -0.708234
-7.27856 20.3678 -47.9166 -0.438302 0.555069 -0.706956
-8.00679 21.2022 -46.8139 -0.433712 0.558888 -0.70678
-8.7007 22.0046 -45.7466 -0.43463 0.563852 -0.702259
-9.47531 22.7698 -44.6522 -0.434555 0.564247 -0.701988
-10.4284 23.4116 -43.5461 -0.434299 0.565909 -0.700808
-11.3714 23.9974 -42.4873 -0.433242 0.568204 -0.699604
-12.3306 24.6262 -41.3892 -0.427293 0.568359 -0.703127
-13.3501 25.188 -40.3137 -0.427183 0.570497 -0.701461
-14.3692 25.7072 -39.2713 -0.424931 0.572255 -0.701397
-15.5006 26.1105 -38.2501 -0.427121 0.576299 -0.69674
-16.6493 26.4696 -37.2436 -0.431031 0.575404 -0.69507
-17.8159 26.7793 -36.2602 -0.433182 0.57533 -0.693793
-19.0079 27.0699 -35.2699 -0.438278 0.57305 -0.692478
-20.2824 27.2331 -34.319 -0.445492 0.570958 -0.689597
-21.5617 27.2208 -33.5007 -0.446311 0.571262 -0.688815
-22.8774 27.1967 -32.6666 -0.447456 0.56919 -0.689786
-24.3139 27.1671 -31.7461 -0.454612 0.564743 -0.688762
-25.6413 26.9266 -31.062 -0.463523 0.559699 -0.686938
-26.9795 26.6099 -30.4066 -0.470413 0.558509 -0.683213
-28.2903 26.3566 -29.7127 -0.471229 0.554593 -0.685835
-29.7767 26.0393 -28.9366 -0.478864 0.547886 -0.685937
-31.1505 25.6245 -28.3015 -0.485306 0.543752 -0.684698
-32.4799 25.1193 -27.7536 -0.490978 0.537326 -0.685727
-33.814 24.5745 -27.2201 -0.493775 0.532911 -0.687163
-35.1461 24.0628 -26.6517 -0.502122 0.52909 -0.684059
-36.4993 23.5015 -26.0856 -0.50651 0.525658 -0.683471
-37.9134 22.8852 -25.5042 -0.510933 0.520263 -0.684305
-37.2461 24.1533 -25.0331 -0.504709 0.524785 -0.685469
-36.4572 25.4974 -24.5814 -0.501841 0.527324 -0.685627
-35.6315 26.8729 -24.1153 -0.495306 0.535824 -0.683785
-34.8767 28.1123 -23.6841 -0.492648 0.540406 -0.682098
-34.1288 29.3584 -23.229 -0.488615 0.550733 -0.676719
-33.2904 30.709 -22.7092 -0.478066 0.565962 -0.67167
-32.4523 31.9712 -22.2342 -0.470462 0.572025 -0.671902
-31.6168 33.166 -21.7977 -0.469325 0.575025 -0.670135
-30.7351 34.4674 -21.2838 -0.457062 0.582825 -0.671871
-29.8756 35.645 -20.8366 -0.453711 0.590775 -0.667181
-28.9775 36.9463 -20.2794 -0.44804 0.598658 -0.66398
-28.139 38.1026 -19.8011 -0.45108 0.601713 -0.65914
-27.2615 39.3253 -19.2691 -0.44492 0.615861 -0.650197
-26.4075 40.4774 -18.7469 -0.438237 0.624547 -0.646443
-25.4728 41.6612 -18.2204 -0.433857 0.634599 -0.639564
-24.4934 42.8466 -17.6787 -0.427032 0.6477 -0.630974
-23.5769 43.9423 -17.1726 -0.425809 0.648199 -0.631287
-22.5726 45.1807 -16.5702 -0.420222 0.652828 -0.630257
-21.5602 46.3676 -15.9992 -0.420073 0.660216 -0.622618
-20.6053 47.4545 -15.4725 -0.408046 0.668344 -0.621944
-19.6489 48.5386 -14.9157 -0.396811 0.681349 -0.615065
-18.5654 49.6896 -14.3249 -0.387561 0.689004 -0.612429
-17.5431 50.7946 -13.7254 -0.385095 0.695941 -0.606108
-16.5284 51.9019 -13.0733 -0.379129 0.711042 -0.592183
-15.6705 52.9343 -12.3741 -0.368489 0.714163 -0.595112
-14.8956 53.9984 -11.555 -0.361331 0.719606 -0.592965
-14.285 55.0308 -10.6527 -0.358962 0.729786 -0.581858
-13.8605 56.0767 -9.60435 -0.362532 0.727562 -0.582429
-13.6242 57.1007 -8.46766 -0.365563 0.728402 -0.579477
-13.4785 58.1405 -7.25674 -0.361946 0.728489 -0.581634
-13.5628 59.0706 -6.04147 -0.351516 0.733939 -0.581167
-13.8072 59.9829 -4.70928 -0.35114 0.749451 -0.561269
-14.073 60.6912 -3.39839 -0.367314 0.818784 -0.441217
-14.2437 61.2553 -1.90334 -0.324974 0.908951 -0.261151
-14.3547 61.4917 -0.309706 -0.362658 0.930051 -0.0590189
-14.2859 61.4603 1.27612 -0.360272 0.924893 0.121536
-14.112 61.1326 2.87371 -0.319279 0.892916 0.316574
-13.8758 60.5658 4.25076 -0.31751 0.81336 0.487476
-13.6161 59.7712 5.60859 -0.347405 0.755481 0.55547
-13.4724 58.8831 6.87113 -0.371138 0.733557 0.569331
-13.5541 57.8336 8.16011 -0.377783 0.730204 0.569281
-13.7893 56.7918 9.34524 -0.374262 0.732841 0.568218
-14.228 55.7309 10.4227 -0.374299 0.731049 0.570497
-14.7871 54.6868 11.3928 -0.374682 0.729701 0.57197
-15.492 53.6447 12.2483 -0.380898 0.722315 0.577194
-16.3834 52.5239 13.02 -0.389545 0.706609 0.590727
-17.3446 51.483 13.6253 -0.394081 0.701053 0.594327
-18.3556 50.3721 14.236 -0.406692 0.685813 0.603541
-19.2937 49.3218 14.7732 -0.420559 0.670755 0.610906
-20.2268 48.2468 15.2873 -0.42767 0.665581 0.611638
-21.195 47.1246 15.8344 -0.431924 0.66801 0.605974
-22.1066 46.0236 16.3655 -0.449325 0.654457 0.608098
-23.0769 44.8233 16.9149 -0.461245 0.645673 0.608568
-23.9885 43.6365 17.4752 -0.464155 0.641737 0.610519
-24.9264 42.4382 18.0152 -0.467659 0.6395 0.610193
-25.8551 41.3052 18.4857 -0.47426 0.635981 0.608768
-26.7568 40.103 19.0271 -0.478991 0.631764 0.60946
-27.6414 38.9213 19.5496 -0.482526 0.627342 0.611236
-28.5206 37.742 20.057 -0.486874 0.61993 0.615336
-29.4196 36.46 20.629 -0.492139 0.615205 0.615891
-30.2725 35.2429 21.1503 -0.499747 0.609524 0.615413
-31.1672 34.0447 21.5901 -0.510144 0.601305 0.614967
-32.0367 32.798 22.0842 -0.513649 0.598279 0.615001
-32.8901 31.5589 22.5657 -0.518077 0.593409 0.616005
-33.6552 30.3671 23.065 -0.521032 0.589058 0.617686
-34.1658 29.5905 23.3721 -0.525193 0.585411 0.61763
-21.0691 40.1595 -22.5373 -0.409674 0.622116 -0.667184
-20.1469 41.3243 -22.0098 -0.408016 0.62657 -0.664028
-19.1884 42.4474 -21.5162 -0.397492 0.637695 -0.659807
-18.2409 43.5983 -20.9483 -0.396219 0.654128 -0.644304
-17.3119 44.6899 -20.4111 -0.394205 0.654036 -0.645631
-16.3797 45.759 -19.8882 -0.38354 0.663275 -0.642622
-15.4069 46.8246 -19.3471 -0.371721 0.677863 -0.634291
-14.4457 47.8561 -18.8061 -0.367869 0.680065 -0.63418
-13.3583 48.9586 -18.2415 -0.356855 0.684883 -0.635286
-12.3551 50.0922 -17.5521 -0.341617 0.699438 -0.627762
-11.3994 51.204 -16.8066 -0.33029 0.710931 -0.620874
-10.4668 52.3382 -15.9976 -0.327467 0.714628 -0.618119
-9.69155 53.4276 -15.1247 -0.318775 0.721553 -0.614608
-9.04005 54.4769 -14.2321 -0.317689 0.719955 -0.61704
-8.45415 55.6202 -13.1948 -0.315721 0.720788 -0.617078
-8.0701 56.6956 -12.1308 -0.312519 0.722725 -0.616442
-7.84517 57.7796 -10.9914 -0.319069 0.710399 -0.627318
-7.65412 58.8879 -9.82719 -0.322136 0.719107 -0.615723
-7.5863 59.8709 -8.68017 -0.337894 0.728072 -0.596436
-7.64925 60.8459 -7.46414 -0.338933 0.724921 -0.599675
-6.27434 60.7337 -8.35768 -0.322139 0.726959 -0.60643
-4.91112 60.6889 -9.08106 -0.283519 0.732087 -0.619408
-3.52107 60.6621 -9.68923 -0.245623 0.73168 -0.635843
-2.04569 60.7175 -10.1583 -0.214418 0.734909 -0.643376
-2.9099 59.9185 -10.7674 -0.237741 0.727635 -0.643449
-3.97631 59.0369 -11.3473 -0.255736 0.724098 -0.640532
-5.0479 58.0157 -12.0629 -0.271483 0.71956 -0.639164
-6.00945 56.9931 -12.795 -0.290495 0.721156 -0.628909
-6.7797 55.9698 -13.6157 -0.29813 0.725794 -0.619949
-7.51153 54.9341 -14.4657 -0.30454 0.722241 -0.620985
-8.09345 53.8454 -15.4462 -0.30912 0.721698 -0.619351
-8.5494 52.7562 -16.4859 -0.30984 0.720482 -0.620406
-8.84759 51.7067 -17.5467 -0.312982 0.71386 -0.626438
-9.04889 50.6372 -18.635 -0.314667 0.703795 -0.636912
-9.15947 49.5824 -19.7471 -0.31907 0.704411 -0.634032
-9.14367 48.5489 -20.9018 -0.323496 0.701121 -0.635434
-9.13445 47.3851 -22.1835 -0.329504 0.694416 -0.639697
-9.11909 46.2354 -23.4219 -0.338671 0.681079 -0.649163
-9.07924 45.1949 -24.5205 -0.341414 0.673303 -0.65582
-9.0427 44.129 -25.6345 -0.348265 0.673095 -0.652422
-8.99579 43.064 -26.7526 -0.350773 0.666563 -0.657763
-8.94976 41.8765 -27.9658 -0.361863 0.656999 -0.661368
-8.89644 40.8152 -29.0435 -0.366712 0.653364 -0.662296
-8.82975 39.6174 -30.2671 -0.372583 0.65263 -0.659739
-8.86681 38.5312 -31.3029 -0.38481 0.638977 -0.666048
-8.84113 37.4302 -32.3626 -0.385113 0.634106 -0.67052
-8.84296 36.2697 -33.4557 -0.384252 0.630805 -0.674118
-8.79936 35.064 -34.5897 -0.387209 0.622138 -0.680451
-8.73954 33.8247 -35.7512 -0.401215 0.610919 -0.682487
-8.70456 32.6682 -36.7921 -0.415852 0.599855 -0.68355
-8.70574 31.3934 -37.9088 -0.417183 0.597262 -0.685009
-8.72054 30.1837 -38.9498 -0.418745 0.594552 -0.686411
-9.26428 29.8129 -38.9393 -0.418237 0.593805 -0.687367
-10.2599 30.3317 -37.8852 -0.418855 0.592975 -0.687708
-11.3019 30.7558 -36.8893 -0.415385 0.590954 -0.691541
-12.4125 31.1209 -35.9168 -0.413368 0.58925 -0.694199
-13.5818 31.4515 -34.9374 -0.415583 0.589466 -0.692691
-14.7092 31.7664 -33.9908 -0.417104 0.590943 -0.690514
-15.9164 32.0897 -32.9842 -0.418891 0.589686 -0.690508
-17.1743 32.2838 -32.0498 -0.424077 0.582573 -0.693374
-18.5143 32.4052 -31.1313 -0.426452 0.578967 -0.694936
-19.7899 32.4175 -30.3242 -0.436815 0.577416 -0.68977
-21.1109 32.3736 -29.5133 -0.443465 0.574904 -0.687622
-22.4586 32.2924 -28.7116 -0.444423 0.573537 -0.688145
-23.8234 32.1574 -27.9372 -0.450489 0.572233 -0.68528
-25.1798 31.9184 -27.2402 -0.453449 0.571753 -0.683727
-26.6376 31.6056 -26.5259 -0.45921 0.570826 -0.680648
-26.8897 32.158 -25.8916 -0.458606 0.57294 -0.679276
-26.0277 33.3912 -25.4158 -0.455528 0.584213 -0.671704
-25.1901 34.5566 -24.9543 -0.451215 0.593542 -0.666418
-24.3565 35.7711 -24.4379 -0.449515 0.591836 -0.669079
-23.501 36.9433 -23.957 -0.438041 0.60421 -0.665619
-22.6683 38.0921 -23.4571 -0.42829 0.605543 -0.670735
-21.7319 39.3224 -22.9074 -0.413397 0.620754 -0.666158
-21.1914 40.0014 -22.609 -0.410695 0.620704 -0.667875
-4.25994 65.1408 -4.18688 -0.398894 0.709246 -0.581252
-5.35385 65.2776 -3.02597 -0.504335 0.750921 -0.426338
-6.07657 65.4065 -1.63757 -0.529078 0.80229 -0.276411
-6.40203 65.5481 -0.0380418 -0.523364 0.848013 -0.0834469
-6.13103 65.6177 1.52012 -0.526882 0.832198 0.171651
-5.49516 65.5642 2.91531 -0.518863 0.760723 0.388691
-4.39463 65.4453 4.19389 -0.423429 0.74775 0.511447
-3.08382 65.3378 5.1337 -0.294532 0.758621 0.581
-1.66281 65.2949 5.73562 -0.201361 0.761205 0.615461
-0.140855 65.2655 5.93862 0.0291374 0.772285 0.634607
1.52763 65.2575 5.73368 0.150009 0.780816 0.606212
3.02153 65.1813 5.11786 0.333865 0.784772 0.522175
4.22566 65.1303 4.12832 0.47238 0.780259 0.409943
5.09113 65.0739 2.86067 0.621303 0.72586 0.29504
5.55214 65.0564 1.43715 0.701715 0.698255 0.141516
5.70596 65.0328 -0.0963789 0.699696 0.714344 -0.0117898
5.47787 65.0164 -1.62077 0.680235 0.710634 -0.179665
4.88424 65.0315 -3.06563 0.61098 0.714935 -0.338949
3.92891 65.0792 -4.26992 0.47091 0.741408 -0.478073
2.51004 65.102 -5.18625 0.251039 0.768409 -0.588665
0.985759 65.0452 -5.61797 0.0553953 0.734601 -0.675701
-0.566906 64.9805 -5.66108 -0.0644424 0.722148 -0.688501
-2.04308 65.0171 -5.33545 -0.200892 0.697741 -0.687533
-3.50788 65.0803 -4.69675 -0.323709 0.70189 -0.634477
-4.18422 65.1355 -4.24529 -0.399109 0.708393 -0.582142
9.79079 60.749 -3.50031 0.661698 0.742832 -0.10165
10.834 59.8692 -2.80903 0.692298 0.718083 -0.0698366
11.8577 58.9304 -2.14106 0.691535 0.720906 -0.0454444
12.9385 57.9397 -1.57432 0.689211 0.723586 -0.0375854
14.0334 56.9173 -1.13622 0.684098 0.729207 -0.015916
15.1794 55.8444 -0.808616 0.685842 0.727725 -0.00608614
16.3054 54.7795 -0.665129 0.68903 0.724654 -0.0106558
17.4743 53.6639 -0.725811 0.691472 0.722343 -0.00931017
18.6456 52.5381 -0.933879 0.693391 0.720549 -0.00204529
19.7589 51.4661 -1.19496 0.698375 0.715683 0.0083611
20.878 50.3516 -1.56647 0.714581 0.699513 -0.00735917
21.9948 49.1896 -2.13445 0.721567 0.692242 -0.0119181
23.0165 48.1218 -2.71383 0.718468 0.695507 -0.00862091
24.0282 47.0696 -3.31737 0.717017 0.697052 -0.00178138
24.9946 46.0625 -3.95009 0.731542 0.681752 0.00777614
25.9485 45.0263 -4.56381 0.740125 0.672467 -0.00136332
26.9572 43.903 -5.1921 0.747338 0.66444 0.00208081
27.9075 42.8265 -5.729 0.753334 0.657638 0.000278734
28.8151 41.7832 -6.31887 0.755267 0.655416 -0.000779792
29.7358 40.7165 -6.90957 0.759214 0.650829 0.00386088
30.7425 39.5358 -7.49177 0.764162 0.645007 0.00464534
31.7155 38.3807 -8.10209 0.769469 0.638622 0.0089349
32.6323 37.2773 -8.65654 0.770934 0.636643 0.0186058
33.6495 36.061 -9.27299 0.773853 0.632941 0.0231346
34.5585 34.9529 -9.82587 0.783334 0.621186 0.022697
35.4621 33.8332 -10.416 0.784686 0.619488 0.0224292
36.3745 32.6774 -10.9418 0.794709 0.606536 0.0234698
37.2388 31.5678 -11.4915 0.795227 0.605616 0.0290056
38.1992 30.3203 -12.0841 0.802508 0.595595 0.0353319
39.062 29.171 -12.4592 0.80641 0.59027 0.0358294
38.7042 29.5844 -11.2276 0.806149 0.59067 0.0351154
38.2351 30.141 -9.76352 0.804018 0.593702 0.0327502
37.8538 30.5743 -8.37419 0.800678 0.598077 0.0349164
37.5163 30.9488 -6.92339 0.802076 0.596316 0.032888
37.1828 31.3121 -5.40105 0.802854 0.595253 0.0331493
36.8588 31.6672 -3.77452 0.804899 0.592692 0.0292204
36.6017 31.9449 -2.31054 0.804236 0.593642 0.0281536
36.421 32.1053 -0.709101 0.802179 0.595963 0.0365615
36.3082 32.1544 0.884306 0.800095 0.598598 0.0390805
36.2219 32.1533 2.44917 0.80045 0.597185 0.0514868
36.1017 32.184 3.94584 0.802868 0.593808 0.0528671
36.0314 32.1421 5.46542 0.80388 0.592247 0.0549571
36.0174 32.0201 6.97642 0.804029 0.592016 0.055269
36.0755 31.7897 8.52462 0.803589 0.591873 0.0626937
36.174 31.4888 10.0603 0.803821 0.591208 0.065914
35.4186 32.5205 10.009 0.803242 0.592163 0.0643775
34.531 33.774 9.5028 0.800096 0.596713 0.0614837
33.6288 35.0005 9.04383 0.790221 0.610117 0.0575159
32.7326 36.199 8.527 0.784547 0.617406 0.0573867
31.8161 37.4069 7.9918 0.782849 0.619633 0.0565968
30.8733 38.6439 7.42727 0.77811 0.625457 0.0578676
29.9406 39.8516 6.8406 0.77412 0.63011 0.0608148
29.0657 40.9609 6.25649 0.762744 0.644719 0.0505807
28.1049 42.1304 5.74918 0.760817 0.647108 0.0490774
27.1982 43.2308 5.2791 0.759668 0.648471 0.0488953
26.2658 44.3588 4.70681 0.755872 0.652787 0.0502685
25.2926 45.5136 4.09818 0.741975 0.669214 0.0403
24.2372 46.7075 3.45482 0.736869 0.675241 0.0327684
23.2417 47.8115 2.88995 0.732698 0.679949 0.0286499
22.1855 48.9627 2.24554 0.726625 0.686591 0.0246687
21.1631 50.0383 1.68353 0.708022 0.706042 0.0141065
20.1482 51.0517 1.23187 0.70278 0.711348 0.00918702
19.0918 52.0966 0.94099 0.699658 0.71444 0.00709356
18 53.16 0.750759 0.696264 0.717759 0.00608893
16.914 54.2073 0.672517 0.69359 0.720365 0.00198971
15.809 55.2602 0.767273 0.681494 0.731809 0.00132782
14.6658 56.33 0.953355 0.690224 0.72358 0.00475662
13.5605 57.3954 1.32796 0.697139 0.71692 0.00384948
12.4767 58.4423 1.79395 0.684034 0.729446 0.00249031
11.4168 59.4151 2.3937 0.689588 0.723161 0.0388265
10.3649 60.3803 3.02716 0.690381 0.721374 0.0545663
10.0753 60.711 2.21445 0.688613 0.72423 0.0352513
10.2018 60.6346 0.679139 0.699793 0.714279 0.00974926
10.181 60.6162 -0.958489 0.697221 0.716041 -0.0341685
10.0069 60.6744 -2.49702 0.675208 0.733802 -0.0748832
9.85063 60.7234 -3.30228 0.665569 0.739628 -0.0996938
55.0209 4.37825 -33.7831 0.906802 0.420839 0.0245957
55.502 3.29456 -32.8554 0.906008 0.422695 0.0218592
55.7008 2.91724 -33.7961 0.906455 0.421736 0.0218469
55.724 2.94769 -35.3612 0.907059 0.420472 0.0211412
55.769 2.92466 -36.8808 0.9071 0.420474 0.0192655
55.8103 2.90592 -38.5216 0.906515 0.421857 0.0163251
55.8187 2.93041 -40.0602 0.904733 0.425913 0.00747668
55.8309 2.92265 -41.7102 0.900669 0.434499 0.00252066
55.8233 2.92305 -43.2476 0.895077 0.4456 -0.015531
55.7931 2.90681 -44.7557 0.890802 0.453843 -0.0220571
55.7671 2.88321 -46.3562 0.886052 0.463104 -0.0211379
55.1983 3.92229 -47.282 0.883942 0.467146 -0.0205179
55.1309 4.12224 -45.9658 0.884499 0.465329 -0.0336378
55.2069 4.09036 -44.2877 0.891716 0.451774 -0.0272275
55.2392 4.11325 -42.762 0.895625 0.444222 -0.0228571
55.2973 4.02908 -41.205 0.900266 0.435309 -0.00517616
55.295 4.03388 -39.5471 0.904865 0.425635 0.00734224
55.2854 4.01006 -37.9106 0.906495 0.421936 0.0153973
55.1957 4.13751 -36.3638 0.907407 0.419802 0.0194557
55.0823 4.30471 -34.8224 0.907251 0.419989 0.0224722
55.0198 4.38193 -33.803 0.906801 0.42084 0.0245879
13.8171 4.20356 -71.1519 -0.397323 0.511644 -0.761808
12.4495 4.23788 -70.4089 -0.40962 0.500724 -0.762553
10.9673 4.17024 -69.6578 -0.410814 0.495856 -0.765088
9.55164 4.18366 -68.8884 -0.413222 0.487788 -0.768967
8.16402 4.14711 -68.1582 -0.420607 0.480719 -0.769414
6.75996 4.13782 -67.3917 -0.427353 0.474472 -0.769575
5.4282 4.1563 -66.6379 -0.43053 0.470119 -0.770475
4.05234 4.14722 -65.8703 -0.434172 0.467663 -0.769926
2.76983 4.35491 -65.0177 -0.438023 0.46644 -0.768486
1.47962 3.87675 -64.5692 -0.441074 0.467343 -0.766188
0.514782 2.89613 -64.6118 -0.440708 0.467478 -0.766316
1.87687 2.83027 -65.4341 -0.439449 0.466708 -0.767508
3.21952 2.86594 -66.1774 -0.43634 0.467116 -0.769032
4.55867 2.90919 -66.9093 -0.43493 0.468813 -0.768798
5.91214 2.89717 -67.6803 -0.433154 0.470639 -0.768685
7.32309 2.87881 -68.4832 -0.429158 0.475011 -0.768237
8.72779 2.88211 -69.2592 -0.423952 0.48251 -0.766452
10.1761 2.86352 -70.0753 -0.418443 0.492171 -0.76333
11.5744 2.81184 -70.8747 -0.418367 0.498969 -0.758946
12.9212 3.14517 -71.3879 -0.410347 0.508488 -0.757004
13.7282 4.0992 -71.1759 -0.39772 0.513069 -0.760644
-11.851 37.9391 -30.1691 -0.381454 0.631409 -0.675141
-13.2615 37.531 -29.75 -0.384174 0.62889 -0.675949
-14.6495 37.1229 -29.3256 -0.395367 0.618687 -0.678904
-16.1028 36.6752 -28.8571 -0.411877 0.61149 -0.675602
-17.5269 36.2334 -28.3906 -0.410674 0.612672 -0.675263
-18.9501 35.7905 -27.9198 -0.416849 0.609794 -0.674083
-20.3652 35.3405 -27.4362 -0.430524 0.602193 -0.672319
-21.7245 34.8981 -26.9547 -0.43378 0.59954 -0.672597
-21.7652 34.8849 -26.9402 -0.433667 0.59951 -0.672697
-18.098 40.3035 -24.2288 -0.405361 0.63481 -0.657798
-16.6588 40.7405 -24.6883 -0.401774 0.637629 -0.657272
-15.2056 41.1719 -25.1356 -0.387782 0.645738 -0.657759
-13.6692 41.6196 -25.5943 -0.380359 0.647231 -0.66062
-12.2019 42.0362 -26.016 -0.369669 0.650665 -0.66331
-11.9286 42.1128 -26.0923 -0.367795 0.652481 -0.662567
-12.1398 46.1164 -21.9162 -0.353974 0.677265 -0.644992
-13.3438 45.7853 -21.5909 -0.362017 0.668293 -0.649868
-14.1366 45.6758 22.1171 -0.384873 0.680432 0.623607
-12.5544 46.1485 22.5619 -0.376196 0.685988 0.622813
-12.2835 46.2289 22.6367 -0.373508 0.68543 0.625042
-12.0129 42.325 26.9698 -0.381245 0.670293 0.636679
-13.4667 41.883 26.557 -0.390523 0.665338 0.636252
-15.0226 41.3937 26.0938 -0.402662 0.659724 0.634529
-16.4098 40.949 25.6661 -0.409256 0.655791 0.634387
-17.8633 40.4721 25.2002 -0.428841 0.651234 0.626091
-18.5413 40.2421 24.9739 -0.430326 0.651082 0.62523
-23.1676 34.4327 27.5187 -0.465221 0.619359 0.632427
-21.8248 34.9216 28.0125 -0.459333 0.621011 0.635105
-20.4685 35.4139 28.5054 -0.455735 0.626989 0.631815
-18.9944 35.9469 29.0312 -0.446661 0.635785 0.629501
-17.6035 36.4328 29.506 -0.435705 0.643374 0.62947
-16.1783 36.9182 29.9752 -0.425003 0.649183 0.63082
-14.7319 37.4045 30.441 -0.417102 0.652696 0.632466
-13.2966 37.8729 30.8842 -0.404962 0.663436 0.629173
-11.8667 38.3339 31.3124 -0.402766 0.66431 0.62966
-11.8226 38.3481 31.3257 -0.403306 0.664205 0.629426
-11.7194 34.2586 35.6536 -0.429931 0.645182 0.631585
-13.145 33.7622 35.1888 -0.430177 0.641457 0.635201
-14.5169 33.2912 34.7427 -0.426886 0.634466 0.644377
-16.0246 32.778 34.2512 -0.428295 0.629759 0.648048
-17.376 32.3032 33.7935 -0.446433 0.625583 0.639799
-18.8319 31.7688 33.2789 -0.458876 0.61482 0.641428
-20.1599 31.2698 32.7911 -0.464807 0.614438 0.637511
-21.5011 30.7663 32.2981 -0.465357 0.614305 0.637239
-21.6188 30.722 32.2549 -0.46574 0.614231 0.637029
-14.8976 28.8896 38.8117 -0.449562 0.621653 0.641438
-13.4368 29.42 39.3217 -0.450467 0.624297 0.638227
-12.0791 29.911 39.7935 -0.448613 0.627659 0.636232
-11.4374 30.1428 40.0149 -0.446305 0.630407 0.635138
24.9654 46.0429 0.42489 0.735643 0.677327 0.00758108
26.0354 44.8604 0.398168 0.747399 0.664312 0.00919203
27.0817 43.6724 0.364851 0.754294 0.656264 0.0189177
28.1497 42.4442 0.321397 0.753301 0.657136 0.026648
29.1751 41.2542 0.273857 0.760337 0.648505 0.0364481
30.1571 40.1091 0.222463 0.762163 0.64646 0.0346081
31.1553 38.8972 0.164799 0.779624 0.62574 0.025198
32.1127 37.689 0.10098 0.787524 0.615805 0.0242885
33.1123 36.4017 0.0342006 0.791974 0.609833 0.0296763
34.1144 35.1015 -0.0397835 0.79348 0.607639 0.0341238
34.3398 34.8083 -0.057828 0.79331 0.607835 0.0345822
34.4331 34.6868 -0.0651943 0.793433 0.607669 0.034677
