-31.4291 26.8112 29.5412 -0.512605 0.588221 0.625486
-30.2201 26.813 30.5289 -0.51217 0.588227 0.625835
-28.9856 26.8775 31.4767 -0.510805 0.588719 0.626489
-27.7088 26.9059 32.4755 -0.502073 0.585305 0.636658
-26.5042 26.8814 33.4262 -0.492381 0.586418 0.643176
-25.2988 26.8375 34.388 -0.491732 0.586671 0.643442
-24.0958 26.7052 35.42 -0.483701 0.591049 0.645519
-22.9553 26.5093 36.4517 -0.481601 0.592816 0.645468
-21.8194 26.2962 37.4973 -0.482929 0.592315 0.644936
-20.6712 26.0218 38.608 -0.477934 0.59903 0.642451
-19.5241 25.6737 39.7607 -0.468121 0.597668 0.650888
-18.5177 25.2899 40.846 -0.472329 0.603005 0.642877
-17.52 24.8471 41.9945 -0.472022 0.603432 0.642701
-16.59 24.3601 43.1347 -0.472123 0.603401 0.642656
-15.6405 23.9244 44.2363 -0.469387 0.601686 0.646258
-14.6597 23.3816 45.4347 -0.465268 0.595296 0.655095
-13.7887 22.8524 46.5368 -0.46826 0.596877 0.651514
-12.8978 22.2685 47.7179 -0.473184 0.595168 0.649517
-12.0687 21.6584 48.8692 -0.472667 0.589782 0.654785
-11.2643 20.9895 50.0646 -0.478269 0.590315 0.650221
-10.5341 20.286 51.2385 -0.477845 0.588303 0.652353
-9.84742 19.5681 52.3789 -0.481086 0.582367 0.655291
-9.11645 18.815 53.5911 -0.485874 0.579667 0.65415
-8.85049 19.6618 53.0362 -0.485847 0.582382 0.651755
-8.88344 20.8309 51.9637 -0.484479 0.586786 0.648816
-8.92256 21.95 50.9069 -0.477548 0.595212 0.646274
-8.92573 23.0709 49.8713 -0.472607 0.603183 0.642506
-8.98876 24.2115 48.7473 -0.469633 0.607321 0.640786
-8.96729 25.4004 47.6391 -0.466665 0.607391 0.642884
-8.99564 26.5175 46.5464 -0.461706 0.618627 0.635711
-9.01529 27.6075 45.4717 -0.459974 0.620312 0.635321
-9.05026 28.7769 44.2895 -0.456542 0.629385 0.628844
-9.06398 29.8486 43.2002 -0.450426 0.634667 0.627944
-9.04687 30.9277 42.1195 -0.44485 0.636267 0.630295
-9.07429 32.1092 40.9072 -0.442525 0.639065 0.6291
-9.11347 33.2277 39.7372 -0.437031 0.644852 0.627032
-9.11849 34.2715 38.6532 -0.429302 0.654815 0.622015
-9.18139 35.3288 37.4951 -0.420419 0.658159 0.624559
-9.20945 36.4243 36.3157 -0.417017 0.664337 0.620285
-9.19854 37.5533 35.1042 -0.415704 0.6675 0.617765
-9.24044 38.5668 33.9961 -0.40786 0.6674 0.623079
-9.3257 39.5941 32.828 -0.400114 0.678742 0.615806
-9.38647 40.6068 31.6776 -0.392015 0.676011 0.623966
-9.43291 41.606 30.5595 -0.385627 0.681486 0.621988
-9.50459 42.703 29.3051 -0.375731 0.685011 0.624162
-9.51544 43.8451 28.0533 -0.371707 0.68332 0.628417
-9.5448 44.856 26.9263 -0.361567 0.692116 0.624697
-9.56353 45.9142 25.7425 -0.352156 0.696181 0.625554
-9.67162 46.9305 24.5501 -0.349676 0.698013 0.624903
-9.71475 47.9905 23.3401 -0.34581 0.699352 0.625556
-9.70993 49.0164 22.2015 -0.340267 0.701382 0.626324
-9.71966 50.0403 21.0386 -0.343145 0.705604 0.619979
-9.71931 51.0545 19.8795 -0.336931 0.710894 0.617339
-9.64797 52.1788 18.6305 -0.330878 0.712445 0.618815
-9.4548 53.2642 17.4772 -0.32383 0.717665 0.616515
-9.10379 54.3106 16.4463 -0.329475 0.716739 0.614599
-8.655 55.3881 15.4076 -0.32571 0.726059 0.6056
-8.10978 56.4867 14.3827 -0.329734 0.726172 0.603281
-7.52722 57.4006 13.6018 -0.327077 0.72652 0.604309
-6.79682 58.4261 12.7604 -0.312064 0.723557 0.615696
-5.89626 59.4575 11.9947 -0.304355 0.723192 0.619969
-4.981 60.4712 11.2728 -0.294085 0.719861 0.628741
-6.27141 60.6076 10.4799 -0.319786 0.721573 0.614059
-7.23933 60.1442 10.5133 -0.335441 0.717157 0.610872
-7.44233 59.0549 11.6837 -0.323133 0.717911 0.616594
-7.7193 57.9612 12.8272 -0.329631 0.723243 0.606847
-8.16001 56.9168 13.8386 -0.332473 0.725669 0.602384
-8.62395 55.9562 14.7399 -0.330036 0.72593 0.603409
-9.34046 54.8504 15.6801 -0.32828 0.725686 0.604659
-10.1579 53.8157 16.4617 -0.327913 0.718425 0.613461
-10.955 52.7916 17.2255 -0.337743 0.71377 0.613555
-11.8645 51.7567 17.9042 -0.349153 0.700963 0.621886
-12.7988 50.7413 18.5102 -0.357203 0.69557 0.623364
-13.7763 49.6809 19.1226 -0.36381 0.690531 0.625147
-14.8155 48.6197 19.6805 -0.373372 0.684147 0.626527
-15.8105 47.5242 20.2654 -0.388517 0.678767 0.623162
-16.8421 46.3815 20.8615 -0.395151 0.674028 0.624132
-17.8319 45.1871 21.492 -0.415696 0.6618 0.623873
-18.7922 44.0295 22.0795 -0.417676 0.663946 0.62026
-19.7415 42.918 22.613 -0.438906 0.651449 0.618844
-20.6814 41.7519 23.1717 -0.438544 0.649481 0.621171
-21.5642 40.6388 23.7009 -0.448293 0.643694 0.620235
-22.5647 39.41 24.2402 -0.458998 0.637812 0.618479
-23.4954 38.2369 24.7495 -0.461621 0.632501 0.621972
-24.3578 37.0887 25.2616 -0.472255 0.623827 0.622747
-25.3057 35.8444 25.7742 -0.481694 0.615619 0.623685
-26.1893 34.6275 26.2906 -0.48504 0.612684 0.623983
-27.0338 33.3893 26.846 -0.493327 0.609264 0.620826
-27.8583 32.1713 27.3751 -0.498471 0.598395 0.627256
-28.7289 30.8984 27.8865 -0.502563 0.594071 0.628101
-29.5684 29.6767 28.3688 -0.504166 0.592336 0.628454
-30.401 28.4867 28.8079 -0.512041 0.586805 0.627275
-31.189 27.2861 29.2917 -0.511954 0.588128 0.626105
-31.395 26.9507 29.4379 -0.512757 0.588317 0.625271
-35.9158 28.0077 24.6013 -0.541458 0.573706 0.61456
-35.0907 29.3411 24.0722 -0.535537 0.579664 0.614157
-34.2871 30.5327 23.6349 -0.525618 0.588172 0.614635
-33.3649 31.8743 23.1319 -0.520978 0.591315 0.615572
-32.5605 33.0814 22.6451 -0.515096 0.595821 0.616177
-31.7119 34.3289 22.1304 -0.508396 0.604077 0.613698
-30.8958 35.5443 21.6058 -0.50451 0.608408 0.612625
-29.9901 36.8036 21.0868 -0.49551 0.614803 0.613586
-29.0411 38.1069 20.5336 -0.488225 0.620191 0.614001
-28.1482 39.2687 20.0566 -0.483455 0.628334 0.609482
-27.273 40.4248 19.553 -0.480373 0.631958 0.60817
-26.3617 41.6037 19.044 -0.477674 0.634172 0.607991
-25.4623 42.7572 18.5298 -0.469047 0.640245 0.608343
-24.547 43.907 18.0213 -0.464724 0.64337 0.608364
-23.6253 45.1057 17.4511 -0.460874 0.648315 0.606038
-22.7267 46.2161 16.9373 -0.453492 0.653797 0.605713
-21.7731 47.3648 16.3896 -0.441917 0.664454 0.602669
-20.8643 48.4524 15.8509 -0.437232 0.665158 0.605303
-19.8994 49.5629 15.3286 -0.434542 0.664349 0.608124
-18.9111 50.7163 14.7479 -0.423419 0.681955 0.596366
-17.9312 51.7793 14.1907 -0.403327 0.699689 0.589714
-16.9441 52.7898 13.6326 -0.389793 0.710238 0.586194
-16.0358 53.8147 12.9905 -0.38565 0.712255 0.586487
-15.1769 54.9257 12.1589 -0.371279 0.728091 0.576222
-14.4586 55.9675 11.2972 -0.370785 0.731374 0.572371
-13.9045 57.0359 10.2869 -0.368441 0.735272 0.568881
-13.5245 58.1227 9.13367 -0.372345 0.732776 0.569559
-13.3257 59.1414 7.95789 -0.374129 0.730101 0.571821
-13.3203 60.1132 6.71083 -0.357009 0.739575 0.570586
-13.477 60.9681 5.48033 -0.343999 0.76018 0.551173
-13.799 61.8333 4.01194 -0.321229 0.806917 0.495679
-14.0174 62.4232 2.6373 -0.284702 0.906925 0.310534
-14.1064 62.7646 1.10546 -0.275738 0.957202 0.0853616
-14.1177 62.7523 -0.48563 -0.305786 0.947743 -0.0909842
-14.056 62.4241 -1.95929 -0.327976 0.886185 -0.326486
-13.8576 61.7753 -3.49757 -0.316395 0.824048 -0.469935
-13.5732 60.9921 -4.87996 -0.325659 0.759364 -0.563233
-13.3185 60.1055 -6.15332 -0.340404 0.736253 -0.584856
-13.2523 59.1193 -7.43563 -0.355133 0.732135 -0.581254
-13.3749 58.1387 -8.60196 -0.359771 0.731682 -0.57897
-13.7215 57.067 -9.7392 -0.359915 0.731801 -0.57873
-14.1937 56.0088 -10.7868 -0.361693 0.733101 -0.575955
-14.8096 54.951 -11.7325 -0.365915 0.726941 -0.581086
-15.5654 53.8865 -12.5818 -0.372119 0.714747 -0.59217
-16.4396 52.8597 -13.2673 -0.374637 0.709575 -0.596784
-17.4482 51.7985 -13.8944 -0.378462 0.708029 -0.596206
-18.4922 50.716 -14.4572 -0.400043 0.683602 -0.610454
-19.4807 49.61 -15.0391 -0.394149 0.680255 -0.61798
-20.443 48.5565 -15.5748 -0.401061 0.678032 -0.615972
-21.4053 47.4774 -16.1259 -0.413683 0.670321 -0.616065
-22.3886 46.3263 -16.6982 -0.419527 0.65924 -0.624019
-23.2903 45.2284 -17.2397 -0.425488 0.651965 -0.627615
-24.337 43.9747 -17.8234 -0.428246 0.647178 -0.630687
-25.2543 42.8767 -18.3233 -0.424396 0.644834 -0.635671
-26.2559 41.6499 -18.8805 -0.430369 0.634039 -0.642477
-27.1469 40.4981 -19.3955 -0.440723 0.618385 -0.650662
-27.9971 39.3411 -19.9029 -0.443402 0.610288 -0.656463
-28.8316 38.182 -20.411 -0.444619 0.604394 -0.661075
-29.6894 37.0002 -20.9037 -0.449466 0.59819 -0.663437
-30.5806 35.7944 -21.3743 -0.453988 0.591221 -0.666598
-31.4249 34.5708 -21.8687 -0.461635 0.581375 -0.669997
-32.3158 33.2335 -22.4056 -0.467073 0.573956 -0.672619
-33.1591 31.9488 -22.906 -0.471065 0.564376 -0.67792
-34.0147 30.6257 -23.3979 -0.476709 0.553899 -0.682601
-34.8009 29.3708 -23.8532 -0.483077 0.546068 -0.684432
-35.6244 28.0986 -24.2828 -0.486058 0.541929 -0.685609
-36.3657 26.8565 -24.7283 -0.49401 0.535951 -0.684622
-37.0617 25.5971 -25.1944 -0.504613 0.525377 -0.685086
-37.8756 24.2221 -25.6433 -0.50707 0.521608 -0.686152
-38.6269 22.9348 -26.0541 -0.513556 0.513491 -0.68745
-39.3383 21.664 -26.4678 -0.516532 0.509398 -0.688265
-38.1408 22.0178 -27.1049 -0.516796 0.512671 -0.685631
-36.6849 22.5719 -27.7756 -0.50931 0.518893 -0.686551
-35.2566 23.1085 -28.4189 -0.503532 0.524226 -0.686762
-33.8486 23.6581 -29.0192 -0.494637 0.535654 -0.684405
-32.4481 24.2192 -29.5874 -0.490354 0.539904 -0.684144
-30.9865 24.6187 -30.3057 -0.482969 0.543852 -0.686269
-29.6546 24.9002 -31.0146 -0.47866 0.546092 -0.687509
-28.2688 25.1793 -31.7542 -0.476723 0.547447 -0.687776
-26.7809 25.5053 -32.5126 -0.464837 0.55554 -0.689422
-25.4014 25.6324 -33.3331 -0.46073 0.558535 -0.689758
-24.0983 25.6546 -34.1827 -0.460158 0.559371 -0.689463
-22.6632 25.6672 -35.1301 -0.459604 0.558594 -0.690462
-21.3989 25.6844 -35.9434 -0.449958 0.561345 -0.69457
-20.1423 25.5634 -36.8512 -0.446941 0.561769 -0.696175
-19.0281 25.2562 -37.8074 -0.443427 0.558764 -0.700825
-17.8917 24.9629 -38.7589 -0.440092 0.560968 -0.701166
-16.669 24.6454 -39.7722 -0.431944 0.561976 -0.705413
-15.5379 24.3048 -40.736 -0.431697 0.56225 -0.705346
-14.4447 23.8502 -41.7707 -0.434513 0.562136 -0.703706
-13.4373 23.288 -42.841 -0.433915 0.56265 -0.703664
-12.471 22.6856 -43.9223 -0.439123 0.56069 -0.701996
-11.5569 22.0807 -44.9767 -0.439379 0.559687 -0.702636
-10.6029 21.459 -46.0696 -0.440628 0.559669 -0.701867
-9.73008 20.7339 -47.1947 -0.438756 0.558498 -0.703969
-8.95287 19.985 -48.2626 -0.43669 0.552738 -0.709776
-8.14716 19.1804 -49.3826 -0.44352 0.543618 -0.712576
-7.3405 18.4157 -50.4622 -0.446367 0.537895 -0.71514
-6.58072 17.6506 -51.5098 -0.445394 0.534849 -0.718023
-5.78345 16.8998 -52.5573 -0.448429 0.529086 -0.720402
-4.93909 16.1919 -53.5995 -0.449074 0.524619 -0.723261
-4.06294 15.4564 -54.6708 -0.449675 0.517083 -0.728298
-3.23692 14.8021 -55.6461 -0.45286 0.513453 -0.728892
-3.07102 16.0045 -54.8964 -0.450873 0.519412 -0.725896
-3.07485 17.2983 -53.9576 -0.453597 0.525801 -0.719571
-3.09377 18.512 -53.0531 -0.453865 0.53102 -0.715558
-3.05543 19.8514 -52.0768 -0.452641 0.537196 -0.711714
-3.05843 21.2238 -51.0162 -0.452681 0.546566 -0.704517
-3.06337 22.4154 -50.0782 -0.449652 0.554792 -0.700014
-3.07187 23.6623 -49.0735 -0.447584 0.562156 -0.695449
-3.12507 24.9732 -47.9712 -0.446426 0.566715 -0.692486
-3.11148 26.1553 -47.0053 -0.443486 0.571117 -0.690757
-3.08604 27.4277 -45.9545 -0.439938 0.581608 -0.684242
-3.07164 28.6251 -44.9419 -0.437285 0.584317 -0.683634
-3.12669 29.8433 -43.8599 -0.430891 0.59194 -0.681131
-3.09698 31.0167 -42.8455 -0.426321 0.599489 -0.677395
-3.13296 32.1353 -41.8285 -0.424261 0.606547 -0.672386
-3.12605 33.2947 -40.7751 -0.422442 0.613025 -0.667639
-3.11634 34.4851 -39.6806 -0.410169 0.622262 -0.666747
-3.14473 35.6394 -38.5778 -0.402271 0.63108 -0.663262
-3.147 36.7375 -37.5216 -0.399902 0.638691 -0.657383
-3.15082 37.9102 -36.3748 -0.389765 0.642138 -0.660102
-3.16053 39.0905 -35.2107 -0.384206 0.650452 -0.655208
-3.21105 40.2203 -34.0496 -0.377212 0.659118 -0.650585
-3.19813 41.3282 -32.9229 -0.369233 0.666624 -0.647518
-3.20274 42.3921 -31.8143 -0.359415 0.674886 -0.644476
-3.23463 43.4236 -30.7026 -0.351794 0.685308 -0.637647
-3.2652 44.5399 -29.4781 -0.34367 0.691388 -0.635511
-3.28111 45.5865 -28.3254 -0.334241 0.696701 -0.634737
-3.24869 46.6581 -27.1587 -0.325949 0.703341 -0.631719
-3.27529 47.6913 -25.9933 -0.31449 0.705792 -0.634786
-3.3107 48.7439 -24.7912 -0.30553 0.714391 -0.629521
-3.27878 49.8022 -23.6015 -0.300176 0.718182 -0.627781
-3.27985 50.8623 -22.3803 -0.297562 0.72322 -0.623224
-3.26867 51.9089 -21.166 -0.288836 0.727044 -0.622882
-3.13109 52.9445 -20.0091 -0.282575 0.73297 -0.618794
-2.79473 54.0263 -18.8691 -0.277433 0.737732 -0.615451
-2.35598 55.0549 -17.8253 -0.270157 0.742258 -0.613244
-1.63133 56.1378 -16.8365 -0.267144 0.739776 -0.617548
-0.797535 57.1617 -15.972 -0.265189 0.739753 -0.618417
0.202032 58.0881 -15.2897 -0.266985 0.7395 -0.617947
1.34842 58.9704 -14.7361 -0.273803 0.743798 -0.609737
2.59593 59.7714 -14.2733 -0.249062 0.775476 -0.580159
3.94371 60.4506 -13.8344 -0.166556 0.832868 -0.527789
5.26199 60.9338 -13.3049 -0.0127185 0.875876 -0.482368
6.65009 61.1457 -12.5881 0.134662 0.903249 -0.406893
7.94757 61.1063 -11.7943 0.294362 0.910872 -0.289246
9.29553 60.8014 -10.9015 0.420583 0.88781 -0.186824
10.4203 60.2946 -10.0441 0.577547 0.810224 -0.0994885
11.4808 59.5718 -9.04702 0.645113 0.759939 -0.0795169
12.4934 58.7846 -8.17739 0.660967 0.746231 -0.0791317
13.6202 57.8453 -7.55154 0.667282 0.740765 -0.0774751
14.781 56.8337 -7.17306 0.668963 0.739827 -0.0717196
15.9846 55.7622 -6.91884 0.673348 0.736607 -0.0633452
17.1876 54.6643 -6.93237 0.673526 0.737432 -0.0505634
18.3256 53.6097 -7.14072 0.678067 0.733537 -0.0463626
19.4617 52.5299 -7.48083 0.684057 0.728082 -0.0440331
20.4838 51.5177 -7.97033 0.698242 0.714455 -0.0448636
21.4804 50.5136 -8.55976 0.698718 0.714199 -0.0413786
22.5596 49.4235 -9.23069 0.697039 0.716056 -0.0374256
23.5573 48.4254 -9.78756 0.699407 0.714075 -0.0304574
24.5312 47.4369 -10.3953 0.706261 0.707299 -0.0303404
25.52 46.4144 -10.9934 0.714362 0.69927 -0.0265992
26.5714 45.3103 -11.6078 0.720688 0.693023 -0.018101
27.5822 44.2394 -12.1956 0.726739 0.68683 -0.0105493
28.5834 43.1627 -12.8058 0.734228 0.678869 -0.00679825
29.5764 42.0779 -13.4118 0.739149 0.673523 0.00503363
30.5188 41.0398 -13.9785 0.742657 0.669645 0.00591528
31.5156 39.9365 -14.5502 0.747328 0.664309 0.0139729
32.5704 38.749 -15.1976 0.756744 0.65335 0.0216982
33.5543 37.6177 -15.7388 0.764229 0.644503 0.023818
34.5164 36.4938 -16.3141 0.770459 0.636754 0.0306078
35.4567 35.3689 -16.8831 0.777789 0.627397 0.0376474
36.3738 34.2601 -17.4136 0.780009 0.624586 0.0384487
37.3127 33.1084 -17.9461 0.786135 0.616665 0.0414202
38.226 31.97 -18.4556 0.791013 0.610149 0.0449088
39.1088 30.8579 -18.9916 0.796168 0.603099 0.0488739
40.0069 29.7053 -19.543 0.802698 0.594086 0.0523277
40.892 28.5472 -20.012 0.804149 0.591958 0.0541279
41.7554 27.4106 -20.5256 0.809979 0.583023 0.0633894
42.6457 26.2157 -21.0846 0.817432 0.572854 0.060343
43.5365 24.9905 -21.592 0.8205 0.568546 0.0594608
44.4314 23.7448 -22.1343 0.82699 0.559092 0.0591837
45.3175 22.4691 -22.6455 0.834719 0.547309 0.0608013
46.131 21.2714 -23.1107 0.838151 0.541959 0.0615028
46.9819 20.0039 -23.63 0.842659 0.534438 0.0655802
47.7847 18.7752 -24.0984 0.851993 0.520017 0.0607473
48.5621 17.5427 -24.5376 0.856385 0.513332 0.0555635
49.4106 16.1553 -24.9905 0.862138 0.503804 0.0538449
50.161 14.8995 -25.4575 0.867713 0.494139 0.0538537
50.2508 14.6769 -24.8639 0.869219 0.4916 0.0528028
49.6731 15.5574 -23.5384 0.86472 0.49983 0.049244
49.1709 16.294 -22.2931 0.859027 0.509662 0.0481109
48.6347 17.0671 -20.9968 0.852383 0.520868 0.046254
48.1103 17.7914 -19.6963 0.846013 0.53091 0.0489537
47.57 18.5291 -18.4389 0.84478 0.532715 0.050615
47.0249 19.2888 -17.1468 0.842756 0.536967 0.0377518
46.4853 20.0316 -15.8956 0.836007 0.547272 0.0398149
45.9748 20.7177 -14.6118 0.835595 0.547943 0.0392292
45.4451 21.4204 -13.1613 0.831737 0.553841 0.0383881
45.007 21.9852 -11.8249 0.831357 0.554424 0.0382183
44.5582 22.5647 -10.4097 0.828222 0.55941 0.0332988
44.0905 23.1633 -8.9925 0.823231 0.566606 0.0353318
43.6146 23.7636 -7.54267 0.822522 0.567612 0.0356917
43.2636 24.1832 -6.08586 0.821795 0.56871 0.0349558
42.9675 24.5122 -4.56982 0.820354 0.570405 0.0407012
42.6678 24.8402 -3.11669 0.818448 0.573285 0.0385634
42.3465 25.1881 -1.61881 0.816769 0.575119 0.0461153
42.0938 25.4183 -0.0484345 0.816627 0.575238 0.0471325
41.9983 25.4214 1.54375 0.817798 0.573335 0.0499207
41.9104 25.4065 3.10354 0.819353 0.570938 0.0518608
41.8217 25.3957 4.61363 0.820854 0.56878 0.0518533
41.7421 25.3628 6.17697 0.820863 0.568344 0.0562806
41.8069 25.1125 7.68915 0.822283 0.565631 0.0625357
41.9099 24.7754 9.26287 0.826034 0.559483 0.0681682
41.9891 24.4589 10.8042 0.824947 0.56 0.0765627
42.0617 24.126 12.3876 0.825207 0.558509 0.0842634
42.2672 23.5788 13.9117 0.826222 0.555943 0.0910132
42.5102 22.9851 15.2937 0.827918 0.553076 0.0930517
42.7806 22.3167 16.8588 0.828224 0.552551 0.0934459
43.0586 21.6326 18.3681 0.830949 0.547034 0.101381
43.2525 21.0752 19.7681 0.832693 0.5442 0.102312
43.3915 20.5807 21.2422 0.834307 0.541572 0.10311
42.6564 21.7765 20.8959 0.83309 0.543723 0.101613
41.8649 23.0759 20.3807 0.831357 0.547117 0.0975091
41.0384 24.3884 20.0171 0.828469 0.552436 0.0919423
40.2257 25.6958 19.4641 0.827894 0.55339 0.0913815
39.3873 27.0205 18.9885 0.824627 0.557886 0.0935541
38.6046 28.2325 18.5482 0.817528 0.568526 0.0917927
37.8254 29.422 18.0682 0.814539 0.573661 0.0862502
37.0211 30.6254 17.6162 0.813032 0.576081 0.0843152
36.1918 31.8491 17.1594 0.80872 0.582872 0.0789445
35.3375 33.0812 16.7215 0.804944 0.588754 0.073716
34.462 34.3238 16.2016 0.798402 0.597873 0.0714219
33.6197 35.5018 15.6641 0.794793 0.602931 0.0691241
32.7697 36.6587 15.1844 0.787657 0.612562 0.0660637
31.9218 37.8026 14.6685 0.784901 0.615754 0.0691148
31.0448 38.973 14.18 0.782976 0.617781 0.0727634
30.1196 40.1892 13.6611 0.774522 0.628276 0.0733818
29.2487 41.3245 13.1171 0.771173 0.632355 0.0736228
28.3273 42.4859 12.5987 0.75865 0.648044 0.0669507
27.4326 43.5767 12.0661 0.752391 0.655753 0.0624033
26.5147 44.671 11.5423 0.747911 0.660875 0.0622289
25.599 45.7607 10.9824 0.747803 0.660745 0.0648604
24.6429 46.8951 10.4272 0.741473 0.667346 0.0697663
23.6929 47.988 9.90484 0.734443 0.67513 0.0692233
22.6867 49.1151 9.32129 0.723054 0.687751 0.064718
21.6451 50.2502 8.73483 0.714555 0.697161 0.0581203
20.6386 51.3241 8.10411 0.705288 0.706694 0.0561342
19.6563 52.3399 7.55361 0.694358 0.717536 0.0548301
18.5675 53.4094 7.13829 0.683078 0.728087 0.0573891
17.4679 54.4457 6.94862 0.674564 0.736249 0.0537878
16.2816 55.5376 6.85774 0.672687 0.737666 0.0578002
15.1465 56.5608 7.01379 0.673414 0.736517 0.063689
14.0228 57.5541 7.40521 0.673239 0.736519 0.0654969
12.8887 58.5462 7.9735 0.675906 0.734688 0.0581702
11.8538 59.4433 8.68514 0.671003 0.739832 0.0488764
10.8769 60.2384 9.55 0.634813 0.771133 0.0473455
9.84465 60.9394 10.4853 0.560615 0.824583 0.0759911
8.59777 61.5704 11.3486 0.479193 0.856664 0.191044
7.27533 61.8976 12.1815 0.309341 0.894249 0.32346
5.83483 61.8851 12.9303 0.0441858 0.904821 0.422393
4.40817 61.4416 13.598 -0.164569 0.84016 0.516613
3.08482 60.8137 14.0927 -0.223834 0.814994 0.534494
1.73641 60.0795 14.5394 -0.263597 0.76789 0.583814
0.525564 59.2377 15.055 -0.269669 0.743984 0.611354
-0.473849 58.3117 15.7308 -0.265376 0.739369 0.618796
-1.3548 57.324 16.5378 -0.263954 0.743118 0.6149
-2.10081 56.2566 17.5043 -0.266244 0.741919 0.615362
-2.67478 55.1838 18.5378 -0.274487 0.735103 0.619903
-3.10402 54.1395 19.5836 -0.279846 0.732623 0.620444
-3.33114 53.0695 20.7471 -0.286866 0.730334 0.61993
-3.35824 52.0136 21.9626 -0.285705 0.727462 0.623836
-3.33301 51.0351 23.1152 -0.290513 0.725865 0.623476
-3.31786 50.0539 24.2726 -0.293909 0.728422 0.618884
-3.30735 49.0577 25.4509 -0.301321 0.726398 0.617698
-3.31001 48.0849 26.6066 -0.308938 0.731005 0.608432
-3.23956 46.9763 27.9706 -0.324043 0.728708 0.603307
-3.25945 45.9712 29.188 -0.330626 0.732051 0.59564
-3.27888 44.9877 30.3691 -0.344372 0.722944 0.598963
-3.2361 43.9361 31.6506 -0.353436 0.718665 0.598836
-3.18917 42.9002 32.919 -0.361892 0.715428 0.597659
-3.18315 41.8513 34.1687 -0.381529 0.706055 0.596587
-3.13077 40.7714 35.4768 -0.389096 0.700764 0.597941
-3.10316 39.7307 36.7119 -0.396132 0.699372 0.594943
-3.14137 38.7041 37.8845 -0.410639 0.688494 0.597789
-3.13733 37.612 39.1385 -0.416659 0.685531 0.597029
-3.04683 36.5861 40.3658 -0.424517 0.674554 0.60395
-3.0424 35.5017 41.5722 -0.433402 0.668056 0.604861
-3.07158 34.3728 42.7909 -0.443992 0.660957 0.604984
-3.09165 33.2227 44.0282 -0.447158 0.657209 0.606732
-3.06805 32.1742 45.1692 -0.454836 0.648416 0.610475
-3.06935 31.0591 46.3474 -0.460912 0.642399 0.612274
-3.03934 29.9514 47.5282 -0.46436 0.63965 0.612549
-3.03704 28.9041 48.6085 -0.466355 0.6283 0.622697
-3.06832 27.7964 49.7022 -0.47359 0.627159 0.618372
-3.04851 26.7209 50.796 -0.479291 0.618698 0.622484
-3.0404 25.6525 51.853 -0.483592 0.611374 0.626386
-3.01273 24.5733 52.9234 -0.48738 0.606839 0.627859
-3.00051 23.4081 54.0436 -0.491075 0.596888 0.634484
-2.9899 22.2529 55.1275 -0.49334 0.590505 0.638685
-3.02666 21.1181 56.1368 -0.496349 0.581471 0.644614
-3.0075 19.9127 57.2244 -0.4979 0.572936 0.65103
-2.98788 18.7656 58.2435 -0.499429 0.568104 0.654085
-2.94765 17.6037 59.2727 -0.499822 0.560898 0.659979
-2.95 16.2965 60.3734 -0.499204 0.556547 0.664116
-2.97885 15.0863 61.3502 -0.500014 0.548396 0.670259
-2.97577 13.9198 62.3012 -0.499955 0.543636 0.67417
-3.00244 12.681 63.2725 -0.498167 0.538859 0.679309
-2.99865 11.4778 64.2275 -0.496102 0.537242 0.682095
-2.92008 10.2117 65.2767 -0.492979 0.534728 0.686322
-2.74708 9.06843 66.2896 -0.489353 0.535306 0.688462
-2.32275 8.06756 67.3649 -0.48608 0.535263 0.690811
-1.82207 7.12513 68.446 -0.484616 0.535716 0.691488
-1.0915 6.2155 69.6627 -0.48465 0.536154 0.691125
-0.250219 5.49534 70.8107 -0.485951 0.535053 0.691064
0.665386 4.92545 71.8966 -0.487711 0.533702 0.69087
0.580671 4.0677 72.4992 -0.486488 0.533892 0.691584
-0.56325 3.07169 72.4661 -0.484132 0.534772 0.692557
-1.87466 2.92035 71.6731 -0.479536 0.536257 0.694603
-3.1141 2.92708 70.8145 -0.477018 0.539343 0.693947
-4.42955 2.91206 69.9238 -0.475135 0.541746 0.693367
-5.74524 2.8759 69.0519 -0.473238 0.544825 0.692252
-7.00354 2.84236 68.2171 -0.473568 0.54686 0.690419
-8.26918 2.87314 67.3238 -0.473236 0.549133 0.68884
-9.60853 2.85476 66.4167 -0.473889 0.550068 0.687644
-10.8539 2.86438 65.5505 -0.474336 0.551065 0.686536
-12.0828 2.88594 64.6834 -0.474326 0.551888 0.685882
-13.3413 2.88388 63.8127 -0.476506 0.552222 0.6841
-13.7689 3.28295 63.1922 -0.477062 0.552526 0.683467
-12.4832 4.03176 63.4833 -0.47586 0.551733 0.684944
-11.2214 4.88217 63.6758 -0.475993 0.550675 0.685702
-10.1537 5.94962 63.562 -0.477406 0.549702 0.685501
-9.44891 7.23449 63.0244 -0.479083 0.548209 0.685526
-9.29716 8.52614 62.0944 -0.480363 0.550439 0.682838
-9.74338 9.56693 60.9369 -0.480664 0.553294 0.680314
-10.4132 10.3928 59.7858 -0.482328 0.555625 0.67723
-11.0858 11.1629 58.673 -0.482681 0.557956 0.675059
-11.7599 11.9763 57.5193 -0.481873 0.559144 0.674653
-12.4341 12.7424 56.3969 -0.482259 0.563361 0.670858
-13.252 13.547 55.1273 -0.483036 0.568223 0.666182
-14.006 14.2721 53.9607 -0.480208 0.571626 0.665314
-14.8126 15.0475 52.7171 -0.477011 0.572055 0.667243
-15.57 15.7963 51.5302 -0.475694 0.575389 0.665314
-16.3696 16.4776 50.3701 -0.473313 0.57709 0.665538
-17.2171 17.2402 49.1047 -0.471902 0.579321 0.664602
-18.0789 17.9115 47.9017 -0.474577 0.580984 0.661237
-19.0492 18.508 46.6732 -0.478161 0.586189 0.654021
-20.0676 19.0257 45.4633 -0.478475 0.587319 0.652777
-21.0514 19.5038 44.3115 -0.479167 0.586905 0.652641
-21.9561 20.0204 43.1785 -0.482568 0.588481 0.648702
-22.8965 20.4404 42.0888 -0.483815 0.594132 0.642596
-24.0018 20.7452 40.9749 -0.483973 0.593942 0.642654
-25.0508 21.0245 39.9211 -0.487659 0.593663 0.64012
-26.1564 21.2175 38.8952 -0.489414 0.594484 0.638015
-27.3637 21.4091 37.7917 -0.488789 0.594502 0.638477
-28.5156 21.5225 36.792 -0.504228 0.593493 0.627285
-29.7487 21.5096 35.7971 -0.514367 0.583707 0.628261
-30.9587 21.4407 34.8703 -0.521284 0.579054 0.626864
-32.2618 21.3591 33.8543 -0.526264 0.574793 0.626625
-33.555 21.2902 32.8271 -0.532773 0.573371 0.622413
-34.8695 21.0047 31.9431 -0.545974 0.563513 0.619971
-36.133 20.6067 31.1792 -0.551692 0.560481 0.617654
-37.4828 20.13 30.3895 -0.560822 0.559977 0.60984
-38.8312 19.7022 29.5449 -0.558016 0.563194 0.609451
-40.057 19.3655 28.7215 -0.57066 0.561102 0.599593
-41.2586 19.1256 27.7964 -0.575325 0.552714 0.602914
-40.5721 20.3983 27.3033 -0.569367 0.546472 0.614158
-39.8324 21.6666 26.851 -0.562857 0.551542 0.615624
-39.0504 22.9478 26.4173 -0.559676 0.551611 0.618456
-38.3076 24.2018 25.9633 -0.554469 0.557623 0.617755
-37.4457 25.5619 25.4998 -0.548728 0.563863 0.617216
-36.7015 26.7817 25.0399 -0.545721 0.567325 0.616709
-36.0057 27.8681 24.6524 -0.542519 0.571988 0.615222
-22.1806 39.3212 -23.7631 -0.41709 0.617485 -0.666893
-23.0118 38.1835 -24.2795 -0.427311 0.608338 -0.668827
-23.8817 37.017 -24.7789 -0.435328 0.603505 -0.668036
-24.8105 35.7059 -25.3408 -0.449038 0.595254 -0.666362
-25.6629 34.5113 -25.8337 -0.452859 0.59329 -0.665526
-26.5294 33.277 -26.3233 -0.459228 0.577997 -0.674558
-27.4046 32.001 -26.8069 -0.462358 0.568852 -0.680171
-28.2198 30.7806 -27.2658 -0.46577 0.566262 -0.680004
-27.3064 30.6345 -28.011 -0.461719 0.566484 -0.682577
-25.8277 30.9247 -28.7577 -0.457172 0.564949 -0.686896
-24.4765 31.0994 -29.5089 -0.45223 0.567114 -0.688382
-23.1153 31.1414 -30.364 -0.448672 0.5653 -0.692191
-21.8023 31.1548 -31.204 -0.448664 0.565373 -0.692137
-20.5057 31.1425 -32.0468 -0.439256 0.572035 -0.692694
-19.2035 31.1115 -32.8926 -0.43454 0.575434 -0.692856
-17.9556 31.0081 -33.761 -0.43284 0.575196 -0.694117
-16.6426 30.7816 -34.7613 -0.425999 0.578877 -0.695288
-15.4031 30.4716 -35.7811 -0.425528 0.582307 -0.692706
-14.2293 30.1787 -36.7401 -0.417125 0.586266 -0.694477
-13.0449 29.898 -37.687 -0.415995 0.589236 -0.692639
-11.9015 29.5396 -38.6845 -0.41808 0.591772 -0.689214
-10.8432 29.1252 -39.6848 -0.421654 0.589338 -0.689121
-9.86567 28.6177 -40.7085 -0.422119 0.582195 -0.694882
-9.16194 28.8348 -40.954 -0.424407 0.58135 -0.694198
-9.19195 30.0041 -39.9396 -0.419416 0.592285 -0.68796
-9.21406 31.2292 -38.8682 -0.418295 0.595455 -0.685903
-9.20649 32.4468 -37.8101 -0.416824 0.59987 -0.682945
-9.21477 33.5901 -36.8013 -0.414979 0.600339 -0.683655
-9.26943 34.7562 -35.7321 -0.396535 0.616222 -0.680464
-9.27841 35.872 -34.7037 -0.385616 0.624877 -0.678844
-9.3312 36.9788 -33.647 -0.385518 0.631165 -0.673055
-9.35777 38.0633 -32.6048 -0.38445 0.63522 -0.669846
-9.37829 39.2659 -31.4489 -0.380962 0.637374 -0.669793
-9.36852 40.5081 -30.243 -0.369737 0.652489 -0.661478
-9.4591 41.6984 -29.0173 -0.365284 0.653724 -0.662731
-9.50557 42.8045 -27.8982 -0.361265 0.656887 -0.661806
-9.5895 43.9614 -26.6874 -0.351148 0.671116 -0.652916
-9.59582 45.0676 -25.5348 -0.351351 0.675109 -0.648676
-9.61534 46.1146 -24.4456 -0.3476 0.671743 -0.654164
-9.68801 47.2438 -23.2214 -0.34235 0.687833 -0.640065
-9.66887 48.3179 -22.0718 -0.333013 0.692423 -0.640041
-9.67131 49.3806 -20.9036 -0.33044 0.699743 -0.633379
-9.66067 50.3957 -19.7865 -0.325452 0.702344 -0.633077
-9.56632 51.4437 -18.6642 -0.324812 0.705504 -0.62989
-9.39833 52.6179 -17.4265 -0.320039 0.713475 -0.623313
-9.04243 53.6973 -16.3554 -0.311394 0.720806 -0.619249
-8.57459 54.8761 -15.218 -0.299028 0.723514 -0.622182
-8.02481 55.9272 -14.2545 -0.297411 0.727111 -0.618749
-7.33214 56.98 -13.3513 -0.293204 0.724747 -0.623517
-6.51588 58.0165 -12.5394 -0.288767 0.725981 -0.624151
-5.54185 59.0875 -11.7367 -0.278291 0.727253 -0.627415
-4.52667 60.0842 -11.0325 -0.277779 0.722497 -0.633117
-5.63237 60.3016 -10.2857 -0.28463 0.723824 -0.628542
-6.98786 60.2505 -9.67749 -0.317559 0.731198 -0.603735
-7.19645 59.2165 -10.8103 -0.303632 0.724718 -0.618526
-7.50616 58.0647 -12.0106 -0.303337 0.724966 -0.61838
-7.83278 56.9224 -13.1824 -0.299898 0.724597 -0.6205
-8.36411 55.8518 -14.1781 -0.30481 0.724388 -0.618347
-8.95833 54.8521 -15.0574 -0.305848 0.723557 -0.618806
-9.61554 53.7992 -15.9504 -0.314207 0.717043 -0.622191
-10.4376 52.7399 -16.7499 -0.320214 0.713487 -0.623216
-11.3399 51.6873 -17.4784 -0.323912 0.706182 -0.629594
-12.3212 50.6241 -18.1562 -0.339594 0.698644 -0.629723
-13.276 49.6036 -18.7502 -0.347533 0.687389 -0.637743
-14.2546 48.5668 -19.3249 -0.356945 0.682242 -0.638072
-15.3069 47.4659 -19.9027 -0.367796 0.677944 -0.636488
-16.2932 46.3717 -20.4764 -0.374449 0.664424 -0.646781
-17.3235 45.1885 -21.0714 -0.394441 0.653258 -0.646274
-18.2766 44.0904 -21.6008 -0.390379 0.65248 -0.649518
-19.2163 42.9919 -22.1221 -0.395506 0.636836 -0.661828
-20.1362 41.8965 -22.6141 -0.402821 0.627732 -0.666099
-21.0985 40.6609 -23.1855 -0.408725 0.622089 -0.667794
-22.048 39.4927 -23.6867 -0.416549 0.618494 -0.666297
-22.0819 39.4487 -23.7064 -0.416548 0.618496 -0.666296
-4.96621 64.9954 -5.15992 -0.355417 0.726204 -0.588478
-6.15806 65.1248 -4.10104 -0.43345 0.759704 -0.484683
-7.13546 65.2215 -2.85032 -0.490593 0.795097 -0.356087
-7.78244 65.317 -1.47863 -0.515125 0.81835 -0.254148
-7.99226 65.472 0.000178449 -0.509612 0.858446 -0.0529088
-7.75847 65.4478 1.59208 -0.513469 0.838666 0.181628
-7.17259 65.3817 3.04384 -0.493551 0.809966 0.3158
-6.25438 65.3018 4.41293 -0.451848 0.784605 0.424407
-5.1027 65.2785 5.48457 -0.37553 0.775062 0.508189
-3.82283 65.172 6.29885 -0.263886 0.741885 0.616415
-2.36308 65.1205 6.89831 -0.197037 0.742088 0.640516
-0.821581 65.1521 7.20374 -0.0832853 0.774658 0.626872
0.739782 65.1633 7.26589 0.00655838 0.792766 0.609491
2.29314 65.1824 7.06006 0.145465 0.828422 0.540566
3.7579 65.1733 6.32849 0.313688 0.818113 0.481804
4.98706 65.1787 5.23069 0.467166 0.796508 0.383838
5.91074 65.0865 3.9316 0.574606 0.770904 0.274837
6.50306 64.9787 2.49003 0.670381 0.725619 0.154242
6.81839 64.9387 0.856408 0.697475 0.713467 0.0641632
6.8242 64.9129 -0.683916 0.709452 0.700195 -0.0800319
6.49434 64.9139 -2.26758 0.664559 0.723727 -0.185598
5.89249 64.9645 -3.71819 0.607433 0.741751 -0.284175
4.98903 65.0354 -4.91759 0.485489 0.757517 -0.436359
3.8302 65.0782 -5.90818 0.353411 0.782142 -0.513181
2.44792 65.0416 -6.55801 0.155717 0.769926 -0.618649
0.879084 64.9907 -6.86452 0.00824985 0.732118 -0.681128
-0.74673 64.9194 -6.82659 -0.0965569 0.720995 -0.68618
-2.21982 64.921 -6.50686 -0.198474 0.71016 -0.675463
-3.77611 64.9212 -5.8946 -0.313944 0.705175 -0.635712
-4.92977 64.9922 -5.18585 -0.355408 0.72621 -0.588476
11.5958 60.2841 -1.53473 0.702709 0.710443 -0.0383508
12.6365 59.2854 -1.10434 0.694997 0.718681 -0.0218226
13.7221 58.2528 -0.699169 0.69089 0.722893 -0.00984455
14.8345 57.201 -0.38885 0.686426 0.727191 -0.00363321
15.9225 56.1738 -0.232345 0.687555 0.726108 -0.00596189
17.0143 55.1366 -0.164246 0.691911 0.721884 -0.0119516
18.0866 54.1066 -0.215014 0.691126 0.722628 -0.0123923
19.2699 52.9609 -0.488104 0.693251 0.720683 -0.00245445
20.3386 51.935 -0.81204 0.694927 0.719055 0.00600167
21.4214 50.8549 -1.25136 0.720184 0.693781 -0.000735206
22.4092 49.8246 -1.72018 0.724013 0.689713 -0.009846
23.4296 48.7582 -2.33615 0.716203 0.697849 -0.00772937
24.4591 47.6986 -2.96269 0.718359 0.695669 -0.00141181
25.422 46.7089 -3.56434 0.722984 0.690753 0.0124161
26.4009 45.6746 -4.2195 0.738424 0.674277 0.0068032
27.3538 44.6188 -4.81658 0.745775 0.666187 0.00372319
28.3042 43.5469 -5.37984 0.752937 0.658086 0.00300089
29.2293 42.482 -5.96695 0.755684 0.654936 0.000160857
30.1819 41.377 -6.55215 0.759243 0.650793 0.00435335
31.2032 40.1834 -7.21913 0.762846 0.646553 0.00593132
32.1403 39.0763 -7.78901 0.767707 0.640736 0.00916153
33.0493 37.9881 -8.30304 0.771723 0.635856 0.011446
33.9692 36.8858 -8.85972 0.772463 0.634826 0.0172129
34.8812 35.7873 -9.41139 0.778305 0.627499 0.0219725
35.8498 34.5938 -10.0057 0.78388 0.620504 0.0224968
36.796 33.399 -10.5716 0.793257 0.608504 0.0215616
37.7054 32.227 -11.1226 0.796516 0.603817 0.0309829
38.5992 31.0675 -11.6681 0.802799 0.595185 0.0356069
39.5352 29.8311 -12.2212 0.805588 0.591227 0.0384582
40.4136 28.6666 -12.7936 0.808603 0.58718 0.0371572
41.031 27.8071 -12.8309 0.814406 0.578906 0.0401044
40.5944 28.3284 -11.461 0.813424 0.580533 0.0363335
40.1977 28.7874 -10.0562 0.811051 0.583712 0.0384028
39.7735 29.2701 -8.4716 0.813552 0.580063 0.0407314
39.4629 29.6122 -7.03917 0.809402 0.58615 0.0360032
39.1349 29.9659 -5.52468 0.808171 0.587699 0.038331
38.7815 30.3503 -3.96742 0.807702 0.588655 0.0331959
38.525 30.6303 -2.48376 0.808045 0.588604 0.0246422
38.3198 30.8397 -0.945363 0.808291 0.587954 0.0312285
38.1735 30.9301 0.70917 0.811942 0.581882 0.0465033
38.0868 30.9256 2.25232 0.813762 0.579261 0.0474131
38.0087 30.8871 3.93804 0.809753 0.584436 0.0522881
37.9412 30.8344 5.56447 0.80717 0.58791 0.0532775
37.912 30.7359 7.08733 0.807294 0.587656 0.0541948
37.9581 30.5209 8.71434 0.807074 0.587727 0.0566057
38.0499 30.2115 10.2708 0.81017 0.581249 0.075988
37.4677 30.9741 10.5982 0.807998 0.584221 0.0763184
36.5398 32.2937 10.0762 0.799702 0.596248 0.0704463
35.6723 33.5109 9.54179 0.795092 0.602631 0.0682959
34.7909 34.7213 9.06153 0.793331 0.605285 0.0652349
33.9366 35.8872 8.57902 0.790723 0.608631 0.0657666
33.0868 37.035 8.05524 0.785768 0.615553 0.0605286
32.2139 38.1839 7.57572 0.782899 0.619467 0.0577025
31.2885 39.3842 7.05753 0.776659 0.627505 0.0551193
30.3476 40.5943 6.49384 0.774283 0.630589 0.0533299
29.4739 41.6987 5.9327 0.76551 0.641489 0.0498676
28.5062 42.8785 5.37022 0.758747 0.649631 0.0477737
27.6097 43.9626 4.8483 0.75762 0.650968 0.0474622
26.6577 45.1069 4.24628 0.75192 0.657532 0.0476186
25.699 46.2086 3.71037 0.735924 0.676108 0.035968
24.75 47.2648 3.15693 0.73241 0.680116 0.0318856
23.689 48.4272 2.54878 0.729612 0.683369 0.0259327
22.6455 49.5528 1.89437 0.727129 0.686283 0.0172804
21.637 50.6149 1.3606 0.716044 0.698007 0.00629499
20.581 51.6727 0.852042 0.703515 0.710641 0.00743328
19.4759 52.7593 0.476874 0.698703 0.715405 0.00271713
18.4019 53.8069 0.246099 0.697107 0.716963 -0.00229876
17.2387 54.926 0.201107 0.690417 0.723343 -0.00946058
16.162 55.9507 0.183101 0.687524 0.726132 -0.00658854
15.0226 57.0219 0.299463 0.685775 0.727807 0.0031758
13.914 58.0799 0.559605 0.690243 0.723563 -0.00440597
12.8715 59.0932 0.996185 0.697815 0.716219 -0.000340993
11.8067 60.0992 1.4989 0.688309 0.72426 0.0409628
11.6574 60.2802 0.140083 0.701208 0.712934 -0.00451521
11.6089 60.2856 -1.26726 0.703849 0.70952 -0.0340146
55.6683 4.78719 -32.9067 0.905977 0.422632 0.0242543
55.9133 4.34506 -34.4243 0.90684 0.420862 0.0227231
56.1288 3.95692 -35.9091 0.907358 0.419853 0.0206044
56.2059 3.86084 -37.4539 0.907223 0.420262 0.0180524
56.2507 3.82022 -39.0101 0.906359 0.422311 0.0128752
56.2384 3.87652 -40.5101 0.904469 0.426504 0.00542718
56.2486 3.86221 -42.0116 0.899645 0.436622 0.000434464
56.1968 3.92884 -43.5106 0.8954 0.444689 -0.0225794
56.1248 3.99148 -45.0356 0.893744 0.447945 -0.0237801
56.5109 3.21054 -45.3799 0.890574 0.454444 -0.0189699
56.6153 3.06457 -43.8895 0.895334 0.445038 -0.0176859
56.614 3.10107 -42.2717 0.901075 0.433662 -0.00111293
56.6107 3.09099 -40.731 0.904693 0.426 0.00730411
56.5793 3.12072 -39.1722 0.90632 0.422409 0.012424
56.5433 3.13856 -37.5893 0.907064 0.42062 0.017738
56.5327 3.08632 -35.9463 0.907096 0.420437 0.0202293
56.5025 3.06685 -34.246 0.906765 0.421092 0.0214298
56.4476 3.10173 -32.6239 0.906029 0.422669 0.0215194
56.2187 3.54869 -31.8036 0.905362 0.424083 0.0217498
55.7227 4.66047 -32.7298 0.905921 0.422775 0.0238461
55.6703 4.78271 -32.9016 0.906013 0.422555 0.0242291
12.0739 4.04898 -71.369 -0.417498 0.501675 -0.75764
11.0565 2.99286 -71.4999 -0.425954 0.493793 -0.758107
9.72506 3.01449 -70.7422 -0.426169 0.486506 -0.762687
8.31813 3.0159 -69.9579 -0.427504 0.478469 -0.767012
6.9788 3.05773 -69.1837 -0.430797 0.473501 -0.768251
5.62505 3.03937 -68.4371 -0.431527 0.470003 -0.769988
4.28413 3.03873 -67.6829 -0.434642 0.467434 -0.769799
2.97644 3.05973 -66.9305 -0.435962 0.466678 -0.769512
1.61823 3.04644 -66.1666 -0.437897 0.466628 -0.768443
0.277506 2.99119 -65.433 -0.440153 0.467607 -0.766556
-1.0275 3.05838 -64.6399 -0.441611 0.468642 -0.765085
0.0115958 4.04734 -64.6342 -0.441799 0.468302 -0.765185
1.30848 4.60865 -65.0385 -0.440603 0.466939 -0.766705
2.49008 4.21775 -65.9522 -0.437393 0.466374 -0.768884
3.80455 4.00849 -66.8239 -0.435258 0.466665 -0.769919
5.20049 3.98839 -67.6212 -0.431252 0.469162 -0.770655
6.62365 3.96829 -68.4256 -0.427261 0.471965 -0.771166
7.95334 3.97576 -69.1561 -0.422536 0.478868 -0.769512
9.27828 3.95995 -69.8935 -0.420193 0.486512 -0.765992
10.6685 4.03151 -70.6108 -0.417587 0.492656 -0.763486
11.9902 4.04955 -71.3226 -0.417041 0.502681 -0.757223
12.0612 4.04849 -71.3624 -0.417489 0.50167 -0.757648
-12.4289 34.1754 -34.3921 -0.401497 0.605876 -0.686815
-13.8935 33.7332 -33.9205 -0.411892 0.594308 -0.690756
-14.8373 33.4373 -33.6067 -0.41596 0.591437 -0.690782
-12.48 38.5342 -30.3886 -0.381283 0.629288 -0.677215
-13.9435 38.1142 -29.9529 -0.382292 0.627777 -0.678047
-15.413 37.6755 -29.4921 -0.414726 0.606183 -0.678634
-16.9157 37.2078 -28.9953 -0.410824 0.611767 -0.675992
-18.3583 36.7667 -28.5209 -0.409734 0.611727 -0.67669
-19.7797 36.3231 -28.0389 -0.430969 0.601795 -0.67239
-21.1338 35.8865 -27.5586 -0.430602 0.603878 -0.670756
-21.8989 35.6441 -27.2894 -0.42453 0.60631 -0.67243
-17.5673 41.275 -24.7714 -0.40408 0.634641 -0.658749
-16.0929 41.7155 -25.2351 -0.390621 0.644795 -0.657004
-14.5528 42.1648 -25.7006 -0.385614 0.647943 -0.656865
-13.101 42.5811 -26.1281 -0.372121 0.65481 -0.657838
-12.7318 42.6845 -26.2335 -0.370747 0.655084 -0.65834
26.2176 45.7768 0.347995 0.739631 0.672992 0.00516726
27.2249 44.6552 0.316142 0.751357 0.659651 0.0180141
28.2948 43.4283 0.275347 0.754956 0.65543 0.0212847
29.3245 42.2451 0.230896 0.760449 0.648546 0.0332357
30.348 41.0413 0.179697 0.762432 0.64572 0.041748
31.33 39.8737 0.125622 0.77378 0.631832 0.0453152
32.3551 38.5854 0.058616 0.786996 0.615916 0.0358347
33.3017 37.3815 -0.00718239 0.787335 0.615443 0.0365228
34.2889 36.1195 -0.0798696 0.78858 0.613592 0.0405815
35.2363 34.9019 -0.155217 0.792131 0.60924 0.0368162
36.1805 33.6736 -0.235983 0.796254 0.603729 0.0386165
-12.8677 46.9293 22.7237 -0.371429 0.689111 0.622227
-13.3967 46.774 22.5767 -0.375436 0.68786 0.621206
-12.7076 42.9873 27.0727 -0.378753 0.668649 0.639887
-14.0919 42.5662 26.6751 -0.394857 0.664539 0.634409
-15.614 42.0869 26.2153 -0.404578 0.658169 0.634925
-17.0332 41.6321 25.7724 -0.415033 0.653673 0.632819
-18.1754 41.256 25.402 -0.426693 0.650009 0.628825
-22.7662 35.4769 28.0154 -0.460513 0.618769 0.636437
-21.2923 36.0036 28.5511 -0.449918 0.626107 0.636839
-19.9478 36.4825 29.0329 -0.450148 0.63253 0.630296
-18.6005 36.9522 29.4998 -0.436042 0.643762 0.628839
-17.1517 37.4491 29.9878 -0.428174 0.645821 0.632126
-15.7375 37.9231 30.449 -0.419608 0.64932 0.634281
-14.3693 38.3744 30.8813 -0.409437 0.653008 0.637136
-12.8158 38.8726 31.352 -0.403669 0.663894 0.629521
-12.5096 38.9711 31.4449 -0.404403 0.664038 0.628897
-12.2914 34.8987 35.8484 -0.43336 0.64984 0.624426
-13.818 34.3662 35.3433 -0.433678 0.644909 0.629298
-15.3386 33.8358 34.8346 -0.436968 0.635835 0.636218
-16.7599 33.3376 34.3536 -0.435899 0.625645 0.646962
-18.1214 32.8637 33.8916 -0.442181 0.62334 0.644922
-19.493 32.3665 33.4034 -0.454763 0.61658 0.642666
-20.8718 31.8648 32.906 -0.45618 0.615698 0.642508
-22.2873 31.349 32.3928 -0.458404 0.616522 0.64013
-23.6616 30.837 31.8784 -0.471538 0.610733 0.636126
-25.006 30.3201 31.3542 -0.485905 0.603621 0.632091
-26.3738 29.7857 30.8112 -0.488175 0.601364 0.632492
-26.657 29.6748 30.6983 -0.488182 0.600602 0.633211
-18.359 28.4352 38.0015 -0.458447 0.60882 0.647429
-16.9765 28.9431 38.5011 -0.45645 0.615295 0.642702
-15.6117 29.4393 38.9847 -0.449087 0.624488 0.639012
-14.2381 29.9361 39.4647 -0.449624 0.625286 0.637852
-12.8463 30.438 39.9502 -0.448542 0.628632 0.63532
-12.0849 30.7123 40.2138 -0.446127 0.629757 0.635906
-12.1548 26.3333 44.4375 -0.458577 0.616341 0.64018
-12.725 26.1247 44.2316 -0.456867 0.615941 0.641787
-12.8703 26.0717 44.1793 -0.45586 0.61571 0.642723
