-32.1775 26.0135 30.2341 -0.528346 0.580219 0.619835
-31.4596 27.2765 29.6608 -0.526874 0.581585 0.619808
-30.6594 28.4982 29.1868 -0.520211 0.585857 0.621412
-29.7395 29.8171 28.7006 -0.513415 0.590153 0.622995
-28.9346 31.0402 28.1953 -0.505253 0.595037 0.62502
-28.1306 32.2412 27.6994 -0.502888 0.596095 0.625919
-27.3016 33.4451 27.2011 -0.492118 0.607007 0.623985
-26.4646 34.6391 26.6919 -0.486536 0.61266 0.622834
-25.6065 35.8365 26.1754 -0.473799 0.618864 0.626515
-24.7155 37.0295 25.6724 -0.470614 0.619485 0.628298
-23.739 38.309 25.1216 -0.460372 0.630501 0.624921
-22.8502 39.436 24.6292 -0.455233 0.636948 0.622141
-21.9295 40.5884 24.1115 -0.442407 0.640716 0.627502
-20.9946 41.7608 23.5637 -0.438374 0.646091 0.624815
-19.9662 43.0078 22.9857 -0.426439 0.651308 0.627652
-19.0538 44.1441 22.4213 -0.423412 0.657073 0.623679
-18.1404 45.2379 21.8815 -0.411159 0.661306 0.627393
-17.1944 46.3453 21.3044 -0.39871 0.67699 0.618636
-16.2535 47.4133 20.7287 -0.383405 0.682634 0.622102
-15.2135 48.5451 20.1277 -0.373283 0.682016 0.628879
-14.208 49.5541 19.6095 -0.365327 0.688975 0.625979
-13.1914 50.6639 18.971 -0.35955 0.693045 0.62483
-12.1665 51.7311 18.3697 -0.353347 0.697634 0.623259
-11.0753 52.8753 17.6758 -0.340141 0.707701 0.619244
-10.2325 53.9478 16.8827 -0.328082 0.717829 0.614071
-9.35624 54.9424 16.1847 -0.326761 0.723719 0.60783
-9.45373 54.446 16.7163 -0.325523 0.71778 0.615489
-9.70556 53.3986 17.803 -0.32289 0.717917 0.616715
-9.83629 52.3214 18.9752 -0.330019 0.711864 0.619948
-9.9228 51.2379 20.1666 -0.337774 0.709763 0.618179
-9.91849 50.2228 21.3268 -0.343457 0.705553 0.619864
-9.9247 49.1336 22.5539 -0.343521 0.699623 0.626515
-9.88201 48.1362 23.6865 -0.348542 0.698766 0.624696
-9.85224 47.0922 24.8725 -0.349598 0.698278 0.624651
-9.75678 46.0193 26.1233 -0.353771 0.695862 0.624997
-9.76099 44.9974 27.2562 -0.365001 0.690916 0.624026
-9.75276 43.9622 28.3934 -0.372191 0.683087 0.628383
-9.68265 42.9656 29.5243 -0.373411 0.685055 0.625511
-9.65048 41.8884 30.7329 -0.38523 0.681355 0.622377
-9.59601 40.8472 31.9018 -0.391355 0.676565 0.62378
-9.54403 39.8188 33.0641 -0.399777 0.679306 0.615404
-9.50166 38.7729 34.2225 -0.411364 0.662953 0.625518
-9.44231 37.655 35.4566 -0.415448 0.668524 0.616829
-9.39556 36.6533 36.5713 -0.417599 0.664553 0.619661
-9.38465 35.5978 37.6985 -0.420504 0.658726 0.623904
-9.36862 34.5018 38.866 -0.424971 0.657691 0.621962
-9.37525 33.3673 40.0358 -0.439055 0.642234 0.628298
-9.31453 32.244 41.2252 -0.442501 0.639174 0.629007
-9.26615 31.1866 42.3262 -0.444926 0.63586 0.630653
-9.26826 30.0899 43.4342 -0.450679 0.634724 0.627705
-9.24328 29.0278 44.5219 -0.457064 0.629772 0.628076
-9.18907 27.8752 45.7019 -0.459692 0.620689 0.63516
-9.20627 26.7488 46.785 -0.461914 0.618211 0.635964
-9.17526 25.6169 47.8926 -0.465811 0.606137 0.644684
-9.11975 24.486 49.0012 -0.469745 0.607362 0.640665
-9.07582 23.3427 50.114 -0.472361 0.603424 0.642459
-9.09358 22.0793 51.2652 -0.477115 0.595155 0.646645
-9.07441 20.8709 52.3867 -0.48524 0.585434 0.649468
-9.03403 19.6723 53.4899 -0.486054 0.581103 0.652741
-9.01596 18.4861 54.5503 -0.488328 0.57388 0.657418
-9.5515 18.1712 54.428 -0.487028 0.57422 0.658084
-10.2879 18.8422 53.294 -0.48335 0.579043 0.656568
-11.0018 19.5313 52.1623 -0.478541 0.581667 0.65777
-11.7728 20.2393 50.9691 -0.47897 0.587981 0.651817
-12.5585 20.8849 49.8079 -0.476158 0.589292 0.652694
-13.3938 21.4973 48.6574 -0.470496 0.590013 0.656138
-14.2405 22.1109 47.4866 -0.470304 0.595741 0.651082
-15.1188 22.6447 46.3684 -0.467607 0.593137 0.655386
-16.0438 23.1714 45.2326 -0.47447 0.591909 0.651552
-17.0505 23.5992 44.1048 -0.475735 0.593792 0.648912
-18.0237 24.1194 42.9052 -0.47513 0.599547 0.644046
-18.9712 24.549 41.8045 -0.474014 0.602155 0.642433
-19.9567 24.9339 40.7195 -0.470681 0.599907 0.646968
-21.0535 25.2844 39.5997 -0.478808 0.592065 0.648221
-22.1073 25.5736 38.5396 -0.485749 0.591207 0.643833
-23.2833 25.8247 37.4268 -0.484379 0.589024 0.64686
-24.4289 25.9865 36.4207 -0.486155 0.587294 0.6471
-25.5771 26.135 35.4122 -0.493908 0.584164 0.644055
-26.794 26.1573 34.4591 -0.494308 0.58352 0.644332
-28.074 26.1818 33.4511 -0.498016 0.581579 0.643231
-29.332 26.1735 32.4644 -0.510081 0.583232 0.632179
-30.5866 26.1318 31.4711 -0.523738 0.579499 0.624402
-31.8656 26.0231 30.4908 -0.527893 0.580425 0.620029
-32.0659 26.0125 30.33 -0.528316 0.579795 0.620258
-34.1049 20.4349 33.729 -0.533238 0.569516 0.625546
-32.9081 20.491 34.6914 -0.529636 0.571918 0.626415
-31.6972 20.559 35.654 -0.525897 0.574791 0.626924
-30.4569 20.6331 36.6142 -0.518053 0.583907 0.625037
-29.2503 20.6793 37.5738 -0.503934 0.58926 0.631519
-28.0829 20.5717 38.5824 -0.49157 0.590451 0.640099
-26.8445 20.3895 39.7023 -0.491953 0.590289 0.639954
-25.7205 20.1656 40.7707 -0.490716 0.58999 0.641178
-24.6569 19.9028 41.8212 -0.488382 0.590071 0.642884
-23.5793 19.5911 42.9237 -0.486747 0.589887 0.644291
-22.6156 19.1844 44.0124 -0.483605 0.584571 0.651462
-21.6788 18.6596 45.1774 -0.482909 0.584268 0.65225
-20.7473 18.2091 46.2692 -0.481447 0.584841 0.652817
-19.7239 17.7239 47.4521 -0.479182 0.580704 0.658153
-18.8299 17.1528 48.5998 -0.476568 0.579312 0.661271
-17.961 16.5216 49.7728 -0.474864 0.576738 0.664739
-17.1291 15.791 50.9986 -0.475447 0.57582 0.665118
-16.3394 15.1094 52.1504 -0.47693 0.572253 0.667131
-15.5052 14.3523 53.3964 -0.478615 0.570788 0.66718
-14.7155 13.6453 54.5703 -0.481011 0.56957 0.666497
-13.9392 12.9515 55.719 -0.480308 0.565608 0.670366
-13.1727 12.2627 56.8472 -0.482229 0.561775 0.672208
-12.4443 11.4768 58.0197 -0.481061 0.558951 0.675392
-11.7849 10.6957 59.1326 -0.481243 0.556502 0.677282
-11.1143 9.88112 60.2759 -0.481453 0.554812 0.678518
-10.5682 8.92429 61.4413 -0.479783 0.553346 0.680894
-10.4598 7.73988 62.4785 -0.47848 0.552337 0.682628
-10.9706 6.39411 63.2069 -0.477579 0.550884 0.684431
-12.0314 5.1787 63.4454 -0.476824 0.551117 0.684769
-13.2436 4.29865 63.3094 -0.477166 0.55198 0.683836
-14.4951 3.48819 63.0912 -0.477088 0.553092 0.682991
-14.8281 2.94528 63.2981 -0.477277 0.552927 0.682992
-13.5576 2.911 64.212 -0.476116 0.552669 0.68401
-12.1837 2.90726 65.1685 -0.474935 0.551898 0.685453
-10.79 2.93851 66.1074 -0.474362 0.551005 0.686567
-9.55133 2.9247 66.9718 -0.473452 0.549851 0.688119
-8.22921 2.94335 67.8654 -0.472841 0.548697 0.689459
-6.97817 2.94174 68.7238 -0.472251 0.547441 0.690859
-5.62118 2.96375 69.6327 -0.47311 0.544281 0.692766
-4.29987 2.96995 70.5301 -0.474335 0.541807 0.693867
-3.03506 2.95552 71.4056 -0.475943 0.538189 0.695579
-1.69689 3.00938 72.2812 -0.47829 0.536751 0.695081
-0.460262 3.92143 72.4372 -0.486115 0.533623 0.692054
0.372185 4.96622 72.2192 -0.488722 0.532602 0.691004
-0.525709 5.60329 71.0956 -0.485261 0.533444 0.692791
-1.32003 6.36012 69.954 -0.484103 0.535971 0.69165
-1.97074 7.28939 68.7781 -0.484667 0.536076 0.691173
-2.49356 8.26609 67.6545 -0.486802 0.535334 0.690247
-2.8492 9.3538 66.5597 -0.490023 0.534698 0.688458
-3.04303 10.4898 65.538 -0.493257 0.534576 0.68624
-3.07337 11.7028 64.5666 -0.496988 0.5366 0.681954
-3.02892 12.9418 63.6188 -0.498904 0.539381 0.678353
-3.03914 14.1411 62.6517 -0.498801 0.543629 0.675029
-3.0217 15.384 61.6551 -0.500898 0.547703 0.670166
-3.01449 16.6267 60.6333 -0.500044 0.556316 0.663676
-3.03303 17.7913 59.6385 -0.499904 0.560547 0.660214
-3.05323 19.063 58.5324 -0.499675 0.567232 0.654653
-3.06301 20.3492 57.3973 -0.496791 0.573271 0.651581
-3.07945 21.5002 56.3562 -0.495941 0.582516 0.643983
-3.071 22.7012 55.2581 -0.492857 0.591852 0.637809
-3.06783 23.8615 54.1755 -0.489202 0.598513 0.6344
-3.07296 25.0074 53.0771 -0.48551 0.607578 0.628593
-3.06285 26.1829 51.9377 -0.48211 0.613322 0.625625
-3.06677 27.2598 50.8709 -0.475811 0.621783 0.622085
-3.14229 28.4181 49.6473 -0.475183 0.625503 0.618826
-3.12044 29.4842 48.5813 -0.46798 0.6318 0.617917
-3.08519 30.5397 47.5116 -0.462416 0.640392 0.613246
-3.15537 31.6282 46.3191 -0.461082 0.644181 0.61027
-3.15977 32.719 45.1611 -0.453685 0.650487 0.609127
-3.17287 33.8153 43.9679 -0.44676 0.659753 0.60426
-3.15949 34.8403 42.857 -0.442616 0.66313 0.603609
-3.16377 35.8884 41.7001 -0.432522 0.66934 0.604076
-3.1555 36.9405 40.5381 -0.422703 0.677495 0.601933
-3.17817 37.9509 39.3732 -0.416782 0.684881 0.597688
-3.18877 38.9833 38.1824 -0.410444 0.688231 0.598224
-3.21294 40.0199 36.9535 -0.396393 0.699424 0.594699
-3.24263 40.9953 35.7919 -0.38913 0.701783 0.596723
-3.24199 42.0711 34.5188 -0.382994 0.705141 0.596735
-3.27084 43.0333 33.3542 -0.365741 0.713853 0.597193
-3.28679 44.0886 32.0788 -0.353863 0.719205 0.597932
-3.30058 45.0594 30.9082 -0.346923 0.71949 0.601646
-3.35583 46.0692 29.6536 -0.332122 0.728872 0.598699
-3.31478 47.0544 28.4684 -0.323021 0.732837 0.598834
-3.34236 48.0334 27.2777 -0.310544 0.730348 0.608403
-3.34072 49.0986 26.0041 -0.300759 0.72893 0.614979
-3.34996 50.1025 24.8137 -0.292926 0.729336 0.618274
-3.40401 51.0869 23.6304 -0.29044 0.728015 0.620998
-3.3888 52.1226 22.4264 -0.284947 0.727881 0.623693
-3.37535 53.1261 21.265 -0.277529 0.728201 0.626658
-3.25375 54.1295 20.1396 -0.28497 0.731235 0.619748
-2.98837 55.1653 19.0313 -0.278725 0.733167 0.620304
-2.51448 56.2468 17.952 -0.271257 0.738304 0.617517
-1.84189 57.322 16.9491 -0.265865 0.742533 0.614785
-1.01016 58.317 16.1095 -0.263889 0.74009 0.618569
0.0241067 59.3443 15.3274 -0.269824 0.741962 0.613749
1.16988 60.2464 14.7257 -0.269703 0.756787 0.595427
2.4672 61.1051 14.15 -0.243184 0.795902 0.554204
3.8881 61.8248 13.6142 -0.1909 0.836524 0.5136
5.26305 62.3085 13.0608 -0.0525273 0.899786 0.43304
6.65856 62.5029 12.3473 0.15734 0.909941 0.383604
7.98026 62.3411 11.6281 0.360074 0.901738 0.239197
9.16305 61.8632 10.8322 0.516123 0.850382 0.102213
10.2208 61.2264 9.97215 0.58798 0.807686 0.0436734
11.3207 60.4066 9.05412 0.650787 0.758613 0.031188
12.4302 59.4543 8.1902 0.677511 0.73363 0.0525943
13.4789 58.5388 7.53183 0.674834 0.735549 0.0596691
14.5827 57.5683 7.13707 0.669324 0.73997 0.0667005
15.7403 56.5449 6.87128 0.669504 0.740037 0.0641067
16.9268 55.4682 6.83369 0.674387 0.735962 0.0596863
18.1015 54.3796 6.98423 0.677174 0.73375 0.0551555
19.2556 53.273 7.35518 0.68612 0.725864 0.0485511
20.2947 52.2287 7.84983 0.7039 0.708011 0.0567681
21.2896 51.1836 8.36715 0.710657 0.700695 0.0631884
22.255 50.146 8.92567 0.717653 0.693491 0.0636035
23.273 49.027 9.54667 0.723348 0.687324 0.0659727
24.3315 47.8346 10.1765 0.732716 0.677162 0.0676667
25.2656 46.7595 10.7188 0.744703 0.664131 0.0658853
26.2201 45.6248 11.3047 0.748192 0.660526 0.0625544
27.185 44.4767 11.8429 0.751157 0.657092 0.0631867
28.1316 43.3338 12.3689 0.754476 0.653037 0.0656394
29.0537 42.1893 12.9277 0.76823 0.636354 0.0698305
29.9999 40.971 13.4697 0.77393 0.628938 0.0739597
30.9269 39.7675 13.976 0.777102 0.625121 0.0730494
31.8297 38.5604 14.5339 0.784312 0.616429 0.0697916
32.6843 37.4117 15.0459 0.786989 0.613238 0.0677288
33.6395 36.1186 15.6122 0.791738 0.607283 0.0659409
34.5483 34.8661 16.0916 0.796523 0.600483 0.070504
35.3794 33.7007 16.5487 0.803279 0.591132 0.0728383
36.2241 32.4774 17.0839 0.807042 0.585605 0.075825
37.0923 31.2049 17.5831 0.811012 0.579029 0.0835737
37.9428 29.9385 18.0539 0.81272 0.576291 0.0858827
38.7451 28.7192 18.537 0.817716 0.568169 0.0923235
39.5546 27.4671 19.0038 0.825112 0.557231 0.0931791
40.3645 26.1823 19.489 0.827913 0.553447 0.0908591
41.1868 24.8783 19.9338 0.828449 0.552677 0.0906688
41.9605 23.6311 20.4016 0.832154 0.545984 0.0970613
42.7444 22.3572 20.8462 0.832235 0.545622 0.0983971
43.5341 21.0654 21.2846 0.834805 0.541026 0.101935
44.3636 19.6959 21.7426 0.834833 0.540732 0.103258
44.2413 20.1714 20.2559 0.834443 0.541047 0.10475
44.0145 20.792 18.8277 0.832521 0.544404 0.10263
43.7937 21.4076 17.3071 0.831688 0.546925 0.0957483
43.5482 22.0181 15.8929 0.828998 0.551509 0.0927418
43.307 22.6206 14.47 0.828104 0.55262 0.0941025
43.081 23.1859 13.0858 0.826989 0.555316 0.087825
42.9911 23.5422 11.5915 0.826351 0.557793 0.077527
42.9208 23.8546 10.0872 0.825707 0.558871 0.0766212
42.8377 24.1663 8.62131 0.824613 0.561497 0.068811
42.7754 24.4418 7.04767 0.821242 0.567322 0.0608377
42.796 24.5697 5.44583 0.820946 0.568524 0.0531788
42.8997 24.5702 3.81635 0.820898 0.568686 0.0521895
43.009 24.5542 2.28694 0.820253 0.56952 0.0532117
43.0802 24.6114 0.549687 0.819483 0.570795 0.0513922
43.2566 24.4937 -0.963651 0.819686 0.570568 0.0506587
43.586 24.1478 -2.5501 0.82277 0.566788 0.0424409
43.88 23.8286 -4.01095 0.82256 0.567158 0.041544
44.1689 23.5108 -5.48983 0.82394 0.565529 0.036047
44.4623 23.1728 -7.0277 0.824847 0.56446 0.0318082
44.8832 22.643 -8.49641 0.827081 0.561062 0.0338536
45.3119 22.0818 -9.83795 0.831063 0.555318 0.0309051
45.7418 21.518 -11.2325 0.832499 0.552928 0.034789
46.2175 20.8955 -12.6014 0.834181 0.549942 0.0412923
46.6525 20.3314 -13.9289 0.835655 0.547743 0.0407283
47.1049 19.74 -15.2772 0.838445 0.543329 0.0424552
47.6357 19.0068 -16.5783 0.843045 0.536437 0.0388711
48.1507 18.2879 -17.81 0.844083 0.534534 0.0423942
48.6897 17.5259 -19.0819 0.849344 0.525938 0.0447647
49.1748 16.8506 -20.3303 0.854456 0.517344 0.0475369
49.7082 16.0748 -21.643 0.861409 0.505653 0.0478548
50.1756 15.3934 -22.9125 0.865781 0.498128 0.0478773
50.6699 14.6548 -24.2043 0.868828 0.492539 0.0504333
51.1813 13.8721 -25.4411 0.872634 0.485613 0.0518663
51.0654 14.1287 -25.8905 0.872748 0.485318 0.0526981
50.2887 15.4601 -25.4606 0.867403 0.494582 0.0547676
49.4812 16.8037 -24.9896 0.860589 0.506228 0.0558272
48.7029 18.0569 -24.5255 0.85427 0.516516 0.0586033
47.8803 19.3515 -24.0854 0.848778 0.524585 0.0662181
47.0858 20.5493 -23.5965 0.840086 0.538017 0.0692109
46.2409 21.8059 -23.1482 0.835484 0.546023 0.0617946
45.3829 23.0486 -22.6419 0.831746 0.551899 0.0600483
44.4835 24.3327 -22.0984 0.827105 0.558783 0.0604598
43.5765 25.6072 -21.5799 0.820728 0.568195 0.0596609
42.7343 26.7593 -21.0972 0.815148 0.576519 0.0562054
41.8905 27.8926 -20.5557 0.811187 0.582124 0.0557397
41.0361 29.0202 -20.0367 0.803742 0.59284 0.0503395
40.1696 30.1456 -19.5253 0.800046 0.597993 0.0482891
39.2175 31.3635 -18.9818 0.795186 0.604486 0.0477118
38.3069 32.5085 -18.4526 0.790424 0.61084 0.0458775
37.3707 33.6646 -17.8977 0.783548 0.619943 0.0415074
36.3996 34.8467 -17.3228 0.779068 0.625796 0.0378561
35.4881 35.9438 -16.7962 0.775603 0.630111 0.03742
34.5096 37.1031 -16.2346 0.767269 0.640584 0.030818
33.5571 38.2124 -15.6783 0.761564 0.647619 0.0244229
32.482 39.4394 -15.0897 0.755636 0.654643 0.0213793
31.5258 40.5057 -14.5047 0.743426 0.668671 0.0140303
30.522 41.6113 -13.8746 0.74284 0.669452 0.00476104
29.5813 42.6438 -13.3274 0.739525 0.673118 0.00386634
28.5487 43.7662 -12.7161 0.729889 0.683521 -0.00779448
27.5861 44.7943 -12.0939 0.723823 0.689852 -0.0136287
26.5675 45.8655 -11.5117 0.716352 0.697444 -0.020259
25.5993 46.8787 -10.924 0.711842 0.701836 -0.0263616
24.6113 47.8913 -10.3379 0.704252 0.709314 -0.0300489
23.6259 48.8864 -9.73605 0.696887 0.716382 -0.03385
22.625 49.886 -9.18679 0.69684 0.716307 -0.036311
21.6163 50.9006 -8.61243 0.695774 0.717279 -0.0374643
20.6378 51.8808 -7.99408 0.694167 0.718926 -0.0357606
19.5733 52.927 -7.46178 0.683596 0.728783 -0.0396514
18.4179 54.0283 -7.03591 0.678195 0.733422 -0.0462185
17.2348 55.1272 -6.85257 0.67452 0.73651 -0.0507434
16.1269 56.1452 -6.81044 0.67381 0.736487 -0.0597263
14.9803 57.1724 -7.01875 0.670529 0.738755 -0.0680639
13.8634 58.1463 -7.40497 0.668465 0.740027 -0.0742598
12.7932 59.0497 -7.94349 0.661207 0.746329 -0.0761084
11.6574 59.9534 -8.79415 0.645976 0.759918 -0.0723886
10.6015 60.7077 -9.6978 0.60063 0.794932 -0.0856019
9.53814 61.2707 -10.6397 0.455083 0.877087 -0.152541
8.33201 61.6275 -11.5044 0.33776 0.917105 -0.211276
6.87999 61.7683 -12.3336 0.178334 0.928076 -0.326914
5.56159 61.6248 -13.0592 0.0100635 0.919829 -0.392191
4.13421 61.1424 -13.6787 -0.211992 0.848829 -0.483906
2.78564 60.471 -14.1043 -0.245221 0.783672 -0.570547
1.49292 59.651 -14.587 -0.276129 0.750599 -0.600274
0.351116 58.7627 -15.1561 -0.271017 0.739159 -0.616599
-0.692024 57.8212 -15.8375 -0.262738 0.742332 -0.616366
-1.61453 56.777 -16.6929 -0.266095 0.740393 -0.617262
-2.32082 55.7411 -17.6305 -0.269351 0.741247 -0.61482
-2.87411 54.5873 -18.7739 -0.278332 0.738685 -0.613902
-3.20157 53.5435 -19.8735 -0.283489 0.734271 -0.616831
-3.37086 52.4673 -21.0637 -0.28927 0.727429 -0.622228
-3.41284 51.4365 -22.244 -0.296594 0.723333 -0.623555
-3.37757 50.4214 -23.439 -0.299575 0.721851 -0.623847
-3.36554 49.4349 -24.5786 -0.303933 0.717603 -0.626635
-3.33453 48.4509 -25.7161 -0.309727 0.713553 -0.628419
-3.36581 47.392 -26.8948 -0.320838 0.704513 -0.633028
-3.31695 46.3443 -28.0883 -0.328568 0.702565 -0.631223
-3.33952 45.2549 -29.2774 -0.338764 0.691964 -0.637515
-3.32807 44.2188 -30.4105 -0.346442 0.689968 -0.635548
-3.26336 43.1803 -31.5589 -0.353429 0.680208 -0.642187
-3.23477 42.1462 -32.6559 -0.361678 0.671827 -0.646404
-3.23465 41.0223 -33.8101 -0.37401 0.663565 -0.647919
-3.2707 39.9289 -34.8999 -0.378797 0.657116 -0.651698
-3.22067 38.8719 -35.9808 -0.38642 0.646199 -0.658108
-3.21788 37.7014 -37.1285 -0.396651 0.642932 -0.655215
-3.19697 36.6174 -38.1961 -0.40322 0.63514 -0.658795
-3.16578 35.5403 -39.2421 -0.406893 0.626624 -0.664666
-3.19089 34.4221 -40.2715 -0.414173 0.619524 -0.666821
-3.16643 33.2574 -41.3607 -0.421784 0.613712 -0.667425
-3.18862 32.1006 -42.4008 -0.423841 0.606298 -0.672875
-3.20478 30.9477 -43.4155 -0.427516 0.600898 -0.67539
-3.18617 29.8189 -44.4198 -0.431957 0.58881 -0.683166
-3.10428 28.6869 -45.4412 -0.437744 0.583801 -0.683781
-3.18774 27.396 -46.4884 -0.440913 0.582289 -0.683031
-3.16855 26.2334 -47.4712 -0.442939 0.571808 -0.690536
-3.17715 25.0572 -48.4336 -0.44642 0.566637 -0.692554
-3.14939 23.7665 -49.5002 -0.448508 0.560174 -0.69645
-3.13488 22.5701 -50.4638 -0.451021 0.553486 -0.700167
-3.11092 21.2333 -51.5205 -0.452759 0.545469 -0.705317
-3.14252 19.9284 -52.4992 -0.452191 0.535876 -0.712994
-3.14514 18.7143 -53.4022 -0.452407 0.530398 -0.716941
-3.14828 17.325 -54.4206 -0.452771 0.527055 -0.719174
-3.12942 16.0763 -55.3405 -0.452566 0.521431 -0.723391
-3.12056 14.762 -56.2818 -0.452532 0.513348 -0.729168
-3.41935 13.8764 -56.7139 -0.454203 0.506773 -0.732722
-4.25595 14.6221 -55.6727 -0.452902 0.513867 -0.728574
-5.09266 15.3526 -54.6369 -0.451645 0.517267 -0.726947
-6.01224 16.1785 -53.4703 -0.4495 0.525513 -0.722347
-6.84847 16.9191 -52.4098 -0.447241 0.528282 -0.72173
-7.69845 17.7202 -51.2876 -0.447772 0.537493 -0.714563
-8.52097 18.4473 -50.2287 -0.440644 0.54059 -0.716655
-9.3066 19.2307 -49.1554 -0.43812 0.543874 -0.715717
-10.0699 19.9841 -48.103 -0.439433 0.55211 -0.708571
-11.0069 20.7023 -46.9592 -0.441579 0.554409 -0.705435
-11.9446 21.2615 -45.9262 -0.443328 0.556533 -0.70266
-12.885 21.8457 -44.87 -0.443637 0.556296 -0.702653
-13.7878 22.4516 -43.8228 -0.441464 0.554545 -0.7054
-14.7519 23.0503 -42.7489 -0.439219 0.556852 -0.704984
-15.8826 23.5412 -41.6604 -0.435119 0.557683 -0.706866
-17.0224 23.8789 -40.6927 -0.435528 0.557394 -0.706844
-18.1685 24.1859 -39.734 -0.443095 0.557577 -0.701979
-19.3172 24.4616 -38.785 -0.446199 0.556285 -0.701038
-20.4398 24.7793 -37.8161 -0.448904 0.556349 -0.699257
-21.6523 25.0021 -36.8531 -0.453365 0.555094 -0.697373
-22.925 24.9712 -36.0418 -0.460691 0.553065 -0.694178
-24.2055 24.9835 -35.1777 -0.460921 0.554522 -0.692861
-25.4763 24.9596 -34.3517 -0.460559 0.555721 -0.692141
-26.81 24.858 -33.5417 -0.466845 0.551481 -0.69132
-28.1875 24.5842 -32.8203 -0.475564 0.545704 -0.689961
-29.5356 24.2921 -32.1187 -0.477694 0.543725 -0.690052
-30.9098 24.0179 -31.3801 -0.481229 0.54215 -0.688833
-32.2956 23.7042 -30.6521 -0.485783 0.539358 -0.687829
-33.784 23.2263 -29.9632 -0.493197 0.535868 -0.685275
-35.2709 22.6206 -29.3434 -0.505245 0.521851 -0.687313
-36.601 22.1873 -28.6893 -0.511914 0.516152 -0.686682
-37.8894 21.7025 -28.0902 -0.515732 0.512455 -0.686594
-39.3093 21.1163 -27.4575 -0.517544 0.510664 -0.686564
-39.9633 21.1973 -26.9068 -0.516457 0.509261 -0.688423
-39.2636 22.4838 -26.4779 -0.5148 0.511101 -0.688299
-38.5244 23.7652 -26.0729 -0.510867 0.516032 -0.687551
-37.7572 25.0727 -25.65 -0.506223 0.52271 -0.68594
-37.0314 26.3435 -25.2104 -0.502159 0.528357 -0.684598
-36.247 27.6917 -24.726 -0.488975 0.537879 -0.686724
-35.466 28.9539 -24.2789 -0.483372 0.5455 -0.684676
-34.6733 30.1931 -23.8488 -0.480706 0.546777 -0.685534
-33.9022 31.4621 -23.3615 -0.475007 0.557554 -0.680809
-33.0543 32.712 -22.9134 -0.469706 0.567196 -0.676505
-32.2545 33.9258 -22.434 -0.464094 0.580035 -0.66946
-31.3637 35.2251 -21.9178 -0.458765 0.58488 -0.668917
-30.5397 36.3918 -21.4522 -0.454952 0.592599 -0.664712
-29.6863 37.5944 -20.9501 -0.446813 0.601286 -0.662431
-28.7822 38.7922 -20.4651 -0.441905 0.608449 -0.659174
-27.8777 40.0431 -19.9113 -0.442913 0.611619 -0.655554
-26.9452 41.2846 -19.3651 -0.432668 0.625142 -0.649612
-26.0223 42.4549 -18.8395 -0.43053 0.635592 -0.640833
-25.1031 43.573 -18.3314 -0.426836 0.642982 -0.635912
-24.1904 44.67 -17.8286 -0.425305 0.647609 -0.632232
-23.1551 45.922 -17.2267 -0.421174 0.65796 -0.624252
-22.1697 47.1301 -16.6033 -0.418479 0.665298 -0.618265
-21.204 48.1779 -16.1147 -0.409054 0.674104 -0.615016
-20.2322 49.2438 -15.5769 -0.40246 0.676228 -0.617041
-19.2865 50.3012 -15.0281 -0.403573 0.679414 -0.612795
-18.3121 51.3699 -14.4733 -0.404155 0.690645 -0.599724
-17.2348 52.4671 -13.8781 -0.379944 0.709867 -0.593068
-16.2448 53.5244 -13.2345 -0.361066 0.717877 -0.595217
-15.3356 54.6456 -12.441 -0.368612 0.715885 -0.592986
-14.5984 55.6969 -11.6007 -0.363298 0.726771 -0.58294
-13.9754 56.7915 -10.5924 -0.357934 0.735801 -0.57487
-13.5717 57.8365 -9.50934 -0.358306 0.733504 -0.577572
-13.2779 58.9686 -8.25545 -0.35891 0.733077 -0.577738
-13.1981 59.929 -7.09136 -0.348059 0.734065 -0.583096
-13.328 60.8632 -5.84568 -0.329416 0.738715 -0.588036
-13.588 61.7356 -4.56043 -0.311081 0.77189 -0.55445
-13.8066 62.449 -3.24053 -0.321921 0.840177 -0.436107
-13.9816 62.9801 -1.823 -0.31176 0.9033 -0.294712
-14.0478 63.2239 -0.290095 -0.268351 0.960329 -0.0758691
-13.9883 63.1741 1.36659 -0.281599 0.949874 0.135801
-13.8393 62.8416 2.8718 -0.274501 0.90768 0.317436
-13.6062 62.2342 4.29492 -0.305655 0.808539 0.50277
-13.3725 61.409 5.63687 -0.332426 0.758985 0.559852
-13.1878 60.4645 7.00322 -0.35849 0.742113 0.566351
-13.2902 59.4544 8.24087 -0.370705 0.731866 0.571796
-13.5149 58.4118 9.43355 -0.370539 0.732959 0.570501
-13.9101 57.401 10.4785 -0.369051 0.734993 0.568846
-14.4814 56.3841 11.4195 -0.373673 0.733556 0.567683
-15.1769 55.3643 12.2732 -0.370075 0.732398 0.571512
-16.0081 54.2823 13.0879 -0.387877 0.712049 0.585268
-16.9734 53.2585 13.6863 -0.391491 0.708525 0.587135
-17.9287 52.2369 14.2681 -0.400929 0.703057 0.587338
-18.9176 51.1765 14.8368 -0.425973 0.692491 0.58224
-19.8679 50.1261 15.3542 -0.440806 0.670734 0.596468
-20.7886 49.0473 15.8787 -0.439631 0.665712 0.602952
-21.7279 47.9363 16.4254 -0.439382 0.666433 0.602338
-22.7442 46.6969 17.0315 -0.450821 0.657438 0.603767
-23.6856 45.5499 17.5633 -0.461842 0.651081 0.602325
-24.63 44.3632 18.1128 -0.466188 0.645082 0.605424
-25.6027 43.1611 18.636 -0.469574 0.641799 0.606296
-26.5056 41.9786 19.1787 -0.478023 0.636766 0.604999
-27.3749 40.8251 19.697 -0.481324 0.63224 0.607124
-28.3365 39.551 20.2538 -0.48423 0.628071 0.609137
-29.2784 38.304 20.7817 -0.491053 0.620959 0.610964
-30.1487 37.1187 21.2685 -0.500321 0.610347 0.61413
-31.0262 35.8572 21.8094 -0.50349 0.612996 0.608879
-31.8369 34.6615 22.3254 -0.511625 0.60539 0.609704
-32.7112 33.4346 22.7913 -0.522923 0.590684 0.614527
-33.559 32.1247 23.3223 -0.52297 0.588021 0.617036
-34.377 30.9114 23.7835 -0.522939 0.585803 0.619169
-35.1835 29.7251 24.2221 -0.527014 0.584503 0.616937
-36.04 28.4185 24.6997 -0.535856 0.572997 0.620107
-36.823 27.1636 25.1793 -0.538441 0.571748 0.61902
-37.608 25.8917 25.6648 -0.54233 0.568696 0.618436
-38.4176 24.623 26.111 -0.551102 0.559535 0.619037
-39.1499 23.3819 26.5697 -0.558244 0.553577 0.617994
-39.9657 22.0792 26.9956 -0.561871 0.552502 0.615664
-40.7428 20.7581 27.4662 -0.56839 0.549214 0.612615
-41.5162 19.412 27.9429 -0.574585 0.545174 0.61044
-41.9826 18.2338 28.5668 -0.579516 0.55143 0.600069
-40.7604 18.5634 29.4438 -0.575618 0.557349 0.598345
-39.4457 18.9689 30.2905 -0.557393 0.565106 0.60825
-38.1912 19.3423 31.094 -0.556818 0.564431 0.609402
-36.9168 19.7279 31.8897 -0.550965 0.563062 0.615953
-35.6464 20.1503 32.6381 -0.550461 0.560386 0.618838
-34.4197 20.4018 33.4893 -0.538889 0.568864 0.621283
-34.1819 20.4265 33.6709 -0.534184 0.568727 0.625458
-9.0375 55.5841 15.5874 -0.326832 0.726424 0.604554
-9.03758 55.5857 15.5855 -0.328958 0.726761 0.602995
-7.71919 57.9596 13.4367 -0.32461 0.728935 0.602712
-7.72349 57.9669 13.4256 -0.327905 0.727093 0.603167
-7.59612 58.2253 13.1851 -0.323464 0.725285 0.607727
-7.36982 59.243 12.0959 -0.31465 0.724256 0.613554
-7.11465 60.3158 10.9725 -0.325226 0.718073 0.615304
-5.83486 60.2823 11.6545 -0.303847 0.715195 0.629423
-6.68655 59.2774 12.4022 -0.310548 0.725792 0.613821
-7.47585 58.262 13.2052 -0.320564 0.727843 0.60619
-7.51587 58.2175 13.2371 -0.323463 0.725286 0.607726
-3.99918 65.0699 6.93399 -0.245444 0.721314 0.647634
-2.57226 65.0325 7.482 -0.204415 0.732521 0.649291
-1.10626 65.0832 7.82324 -0.151169 0.748628 0.645498
0.404227 65.163 7.90247 -0.0271009 0.78514 0.61868
2.03774 65.2143 7.80285 0.0878519 0.813392 0.574208
3.48877 65.2195 7.32173 0.258213 0.816386 0.516566
4.75718 65.2386 6.44236 0.357917 0.824318 0.438628
5.82112 65.1396 5.35137 0.511017 0.804161 0.303622
6.62509 65.0057 4.06572 0.608328 0.763708 0.214985
7.12263 64.9148 2.60871 0.669846 0.730787 0.130821
7.38442 64.9036 0.976718 0.697769 0.712422 0.0741139
7.40942 64.9048 -0.618146 0.707209 0.703947 -0.064174
7.16243 64.8945 -2.10538 0.674301 0.718672 -0.169053
6.6987 64.9399 -3.52597 0.607695 0.760651 -0.228291
5.92811 65.0294 -4.84445 0.513908 0.788373 -0.337597
4.91281 65.0729 -5.95282 0.416785 0.801017 -0.429714
3.57321 65.1144 -6.855 0.247086 0.837831 -0.486241
2.08056 65.0936 -7.33855 0.104741 0.790478 -0.603468
0.570268 65.0181 -7.53701 -0.0218363 0.75586 -0.653727
-1.06304 64.9295 -7.40013 -0.142483 0.727415 -0.671242
-2.57785 64.8599 -7.04843 -0.229685 0.722344 -0.652178
-4.00083 64.8645 -6.42545 -0.314804 0.70816 -0.631986
-5.39081 64.9495 -5.58261 -0.367913 0.71536 -0.593833
-6.63537 65.0675 -4.54076 -0.417287 0.749116 -0.514487
-7.62669 65.1855 -3.37618 -0.479973 0.796216 -0.368314
-8.36622 65.2803 -2.04827 -0.488692 0.820443 -0.296737
-8.81313 65.4213 -0.493955 -0.517996 0.845061 -0.126834
-8.71796 65.4396 1.03864 -0.507172 0.848837 0.14917
-8.3148 65.3474 2.50401 -0.488034 0.839603 0.238517
-7.55113 65.2658 3.89526 -0.463987 0.799065 0.382375
-6.56317 65.1757 5.10276 -0.446183 0.745982 0.4944
-5.25226 65.1182 6.20381 -0.376989 0.716596 0.586828
-4.03477 65.0729 6.91699 -0.265357 0.717116 0.644249
12.2951 60.1004 0.72739 0.683138 0.730059 0.0183415
12.2886 60.1072 -0.858787 0.680493 0.732591 -0.0154236
13.3472 59.1302 -0.633569 0.68742 0.726195 -0.00704231
14.3998 58.1222 -0.244586 0.689096 0.724668 0.00160122
15.529 57.056 -0.0208682 0.686884 0.726755 -0.00419015
14.9253 57.6244 0.144504 0.685672 0.727909 -9.18763e-05
13.8491 58.643 0.419822 0.691854 0.721979 0.00918805
12.7582 59.667 0.809348 0.682265 0.730786 0.0209975
12.3643 60.0309 0.914796 0.682685 0.73047 0.0188422
18.4956 54.239 0.111951 0.697099 0.716935 -0.00728922
19.5233 53.2352 0.272765 0.70096 0.7132 -0.00124339
20.5727 52.2053 0.688613 0.702391 0.711754 0.00705211
21.7119 51.0645 1.19796 0.710658 0.703537 -0.00134258
22.7883 49.9455 1.7671 0.72589 0.687645 0.0150086
23.7612 48.9026 2.30646 0.72649 0.686901 0.0194513
24.7275 47.855 2.85309 0.729773 0.683025 0.0301129
25.6935 46.7846 3.4936 0.734047 0.678277 0.0333756
26.6463 45.713 4.03497 0.746113 0.664581 0.0405788
27.5806 44.6046 4.60051 0.755795 0.653029 0.0482449
28.5961 43.3804 5.20007 0.758146 0.650367 0.0472963
29.6241 42.1301 5.81555 0.76396 0.643676 0.0451845
30.5585 40.9591 6.34383 0.774369 0.630537 0.0526944
31.4451 39.8187 6.89318 0.775759 0.62863 0.0549772
32.329 38.6763 7.3932 0.781222 0.621595 0.0575407
33.2548 37.4603 7.90028 0.782699 0.619585 0.0591244
34.0991 36.3263 8.42848 0.789232 0.610578 0.0656311
34.949 35.1647 8.93872 0.791629 0.607581 0.0645702
35.8113 33.9841 9.40409 0.794371 0.603596 0.0681649
36.699 32.7535 9.86618 0.798611 0.597793 0.0697349
37.57 31.5163 10.3326 0.806162 0.586494 0.0782639
38.4033 30.2872 10.8269 0.814033 0.575726 0.0767463
38.9688 29.5346 10.4827 0.814117 0.57548 0.0776871
38.9115 29.8206 8.96547 0.818767 0.56996 0.0690418
38.8892 30.0166 7.40006 0.813637 0.578699 0.0557003
38.9129 30.1198 5.8855 0.814327 0.578147 0.051149
38.9677 30.1826 4.28795 0.814502 0.578037 0.0495942
39.0456 30.2074 2.64664 0.816118 0.575937 0.0474059
39.119 30.2321 1.12122 0.817253 0.574237 0.048475
39.243 30.1825 -0.42565 0.814019 0.579426 0.0404695
39.4178 30.0275 -1.94528 0.815506 0.578074 0.0279284
39.677 29.7493 -3.4961 0.810043 0.585129 0.0381378
40.0001 29.4127 -5.06995 0.808215 0.587565 0.0394409
40.3014 29.0914 -6.54385 0.811175 0.583874 0.0329486
40.6166 28.7473 -8.20049 0.812805 0.581309 0.0377917
40.9445 28.3934 -9.68946 0.814927 0.578097 0.0411578
41.3838 27.8738 -11.1968 0.816752 0.575703 0.0384868
41.88 27.2697 -12.6469 0.815244 0.577683 0.0407335
41.8301 27.3936 -13.3981 0.814808 0.578208 0.0420003
40.9601 28.5813 -12.8695 0.813356 0.580568 0.0373156
40.0253 29.8279 -12.3254 0.805543 0.591419 0.0363825
39.1722 30.9566 -11.8093 0.802295 0.595833 0.0361426
38.2112 32.2062 -11.2475 0.796252 0.604317 0.0279798
37.2804 33.4087 -10.6522 0.795571 0.605449 0.022059
36.3233 34.625 -10.1109 0.785151 0.618846 0.023842
35.4156 35.7467 -9.52636 0.781051 0.624025 0.0234965
34.4908 36.8661 -8.98081 0.770793 0.636759 0.0203893
33.5833 37.9521 -8.44423 0.77116 0.636493 0.0137092
32.6206 39.105 -7.83871 0.76687 0.641714 0.0106807
31.6447 40.2598 -7.22478 0.764235 0.644911 0.00587125
30.7209 41.3421 -6.68639 0.76046 0.649355 0.00623526
29.7993 42.414 -6.06836 0.757604 0.652713 0.000751039
28.8797 43.4759 -5.4528 0.754751 0.655993 0.00472673
27.9126 44.573 -4.85636 0.748068 0.663603 0.00502256
26.9307 45.665 -4.25968 0.740156 0.672421 0.00435181
25.9504 46.7045 -3.65457 0.726352 0.687135 0.0160703
24.9787 47.7036 -3.08164 0.717753 0.696267 0.00168091
24.0105 48.6936 -2.47483 0.714164 0.699961 -0.00496617
23.0384 49.6957 -1.91854 0.719142 0.694816 -0.00807471
22.0695 50.7096 -1.3773 0.717519 0.696507 -0.00669093
21.0166 51.7833 -0.831768 0.704994 0.709205 0.00351623
19.9161 52.8549 -0.403031 0.694823 0.719178 0.00194651
18.8284 53.9133 -0.0878882 0.697062 0.716942 -0.00994968
18.6179 54.1185 -0.0199932 0.696646 0.717355 -0.00924214
-5.3083 60.0193 -11.3321 -0.285703 0.725156 -0.626516
-6.30809 58.9621 -12.1137 -0.28551 0.727409 -0.623976
-7.22276 57.9558 -12.8562 -0.294065 0.72473 -0.623131
-7.48637 58.0444 -12.6285 -0.295928 0.724553 -0.622454
-7.18686 59.1264 -11.506 -0.301106 0.728117 -0.615776
-6.6848 60.1515 -10.5362 -0.30043 0.727891 -0.616373
-5.37365 60.0462 -11.2711 -0.28571 0.725155 -0.626514
-9.06731 54.7259 -15.7484 -0.30366 0.718206 -0.626076
-9.25367 54.5736 -15.8327 -0.307612 0.716199 -0.626428
-9.23004 54.3458 -16.1053 -0.310777 0.715945 -0.625172
-9.57326 53.2788 -17.1598 -0.314447 0.716974 -0.62215
-9.8153 52.2264 -18.2387 -0.320367 0.711361 -0.625564
-9.95374 51.1407 -19.3936 -0.31996 0.706751 -0.630972
-9.92777 50.0735 -20.59 -0.336055 0.6962 -0.634328
-9.92496 49.0027 -21.7638 -0.337016 0.694139 -0.636075
-9.92353 47.8733 -22.9872 -0.343667 0.684805 -0.6426
-9.83135 46.8503 -24.1185 -0.342822 0.681959 -0.646069
-9.80389 45.7278 -25.3106 -0.347986 0.679184 -0.646231
-9.81312 44.6881 -26.3999 -0.353921 0.675846 -0.646504
-9.76116 43.5583 -27.5898 -0.359747 0.658982 -0.660544
-9.70454 42.497 -28.6766 -0.365175 0.655359 -0.661174
-9.64314 41.4403 -29.7539 -0.367408 0.652586 -0.662678
-9.55169 40.2344 -30.9918 -0.378424 0.64676 -0.662191
-9.52215 39.1535 -32.0475 -0.384168 0.636792 -0.668514
-9.52638 37.9676 -33.1725 -0.383805 0.635852 -0.669617
-9.47644 36.8339 -34.2709 -0.385144 0.629066 -0.675229
-9.43172 35.6873 -35.3557 -0.386026 0.6246 -0.678864
-9.41042 34.484 -36.4603 -0.402328 0.607703 -0.684711
-9.36811 33.3356 -37.4968 -0.416008 0.600362 -0.68301
-9.3758 32.1728 -38.5148 -0.416968 0.599739 -0.682972
-9.3963 30.9574 -39.5597 -0.418444 0.594503 -0.686638
-9.41167 29.7653 -40.5794 -0.420058 0.591367 -0.688357
-9.42023 28.5724 -41.5821 -0.423256 0.581467 -0.694802
-9.45832 27.5999 -42.3659 -0.42742 0.574154 -0.698326
-10.4485 28.0917 -41.3564 -0.427181 0.573235 -0.699226
-11.4535 28.586 -40.3322 -0.427088 0.578845 -0.694646
-12.5094 28.9934 -39.344 -0.422442 0.582528 -0.694407
-13.6429 29.3413 -38.3597 -0.420922 0.584425 -0.693737
-14.8252 29.6279 -37.3998 -0.424503 0.582418 -0.693243
-15.9723 29.9203 -36.4478 -0.429562 0.578839 -0.693125
-17.1599 30.2065 -35.4746 -0.431492 0.576086 -0.694218
-18.4217 30.4468 -34.4885 -0.435026 0.57351 -0.694146
-19.6931 30.5475 -33.6077 -0.436038 0.573297 -0.693687
-20.9823 30.583 -32.7573 -0.446798 0.567191 -0.691857
-22.3171 30.632 -31.851 -0.448909 0.563809 -0.693253
-23.6814 30.5978 -30.9955 -0.448948 0.563637 -0.693368
-24.9966 30.5204 -30.201 -0.453485 0.563825 -0.690256
-26.4172 30.3072 -29.4327 -0.457143 0.562704 -0.688756
-27.7709 30.0547 -28.7425 -0.461227 0.565755 -0.683509
-29.0112 29.9598 -27.9733 -0.468806 0.56196 -0.681484
-28.2441 31.1624 -27.5009 -0.466553 0.565128 -0.68041
-27.3881 32.4186 -27.0405 -0.461592 0.569701 -0.679977
-26.5865 33.619 -26.5688 -0.459791 0.577726 -0.674407
-25.7739 34.7901 -26.0932 -0.450556 0.596292 -0.664404
-24.9175 35.984 -25.6004 -0.44861 0.595836 -0.666129
-24.0495 37.1456 -25.1282 -0.434813 0.604428 -0.667536
-23.158 38.3526 -24.6032 -0.427257 0.608706 -0.668527
-22.2482 39.5551 -24.0758 -0.415987 0.619495 -0.665717
-21.3246 40.755 -23.5305 -0.408937 0.621793 -0.667941
-20.4086 41.8724 -23.0445 -0.404353 0.626466 -0.666362
-19.4785 42.9702 -22.5636 -0.396443 0.632861 -0.665071
-18.5958 44.0819 -22.0105 -0.392194 0.648796 -0.65211
-17.5989 45.2445 -21.4409 -0.390294 0.651903 -0.650138
-16.5775 46.3803 -20.8975 -0.380619 0.663569 -0.644054
-15.6356 47.4335 -20.3524 -0.37152 0.675451 -0.636966
-14.6582 48.5006 -19.7726 -0.356249 0.683512 -0.637081
-13.652 49.594 -19.1516 -0.345243 0.687631 -0.638725
-12.6423 50.6181 -18.5838 -0.33551 0.692054 -0.639135
-11.6425 51.6525 -17.9499 -0.323627 0.708532 -0.627095
-10.675 52.7254 -17.2294 -0.319626 0.71229 -0.624886
-9.74478 53.8206 -16.4498 -0.314101 0.715431 -0.624099
-9.38584 54.2912 -16.0904 -0.31077 0.715945 -0.625176
0.236388 4.96267 -64.7125 -0.442361 0.467681 -0.765239
1.45162 4.4996 -65.6947 -0.439691 0.466587 -0.767442
2.61505 4.05831 -66.625 -0.436681 0.465541 -0.769793
3.98656 3.91165 -67.4894 -0.434291 0.466286 -0.770694
5.38144 3.8663 -68.3003 -0.430295 0.469229 -0.771148
6.86705 3.89265 -69.1106 -0.426601 0.473004 -0.770895
8.19449 3.91181 -69.8309 -0.422419 0.481288 -0.768065
9.70245 3.97146 -70.6227 -0.421301 0.486296 -0.765519
11.0507 3.97437 -71.3624 -0.41828 0.495851 -0.761035
10.2484 3.05064 -71.5118 -0.426939 0.489757 -0.760171
8.86636 3.06583 -70.7328 -0.425278 0.482388 -0.765794
7.46558 3.12673 -69.9149 -0.427905 0.474206 -0.769433
6.10229 3.14068 -69.1452 -0.430336 0.471519 -0.769728
4.68315 3.10134 -68.3732 -0.433794 0.46728 -0.770371
3.30179 3.12819 -67.5772 -0.43564 0.466834 -0.7696
1.9142 3.11951 -66.7955 -0.437158 0.46614 -0.76916
0.523263 3.07928 -66.0268 -0.439152 0.467165 -0.7674
-0.891267 3.10248 -65.1997 -0.441441 0.468456 -0.765297
-1.43968 3.46911 -64.6584 -0.442112 0.468962 -0.764599
-0.279385 4.52167 -64.6842 -0.441904 0.468212 -0.765179
0.0720954 4.84652 -64.6885 -0.442173 0.467892 -0.765219
56.6887 3.74797 -45.1404 0.893306 0.448945 -0.0212824
57.0369 3.09788 -43.9351 0.896794 0.442172 -0.0154324
57.0492 3.0975 -42.4126 0.90358 0.428396 -0.00228993
57.0049 3.17328 -40.9006 0.904568 0.426266 0.00738891
56.9719 3.20701 -39.3691 0.906273 0.422499 0.012717
56.9582 3.18164 -37.8691 0.907178 0.420372 0.0177687
56.9237 3.18525 -36.2877 0.907226 0.420181 0.0197315
56.9083 3.14065 -34.6932 0.906963 0.420668 0.0213619
56.8815 3.12051 -33.1785 0.906116 0.422472 0.0217024
56.8353 3.13733 -31.5528 0.905193 0.42447 0.0212427
56.4107 4.04193 -31.5563 0.904987 0.424812 0.0230933
55.9948 4.98993 -32.6193 0.905644 0.423303 0.0249714
56.3135 4.39422 -34.1855 0.906849 0.420815 0.0232052
56.5559 3.95173 -35.701 0.907339 0.419859 0.0213031
56.638 3.84763 -37.2764 0.907536 0.419576 0.0183128
56.683 3.81098 -38.818 0.90625 0.42253 0.0133455
56.6993 3.81396 -40.4018 0.904993 0.425379 0.00634888
56.7254 3.77666 -42.0082 0.901039 0.433722 0.00230967
56.6841 3.83202 -43.5056 0.896326 0.443 -0.0187528
56.684 3.76017 -45.0808 0.893852 0.447917 -0.0198792
37.1997 32.9738 -0.366164 0.80157 0.596597 0.0394677
36.2615 34.2112 -0.280329 0.7935 0.607432 0.0371944
35.3199 35.4299 -0.199564 0.790257 0.611495 0.0395927
34.3801 36.6346 -0.127226 0.787616 0.614813 0.0408088
33.418 37.8608 -0.0551713 0.786128 0.617082 0.0348259
32.4428 39.1002 0.0107418 0.786477 0.616666 0.0342978
31.4744 40.3078 0.0739865 0.767595 0.639235 0.0466614
30.4043 41.5725 0.133631 0.761688 0.646691 0.0402828
29.3983 42.7491 0.183393 0.754685 0.655518 0.027342
28.3049 44.001 0.229202 0.754368 0.656082 0.0220333
27.2974 45.1502 0.265453 0.743978 0.667929 0.0191778
26.7042 45.8042 0.284262 0.738432 0.674277 0.00829238
-13.1263 47.2765 22.7896 -0.372116 0.690151 0.620661
-13.1755 47.2621 22.7759 -0.374895 0.688546 0.620772
-13.0023 43.3198 27.1526 -0.378187 0.670014 0.638792
-14.4669 42.8747 26.7272 -0.395948 0.663068 0.635268
-15.9287 42.4166 26.2857 -0.402639 0.658521 0.635792
-17.4003 41.9432 25.8232 -0.417016 0.652809 0.632407
-17.973 41.7548 25.637 -0.426454 0.65156 0.627381
-22.6084 35.9457 28.2496 -0.452479 0.622794 0.638271
-21.1715 36.4592 28.7716 -0.455506 0.625488 0.633466
-19.827 36.938 29.2536 -0.441803 0.642146 0.626465
-18.3815 37.4405 29.753 -0.438953 0.643228 0.627358
-16.9847 37.9189 30.2236 -0.427323 0.646384 0.632126
-15.6247 38.375 30.667 -0.421325 0.648418 0.634065
-14.2287 38.8306 31.1054 -0.404986 0.659087 0.633712
-12.7319 39.31 31.5569 -0.404317 0.664149 0.628835
-12.5951 35.1958 35.9505 -0.432203 0.651766 0.623219
-14.1299 34.6613 35.4406 -0.433731 0.646607 0.627516
-15.5944 34.1516 34.9506 -0.437439 0.635986 0.635742
-17.0348 33.6499 34.4653 -0.433992 0.626069 0.647834
-18.4184 33.168 33.9937 -0.443133 0.624795 0.642856
-19.764 32.6816 33.515 -0.454052 0.617878 0.641922
-21.1235 32.1904 33.0249 -0.454883 0.615709 0.643416
-22.4611 31.7079 32.5393 -0.458496 0.613145 0.6433
-23.7969 31.2133 32.0399 -0.475732 0.607078 0.636503
-25.2243 30.6643 31.4811 -0.485454 0.604123 0.631957
-26.667 30.1026 30.9039 -0.490126 0.601534 0.63082
-26.8781 30.0196 30.8182 -0.490877 0.60312 0.628718
-20.0855 28.1957 37.5985 -0.468208 0.604638 0.644355
-18.6377 28.7296 38.1254 -0.458334 0.606853 0.649353
-17.2836 29.2258 38.6158 -0.456148 0.614609 0.643572
-15.7848 29.7696 39.1478 -0.450316 0.624025 0.638599
-14.4166 30.2639 39.628 -0.448757 0.626811 0.636966
-13.0277 30.7658 40.1119 -0.447676 0.630358 0.63422
-12.4818 30.9623 40.3021 -0.447613 0.630029 0.634591
-12.3464 26.6402 44.6169 -0.458906 0.617169 0.639146
-13.6915 26.1494 44.1313 -0.456104 0.615619 0.642637
-14.3573 25.9075 43.89 -0.456767 0.614228 0.643497
-17.4371 41.6979 -25.023 -0.400276 0.636676 -0.659107
-15.9892 42.1263 -25.4751 -0.387035 0.647236 -0.656726
-14.5452 42.5458 -25.911 -0.384858 0.648596 -0.656664
-12.9909 42.9884 -26.3654 -0.367144 0.656413 -0.659035
-12.7568 38.8227 -30.533 -0.380177 0.629749 -0.677408
-14.1505 38.4265 -30.1196 -0.380856 0.626857 -0.679705
-15.5835 37.9966 -29.6658 -0.408271 0.609153 -0.679888
-16.9788 37.5643 -29.2028 -0.411453 0.61287 -0.674608
-18.3938 37.1327 -28.7368 -0.409146 0.612784 -0.676089
-19.9316 36.6546 -28.2147 -0.428083 0.604593 -0.671723
-21.2908 36.217 -27.732 -0.431218 0.605597 -0.668807
-21.7806 36.0615 -27.5589 -0.425835 0.606785 -0.671176
-16.8611 33.1691 -33.1733 -0.419813 0.588484 -0.690973
-15.4131 33.623 -33.6629 -0.416712 0.590997 -0.690705
-14.0042 34.0613 -34.135 -0.411095 0.595672 -0.690055
-12.7194 34.4473 -34.5474 -0.399936 0.606874 -0.686845
-12.6505 34.4679 -34.5693 -0.399931 0.606873 -0.686848
