-34.2632 24.0035 32.1788 -0.533114 0.572959 0.622501
-33.0508 24.0341 33.1834 -0.529011 0.571716 0.627126
-31.8234 24.0627 34.1929 -0.527877 0.567399 0.631978
-30.5689 24.0606 35.2257 -0.513138 0.570878 0.640928
-29.3119 24.0839 36.1981 -0.498747 0.579669 0.644387
-28.0976 24.0577 37.1559 -0.494549 0.581161 0.646277
-26.8278 23.9575 38.2198 -0.495062 0.583349 0.643908
-25.7217 23.7876 39.2241 -0.494089 0.584531 0.643583
-24.5963 23.5431 40.3045 -0.491581 0.584852 0.645211
-23.4054 23.3139 41.4207 -0.491948 0.586073 0.643822
-22.2404 23.0732 42.529 -0.490093 0.587927 0.643544
-21.1693 22.7506 43.627 -0.481087 0.590379 0.64808
-20.1945 22.3419 44.722 -0.480393 0.590283 0.648682
-19.1296 21.8698 45.9384 -0.481323 0.587247 0.650745
-18.1775 21.4081 47.058 -0.48271 0.585175 0.651583
-17.2615 20.9135 48.1801 -0.479462 0.587505 0.651883
-16.3457 20.3677 49.3379 -0.476553 0.58525 0.656034
-15.4065 19.8889 50.4383 -0.475031 0.581016 0.660883
-14.4067 19.3015 51.6763 -0.48009 0.576167 0.661472
-13.6029 18.6777 52.8044 -0.483334 0.573034 0.661831
-12.7674 17.979 54.0194 -0.483658 0.572725 0.661862
-11.9835 17.3242 55.1593 -0.48452 0.572712 0.661242
-11.209 16.6629 56.3003 -0.486384 0.570709 0.661604
-10.4563 15.9814 57.4342 -0.486603 0.565008 0.666321
-9.68197 15.5134 58.3918 -0.487064 0.560914 0.669435
-9.68324 16.6766 57.4081 -0.48686 0.56517 0.665996
-9.69457 17.9205 56.3307 -0.488125 0.57129 0.65982
-9.68193 19.2165 55.2179 -0.488472 0.572582 0.65844
-9.71967 20.4126 54.1397 -0.486867 0.579021 0.653984
-9.75932 21.6685 52.9923 -0.484467 0.584015 0.651321
-9.7427 22.8711 51.9088 -0.480365 0.592711 0.646484
-9.76128 24.0338 50.8158 -0.473602 0.601676 0.643186
-9.755 25.1403 49.7808 -0.470362 0.605859 0.641634
-9.81223 26.3057 48.6321 -0.466089 0.610216 0.640623
-9.87264 27.4123 47.5182 -0.465769 0.618054 0.633299
-9.84422 28.5216 46.4511 -0.461295 0.623228 0.631501
-9.83511 29.5924 45.3925 -0.45894 0.627939 0.628543
-9.87413 30.6985 44.2546 -0.453355 0.634055 0.626452
-9.93813 31.7629 43.1369 -0.44381 0.635904 0.631394
-9.96834 32.8436 42.0238 -0.44509 0.638505 0.627857
-9.99615 33.9951 40.8266 -0.441405 0.641155 0.627759
-9.99549 35.097 39.6925 -0.431628 0.652601 0.622743
-10.0318 36.1678 38.5362 -0.422346 0.659203 0.622153
-10.0936 37.1842 37.411 -0.419369 0.66409 0.61896
-10.1401 38.2003 36.2737 -0.416045 0.670808 0.61394
-10.1532 39.2932 35.0874 -0.411524 0.664838 0.623409
-10.2227 40.2957 33.9645 -0.402035 0.672835 0.621016
-10.2864 41.3555 32.761 -0.392777 0.677108 0.622295
-10.3136 42.4234 31.5826 -0.38725 0.679021 0.623673
-10.3664 43.4232 30.4594 -0.371758 0.683782 0.627883
-10.4556 44.4876 29.2436 -0.368017 0.686042 0.627623
-10.5137 45.5011 28.0987 -0.357495 0.692483 0.62663
-10.5072 46.5059 26.9837 -0.356582 0.696307 0.622901
-10.5478 47.496 25.8493 -0.355717 0.697855 0.621662
-10.5908 48.6406 24.5452 -0.351002 0.697136 0.625139
-10.604 49.6888 23.3689 -0.350369 0.697747 0.624812
-10.6128 50.6883 22.2367 -0.34573 0.703056 0.621436
-10.607 51.7834 21.0027 -0.340059 0.702967 0.624657
-10.5976 52.7949 19.8676 -0.334183 0.705999 0.624409
-10.549 53.9032 18.6322 -0.324102 0.714899 0.619579
-11.1993 53.635 18.5944 -0.335547 0.706518 0.623089
-12.1792 52.6103 19.2183 -0.344149 0.699636 0.626156
-13.179 51.6042 19.7739 -0.362285 0.692522 0.623829
-14.1614 50.5963 20.3132 -0.367269 0.688277 0.625611
-15.1665 49.493 20.937 -0.368618 0.687598 0.625563
-16.1608 48.382 21.5539 -0.381696 0.685362 0.620151
-17.1002 47.3281 22.1284 -0.393459 0.678866 0.619939
-18.0267 46.2727 22.6839 -0.407001 0.67123 0.61951
-18.9645 45.1917 23.2203 -0.413921 0.662078 0.624758
-19.8796 44.1119 23.7356 -0.429309 0.650921 0.626091
-20.7707 43.0131 24.2571 -0.441907 0.64602 0.622381
-21.6755 41.8845 24.7774 -0.448074 0.643613 0.620477
-22.6143 40.748 25.2745 -0.450364 0.640383 0.622154
-23.5092 39.5581 25.8351 -0.45225 0.634003 0.627304
-24.3828 38.413 26.351 -0.45929 0.627642 0.628585
-25.2716 37.1988 26.9028 -0.46817 0.621728 0.62791
-26.1676 36.0171 27.4014 -0.473669 0.622329 0.623174
-27.0088 34.8636 27.8953 -0.486396 0.613728 0.621898
-27.8805 33.5983 28.4552 -0.493626 0.609046 0.620803
-28.7803 32.3052 28.9806 -0.506199 0.598344 0.621085
-29.6628 31.0754 29.4422 -0.512403 0.593514 0.620632
-30.4485 29.8512 29.9582 -0.516284 0.590571 0.620223
-31.2923 28.607 30.431 -0.524414 0.584979 0.618696
-32.1476 27.3125 30.9175 -0.528478 0.580506 0.619454
-32.9571 26.0852 31.3749 -0.530191 0.579529 0.618905
-33.7969 24.8294 31.8177 -0.534728 0.573741 0.620393
-34.1789 24.1993 32.0709 -0.533084 0.572901 0.62258
-39.1198 25.2835 26.7685 -0.552855 0.560347 0.616734
-39.8793 24.0291 27.2091 -0.563463 0.549324 0.617051
-40.6644 22.6941 27.679 -0.565826 0.54883 0.615326
-41.4571 21.3766 28.1214 -0.568263 0.546102 0.615508
-42.2405 20.0234 28.5941 -0.571515 0.547881 0.610897
-42.9866 18.7509 29.0378 -0.576163 0.54761 0.606762
-43.7705 17.4404 29.4739 -0.583129 0.547385 0.600275
-44.5279 16.1411 29.9199 -0.5884 0.547616 0.594897
-43.7468 15.9217 30.8856 -0.580667 0.553495 0.59705
-42.5209 16.2001 31.8096 -0.575495 0.555853 0.599861
-41.2966 16.5426 32.6605 -0.571149 0.556352 0.603539
-40.067 16.9151 33.4636 -0.561073 0.560875 0.608783
-38.7046 17.3539 34.3119 -0.558341 0.559989 0.612098
-37.3554 17.7608 35.154 -0.549782 0.565087 0.615155
-36.015 17.9816 36.1393 -0.54025 0.567134 0.621682
-34.8164 18.013 37.1466 -0.536225 0.568338 0.624063
-33.4712 18.043 38.2644 -0.532147 0.567232 0.628544
-32.1707 18.0992 39.3008 -0.522202 0.571916 0.632628
-30.9612 18.0919 40.2976 -0.514991 0.569956 0.640254
-29.7403 17.9635 41.38 -0.504068 0.575856 0.643665
-28.6695 17.701 42.4508 -0.501984 0.577162 0.644124
-27.4586 17.4561 43.6169 -0.500783 0.581032 0.641575
-26.3309 17.2453 44.6826 -0.49715 0.581033 0.644394
-25.2014 17.0105 45.7488 -0.48995 0.58064 0.650235
-24.2267 16.5922 46.8558 -0.489303 0.580498 0.650849
-23.2153 16.0967 48.0463 -0.48403 0.575466 0.659206
-22.2821 15.5522 49.2046 -0.484523 0.573097 0.660906
-21.3384 15.0504 50.3295 -0.483723 0.57255 0.661966
-20.3409 14.5399 51.498 -0.482056 0.572198 0.663484
-19.4714 13.9739 52.6151 -0.481278 0.57085 0.665208
-18.6447 13.3137 53.7724 -0.479719 0.567296 0.669362
-17.7836 12.616 54.9789 -0.479734 0.565852 0.670572
-16.9641 11.9565 56.1217 -0.481751 0.564479 0.670283
-16.1705 11.2864 57.2513 -0.480986 0.561284 0.673508
-15.3959 10.6097 58.3672 -0.481702 0.559326 0.674624
-14.6776 9.87699 59.4823 -0.480509 0.556818 0.677543
-14.1709 8.97463 60.5826 -0.480274 0.55617 0.678241
-14.0753 7.69691 61.6951 -0.479266 0.554695 0.68016
-14.604 6.36729 62.4059 -0.478853 0.553793 0.681185
-15.5479 5.2266 62.6693 -0.478891 0.553104 0.681718
-16.7655 4.30079 62.5644 -0.479704 0.552963 0.681261
-18.1017 3.58547 62.2024 -0.480984 0.553102 0.680245
-18.0897 3.13724 62.5753 -0.480846 0.553063 0.680374
-16.8463 3.10798 63.476 -0.479189 0.553398 0.68127
-15.5958 3.11854 64.3452 -0.477877 0.552842 0.682642
-14.3394 3.1498 65.1972 -0.476287 0.552439 0.684077
-13.065 3.12719 66.1 -0.474693 0.551617 0.685847
-11.7481 3.12539 67.0114 -0.473752 0.551024 0.686973
-10.4316 3.13978 67.9056 -0.473008 0.550325 0.688045
-9.18156 3.14702 68.7576 -0.472093 0.548976 0.689748
-7.92404 3.17025 69.5986 -0.4718 0.54739 0.691208
-6.64829 3.16765 70.4702 -0.471836 0.54527 0.692857
-5.32918 3.15564 71.3761 -0.470942 0.543127 0.695145
-3.98742 3.26096 72.2032 -0.471946 0.54039 0.696596
-2.80117 4.22021 72.2716 -0.477516 0.536022 0.696174
-1.63283 5.30439 72.2437 -0.481915 0.534256 0.694499
-1.6907 6.34861 71.3989 -0.4844 0.534419 0.692642
-2.25724 7.25623 70.3028 -0.483971 0.53491 0.692563
-2.7081 8.27032 69.2031 -0.486838 0.533608 0.691558
-3.05776 9.3395 68.129 -0.488492 0.535618 0.688832
-3.21531 10.4746 67.1338 -0.490532 0.535681 0.687331
-3.25848 11.7008 66.1447 -0.49511 0.536375 0.683497
-3.27217 12.8875 65.2018 -0.49746 0.537754 0.680702
-3.26407 14.1737 64.1858 -0.498297 0.541763 0.6769
-3.24604 15.4607 63.1623 -0.499038 0.545869 0.673043
-3.23684 16.6849 62.1703 -0.499637 0.549915 0.669295
-3.25863 17.8493 61.1849 -0.498779 0.557165 0.663917
-3.23059 19.0286 60.2087 -0.498351 0.563335 0.659015
-3.2632 20.2289 59.1477 -0.497795 0.57013 0.653567
-3.24753 21.4103 58.1207 -0.494199 0.577826 0.649526
-3.2811 22.5358 57.0835 -0.492854 0.585868 0.643315
-3.28786 23.7201 55.9873 -0.490254 0.593013 0.638734
-3.25162 24.8759 54.9293 -0.487825 0.600808 0.63329
-3.24916 25.9663 53.8845 -0.48253 0.610565 0.627994
-3.25402 27.197 52.6765 -0.479753 0.616431 0.624377
-3.27426 28.3024 51.5609 -0.477556 0.621301 0.621229
-3.3087 29.4406 50.3912 -0.473482 0.627094 0.618519
-3.32807 30.4926 49.297 -0.468433 0.634596 0.614702
-3.31728 31.6657 48.0888 -0.465132 0.637487 0.614217
-3.35292 32.694 46.9825 -0.457998 0.645228 0.611488
-3.35846 33.7332 45.8711 -0.450736 0.65277 0.608875
-3.3735 34.8517 44.6485 -0.444419 0.661322 0.604272
-3.39621 35.9018 43.4788 -0.435449 0.669652 0.601622
-3.36247 36.9374 42.3463 -0.431415 0.674602 0.598994
-3.36212 37.9895 41.1567 -0.420444 0.682156 0.598239
-3.38587 39.007 39.9651 -0.413922 0.689007 0.594926
-3.44507 40.019 38.7537 -0.405146 0.694815 0.594213
-3.43345 41.0668 37.5276 -0.394135 0.69919 0.596482
-3.41521 42.1188 36.2997 -0.389189 0.705422 0.592378
-3.49614 43.1429 35.0267 -0.384106 0.706314 0.594629
-3.48491 44.1747 33.7966 -0.362776 0.717659 0.59444
-3.50935 45.216 32.5245 -0.351539 0.72059 0.597634
-3.56474 46.191 31.3162 -0.343743 0.726866 0.594564
-3.57461 47.156 30.1317 -0.331148 0.729328 0.598684
-3.58004 48.152 28.916 -0.318598 0.73199 0.602234
-3.58537 49.1153 27.7485 -0.311129 0.729357 0.609282
-3.6073 50.1152 26.5364 -0.295634 0.733511 0.612005
-3.63783 51.0937 25.3478 -0.288898 0.732521 0.616401
-3.62695 52.1173 24.1443 -0.28425 0.730951 0.620413
-3.61696 53.178 22.9087 -0.279228 0.72855 0.625497
-3.61153 54.1979 21.7215 -0.277386 0.73043 0.624122
-3.53844 55.2128 20.5627 -0.278438 0.731655 0.622216
-3.31972 56.2894 19.3833 -0.277643 0.736721 0.616567
-2.93914 57.3783 18.247 -0.274481 0.741407 0.612351
-2.27402 58.5624 17.105 -0.271424 0.743547 0.611119
-1.46533 59.5782 16.2297 -0.271062 0.743809 0.610961
-0.572573 60.5633 15.4334 -0.276862 0.739727 0.613312
0.463476 61.5019 14.7446 -0.273594 0.749323 0.603031
1.64075 62.3344 14.2016 -0.271385 0.776961 0.567998
3.00062 63.1193 13.692 -0.244106 0.811145 0.531466
4.36742 63.7456 13.1226 -0.15692 0.885513 0.437313
5.78352 64.0825 12.4976 0.045201 0.936652 0.345062
7.2192 64.1051 11.7677 0.187626 0.958639 0.212237
8.56403 63.7664 10.9249 0.411866 0.900502 0.139085
9.69857 63.2512 10.0924 0.52673 0.845435 0.0849014
10.7494 62.5053 9.20079 0.636365 0.770976 0.0252107
11.7603 61.6497 8.34691 0.67495 0.737097 0.0334468
12.8645 60.6592 7.65285 0.685285 0.726821 0.0459896
13.9744 59.6664 7.1139 0.676647 0.734557 0.0507409
15.1141 58.6473 6.70799 0.674092 0.737074 0.0481933
16.23 57.6388 6.56348 0.671018 0.739923 0.0474239
17.484 56.4966 6.59927 0.67256 0.738655 0.0452902
18.6348 55.4389 6.83441 0.671835 0.739873 0.035011
19.6928 54.4256 7.26044 0.688962 0.723456 0.0440302
20.729 53.3905 7.7725 0.697561 0.71432 0.0561802
21.763 52.3168 8.38861 0.702582 0.708985 0.0609587
22.8009 51.2189 8.96898 0.714793 0.696016 0.0680654
23.8271 50.0963 9.60074 0.720033 0.690426 0.0697251
24.8277 48.9705 10.183 0.733403 0.676138 0.0704156
25.7831 47.8725 10.7369 0.733978 0.675525 0.0702982
26.7422 46.7688 11.3098 0.735874 0.673648 0.0684671
27.6888 45.6538 11.8653 0.74949 0.658506 0.0680735
28.592 44.5567 12.4058 0.755694 0.65167 0.0652192
29.5255 43.4126 12.9397 0.761771 0.6443 0.0676903
30.4964 42.1911 13.4976 0.770001 0.634441 0.0677047
31.4444 40.9644 14.0793 0.773258 0.630122 0.0708434
32.3203 39.8162 14.5937 0.782202 0.619242 0.0685559
33.25 38.5819 15.1055 0.784856 0.6159 0.0683245
34.1226 37.4162 15.5742 0.787179 0.612963 0.0680114
35.0207 36.1856 16.073 0.794697 0.602671 0.0724131
35.904 34.9277 16.6735 0.800171 0.594259 0.0811354
36.7472 33.7181 17.1509 0.804347 0.588439 0.0822442
37.601 32.4763 17.6633 0.805827 0.586585 0.081005
38.4394 31.245 18.1132 0.810986 0.579143 0.0830346
39.352 29.8876 18.5964 0.817171 0.57016 0.0845001
40.1333 28.6787 19.0867 0.821708 0.563035 0.0882389
40.9803 27.3583 19.5734 0.824582 0.558971 0.0872678
41.7451 26.1459 20.0264 0.829252 0.551468 0.090686
42.5656 24.8302 20.4859 0.830836 0.548794 0.0923895
43.3798 23.5063 20.9427 0.832517 0.544939 0.0997841
44.1568 22.2365 21.3747 0.833509 0.543069 0.101674
44.9251 20.9657 21.8204 0.835989 0.539128 0.102286
45.6729 19.7135 22.2781 0.839646 0.53288 0.105041
46.483 18.3424 22.7329 0.840215 0.53128 0.108535
47.1701 17.2349 22.8247 0.840383 0.530258 0.112167
47.0244 17.7575 21.4113 0.838711 0.533629 0.108648
46.8463 18.325 19.9771 0.837203 0.536928 0.103916
46.6266 18.9446 18.5095 0.83756 0.536958 0.100846
46.396 19.5537 17.1258 0.837489 0.538653 0.0920097
46.1489 20.1873 15.6467 0.836483 0.540608 0.0896573
45.9312 20.7598 14.1674 0.837893 0.539157 0.0851201
45.813 21.1961 12.5555 0.838847 0.538011 0.0829389
45.7573 21.5011 11.0712 0.837493 0.541135 0.0760086
45.7259 21.7579 9.5246 0.835067 0.545401 0.0721178
45.6587 22.0528 8.0315 0.832443 0.549648 0.0701764
45.6797 22.2113 6.53771 0.830114 0.553656 0.0660632
45.7678 22.2596 4.86732 0.831823 0.552025 0.0577838
45.8644 22.2791 3.28055 0.831322 0.55282 0.0573856
45.9651 22.2923 1.68631 0.831031 0.553363 0.056362
46.0547 22.3034 0.155488 0.833154 0.550754 0.050244
46.24 22.1508 -1.34374 0.834791 0.548705 0.0452426
46.5451 21.8072 -2.90012 0.835318 0.548284 0.0403437
46.8455 21.4583 -4.39946 0.835257 0.548434 0.0395628
47.0916 21.1888 -5.87738 0.835177 0.548604 0.0388855
47.3854 20.8473 -7.41507 0.83574 0.547973 0.0355366
47.7768 20.3452 -8.84526 0.836525 0.546597 0.0381765
48.2342 19.7484 -10.3362 0.837709 0.544903 0.03638
48.657 19.1846 -11.7795 0.841813 0.538671 0.0343998
49.1077 18.5901 -13.2462 0.843189 0.535595 0.0465947
49.5324 18.0306 -14.7117 0.850445 0.524595 0.0392919
49.9329 17.4727 -16.0528 0.853739 0.519388 0.0369636
50.4015 16.7935 -17.3355 0.855044 0.516981 0.04033
50.9062 16.0544 -18.6309 0.860204 0.508123 0.0431318
51.4007 15.3221 -19.9432 0.862404 0.504413 0.0427258
51.8589 14.6443 -21.2327 0.866911 0.496617 0.0428593
52.3212 13.9398 -22.4965 0.871261 0.488934 0.0429346
52.7834 13.2392 -23.9378 0.875291 0.481437 0.0456533
53.2349 12.5276 -25.2191 0.880289 0.472227 0.045752
53.7005 11.7732 -26.4754 0.884917 0.463508 0.0456328
53.7584 11.739 -27.2368 0.885774 0.461817 0.0461341
52.9687 13.1821 -26.7903 0.879921 0.472528 0.0495649
52.2341 14.4776 -26.346 0.872341 0.485898 0.0540382
51.4695 15.7876 -25.9321 0.868395 0.492702 0.0559801
50.7189 17.0505 -25.5005 0.865457 0.497267 0.0609089
49.9076 18.3805 -25.0379 0.857325 0.511108 0.0613406
49.1314 19.6092 -24.5831 0.852219 0.518802 0.0675798
48.2998 20.8762 -24.0845 0.840601 0.537161 0.0696316
47.4263 22.1726 -23.5738 0.837501 0.542323 0.0669083
46.6175 23.3426 -23.0894 0.829319 0.555493 0.0604743
45.7202 24.621 -22.5271 0.828593 0.556652 0.0597706
44.8754 25.8123 -22.025 0.823769 0.564231 0.0552107
44.0308 26.9908 -21.5341 0.819268 0.570803 0.0546245
43.1758 28.1606 -21.0803 0.813465 0.578711 0.0580385
42.2609 29.3845 -20.5426 0.808136 0.586409 0.0551189
41.3207 30.6071 -20.0082 0.799131 0.598873 0.0523482
40.4196 31.7519 -19.4649 0.793519 0.606599 0.0486306
39.5296 32.8726 -18.9565 0.791319 0.609638 0.0464216
38.6406 33.9725 -18.431 0.783147 0.620216 0.044857
37.733 35.0742 -17.8806 0.779189 0.625331 0.042653
36.837 36.151 -17.3414 0.778394 0.626604 0.0383404
35.9055 37.2657 -16.7459 0.770544 0.636632 0.0310009
34.9776 38.3549 -16.2213 0.766792 0.641226 0.029304
33.9897 39.4944 -15.6831 0.756212 0.653839 0.0252795
32.981 40.6342 -15.0962 0.752325 0.658469 0.0204564
32.0545 41.6648 -14.522 0.743667 0.668426 0.0128876
31.0725 42.7341 -13.9543 0.736479 0.676376 0.0106002
30.1423 43.7477 -13.3464 0.735518 0.6775 -0.00192578
29.1771 44.7901 -12.8244 0.727297 0.686282 -0.00735453
28.1511 45.876 -12.199 0.720879 0.692963 -0.0116569
27.1929 46.8724 -11.618 0.714701 0.699172 -0.0190145
26.1272 47.9728 -11.0071 0.709093 0.704578 -0.0275002
25.1173 48.9874 -10.3716 0.697656 0.715941 -0.0265521
24.0918 50.0177 -9.7567 0.699913 0.713388 -0.0346321
23.0849 51.0273 -9.17127 0.693563 0.719327 -0.0392295
22.0494 52.0545 -8.54963 0.689063 0.723431 -0.0428976
21.0289 53.0624 -7.95985 0.69079 0.721701 -0.0442387
19.9712 54.1057 -7.38765 0.685298 0.726857 -0.0452363
18.8159 55.2067 -6.93287 0.675429 0.736088 -0.0443822
17.7003 56.2427 -6.65829 0.674401 0.736929 -0.0460387
16.4992 57.3451 -6.58852 0.671803 0.738543 -0.0568791
15.376 58.3531 -6.68536 0.668197 0.741361 -0.0624249
14.2365 59.3541 -6.97582 0.667598 0.741564 -0.0662964
13.1534 60.2775 -7.47227 0.660966 0.747177 -0.0695947
12.0812 61.1554 -8.16275 0.650549 0.756957 -0.0613488
11.0528 61.9406 -8.97314 0.620814 0.781838 -0.0576098
9.94192 62.6373 -9.87683 0.533462 0.841667 -0.0837479
8.7508 63.1942 -10.8529 0.408548 0.907555 -0.0971173
7.46634 63.4541 -11.7171 0.144657 0.960811 -0.236467
6.09582 63.3973 -12.4234 0.0484235 0.941181 -0.334415
4.66706 62.9961 -13.1409 -0.125361 0.899691 -0.418139
3.30668 62.4255 -13.6453 -0.208325 0.837366 -0.505219
2.00892 61.7314 -14.1125 -0.252646 0.785178 -0.565376
0.798494 60.8986 -14.6219 -0.277527 0.747916 -0.602993
-0.401499 59.8983 -15.2949 -0.278868 0.738675 -0.613663
-1.29209 58.936 -16.062 -0.267446 0.742755 -0.61383
-2.09663 57.9286 -16.9308 -0.271808 0.743923 -0.610491
-2.72399 56.8973 -17.9017 -0.275519 0.741464 -0.611818
-3.20816 55.7698 -19.0449 -0.281741 0.739007 -0.611957
-3.52187 54.7589 -20.1184 -0.287691 0.7351 -0.61389
-3.6048 53.6909 -21.3485 -0.288475 0.728587 -0.621243
-3.60159 52.6445 -22.5682 -0.296952 0.724408 -0.622136
-3.60292 51.6418 -23.7341 -0.297818 0.723925 -0.622284
-3.60699 50.5969 -24.9407 -0.303123 0.71888 -0.625563
-3.58658 49.6023 -26.0857 -0.307296 0.713104 -0.63012
-3.60349 48.5306 -27.287 -0.313066 0.711558 -0.629024
-3.52104 47.4963 -28.4864 -0.326909 0.703371 -0.631189
-3.49453 46.4451 -29.6723 -0.331002 0.702588 -0.629926
-3.50793 45.39 -30.8355 -0.342809 0.695423 -0.631557
-3.55287 44.3248 -31.964 -0.35377 0.681917 -0.640173
-3.49951 43.2513 -33.1345 -0.363054 0.67796 -0.639188
-3.44257 42.1676 -34.2977 -0.372791 0.665034 -0.647104
-3.43554 41.0777 -35.42 -0.384097 0.658588 -0.647095
-3.43618 39.9731 -36.533 -0.386022 0.652177 -0.65242
-3.41672 38.9014 -37.6005 -0.390206 0.643448 -0.658569
-3.41319 37.6956 -38.7792 -0.399496 0.637629 -0.658659
-3.40239 36.5775 -39.8658 -0.402396 0.633185 -0.661175
-3.3878 35.4573 -40.9334 -0.411675 0.622006 -0.666057
-3.41641 34.2816 -42.0049 -0.419624 0.614733 -0.667846
-3.383 33.1659 -43.0508 -0.420767 0.611003 -0.670542
-3.36428 32.0383 -44.0749 -0.425451 0.602865 -0.674938
-3.40527 30.9066 -45.0588 -0.431236 0.59459 -0.678591
-3.37998 29.7772 -46.0493 -0.437241 0.583915 -0.684005
-3.37596 28.5793 -47.0753 -0.439114 0.583849 -0.682861
-3.39674 27.3945 -48.0612 -0.444912 0.571308 -0.689681
-3.37716 26.1721 -49.0813 -0.44651 0.566878 -0.692299
-3.32003 24.9716 -50.0954 -0.450608 0.561984 -0.693633
-3.33253 23.7595 -51.0581 -0.451566 0.554165 -0.699278
-3.33842 22.4768 -52.0575 -0.451635 0.547422 -0.704525
-3.3593 21.2673 -52.9801 -0.453051 0.542422 -0.707474
-3.34782 20.0637 -53.8947 -0.454025 0.533018 -0.71397
-3.30136 18.7253 -54.9149 -0.455202 0.526936 -0.717725
-3.30274 17.5082 -55.8041 -0.455238 0.524381 -0.719571
-3.33344 16.2733 -56.6759 -0.453315 0.51588 -0.726891
-3.34201 14.9807 -57.5797 -0.452729 0.509385 -0.731822
-3.3678 13.6639 -58.4709 -0.452392 0.501927 -0.737164
-3.39226 12.4125 -59.3024 -0.454711 0.497853 -0.738498
-3.70792 11.7574 -59.5488 -0.454444 0.49514 -0.740483
-4.61217 12.461 -58.5204 -0.452855 0.499225 -0.738713
-5.65994 13.1724 -57.3929 -0.453555 0.505349 -0.734105
-6.48894 13.9039 -56.3752 -0.451778 0.50862 -0.73294
-7.33958 14.6372 -55.3381 -0.45093 0.51569 -0.728509
-8.20013 15.3517 -54.2992 -0.448917 0.518946 -0.727439
-9.0574 16.0722 -53.2466 -0.449725 0.523668 -0.723546
-9.88611 16.874 -52.147 -0.44833 0.531408 -0.718751
-10.6979 17.6901 -51.0319 -0.448025 0.534976 -0.716292
-11.7413 18.3539 -49.8819 -0.449135 0.537254 -0.713886
-12.803 18.9616 -48.7557 -0.446814 0.542969 -0.711014
-13.8558 19.4911 -47.6923 -0.445749 0.544421 -0.710572
-14.9059 20.0388 -46.6115 -0.443175 0.550885 -0.707193
-15.939 20.6294 -45.5036 -0.443205 0.551774 -0.70648
-17.0191 21.1598 -44.4116 -0.441971 0.551492 -0.707473
-18.097 21.5575 -43.4314 -0.442753 0.549767 -0.708326
-19.2794 21.868 -42.4374 -0.453277 0.548612 -0.702542
-20.4306 22.2195 -41.4195 -0.453754 0.54857 -0.702266
-21.6529 22.5692 -40.3509 -0.459864 0.546045 -0.700257
-22.8722 22.7514 -39.4054 -0.462053 0.544939 -0.699678
-24.1441 22.8036 -38.5249 -0.463457 0.545125 -0.698603
-25.4084 22.8186 -37.6753 -0.463422 0.544371 -0.699213
-26.7807 22.8231 -36.7632 -0.464879 0.540249 -0.701439
-28.0662 22.7722 -35.9386 -0.474621 0.539248 -0.695663
-29.4578 22.5642 -35.1472 -0.477795 0.536797 -0.695386
-30.8507 22.247 -34.4274 -0.482638 0.529548 -0.697595
-32.1904 21.9703 -33.7087 -0.487945 0.523475 -0.698487
-33.5156 21.7311 -32.9457 -0.501739 0.517051 -0.693481
-34.8495 21.3731 -32.2423 -0.506673 0.515927 -0.690725
-36.297 20.9185 -31.5166 -0.508488 0.515939 -0.689381
-37.6721 20.4237 -30.8636 -0.517137 0.505931 -0.690364
-38.9584 19.9623 -30.2365 -0.517573 0.502256 -0.692717
-40.297 19.4966 -29.5699 -0.520942 0.501017 -0.691088
-41.5904 19.0283 -28.9256 -0.527987 0.494868 -0.69017
-42.0796 19.3277 -28.3383 -0.526548 0.4949 -0.691246
-41.2594 20.7225 -27.9565 -0.520862 0.500689 -0.691385
-40.5545 22.0759 -27.4932 -0.515646 0.507769 -0.690131
-39.8086 23.4795 -27.0153 -0.513994 0.51061 -0.689266
-39.0707 24.7719 -26.6038 -0.511891 0.513843 -0.688427
-38.3309 26.0359 -26.1943 -0.506106 0.523881 -0.685131
-37.5265 27.4073 -25.7301 -0.499284 0.531288 -0.684433
-36.7366 28.7483 -25.2457 -0.487239 0.54567 -0.681794
-35.9238 30.057 -24.7725 -0.481119 0.549286 -0.683235
-35.1009 31.2805 -24.3638 -0.478833 0.551727 -0.682874
-34.3441 32.5063 -23.8968 -0.476122 0.556994 -0.680489
-33.5173 33.7798 -23.4156 -0.469558 0.571093 -0.673325
-32.6533 35.0833 -22.9083 -0.46919 0.575709 -0.66964
-31.8534 36.275 -22.421 -0.455479 0.590066 -0.666598
-30.932 37.5062 -21.9437 -0.449942 0.601644 -0.659979
-30.0209 38.7313 -21.4293 -0.443714 0.611183 -0.655418
-29.1778 39.928 -20.884 -0.444772 0.611552 -0.654356
-28.2846 41.1387 -20.3535 -0.444674 0.61827 -0.648079
-27.4106 42.2674 -19.8687 -0.440121 0.624593 -0.645118
-26.5053 43.3888 -19.385 -0.429781 0.63402 -0.64289
-25.5851 44.5292 -18.8664 -0.425047 0.644737 -0.635331
-24.6365 45.6239 -18.3823 -0.423177 0.652147 -0.628987
-23.6793 46.8325 -17.7588 -0.418734 0.661642 -0.622006
-22.6144 48.0282 -17.1943 -0.420244 0.669315 -0.612707
-21.604 49.1609 -16.6227 -0.403626 0.680357 -0.611719
-20.5755 50.2873 -16.0442 -0.398569 0.680433 -0.614942
-19.6671 51.3414 -15.4689 -0.395349 0.684515 -0.612484
-18.6272 52.4749 -14.8603 -0.385326 0.692734 -0.609619
-17.5849 53.5112 -14.3052 -0.369149 0.708308 -0.601673
-16.5988 54.5429 -13.6913 -0.361202 0.716027 -0.597346
-15.6933 55.5464 -13.0354 -0.365774 0.716255 -0.594297
-14.8443 56.61 -12.2528 -0.348809 0.726692 -0.59182
-14.151 57.6295 -11.3904 -0.348345 0.735036 -0.581702
-13.6158 58.6509 -10.4079 -0.348967 0.737462 -0.578249
-13.2038 59.7503 -9.25648 -0.347836 0.736522 -0.580126
-12.9843 60.7597 -8.10526 -0.347958 0.737111 -0.579302
-12.9546 61.7657 -6.85187 -0.342992 0.734981 -0.584944
-13.1102 62.7096 -5.57377 -0.313172 0.748422 -0.584513
-13.3465 63.6098 -4.22825 -0.276224 0.789133 -0.548606
-13.552 64.3152 -2.91093 -0.224924 0.879314 -0.419782
-13.6925 64.7431 -1.37962 -0.284174 0.944753 -0.160149
-13.723 64.8321 0.188415 -0.255956 0.966192 0.0201802
-13.6515 64.6878 1.77409 -0.218307 0.961538 0.166694
-13.449 64.2539 3.32788 -0.23521 0.897456 0.373161
-13.2287 63.5442 4.80911 -0.276707 0.816474 0.506758
-13.0094 62.7596 6.0892 -0.332503 0.766583 0.549196
-12.966 61.8679 7.30925 -0.355119 0.745381 0.564179
-13.0867 60.8824 8.52471 -0.361914 0.737521 0.570155
-13.3631 59.8679 9.65609 -0.36657 0.735351 0.569987
-13.7816 58.8511 10.7053 -0.365129 0.737824 0.567711
-14.3533 57.8244 11.6699 -0.364489 0.736627 0.569674
-15.149 56.7125 12.5875 -0.367213 0.731363 0.574685
-16.0182 55.65 13.3715 -0.385677 0.725463 0.57005
-16.9937 54.5949 14.0134 -0.395727 0.703067 0.590808
-17.9985 53.5892 14.5196 -0.402507 0.697653 0.592676
-18.9743 52.5474 15.0736 -0.413331 0.693934 0.589588
-19.9722 51.4028 15.705 -0.425801 0.685968 0.590029
-20.9776 50.2479 16.2933 -0.441444 0.671691 0.594928
-21.8979 49.1528 16.8363 -0.44462 0.665439 0.599587
-22.8389 48.0361 17.3749 -0.44737 0.661285 0.602131
-23.7947 46.8944 17.9056 -0.45234 0.654608 0.605704
-24.6949 45.801 18.4098 -0.458102 0.650625 0.605665
-25.6444 44.6178 18.9558 -0.463585 0.64856 0.603703
-26.5273 43.4883 19.4826 -0.470988 0.64302 0.603901
-27.4509 42.3486 19.9617 -0.477277 0.635946 0.606449
-28.3156 41.1537 20.5211 -0.485693 0.629881 0.606094
-29.277 39.8844 21.065 -0.48799 0.6265 0.60775
-30.1391 38.6783 21.5979 -0.498459 0.615415 0.610574
-30.9818 37.4657 22.1247 -0.499339 0.610929 0.61435
-31.9449 36.1175 22.6817 -0.503563 0.608484 0.613328
-32.8014 34.9452 23.134 -0.512269 0.601425 0.613081
-33.6297 33.7527 23.5842 -0.522612 0.589498 0.615929
-34.5081 32.4443 24.0859 -0.523311 0.587649 0.617102
-35.3017 31.2271 24.5712 -0.524331 0.586491 0.617337
-36.1201 29.9914 25.0433 -0.530331 0.579659 0.618657
-36.8999 28.7549 25.5189 -0.536669 0.574165 0.618321
-37.7217 27.4678 25.995 -0.540165 0.570895 0.618304
-38.5523 26.2016 26.4354 -0.542865 0.572118 0.614799
-39.0836 25.3452 26.7449 -0.552865 0.559756 0.617262
-60.0194 3.29402 23.8871 -0.675726 0.525487 0.516968
-60.6035 3.78536 22.6138 -0.677784 0.530423 0.509177
-61.5709 3.85019 21.2538 -0.678346 0.535491 0.503086
-62.4706 3.84527 20.0131 -0.690528 0.538024 0.483421
-63.3249 3.85695 18.7038 -0.697768 0.558989 0.447918
-64.2042 3.87513 17.2332 -0.700088 0.585538 0.408646
-64.9669 3.89173 15.8713 -0.708176 0.583333 0.397742
-65.6506 3.93909 14.4659 -0.722867 0.601991 0.339215
-66.2614 3.98782 12.9835 -0.735475 0.604408 0.306214
-66.886 3.96635 11.5243 -0.742457 0.595193 0.307412
-67.3672 3.98272 10.0325 -0.748902 0.623133 0.22532
-67.8115 4.0077 8.44719 -0.74123 0.63721 0.211047
-68.1643 4.05033 6.77008 -0.760827 0.634228 0.136872
-68.3421 4.04866 5.28234 -0.767542 0.63768 0.0651331
-68.4441 4.06383 3.77128 -0.758996 0.649269 0.0487317
-68.5201 4.06227 2.17191 -0.76143 0.648246 -0.00145051
-68.5253 4.03868 0.549158 -0.762827 0.646473 -0.0129569
-68.4589 4.07643 -1.04907 -0.762631 0.646335 -0.02466
-68.3496 4.08912 -2.57009 -0.764465 0.641563 -0.0631649
-68.1823 4.10904 -4.14251 -0.76323 0.640991 -0.0812957
-68.0408 4.08214 -5.63864 -0.76356 0.640268 -0.0838689
-67.8303 4.10891 -7.16783 -0.757951 0.643703 -0.105624
-67.5875 4.10615 -8.74238 -0.758691 0.638858 -0.127458
-67.3144 4.06048 -10.2301 -0.758353 0.626953 -0.178395
-66.9074 4.03206 -11.8034 -0.753802 0.611258 -0.241135
-66.4375 3.95676 -13.3084 -0.753588 0.589708 -0.290371
-65.8002 3.9391 -14.8439 -0.755444 0.566211 -0.329712
-65.1327 3.91107 -16.1848 -0.724972 0.538608 -0.429321
-64.4433 3.74609 -17.5157 -0.706843 0.535098 -0.462358
-63.5569 3.72221 -18.8322 -0.709491 0.500283 -0.496326
-62.5612 3.73184 -20.1513 -0.680414 0.484553 -0.549764
-61.511 3.74051 -21.4115 -0.671777 0.476411 -0.567209
-60.5241 3.61312 -22.6337 -0.656066 0.465593 -0.59397
-61.0656 3.31445 -22.2682 -0.656668 0.478937 -0.582586
-62.1709 3.22904 -21.0677 -0.667118 0.482888 -0.56725
-63.1331 3.23196 -19.8835 -0.680582 0.498353 -0.537047
-64.0496 3.23802 -18.6336 -0.698437 0.515735 -0.496189
-65.007 3.19354 -17.2835 -0.713841 0.534839 -0.452082
-65.8906 3.09121 -15.9388 -0.725496 0.558246 -0.402514
-66.6206 3.07488 -14.5012 -0.733717 0.58806 -0.34036
-67.2948 3.03527 -13.0578 -0.723331 0.619993 -0.303952
-67.908 2.93986 -11.5603 -0.737717 0.637925 -0.220967
-68.3482 2.86379 -10.0854 -0.754986 0.632925 -0.171467
-68.654 2.8698 -8.57538 -0.756294 0.638291 -0.143541
-68.9114 2.8563 -7.02225 -0.756261 0.647095 -0.09663
-69.0942 2.85239 -5.51212 -0.757962 0.64642 -0.0873792
-69.2692 2.84411 -3.92728 -0.763053 0.642031 -0.0744741
-69.4443 2.81576 -2.27264 -0.764872 0.640572 -0.0681126
-69.523 2.83006 -0.696548 -0.761384 0.647942 -0.0214
-69.5536 2.84297 0.897022 -0.753797 0.656914 -0.015941
-69.5642 2.83732 2.41618 -0.75699 0.652782 0.0286079
-69.4819 2.82256 3.99024 -0.758566 0.648295 0.0655039
-69.3932 2.77365 5.50621 -0.759799 0.64729 0.0610022
-69.1735 2.79515 7.0653 -0.75705 0.639193 0.135303
-68.7527 2.83955 8.69288 -0.73464 0.644766 0.211144
-68.3444 2.82362 10.1657 -0.727081 0.653118 0.211619
-67.8144 2.84832 11.6383 -0.694682 0.656549 0.293871
-67.1741 2.8822 13.012 -0.718307 0.624696 0.306215
-66.4763 2.944 14.4929 -0.714191 0.614176 0.335569
-65.661 3.02549 15.9349 -0.697001 0.601569 0.390199
-64.8757 3.06246 17.259 -0.692831 0.596064 0.405748
-64.046 3.12196 18.5103 -0.694125 0.56696 0.443548
-63.135 3.18948 19.809 -0.688799 0.549495 0.472875
-62.2277 3.16823 21.0931 -0.677598 0.538611 0.500758
-61.3171 3.16855 22.3098 -0.675684 0.532696 0.509594
-60.3959 3.19459 23.4954 -0.67554 0.527503 0.515155
-59.9926 3.25378 23.9629 -0.675004 0.525342 0.518058
-30.8181 28.2097 -29.8166 -0.478161 0.54343 -0.689961
-30.0982 29.4469 -29.3368 -0.476091 0.548142 -0.687661
-29.2015 30.7627 -28.8909 -0.471707 0.559842 -0.681227
-28.442 31.9705 -28.4113 -0.46639 0.563134 -0.682173
-27.6048 33.2248 -27.94 -0.457908 0.569779 -0.682402
-26.7346 34.4923 -27.4585 -0.44952 0.583593 -0.676272
-25.8419 35.7304 -26.9579 -0.447076 0.598624 -0.664659
-24.9296 37.0068 -26.4167 -0.439207 0.601958 -0.666891
-24.1136 38.1554 -25.8964 -0.426788 0.611393 -0.666372
-23.2168 39.3649 -25.3584 -0.42076 0.615745 -0.666197
-22.2528 40.5944 -24.8142 -0.411484 0.624531 -0.663807
-21.3126 41.7384 -24.3177 -0.410343 0.625195 -0.66389
-20.4002 42.8301 -23.8443 -0.40397 0.631494 -0.661834
-19.495 43.9297 -23.3432 -0.396598 0.63112 -0.666629
-18.5303 45.0549 -22.8424 -0.394259 0.641715 -0.657841
-17.5346 46.2375 -22.2636 -0.388849 0.652027 -0.65089
-16.5801 47.3405 -21.6998 -0.371263 0.66554 -0.647472
-15.5946 48.4252 -21.1254 -0.360036 0.68586 -0.632409
-14.5719 49.5074 -20.5181 -0.346766 0.688346 -0.637129
-13.5991 50.5238 -19.943 -0.341591 0.69036 -0.637745
-12.5622 51.5644 -19.361 -0.32913 0.697332 -0.636712
-11.5162 52.6671 -18.6651 -0.322173 0.710479 -0.625639
-10.5044 53.6518 -18.063 -0.318376 0.712962 -0.624757
-10.6384 52.6614 -19.1221 -0.320257 0.711301 -0.625688
-10.6528 51.6478 -20.2517 -0.329554 0.699891 -0.633678
-10.6207 50.5524 -21.4804 -0.337017 0.697424 -0.632471
-10.5826 49.4252 -22.7373 -0.335482 0.695505 -0.635393
-10.5712 48.3668 -23.889 -0.340516 0.68724 -0.641678
-10.5551 47.3307 -24.9979 -0.342982 0.682272 -0.645653
-10.5397 46.2921 -26.1001 -0.346368 0.680176 -0.646056
-10.4575 45.2831 -27.2115 -0.351573 0.6782 -0.645319
-10.4178 44.2116 -28.3333 -0.363334 0.656757 -0.660802
-10.3885 43.0595 -29.493 -0.365509 0.654009 -0.662326
-10.3662 41.9705 -30.5777 -0.368151 0.651893 -0.662948
-10.2945 40.8732 -31.6883 -0.376524 0.642125 -0.667758
-10.2573 39.7643 -32.7675 -0.381529 0.637607 -0.669249
-10.1928 38.5915 -33.922 -0.38327 0.637186 -0.668654
-10.13 37.5119 -34.9815 -0.385647 0.631758 -0.672423
-10.0875 36.3843 -36.0497 -0.384829 0.625754 -0.678482
-10.074 35.1868 -37.1401 -0.399758 0.609068 -0.684982
-10.0692 33.9801 -38.1982 -0.414938 0.599191 -0.684675
-10.0736 32.832 -39.2069 -0.419716 0.59968 -0.681339
-10.0623 31.7027 -40.2019 -0.420734 0.5951 -0.684718
-10.0248 30.5436 -41.2292 -0.421513 0.592567 -0.686434
-10.0528 29.3466 -42.2275 -0.423048 0.580767 -0.695515
-10.0111 28.1222 -43.2635 -0.431117 0.568189 -0.700925
-9.99545 26.8661 -44.2965 -0.434996 0.570679 -0.696494
-9.98666 25.7031 -45.255 -0.436433 0.569788 -0.696324
-10.8344 25.9406 -44.5298 -0.436791 0.56874 -0.696956
-11.8566 26.4211 -43.4987 -0.436241 0.566576 -0.69906
-13.033 26.9176 -42.3671 -0.437113 0.562922 -0.701463
-14.1124 27.3553 -41.342 -0.436883 0.563696 -0.700985
-15.364 27.7137 -40.2746 -0.435974 0.564121 -0.701209
-16.6064 28.0566 -39.2257 -0.436571 0.566427 -0.698975
-17.825 28.4241 -38.1582 -0.439368 0.567797 -0.696105
-19.039 28.673 -37.1944 -0.436053 0.567583 -0.698361
-20.2825 28.8395 -36.2777 -0.442085 0.56297 -0.698288
-21.5983 28.9134 -35.3656 -0.452909 0.559926 -0.693798
-22.8885 28.9352 -34.5072 -0.452449 0.561051 -0.693189
-24.2104 28.928 -33.6542 -0.45086 0.556117 -0.698183
-25.4921 28.9128 -32.8367 -0.451923 0.555798 -0.69775
-26.8672 28.805 -32.03 -0.454578 0.553528 -0.697829
-28.2302 28.6015 -31.2809 -0.469989 0.545024 -0.694303
-29.5934 28.3683 -30.5381 -0.474594 0.543243 -0.692565
-30.6679 28.1795 -29.9444 -0.47833 0.543338 -0.689916
-7.66938 64.8807 -6.14895 -0.390556 0.73389 -0.555689
-6.36496 64.7965 -7.09904 -0.366896 0.707668 -0.603816
-5.07066 64.7805 -7.85857 -0.333511 0.705561 -0.625263
-3.7043 64.7894 -8.49547 -0.256486 0.712662 -0.652491
-2.1851 64.7798 -8.96991 -0.173869 0.734499 -0.655904
-0.624633 64.8608 -9.26279 -0.146172 0.757258 -0.636549
0.930579 64.9852 -9.40969 -0.0669844 0.80046 -0.595631
2.51298 65.1271 -9.27521 0.0140042 0.83329 -0.552659
4.10624 65.2194 -8.9231 0.1348 0.858608 -0.493703
5.58623 65.2299 -8.14986 0.318141 0.861587 -0.395542
6.6981 65.083 -7.15905 0.456683 0.838512 -0.297143
7.56639 64.9906 -5.90566 0.55791 0.778035 -0.288787
8.24813 64.8851 -4.50002 0.631573 0.749803 -0.197243
8.71396 64.8336 -3.05308 0.66301 0.730557 -0.163295
9.03008 64.7722 -1.58455 0.708685 0.702575 -0.0643107
9.11807 64.7586 -0.0814262 0.717226 0.696828 0.00411198
9.04407 64.768 1.4593 0.70766 0.704292 0.0560795
8.87323 64.7725 3.00703 0.683685 0.724202 0.0900395
8.47083 64.8943 4.57154 0.636428 0.758039 0.142606
7.82648 65.0779 6.02771 0.568173 0.804463 0.173231
7.08229 65.2844 7.3743 0.491482 0.847672 0.195314
6.03162 65.4522 8.55267 0.320809 0.898191 0.299217
4.62723 65.457 9.4777 0.151178 0.921641 0.357385
3.11882 65.2294 10.0466 -0.0314019 0.87524 0.482657
1.57618 65.0953 10.2135 -0.0476485 0.796516 0.602737
0.0596754 64.983 10.1173 -0.125323 0.771351 0.623949
-1.50098 64.8671 9.8246 -0.205716 0.74379 0.635867
-2.94999 64.8573 9.33519 -0.240291 0.723512 0.647138
-4.42921 64.8362 8.76738 -0.27278 0.720528 0.637519
-5.8395 64.8452 8.03373 -0.342763 0.711526 0.613388
-7.14344 64.8578 7.17829 -0.387855 0.728277 0.564962
-8.28767 64.9729 6.17814 -0.400937 0.754878 0.518982
-9.40333 65.0689 5.08834 -0.42355 0.793332 0.437298
-10.3351 65.2023 3.89249 -0.394945 0.832618 0.387617
-11.0858 65.3498 2.59333 -0.380867 0.886518 0.262728
-11.6722 65.4484 1.13186 -0.358622 0.920767 0.153553
-11.788 65.5013 -0.373011 -0.366605 0.930187 -0.0187692
-11.3106 65.4029 -1.82056 -0.346384 0.898076 -0.270852
-10.4975 65.2384 -3.17624 -0.388608 0.846676 -0.362762
-9.5773 65.0905 -4.37032 -0.413824 0.788627 -0.454772
-8.40886 64.9602 -5.50558 -0.389326 0.754235 -0.528711
-7.79339 64.8919 -6.04499 -0.392792 0.738374 -0.548195
21.1384 53.2185 -0.153454 0.692419 0.721493 -0.00193899
22.2196 52.1396 -0.607402 0.713312 0.700847 0.000390471
23.2004 51.1377 -1.16289 0.715852 0.698239 -0.00432794
24.2047 50.1008 -1.77398 0.716593 0.697465 -0.00608063
25.1844 49.0866 -2.386 0.717935 0.696096 -0.00441596
26.1506 48.0864 -3.00704 0.7185 0.695521 0.00286987
27.1251 47.0806 -3.58285 0.720814 0.693094 0.0069204
28.1574 45.9934 -4.20085 0.728724 0.684802 0.00269018
29.0985 44.9511 -4.75842 0.748361 0.663291 -0.000555385
30.0439 43.8721 -5.34083 0.752247 0.65888 0.000790445
30.9598 42.82 -5.93821 0.757427 0.652912 0.00247402
31.9424 41.6809 -6.56811 0.758872 0.651203 0.00694913
32.8722 40.5967 -7.13679 0.763777 0.645446 0.00669478
33.8305 39.4645 -7.75563 0.767881 0.640491 0.0113631
34.7758 38.3363 -8.31335 0.769733 0.63825 0.0121179
35.7486 37.1759 -8.93253 0.772583 0.634546 0.0216214
36.6861 36.0353 -9.47852 0.781427 0.623633 0.0212687
37.6793 34.7991 -10.0773 0.789511 0.613204 0.0255626
38.6095 33.5976 -10.6256 0.797815 0.602412 0.0243148
39.5313 32.4045 -11.2182 0.797762 0.60232 0.028021
40.3897 31.2772 -11.7812 0.805568 0.591656 0.0316919
41.2635 30.1139 -12.3027 0.807087 0.589589 0.0315286
42.1121 28.9614 -12.798 0.813702 0.580076 0.0373297
42.9786 27.7834 -13.3369 0.81319 0.580482 0.0419959
43.8809 26.5481 -13.8817 0.81766 0.574054 0.0435272
44.7199 25.3907 -14.3673 0.821205 0.568197 0.0526695
44.6611 25.3914 -13.3797 0.82125 0.568684 0.0463279
44.1822 25.9546 -11.8738 0.822139 0.567117 0.049655
43.7252 26.4946 -10.3193 0.823411 0.565999 0.0404827
43.3751 26.8899 -8.78731 0.821329 0.568918 0.0418584
43.0918 27.2052 -7.33509 0.821248 0.569813 0.0293769
42.8504 27.4705 -5.81952 0.81955 0.572033 0.0334209
42.5598 27.7856 -4.2786 0.81978 0.571131 0.0420754
42.234 28.1298 -2.6481 0.818858 0.572387 0.0429402
42.0494 28.2767 -1.16854 0.818483 0.572539 0.047798
41.9309 28.3191 0.360737 0.819356 0.571366 0.0468814
41.8271 28.3349 1.99102 0.820097 0.570361 0.0461337
41.7284 28.3526 3.52625 0.821849 0.567554 0.04943
41.6339 28.349 5.09799 0.8247 0.563142 0.0523432
41.5546 28.303 6.80205 0.822376 0.5664 0.0537447
41.5348 28.1731 8.30699 0.822101 0.565552 0.0655805
41.5659 27.9418 9.86243 0.82083 0.566786 0.0706584
41.6023 27.6924 11.3749 0.821583 0.564997 0.0760303
41.0246 28.5005 11.552 0.81716 0.571588 0.0744124
40.1947 29.7397 11.1399 0.816299 0.57228 0.0784263
39.3839 30.9528 10.6803 0.812737 0.577272 0.0788394
38.5558 32.1778 10.1639 0.807646 0.584593 0.0771937
37.6896 33.4118 9.63556 0.798442 0.598188 0.0682718
36.8576 34.5699 9.16436 0.795273 0.602396 0.0682674
35.9054 35.8733 8.6573 0.792131 0.60685 0.0652791
35.0432 37.0517 8.12738 0.789631 0.610424 0.0621635
34.1671 38.2255 7.63178 0.785277 0.616434 0.057871
33.2716 39.4172 7.10148 0.784762 0.617471 0.0536372
32.354 40.6115 6.56637 0.775203 0.629863 0.0481737
31.4397 41.7656 6.04554 0.771832 0.63436 0.0431562
30.5481 42.8818 5.52633 0.769888 0.636426 0.0472662
29.6675 43.9838 4.98594 0.768173 0.638894 0.041536
28.7339 45.1084 4.40291 0.749035 0.661543 0.0361572
27.6889 46.3127 3.799 0.7378 0.673886 0.0389862
26.6781 47.4325 3.22888 0.730309 0.68235 0.0323643
25.7071 48.4916 2.61725 0.725843 0.687344 0.0265876
24.6906 49.5713 2.06038 0.721358 0.69245 0.0122219
23.7148 50.6074 1.46116 0.727611 0.685956 0.00685636
22.6561 51.696 0.85904 0.710607 0.703565 -0.00588485
21.602 52.7627 0.317999 0.70687 0.707334 0.00125196
21.1199 53.2368 0.0543325 0.692424 0.721489 -0.00193668
56.6576 6.21272 -30.9004 0.903017 0.428587 0.0295701
57.0488 5.4658 -32.159 0.905055 0.424459 0.0266421
57.4156 4.75712 -33.4606 0.90615 0.422291 0.0236936
57.7239 4.16981 -34.8932 0.907032 0.420523 0.0212868
57.9206 3.81761 -36.3833 0.907803 0.418924 0.0199287
58.0231 3.66477 -37.9224 0.90814 0.418278 0.0180503
58.0839 3.59068 -39.4902 0.908249 0.418246 0.0123801
58.1467 3.41942 -38.4972 0.908186 0.418256 0.0161464
58.1014 3.44872 -36.8739 0.907869 0.418824 0.0189933
58.0787 3.41955 -35.2144 0.907136 0.420369 0.0198632
58.0518 3.40441 -33.7034 0.905857 0.423056 0.0211401
58.0488 3.33769 -32.1909 0.905127 0.424686 0.0196868
58.0165 3.33466 -30.6816 0.903628 0.427857 0.0198987
57.9571 3.38917 -29.1363 0.90213 0.431067 0.018481
57.5219 4.32749 -29.6732 0.902435 0.430274 0.0217762
56.9773 5.51638 -30.5477 0.90273 0.429345 0.0272086
56.7148 6.08847 -30.8478 0.903014 0.428591 0.0295756
58.1123 3.53883 -39.8171 0.907464 0.419979 0.0112173
58.1942 3.39153 -41.1284 0.906355 0.42245 0.0074715
58.2177 3.35686 -42.3938 0.90394 0.427644 0.00338151
58.0733 3.66221 -42.3099 0.904093 0.427331 0.00211988
58.0824 3.62626 -40.8467 0.906357 0.422444 0.00747711
58.1149 3.53782 -40.0038 0.90724 0.420478 0.010613
8.58158 3.77621 -71.6397 -0.423103 0.478989 -0.769125
7.47313 3.32035 -71.3077 -0.428555 0.474899 -0.768643
6.05643 3.29179 -70.535 -0.431127 0.469977 -0.770228
4.61343 3.32661 -69.7054 -0.432239 0.467137 -0.771331
3.31266 3.36637 -68.95 -0.434814 0.465159 -0.77108
1.99639 3.35269 -68.2144 -0.436473 0.464991 -0.770243
0.600337 3.33275 -67.434 -0.437241 0.465729 -0.769361
-0.795773 3.30368 -66.6551 -0.438776 0.467597 -0.767352
-2.1169 3.24692 -65.9303 -0.441848 0.46911 -0.76466
-3.44378 3.26907 -65.1452 -0.445245 0.4696 -0.762386
-3.77754 3.76023 -64.6474 -0.446114 0.469369 -0.76202
-2.65417 4.77726 -64.6778 -0.445152 0.470011 -0.762187
-1.62402 6.03137 -64.5054 -0.445748 0.470346 -0.761632
-0.638137 5.4078 -65.4626 -0.44237 0.46713 -0.765571
0.359381 4.64989 -66.4984 -0.440368 0.465722 -0.76758
1.64784 4.1357 -67.544 -0.437332 0.464727 -0.769915
2.85545 3.84229 -68.4053 -0.435656 0.46473 -0.770863
4.30652 3.69993 -69.3075 -0.43272 0.466021 -0.771737
5.73419 3.61408 -70.1585 -0.430231 0.469178 -0.771215
7.21898 3.75509 -70.8991 -0.428329 0.472514 -0.770237
8.57435 3.77688 -71.6353 -0.423759 0.479161 -0.768657
8.57659 3.77686 -71.6366 -0.423435 0.479065 -0.768895
-13.4958 34.1745 -36.0217 -0.408218 0.595759 -0.691685
-14.9666 33.7255 -35.5316 -0.413224 0.591163 -0.692656
-16.3463 33.2894 -35.0539 -0.428702 0.583583 -0.689671
-17.7785 32.8294 -34.5473 -0.423571 0.582236 -0.693966
-19.226 32.3749 -34.0362 -0.431388 0.573791 -0.696181
-20.6181 31.9293 -33.5377 -0.434755 0.570057 -0.697154
-22.5391 35.7432 -29.0812 -0.423756 0.604626 -0.674432
-21.0762 36.2022 -29.5992 -0.428884 0.601064 -0.674374
-19.6905 36.6403 -30.0882 -0.421461 0.606138 -0.674513
-18.3099 37.0652 -30.5574 -0.411399 0.609734 -0.677477
-16.8177 37.5186 -31.0523 -0.407847 0.607856 -0.681302
-15.3682 37.9593 -31.5271 -0.40809 0.605965 -0.682839
-13.8588 38.4092 -32.0047 -0.384478 0.626965 -0.677563
-13.6424 38.4713 -32.0702 -0.384316 0.62905 -0.67572
-13.9145 42.5817 -27.9915 -0.374933 0.646122 -0.664794
-15.3141 42.1843 -27.5773 -0.391171 0.643338 -0.658105
-16.8322 41.7362 -27.1046 -0.399735 0.636852 -0.659265
-18.255 41.3065 -26.6443 -0.405891 0.635444 -0.656859
-18.414 41.2584 -26.5925 -0.406068 0.635336 -0.656854
-18.7044 41.5439 27.1899 -0.42964 0.645578 0.631379
-17.3034 42.003 27.6465 -0.410026 0.654903 0.634807
-15.8828 42.4554 28.089 -0.400048 0.659083 0.636845
-14.5046 42.8858 28.503 -0.397056 0.661561 0.636148
-13.9309 43.0637 28.6734 -0.392493 0.664195 0.636235
-13.5871 39.1405 33.0194 -0.406231 0.663421 0.628371
-15.0942 38.6505 32.5514 -0.416714 0.651215 0.634246
-16.4814 38.1912 32.105 -0.422332 0.650663 0.631089
-17.8581 37.7277 31.6487 -0.432887 0.644795 0.629959
-19.2919 37.2337 31.1571 -0.439985 0.644205 0.625631
-20.6637 36.7531 30.6737 -0.451921 0.63323 0.628321
-22.0799 36.2437 30.1554 -0.454382 0.629039 0.63075
-23.2135 35.8414 29.7416 -0.452506 0.625995 0.635113
-27.3532 30.0669 32.2827 -0.492163 0.595693 0.634764
-26.0222 30.5826 32.8227 -0.486909 0.599879 0.634874
-24.6933 31.0926 33.3512 -0.470526 0.611539 0.636101
-23.2015 31.6386 33.9106 -0.458653 0.611534 0.644719
-21.8568 32.1177 34.3977 -0.45294 0.615848 0.644653
-20.5199 32.5957 34.8822 -0.453361 0.616663 0.643577
-19.0682 33.1172 35.402 -0.450748 0.618995 0.643173
-17.6429 33.6145 35.8941 -0.438517 0.62725 0.643631
-16.2491 34.1026 36.373 -0.443423 0.634842 0.632734
-14.8301 34.6025 36.8603 -0.440131 0.638672 0.631176
-13.4913 35.0735 37.3129 -0.440019 0.642187 0.627678
-13.2314 30.9496 41.627 -0.449387 0.625668 0.637645
-14.6564 30.4341 41.1241 -0.4524 0.623115 0.638014
-16.1539 29.8914 40.593 -0.452739 0.619351 0.641429
-17.4956 29.4005 40.1108 -0.458922 0.61425 0.64194
-18.9478 28.8669 39.5764 -0.4606 0.607811 0.646849
-20.3037 28.3705 39.0778 -0.460708 0.60643 0.648067
-21.6789 27.8596 38.5636 -0.473045 0.602896 0.642452
-23.0656 27.328 38.0253 -0.481628 0.592222 0.645993
-24.3741 26.8182 37.5097 -0.484956 0.583488 0.651429
-17.577 25.0298 44.1972 -0.477031 0.601605 0.640713
-16.2409 25.5381 44.7106 -0.468364 0.606362 0.64262
-14.8995 26.0325 45.2055 -0.461051 0.610317 0.644162
-13.5091 26.5403 45.7138 -0.459002 0.615321 0.640856
-13.231 26.6418 45.816 -0.460631 0.615386 0.639624
34.8498 37.6379 4.0407 0.788826 0.6131 0.0431384
35.8518 36.3531 3.98522 0.788506 0.613351 0.0453765
36.8303 35.0922 3.92258 0.795935 0.603395 0.0490052
37.815 33.7915 3.85376 0.799484 0.598588 0.0501842
38.7755 32.5032 3.78127 0.80434 0.591664 0.0545003
39.5875 31.3906 3.71152 0.812411 0.580888 0.0505781
40.4284 30.8174 -5.00077 0.808205 0.587625 0.038761
39.4444 32.1535 -4.88457 0.804668 0.592638 0.0358997
38.4899 33.4467 -4.76816 0.806139 0.590816 0.0328018
37.5772 34.6622 -4.66153 0.791227 0.610704 0.0316204
36.6414 35.8667 -4.55743 0.788847 0.613765 0.0318272
35.648 37.1246 -4.44863 0.784382 0.61977 0.025093
34.6533 38.3783 -4.34545 0.781196 0.623898 0.0220068
34.619 38.4212 -4.34184 0.78119 0.623905 0.022008
