-41.684 17.4425 34.6548 -0.571085 0.551103 0.608396
-40.4818 17.719 35.513 -0.561241 0.551234 0.617373
-39.2355 17.9662 36.42 -0.558228 0.550769 0.620512
-38.0061 18.1176 37.3752 -0.549024 0.553243 0.626493
-36.7842 18.1553 38.3984 -0.539948 0.556561 0.631424
-35.6376 18.1547 39.3749 -0.53793 0.5564 0.633285
-34.458 18.1677 40.362 -0.532858 0.560525 0.633932
-33.2672 18.1739 41.3341 -0.522303 0.55931 0.643715
-32.043 18.1351 42.3567 -0.519894 0.559192 0.645766
-30.81 17.9752 43.4791 -0.512794 0.562377 0.648671
-29.5513 17.7754 44.6439 -0.510468 0.564321 0.648818
-28.3529 17.5459 45.7849 -0.509231 0.563839 0.650207
-27.2269 17.3568 46.8264 -0.506972 0.563526 0.65224
-26.0696 17.1141 47.9335 -0.504957 0.562351 0.654813
-24.9679 16.8125 49.028 -0.493326 0.564661 0.661654
-23.9643 16.4287 50.1055 -0.493482 0.565359 0.660942
-23.0223 15.9623 51.2115 -0.492399 0.569019 0.658605
-21.9694 15.4503 52.4334 -0.488178 0.570404 0.660546
-21.0327 14.932 53.5719 -0.488304 0.5694 0.661318
-20.1386 14.4196 54.6677 -0.483033 0.566132 0.667962
-19.1987 13.7866 55.8819 -0.481788 0.56564 0.669277
-18.4809 12.9966 57.0652 -0.4826 0.564598 0.669572
-17.9794 12.0941 58.1874 -0.483572 0.562347 0.670763
-17.6055 11.0345 59.336 -0.48238 0.558367 0.674933
-17.4752 9.91854 60.3497 -0.481829 0.556561 0.676817
-17.5959 8.64687 61.3089 -0.48198 0.556117 0.677074
-17.3189 7.7115 62.272 -0.481002 0.555155 0.678557
-16.0183 7.71257 63.1908 -0.479602 0.554625 0.67998
-14.7081 7.72475 64.1019 -0.478228 0.553788 0.681628
-13.4747 7.70992 64.9774 -0.477516 0.552742 0.682975
-12.1862 7.71621 65.8729 -0.477581 0.552191 0.683376
-10.7875 7.77329 66.802 -0.477435 0.55004 0.685209
-9.54294 7.75063 67.6864 -0.47711 0.548448 0.68671
-8.20175 8.28584 68.1934 -0.47894 0.546515 0.686977
-7.96444 9.5369 67.3655 -0.481674 0.545231 0.686086
-8.01771 10.7577 66.3539 -0.483458 0.547304 0.683174
-8.04128 11.9497 65.3821 -0.485501 0.546586 0.682299
-8.08549 13.1599 64.378 -0.486822 0.548362 0.679929
-8.10135 14.4482 63.3237 -0.488039 0.550649 0.677203
-8.07015 15.682 62.3389 -0.48759 0.555401 0.673636
-8.03804 16.9846 61.2795 -0.490803 0.558711 0.668546
-8.07963 18.1318 60.2837 -0.48903 0.565139 0.66443
-8.22722 19.2119 59.2502 -0.490453 0.567913 0.661007
-8.43114 20.2658 58.1877 -0.489824 0.572993 0.657079
-8.60839 21.3995 57.0643 -0.487792 0.575933 0.656017
-8.69167 22.5477 55.9758 -0.485981 0.58529 0.649043
-8.78933 23.6434 54.909 -0.486358 0.587505 0.646756
-8.85047 24.7542 53.8496 -0.483076 0.593767 0.643489
-8.85507 25.8715 52.796 -0.475573 0.60444 0.639126
-8.85027 27.0101 51.7306 -0.471227 0.603268 0.643438
-8.84268 28.1535 50.6492 -0.46619 0.612033 0.638814
-8.79404 29.3176 49.5606 -0.462418 0.621274 0.632602
-8.70996 30.4202 48.5304 -0.458153 0.627045 0.630008
-8.59589 31.5642 47.4671 -0.45683 0.631459 0.626551
-8.50126 32.6495 46.4285 -0.451951 0.639616 0.621798
-8.40688 33.7656 45.3465 -0.446111 0.643289 0.622219
-8.32399 34.8677 44.2578 -0.439529 0.649651 0.620297
-8.33726 35.8964 43.1646 -0.431941 0.657333 0.617528
-8.33815 36.9351 42.054 -0.430355 0.660455 0.615299
-8.39869 37.9955 40.8667 -0.425996 0.666595 0.611701
-8.43114 39.0533 39.6849 -0.412652 0.674466 0.61222
-8.44327 40.0696 38.5528 -0.408998 0.678212 0.61053
-8.50289 41.1378 37.3178 -0.398165 0.684667 0.610488
-8.55126 42.1381 36.1639 -0.392457 0.68703 0.611528
-8.56019 43.1702 34.9749 -0.390144 0.696052 0.602743
-8.58907 44.2557 33.7208 -0.374941 0.695409 0.613046
-8.65216 45.2994 32.495 -0.373309 0.696609 0.612679
-8.67362 46.4359 31.1986 -0.364991 0.697923 0.616186
-8.70616 47.4285 30.0562 -0.348797 0.70777 0.61433
-8.72388 48.4111 28.9203 -0.341268 0.704459 0.622313
-8.74449 49.4317 27.7516 -0.332745 0.710864 0.619639
-8.77985 50.4475 26.5704 -0.328257 0.709282 0.623832
-8.83495 51.4468 25.4055 -0.325681 0.711077 0.623136
-8.86922 52.4764 24.2112 -0.318647 0.714245 0.62315
-8.82751 53.4882 23.0602 -0.317039 0.719141 0.618322
-8.83508 54.5102 21.8668 -0.316129 0.7192 0.618711
-8.81945 55.5105 20.7146 -0.314188 0.719294 0.619597
-8.8005 56.5674 19.4773 -0.316287 0.727083 0.609354
-8.67531 57.6482 18.2478 -0.314462 0.729899 0.606928
-8.31955 58.7505 17.0959 -0.312722 0.732984 0.604102
-7.90225 59.8789 15.9562 -0.313769 0.728147 0.609385
-7.43876 60.9855 14.8758 -0.30965 0.722807 0.617791
-8.93005 61.034 14.0454 -0.319753 0.724284 0.610877
-9.84566 60.0907 14.6873 -0.324482 0.729261 0.602403
-10.5874 58.9841 15.6271 -0.321233 0.727543 0.60621
-11.4075 57.9653 16.4187 -0.325948 0.729499 0.601323
-12.3544 56.9048 17.1873 -0.329279 0.727318 0.60215
-13.3305 55.937 17.8128 -0.352849 0.716766 0.601442
-14.3502 54.9411 18.3774 -0.36386 0.707962 0.605307
-15.399 53.8733 18.9927 -0.366553 0.706671 0.60519
-16.3303 52.8598 19.5934 -0.37349 0.694432 0.615037
-17.3629 51.7219 20.242 -0.380182 0.68757 0.61863
-18.3705 50.614 20.8372 -0.395029 0.679299 0.61847
-19.4653 49.4511 21.41 -0.40698 0.678503 0.611556
-20.4036 48.3786 21.9432 -0.43387 0.660433 0.612849
-21.2799 47.2909 22.491 -0.439391 0.65862 0.610864
-22.2558 46.07 23.0869 -0.444257 0.649402 0.617181
-23.2628 44.8372 23.6551 -0.444433 0.647804 0.618732
-24.1679 43.7323 24.1611 -0.446858 0.645569 0.619317
-25.1015 42.5169 24.7309 -0.462747 0.635258 0.618315
-26.0401 41.2633 25.3149 -0.465386 0.636603 0.61494
-26.9149 40.1415 25.7995 -0.474512 0.627964 0.616846
-27.8367 38.8691 26.3743 -0.478319 0.623469 0.618463
-28.6692 37.7224 26.8707 -0.490728 0.612982 0.61922
-29.6028 36.4725 27.363 -0.493973 0.611668 0.617943
-30.4781 35.2742 27.8383 -0.505658 0.601091 0.618869
-31.3681 34.0181 28.3236 -0.511156 0.599144 0.616235
-32.2484 32.7327 28.8387 -0.515842 0.595881 0.615494
-33.0655 31.4781 29.3555 -0.519526 0.585954 0.621892
-33.8639 30.2615 29.8256 -0.521148 0.580943 0.625228
-34.7082 28.9555 30.3356 -0.523987 0.581251 0.622563
-35.5494 27.6761 30.8133 -0.531251 0.578579 0.618885
-36.3865 26.3824 31.296 -0.537659 0.569598 0.621675
-37.1702 25.1392 31.7582 -0.540234 0.571932 0.617286
-37.9491 23.9056 32.2097 -0.548521 0.56227 0.618838
-38.7519 22.611 32.6573 -0.551022 0.556665 0.62169
-39.5388 21.2795 33.1584 -0.558695 0.557438 0.614103
-40.2583 19.9929 33.6607 -0.56672 0.554312 0.609562
-40.9945 18.7414 34.1166 -0.566203 0.555238 0.6092
-41.6808 17.4525 34.6488 -0.570443 0.550818 0.609256
-43.1352 12.3878 37.871 -0.570799 0.554929 0.605179
-44.3655 12.0726 36.9933 -0.579808 0.550146 0.600935
-45.6855 11.7644 35.9763 -0.588443 0.548987 0.593589
-47.0026 11.4677 34.9308 -0.599323 0.543165 0.588024
-48.1942 11.1797 33.968 -0.60879 0.536169 0.584716
-49.3272 10.9239 33.0086 -0.613441 0.536531 0.579503
-49.6598 11.4094 32.2107 -0.613917 0.533673 0.581634
-48.9016 12.7099 31.8216 -0.61372 0.531224 0.58408
-48.1787 13.9846 31.4189 -0.60881 0.531509 0.588939
-47.4672 15.2705 30.9918 -0.60353 0.530858 0.594928
-46.7062 16.6461 30.5303 -0.599434 0.534103 0.596165
-45.941 17.9819 30.0887 -0.59126 0.541825 0.597359
-45.1496 19.338 29.6361 -0.587438 0.544781 0.59844
-44.4211 20.5908 29.2047 -0.581924 0.545748 0.602929
-43.7129 21.8896 28.7136 -0.578554 0.542439 0.609126
-42.9135 23.2568 28.2507 -0.569032 0.546131 0.614771
-42.0675 24.6569 27.7866 -0.567401 0.548037 0.614583
-41.2845 25.9448 27.3525 -0.566462 0.553655 0.610399
-40.5605 27.1807 26.8932 -0.55943 0.561217 0.609977
-39.7665 28.4561 26.4329 -0.550829 0.56441 0.61484
-38.9618 29.6804 26.0148 -0.543886 0.571923 0.614078
-38.138 30.956 25.5473 -0.541777 0.576507 0.611651
-37.3149 32.2121 25.072 -0.527093 0.586907 0.614584
-36.5392 33.4079 24.5904 -0.522206 0.589566 0.616209
-35.6788 34.7168 24.0629 -0.520644 0.59149 0.615686
-34.8579 35.9341 23.58 -0.516261 0.597544 0.613528
-34.0009 37.124 23.1354 -0.512212 0.600951 0.613593
-33.1359 38.3462 22.6418 -0.503013 0.610141 0.612132
-32.2669 39.5477 22.1561 -0.500209 0.612991 0.611579
-31.3873 40.7936 21.6085 -0.494508 0.626687 0.602266
-30.5059 41.9614 21.1036 -0.487117 0.631558 0.6032
-29.5113 43.2483 20.5544 -0.482797 0.635478 0.602556
-28.618 44.4202 20.0292 -0.479035 0.638851 0.601989
-27.7529 45.5522 19.5022 -0.471462 0.643537 0.602978
-26.8839 46.6684 18.9847 -0.466299 0.648031 0.602179
-25.957 47.834 18.4351 -0.461856 0.655253 0.597773
-24.972 49.0209 17.8841 -0.455038 0.659327 0.598522
-24.0089 50.1946 17.3255 -0.456683 0.660872 0.595557
-23.0781 51.3066 16.7933 -0.447182 0.67019 0.592347
-22.0329 52.4523 16.247 -0.427805 0.687013 0.587364
-21.0856 53.501 15.7038 -0.427068 0.693538 0.580181
-20.1393 54.5854 15.0944 -0.422009 0.69709 0.579632
-19.1357 55.6458 14.5207 -0.405949 0.710776 0.574448
-18.0919 56.7246 13.9073 -0.399057 0.713198 0.576256
-17.116 57.7184 13.3269 -0.392077 0.719313 0.573467
-16.1523 58.7683 12.6563 -0.377435 0.726102 0.574733
-15.3354 59.7767 11.8966 -0.367128 0.735146 0.569892
-14.6227 60.8618 10.9463 -0.3591 0.73826 0.570981
-14.0436 61.9879 9.84729 -0.354913 0.741479 0.569425
-13.6572 63.0076 8.75118 -0.356249 0.747684 0.560406
-13.52 64.0547 7.46754 -0.34578 0.738769 0.578495
-13.5655 64.9577 6.2609 -0.330956 0.754346 0.566947
-13.1216 65.6315 5.59678 -0.320017 0.773276 0.547388
-11.8146 65.5157 6.61263 -0.37565 0.753876 0.539009
-10.6623 65.4031 7.59381 -0.387564 0.74275 0.546
-9.45036 65.369 8.497 -0.387825 0.723574 0.570992
-8.23434 65.2953 9.38425 -0.374212 0.706243 0.600987
-6.92234 65.2279 10.2175 -0.332331 0.704387 0.627212
-5.55106 65.2582 10.8729 -0.301312 0.710965 0.635405
-4.10145 65.2468 11.5433 -0.275306 0.718942 0.638199
-2.6495 65.3274 12.0423 -0.242431 0.729524 0.639548
-1.15271 65.4338 12.4591 -0.217158 0.749454 0.625429
0.358981 65.5129 12.8975 -0.215106 0.774237 0.595219
1.79903 65.5437 13.3746 -0.203575 0.808591 0.551907
3.31665 65.7878 13.5954 -0.212281 0.850179 0.481322
4.79689 66.1747 13.4593 -0.137353 0.917379 0.373515
3.669 65.6546 14.0159 -0.232704 0.860921 0.452398
2.31007 64.9537 14.4867 -0.267548 0.805986 0.527984
1.02135 64.047 15.0714 -0.302943 0.753216 0.58386
-0.102591 63.0505 15.778 -0.275336 0.743884 0.608956
-1.07687 62.0133 16.6018 -0.280704 0.741062 0.609945
-1.76569 61.0196 17.4983 -0.279391 0.742882 0.608332
-2.38616 59.9465 18.5169 -0.282395 0.739552 0.610996
-2.80003 58.8426 19.6611 -0.281469 0.73787 0.613452
-2.97408 57.7978 20.8263 -0.2805 0.731264 0.62175
-3.03286 56.807 21.9589 -0.276587 0.730196 0.624751
-2.99004 55.7954 23.1553 -0.27412 0.727916 0.628487
-3.0215 54.7813 24.3173 -0.275018 0.728738 0.627141
-3.01686 53.7808 25.4901 -0.277673 0.732737 0.62128
-3.00765 52.7363 26.7377 -0.283089 0.73658 0.614253
-2.96022 51.786 27.9107 -0.287543 0.740116 0.607904
-2.95764 50.775 29.1626 -0.298612 0.743111 0.598843
-2.96564 49.7564 30.4293 -0.320066 0.741579 0.589592
-2.94877 48.7836 31.6592 -0.328704 0.739412 0.587556
-2.97455 47.7605 32.9254 -0.345971 0.732168 0.586715
-2.96923 46.7819 34.1609 -0.358584 0.731909 0.579419
-2.92714 45.8239 35.3946 -0.368908 0.728604 0.577098
-2.91024 44.8073 36.6745 -0.380648 0.720019 0.580221
-2.88675 43.854 37.864 -0.391935 0.711551 0.583164
-2.89657 42.8479 39.081 -0.399553 0.707038 0.583484
-2.86768 41.8849 40.257 -0.40726 0.698431 0.588498
-2.82819 40.9096 41.4375 -0.414848 0.693795 0.588684
-2.81819 39.8221 42.7118 -0.425016 0.685832 0.590755
-2.82379 38.8133 43.8744 -0.431483 0.6808 0.59189
-2.85238 37.7866 45.0265 -0.436034 0.674243 0.596042
-2.79743 36.7779 46.1955 -0.442767 0.665764 0.600593
-2.90945 35.7073 47.2886 -0.448459 0.659321 0.603473
-3.04517 34.6361 48.3503 -0.454236 0.65279 0.606246
-3.19493 33.4441 49.5103 -0.459366 0.644724 0.610988
-3.32385 32.3162 50.5943 -0.466045 0.638398 0.612576
-3.41284 31.106 51.7807 -0.469647 0.634299 0.614081
-3.48531 29.9908 52.8541 -0.476333 0.622051 0.621417
-3.53549 28.8502 53.9529 -0.480028 0.617473 0.623137
-3.50011 27.7187 55.0936 -0.485083 0.610415 0.626169
-3.47655 26.5475 56.2425 -0.488452 0.601018 0.632604
-3.40138 25.4739 57.3105 -0.492632 0.594185 0.635812
-3.34167 24.3339 58.4092 -0.496312 0.587916 0.638771
-3.21559 23.2759 59.471 -0.499741 0.579871 0.643433
-3.05803 22.2106 60.5403 -0.502656 0.57019 0.649785
-2.87266 21.1551 61.6027 -0.501411 0.564884 0.655357
-2.72126 19.9953 62.711 -0.501583 0.559233 0.660055
-2.71272 18.8458 63.6843 -0.502453 0.554088 0.663721
-2.74926 17.506 64.7657 -0.502004 0.548981 0.66829
-2.74349 16.2188 65.8132 -0.502122 0.541331 0.674414
-2.73129 15.0205 66.7788 -0.502628 0.537228 0.677312
-2.70162 13.8322 67.7379 -0.501489 0.533336 0.68122
-2.69195 12.5869 68.7168 -0.498449 0.531478 0.684894
-2.69016 11.3353 69.6889 -0.494851 0.531849 0.687212
-2.59083 10.0712 70.7367 -0.489469 0.532078 0.690878
-2.38295 8.95279 71.7438 -0.487777 0.530942 0.692946
-2.33491 7.75047 72.698 -0.48459 0.530524 0.695497
-3.45017 6.73859 72.6992 -0.480043 0.533907 0.696062
-4.62535 5.77474 72.6359 -0.47576 0.539459 0.69472
-5.80256 4.80934 72.586 -0.47063 0.543379 0.695159
-7.11917 3.75416 72.5227 -0.470097 0.546089 0.693394
-8.4056 2.8471 72.3665 -0.469635 0.547752 0.692395
-9.76091 2.64336 71.6073 -0.470039 0.549491 0.690741
-11.049 2.63551 70.7352 -0.470744 0.550719 0.689281
-12.4155 2.64091 69.7951 -0.47221 0.5521 0.687171
-13.7301 2.61869 68.9078 -0.472734 0.552885 0.686178
-15.0797 2.60072 67.989 -0.474689 0.553346 0.684455
-16.3937 2.608 67.0691 -0.475669 0.554266 0.683029
-17.6906 2.60637 66.1653 -0.477103 0.554203 0.682078
-19.0535 2.62807 65.1913 -0.478914 0.554424 0.680629
-20.3798 2.61264 64.2683 -0.480537 0.554334 0.679557
-21.701 2.59568 63.3462 -0.481903 0.55442 0.678518
-22.9606 2.63375 62.4191 -0.482248 0.555522 0.677371
-24.2542 2.63888 61.4916 -0.483015 0.556194 0.676272
-25.478 2.63082 60.6206 -0.486746 0.557159 0.672794
-26.7786 2.65011 59.66 -0.488667 0.556228 0.672172
-28.0654 2.6407 58.7289 -0.491864 0.55724 0.668993
-29.4531 2.5985 57.7352 -0.498069 0.556633 0.664897
-30.7177 2.60077 56.7752 -0.504942 0.555852 0.66035
-31.2269 2.87819 56.1483 -0.511679 0.552851 0.657678
-29.8704 3.231 56.8904 -0.502296 0.555171 0.662936
-28.4921 3.59048 57.6244 -0.495694 0.554112 0.668766
-27.0208 4.04663 58.329 -0.48978 0.555631 0.671856
-25.7051 4.51777 58.8976 -0.489066 0.555517 0.672469
-24.3991 5.24027 59.2463 -0.485502 0.556193 0.67449
-23.3262 6.30949 59.1369 -0.485689 0.55606 0.674465
-22.7705 7.55978 58.5039 -0.486239 0.557106 0.673205
-22.8955 8.77136 57.4071 -0.487255 0.559237 0.670699
-23.5564 9.59354 56.236 -0.491714 0.559782 0.666979
-24.4776 10.1107 55.1219 -0.49152 0.561741 0.665473
-25.4126 10.6206 53.9959 -0.494832 0.561487 0.66323
-26.3669 11.0866 52.8863 -0.494369 0.565126 0.660478
-27.402 11.5749 51.6823 -0.497235 0.569635 0.654425
-28.4028 11.9428 50.5974 -0.499283 0.569224 0.653224
-29.4956 12.233 49.5098 -0.499376 0.568204 0.654039
-30.5693 12.4504 48.4846 -0.511241 0.567058 0.645816
-31.6664 12.7105 47.3855 -0.511753 0.567753 0.644798
-32.8097 12.903 46.3095 -0.510952 0.568487 0.644787
-33.9499 13.1143 45.2157 -0.514329 0.568048 0.642484
-35.1883 13.1661 44.1671 -0.522975 0.570282 0.633463
-36.4041 13.1975 43.1279 -0.532314 0.565442 0.63001
-37.6468 13.1221 42.1293 -0.540277 0.565502 0.623143
-38.8305 13.0859 41.1303 -0.542959 0.564232 0.621962
-40.0153 13.046 40.121 -0.550349 0.566484 0.613361
-41.2365 12.8615 39.1933 -0.551932 0.566289 0.612118
-42.474 12.5334 38.3595 -0.568425 0.557127 0.605394
-43.0142 12.4096 37.9651 -0.570441 0.555212 0.605258
-51.6471 2.76466 38.0354 -0.625025 0.530006 0.573095
-52.4835 2.69409 37.1863 -0.626169 0.53159 0.570372
-53.5629 2.69329 35.9776 -0.637752 0.524341 0.564215
-54.6512 2.71937 34.7199 -0.642288 0.52307 0.560235
-55.6682 2.67979 33.5657 -0.654131 0.52015 0.549141
-56.6631 2.66845 32.386 -0.65921 0.51725 0.545797
-57.6558 2.66351 31.1817 -0.663567 0.517261 0.540481
-58.6011 2.68763 29.9882 -0.668164 0.516172 0.535839
-59.5783 2.69393 28.7526 -0.671708 0.517108 0.530479
-60.5775 2.69063 27.4821 -0.673963 0.518626 0.526119
-61.5486 2.67697 26.2496 -0.674306 0.521432 0.522895
-62.5624 2.67624 24.9381 -0.673889 0.525145 0.519708
-63.5153 2.64776 23.712 -0.678731 0.529843 0.508517
-64.4742 2.63198 22.4322 -0.680459 0.538722 0.496744
-65.3631 2.62111 21.2139 -0.68636 0.548904 0.47709
-66.2699 2.61685 19.8991 -0.680791 0.567376 0.463232
-67.1289 2.58457 18.6558 -0.681029 0.575721 0.452481
-68.0417 2.55181 17.2709 -0.68803 0.591468 0.420453
-68.8848 2.49342 15.936 -0.687321 0.619375 0.379204
-69.617 2.48916 14.5352 -0.694228 0.627067 0.353318
-70.3247 2.43759 13.157 -0.708329 0.632202 0.313993
-70.9244 2.45644 11.6592 -0.727101 0.629516 0.273919
-71.4389 2.43093 10.1496 -0.733919 0.652297 0.189398
-71.8068 2.39069 8.68496 -0.743133 0.65405 0.141321
-72.1026 2.39633 7.09549 -0.740121 0.658092 0.138316
-72.3708 2.36722 5.58388 -0.737026 0.668866 0.0970031
-72.5033 2.39604 4.00507 -0.754092 0.654877 0.0498151
-72.5817 2.39793 2.34298 -0.756219 0.65403 0.0193683
-72.6011 2.37769 0.767753 -0.749064 0.66207 -0.0237944
-72.5108 2.4002 -0.741955 -0.756786 0.652029 -0.0461888
-72.4268 2.36733 -2.27011 -0.755042 0.652293 -0.0664107
-72.284 2.36481 -3.79012 -0.757583 0.648743 -0.0721162
-72.1119 2.3871 -5.34327 -0.75765 0.647792 -0.0795686
-71.9387 2.39059 -6.89337 -0.75242 0.651617 -0.0962262
-71.6635 2.42946 -8.48899 -0.750636 0.648979 -0.12398
-71.3753 2.44716 -9.96732 -0.76059 0.6317 -0.149862
-71.0228 2.47648 -11.5017 -0.757404 0.625448 -0.187495
-70.5222 2.53193 -12.949 -0.74001 0.612494 -0.277913
-69.8875 2.57726 -14.3067 -0.729778 0.578349 -0.364604
-69.2126 2.56401 -15.6611 -0.716761 0.583943 -0.380968
-68.434 2.58365 -16.9614 -0.702961 0.565653 -0.431142
-67.5747 2.63224 -18.2829 -0.701725 0.538824 -0.466101
-66.6779 2.6359 -19.5493 -0.694759 0.514422 -0.502672
-65.6462 2.67972 -20.8621 -0.670018 0.507553 -0.541725
-64.692 2.64807 -22.0207 -0.654531 0.49114 -0.574778
-63.5991 2.71286 -23.1977 -0.656407 0.474252 -0.586698
-62.5533 2.75573 -24.3241 -0.649212 0.471135 -0.597119
-61.5054 2.77995 -25.409 -0.633259 0.461918 -0.620979
-60.3119 2.78084 -26.6186 -0.631843 0.455504 -0.627128
-59.2189 2.81987 -27.6742 -0.623003 0.448715 -0.640719
-58.0556 2.82596 -28.7721 -0.61176 0.441579 -0.656321
-56.8628 2.82578 -29.8803 -0.609584 0.438648 -0.660299
-57.1292 3.73571 -29.0273 -0.612903 0.43812 -0.657572
-58.0248 4.19449 -27.8778 -0.62001 0.440735 -0.649107
-59.1525 4.22996 -26.7558 -0.630942 0.444704 -0.635729
-60.3015 4.18285 -25.6244 -0.641431 0.447099 -0.623432
-61.3324 4.18673 -24.5311 -0.654411 0.457932 -0.601681
-62.3863 4.17064 -23.3849 -0.65792 0.46718 -0.590662
-63.3761 4.19017 -22.2393 -0.667069 0.475203 -0.573732
-64.426 4.18326 -20.9988 -0.674258 0.482627 -0.55897
-65.4085 4.20324 -19.7117 -0.708569 0.485942 -0.511653
-66.2689 4.30083 -18.3636 -0.721259 0.526129 -0.450526
-67.0466 4.34252 -17.0155 -0.719734 0.549854 -0.423844
-67.807 4.4099 -15.6059 -0.728777 0.555675 -0.400138
-68.4136 4.50993 -14.1464 -0.742867 0.600997 -0.294824
-68.9009 4.56995 -12.7234 -0.746757 0.612149 -0.259933
-69.3761 4.55366 -11.1943 -0.758207 0.620332 -0.200774
-69.7101 4.55648 -9.56946 -0.768257 0.627771 -0.125234
-69.9321 4.57025 -8.03776 -0.762347 0.637701 -0.110243
-70.1316 4.58471 -6.44984 -0.764753 0.638342 -0.0875964
-70.3184 4.55911 -4.93182 -0.763474 0.640504 -0.0828366
-70.4831 4.55583 -3.33855 -0.767623 0.636809 -0.072302
-70.5818 4.60036 -1.76257 -0.767314 0.638986 -0.0540836
-70.6546 4.60076 -0.257007 -0.765083 0.643007 -0.0344949
-70.7269 4.59619 1.3554 -0.768253 0.639898 -0.017865
-70.7272 4.57641 2.85604 -0.767898 0.638589 0.0481042
-70.5764 4.57012 4.42106 -0.754718 0.650145 0.0877996
-70.4593 4.5299 5.93606 -0.780042 0.622713 0.0613448
-70.248 4.50493 7.57287 -0.770866 0.620516 0.143964
-69.8999 4.5161 9.17974 -0.757158 0.628687 0.177243
-69.4764 4.51894 10.6876 -0.751731 0.617866 0.230506
-68.9508 4.50373 12.1549 -0.729741 0.610876 0.307096
-68.365 4.43592 13.6691 -0.733634 0.60091 0.317315
-67.7154 4.44159 15.0508 -0.729736 0.586346 0.351686
-66.974 4.43887 16.3961 -0.694346 0.585085 0.418998
-66.1952 4.43206 17.6991 -0.697359 0.576429 0.425934
-65.3476 4.37502 19.1271 -0.698376 0.554558 0.452478
-64.5545 4.31113 20.4121 -0.699542 0.547753 0.458898
-63.7267 4.29263 21.6644 -0.694548 0.535063 0.480947
-62.7915 4.31929 22.9407 -0.687521 0.525205 0.501472
-61.8758 4.33893 24.147 -0.67901 0.524778 0.513373
-60.9314 4.34455 25.3805 -0.677212 0.521736 0.518822
-60.0171 4.31271 26.6011 -0.676353 0.518483 0.523183
-59.0625 4.31068 27.8322 -0.674738 0.515782 0.527917
-58.0338 4.38957 29.0593 -0.669916 0.51498 0.534795
-56.9802 4.68028 30.0881 -0.665921 0.514692 0.540038
-55.9774 4.91703 31.0883 -0.66003 0.517405 0.544657
-55.3686 4.33091 32.372 -0.654907 0.516218 0.551919
-54.6226 3.87046 33.676 -0.64668 0.520733 0.557352
-53.8216 3.47071 34.9669 -0.641079 0.520594 0.563915
-52.9335 3.16139 36.2537 -0.635744 0.522302 0.568357
-52.0411 2.88096 37.4965 -0.626023 0.528712 0.5732
-51.6592 2.77378 38.0138 -0.625025 0.530006 0.573094
-45.1095 18.4356 -29.4391 -0.534973 0.483322 -0.692968
-44.4268 19.7241 -29.063 -0.532027 0.486754 -0.692833
-43.7131 21.0791 -28.6494 -0.527727 0.49408 -0.690933
-43.0171 22.3819 -28.2345 -0.51859 0.500696 -0.693085
-42.2898 23.6772 -27.8367 -0.512964 0.504845 -0.694261
-41.4998 25.104 -27.3711 -0.506459 0.513875 -0.69241
-40.7397 26.4317 -26.9315 -0.504709 0.52022 -0.688941
-40.002 27.7269 -26.4878 -0.502344 0.526522 -0.685874
-39.2296 28.9954 -26.0751 -0.498597 0.531353 -0.68488
-38.4735 30.2598 -25.6334 -0.493352 0.537544 -0.683849
-37.6997 31.5081 -25.1987 -0.483255 0.548475 -0.682375
-36.9294 32.7178 -24.7591 -0.478531 0.557627 -0.678278
-36.2331 33.9401 -24.2349 -0.474293 0.564687 -0.675407
-35.3245 35.2551 -23.759 -0.468381 0.573822 -0.671824
-34.4653 36.4994 -23.2842 -0.464726 0.578786 -0.6701
-33.621 37.7144 -22.8036 -0.455841 0.589026 -0.667276
-32.7956 38.9069 -22.3055 -0.449925 0.598165 -0.663145
-31.9114 40.0945 -21.8109 -0.441652 0.609413 -0.658452
-30.9483 41.3584 -21.2815 -0.442493 0.613935 -0.65367
-30.0061 42.5599 -20.7827 -0.442368 0.619053 -0.64891
-29.1594 43.6942 -20.2659 -0.438166 0.628501 -0.642648
-28.1776 44.9403 -19.6974 -0.43011 0.641434 -0.635268
-27.2384 46.098 -19.1475 -0.427244 0.649959 -0.628503
-26.291 47.2583 -18.5906 -0.423841 0.65197 -0.628723
-25.3502 48.3396 -18.0834 -0.415512 0.663925 -0.621733
-24.3507 49.4755 -17.5348 -0.418804 0.666037 -0.617248
-23.4238 50.5458 -16.985 -0.409862 0.682732 -0.604889
-22.4668 51.6106 -16.4201 -0.402339 0.686798 -0.605336
-21.441 52.7397 -15.8128 -0.405109 0.69179 -0.597756
-20.3543 53.8717 -15.2333 -0.403596 0.693246 -0.597093
-19.3654 54.8994 -14.6764 -0.387242 0.70793 -0.59066
-18.2857 55.9948 -14.0688 -0.38246 0.706614 -0.595333
-17.1977 57.1182 -13.4262 -0.374684 0.717443 -0.587236
-16.2696 58.1468 -12.7262 -0.361586 0.729466 -0.580633
-15.3617 59.2464 -11.8957 -0.351167 0.733494 -0.581952
-14.6558 60.2755 -11.0071 -0.339472 0.740375 -0.580174
-14.0822 61.3896 -9.9181 -0.335181 0.741991 -0.580605
-13.7193 62.4512 -8.77051 -0.333161 0.741676 -0.582168
-13.5615 63.4303 -7.63303 -0.309697 0.740645 -0.596266
-13.5174 64.424 -6.44222 -0.300905 0.732805 -0.61027
-13.6641 65.4092 -5.15586 -0.263809 0.760001 -0.593902
-12.496 65.5464 -5.53998 -0.296429 0.764076 -0.57299
-11.2183 65.4893 -6.3639 -0.354295 0.745869 -0.564051
-9.97599 65.3522 -7.32569 -0.36137 0.732221 -0.57729
-8.62978 65.2749 -8.24985 -0.353509 0.721931 -0.594851
-7.32841 65.2269 -9.05413 -0.336353 0.704601 -0.624817
-5.89203 65.1808 -9.84457 -0.319491 0.690857 -0.64857
-4.46373 65.1826 -10.4959 -0.279621 0.704301 -0.652512
-3.03889 65.2323 -11.026 -0.250951 0.708733 -0.659307
-1.4318 65.3197 -11.5204 -0.235153 0.726619 -0.645545
0.0755589 65.3904 -11.9637 -0.211284 0.746915 -0.630457
1.70935 65.5423 -12.2903 -0.174567 0.79555 -0.580037
3.21582 65.7798 -12.3921 -0.157896 0.843189 -0.513908
4.80197 66.0536 -12.2095 -0.043489 0.892186 -0.449283
6.25531 66.1791 -11.8108 0.124274 0.931124 -0.342875
7.61009 66.209 -10.8549 0.263439 0.931077 -0.251892
8.66768 66.0213 -9.68598 0.470729 0.865956 -0.168919
9.54366 65.6867 -8.36872 0.565777 0.816234 -0.116786
9.99438 65.5443 -6.91376 0.612099 0.783954 -0.103689
10.4544 65.3986 -5.41185 0.649808 0.750629 -0.119551
10.8544 65.269 -3.96802 0.684027 0.720909 -0.111341
11.1274 65.2147 -2.40196 0.703455 0.706819 -0.0745565
11.2714 65.1852 -0.877595 0.717759 0.695362 -0.0349311
11.3188 65.1671 0.769395 0.718718 0.695275 0.00604323
11.2308 65.1855 2.30893 0.71084 0.701918 0.0449078
11.0129 65.2742 3.91748 0.69813 0.712685 0.068337
10.7582 65.3687 5.47319 0.680189 0.72911 0.0757728
10.4691 65.4889 6.94559 0.653219 0.754482 0.0637329
10.1316 65.6632 8.40098 0.61843 0.784507 0.0456977
9.72857 65.8589 9.84362 0.482161 0.874934 0.0448406
9.46896 65.9149 10.7639 0.433911 0.897451 0.0793892
10.6847 65.2062 9.93616 0.577552 0.816173 0.00627736
11.6663 64.3601 9.06491 0.671456 0.740855 -0.0132767
12.699 63.3876 8.33563 0.695294 0.71854 0.0163315
13.8336 62.3239 7.75338 0.685239 0.727904 0.024574
15.0373 61.2249 7.3583 0.67469 0.736853 0.0426417
16.2465 60.1397 7.22246 0.669362 0.741851 0.0401397
17.4185 59.0834 7.20617 0.669663 0.741525 0.0411382
18.6526 57.9474 7.50548 0.671493 0.739623 0.0453271
19.7519 56.9171 7.93427 0.677099 0.734294 0.0484502
20.7679 55.9304 8.47449 0.683918 0.727248 0.0580141
21.7723 54.9165 9.05586 0.695833 0.715313 0.064354
22.8775 53.762 9.73055 0.704894 0.706435 0.0637074
23.95 52.6239 10.3482 0.712918 0.69815 0.0658249
24.9055 51.5859 10.9279 0.717757 0.69339 0.06352
25.8611 50.5404 11.4527 0.725648 0.685121 0.0635914
26.8 49.4855 11.9764 0.731822 0.678212 0.0668223
27.7571 48.3845 12.5825 0.737699 0.671222 0.0724494
28.6945 47.2794 13.1027 0.748261 0.659411 0.0726774
29.6553 46.1266 13.6459 0.750827 0.657111 0.0668076
30.5552 45.0364 14.1772 0.756524 0.650226 0.0698412
31.446 43.9322 14.6724 0.764331 0.640891 0.0710975
32.3318 42.794 15.2786 0.769988 0.634086 0.0710747
33.2649 41.5941 15.7856 0.775904 0.626725 0.0720347
34.2331 40.3318 16.3299 0.777982 0.62452 0.0686904
35.0868 39.2025 16.8461 0.784844 0.615767 0.0696423
36.0121 37.9404 17.3955 0.793732 0.603677 0.0745641
36.8746 36.7344 17.8309 0.800276 0.594911 0.0750918
37.7005 35.5507 18.349 0.804215 0.589396 0.0764933
38.5656 34.2902 18.9208 0.806376 0.586492 0.07606
39.4941 32.9351 19.4097 0.811122 0.579393 0.0799093
40.3352 31.6833 19.8844 0.814783 0.573522 0.0848283
41.2043 30.3598 20.3533 0.820767 0.564679 0.0864804
42.0718 29.0105 20.851 0.825402 0.557886 0.0864505
42.854 27.7704 21.3493 0.825858 0.556719 0.089575
43.6299 26.5398 21.8124 0.828315 0.552638 0.0921145
44.4461 25.2232 22.274 0.831459 0.546959 0.0975235
45.2082 23.9658 22.7155 0.836972 0.53818 0.0991975
46.0424 22.5786 23.1679 0.839175 0.534259 0.101745
46.8481 21.2131 23.6517 0.840974 0.531106 0.103389
47.6265 19.883 24.0976 0.843076 0.527403 0.105209
48.3696 18.618 24.4798 0.843072 0.527219 0.106158
49.1005 17.366 24.8796 0.845124 0.522593 0.112527
49.8657 16.0191 25.3451 0.8472 0.517727 0.119206
50.5935 14.7374 25.7401 0.847483 0.516645 0.121861
51.2988 13.474 26.1753 0.84911 0.512876 0.126371
52.0744 12.0823 26.5742 0.849274 0.510814 0.133423
52.0621 12.4777 25.0935 0.847784 0.515007 0.126609
51.9591 13.0207 23.5066 0.846452 0.519223 0.11801
51.8554 13.515 22.053 0.844939 0.52216 0.115875
51.6864 14.1054 20.5216 0.843315 0.527844 0.100999
51.464 14.7453 19.0254 0.843572 0.52785 0.0987986
51.2606 15.3304 17.5947 0.844802 0.526969 0.0928083
51.0447 15.9194 16.2142 0.844735 0.527091 0.0927269
50.886 16.4224 14.7854 0.843602 0.529543 0.0889622
50.8719 16.6869 13.2005 0.844924 0.529109 0.0784046
50.8621 16.9268 11.6758 0.844854 0.529548 0.076166
50.8292 17.2024 10.1194 0.843334 0.531974 0.0760998
50.7525 17.5592 8.48281 0.845448 0.528725 0.0752835
50.7378 17.7927 6.90413 0.843663 0.532921 0.0650196
50.8311 17.8244 5.3741 0.844514 0.531996 0.0614484
50.9748 17.7746 3.82972 0.844465 0.532093 0.0612876
51.0651 17.8177 2.21059 0.843296 0.533888 0.0617635
51.1761 17.8419 0.539197 0.84294 0.534689 0.0596258
51.3256 17.7423 -0.986774 0.846034 0.531545 0.0410586
51.5733 17.4504 -2.46193 0.848719 0.527572 0.0366563
51.8517 17.1132 -4.09344 0.848853 0.527438 0.0354507
52.1032 16.8113 -5.62554 0.848407 0.528145 0.0356262
52.3326 16.5437 -7.15095 0.849046 0.527219 0.0340663
52.6167 16.1834 -8.67573 0.853825 0.51936 0.0351504
53.0026 15.6453 -10.1392 0.857962 0.512253 0.0386988
53.4062 15.079 -11.6362 0.858758 0.511028 0.0372192
53.7904 14.5399 -13.0458 0.859673 0.509249 0.0403408
54.1791 13.9879 -14.4926 0.86236 0.504925 0.0372379
54.5161 13.5092 -15.8936 0.866079 0.498694 0.0347608
54.9509 12.8548 -17.3903 0.870262 0.491693 0.0296904
55.38 12.1646 -18.7593 0.876212 0.48098 0.0301705
55.8027 11.4779 -20.1996 0.87855 0.476776 0.0289003
56.2046 10.82 -21.6498 0.881495 0.471359 0.0280612
56.6114 10.1331 -22.9996 0.885764 0.463415 0.0258577
57.0494 9.36389 -24.276 0.887723 0.459603 0.0266901
57.6633 8.22508 -25.2727 0.891347 0.45257 0.0260434
58.3333 6.90367 -25.5311 0.894957 0.445719 0.0196476
59.038 5.47152 -25.0051 0.89533 0.445178 0.014167
59.6065 4.29845 -23.8869 0.895186 0.445582 0.00994001
60.054 3.37981 -22.756 0.895153 0.445689 0.00785467
60.3423 2.8002 -22.9559 0.8962 0.443645 0.00222735
60.3394 2.82635 -24.5068 0.898315 0.439289 0.00742945
60.3338 2.87196 -26.0296 0.898722 0.438375 0.0112319
60.363 2.85445 -27.6019 0.899508 0.436752 0.011541
60.4053 2.81454 -29.1777 0.901397 0.432768 0.0139481
60.4344 2.80548 -30.7129 0.902755 0.42989 0.0151314
60.4549 2.81441 -32.3472 0.904952 0.425304 0.0133179
60.479 2.81884 -33.8854 0.906676 0.421489 0.0169146
60.4996 2.83832 -35.4678 0.907511 0.419687 0.0169108
60.5282 2.83973 -36.9814 0.908094 0.418397 0.0175691
60.5546 2.84694 -38.5211 0.908218 0.418132 0.0174533
60.5998 2.81048 -40.0383 0.907438 0.419905 0.015347
60.1449 3.82446 -41.0854 0.907212 0.420558 0.00987933
59.958 4.1967 -39.9152 0.908225 0.418234 0.0144147
59.8842 4.29625 -38.3232 0.908552 0.417411 0.0173535
59.7317 4.56279 -36.8219 0.908393 0.417675 0.0192122
59.5004 4.99765 -35.4055 0.908032 0.418384 0.0207945
59.1459 5.69371 -34.0495 0.906449 0.421699 0.0227964
58.7162 6.53766 -32.7316 0.905168 0.424253 0.026073
58.183 7.59252 -31.5977 0.903201 0.428155 0.0301963
57.634 8.6734 -30.6965 0.900682 0.433111 0.0344136
56.9445 10.0123 -29.8421 0.895551 0.443002 0.0416552
56.2423 11.3641 -29.2878 0.891226 0.451173 0.0464699
55.5369 12.7001 -28.8635 0.887607 0.458005 0.0488316
54.8168 14.0359 -28.449 0.883418 0.465721 0.0517348
54.1068 15.3183 -28.0653 0.876926 0.47783 0.0517681
53.3227 16.6891 -27.6323 0.870196 0.489406 0.0569205
52.512 18.0607 -27.136 0.866922 0.495088 0.0577397
51.6458 19.4798 -26.6146 0.85702 0.511686 0.0607698
50.8378 20.7649 -26.1099 0.854622 0.515957 0.0583868
50.0409 22.01 -25.6753 0.844824 0.531404 0.0622996
49.2315 23.2154 -25.2387 0.835798 0.544877 0.0674567
48.3624 24.4757 -24.7745 0.828806 0.55611 0.0617962
47.5373 25.649 -24.2811 0.826597 0.559512 0.0606892
46.6739 26.8526 -23.7284 0.822189 0.565526 0.0646927
45.8014 28.0572 -23.2441 0.817843 0.571912 0.0636359
44.9082 29.27 -22.7162 0.812883 0.579392 0.0593829
44.0357 30.4268 -22.1733 0.8084 0.58548 0.060848
43.0804 31.6699 -21.6178 0.799979 0.597363 0.0564899
42.1358 32.8716 -21.0801 0.794363 0.605313 0.0508331
41.23 33.9985 -20.5029 0.78877 0.612606 0.0505272
40.2814 35.1641 -19.9887 0.781231 0.622169 0.0508376
39.3047 36.3384 -19.4126 0.778905 0.625415 0.0465049
38.3453 37.4793 -18.8317 0.772384 0.634137 0.0359136
37.418 38.5696 -18.2888 0.766179 0.641772 0.0331415
36.4132 39.7268 -17.7038 0.761658 0.647165 0.0324855
35.4128 40.871 -17.1174 0.758058 0.651613 0.0273677
34.3732 42.0377 -16.5022 0.748591 0.662693 0.021108
33.4233 43.0866 -15.9932 0.743807 0.668199 0.0161639
32.4754 44.122 -15.4021 0.73526 0.677731 0.00851178
31.4583 45.2083 -14.7993 0.723448 0.690376 0.0016857
30.4775 46.2207 -14.1866 0.71762 0.696428 0.00303149
29.4676 47.2621 -13.5976 0.713628 0.700463 -0.00926706
28.4574 48.2885 -13.0372 0.705061 0.708918 -0.0179462
27.4165 49.3279 -12.4194 0.696087 0.717527 -0.0248231
26.4012 50.3334 -11.8109 0.691604 0.721666 -0.0296789
25.3032 51.413 -11.1543 0.689963 0.722972 -0.0355362
24.2638 52.4367 -10.5532 0.686919 0.725086 -0.0489231
23.2667 53.42 -9.96304 0.683736 0.727592 -0.055811
22.2715 54.3969 -9.35511 0.683315 0.728239 -0.0524269
21.1601 55.4836 -8.69672 0.68059 0.730728 -0.0532233
20.1532 56.4577 -8.10752 0.676249 0.735289 -0.0451375
19.0892 57.4617 -7.66 0.674156 0.737339 -0.0429402
17.9477 58.5217 -7.34785 0.671141 0.740088 -0.0428929
16.7853 59.5815 -7.19376 0.667705 0.743011 -0.0458738
15.5903 60.6501 -7.24072 0.666276 0.743918 -0.0515937
14.4692 61.6344 -7.4905 0.665807 0.74416 -0.0540975
13.3129 62.6406 -7.98025 0.66701 0.743407 -0.049419
12.2418 63.5468 -8.67013 0.660374 0.750255 -0.0319904
11.2001 64.4008 -9.43539 0.615676 0.787942 -0.00873508
10.2046 65.0759 -10.3354 0.515844 0.853932 -0.0685865
9.07571 65.6032 -11.2649 0.40505 0.906072 -0.118741
7.68798 65.848 -12.1877 0.178496 0.95648 -0.230835
6.26457 65.7501 -13.0122 0.007942 0.94819 -0.316182
4.84428 65.4011 -13.6521 -0.176701 0.881403 -0.437901
3.48823 64.7774 -14.1561 -0.26278 0.823364 -0.502816
2.11159 64.0047 -14.5654 -0.2909 0.77135 -0.566035
0.928279 63.077 -15.167 -0.298627 0.74463 -0.596908
-0.149222 62.0775 -15.8703 -0.285638 0.744174 -0.603834
-1.06075 61.1295 -16.6037 -0.282313 0.741555 -0.608599
-1.77872 60.1216 -17.5037 -0.283322 0.743381 -0.605899
-2.32539 59.0917 -18.5257 -0.282644 0.745926 -0.60308
-2.73081 58.0411 -19.6267 -0.28675 0.741932 -0.606061
-2.9368 57.0477 -20.7393 -0.287747 0.739103 -0.609039
-3.00902 56.0166 -21.9477 -0.289524 0.734397 -0.613871
-3.00521 54.8947 -23.279 -0.293954 0.728635 -0.618612
-3.01862 53.8226 -24.5342 -0.295239 0.72698 -0.619947
-3.02357 52.7218 -25.819 -0.297796 0.724639 -0.621463
-2.98911 51.6195 -27.1128 -0.302529 0.71905 -0.625654
-2.9783 50.5769 -28.3162 -0.312161 0.715512 -0.624977
-2.97763 49.5507 -29.4962 -0.317552 0.716909 -0.620645
-2.96825 48.5487 -30.6451 -0.331604 0.707154 -0.624477
-2.97861 47.4868 -31.8417 -0.33636 0.703476 -0.626086
-2.96351 46.4779 -32.9793 -0.343967 0.699294 -0.626637
-2.8992 45.4178 -34.1811 -0.355971 0.688344 -0.632028
-2.90074 44.3831 -35.2999 -0.365476 0.680734 -0.634846
-2.89909 43.3561 -36.4005 -0.37408 0.672698 -0.638376
-2.85721 42.2898 -37.5341 -0.383201 0.662575 -0.643547
-2.85023 41.2121 -38.6381 -0.389773 0.653213 -0.649145
-2.89249 40.1041 -39.7192 -0.395657 0.645778 -0.653014
-2.89207 38.9456 -40.8535 -0.405122 0.637483 -0.655356
-2.89005 37.8521 -41.911 -0.40985 0.631178 -0.658512
-2.86704 36.7604 -42.9553 -0.417085 0.619314 -0.665199
-2.81971 35.6455 -44.0179 -0.421176 0.615643 -0.666029
-2.83214 34.4904 -45.0701 -0.426499 0.609199 -0.668562
-2.82409 33.2879 -46.1692 -0.427847 0.605745 -0.670835
-2.80249 32.1494 -47.1941 -0.435201 0.595483 -0.675278
-2.80845 30.9971 -48.2072 -0.43817 0.594767 -0.673987
-2.80168 29.7564 -49.2926 -0.438233 0.585662 -0.681873
-2.80297 28.5697 -50.3016 -0.439027 0.577958 -0.687909
-2.80702 27.3033 -51.3501 -0.441384 0.569604 -0.693345
-2.81416 26.0763 -52.3434 -0.446188 0.561962 -0.696501
-2.83925 24.8404 -53.3181 -0.449647 0.555905 -0.699132
-2.83871 23.6126 -54.2858 -0.453035 0.545721 -0.704945
-2.83356 22.422 -55.2051 -0.453263 0.542469 -0.707305
-2.81815 21.1143 -56.2072 -0.460755 0.532239 -0.71023
-2.78837 19.8013 -57.1943 -0.459988 0.520736 -0.719198
-2.77812 18.5109 -58.1275 -0.456959 0.517988 -0.723102
-2.80736 17.1598 -59.0676 -0.456832 0.510872 -0.728227
-2.81014 15.8148 -60.0018 -0.456598 0.505757 -0.731935
-2.81675 14.4067 -60.9608 -0.45805 0.49893 -0.735703
-2.81885 13.076 -61.8529 -0.456541 0.493021 -0.740608
-2.83163 11.6843 -62.7632 -0.457843 0.486772 -0.74393
-2.71706 10.4235 -63.654 -0.457755 0.482242 -0.746929
-2.46812 9.10263 -64.6522 -0.454642 0.477452 -0.751891
-1.97785 7.99894 -65.637 -0.45137 0.470834 -0.758011
-1.38853 6.97076 -66.6165 -0.448876 0.466268 -0.762302
-0.532508 6.1049 -67.6407 -0.443321 0.464292 -0.766746
0.420585 5.29763 -68.6743 -0.439153 0.463244 -0.769772
1.50835 4.76226 -69.6125 -0.436087 0.462611 -0.771894
2.82234 4.39319 -70.573 -0.433549 0.463006 -0.773086
4.10898 4.25849 -71.3737 -0.431624 0.464236 -0.773425
5.47748 4.21877 -72.1594 -0.42982 0.466226 -0.773232
5.54943 3.54633 -72.6055 -0.43142 0.466986 -0.771882
4.23196 2.76951 -72.3374 -0.432424 0.465129 -0.77244
2.8026 2.78003 -71.5297 -0.43368 0.464173 -0.772312
1.34621 2.79291 -70.7026 -0.435121 0.463718 -0.771774
-0.074837 2.78466 -69.905 -0.435769 0.464701 -0.770817
-1.51553 2.78753 -69.0871 -0.437119 0.466097 -0.769208
-2.82691 2.77199 -68.3488 -0.438894 0.468564 -0.766694
-4.13159 2.79623 -67.583 -0.441954 0.471294 -0.763255
-5.47369 2.76473 -66.8225 -0.443589 0.471853 -0.761961
-6.76887 2.78266 -66.0559 -0.44415 0.473282 -0.760746
-8.07461 2.77196 -65.2982 -0.445786 0.476412 -0.75783
-9.40368 2.77502 -64.5116 -0.447848 0.477206 -0.756113
-10.7338 2.73283 -63.7472 -0.45061 0.476887 -0.754671
-10.8211 3.28181 -63.3484 -0.45042 0.476597 -0.754968
-9.4979 4.18797 -63.5652 -0.450043 0.476282 -0.755392
-8.31028 5.14541 -63.6696 -0.449211 0.47457 -0.756963
-7.3387 6.48183 -63.4058 -0.447789 0.476436 -0.756633
-6.9951 7.85843 -62.7365 -0.448854 0.48138 -0.752863
-7.31484 9.02312 -61.7881 -0.450881 0.489795 -0.746195
-8.07858 9.84402 -60.7816 -0.452921 0.49289 -0.742915
-8.99957 10.5791 -59.7283 -0.453164 0.497193 -0.739893
-9.97231 11.2079 -58.7076 -0.453047 0.49992 -0.738125
-10.9325 11.8456 -57.6788 -0.457239 0.504091 -0.732683
-11.8348 12.5778 -56.6144 -0.454029 0.505244 -0.733884
-12.7515 13.3174 -55.5371 -0.454946 0.507106 -0.73203
-13.7747 13.9326 -54.4636 -0.457577 0.515061 -0.7248
-14.7981 14.4482 -53.4468 -0.457864 0.520014 -0.721073
-15.7809 14.9742 -52.4429 -0.454821 0.52633 -0.718411
-16.7457 15.5382 -51.4189 -0.454705 0.526454 -0.718394
-17.7649 16.0813 -50.3749 -0.455173 0.52675 -0.71788
-18.7784 16.6296 -49.3295 -0.454374 0.527784 -0.717627
-19.9802 17.0254 -48.2695 -0.461175 0.529106 -0.712294
-21.2301 17.3394 -47.2254 -0.461909 0.529719 -0.711363
-22.4269 17.6646 -46.2065 -0.461898 0.52864 -0.712173
-23.6604 18.0233 -45.1423 -0.461187 0.528117 -0.713021
-24.875 18.2839 -44.1601 -0.465911 0.52861 -0.709576
-26.1483 18.3841 -43.2376 -0.473392 0.527388 -0.705522
-27.4318 18.3737 -42.3687 -0.482946 0.525759 -0.700244
-28.7165 18.4029 -41.4609 -0.483116 0.525403 -0.700393
-29.9598 18.4639 -40.5544 -0.487776 0.521824 -0.699839
-31.2855 18.4418 -39.6375 -0.493783 0.516678 -0.699444
-32.6105 18.2483 -38.8443 -0.494378 0.516478 -0.699172
-33.9231 18.0372 -38.0644 -0.502549 0.510784 -0.697524
-35.2609 17.8433 -37.242 -0.504046 0.507203 -0.699059
-36.5908 17.5892 -36.4627 -0.508139 0.503885 -0.698494
-37.9556 17.2403 -35.7142 -0.51677 0.496725 -0.697289
-39.3752 16.8079 -34.9624 -0.520806 0.495142 -0.69541
-40.7637 16.3678 -34.2305 -0.526268 0.491982 -0.693539
-42.1435 15.9095 -33.5025 -0.531127 0.486177 -0.693928
-43.4115 15.5141 -32.7972 -0.54074 0.480709 -0.690304
-44.7988 14.9864 -32.0735 -0.543375 0.476474 -0.69117
-46.1738 14.4166 -31.3807 -0.546039 0.473335 -0.691227
-47.1462 14.2958 -30.69 -0.549827 0.465941 -0.693245
-46.4634 15.6584 -30.2997 -0.545433 0.474873 -0.690651
-45.8031 17.0027 -29.8934 -0.540331 0.47687 -0.693281
-45.1413 18.3753 -29.4566 -0.534843 0.482864 -0.693386
-38.0257 22.243 -32.0271 -0.507108 0.509427 -0.695216
-37.2727 23.5874 -31.5901 -0.505733 0.51118 -0.694931
-36.5545 24.868 -31.1606 -0.501467 0.518589 -0.692528
-35.8332 26.1514 -30.7171 -0.495391 0.526211 -0.691151
-35.0795 27.4578 -30.2522 -0.491847 0.532079 -0.689186
-34.2726 28.7697 -29.7958 -0.480796 0.542706 -0.688698
-33.4321 30.0764 -29.3457 -0.479247 0.548633 -0.685072
-32.6443 31.2945 -28.918 -0.477042 0.552145 -0.683788
-31.8687 32.5497 -28.4342 -0.469453 0.564649 -0.678812
-31.0663 33.8238 -27.9211 -0.46735 0.56982 -0.675935
-30.231 35.0628 -27.4418 -0.461707 0.576494 -0.674153
-29.3742 36.2758 -26.981 -0.452432 0.586423 -0.671873
-28.5554 37.4591 -26.4929 -0.450043 0.590444 -0.669953
-27.738 38.622 -25.9885 -0.440332 0.608692 -0.660001
-26.8338 39.7971 -25.5121 -0.44221 0.601817 -0.665031
-25.9134 40.9796 -25.0541 -0.438833 0.60533 -0.664079
-25.0808 42.1498 -24.5031 -0.417874 0.623921 -0.660382
-24.078 43.3578 -23.9864 -0.415293 0.631048 -0.655217
-23.1935 44.4921 -23.4336 -0.414349 0.640527 -0.64656
-22.2583 45.6246 -22.9097 -0.411458 0.643389 -0.645564
-21.2689 46.8025 -22.3554 -0.406344 0.65072 -0.641439
-20.2461 47.9828 -21.7927 -0.392348 0.663619 -0.636924
-19.3087 49.0311 -21.2575 -0.386457 0.672042 -0.631673
-18.3271 50.1245 -20.6976 -0.384023 0.671367 -0.633871
-17.2624 51.287 -20.0851 -0.365726 0.685478 -0.62957
-16.2882 52.3177 -19.5175 -0.355806 0.690083 -0.630228
-15.252 53.397 -18.9051 -0.344745 0.703391 -0.621604
-14.2524 54.3667 -18.3463 -0.340005 0.709126 -0.617687
-13.2028 55.4315 -17.7059 -0.335273 0.70922 -0.620153
-12.2583 56.4288 -17.0411 -0.313761 0.723263 -0.615168
-11.316 57.4731 -16.2715 -0.30361 0.729536 -0.61286
-10.4071 58.5331 -15.4384 -0.29611 0.736169 -0.608583
-9.69751 59.6051 -14.494 -0.29795 0.732405 -0.612217
-9.14527 60.646 -13.5181 -0.298039 0.732134 -0.612496
-7.94676 60.9884 -13.6872 -0.293578 0.731306 -0.615633
-7.00206 60.6654 -14.5142 -0.287189 0.732721 -0.616962
-7.57 59.605 -15.5134 -0.290079 0.734995 -0.612892
-8.0651 58.572 -16.5194 -0.291613 0.7358 -0.611196
-8.46584 57.5001 -17.6149 -0.292127 0.73405 -0.613052
-8.68663 56.4878 -18.7068 -0.297092 0.727385 -0.618584
-8.7763 55.4954 -19.8303 -0.299687 0.725223 -0.619871
-8.8309 54.4261 -21.0449 -0.302697 0.719704 -0.62482
-8.87409 53.395 -22.2034 -0.309928 0.715925 -0.625617
-8.88038 52.3267 -23.4071 -0.313949 0.706639 -0.634111
-8.85651 51.2514 -24.6115 -0.319056 0.701359 -0.637416
-8.77037 50.1459 -25.8755 -0.323649 0.7028 -0.633501
-8.76179 49.0844 -27.0436 -0.333608 0.692744 -0.639383
-8.74414 48.0274 -28.1946 -0.345191 0.689443 -0.636798
-8.75213 46.9677 -29.3318 -0.348933 0.683607 -0.641034
-8.69715 45.8516 -30.545 -0.358143 0.675506 -0.644535
-8.69153 44.7075 -31.7283 -0.37206 0.663029 -0.649587
-8.61428 43.6622 -32.8324 -0.373417 0.658065 -0.653843
-8.53119 42.5342 -34.0084 -0.370815 0.655698 -0.65769
-8.52905 41.4206 -35.1013 -0.37843 0.641061 -0.667706
-8.48985 40.272 -36.2225 -0.393334 0.635776 -0.664137
-8.48567 39.0053 -37.438 -0.397589 0.63354 -0.663739
-8.44296 37.9034 -38.4933 -0.403076 0.621918 -0.671378
-8.37702 36.7337 -39.6165 -0.405007 0.61969 -0.672268
-8.39872 35.5692 -40.6614 -0.407385 0.611191 -0.678589
-8.36009 34.324 -41.8062 -0.410433 0.610401 -0.677463
-8.33708 33.1811 -42.8489 -0.409856 0.610665 -0.677574
-8.34164 31.9718 -43.8996 -0.415162 0.58915 -0.693212
-8.3586 30.787 -44.8917 -0.427668 0.582191 -0.691487
-8.27085 29.6444 -45.8931 -0.429612 0.575917 -0.695523
-8.28243 28.3539 -46.966 -0.436371 0.580844 -0.687169
-8.27754 27.1646 -47.9655 -0.436884 0.57363 -0.692879
-8.26989 25.8816 -49.0185 -0.451436 0.557066 -0.697053
-8.26713 24.5676 -50.0521 -0.455324 0.547279 -0.702257
-8.25316 23.3318 -51.0249 -0.457819 0.54666 -0.701117
-8.30532 22.0612 -51.9748 -0.456591 0.542901 -0.704829
-8.30887 20.7514 -52.9768 -0.453994 0.53973 -0.70893
-8.28195 19.3955 -54.0173 -0.456148 0.532198 -0.713228
-8.28076 18.1075 -54.9605 -0.454186 0.522651 -0.721492
-8.88574 17.9153 -54.7196 -0.455029 0.521873 -0.721523
-9.82281 18.5299 -53.6759 -0.460753 0.527976 -0.713398
-10.8092 19.0379 -52.6594 -0.463614 0.528485 -0.711172
-11.8431 19.5605 -51.6004 -0.460956 0.530903 -0.711095
-12.8633 20.1992 -50.4624 -0.4566 0.535602 -0.710385
-13.8673 20.7187 -49.4249 -0.45918 0.532615 -0.710967
-14.9034 21.2121 -48.3916 -0.453687 0.532365 -0.714672
-15.9663 21.6743 -47.3715 -0.452729 0.538494 -0.710676
-17.1548 22.1198 -46.2802 -0.451381 0.541299 -0.709401
-18.2972 22.4644 -45.2923 -0.450178 0.542154 -0.709513
-19.5656 22.7548 -44.265 -0.451991 0.539669 -0.710255
-20.7808 23.0441 -43.272 -0.45546 0.534682 -0.711806
-22.0792 23.3035 -42.2333 -0.462624 0.532724 -0.70865
-23.3498 23.4613 -41.2813 -0.465201 0.532126 -0.707411
-24.6353 23.5172 -40.3938 -0.464741 0.533502 -0.706676
-25.9484 23.5322 -39.5091 -0.470493 0.531961 -0.704027
-27.2089 23.5927 -38.6154 -0.473097 0.530829 -0.703136
-28.4474 23.6083 -37.7656 -0.478295 0.526994 -0.702503
-29.844 23.5821 -36.832 -0.479605 0.526303 -0.702129
-31.1872 23.4658 -35.997 -0.482011 0.520747 -0.704619
-32.4775 23.2959 -35.2393 -0.485374 0.517202 -0.704919
-33.8556 23.0825 -34.4294 -0.500147 0.511141 -0.69899
-35.1781 22.857 -33.6402 -0.503818 0.509747 -0.69737
-36.4655 22.5912 -32.9043 -0.504236 0.509631 -0.697153
-37.8574 22.1777 -32.1977 -0.506473 0.509128 -0.695898
-38.0111 22.2056 -32.0651 -0.507108 0.509427 -0.695216
15.7598 60.8178 -1.12187 0.681114 0.731994 -0.0163708
15.6614 60.9271 0.3592 0.681903 0.731434 0.00353025
16.2139 60.4116 1.19746 0.685058 0.728452 0.00588719
17.3422 59.3545 1.12688 0.680521 0.732728 0.000467018
18.4858 58.2929 1.19419 0.681034 0.732248 0.00211517
19.6373 57.2175 1.50542 0.685414 0.728137 0.00485669
20.7139 56.1986 1.92012 0.687547 0.726138 0.00154146
21.7759 55.1819 2.41945 0.693391 0.720504 0.00909098
22.7847 54.1945 2.9268 0.700356 0.713652 0.0142381
23.8091 53.1739 3.54539 0.703842 0.710065 0.0203517
24.7821 52.1702 4.1351 0.72268 0.69097 0.0171631
25.7837 51.1013 4.70857 0.726704 0.686529 0.024056
26.7903 50.0078 5.30316 0.724964 0.688097 0.0308098
27.7553 48.9551 5.83303 0.727912 0.684114 0.0461764
28.7798 47.789 6.45339 0.744622 0.665359 0.0532398
29.6762 46.7339 7.03267 0.74795 0.661358 0.0563556
30.651 45.5627 7.56591 0.760695 0.646067 0.0627784
31.5342 44.4728 8.09223 0.761985 0.644855 0.0595016
32.4567 43.3314 8.60443 0.764376 0.642073 0.0589037
33.3715 42.181 9.13721 0.772866 0.631467 0.0626682
34.2628 41.0229 9.68459 0.777533 0.625334 0.0663358
35.1654 39.8378 10.1721 0.782651 0.61863 0.0689524
36.0511 38.6495 10.7311 0.784759 0.615933 0.0691393
36.9434 37.4468 11.3022 0.78802 0.612086 0.066137
37.7993 36.2746 11.7586 0.796159 0.601066 0.0696348
38.6846 35.0329 12.2623 0.804023 0.590232 0.0719254
39.5165 33.8288 12.7805 0.804952 0.588681 0.0742139
40.3292 32.6461 13.244 0.809622 0.581734 0.078054
41.2461 31.2882 13.7962 0.811117 0.579347 0.0802796
42.0548 30.0915 14.202 0.816297 0.572125 0.0795736
42.8673 28.8529 14.6408 0.823152 0.561553 0.0841332
43.6866 27.5626 15.1155 0.829512 0.550927 0.0915807
44.453 26.3219 15.6122 0.830101 0.550134 0.0910208
45.2374 25.0632 16.0757 0.831436 0.548563 0.0882799
46.046 23.755 16.551 0.833903 0.545078 0.0865782
46.8317 22.4775 16.9704 0.837896 0.53887 0.0868903
47.571 21.2348 17.4133 0.842533 0.530797 0.0916133
47.6217 21.3853 16.0774 0.840737 0.533826 0.0905029
47.5764 21.7074 14.5028 0.837067 0.540818 0.0826718
47.6028 21.921 12.8418 0.83795 0.539486 0.0824243
47.5838 22.1718 11.3437 0.84137 0.535313 0.0744072
47.5138 22.4961 9.71255 0.841118 0.536618 0.0675429
47.4762 22.7406 8.18728 0.840028 0.538779 0.0638006
47.5031 22.8884 6.62749 0.838579 0.540842 0.065379
47.6039 22.9224 4.96469 0.837358 0.543325 0.0602489
47.6951 22.9473 3.4566 0.835325 0.546808 0.0568362
47.7834 22.985 1.77778 0.837239 0.544306 0.0525554
47.8812 22.987 0.166369 0.838442 0.542708 0.0498307
48.0186 22.9119 -1.33108 0.838332 0.542931 0.0492455
48.2659 22.6686 -2.90719 0.839209 0.541938 0.0450727
48.511 22.41 -4.39665 0.840048 0.540747 0.0437185
48.7969 22.0835 -5.95639 0.840918 0.539652 0.0403913
49.023 21.8443 -7.46264 0.842211 0.537562 0.0413273
49.2787 21.5607 -8.96078 0.842616 0.536775 0.0432581
49.6126 21.1676 -10.5644 0.842423 0.537 0.0442065
50.0329 20.6322 -12.0383 0.843084 0.535545 0.0490044
50.4563 20.1104 -13.5435 0.846847 0.529134 0.0535522
50.8422 19.627 -14.9377 0.850526 0.523476 0.0507774
51.2141 19.137 -16.3152 0.855459 0.516081 0.0430261
51.5802 18.6463 -17.6945 0.855586 0.515788 0.0439904
51.9963 18.0858 -19.1354 0.857266 0.512564 0.0486905
52.4317 17.4781 -20.5068 0.859634 0.508645 0.0480536
51.9997 18.2126 -20.5664 0.857923 0.511433 0.0490357
51.1943 19.5064 -20.1014 0.853967 0.517923 0.0499538
50.4012 20.7626 -19.6087 0.850905 0.522842 0.0508921
49.5626 22.0528 -19.178 0.840706 0.539261 0.0490436
48.695 23.337 -18.7193 0.831885 0.552647 0.0504759
47.8572 24.5445 -18.1673 0.829255 0.556779 0.0483047
46.9941 25.7658 -17.6367 0.824167 0.564201 0.049255
46.117 27.0047 -17.1585 0.823079 0.565864 0.0483746
45.2674 28.1842 -16.577 0.819866 0.570631 0.0468985
44.4098 29.3715 -16.0963 0.815867 0.576552 0.0440616
43.5307 30.5523 -15.5578 0.805842 0.590756 0.0403213
42.6056 31.7661 -14.9811 0.803466 0.594124 0.0382004
41.7443 32.8966 -14.4491 0.800726 0.598158 0.0323034
40.8569 34.0391 -13.9263 0.789346 0.613184 0.0306085
39.9597 35.1643 -13.3912 0.788896 0.613751 0.0308694
39.0687 36.2727 -12.8166 0.78164 0.623161 0.0264951
38.1698 37.3762 -12.276 0.779152 0.626571 0.0181806
37.2224 38.5273 -11.7155 0.773044 0.634142 0.0163495
36.3226 39.6036 -11.1585 0.768837 0.639265 0.0150456
35.4014 40.6831 -10.6027 0.761691 0.647776 0.0145625
34.452 41.7832 -10.0514 0.75724 0.653019 0.0124056
33.5127 42.8546 -9.47449 0.753286 0.657657 0.00683169
32.5688 43.9192 -8.87717 0.747777 0.66394 0.003678
31.6425 44.9603 -8.3059 0.747169 0.664634 -0.000391721
30.6856 46.0298 -7.72105 0.742138 0.670235 -0.00411355
29.7356 47.0706 -7.1525 0.729649 0.683708 -0.0121423
28.747 48.1159 -6.50701 0.718668 0.695263 -0.0112256
27.7142 49.1842 -5.93078 0.715516 0.698547 -0.00825024
26.6241 50.3064 -5.25153 0.713801 0.70032 -0.00633772
25.6246 51.3307 -4.61668 0.715009 0.699111 -0.00237315
24.6374 52.3377 -4.06616 0.709792 0.704384 -0.00621727
23.6636 53.3223 -3.47542 0.705403 0.708687 -0.0126189
22.6823 54.2956 -2.87834 0.692013 0.72174 -0.0144651
21.5746 55.3601 -2.27343 0.683547 0.729787 -0.013218
20.5005 56.3756 -1.77311 0.68302 0.730228 -0.0158609
19.3567 57.4533 -1.4292 0.68307 0.7302 -0.0149083
18.1499 58.5866 -1.19527 0.682311 0.730986 -0.010515
17.0218 59.6372 -1.11955 0.681993 0.731256 -0.0122313
15.8619 60.7228 -1.12234 0.681114 0.731994 -0.0163708
55.1276 4.97303 32.9285 0.856385 0.489947 0.16296
55.0368 4.62738 34.4292 0.85583 0.489055 0.168462
54.8702 4.36091 36.0149 0.85392 0.490213 0.174677
54.5824 4.27903 37.636 0.851781 0.492653 0.178222
54.2739 4.26844 39.1242 0.848689 0.49706 0.180717
53.9403 4.28352 40.6378 0.845874 0.501467 0.181735
53.6156 4.29896 42.1096 0.843648 0.505885 0.179825
53.2661 4.3202 43.6917 0.836032 0.519478 0.176614
52.9022 4.37706 45.2329 0.832578 0.524891 0.176901
52.5954 4.32949 46.8241 0.8302 0.529616 0.173993
52.2765 4.35081 48.3316 0.828693 0.535259 0.163601
51.9706 4.37562 49.8067 0.824294 0.543444 0.158767
52.0553 3.96758 50.7836 0.822375 0.548698 0.15043
52.8597 2.9669 49.9775 0.82838 0.540051 0.148767
53.345 2.61183 48.6028 0.831201 0.533809 0.155385
53.6237 2.64204 47.0334 0.836707 0.523721 0.160104
53.8993 2.69824 45.4537 0.8381 0.518628 0.169153
54.2184 2.70394 43.8621 0.841426 0.512434 0.171502
54.5066 2.73484 42.3565 0.844099 0.508139 0.17115
54.8273 2.72575 40.8146 0.846889 0.502256 0.174694
55.1318 2.72288 39.3444 0.850224 0.497004 0.173511
55.4375 2.73249 37.8238 0.852743 0.492541 0.173874
55.7529 2.71567 36.3175 0.854667 0.489694 0.172465
56.0662 2.68847 34.8251 0.856054 0.48888 0.167831
56.3428 2.71553 33.3171 0.856779 0.489244 0.163004
56.6215 2.71566 31.8403 0.857224 0.489621 0.15949
56.9198 2.72544 30.1901 0.856991 0.490863 0.156907
56.5982 3.22247 30.3925 0.857222 0.490541 0.156652
55.961 3.97417 31.5258 0.857693 0.489649 0.156866
55.2241 4.86417 32.7492 0.856394 0.489931 0.162962
55.167 4.93179 32.8456 0.856385 0.489946 0.162968
45.9096 24.5402 12.915 0.834923 0.543626 0.0858803
45.6541 24.9262 12.9516 0.834452 0.544404 0.0855189
46.0608 25.5596 2.10185 0.831138 0.553253 0.0558624
45.1156 26.9599 2.21536 0.828117 0.557921 0.0542805
44.1882 28.3161 2.32208 0.824288 0.563431 0.0556252
43.2523 29.6667 2.42387 0.820622 0.569429 0.0482753
42.3285 30.9754 2.52293 0.815917 0.576039 0.0495818
41.4235 32.2477 2.61378 0.814744 0.577566 0.0510902
40.5258 33.496 2.69716 0.810636 0.582837 0.0563016
39.6214 34.7321 2.77532 0.804112 0.591831 0.0560397
38.5987 36.0855 2.85464 0.797405 0.601428 0.0492926
37.6631 37.2944 2.9211 0.785304 0.617573 0.0436024
36.72 38.4858 2.98376 0.784783 0.618417 0.0409461
35.7567 39.7051 3.0408 0.7847 0.618557 0.0404121
34.8136 40.8826 3.08752 0.777837 0.627024 0.0425429
33.8177 42.1015 3.13157 0.773082 0.632687 0.045295
32.8309 43.2891 3.16865 0.767995 0.639135 0.0410994
31.8381 44.4798 3.20437 0.76779 0.639463 0.0398335
30.8281 45.685 3.23314 0.765826 0.642212 0.0327575
29.7538 46.9325 3.25535 0.749143 0.661513 0.0344183
29.0862 47.676 3.26389 0.739322 0.672427 0.0352781
35.0725 40.9997 -7.04381 0.765401 0.643405 0.013795
36.145 39.7246 -7.17536 0.767943 0.640331 0.0154636
37.1628 38.4957 -7.30561 0.772419 0.634609 0.02531
38.1916 37.2165 -7.44465 0.788426 0.614675 0.0236314
39.1994 35.9084 -7.59121 0.798651 0.601113 0.0286137
40.2063 34.5705 -7.73342 0.801312 0.597258 0.0343828
41.1249 33.3488 -7.86995 0.800761 0.59796 0.0350092
42.0602 32.0919 -8.01851 0.808122 0.587872 0.0366699
43.0131 30.7731 -8.16072 0.812763 0.581368 0.0377926
43.9806 29.4191 -8.31261 0.818455 0.573275 0.0385594
44.8579 28.1673 -8.4552 0.820115 0.570807 0.039879
45.743 26.899 -8.59824 0.823946 0.565304 0.0392984
46.6198 25.6191 -8.73627 0.82827 0.558635 0.0435279
47.556 24.2336 -8.87478 0.831752 0.553588 0.0415847
-11.5705 44.4438 -30.408 -0.358113 0.659342 -0.661078
-13.0145 44.01 -30.0407 -0.370502 0.651976 -0.661556
-14.5388 43.529 -29.6549 -0.37719 0.649378 -0.66033
-15.9829 43.0682 -29.2674 -0.386045 0.647113 -0.65743
-17.4287 42.5937 -28.8831 -0.390715 0.644964 -0.656782
-18.8227 42.1244 -28.4927 -0.407865 0.636924 -0.654198
-20.2251 41.6354 -28.08 -0.419033 0.631391 -0.652501
-21.77 41.0797 -27.6125 -0.421727 0.62689 -0.655099
-23.1286 40.5932 -27.2008 -0.426293 0.612482 -0.665688
-23.5655 40.4337 -27.0675 -0.430447 0.606449 -0.668532
-29.2508 32.6263 -30.1624 -0.462449 0.563691 -0.684392
-27.8816 33.1721 -30.6322 -0.458803 0.566572 -0.684468
-26.5434 33.7035 -31.0799 -0.452848 0.569154 -0.686289
-25.0929 34.2688 -31.5618 -0.446955 0.572051 -0.687742
-23.6332 34.8202 -32.024 -0.435514 0.580878 -0.687683
-22.2458 35.3238 -32.4758 -0.434491 0.58376 -0.685887
-20.8164 35.8495 -32.9211 -0.423736 0.595677 -0.682361
-19.4438 36.3333 -33.3445 -0.418609 0.599968 -0.681766
-17.9707 36.8482 -33.795 -0.417647 0.599931 -0.682388
-16.5293 37.3497 -34.2262 -0.408953 0.601689 -0.686096
-15.149 37.8201 -34.6342 -0.4068 0.606675 -0.682978
-13.7679 38.292 -35.0355 -0.400925 0.610827 -0.682751
-12.2029 38.7928 -35.4812 -0.384849 0.629158 -0.675316
-11.3493 39.0621 -35.7186 -0.386683 0.631322 -0.672242
-11.2136 33.4927 -40.7917 -0.420884 0.601362 -0.679131
-12.6057 33.0189 -40.3492 -0.420215 0.600596 -0.680223
-14.1189 32.5088 -39.8761 -0.413634 0.593153 -0.690707
-15.6473 31.9999 -39.3915 -0.418022 0.587008 -0.69331
-17.0234 31.5163 -38.9527 -0.432713 0.580654 -0.689638
-18.4289 30.9997 -38.4921 -0.43941 0.576096 -0.689226
-19.8633 30.469 -38.0261 -0.435037 0.575049 -0.692865
-21.2615 29.9542 -37.5659 -0.443873 0.564916 -0.69559
-22.7444 29.381 -37.0589 -0.456056 0.558351 -0.693005
-24.1206 28.8502 -36.5777 -0.460032 0.557222 -0.691285
-25.531 28.2723 -36.0959 -0.461266 0.552894 -0.693933
-26.9852 27.6803 -35.6056 -0.459675 0.547101 -0.699556
-28.4321 27.0912 -35.1111 -0.462178 0.544659 -0.699813
-29.7503 26.5328 -34.6621 -0.472606 0.53662 -0.699059
-30.845 26.0595 -34.2803 -0.473284 0.532952 -0.701402
-18.1374 25.374 -43.1778 -0.442501 0.540133 -0.715855
-16.7901 25.8613 -43.6357 -0.437294 0.549652 -0.711798
-15.4368 26.3418 -44.0994 -0.440538 0.55473 -0.705834
-14.0738 26.8221 -44.5741 -0.440808 0.555962 -0.704695
-12.5811 27.3433 -45.0939 -0.439419 0.555988 -0.705542
-11.0542 27.8731 -45.6284 -0.437702 0.566915 -0.697871
-11.7067 49.672 -24.8664 -0.341471 0.687558 -0.640828
-13.1756 49.2499 -24.5332 -0.34871 0.682441 -0.642399
-14.7271 48.7802 -24.1768 -0.353935 0.680649 -0.641441
-16.2009 48.3331 -23.8275 -0.36756 0.669427 -0.645575
-17.3755 47.9544 -23.5459 -0.375575 0.668834 -0.641564
-15.8881 50.1978 22.8293 -0.374368 0.691226 0.618106
-14.4335 50.6615 23.1755 -0.366992 0.694041 0.619374
-13.0014 51.1122 23.5067 -0.353491 0.697686 0.62312
-11.784 51.4773 23.7786 -0.342554 0.702926 0.623339
-11.6668 46.35 29.5535 -0.357532 0.690233 0.629086
-13.2159 45.8787 29.1789 -0.365048 0.685598 0.629837
-14.6226 45.4303 28.8342 -0.383798 0.675563 0.629534
-16.0202 44.966 28.4705 -0.39484 0.672646 0.625818
-17.48 44.4571 28.067 -0.411797 0.66164 0.626623
-18.9857 43.9167 27.624 -0.427981 0.654163 0.623621
-20.4334 43.381 27.1791 -0.43721 0.651445 0.620054
-21.7962 42.8674 26.7558 -0.437933 0.650329 0.620715
-22.441 42.6252 26.5547 -0.441966 0.646225 0.622141
-28.2438 34.9146 29.976 -0.480141 0.609626 0.63073
-26.9224 35.4545 30.4529 -0.475409 0.612088 0.631929
-25.5908 35.9985 30.9228 -0.472448 0.617403 0.628972
-24.2088 36.556 31.4092 -0.466763 0.62383 0.626872
-22.6908 37.1538 31.9269 -0.459126 0.63029 0.626049
-21.3153 37.6959 32.3888 -0.454841 0.630487 0.628972
-19.9514 38.2094 32.8345 -0.438284 0.632963 0.638173
-18.5327 38.7404 33.2791 -0.434448 0.637288 0.63649
-17.1629 39.2407 33.6981 -0.421804 0.65061 0.631497
-15.7623 39.7418 34.1122 -0.419419 0.656096 0.627396
-14.3109 40.2486 34.5299 -0.402488 0.668029 0.625892
-12.9353 40.7248 34.9077 -0.401209 0.669366 0.625285
-11.5186 41.1969 35.2986 -0.393748 0.673834 0.625228
-11.3485 41.2525 35.3458 -0.393649 0.673884 0.625237
-11.1373 36.0333 41.0641 -0.433519 0.648999 0.625189
-12.526 35.5281 40.629 -0.431429 0.64719 0.628502
-13.9899 34.9891 40.1659 -0.445609 0.637553 0.628458
-15.4911 34.4247 39.6701 -0.447048 0.634032 0.630993
-16.9213 33.8793 39.2043 -0.448176 0.626885 0.637302
-18.2796 33.3615 38.761 -0.446973 0.625471 0.639532
-19.6541 32.8396 38.3075 -0.450158 0.624717 0.638033
-21.0602 32.2976 37.8362 -0.454984 0.621616 0.637639
-22.4692 31.7536 37.3609 -0.454564 0.621243 0.638301
-23.8553 31.2102 36.8816 -0.469832 0.601852 0.645781
-25.2413 30.644 36.3845 -0.482544 0.591257 0.646194
-26.6386 30.0587 35.8769 -0.484822 0.589916 0.645714
-27.9477 29.5033 35.3899 -0.493286 0.580387 0.647936
-29.3297 28.8965 34.8656 -0.506753 0.583678 0.634446
-30.6833 28.2814 34.3329 -0.514906 0.586079 0.625607
-32.0702 27.6543 33.7766 -0.516202 0.584886 0.625655
-33.3948 27.0525 33.2408 -0.519867 0.580917 0.626318
-33.6557 26.9317 33.134 -0.526061 0.577759 0.624063
-34.6902 20.7188 37.8953 -0.52628 0.574773 0.62663
-33.4004 21.3301 38.4074 -0.521563 0.576197 0.629261
-32.0984 21.9441 38.9287 -0.523944 0.573444 0.629797
-30.7647 22.5645 39.4539 -0.510223 0.574925 0.639635
-29.4363 23.161 39.9555 -0.498493 0.580658 0.643693
-28.0086 23.7878 40.4901 -0.495654 0.58244 0.644275
-26.6495 24.3774 41.0008 -0.494342 0.582529 0.645202
-25.1989 24.9978 41.5509 -0.493575 0.583275 0.645116
-23.7851 25.5979 42.0863 -0.488329 0.588217 0.64462
-22.3877 26.1757 42.6025 -0.476685 0.593445 0.648532
-20.9708 26.7548 43.1136 -0.476618 0.595236 0.646939
-19.6312 27.2963 43.6046 -0.476745 0.5992 0.643175
-18.2593 27.8404 44.1042 -0.471084 0.603916 0.642935
-16.9246 28.3665 44.5823 -0.464327 0.614576 0.637728
-15.5068 28.9219 45.079 -0.463839 0.619482 0.633321
-14.1691 29.4394 45.5528 -0.456857 0.624484 0.633484
-12.8238 29.9535 46.0165 -0.458205 0.623478 0.633501
-11.3603 30.5137 46.5158 -0.4538 0.629801 0.630409
-11.3222 30.5279 46.529 -0.454342 0.629608 0.630212
-11.56 24.8297 51.7818 -0.473058 0.596821 0.64809
-12.9434 24.2875 51.2681 -0.476243 0.589664 0.652296
-14.363 23.7323 50.7368 -0.474974 0.588348 0.654405
-15.7047 23.2049 50.2365 -0.475031 0.588604 0.654134
-17.1346 22.6434 49.7019 -0.475864 0.589 0.653171
-18.5291 22.0912 49.1828 -0.478306 0.586559 0.653584
-19.9473 21.527 48.6444 -0.482744 0.580141 0.656045
-21.2647 20.9901 48.1415 -0.486575 0.581203 0.652263
-22.5775 20.4512 47.639 -0.489379 0.577983 0.653027
-23.8886 19.9032 47.1378 -0.491526 0.576525 0.652703
-24.6014 19.6071 46.862 -0.493119 0.57682 0.651239
-17.7882 16.6307 54.4773 -0.481231 0.5733 0.663131
-16.4365 17.1573 55.0011 -0.481107 0.572703 0.663737
-14.9996 17.7198 55.5609 -0.48257 0.571797 0.663457
-13.6835 18.2304 56.0765 -0.481286 0.57434 0.662191
-12.3109 18.7681 56.6144 -0.48676 0.573769 0.658676
-11.1507 19.2239 57.0793 -0.489898 0.573694 0.656411
-10.8076 13.5368 62.1234 -0.485136 0.554306 0.676304
-12.217 12.9982 61.5565 -0.483077 0.55493 0.677266
-13.5593 12.4838 61.0205 -0.482358 0.556527 0.676467
-14.7812 12.0127 60.5393 -0.481134 0.559046 0.675261
-14.87 11.9781 60.5048 -0.481132 0.559043 0.675265
