-42.5625 16.6449 35.1873 -0.574943 0.551181 0.604681
-41.9354 17.8945 34.6475 -0.570992 0.550314 0.609198
-41.1937 19.1405 34.2058 -0.566591 0.554883 0.609164
-40.3873 20.5356 33.6865 -0.567213 0.553751 0.609614
-39.6429 21.8428 33.188 -0.560199 0.556582 0.613507
-38.8717 23.1047 32.7369 -0.55297 0.554494 0.621901
-38.0714 24.4294 32.2515 -0.547109 0.566224 0.616492
-37.298 25.6418 31.8109 -0.540822 0.571935 0.616767
-36.5343 26.874 31.3426 -0.536815 0.572595 0.619649
-35.6908 28.1325 30.8943 -0.531594 0.578391 0.618766
-34.8596 29.4457 30.3761 -0.523765 0.580426 0.623517
-33.9527 30.808 29.8661 -0.520069 0.581793 0.625336
-33.0824 32.0971 29.3791 -0.518096 0.591388 0.61793
-32.2537 33.3473 28.8638 -0.510205 0.60114 0.615078
-31.4377 34.5342 28.3848 -0.509681 0.598068 0.618498
-30.6248 35.7207 27.9076 -0.504285 0.601737 0.619359
-29.7291 37.0111 27.365 -0.497909 0.608139 0.618266
-28.8349 38.2367 26.8645 -0.484311 0.615927 0.621351
-27.9561 39.4229 26.3662 -0.478222 0.622051 0.619965
-27.1024 40.5621 25.8671 -0.471382 0.630213 0.616952
-26.2523 41.707 25.3351 -0.465495 0.634784 0.616736
-25.3819 42.8583 24.806 -0.462607 0.635256 0.61842
-24.4429 44.0181 24.2978 -0.449968 0.645364 0.61728
-23.4471 45.2266 23.7487 -0.444131 0.650842 0.615754
-22.5203 46.3355 23.2387 -0.442415 0.653082 0.614616
-21.5275 47.5632 22.6585 -0.445553 0.650383 0.615211
-20.6454 48.6653 22.1165 -0.432488 0.65799 0.616444
-19.7086 49.7678 21.5676 -0.407796 0.674534 0.615391
-18.7576 50.8481 20.996 -0.399211 0.685186 0.609221
-17.7209 51.9455 20.4273 -0.383918 0.693755 0.609353
-16.726 52.9666 19.8858 -0.373677 0.696659 0.612399
-15.7346 54.0363 19.2601 -0.370881 0.705784 0.603584
-14.7398 55.0587 18.662 -0.361076 0.710629 0.603837
-13.7474 56.0497 18.0742 -0.346641 0.718476 0.603019
-12.7404 57.0383 17.4454 -0.330039 0.726203 0.603078
-11.7604 58.0965 16.7019 -0.326226 0.726994 0.604199
-10.8322 59.213 15.8556 -0.321 0.72769 0.606157
-10.0859 60.2232 15.0346 -0.323438 0.728825 0.603492
-9.15313 61.0254 14.5681 -0.319004 0.726253 0.608924
-7.79578 61.0172 15.2809 -0.311632 0.726688 0.612213
-8.02345 60.018 16.3546 -0.313179 0.728012 0.60985
-8.41181 58.9281 17.462 -0.313439 0.731965 0.604966
-8.66657 57.8183 18.6732 -0.313464 0.731554 0.605449
-8.82259 56.7947 19.8186 -0.316522 0.727291 0.608984
-8.8783 55.747 21.0325 -0.313983 0.721154 0.617537
-8.86123 54.633 22.3341 -0.313446 0.717594 0.621941
-8.90217 53.5688 23.547 -0.315295 0.71832 0.620166
-8.89619 52.4843 24.8012 -0.317503 0.714301 0.623671
-8.83362 51.4791 25.9847 -0.32315 0.712072 0.623318
-8.78817 50.4415 27.1899 -0.325166 0.712142 0.622184
-8.74515 49.4473 28.3565 -0.332563 0.710822 0.619785
-8.68738 48.3995 29.5827 -0.339307 0.708807 0.618433
-8.68748 47.32 30.8239 -0.351586 0.705886 0.614908
-8.6583 46.3183 31.9698 -0.370227 0.695504 0.615797
-8.62594 45.2496 33.2038 -0.373794 0.696926 0.612023
-8.60997 44.2435 34.3564 -0.378743 0.693567 0.612795
-8.59162 43.2129 35.5478 -0.392839 0.695535 0.601586
-8.53688 42.1659 36.7749 -0.393655 0.686812 0.611003
-8.46701 41.0865 38.0326 -0.402389 0.684858 0.607497
-8.4134 40.0607 39.2155 -0.411422 0.676443 0.610866
-8.48917 38.9225 40.4216 -0.415989 0.673721 0.610776
-8.66064 37.8365 41.488 -0.427596 0.663806 0.613615
-8.85496 36.6647 42.6131 -0.433355 0.657913 0.615917
-9.0223 35.4848 43.7432 -0.439959 0.652174 0.617337
-9.19028 34.2655 44.8982 -0.444502 0.643727 0.622923
-9.29854 33.1387 45.9778 -0.4506 0.6394 0.622998
-9.43781 31.9706 47.0714 -0.454749 0.632559 0.626954
-9.5433 30.8683 48.1023 -0.458 0.628786 0.628382
-9.64581 29.71 49.1763 -0.458935 0.622407 0.63402
-9.66725 28.5926 50.2395 -0.465038 0.61155 0.640114
-9.67477 27.4953 51.2808 -0.464768 0.608131 0.643559
-9.68043 26.3914 52.3084 -0.471764 0.60125 0.644932
-9.71767 25.2457 53.3509 -0.479871 0.597257 0.642657
-9.63469 24.1084 54.4555 -0.484128 0.588922 0.647141
-9.5283 22.9726 55.5671 -0.485958 0.587567 0.647001
-9.45131 21.8101 56.6706 -0.486156 0.577419 0.655926
-9.36371 20.6974 57.7122 -0.486986 0.574812 0.657599
-9.15554 19.5858 58.8324 -0.487487 0.570399 0.661061
-8.96632 18.4478 59.9488 -0.488205 0.567808 0.662759
-8.75799 17.3817 61.003 -0.489573 0.559872 0.668478
-8.51485 16.3102 62.075 -0.487988 0.558282 0.670961
-8.24805 15.1054 63.2606 -0.488392 0.550946 0.676706
-8.04307 13.9566 64.3411 -0.487691 0.548774 0.678973
-8.04961 12.7144 65.337 -0.485572 0.547335 0.681648
-8.03166 11.5166 66.3094 -0.484895 0.546162 0.683069
-8.01428 10.2589 67.3265 -0.482428 0.546032 0.684918
-8.20848 9.01885 68.1764 -0.481143 0.544928 0.686699
-9.39608 8.0604 68.1127 -0.477015 0.54811 0.687046
-10.6591 7.75226 67.4801 -0.477408 0.549514 0.68565
-11.9078 7.71997 66.637 -0.47699 0.551484 0.684358
-13.1716 7.71984 65.755 -0.4776 0.552571 0.683054
-14.4678 7.67533 64.8853 -0.477514 0.55316 0.682638
-15.7495 7.67688 63.9855 -0.478511 0.553884 0.681351
-17.0606 7.72443 63.022 -0.480486 0.554768 0.679239
-18.4648 7.70109 62.0453 -0.481412 0.555597 0.677904
-19.7588 7.73453 61.0974 -0.482711 0.555024 0.67745
-19.6345 8.90433 60.2247 -0.48274 0.55709 0.675731
-19.546 10.0936 59.3058 -0.483182 0.558596 0.67417
-19.7327 11.2353 58.2241 -0.484277 0.559301 0.672799
-20.1286 12.2488 57.0913 -0.48401 0.562688 0.670162
-20.7284 13.119 55.9261 -0.483859 0.563307 0.66975
-21.4821 13.8311 54.7733 -0.48894 0.565896 0.663852
-22.3874 14.4128 53.6085 -0.488622 0.567939 0.66234
-23.3411 14.8673 52.5111 -0.49085 0.568523 0.660188
-24.3219 15.3068 51.3898 -0.499203 0.565367 0.656623
-25.3809 15.7697 50.1951 -0.496156 0.562094 0.661725
-26.3954 16.122 49.1248 -0.505047 0.560418 0.656398
-27.4679 16.413 48.048 -0.507415 0.560254 0.65471
-28.5821 16.6709 46.9603 -0.508753 0.562782 0.651496
-29.6755 16.8666 45.9332 -0.51119 0.562554 0.649782
-30.8778 17.0621 44.8175 -0.512362 0.560829 0.65035
-31.9706 17.245 43.7897 -0.519883 0.560058 0.645024
-33.0994 17.3382 42.7976 -0.520296 0.560077 0.644675
-34.3037 17.3341 41.8261 -0.523542 0.558608 0.64332
-35.4591 17.3315 40.8649 -0.537686 0.557848 0.632218
-36.5988 17.353 39.8762 -0.53823 0.555855 0.633509
-37.8015 17.3634 38.8345 -0.548529 0.551649 0.62833
-38.9725 17.305 37.8626 -0.553471 0.548867 0.626429
-40.1689 17.1172 36.9595 -0.560242 0.550228 0.619175
-41.3699 16.8742 36.0881 -0.560406 0.551583 0.61782
-42.402 16.6591 35.3268 -0.574944 0.551188 0.604674
-43.3523 11.7325 38.869 -0.569466 0.55178 0.6093
-44.5653 11.4217 38.0128 -0.572721 0.553726 0.604458
-45.806 11.1294 37.0687 -0.588903 0.550325 0.591885
-47.0219 10.8704 36.0973 -0.593837 0.548537 0.588607
-48.2641 10.5983 35.0795 -0.603765 0.539218 0.587122
-49.4646 10.2991 34.1093 -0.611351 0.536595 0.581646
-50.6073 10.0481 33.1332 -0.613565 0.538102 0.577911
-50.3473 10.9092 32.6127 -0.61382 0.534568 0.580915
-49.592 12.2061 32.2197 -0.612813 0.533054 0.583364
-48.8948 13.4805 31.7892 -0.612411 0.531896 0.584841
-48.089 14.9021 31.3365 -0.603001 0.532859 0.593676
-47.2999 16.3002 30.8894 -0.602828 0.531915 0.594697
-46.5641 17.6275 30.4381 -0.594157 0.539455 0.596627
-45.8246 18.9063 30.0118 -0.590032 0.5432 0.597324
-45.0446 20.2775 29.5309 -0.58517 0.544972 0.600484
-44.3439 21.5305 29.0734 -0.578428 0.544601 0.607315
-43.5661 22.81 28.6729 -0.575471 0.542989 0.611552
-42.8514 24.069 28.2165 -0.567215 0.547943 0.614838
-42.1037 25.3657 27.7486 -0.566888 0.551144 0.612272
-41.3269 26.6166 27.3357 -0.565693 0.555534 0.609404
-40.4937 27.9411 26.8821 -0.552744 0.565938 0.611709
-39.7104 29.1987 26.4268 -0.547801 0.567658 0.614555
-38.9602 30.4374 25.9403 -0.545954 0.573399 0.610855
-38.1559 31.6482 25.5111 -0.537573 0.580524 0.611561
-37.34 32.8826 25.0437 -0.523244 0.588307 0.616531
-36.5381 34.0722 24.5828 -0.521124 0.591526 0.615246
-35.7388 35.3066 24.0711 -0.519015 0.59243 0.616158
-34.8882 36.5495 23.581 -0.514588 0.599254 0.613265
-34.0734 37.7333 23.1061 -0.511801 0.603239 0.611688
-33.2428 38.9126 22.6261 -0.506569 0.60959 0.609744
-32.3738 40.108 22.1411 -0.498739 0.620209 0.605475
-31.4882 41.2801 21.6607 -0.494063 0.627298 0.601994
-30.5764 42.5258 21.0971 -0.485758 0.632861 0.602931
-29.6766 43.7397 20.5427 -0.482182 0.634346 0.604239
-28.7656 44.9159 20.0277 -0.478317 0.637719 0.603759
-27.8795 46.0305 19.5435 -0.47353 0.639918 0.605206
-26.9638 47.2027 19.0115 -0.462409 0.643728 0.609741
-26.0489 48.2897 18.5299 -0.450407 0.659248 0.602101
-25.1509 49.4132 17.971 -0.45386 0.660148 0.59851
-24.205 50.569 17.4087 -0.455736 0.664232 0.592537
-23.1927 51.7524 16.85 -0.443625 0.672842 0.592014
-22.2486 52.7997 16.3345 -0.430993 0.685466 0.58684
-21.2253 53.8898 15.7997 -0.430387 0.691361 0.580333
-20.2837 54.9419 15.2322 -0.422592 0.701798 0.573465
-19.2582 56.0654 14.5842 -0.408448 0.711247 0.572033
-18.1992 57.1463 13.978 -0.40383 0.714651 0.571134
-17.1183 58.2402 13.3432 -0.387155 0.721985 0.573453
-16.1806 59.2873 12.6532 -0.374941 0.728774 0.572965
-15.2527 60.4136 11.804 -0.364804 0.734437 0.572293
-14.593 61.4753 10.8487 -0.356502 0.740043 0.5703
-14.0324 62.6035 9.72524 -0.350559 0.744187 0.568589
-13.6935 63.6114 8.60217 -0.353332 0.74587 0.564635
-13.5672 64.6006 7.38229 -0.342816 0.746641 0.570092
-13.3487 65.5288 6.29075 -0.320214 0.764869 0.558961
-12.096 65.4371 7.21328 -0.378787 0.749065 0.543527
-10.8929 65.3956 8.126 -0.388233 0.738048 0.55187
-9.57475 65.3434 9.10265 -0.387736 0.720119 0.575403
-8.34896 65.2737 9.96517 -0.365553 0.707815 0.604457
-7.01985 65.2248 10.7756 -0.332353 0.708132 0.622964
-5.65257 65.2467 11.4369 -0.307673 0.709902 0.633524
-4.25197 65.2704 12.0527 -0.277454 0.719161 0.63702
-2.68039 65.3622 12.5985 -0.245545 0.729479 0.63838
-1.13537 65.469 13.0489 -0.223446 0.745442 0.628003
0.332086 65.5335 13.5192 -0.233304 0.763565 0.602111
1.8403 65.5929 14.0524 -0.242234 0.801787 0.546293
2.0048 65.2548 14.6241 -0.259784 0.795831 0.546912
0.861717 64.4361 15.1608 -0.287373 0.755068 0.589312
-0.221935 63.4727 15.8579 -0.274145 0.747062 0.605582
-1.08651 62.4621 16.6936 -0.280401 0.741213 0.609901
-1.78208 61.4562 17.5973 -0.280699 0.7422 0.608561
-2.39939 60.3717 18.6307 -0.282825 0.739484 0.610879
-2.74558 59.3131 19.7491 -0.282399 0.738374 0.612417
-2.95908 58.2694 20.8939 -0.28045 0.731124 0.621937
-3.01987 57.1411 22.1876 -0.277548 0.728653 0.626119
-3.03755 56.1379 23.3437 -0.274438 0.727172 0.629209
-3.03872 55.0972 24.5483 -0.27466 0.7289 0.62711
-3.02744 54.0039 25.8338 -0.27813 0.733842 0.619771
-2.99255 52.9774 27.0769 -0.283156 0.737557 0.61305
-2.96457 52.0053 28.2718 -0.289659 0.742011 0.60458
-2.93777 50.9975 29.5361 -0.298615 0.746379 0.594766
-2.94594 50.0481 30.7251 -0.31257 0.744864 0.589473
-2.93722 49.0589 31.9774 -0.327893 0.739965 0.587312
-2.95359 47.9969 33.3076 -0.345744 0.732779 0.586075
-2.9375 47.0128 34.5611 -0.357642 0.731819 0.580115
-2.92427 46.0389 35.7993 -0.368756 0.728631 0.577162
-2.92511 45.0462 37.0377 -0.383664 0.71895 0.579572
-2.89586 44.0172 38.3236 -0.393926 0.710924 0.582589
-2.83736 43.0147 39.5852 -0.401108 0.706677 0.582853
-2.83461 42.009 40.7941 -0.410014 0.698364 0.586665
-2.82275 41.0109 41.9825 -0.418705 0.689629 0.590845
-2.97653 39.931 43.1311 -0.427067 0.685905 0.589192
-3.26597 38.7369 44.2969 -0.431545 0.679672 0.593139
-3.50877 37.5872 45.4199 -0.438297 0.669957 0.599211
-3.64764 36.4827 46.5394 -0.444018 0.66138 0.604504
-3.84783 35.3111 47.6663 -0.451329 0.655731 0.605243
-3.98874 34.2269 48.7243 -0.456548 0.648297 0.609324
-4.11447 33.0735 49.845 -0.461723 0.640234 0.613932
-4.23426 31.9487 50.9228 -0.46614 0.635745 0.615258
-4.24343 30.8573 52.0346 -0.469727 0.62991 0.618522
-4.29981 29.7391 53.1109 -0.476145 0.620726 0.622884
-4.33845 28.5437 54.2658 -0.47811 0.61617 0.625895
-4.33185 27.4096 55.3764 -0.483865 0.609208 0.628284
-4.27017 26.2976 56.4852 -0.486537 0.59818 0.636759
-4.18987 25.1543 57.6123 -0.49187 0.589265 0.640961
-4.09083 23.9361 58.8037 -0.497175 0.583131 0.642476
-3.95376 22.8721 59.8679 -0.499543 0.573827 0.648983
-3.81753 21.7802 60.9317 -0.502823 0.568825 0.650851
-3.62057 20.6612 62.0516 -0.501231 0.562953 0.657154
-3.39632 19.5721 63.1471 -0.501415 0.557329 0.661791
-3.12328 18.4447 64.2958 -0.50298 0.551318 0.665627
-2.85748 17.3704 65.3773 -0.502494 0.545634 0.670659
-2.69576 16.1887 66.451 -0.503003 0.540584 0.674357
-2.686 14.9185 67.4694 -0.501844 0.536352 0.678586
-2.73692 13.6629 68.4179 -0.500858 0.532961 0.681978
-2.71731 12.328 69.4693 -0.498063 0.530852 0.68566
-2.67948 11.0994 70.4472 -0.493603 0.531352 0.688491
-2.56 9.84187 71.5005 -0.489887 0.531403 0.691102
-2.3306 8.67394 72.5594 -0.48684 0.531062 0.693513
-3.32628 7.54086 72.7332 -0.48239 0.532776 0.695305
-4.50311 6.54831 72.6844 -0.478063 0.536237 0.695633
-5.69812 5.59722 72.6028 -0.474011 0.540986 0.694728
-6.89049 4.68439 72.5079 -0.470667 0.545504 0.693468
-8.09459 3.74695 72.4293 -0.469987 0.547264 0.692542
-9.33828 2.84587 72.2996 -0.468746 0.549293 0.691776
-10.6091 2.64145 71.5992 -0.470201 0.550138 0.690115
-11.9361 2.62673 70.7054 -0.470571 0.551379 0.688872
-13.2472 2.63657 69.7976 -0.472107 0.553332 0.68625
-14.5619 2.62011 68.9052 -0.473311 0.553457 0.685319
-15.9504 2.59415 67.9639 -0.475037 0.554064 0.683632
-17.2263 2.57091 67.0944 -0.476319 0.554058 0.682745
-18.4929 2.56715 66.212 -0.477433 0.554866 0.681309
-19.7256 2.60112 65.317 -0.47922 0.554845 0.68007
-20.981 2.63229 64.4044 -0.481064 0.555293 0.6784
-22.3141 2.59513 63.4886 -0.481964 0.555563 0.67754
-23.7344 2.61097 62.4629 -0.482953 0.556172 0.676335
-24.9695 2.61139 61.579 -0.483687 0.556863 0.675241
-26.1963 2.60979 60.6965 -0.487786 0.556902 0.672253
-27.4875 2.61839 59.7519 -0.488272 0.557504 0.671401
-28.7724 2.62394 58.8078 -0.492507 0.558488 0.667479
-30.1258 2.60823 57.811 -0.500901 0.558446 0.661238
-31.37 2.61397 56.8546 -0.506949 0.558201 0.656821
-32.5831 2.60832 55.9106 -0.51569 0.558441 0.649775
-33.8605 2.64727 54.8528 -0.521704 0.555229 0.647724
-35.0367 2.68877 53.8623 -0.529295 0.550162 0.645886
-35.2391 2.73766 53.6552 -0.529635 0.547795 0.647617
-33.9715 2.98249 54.4774 -0.522054 0.552676 0.649622
-32.6233 3.26413 55.3201 -0.51939 0.553513 0.651043
-31.2994 3.61137 56.0677 -0.511152 0.551442 0.659269
-29.8772 3.92744 56.8904 -0.502661 0.555029 0.662778
-28.5572 4.29114 57.58 -0.496841 0.55414 0.66789
-27.203 4.79877 58.1543 -0.489364 0.555722 0.672084
-25.9326 5.72728 58.3077 -0.486926 0.556883 0.672893
-25.0752 6.94597 57.9171 -0.486168 0.558323 0.672247
-24.8455 8.17695 57.056 -0.487281 0.561329 0.668929
-25.2904 9.21427 55.8582 -0.490381 0.56094 0.666988
-26.2368 9.85082 54.6164 -0.494616 0.562909 0.662185
-27.3165 10.3256 53.4022 -0.497627 0.563202 0.659675
-28.288 10.7447 52.3032 -0.50045 0.567447 0.653876
-29.3551 11.1439 51.1399 -0.49883 0.569735 0.653123
-30.5115 11.4676 49.9705 -0.503513 0.568063 0.650983
-31.6427 11.7113 48.8666 -0.512527 0.566477 0.645306
-32.7518 11.9496 47.7769 -0.512787 0.565975 0.64554
-33.9395 12.1949 46.617 -0.514509 0.565672 0.644434
-35.0527 12.3394 45.6006 -0.515666 0.564373 0.644648
-36.2464 12.3241 44.6383 -0.527883 0.564126 0.634902
-37.4909 12.3011 43.6086 -0.538565 0.562139 0.627651
-38.6825 12.2691 42.6044 -0.546655 0.55928 0.623197
-39.823 12.2673 41.5997 -0.550836 0.559119 0.619649
-41.0168 12.2134 40.5788 -0.555383 0.558617 0.616032
-42.2253 11.9848 39.6889 -0.563582 0.55331 0.613367
-43.2518 11.7553 38.9421 -0.568776 0.552059 0.609692
-48.9572 2.77246 41.4899 -0.595415 0.533816 0.600428
-49.2053 2.60615 41.3911 -0.596665 0.532777 0.600116
-50.3046 2.62029 40.2588 -0.607175 0.535104 0.587363
-51.3827 2.62471 39.1251 -0.61585 0.53278 0.580409
-52.4093 2.62735 38.0165 -0.622718 0.533487 0.572376
-53.4691 2.64128 36.8266 -0.637194 0.529582 0.559935
-54.4928 2.62877 35.6732 -0.639465 0.52555 0.561143
-55.4709 2.66559 34.5127 -0.645871 0.523338 0.555848
-56.4589 2.64516 33.3633 -0.656216 0.518408 0.548301
-57.4819 2.66974 32.1071 -0.661722 0.516067 0.543874
-58.5358 2.66995 30.8137 -0.666365 0.516191 0.538056
-59.5199 2.70641 29.5464 -0.670868 0.515973 0.532642
-60.52 2.7116 28.272 -0.672816 0.518786 0.527428
-61.4904 2.65634 27.0847 -0.673321 0.521752 0.523844
-62.4129 2.67626 25.873 -0.674968 0.52208 0.521393
-63.4148 2.65467 24.5874 -0.675511 0.529393 0.513253
-64.3823 2.61451 23.344 -0.678841 0.534195 0.503797
-65.2806 2.61937 22.1233 -0.677529 0.541064 0.498201
-66.2257 2.60502 20.806 -0.681603 0.559271 0.471839
-67.1016 2.57934 19.5431 -0.68859 0.56634 0.452883
-67.9873 2.51972 18.2593 -0.687255 0.581073 0.435926
-68.8751 2.50409 16.8348 -0.676601 0.610992 0.410974
-69.6925 2.5486 15.3374 -0.693588 0.623338 0.36109
-70.447 2.51657 13.8994 -0.692287 0.633452 0.345654
-71.1422 2.45201 12.5382 -0.725392 0.626055 0.286112
-71.7241 2.41169 11.1014 -0.740491 0.619735 0.260004
-72.1537 2.38581 9.64677 -0.744745 0.645675 0.168683
-72.4432 2.38607 8.15327 -0.74681 0.649589 0.142512
-72.6029 2.5396 6.59584 -0.737043 0.663114 0.130566
-72.7257 2.6371 5.01784 -0.746681 0.661354 0.0712549
-72.8319 2.64893 3.42801 -0.753286 0.656286 0.0430103
-72.9049 2.62871 1.89842 -0.755304 0.655225 0.0140247
-72.9371 2.56388 0.231501 -0.753646 0.656662 -0.0285145
-72.9387 2.46471 -1.29841 -0.759048 0.649039 -0.0509444
-72.8912 2.37784 -2.90472 -0.756676 0.65066 -0.0638937
-72.737 2.38789 -4.49038 -0.757745 0.648389 -0.0735825
-72.5433 2.42273 -6.04227 -0.759735 0.645273 -0.0801553
-72.3835 2.39141 -7.62911 -0.752449 0.648932 -0.112709
-72.052 2.45977 -9.17069 -0.755161 0.638437 -0.148604
-71.7114 2.47825 -10.7306 -0.760842 0.630323 -0.154305
-71.3178 2.47787 -12.3552 -0.738255 0.637236 -0.221156
-70.7006 2.56178 -13.8329 -0.737109 0.596672 -0.317189
-69.9894 2.56195 -15.3 -0.732261 0.576109 -0.363171
-69.1534 2.60326 -16.7736 -0.705783 0.578252 -0.409262
-68.2796 2.65964 -18.1571 -0.712816 0.546365 -0.439748
-67.4074 2.64224 -19.4419 -0.695806 0.516315 -0.499249
-66.4468 2.67708 -20.6697 -0.660114 0.51576 -0.546115
-65.4348 2.69182 -21.8404 -0.65381 0.492279 -0.574624
-64.3602 2.70219 -23.0362 -0.65216 0.485338 -0.582353
-63.2173 2.74 -24.2709 -0.643839 0.477014 -0.598272
-62.0526 2.76176 -25.4905 -0.641531 0.464999 -0.610093
-60.8701 2.79771 -26.6745 -0.632847 0.450969 -0.62939
-59.7207 2.81825 -27.7982 -0.623135 0.448324 -0.640866
-58.5528 2.78277 -28.9309 -0.612389 0.443382 -0.654515
-57.4602 2.742 -29.9736 -0.60952 0.440358 -0.659219
-56.3248 2.78436 -30.9869 -0.605831 0.438492 -0.663847
-56.4179 3.53188 -30.4085 -0.607703 0.437327 -0.662904
-57.0912 4.29953 -29.2798 -0.612643 0.435401 -0.659617
-58.2394 4.23715 -28.2446 -0.619498 0.437583 -0.651722
-59.3361 4.21838 -27.1973 -0.628784 0.446934 -0.636302
-60.4246 4.16522 -26.1468 -0.634478 0.449862 -0.628539
-61.5243 4.23122 -24.9542 -0.65146 0.458545 -0.60443
-62.5541 4.1865 -23.8501 -0.65909 0.469696 -0.587348
-63.5459 4.21011 -22.7054 -0.661442 0.476538 -0.579142
-64.5974 4.22326 -21.4986 -0.660086 0.485305 -0.573381
-65.5605 4.23828 -20.3455 -0.673759 0.483779 -0.558573
-66.4243 4.36615 -19.0877 -0.710512 0.498759 -0.496399
-67.188 4.39853 -17.7979 -0.729248 0.547018 -0.411058
-67.9463 4.40193 -16.4404 -0.730506 0.550032 -0.404742
-68.6893 4.4376 -14.9628 -0.737899 0.577074 -0.349987
-69.1939 4.54307 -13.5356 -0.741615 0.615349 -0.267034
-69.6774 4.54312 -12.0487 -0.752599 0.622946 -0.213385
-70.0401 4.55634 -10.5848 -0.759899 0.628608 -0.165546
-70.2607 4.60832 -8.99159 -0.764145 0.633445 -0.121776
-70.5216 4.59492 -7.50455 -0.758936 0.640938 -0.114956
-70.7311 4.58443 -5.90627 -0.761705 0.643072 -0.0791405
-70.8894 4.58453 -4.32329 -0.763033 0.642356 -0.0718306
-71.0523 4.56073 -2.71041 -0.768484 0.636385 -0.0666805
-71.1517 4.56533 -1.19073 -0.766306 0.641606 -0.0334072
-71.1893 4.60674 0.354891 -0.765178 0.642779 -0.0365721
-71.2426 4.59429 1.86665 -0.769193 0.63897 0.00770332
-71.1913 4.57613 3.4358 -0.757606 0.649755 0.0620622
-71.0471 4.54082 5.00979 -0.749516 0.654172 0.101415
-70.8609 4.54053 6.5371 -0.766464 0.635079 0.094748
-70.5972 4.52851 8.13335 -0.754031 0.641362 0.141747
-70.2646 4.57201 9.67883 -0.749569 0.644567 0.150598
-69.8964 4.54752 11.1408 -0.74662 0.61154 0.261873
-69.3124 4.53142 12.5487 -0.70447 0.621824 0.342087
-68.6436 4.50007 13.9607 -0.713183 0.611435 0.342809
-68.0016 4.4669 15.4149 -0.72678 0.589619 0.351956
-67.2779 4.4226 16.7837 -0.706186 0.577387 0.409781
-66.4673 4.4004 18.1897 -0.70469 0.564672 0.429602
-65.6466 4.38633 19.5207 -0.703094 0.552146 0.448099
-64.7834 4.35876 20.8583 -0.696476 0.545353 0.466381
-63.9443 4.3384 22.1021 -0.691413 0.530048 0.490904
-63.0483 4.33063 23.346 -0.684665 0.524227 0.506369
-62.1339 4.31658 24.5774 -0.679729 0.524188 0.513026
-61.1423 4.34546 25.85 -0.677738 0.521202 0.518671
-60.1455 4.32707 27.1635 -0.676454 0.517677 0.523852
-59.1085 4.30734 28.5129 -0.674219 0.514859 0.529481
-58.085 4.44161 29.6729 -0.669199 0.515433 0.535259
-56.9448 4.88527 30.6571 -0.663634 0.516262 0.541354
-55.758 5.49891 31.5101 -0.655692 0.520104 0.547321
-54.7147 5.88453 32.3802 -0.650016 0.519926 0.554217
-54.4619 4.83606 33.6535 -0.646395 0.5193 0.559018
-53.7897 4.28327 34.9371 -0.642746 0.518567 0.563883
-52.964 3.96333 36.1638 -0.637248 0.519829 0.568928
-52.0576 3.65193 37.4492 -0.624733 0.529431 0.573944
-51.1498 3.32284 38.7365 -0.619244 0.528582 0.580632
-50.2127 3.07586 39.9399 -0.605419 0.533621 0.590523
-49.215 2.80736 41.2001 -0.595873 0.538719 0.595582
-49.0064 2.78331 41.4311 -0.597637 0.535011 0.59715
-44.0192 21.3205 -28.8075 -0.526728 0.496945 -0.689635
-43.3152 22.6076 -28.4078 -0.517737 0.502421 -0.692474
-42.5921 23.9062 -28.0002 -0.51223 0.507197 -0.693088
-41.8846 25.2369 -27.5478 -0.509006 0.509165 -0.694019
-41.0995 26.6134 -27.0921 -0.50325 0.519682 -0.690413
-40.3332 27.8664 -26.702 -0.502137 0.52574 -0.686627
-39.5503 29.2107 -26.2397 -0.499106 0.530646 -0.685059
-38.7464 30.5444 -25.7799 -0.494573 0.536622 -0.683691
-37.9024 31.8828 -25.3235 -0.484826 0.548914 -0.680905
-37.1549 33.1177 -24.8448 -0.477907 0.560247 -0.676556
-36.3723 34.3352 -24.3814 -0.474586 0.564909 -0.675015
-35.4888 35.6993 -23.8378 -0.465283 0.577064 -0.6712
-34.6849 36.8807 -23.3772 -0.462808 0.580558 -0.669896
-33.7963 38.1453 -22.8764 -0.454839 0.588234 -0.668657
-32.9772 39.3359 -22.3722 -0.446084 0.600388 -0.663724
-32.0742 40.5232 -21.8887 -0.440547 0.609737 -0.658892
-31.1757 41.704 -21.3923 -0.442632 0.615334 -0.652259
-30.3161 42.8493 -20.8901 -0.443833 0.617777 -0.649125
-29.4355 43.985 -20.398 -0.439617 0.626461 -0.643649
-28.546 45.1233 -19.874 -0.430192 0.638661 -0.637998
-27.5998 46.2578 -19.3548 -0.425712 0.650118 -0.629378
-26.627 47.4405 -18.7929 -0.425301 0.652839 -0.626822
-25.644 48.5942 -18.2338 -0.413712 0.665098 -0.62168
-24.6636 49.7302 -17.6654 -0.418939 0.668348 -0.614655
-23.6574 50.8451 -17.1181 -0.410189 0.681796 -0.60572
-22.7073 51.8922 -16.5699 -0.405233 0.685467 -0.604914
-21.7009 53.001 -15.9739 -0.405255 0.69203 -0.59738
-20.7468 54.0368 -15.4206 -0.399007 0.692929 -0.600535
-19.7266 55.0806 -14.8698 -0.390102 0.705329 -0.591889
-18.7388 56.0853 -14.3088 -0.383301 0.709401 -0.591464
-17.7654 57.108 -13.7066 -0.378896 0.715877 -0.58648
-16.7882 58.1357 -13.0729 -0.375235 0.722323 -0.58089
-15.8896 59.1292 -12.3824 -0.354199 0.732126 -0.581837
-15.0508 60.223 -11.5045 -0.341287 0.739865 -0.579762
-14.39 61.289 -10.5337 -0.335933 0.740793 -0.5817
-13.9235 62.2991 -9.51447 -0.328751 0.742941 -0.583062
-13.6339 63.3075 -8.40324 -0.32758 0.740375 -0.586969
-13.5152 64.2773 -7.25241 -0.311896 0.736607 -0.600109
-13.6001 65.2675 -5.99855 -0.2823 0.743771 -0.605871
-12.4744 65.482 -6.30129 -0.321571 0.747932 -0.580681
-11.1173 65.4037 -7.20673 -0.356593 0.738079 -0.572784
-9.88122 65.3391 -8.05618 -0.360981 0.726785 -0.58436
-8.61506 65.2878 -8.87485 -0.349429 0.71694 -0.603235
-7.15536 65.2172 -9.76782 -0.335129 0.700733 -0.62981
-5.68088 65.1958 -10.5185 -0.303633 0.694986 -0.651753
-4.28276 65.2187 -11.1131 -0.277097 0.707107 -0.650552
-2.7806 65.241 -11.6863 -0.246503 0.711379 -0.658156
-1.33159 65.3296 -12.1355 -0.236209 0.731536 -0.639572
0.165681 65.4343 -12.5699 -0.236285 0.748631 -0.61942
1.68704 65.5831 -12.9757 -0.240084 0.782832 -0.573944
3.1989 65.8865 -13.1739 -0.222128 0.845557 -0.48431
4.73626 66.1508 -13.1767 -0.0728107 0.915626 -0.395383
5.8027 66.1709 -13.2584 -0.00984199 0.936277 -0.351048
4.39994 65.7906 -13.8736 -0.180705 0.856971 -0.482645
2.97552 65.0635 -14.3535 -0.29672 0.791729 -0.533964
1.70228 64.2302 -14.7865 -0.310337 0.745852 -0.589404
0.564594 63.3246 -15.3246 -0.297279 0.739053 -0.604497
-0.413317 62.3507 -16.034 -0.283234 0.744909 -0.604061
-1.29921 61.3043 -16.9009 -0.284372 0.74134 -0.607904
-1.96102 60.2859 -17.846 -0.281475 0.74817 -0.60084
-2.49578 59.2072 -18.9338 -0.283738 0.745087 -0.603604
-2.79718 58.1889 -20.0423 -0.286657 0.742096 -0.605905
-2.97045 57.1594 -21.2142 -0.287689 0.739018 -0.60917
-2.95733 56.1439 -22.4433 -0.289714 0.73387 -0.614411
-3.01291 55.0771 -23.6788 -0.294377 0.728776 -0.618246
-3.01183 54.0907 -24.8402 -0.29624 0.726868 -0.619601
-3.00088 52.999 -26.1236 -0.297061 0.725927 -0.620309
-2.98878 51.9864 -27.3055 -0.301971 0.72179 -0.622762
-2.99617 51.0008 -28.4369 -0.308262 0.71779 -0.624301
-2.97181 49.9863 -29.6163 -0.316323 0.715437 -0.622965
-2.95123 48.9319 -30.8336 -0.325161 0.709746 -0.624924
-2.9467 47.9279 -31.9784 -0.335655 0.706297 -0.62328
-2.96277 46.8792 -33.1493 -0.344601 0.700377 -0.625077
-2.93407 45.8629 -34.2938 -0.356764 0.690396 -0.629335
-2.95829 44.7762 -35.4587 -0.364377 0.681648 -0.634496
-2.85185 43.6827 -36.6933 -0.371905 0.67548 -0.636717
-2.88 42.5448 -37.8644 -0.381545 0.664591 -0.642449
-2.90065 41.4268 -38.9927 -0.388165 0.653796 -0.649521
-2.87036 40.3237 -40.1152 -0.395635 0.646011 -0.652796
-2.87862 39.1303 -41.2788 -0.405475 0.63674 -0.655858
-2.87454 38.0163 -42.3548 -0.406858 0.630702 -0.660819
-2.86941 36.8011 -43.5022 -0.417461 0.618741 -0.665497
-2.81084 35.5919 -44.6622 -0.42128 0.614745 -0.666789
-2.80552 34.4596 -45.7028 -0.427237 0.609679 -0.667653
-2.78214 33.2947 -46.7725 -0.433127 0.597965 -0.674418
-2.82979 32.047 -47.8431 -0.439701 0.59336 -0.674231
-2.80199 30.8246 -48.9335 -0.440688 0.588013 -0.678258
-2.78888 29.5478 -50.0354 -0.442431 0.580902 -0.683233
-2.77121 28.2934 -51.1 -0.445966 0.570348 -0.689795
-2.77565 27.1204 -52.0628 -0.44643 0.566924 -0.692313
-2.77493 25.9417 -53.0237 -0.448616 0.561149 -0.695592
-2.74374 24.748 -54.0001 -0.452624 0.555243 -0.697737
-2.79969 23.5515 -54.914 -0.45133 0.553466 -0.699983
-2.80527 22.3141 -55.873 -0.453985 0.542605 -0.706737
-2.7779 21.0017 -56.8735 -0.456851 0.52661 -0.716914
-2.78185 19.7169 -57.8049 -0.456425 0.518877 -0.722802
-2.811 18.402 -58.727 -0.454583 0.516154 -0.725906
-2.78118 17.1534 -59.6264 -0.455268 0.510966 -0.72914
-2.78261 15.9191 -60.4819 -0.456784 0.5053 -0.732134
-2.80023 14.6414 -61.3439 -0.456312 0.497449 -0.737784
-2.82678 13.3489 -62.1944 -0.45659 0.492284 -0.741067
-2.81209 11.9132 -63.1503 -0.457923 0.487196 -0.743603
-2.75648 10.6199 -64.0242 -0.458039 0.481642 -0.747142
-2.56619 9.4232 -64.9064 -0.45483 0.477844 -0.751528
-2.09839 8.30677 -65.8864 -0.451111 0.470367 -0.758455
-1.47416 7.19417 -66.9396 -0.448345 0.465818 -0.762888
-0.727393 6.28699 -67.9254 -0.443434 0.46365 -0.767069
0.184012 5.54716 -68.8949 -0.439052 0.463742 -0.76953
1.24773 4.95104 -69.8561 -0.43608 0.462311 -0.772077
2.40709 4.4731 -70.7948 -0.43393 0.462436 -0.773213
3.72433 4.31484 -71.6265 -0.431663 0.463344 -0.773937
5.11468 4.20368 -72.4665 -0.429535 0.465669 -0.773726
4.41778 3.1525 -72.7111 -0.430997 0.465439 -0.773051
2.9967 2.78312 -72.1387 -0.433022 0.464119 -0.772713
1.56865 2.77131 -71.344 -0.43439 0.463892 -0.772081
0.1523 2.7968 -70.5301 -0.435192 0.464312 -0.771377
-1.33469 2.79886 -69.6885 -0.436561 0.465505 -0.769883
-2.68336 2.77435 -68.9343 -0.439873 0.467074 -0.767042
-4.06975 2.77098 -68.1414 -0.439205 0.470747 -0.765177
-5.38715 2.72715 -67.4071 -0.442783 0.47186 -0.762424
-6.69628 2.73979 -66.6368 -0.443836 0.474114 -0.760411
-8.11215 2.74944 -65.8039 -0.444703 0.47714 -0.758008
-9.51367 2.76358 -64.9688 -0.447095 0.478362 -0.755828
-10.8586 2.74061 -64.1838 -0.450351 0.477518 -0.754428
-12.2679 2.73891 -63.3407 -0.452873 0.475921 -0.753926
-12.2811 3.18063 -63.0541 -0.452904 0.475735 -0.754025
-10.9636 4.0376 -63.3018 -0.450516 0.476374 -0.755052
-9.71919 4.90373 -63.4963 -0.44953 0.476506 -0.755556
-8.75357 6.05023 -63.3492 -0.449142 0.47536 -0.756508
-8.21408 7.42935 -62.7979 -0.448552 0.480118 -0.753847
-8.30229 8.66484 -61.946 -0.450144 0.488623 -0.747407
-8.93494 9.58372 -60.9554 -0.453217 0.493194 -0.742532
-9.86554 10.2427 -59.9472 -0.453995 0.49705 -0.739479
-10.9184 10.9134 -58.8472 -0.454015 0.49965 -0.737713
-11.791 11.6353 -57.811 -0.456922 0.503542 -0.733258
-12.67 12.3434 -56.7782 -0.45514 0.504177 -0.73393
-13.7157 13.0507 -55.6414 -0.454957 0.507743 -0.73158
-14.7701 13.5516 -54.6277 -0.459633 0.512678 -0.725188
-15.9108 14.1113 -53.5107 -0.45513 0.517337 -0.72472
-16.9258 14.5975 -52.5196 -0.455796 0.523845 -0.719608
-17.9135 15.1824 -51.4679 -0.455863 0.524267 -0.719259
-18.9383 15.7186 -50.4255 -0.45677 0.524997 -0.71815
-20.0891 16.1675 -49.3632 -0.461079 0.525599 -0.714949
-21.2947 16.4697 -48.357 -0.463882 0.526402 -0.712541
-22.4446 16.7775 -47.3807 -0.464189 0.526186 -0.7125
-23.6345 17.1342 -46.342 -0.464093 0.525763 -0.712875
-24.9271 17.4144 -45.2935 -0.466713 0.524402 -0.712167
-26.1595 17.6217 -44.3214 -0.475743 0.522485 -0.707586
-27.5305 17.6861 -43.3409 -0.484681 0.520067 -0.703288
-28.8236 17.7221 -42.4224 -0.484611 0.520653 -0.702903
-30.0448 17.7752 -41.5356 -0.488148 0.520643 -0.700459
-31.3142 17.7443 -40.6635 -0.494462 0.517915 -0.698048
-32.6068 17.6263 -39.8346 -0.49555 0.518012 -0.697205
-33.9064 17.4349 -39.0465 -0.503366 0.511802 -0.696191
-35.1944 17.182 -38.2944 -0.507879 0.501439 -0.700441
-36.5374 16.9912 -37.457 -0.508394 0.497917 -0.702577
-37.9629 16.7082 -36.6215 -0.513044 0.497047 -0.699806
-39.3349 16.2997 -35.8952 -0.519614 0.491814 -0.698657
-40.6365 15.8884 -35.2143 -0.521918 0.489944 -0.698253
-41.9947 15.446 -34.4972 -0.53004 0.48637 -0.694623
-43.3217 15.021 -33.7716 -0.540233 0.478254 -0.692399
-44.5828 14.6235 -33.0566 -0.544061 0.474712 -0.691843
-46.023 14.0406 -32.3194 -0.548767 0.468325 -0.692478
-47.3016 13.5249 -31.6457 -0.553711 0.463698 -0.691656
-47.7369 13.9699 -30.9983 -0.55413 0.46259 -0.692062
-47.0468 15.3836 -30.5929 -0.548029 0.471575 -0.690854
-46.3954 16.7068 -30.1978 -0.542638 0.475786 -0.692223
-45.7053 18.01 -29.8371 -0.538403 0.480221 -0.692467
-45.0242 19.3145 -29.4537 -0.535015 0.484732 -0.691949
-44.3333 20.7179 -28.9976 -0.530414 0.491157 -0.69096
-44.0964 21.1743 -28.8533 -0.527912 0.494761 -0.690305
-38.8242 21.5877 -32.4788 -0.509149 0.508259 -0.694579
-37.5858 21.7648 -33.2502 -0.504864 0.510258 -0.696239
-36.1306 22.0951 -34.0594 -0.503935 0.508393 -0.698273
-34.7281 22.3131 -34.9113 -0.503493 0.507158 -0.699489
-33.3731 22.5073 -35.7391 -0.496954 0.50888 -0.702906
-32.0551 22.7075 -36.5051 -0.48356 0.51719 -0.706176
-30.751 22.8545 -37.2947 -0.487228 0.517134 -0.703691
-29.4394 22.9499 -38.1295 -0.482084 0.522906 -0.702968
-28.1456 22.9707 -38.9969 -0.47768 0.526575 -0.703236
-26.8898 22.9222 -39.8834 -0.477234 0.52757 -0.702792
-25.5836 22.9058 -40.779 -0.470276 0.52991 -0.705715
-24.3472 22.8168 -41.662 -0.465337 0.532288 -0.707199
-23.1425 22.6416 -42.5854 -0.465527 0.530129 -0.708695
-21.871 22.4165 -43.5856 -0.463659 0.528861 -0.710863
-20.6507 22.1496 -44.5778 -0.461042 0.528938 -0.712506
-19.4008 21.8795 -45.5829 -0.45854 0.529952 -0.713367
-18.0981 21.5454 -46.6683 -0.459527 0.530289 -0.712481
-16.9191 21.1503 -47.7132 -0.454269 0.531563 -0.714899
-15.8635 20.6951 -48.7197 -0.454992 0.528998 -0.71634
-14.7327 20.1903 -49.8161 -0.459738 0.529291 -0.713086
-13.6717 19.6502 -50.9042 -0.460594 0.529622 -0.712288
-12.6283 19.0888 -51.9939 -0.459144 0.527673 -0.714667
-11.5939 18.571 -53.045 -0.465245 0.52414 -0.713319
-10.581 18.0869 -54.0604 -0.463735 0.522061 -0.715823
-9.58167 17.5236 -55.1066 -0.457051 0.518456 -0.722708
-8.62505 16.8487 -56.1851 -0.455474 0.512948 -0.727618
-8.28211 17.725 -55.78 -0.454899 0.517773 -0.724552
-8.25581 18.9625 -54.9031 -0.457213 0.523936 -0.718643
-8.23687 20.3319 -53.8928 -0.457659 0.537487 -0.708277
-8.25911 21.541 -52.9615 -0.454202 0.540717 -0.708043
-8.21736 22.8285 -51.9972 -0.457289 0.543981 -0.703541
-8.23448 24.0327 -51.0469 -0.455732 0.549117 -0.700556
-8.2106 25.2223 -50.1308 -0.450098 0.552056 -0.701883
-8.19566 26.4696 -49.1394 -0.44 0.57026 -0.693688
-8.23402 27.7275 -48.0796 -0.435651 0.5732 -0.694011
-8.24412 28.8809 -47.1131 -0.432996 0.579448 -0.690474
-8.28799 30.0377 -46.1166 -0.4312 0.575767 -0.694664
-8.32315 31.1841 -45.1426 -0.422988 0.58364 -0.693141
-8.32844 32.3605 -44.1351 -0.416136 0.590926 -0.691112
-8.38926 33.5363 -43.0889 -0.408988 0.60116 -0.686538
-8.40572 34.6988 -42.0451 -0.402175 0.611532 -0.681384
-8.42831 35.8942 -40.9556 -0.400254 0.613857 -0.680424
-8.41238 37.0882 -39.8769 -0.403508 0.620426 -0.672497
-8.44444 38.35 -38.6824 -0.39952 0.625765 -0.669927
-8.51288 39.4776 -37.5786 -0.396217 0.632449 -0.665598
-8.52856 40.5556 -36.5315 -0.392727 0.638935 -0.661459
-8.54902 41.6351 -35.4784 -0.384133 0.642716 -0.662822
-8.59003 42.7027 -34.4061 -0.37081 0.656335 -0.657057
-8.66652 43.8485 -33.2187 -0.368848 0.656591 -0.657905
-8.70828 44.9183 -32.1119 -0.361772 0.668147 -0.650154
-8.73723 46.0178 -30.9526 -0.351573 0.679681 -0.643762
-8.76011 47.0468 -29.8474 -0.347779 0.683919 -0.64133
-8.75134 48.1989 -28.6125 -0.344506 0.690048 -0.636514
-8.76439 49.3031 -27.4102 -0.330002 0.693892 -0.640009
-8.77205 50.4815 -26.1105 -0.323286 0.703241 -0.633197
-8.84383 51.5104 -24.9361 -0.317995 0.703286 -0.63582
-8.8548 52.5393 -23.7892 -0.314014 0.706835 -0.633861
-8.90783 53.5812 -22.5841 -0.307195 0.71583 -0.627071
-8.82707 54.7118 -21.3274 -0.302797 0.720169 -0.624236
-8.78244 55.771 -20.1159 -0.29691 0.726374 -0.619859
-8.72776 56.7557 -18.9854 -0.296154 0.728166 -0.618115
-8.49848 57.7865 -17.873 -0.292886 0.732307 -0.614771
-8.17805 58.8837 -16.7128 -0.293369 0.734891 -0.611449
-7.69888 59.9291 -15.6829 -0.289504 0.734553 -0.613694
-7.2128 61.0063 -14.6229 -0.284297 0.734772 -0.615861
-8.58472 61.0306 -13.9465 -0.293359 0.732444 -0.614383
-9.58485 60.3887 -14.2323 -0.296445 0.731916 -0.61353
-10.3082 59.3163 -15.1662 -0.296591 0.733384 -0.611704
-11.1033 58.2838 -16.0224 -0.299608 0.734294 -0.609136
-12.0394 57.2422 -16.8041 -0.309898 0.730781 -0.608212
-12.9931 56.2495 -17.4895 -0.317248 0.719519 -0.61775
-14.0049 55.1881 -18.1615 -0.339551 0.707634 -0.619645
-14.9903 54.1957 -18.759 -0.338796 0.711851 -0.615212
-16.0438 53.1052 -19.4054 -0.352922 0.696262 -0.625032
-17.0801 52.016 -20.0091 -0.362533 0.687198 -0.629539
-18.1551 50.8694 -20.6124 -0.383222 0.672361 -0.633303
-19.1233 49.8163 -21.1397 -0.387192 0.671897 -0.631377
-20.0904 48.7085 -21.7258 -0.388459 0.66941 -0.633238
-21.1139 47.5749 -22.2669 -0.402863 0.654158 -0.640136
-22.0491 46.5078 -22.7582 -0.412041 0.650448 -0.638071
-23.002 45.331 -23.3229 -0.413788 0.643048 -0.644413
-23.9534 44.1913 -23.8461 -0.412936 0.642164 -0.645839
-24.8367 43.0773 -24.3706 -0.415901 0.626211 -0.659459
-25.755 41.8822 -24.9085 -0.431247 0.617051 -0.658227
-26.6297 40.7086 -25.4009 -0.443628 0.600522 -0.665254
-27.5017 39.5548 -25.8632 -0.437564 0.606724 -0.663644
-28.3452 38.3969 -26.3617 -0.449259 0.600295 -0.661674
-29.2381 37.1511 -26.8684 -0.452434 0.591396 -0.667498
-30.116 35.8986 -27.3671 -0.458507 0.57955 -0.673715
-30.9658 34.6432 -27.8616 -0.462836 0.576012 -0.67379
-31.7574 33.4383 -28.3374 -0.467966 0.569818 -0.675511
-32.5379 32.1924 -28.8368 -0.474528 0.560905 -0.678371
-33.3873 30.8839 -29.3004 -0.478418 0.549765 -0.684743
-34.1771 29.6432 -29.7385 -0.479986 0.545664 -0.686924
-34.9765 28.2831 -30.2485 -0.488864 0.537305 -0.687248
-35.7291 27.0258 -30.6818 -0.493157 0.529489 -0.690245
-36.5355 25.7355 -31.0809 -0.500059 0.51931 -0.693007
-37.2483 24.4453 -31.5283 -0.505393 0.514355 -0.692833
-37.9975 23.1072 -31.9685 -0.507547 0.509204 -0.695059
-38.7053 21.8224 -32.3942 -0.507887 0.508812 -0.695097
-38.7515 21.7398 -32.4207 -0.50915 0.508263 -0.694575
8.62454 66.2192 -11.5487 0.347456 0.922701 -0.167022
8.67501 66.2099 -11.4947 0.347445 0.922707 -0.167013
8.96638 66.1494 -11.1024 0.418153 0.900689 -0.117685
10.2099 65.5436 -10.3325 0.508415 0.859808 -0.0472203
11.3079 64.808 -9.37344 0.615165 0.788284 -0.00696711
12.3287 63.9876 -8.56843 0.655587 0.754024 -0.0402957
13.4304 63.0536 -7.9283 0.665413 0.744934 -0.047945
14.5367 62.0866 -7.48818 0.667527 0.742983 -0.0488385
15.7263 61.0362 -7.2487 0.666806 0.743562 -0.0498484
16.8924 59.994 -7.20519 0.667603 0.743204 -0.044203
18.1287 58.8668 -7.41459 0.671922 0.739508 -0.0406141
19.3567 57.7248 -7.79614 0.67583 0.735904 -0.0412236
20.3906 56.7404 -8.31966 0.679043 0.73243 -0.0494587
21.4923 55.6741 -8.91875 0.681672 0.729743 -0.0528947
22.5275 54.6627 -9.51133 0.681717 0.729412 -0.0567456
23.4943 53.7089 -10.1489 0.683451 0.727884 -0.0554975
24.5097 52.7123 -10.7386 0.686342 0.725578 -0.0495681
25.5014 51.7337 -11.3075 0.689303 0.723514 -0.0372208
26.552 50.7094 -11.8666 0.690711 0.722512 -0.0299157
27.5461 49.7317 -12.4839 0.69401 0.719496 -0.0259691
28.5663 48.7208 -13.0768 0.702526 0.711441 -0.017504
29.6144 47.6672 -13.7088 0.708 0.706133 -0.0105762
30.6041 46.6619 -14.3094 0.714114 0.700012 -0.00501475
31.6822 45.5411 -14.9435 0.725589 0.688126 0.000813814
32.7031 44.4544 -15.5662 0.734613 0.678449 0.00710509
33.6714 43.4005 -16.0967 0.743568 0.668504 0.0144421
34.6166 42.359 -16.682 0.747687 0.66374 0.0203217
35.5674 41.2967 -17.2546 0.754217 0.656195 0.0237519
36.5242 40.2065 -17.7623 0.759353 0.650014 0.0294051
37.4642 39.1313 -18.3426 0.763139 0.645446 0.0319134
38.4154 38.0235 -18.9217 0.772326 0.634331 0.0336095
39.438 36.8074 -19.5013 0.775794 0.629457 0.0439025
40.4091 35.6373 -20.0309 0.78128 0.622269 0.0488095
41.3378 34.5084 -20.6597 0.787567 0.614117 0.0509775
42.2564 33.3652 -21.1861 0.791506 0.609107 0.0500694
43.1386 32.2471 -21.6821 0.797503 0.600629 0.0568705
44.081 31.0304 -22.1978 0.805884 0.58896 0.060636
44.9909 29.8291 -22.7455 0.810552 0.582566 0.0601929
45.8606 28.6598 -23.2682 0.815698 0.575075 0.0626562
46.7125 27.4944 -23.7379 0.819901 0.568913 0.064044
47.6424 26.2028 -24.2905 0.825757 0.560685 0.0612925
48.4793 25.0188 -24.8043 0.828271 0.556558 0.0648923
49.3212 23.8092 -25.3002 0.836685 0.54347 0.0677908
50.1813 22.5302 -25.8226 0.843909 0.532995 0.0610972
50.9667 21.3094 -26.2507 0.853513 0.517658 0.0595328
51.7686 20.0386 -26.7232 0.855447 0.514047 0.062982
52.6348 18.6408 -27.2182 0.863421 0.500634 0.0621663
53.3882 17.3781 -27.6734 0.869625 0.489987 0.0605417
54.1493 16.06 -28.0889 0.873871 0.482958 0.0556836
54.8573 14.8014 -28.5371 0.881087 0.469713 0.0552752
55.5713 13.4887 -28.9089 0.885857 0.461234 0.0502076
56.2524 12.2084 -29.2965 0.889205 0.454862 0.0491464
56.9307 10.9109 -29.7456 0.894294 0.445335 0.0437526
57.5678 9.67176 -30.3074 0.89796 0.438379 0.0386253
58.1781 8.47537 -31.1378 0.901663 0.431119 0.03377
58.7365 7.37187 -32.1345 0.904054 0.426417 0.0292429
59.2366 6.37978 -33.2886 0.905927 0.422712 0.024688
59.6293 5.60524 -34.5778 0.907369 0.419783 0.0215633
59.9682 4.93908 -35.9749 0.908554 0.417291 0.0199242
60.2045 4.49107 -37.4329 0.909133 0.416108 0.0182219
60.356 4.22841 -39.0761 0.90913 0.416202 0.0160643
60.4392 4.09798 -40.6783 0.907871 0.41913 0.0100252
60.9974 2.86324 -39.8317 0.908019 0.418587 0.0168848
60.9753 2.84797 -38.3148 0.90871 0.417066 0.0174075
60.9294 2.8787 -36.6296 0.908259 0.418074 0.0167035
60.9165 2.84297 -35.002 0.907072 0.42066 0.0162621
60.8892 2.8458 -33.4695 0.90628 0.422426 0.0145938
60.8716 2.83425 -31.8468 0.904552 0.42617 0.0128133
60.8581 2.81487 -30.3167 0.901952 0.431582 0.0148131
60.8259 2.83172 -28.7676 0.900611 0.434422 0.0133037
60.7799 2.88053 -27.188 0.899139 0.437507 0.0116871
60.7951 2.81293 -25.6497 0.898128 0.43963 0.0096056
60.7986 2.7795 -24.123 0.897477 0.441019 0.00603868
60.776 2.8109 -22.4756 0.895028 0.446006 0.00203914
60.78 2.79142 -20.8569 0.892001 0.452016 0.0040277
60.4402 3.46997 -21.5644 0.891961 0.452086 0.00491292
59.9985 4.37135 -22.8694 0.893855 0.448233 0.0105417
59.4991 5.39312 -23.8825 0.894118 0.447681 0.0116215
58.8689 6.66676 -24.3837 0.893493 0.448831 0.014794
58.1734 8.03509 -24.2199 0.890575 0.454369 0.0206258
57.5816 9.14305 -23.4198 0.886656 0.46175 0.0250639
57.1072 9.98323 -22.1329 0.884311 0.466147 0.0264592
56.716 10.6401 -20.7951 0.880531 0.473258 0.026321
56.3038 11.3198 -19.3229 0.877977 0.477977 0.0263402
55.8895 11.9897 -17.8247 0.875697 0.482184 0.0255312
55.5005 12.6033 -16.3951 0.870778 0.490652 0.0317119
55.1446 13.1296 -15.0054 0.86599 0.498983 0.0328342
54.804 13.6112 -13.5071 0.863851 0.502461 0.0359887
54.3988 14.1932 -12.0149 0.858364 0.511659 0.0376264
53.9891 14.7696 -10.4718 0.858302 0.511849 0.0364389
53.6437 15.2492 -9.08854 0.856782 0.514651 0.0324655
53.3175 15.6963 -7.69612 0.853167 0.520559 0.0335271
53.0861 15.9756 -6.2046 0.850944 0.524048 0.0356163
52.8687 16.2268 -4.72953 0.850528 0.524674 0.0363136
52.6078 16.5481 -3.26373 0.850698 0.524394 0.0364016
52.3302 16.8921 -1.74285 0.85038 0.524876 0.0368815
52.1299 17.1021 -0.213437 0.850363 0.52379 0.0502743
52.0396 17.0751 1.32067 0.847767 0.525689 0.0702996
51.9142 17.0776 2.93937 0.846229 0.529102 0.0628254
51.8036 17.0671 4.51926 0.846078 0.52932 0.0630243
51.6915 17.0587 6.09936 0.846296 0.529011 0.062693
51.6282 16.9648 7.67677 0.845937 0.528496 0.0712897
51.6599 16.685 9.32937 0.846079 0.527818 0.074545
51.7113 16.3931 10.8187 0.844689 0.529922 0.0753828
51.744 16.1206 12.3661 0.845441 0.528549 0.0765823
51.7614 15.8643 13.9279 0.846036 0.527488 0.0773323
51.827 15.5141 15.4536 0.846292 0.524852 0.0912145
52.019 14.9401 16.9642 0.846187 0.524839 0.0922597
52.2459 14.3192 18.3813 0.846139 0.524125 0.0966521
52.4554 13.706 19.8371 0.844824 0.525342 0.101432
52.6148 13.1638 21.2947 0.844945 0.524391 0.105259
52.7174 12.6968 22.7273 0.846519 0.520372 0.112324
52.8344 12.1818 24.177 0.849281 0.513832 0.121236
52.9534 11.6339 25.601 0.849245 0.511243 0.131961
52.9378 11.2545 27.1382 0.850211 0.508261 0.137157
52.1435 12.7148 26.6412 0.850248 0.509486 0.132293
51.3967 14.0591 26.224 0.847731 0.515144 0.126411
50.6473 15.3828 25.8192 0.846945 0.517563 0.121706
49.9104 16.6866 25.3964 0.847516 0.51801 0.115682
49.0807 18.1252 24.9364 0.842973 0.526735 0.109301
48.3441 19.3868 24.522 0.843398 0.526833 0.105483
47.6009 20.6628 24.0867 0.842816 0.52785 0.105052
46.8298 21.9725 23.6443 0.840092 0.532641 0.102658
46.0624 23.2605 23.2189 0.838191 0.536049 0.100433
45.2746 24.5779 22.7266 0.8362 0.539411 0.0990163
44.5215 25.8121 22.3027 0.831467 0.547117 0.0965657
43.7133 27.1129 21.849 0.8276 0.553481 0.0934449
42.8877 28.4194 21.3557 0.825534 0.557323 0.0887905
42.0636 29.7138 20.8895 0.823684 0.56051 0.0858548
41.2493 30.9732 20.4233 0.819881 0.565927 0.0867338
40.3669 32.309 19.9327 0.813368 0.575509 0.0849828
39.5291 33.5503 19.4646 0.809716 0.581297 0.0803127
38.7178 34.7406 18.9482 0.80597 0.587087 0.0757704
37.8598 35.9784 18.4454 0.802694 0.59158 0.075588
37.0053 37.1944 17.929 0.799152 0.596344 0.0756986
36.159 38.3751 17.4776 0.792676 0.604954 0.0754612
35.3002 39.5463 16.9593 0.785166 0.615176 0.0712225
34.3841 40.7516 16.4547 0.777633 0.625013 0.0681566
33.4593 41.9574 15.923 0.77495 0.628038 0.0708587
32.5833 43.0877 15.393 0.769725 0.634412 0.0710284
31.6641 44.2518 14.8573 0.76275 0.642261 0.0755923
30.7323 45.408 14.3171 0.754503 0.652177 0.0734236
29.7431 46.6031 13.7408 0.750177 0.657796 0.067371
28.7238 47.8196 13.1976 0.747117 0.660867 0.0712088
27.8019 48.9063 12.5824 0.735136 0.674222 0.0707138
26.8685 49.9708 12.0462 0.731657 0.678362 0.0671011
25.8778 51.0713 11.5394 0.722169 0.68865 0.0650576
24.8831 52.1619 10.885 0.717383 0.693849 0.0627294
23.8982 53.2219 10.323 0.710415 0.70096 0.0629747
22.8867 54.2886 9.73079 0.704524 0.706771 0.0641947
21.8267 55.392 9.07791 0.695101 0.716025 0.0643614
20.7962 56.421 8.54703 0.683417 0.727951 0.0550076
19.7225 57.4602 7.95231 0.671939 0.738926 0.0498651
18.6751 58.4395 7.5012 0.672036 0.739274 0.0428852
17.58 59.446 7.27716 0.671217 0.740227 0.0391289
16.3424 60.5713 7.21248 0.671003 0.7406 0.035599
15.1993 61.6074 7.30622 0.675736 0.736438 0.0321341
14.0928 62.62 7.6192 0.68547 0.727159 0.0370242
13.0216 63.6173 8.13092 0.690911 0.722571 0.0230973
11.9313 64.6378 8.84216 0.677521 0.735452 -0.00863779
10.8639 65.5667 9.72882 0.618562 0.78572 -0.0049718
10.8332 65.5871 8.668 0.632906 0.774034 0.0128624
11.0513 65.4703 7.06295 0.66034 0.749109 0.0527843
11.2773 65.3875 5.57958 0.679783 0.730184 0.0685365
11.5085 65.3173 3.98925 0.694652 0.716235 0.0668324
11.7763 65.1848 2.36691 0.716262 0.696321 0.0458899
11.8287 65.1988 0.857923 0.720705 0.693241 -0.000633591
11.7973 65.2018 -0.667138 0.717725 0.695692 -0.0297228
11.6624 65.2271 -2.27334 0.707339 0.703621 -0.0673471
11.4245 65.2784 -3.78602 0.692002 0.715362 -0.0968488
11.051 65.3842 -5.45606 0.660642 0.743128 -0.106058
10.6349 65.5338 -6.94448 0.62977 0.771088 -0.0938747
10.2427 65.6573 -8.52582 0.592648 0.802268 -0.0699535
9.63239 65.9113 -10.0847 0.508351 0.856638 -0.0870085
8.96097 66.1529 -11.0939 0.419196 0.901184 -0.11019
16.249 60.8771 -1.08809 0.678441 0.734383 -0.0200037
16.1744 60.9697 0.390422 0.679155 0.733986 -0.00343238
16.859 60.3342 1.11006 0.681265 0.732007 0.00534715
18.0081 59.262 1.26448 0.682562 0.730812 0.00487353
19.1366 58.2027 1.43875 0.685747 0.727825 0.00462055
20.3093 57.093 1.77859 0.686293 0.727322 0.00242629
21.4 56.0606 2.25736 0.690907 0.722919 0.00596715
22.4246 55.0729 2.80557 0.695813 0.718148 0.0103978
23.5477 53.9683 3.4167 0.69681 0.717028 0.0181091
24.5678 52.9422 3.99833 0.710526 0.703542 0.013467
25.5434 51.9191 4.57885 0.725004 0.688426 0.0204787
26.5523 50.83 5.14788 0.72591 0.687062 0.0315442
27.4971 49.7951 5.76258 0.727683 0.684584 0.0426916
28.4874 48.6976 6.32453 0.736704 0.675012 0.0403168
29.449 47.5809 6.899 0.748107 0.6615 0.0524772
30.3653 46.4891 7.4478 0.753546 0.654258 0.0641425
31.3587 45.2727 7.99968 0.760531 0.646597 0.0592102
32.2953 44.117 8.53407 0.764457 0.64229 0.055396
33.1987 42.9927 9.0435 0.766026 0.640278 0.0569932
34.0995 41.864 9.55551 0.767929 0.637167 0.0655852
34.9765 40.7202 10.1358 0.777901 0.624136 0.0729252
35.8907 39.5109 10.6471 0.781814 0.619147 0.0736294
36.7595 38.35 11.1075 0.788798 0.610471 0.0715746
37.7043 37.0513 11.7096 0.794127 0.603592 0.0709896
38.5913 35.8109 12.2047 0.798674 0.597364 0.0726342
39.4149 34.6456 12.6666 0.803443 0.59115 0.0708633
40.2869 33.372 13.2243 0.808867 0.582978 0.0766191
41.1206 32.1457 13.7136 0.810713 0.580234 0.0779306
41.9709 30.8922 14.1954 0.812255 0.578217 0.07686
42.8388 29.5825 14.6938 0.821236 0.564817 0.0809418
43.658 28.305 15.1415 0.828425 0.552953 0.089188
44.4466 27.0402 15.6017 0.830448 0.549376 0.0924237
45.2713 25.723 16.0534 0.83005 0.550701 0.0880052
46.0292 24.4922 16.5433 0.832755 0.5465 0.0886413
46.8208 23.211 16.9847 0.834653 0.543793 0.0874275
47.6377 21.8481 17.4572 0.842158 0.531444 0.0913017
48.3854 20.5847 17.9004 0.842134 0.531121 0.093379
48.5605 20.4842 16.892 0.842105 0.53116 0.0934274
48.5029 20.8479 15.3324 0.840653 0.533791 0.0914792
48.4812 21.12 13.8276 0.840171 0.536427 0.0797407
48.4884 21.3295 12.3425 0.841442 0.534632 0.0783821
48.4192 21.6685 10.7134 0.840763 0.536761 0.0707547
48.3834 21.9343 9.05663 0.839486 0.539241 0.066942
48.3884 22.1223 7.47001 0.839538 0.539163 0.0669218
48.4716 22.196 5.80424 0.839593 0.539531 0.0631679
48.5658 22.2331 4.19867 0.839204 0.540348 0.0613276
48.6689 22.2522 2.56251 0.839906 0.539766 0.0566375
48.7451 22.2809 1.05114 0.84032 0.539707 0.0507819
48.8617 22.2454 -0.498921 0.839626 0.540752 0.0511345
49.0253 22.1344 -2.04346 0.839586 0.541042 0.0486722
49.3033 21.8319 -3.55148 0.840789 0.53942 0.0458333
49.5514 21.5716 -5.09633 0.840544 0.540197 0.0409148
49.7982 21.2997 -6.62523 0.841347 0.539048 0.0395243
50.0549 21.022 -8.25501 0.844343 0.534062 0.0431575
50.3457 20.6938 -9.85184 0.84448 0.53361 0.0459672
50.7398 20.1979 -11.3467 0.846975 0.529386 0.0488056
51.1497 19.6688 -12.763 0.849491 0.52528 0.0494485
51.5429 19.1538 -14.1596 0.85564 0.515187 0.0496137
51.9344 18.6415 -15.7001 0.856642 0.513931 0.0451572
52.3116 18.1383 -17.1753 0.858165 0.511435 0.0445773
52.6795 17.6457 -18.6087 0.85891 0.509999 0.0466385
53.0829 17.0854 -19.9455 0.859088 0.509729 0.0463073
53.4928 16.5157 -21.3079 0.865284 0.499118 0.0465273
52.9454 17.4315 -21.1644 0.858478 0.510371 0.0503678
52.1402 18.7418 -20.7174 0.857782 0.511745 0.048237
51.3038 20.0769 -20.2236 0.853742 0.518417 0.0486641
50.4511 21.421 -19.6799 0.848689 0.526693 0.0480642
49.6675 22.6157 -19.2191 0.838151 0.543402 0.047077
48.8119 23.8761 -18.7227 0.831354 0.553578 0.0490088
47.9967 25.0485 -18.2077 0.827558 0.55938 0.0473394
47.0904 26.3271 -17.6844 0.823072 0.565754 0.0497424
46.2532 27.4995 -17.1691 0.823144 0.565696 0.0492158
45.4138 28.6714 -16.6872 0.820317 0.569805 0.0490016
44.5497 29.8577 -16.1399 0.814459 0.5783 0.0471758
43.6436 31.0701 -15.6392 0.803794 0.593577 0.039763
42.7742 32.2154 -15.12 0.804516 0.592904 0.0349132
41.802 33.4763 -14.5432 0.794551 0.606319 0.0326363
40.8682 34.663 -13.947 0.791909 0.609737 0.0331772
39.9461 35.8213 -13.3651 0.787934 0.615047 0.0296208
39.0546 36.934 -12.8467 0.782775 0.621749 0.0260923
38.1682 38.0196 -12.2556 0.77609 0.630308 0.0199208
37.1849 39.2035 -11.6548 0.771787 0.635626 0.0179486
36.2614 40.3019 -11.1308 0.7649 0.643949 0.0160627
35.2921 41.4319 -10.5081 0.762679 0.646591 0.0155348
34.361 42.5062 -9.9878 0.75499 0.655656 0.01028
33.4373 43.5589 -9.42114 0.754101 0.656701 0.00869071
32.5044 44.623 -8.81015 0.752729 0.658308 0.00536808
31.5603 45.6728 -8.24125 0.736267 0.676652 0.00638322
30.6025 46.7017 -7.62167 0.727762 0.685828 -0.00148625
29.6481 47.7089 -7.02481 0.723168 0.690672 -0.000665192
28.6674 48.727 -6.45717 0.716267 0.697792 -0.00701154
27.5749 49.8522 -5.86796 0.715144 0.698937 -0.0074233
26.564 50.8923 -5.28295 0.715127 0.698961 -0.00680896
25.5903 51.8955 -4.69324 0.715455 0.698626 -0.00681407
24.5434 52.9667 -3.98714 0.707292 0.706834 -0.0111471
23.5206 53.9902 -3.41732 0.700653 0.713308 -0.0165339
22.3999 55.0884 -2.78456 0.688954 0.724662 -0.0144281
21.3287 56.1055 -2.19992 0.682197 0.730991 -0.0160946
20.2221 57.1522 -1.73327 0.684346 0.728978 -0.0161876
19.0163 58.2937 -1.39179 0.685207 0.728171 -0.0160621
17.8704 59.372 -1.2134 0.682047 0.731177 -0.0138738
16.7311 60.4298 -1.13173 0.679067 0.733875 -0.0171375
16.2897 60.8393 -1.09478 0.678693 0.734151 -0.0199759
55.4047 5.55074 32.1118 0.856159 0.491068 0.160763
55.4329 4.98594 33.6681 0.856132 0.490128 0.163743
55.4147 4.47158 35.2549 0.855036 0.489271 0.171835
55.1929 4.30339 36.8119 0.853213 0.490684 0.176794
54.8707 4.28702 38.396 0.851165 0.493214 0.179605
54.5594 4.27467 39.8911 0.84744 0.498789 0.181812
54.203 4.29942 41.4808 0.844888 0.503277 0.181318
53.8753 4.32896 42.946 0.841482 0.510819 0.175988
53.5378 4.36511 44.4459 0.834272 0.522398 0.176326
53.2233 4.34545 45.9843 0.83172 0.526705 0.175561
52.8724 4.39561 47.5277 0.829694 0.532422 0.167733
52.557 4.39357 49.1079 0.825627 0.539774 0.164266
52.5371 4.06348 50.2966 0.826178 0.540608 0.158659
53.4676 2.89247 49.4191 0.829336 0.5351 0.160841
53.9323 2.62486 47.9062 0.833023 0.528869 0.162388
54.2248 2.64304 46.3318 0.83772 0.521869 0.160863
54.5159 2.64949 44.8107 0.840453 0.515253 0.167787
54.7874 2.69881 43.3069 0.843244 0.510129 0.169434
55.0871 2.73503 41.7175 0.846096 0.504218 0.172874
55.423 2.70753 40.1576 0.849664 0.497655 0.174385
55.7373 2.71093 38.6196 0.852176 0.492967 0.17544
56.0476 2.71871 37.0867 0.853895 0.490508 0.173966
56.3733 2.73961 35.4088 0.855679 0.488861 0.169786
56.6902 2.72067 33.8391 0.856868 0.488729 0.164078
56.9808 2.71128 32.3189 0.858877 0.486873 0.159011
57.2724 2.72819 30.6713 0.858661 0.488476 0.155219
57.5467 2.72692 29.1151 0.85987 0.488941 0.14683
57.3671 3.13754 28.7986 0.860968 0.487471 0.145279
56.7256 3.89111 30.0403 0.86061 0.486195 0.151542
56.0074 4.75836 31.2996 0.858565 0.488108 0.156894
55.4429 5.50551 32.0465 0.856161 0.491062 0.160767
46.7754 24.7981 5.83022 0.832403 0.551247 0.0568485
45.9166 26.0826 5.93881 0.831746 0.55224 0.0568311
45.0776 27.3296 6.03567 0.829163 0.55589 0.0589423
44.1497 28.6944 6.13958 0.826891 0.560162 0.0496948
43.2755 29.9557 6.23002 0.819884 0.570156 0.0520764
42.3726 31.2366 6.31653 0.818235 0.572476 0.0525606
41.4942 32.485 6.39213 0.817897 0.573032 0.0517558
40.5366 33.8317 6.46197 0.81058 0.583262 0.0525928
39.6263 35.0877 6.52091 0.808275 0.586315 0.0540845
38.7031 36.3233 6.57172 0.7948 0.60421 0.0567706
37.785 37.5249 6.61844 0.794477 0.604591 0.0572318
36.7728 38.8492 6.66147 0.794743 0.604457 0.0549026
35.7214 40.175 6.69441 0.77787 0.626877 0.0440927
34.8986 41.1713 6.71179 0.763795 0.643048 0.0557417
27.0708 50.3998 -2.25231 0.718203 0.695815 -0.00504351
28.1637 49.2698 -2.28955 0.719141 0.694864 -0.000389118
29.2417 48.1506 -2.33543 0.72305 0.690795 -0.000634534
30.319 47.0124 -2.38512 0.729104 0.684402 -0.000315064
31.405 45.8202 -2.44627 0.748136 0.663489 0.0086674
32.5097 44.5634 -2.51631 0.753583 0.657289 0.0091304
33.5262 43.3755 -2.5947 0.762136 0.647149 0.0186012
34.5073 42.1962 -2.66952 0.771936 0.635437 0.0182814
35.5166 40.9675 -2.7602 0.774483 0.632283 0.0198454
36.5064 39.7375 -2.85466 0.782621 0.621832 0.0288058
37.4869 38.5054 -2.95441 0.78535 0.61832 0.030085
38.4506 37.278 -3.05611 0.787937 0.615065 0.0291617
39.426 36.03 -3.16208 0.789747 0.612825 0.0272906
40.4296 34.6999 -3.27893 0.803689 0.59444 0.0269265
41.371 33.4308 -3.39107 0.806579 0.590462 0.028013
42.2628 32.2061 -3.50611 0.809503 0.585779 0.0396066
43.2168 30.881 -3.63174 0.817494 0.574188 0.0448569
44.1449 29.5665 -3.75846 0.81817 0.57326 0.0443857
45.0432 28.2935 -3.88398 0.819087 0.571949 0.0443883
45.9359 27.0107 -4.00606 0.824606 0.56393 0.0448242
46.7994 25.7531 -4.12109 0.829024 0.5573 0.0462262
47.6843 24.4105 -4.23792 0.840165 0.540276 0.0471686
47.714 24.3645 -4.24185 0.840134 0.540333 0.0470633
46.5292 26.8695 -14.1411 0.822674 0.567153 0.0393067
47.4196 25.5863 -14.3224 0.826334 0.561794 0.0395006
48.274 24.3213 -14.4836 0.832617 0.552288 0.0415525
49.1607 22.9917 -14.6492 0.835974 0.546952 0.044611
49.884 21.8798 -14.7809 0.843321 0.534857 0.0523208
-11.4957 41.4725 -33.956 -0.376423 0.63903 -0.67078
-12.9046 41.0253 -33.5909 -0.377945 0.630715 -0.677759
-14.4477 40.5257 -33.1895 -0.384205 0.621544 -0.682693
-16.0059 40.0029 -32.7589 -0.406878 0.604575 -0.684791
-17.4814 39.478 -32.3262 -0.419843 0.605515 -0.676079
-18.8924 38.9772 -31.8991 -0.417648 0.604487 -0.678355
-20.2854 38.4769 -31.4849 -0.422361 0.601377 -0.678202
-21.7344 37.9448 -31.0442 -0.425478 0.600332 -0.677179
-23.269 37.3809 -30.5772 -0.429173 0.600523 -0.674672
-24.6419 36.8562 -30.1618 -0.433126 0.596665 -0.675569
-26.1102 36.288 -29.7102 -0.445858 0.589604 -0.673481
-27.4547 35.7626 -29.274 -0.448972 0.587406 -0.673334
-27.6122 35.6999 -29.2237 -0.448972 0.587406 -0.673334
-32.4406 28.1882 -32.0913 -0.476039 0.544703 -0.690424
-30.9702 28.8343 -32.5949 -0.474112 0.544217 -0.692131
-29.5607 29.441 -33.0773 -0.469941 0.543016 -0.695909
-28.1792 30.0379 -33.5302 -0.456413 0.554937 -0.695509
-26.7634 30.6195 -33.9901 -0.453699 0.558836 -0.694161
-25.4225 31.1738 -34.4202 -0.453756 0.559204 -0.693827
-24.0173 31.7332 -34.8821 -0.448756 0.56088 -0.695725
-22.5633 32.302 -35.358 -0.445177 0.566526 -0.693445
-21.0631 32.8723 -35.8335 -0.433619 0.578508 -0.690871
-19.6445 33.4026 -36.277 -0.428874 0.58319 -0.689896
-18.1554 33.9446 -36.7315 -0.426161 0.587766 -0.687691
-16.7292 34.4613 -37.1792 -0.426612 0.590458 -0.685099
-15.3646 34.9433 -37.6021 -0.419358 0.596335 -0.684488
-13.9951 35.4197 -38.0264 -0.418742 0.599582 -0.682024
-12.5087 35.9248 -38.4795 -0.408356 0.60808 -0.680797
-11.3539 36.3162 -38.8163 -0.405843 0.611875 -0.678897
-11.1684 31.1023 -43.4772 -0.424387 0.578643 -0.696468
-12.64 30.6014 -42.9956 -0.425455 0.577549 -0.696725
-14.046 30.1149 -42.5437 -0.421412 0.579286 -0.697739
-15.55 29.5826 -42.0605 -0.432699 0.567796 -0.700271
-16.9626 29.0717 -41.5959 -0.438638 0.562592 -0.700776
-18.35 28.559 -41.1333 -0.444095 0.562475 -0.697425
-19.8837 27.9816 -40.6261 -0.441088 0.560881 -0.70061
-21.233 27.4597 -40.1701 -0.459409 0.551457 -0.696303
-22.561 26.9162 -39.7182 -0.462794 0.543959 -0.699951
-24.007 26.3226 -39.2186 -0.466836 0.540032 -0.700307
-25.3364 25.7547 -38.7656 -0.470598 0.540152 -0.697691
-25.8691 25.5301 -38.5804 -0.469734 0.541596 -0.697154
-16.2482 23.9701 -46.0067 -0.451533 0.541539 -0.709122
-14.8719 24.4642 -46.5004 -0.447356 0.545562 -0.708685
-13.4683 24.9583 -47.0015 -0.444729 0.547072 -0.709174
-12.0153 25.4715 -47.5129 -0.442379 0.552838 -0.706167
-11.0614 25.8011 -47.8517 -0.445576 0.560237 -0.698281
-11.6365 46.5133 -28.8577 -0.345095 0.684481 -0.64218
-13.2042 46.0334 -28.4958 -0.363425 0.672728 -0.644484
-14.6408 45.5735 -28.1523 -0.371832 0.660754 -0.652032
-16.0452 45.1069 -27.7997 -0.387402 0.654298 -0.649471
-17.4953 44.6228 -27.4218 -0.388007 0.655091 -0.64831
-18.9747 44.1101 -27.0339 -0.405163 0.647464 -0.645472
-20.4038 43.6074 -26.6402 -0.407294 0.640823 -0.650736
-21.7708 43.1223 -26.2536 -0.41291 0.627814 -0.659814
-22.1128 42.9982 -26.1577 -0.412658 0.627922 -0.659869
-15.9434 50.1338 -22.671 -0.355648 0.679622 -0.641582
-14.4093 50.6184 -22.9967 -0.350405 0.682671 -0.641231
-12.9859 51.0543 -23.2971 -0.337703 0.691805 -0.63825
-11.7909 51.4057 -23.5454 -0.336413 0.694259 -0.636264
-14.1793 52.7108 21.7027 -0.358375 0.69122 0.62752
-12.7574 53.1595 21.9958 -0.341589 0.704485 0.622108
-11.8066 53.4518 22.1703 -0.330138 0.710093 0.621914
-11.6516 48.6288 27.6665 -0.352683 0.698612 0.62254
-13.1183 48.1776 27.3382 -0.359413 0.691492 0.626627
-14.5161 47.7236 27.0178 -0.374617 0.682893 0.627152
-15.9441 47.2393 26.6665 -0.392648 0.673055 0.626757
-17.4557 46.7048 26.2698 -0.403673 0.669531 0.623519
-18.9336 46.1829 25.8781 -0.404193 0.662733 0.630407
-20.3648 45.6419 25.4765 -0.431155 0.650343 0.625428
-20.504 45.5865 25.4382 -0.431157 0.650346 0.625423
-26.1759 38.3344 28.8028 -0.468915 0.618513 0.630525
-24.8019 38.8923 29.2691 -0.459155 0.627446 0.628879
-23.3644 39.467 29.7371 -0.454268 0.631334 0.628536
-21.9956 40.0168 30.1749 -0.454418 0.636816 0.622872
-20.5171 40.6004 30.6423 -0.437257 0.646418 0.62526
-19.1542 41.113 31.042 -0.422381 0.651769 0.629914
-17.7051 41.6524 31.4541 -0.421586 0.65133 0.6309
-16.2853 42.1515 31.8619 -0.404451 0.656757 0.636467
-14.8479 42.6479 32.2483 -0.39882 0.668034 0.628229
-13.468 43.1222 32.6153 -0.393107 0.675077 0.62429
-12.0185 43.5921 32.9822 -0.37839 0.680144 0.627874
-11.4679 43.7748 33.1179 -0.379962 0.683935 0.622786
-11.2376 38.955 38.5384 -0.417183 0.667775 0.61647
-12.717 38.418 38.1164 -0.416952 0.658943 0.626056
-14.1489 37.9089 37.6944 -0.422066 0.651892 0.629998
-15.5846 37.3865 37.26 -0.426843 0.645573 0.633277
-16.9499 36.8758 36.8415 -0.442096 0.633118 0.635383
-18.4226 36.313 36.3744 -0.44263 0.630842 0.637274
-19.837 35.7655 35.9259 -0.451259 0.623843 0.63811
-21.2421 35.2061 35.4742 -0.453535 0.622663 0.637649
-22.6046 34.6575 35.0397 -0.454283 0.621544 0.638208
-23.9766 34.1104 34.5804 -0.46563 0.615174 0.636199
-25.4174 33.5111 34.0945 -0.472957 0.615402 0.63055
-26.7927 32.936 33.6167 -0.47659 0.613546 0.629621
-28.1593 32.3591 33.1413 -0.479806 0.61068 0.629965
-29.5173 31.7674 32.6481 -0.497775 0.604321 0.622106
-30.8595 31.1591 32.1272 -0.517536 0.590372 0.619368
-31.5343 30.8412 31.8623 -0.521756 0.585487 0.620464
-36.4688 23.1288 34.8219 -0.540683 0.563711 0.624413
-35.1467 23.7942 35.3519 -0.533493 0.562974 0.631225
-33.8445 24.4373 35.8748 -0.529268 0.564037 0.633828
-32.5603 25.0649 36.3797 -0.522585 0.565402 0.638142
-31.2711 25.6761 36.8818 -0.505196 0.5704 0.647627
-29.8673 26.312 37.3936 -0.494925 0.580975 0.646156
-28.5096 26.9109 37.8957 -0.49554 0.581353 0.645345
-27.2073 27.4849 38.3777 -0.493248 0.582489 0.646075
-25.9033 28.063 38.8446 -0.487911 0.584364 0.64843
-24.4555 28.6796 39.376 -0.485436 0.588454 0.646586
-22.9652 29.3238 39.9015 -0.481022 0.59386 0.64494
-21.611 29.8839 40.3762 -0.466082 0.600406 0.649831
-20.2287 30.4313 40.8508 -0.459837 0.605843 0.649234
-18.8371 30.9756 41.3178 -0.458382 0.617816 0.638897
-17.4774 31.5105 41.7604 -0.452502 0.627377 0.633751
-16.1183 32.0416 42.2054 -0.452512 0.627594 0.633529
-14.7191 32.5836 42.6672 -0.452128 0.629408 0.632002
-13.317 33.1314 43.1275 -0.451831 0.629839 0.631784
-11.9096 33.6668 43.5818 -0.442955 0.636123 0.631774
-12.3893 28.3098 48.5362 -0.464064 0.610911 0.64143
-13.7678 27.7762 48.0478 -0.463391 0.611006 0.641826
-15.1348 27.2396 47.5692 -0.466679 0.608577 0.641752
-16.5573 26.6744 47.0565 -0.473446 0.601273 0.643677
-17.9882 26.0947 46.542 -0.474273 0.600342 0.643936
-19.334 25.5465 46.0597 -0.478245 0.596522 0.644549
-20.674 24.9979 45.5713 -0.480647 0.594741 0.644409
-22.059 24.4178 45.0697 -0.483426 0.58913 0.647476
-23.3943 23.853 44.5817 -0.487736 0.587205 0.645991
-24.7519 23.2662 44.0778 -0.495608 0.584614 0.642339
-26.2072 22.6243 43.5382 -0.497001 0.583064 0.642671
-27.5552 22.0277 43.0365 -0.497672 0.580187 0.644752
-28.8686 21.43 42.5535 -0.502287 0.576704 0.644298
-30.2075 20.8198 42.0552 -0.50279 0.576626 0.643976
-31.5205 20.217 41.5647 -0.508447 0.571483 0.644119
-32.266 19.8586 41.2854 -0.5178 0.565358 0.642069
-23.9487 18.3025 49.0947 -0.489434 0.571404 0.65875
-22.6328 18.8509 49.5964 -0.489095 0.570003 0.660214
-21.2468 19.4354 50.1131 -0.482242 0.575014 0.66091
-19.8356 20.0126 50.6378 -0.480731 0.575785 0.661339
-18.5166 20.5487 51.1311 -0.48165 0.575811 0.660648
-17.0803 21.1303 51.6695 -0.480261 0.576645 0.660931
-15.7258 21.6794 52.1735 -0.480082 0.579104 0.658908
-14.3225 22.2304 52.7033 -0.477701 0.583542 0.65672
-12.9941 22.7616 53.194 -0.477196 0.586605 0.654354
-12.4729 22.9688 53.3896 -0.478783 0.587843 0.652079
-11.8879 17.8092 58.3481 -0.488141 0.568445 0.66226
-13.2882 17.259 57.7914 -0.485271 0.57073 0.662404
-14.6106 16.7412 57.2741 -0.482626 0.570111 0.664864
-15.9528 16.2087 56.7553 -0.484068 0.567997 0.665626
-17.2754 15.6835 56.246 -0.482587 0.567399 0.667209
-18.4197 15.2312 55.8037 -0.481643 0.567538 0.667773
-16.8003 10.5122 60.9211 -0.481229 0.556806 0.677042
-15.3973 11.0601 61.4659 -0.47969 0.557063 0.677923
-13.9762 11.6116 62.0177 -0.480649 0.555844 0.678243
-12.6282 12.1257 62.5562 -0.48293 0.554258 0.67792
-11.3046 12.629 63.0875 -0.482372 0.552701 0.679587
-10.903 12.7812 63.2498 -0.48334 0.552294 0.679231
-10.806 12.819 63.288 -0.482755 0.552098 0.679805
