-48.7507 8.40219 39.1704 -0.599062 0.536581 0.594309
-47.9728 9.63611 38.8393 -0.592196 0.537754 0.600104
-47.1247 11.0109 38.4287 -0.585215 0.5421 0.603034
-46.3964 12.2767 37.9924 -0.590272 0.544956 0.595485
-45.668 13.5372 37.5692 -0.586332 0.541783 0.602234
-44.9242 14.8213 37.1356 -0.58103 0.541042 0.608012
-44.1381 16.1868 36.6696 -0.577854 0.546801 0.605883
-43.3949 17.4686 36.2167 -0.57624 0.545869 0.608256
-42.6305 18.7673 35.7598 -0.565709 0.554306 0.610507
-41.879 20.0649 35.2644 -0.562647 0.559839 0.608283
-41.088 21.419 34.7625 -0.565461 0.549673 0.61491
-40.3424 22.7278 34.2814 -0.567654 0.548805 0.613661
-39.5805 23.982 33.8461 -0.559811 0.561814 0.609079
-38.766 25.2026 33.4683 -0.550665 0.564229 0.615154
-37.9665 26.4714 33.01 -0.539757 0.571235 0.618347
-37.1369 27.8111 32.4902 -0.533809 0.574667 0.620327
-36.3271 29.0684 32.0123 -0.527786 0.5783 0.622101
-35.5036 30.2757 31.5827 -0.523079 0.580327 0.624187
-34.6671 31.5443 31.1041 -0.518581 0.580289 0.627959
-33.8665 32.765 30.6243 -0.512587 0.588271 0.625453
-33.0117 34.0322 30.1183 -0.506671 0.598033 0.620999
-32.187 35.2388 29.6264 -0.507606 0.599014 0.619288
-31.2879 36.527 29.1147 -0.50352 0.601055 0.620645
-30.4603 37.6901 28.6404 -0.496542 0.611796 0.615753
-29.5919 38.8819 28.1433 -0.485904 0.61797 0.61807
-28.7379 40.0369 27.6548 -0.481304 0.619015 0.620618
-27.8632 41.2735 27.0852 -0.477609 0.627428 0.614999
-27.0036 42.4315 26.5576 -0.466483 0.63224 0.618599
-26.0659 43.6299 26.0405 -0.461218 0.633057 0.621703
-25.1777 44.7403 25.546 -0.449897 0.643847 0.618913
-24.3112 45.8464 25.0036 -0.438353 0.654452 0.616068
-23.3824 46.9689 24.4645 -0.43682 0.654196 0.617425
-22.455 48.12 23.9044 -0.436463 0.652626 0.619338
-21.5225 49.2207 23.3816 -0.423568 0.661849 0.618503
-20.5112 50.415 22.7839 -0.413178 0.669751 0.617022
-19.5466 51.5171 22.2199 -0.407225 0.675273 0.614956
-18.5646 52.5826 21.6905 -0.390164 0.682316 0.618236
-17.5493 53.6792 21.0981 -0.380692 0.691285 0.614165
-16.559 54.6961 20.5369 -0.368715 0.705833 0.604855
-15.4509 55.8018 19.9173 -0.35826 0.70748 0.609198
-14.446 56.8421 19.2852 -0.348064 0.713988 0.607513
-13.3874 57.8625 18.6736 -0.337836 0.722641 0.603038
-12.4217 58.8365 18.0401 -0.331068 0.725287 0.603614
-11.4638 59.829 17.3666 -0.325361 0.728667 0.602648
-10.3527 60.5927 17.0344 -0.318821 0.731612 0.602576
-9.21427 60.3716 17.8912 -0.310143 0.728645 0.610645
-9.39239 59.2387 19.1533 -0.307066 0.729914 0.610684
-9.50627 58.178 20.3622 -0.308986 0.72691 0.613294
-9.54484 57.1377 21.564 -0.311612 0.721472 0.618366
-9.5281 56.1325 22.7444 -0.31229 0.719582 0.620223
-9.5197 55.1267 23.9173 -0.317581 0.719343 0.617807
-9.48707 54.1278 25.0952 -0.317657 0.71865 0.618576
-9.50449 53.0657 26.3183 -0.324244 0.716016 0.618212
-9.47799 51.9812 27.5708 -0.326383 0.707515 0.626814
-9.48729 50.9475 28.7314 -0.332925 0.708923 0.621763
-9.47821 49.8946 29.9438 -0.337835 0.711341 0.616327
-9.59466 48.8829 31.0381 -0.350237 0.704059 0.617765
-10.0804 47.7675 32.0208 -0.360552 0.695194 0.621858
-10.5467 46.6859 32.9533 -0.366231 0.691003 0.623209
-11.0107 45.589 33.8951 -0.376357 0.688365 0.620088
-11.4316 44.4999 34.8463 -0.387182 0.687847 0.613968
-11.8588 43.3427 35.8663 -0.393839 0.680136 0.618309
-12.2501 42.1018 36.9742 -0.396021 0.675856 0.621599
-12.5912 40.9909 37.9595 -0.404083 0.67202 0.620569
-12.9053 39.7916 39.0315 -0.414948 0.661928 0.624235
-13.1503 38.69 40.0372 -0.421843 0.658852 0.622866
-13.3683 37.5562 41.0779 -0.431128 0.651806 0.623921
-13.4837 36.4675 42.1239 -0.437854 0.644123 0.627206
-13.6913 35.323 43.1486 -0.443876 0.640341 0.626847
-13.8451 34.1776 44.198 -0.446231 0.635543 0.63005
-13.906 33.0637 45.2728 -0.455717 0.628186 0.630637
-13.9496 31.8169 46.4717 -0.45962 0.621767 0.634157
-14.0157 30.6788 47.5266 -0.466605 0.611633 0.638893
-13.9776 29.5141 48.6662 -0.469201 0.608152 0.640314
-13.9386 28.3371 49.8088 -0.468595 0.60685 0.641991
-13.9337 27.1705 50.9032 -0.468611 0.60047 0.64795
-13.9625 25.9462 52.0143 -0.47458 0.594358 0.64924
-13.9804 24.8138 53.0259 -0.477645 0.587235 0.653461
-13.8426 23.6891 54.137 -0.478052 0.587078 0.653303
-13.6988 22.6018 55.2179 -0.482091 0.580901 0.655847
-13.5074 21.4636 56.3565 -0.488227 0.572933 0.658318
-13.3008 20.4026 57.4334 -0.489307 0.572432 0.657952
-13.0874 19.2005 58.6296 -0.488856 0.568077 0.662049
-12.8691 18.0792 59.7503 -0.48639 0.566179 0.665482
-12.6096 16.9787 60.8658 -0.486796 0.561488 0.669149
-12.3676 15.9309 61.9212 -0.487941 0.560585 0.669072
-12.1249 14.8517 62.9931 -0.485044 0.556326 0.67471
-11.7682 13.8217 64.0947 -0.483286 0.553939 0.677927
-11.4651 12.72 65.2054 -0.481718 0.552033 0.680593
-11.1555 11.6445 66.2967 -0.481702 0.551156 0.681315
-10.9004 10.5858 67.3289 -0.479084 0.549836 0.684221
-11.9542 9.60067 67.385 -0.477717 0.550122 0.684947
-13.1845 8.75924 67.2043 -0.477281 0.552741 0.68314
-14.4744 8.29699 66.6772 -0.476775 0.553044 0.683248
-15.7905 8.27932 65.7708 -0.478227 0.55401 0.681448
-17.0724 8.27361 64.8728 -0.480417 0.554929 0.679156
-18.3187 8.24088 64.0158 -0.481506 0.555283 0.678095
-19.5767 8.24159 63.122 -0.481394 0.555445 0.678042
-20.7917 8.2602 62.2424 -0.482663 0.555527 0.677071
-22.0394 8.24641 61.3597 -0.484784 0.556048 0.675126
-23.3344 8.23027 60.4394 -0.486935 0.556482 0.673218
-24.6367 8.18548 59.5292 -0.490879 0.557017 0.669903
-25.9214 8.1742 58.5943 -0.491337 0.559085 0.667841
-27.1447 8.22445 57.6444 -0.495148 0.561257 0.663189
-28.4782 8.20773 56.66 -0.497433 0.560958 0.66173
-29.7502 8.20747 55.702 -0.498429 0.560732 0.661171
-31.068 8.20688 54.6983 -0.505573 0.559448 0.65682
-32.2678 8.21809 53.7545 -0.511849 0.55794 0.653233
-33.5669 8.23631 52.7056 -0.519345 0.555128 0.649703
-34.8631 8.2261 51.6773 -0.520963 0.555174 0.648365
-36.0517 8.27875 50.6653 -0.526617 0.552989 0.64566
-37.3692 8.26303 49.603 -0.531562 0.548544 0.645395
-38.5161 8.28444 48.625 -0.538724 0.546947 0.6408
-39.6829 8.31284 47.6147 -0.544297 0.546042 0.636851
-40.8799 8.28929 46.5942 -0.552178 0.545463 0.63053
-42.1064 8.31288 45.4887 -0.560206 0.544263 0.624456
-43.3346 8.32583 44.3698 -0.56292 0.544824 0.62152
-44.4714 8.33632 43.3205 -0.567497 0.545449 0.616792
-45.7108 8.32918 42.1798 -0.57392 0.545369 0.610892
-46.8196 8.38335 41.0821 -0.578787 0.542934 0.608464
-48.0006 8.36115 39.9596 -0.591895 0.538705 0.599548
-48.7492 8.38796 39.1848 -0.598541 0.537702 0.593823
-51.4162 2.8094 41.5381 -0.602248 0.539935 0.588018
-52.464 2.82908 40.4361 -0.611089 0.537503 0.581086
-53.5586 2.84946 39.2527 -0.617257 0.535765 0.576151
-54.5727 2.86283 38.1377 -0.627728 0.531464 0.568774
-55.6474 2.89704 36.8852 -0.642511 0.524265 0.558859
-56.6355 2.90837 35.7245 -0.650752 0.518825 0.554383
-57.6081 2.89421 34.5823 -0.658413 0.513869 0.549937
-58.5876 2.91495 33.3822 -0.661945 0.513463 0.546063
-59.5493 2.89799 32.2238 -0.665757 0.513264 0.541597
-60.6122 2.91175 30.8964 -0.669337 0.5133 0.537131
-61.62 2.8883 29.6479 -0.673514 0.515409 0.529841
-62.5878 2.88807 28.4062 -0.677066 0.518284 0.522459
-63.5994 2.85676 27.1219 -0.67756 0.519662 0.520445
-64.5773 2.85816 25.8478 -0.67583 0.521827 0.520528
-65.59 2.86512 24.5183 -0.674542 0.530919 0.51295
-66.5078 2.8762 23.2984 -0.674076 0.53598 0.508277
-67.4669 2.82884 22.0623 -0.675547 0.545584 0.495958
-68.409 2.80627 20.7711 -0.681568 0.551686 0.480735
-69.2935 2.78923 19.5128 -0.677889 0.579748 0.452057
-70.1396 2.73904 18.2193 -0.700433 0.588724 0.403482
-70.796 2.89177 16.8645 -0.690315 0.598701 0.406227
-71.1555 3.39982 15.4322 -0.693382 0.620833 0.365729
-71.473 3.91865 13.9174 -0.689367 0.635581 0.347464
-71.4004 4.37382 13.1734 -0.723362 0.626721 0.289605
-70.7418 4.33611 14.6052 -0.693708 0.62395 0.359799
-69.9657 4.27594 16.1977 -0.706225 0.603712 0.369835
-69.2412 4.2868 17.5113 -0.710046 0.584362 0.392881
-68.4294 4.252 18.9853 -0.704831 0.564727 0.429297
-67.6334 4.17031 20.3045 -0.687233 0.553037 0.47098
-66.6622 4.18354 21.6741 -0.687672 0.542429 0.482575
-65.7712 4.13512 22.9511 -0.678906 0.532941 0.505034
-64.8386 4.12422 24.2092 -0.680004 0.527879 0.50886
-63.8918 4.12624 25.4613 -0.677875 0.525377 0.514261
-62.9287 4.08762 26.7657 -0.678412 0.520673 0.51832
-61.9924 4.10089 27.9759 -0.677101 0.518181 0.522515
-61.0598 4.10303 29.176 -0.674657 0.516414 0.527404
-60.0209 4.18449 30.4151 -0.669911 0.515783 0.534028
-58.9153 4.53647 31.4499 -0.664955 0.515032 0.540904
-57.7625 5.03939 32.3804 -0.662108 0.513856 0.545495
-56.631 5.76313 33.0617 -0.657304 0.516637 0.548669
-55.48 6.67569 33.5581 -0.644697 0.520652 0.559721
-54.303 7.80889 33.8478 -0.637424 0.522512 0.566278
-53.1853 9.06403 33.935 -0.628595 0.527286 0.571696
-52.2359 10.273 33.8495 -0.620158 0.53135 0.577123
-51.4581 11.5268 33.5229 -0.614886 0.534254 0.580076
-50.7083 12.8526 33.1073 -0.617422 0.527149 0.583869
-49.9579 14.2287 32.6537 -0.61415 0.530306 0.584461
-49.2035 15.5824 32.2104 -0.608634 0.532678 0.588063
-48.492 16.8447 31.8028 -0.604364 0.531977 0.593081
-47.7475 18.1708 31.3652 -0.597408 0.538235 0.594479
-47.0152 19.4843 30.8997 -0.591638 0.544218 0.594804
-46.2933 20.7352 30.4758 -0.587386 0.544592 0.598662
-45.5347 21.9922 30.0735 -0.579781 0.546822 0.604019
-44.7736 23.3281 29.6011 -0.57868 0.542162 0.609253
-44.0139 24.6737 29.1157 -0.570455 0.546667 0.612972
-43.1713 26.0465 28.6776 -0.56765 0.545425 0.616673
-42.428 27.294 28.2401 -0.560673 0.552875 0.61642
-41.602 28.626 27.7846 -0.555518 0.561364 0.613406
-40.7194 30.0298 27.2807 -0.546901 0.569218 0.613913
-39.9398 31.2702 26.8166 -0.544251 0.572167 0.613527
-39.1351 32.4902 26.3869 -0.540514 0.574639 0.614519
-38.3498 33.7455 25.8928 -0.53345 0.58299 0.612824
-37.5516 34.9575 25.4202 -0.524358 0.590555 0.613427
-36.7257 36.1528 24.9725 -0.522414 0.591976 0.613717
-35.8206 37.5267 24.4063 -0.515097 0.599341 0.612747
-34.9328 38.7699 23.9226 -0.508401 0.607329 0.610474
-34.0687 40.0059 23.4046 -0.504849 0.611813 0.608943
-33.2159 41.1888 22.9127 -0.499228 0.618587 0.606731
-32.2911 42.4233 22.4037 -0.492058 0.626241 0.604732
-31.4349 43.6046 21.8675 -0.486092 0.631912 0.603657
-30.5523 44.7274 21.3988 -0.484345 0.634566 0.602276
-29.6666 45.8589 20.9047 -0.479129 0.642897 0.597594
-28.7708 47.0377 20.3443 -0.473061 0.645633 0.599476
-27.8875 48.1609 19.8259 -0.467859 0.649591 0.599278
-26.9702 49.304 19.2915 -0.461889 0.655397 0.597589
-26.0012 50.4692 18.7548 -0.458646 0.658477 0.5967
-25.059 51.589 18.228 -0.455539 0.66812 0.588303
-24.0556 52.7828 17.6499 -0.454924 0.671041 0.585437
-23.1047 53.8751 17.1005 -0.440228 0.689184 0.575521
-22.1487 54.9233 16.5501 -0.431342 0.699375 0.569929
-21.1717 55.9845 15.9836 -0.434263 0.703029 0.563175
-20.1247 57.1043 15.3716 -0.418295 0.711442 0.564694
-19.0891 58.1551 14.7959 -0.409136 0.721078 0.559155
-18.0724 59.1849 14.2184 -0.408471 0.716622 0.565334
-17.0297 60.2426 13.6103 -0.391315 0.727786 0.563204
-16.0692 61.281 12.8916 -0.365373 0.738621 0.566516
-15.1789 62.3994 12.0067 -0.357557 0.738895 0.571128
-14.472 63.4226 11.1243 -0.352505 0.739866 0.573009
-13.9362 64.4673 10.1038 -0.354225 0.74017 0.571553
-13.1312 65.26 9.57433 -0.357819 0.741989 0.566935
-11.8275 65.1901 10.489 -0.363824 0.733665 0.573901
-10.5687 65.1353 11.3464 -0.359714 0.72857 0.582907
-9.27201 65.103 12.1693 -0.34954 0.719887 0.599654
-7.87093 65.1076 12.9523 -0.335414 0.719084 0.608618
-6.47467 65.1261 13.6459 -0.298541 0.723249 0.622712
-5.10305 65.1302 14.2743 -0.28427 0.722798 0.629883
-3.583 65.1616 14.9033 -0.268309 0.731064 0.627338
-2.11739 65.2425 15.4311 -0.265631 0.735743 0.622994
-0.896668 65.1395 16.0733 -0.265754 0.741371 0.616233
-1.71048 64.0655 17.0144 -0.271118 0.743434 0.611384
-2.37486 62.9513 18.0693 -0.280064 0.74273 0.608203
-2.81603 61.9178 19.1153 -0.287441 0.737813 0.610745
-3.06427 60.8814 20.2435 -0.289303 0.734191 0.614221
-3.22057 59.8067 21.4475 -0.287065 0.730524 0.619619
-3.23823 58.7901 22.6305 -0.281191 0.727669 0.625643
-3.25511 57.8001 23.7735 -0.275375 0.726102 0.630027
-3.25373 56.793 24.9324 -0.272596 0.727745 0.629348
-3.22913 55.8065 26.0899 -0.272599 0.731672 0.624774
-3.23045 54.7922 27.2896 -0.27713 0.73666 0.616872
-3.21053 53.7847 28.515 -0.284275 0.743303 0.605548
-3.20346 52.7666 29.7809 -0.293311 0.746984 0.596644
-3.22298 51.7543 31.0434 -0.305762 0.74468 0.593263
-3.21446 50.806 32.2546 -0.320612 0.747858 0.581305
-3.3149 49.8371 33.4336 -0.332326 0.7413 0.583124
-3.91513 48.7699 34.4288 -0.347195 0.733219 0.584675
-4.47643 47.6771 35.4542 -0.360548 0.728279 0.582765
-4.94994 46.5893 36.4927 -0.379822 0.713509 0.588739
-5.43221 45.5182 37.4706 -0.384588 0.711374 0.588251
-5.92417 44.336 38.5641 -0.387773 0.703694 0.595352
-6.35868 43.1453 39.6822 -0.402081 0.697123 0.593582
-6.72858 41.9847 40.7749 -0.411487 0.687998 0.597777
-7.03708 40.8766 41.8233 -0.4207 0.679918 0.600602
-7.29727 39.8015 42.8502 -0.425708 0.674565 0.603104
-7.50836 38.7328 43.8848 -0.430277 0.668111 0.607034
-7.68292 37.6644 44.9244 -0.436132 0.659163 0.612611
-7.87294 36.5356 45.9969 -0.440548 0.655902 0.612952
-7.97266 35.4576 47.0664 -0.444584 0.649208 0.617149
-8.10273 34.301 48.1861 -0.448044 0.645979 0.618035
-8.14613 33.1897 49.3005 -0.452225 0.636752 0.624531
-8.18995 32.0865 50.3806 -0.458906 0.628098 0.628408
-8.18076 30.9994 51.4706 -0.460937 0.625752 0.629262
-8.2087 29.8896 52.5388 -0.464737 0.614176 0.637811
-8.22261 28.7717 53.5976 -0.473834 0.609585 0.635521
-8.2129 27.6931 54.6389 -0.480015 0.606159 0.634158
-8.11636 26.5733 55.7692 -0.485325 0.595192 0.640474
-7.98251 25.4902 56.8688 -0.486239 0.589926 0.644638
-7.87416 24.3626 57.9737 -0.490093 0.582694 0.648288
-7.69999 23.2981 59.0575 -0.489966 0.579745 0.651021
-7.4804 22.2486 60.1491 -0.492685 0.570444 0.657158
-7.3211 21.1804 61.1912 -0.493462 0.567315 0.659279
-7.05577 20.0285 62.3725 -0.495488 0.561715 0.662547
-6.76117 18.9278 63.5179 -0.494941 0.556785 0.667101
-6.5139 17.8384 64.6029 -0.495183 0.551721 0.671117
-6.13716 16.7103 65.7977 -0.493333 0.547901 0.675594
-5.84387 15.6323 66.8823 -0.492761 0.545169 0.678215
-5.57223 14.5597 67.9353 -0.492688 0.541201 0.681439
-5.23112 13.5056 69.015 -0.492214 0.538706 0.683755
-4.88069 12.4508 70.0937 -0.490556 0.537086 0.686217
-4.53693 11.2915 71.2413 -0.489928 0.533901 0.689144
-4.18949 10.1762 72.349 -0.486311 0.534366 0.691343
-5.21083 9.10125 72.4687 -0.481727 0.537079 0.692449
-6.43386 8.12114 72.3845 -0.477322 0.540797 0.692606
-7.61637 7.1823 72.3072 -0.473495 0.544911 0.692007
-8.8449 6.25421 72.2012 -0.471328 0.546975 0.691859
-10.1339 5.36179 72.0304 -0.470692 0.548794 0.690851
-11.4994 4.37533 71.8854 -0.470531 0.550807 0.689356
-12.7808 3.55865 71.664 -0.470204 0.55217 0.688489
-14.1678 2.86705 71.2711 -0.470958 0.554452 0.686135
-15.4938 2.83054 70.388 -0.472975 0.554277 0.684888
-16.7947 2.79263 69.5173 -0.474886 0.554205 0.683622
-18.1004 2.79364 68.6075 -0.475993 0.554254 0.682812
-19.3873 2.76812 67.7293 -0.478264 0.55495 0.680657
-20.627 2.77724 66.8493 -0.479 0.555489 0.679699
-21.9198 2.79142 65.9239 -0.480784 0.556068 0.677963
-23.1679 2.79951 65.0305 -0.482089 0.556182 0.676943
-24.4161 2.79783 64.1411 -0.483052 0.556765 0.675776
-25.6504 2.78717 63.2654 -0.484775 0.557207 0.674176
-26.9017 2.77097 62.3769 -0.486531 0.557355 0.672787
-28.1554 2.77406 61.4627 -0.489513 0.557309 0.670659
-29.4356 2.79074 60.5075 -0.494986 0.558877 0.665316
-30.7543 2.74858 59.5521 -0.500658 0.559453 0.660571
-31.9695 2.73461 58.6391 -0.503719 0.559079 0.658557
-33.1593 2.76762 57.6846 -0.512358 0.558611 0.652261
-34.4051 2.75815 56.7095 -0.518047 0.558302 0.648017
-35.6556 2.77942 55.6803 -0.524979 0.554518 0.645681
-36.9353 2.78302 54.6289 -0.531197 0.549921 0.644528
-38.1516 2.82143 53.5896 -0.534307 0.549134 0.642626
-39.376 2.82523 52.5666 -0.535361 0.548332 0.642434
-40.6801 2.83215 51.4614 -0.543629 0.549176 0.634723
-41.8777 2.80889 50.4506 -0.546636 0.548732 0.632521
-43.1023 2.83101 49.358 -0.556363 0.545931 0.626434
-44.2888 2.81543 48.3117 -0.558891 0.547087 0.623167
-45.5081 2.79132 47.2352 -0.564011 0.543928 0.621316
-46.6282 2.82411 46.1801 -0.570388 0.54454 0.614926
-47.8309 2.83302 45.0436 -0.57766 0.54258 0.609848
-48.9524 2.86194 43.942 -0.585959 0.53725 0.606642
-50.053 2.8219 42.9077 -0.594867 0.536151 0.598895
-51.2395 2.80348 41.7245 -0.603055 0.538406 0.588595
-51.2503 2.80385 41.7131 -0.603047 0.538409 0.5886
-71.6396 4.27707 -13.3876 -0.7495 0.618648 -0.235638
-71.5298 4.36304 -13.511 -0.749493 0.618657 -0.235633
-71.422 4.36789 -13.8122 -0.750951 0.607345 -0.259054
-71.3321 3.79881 -15.1142 -0.735383 0.57272 -0.362221
-71.0418 3.19786 -16.5924 -0.718495 0.564045 -0.406961
-70.5199 2.83001 -17.9676 -0.707428 0.553786 -0.439166
-69.6188 2.87863 -19.3027 -0.705586 0.531954 -0.468159
-68.6361 2.94693 -20.6235 -0.67737 0.525311 -0.514956
-67.6643 2.95901 -21.8058 -0.653859 0.510715 -0.558247
-66.5911 2.93847 -23.0558 -0.654118 0.487846 -0.578045
-65.5029 2.94026 -24.261 -0.65353 0.476405 -0.588163
-64.4506 2.94707 -25.3969 -0.64443 0.467749 -0.604914
-63.3783 2.98128 -26.4938 -0.64165 0.454773 -0.61763
-62.3067 3.00424 -27.5672 -0.630261 0.452336 -0.631001
-61.1773 2.96426 -28.7055 -0.623672 0.444583 -0.642943
-59.9118 3.03251 -29.8692 -0.613873 0.444212 -0.652561
-58.7927 3.03274 -30.9146 -0.610654 0.439615 -0.658664
-57.6197 2.99673 -32.0156 -0.604881 0.439209 -0.66424
-56.43 3.0202 -33.0744 -0.599449 0.440803 -0.668096
-55.2444 3.01154 -34.1341 -0.591619 0.442372 -0.674012
-54.116 2.99116 -35.1321 -0.588872 0.441698 -0.676855
-53.3888 3.13983 -35.6677 -0.587166 0.44358 -0.677106
-54.1419 3.95663 -34.4801 -0.589379 0.441426 -0.676591
-54.7835 4.958 -33.2637 -0.592376 0.441278 -0.674066
-55.393 5.61862 -32.2977 -0.594353 0.437616 -0.674712
-56.6339 4.89677 -31.6609 -0.602962 0.434983 -0.66875
-57.8695 4.34567 -30.8968 -0.609378 0.435895 -0.662309
-59.1867 4.01483 -29.8894 -0.614131 0.438613 -0.656096
-60.3029 3.97661 -28.8563 -0.622451 0.440139 -0.647172
-61.4446 3.99048 -27.732 -0.630824 0.443212 -0.636887
-62.5969 3.96262 -26.5921 -0.644605 0.443921 -0.62243
-63.6231 3.98759 -25.4891 -0.655245 0.449356 -0.607234
-64.653 4.0181 -24.3388 -0.656247 0.46727 -0.592451
-65.6898 4.04825 -23.1577 -0.661159 0.473385 -0.582027
-66.7664 4.07457 -21.8813 -0.668318 0.486039 -0.563123
-67.7982 4.09956 -20.594 -0.693495 0.489087 -0.528944
-68.6252 4.1777 -19.3111 -0.706628 0.53273 -0.465649
-69.4071 4.21031 -18.0314 -0.71086 0.551746 -0.436174
-70.2158 4.22005 -16.6153 -0.715057 0.568712 -0.406522
-70.9393 4.25344 -15.1859 -0.736795 0.574695 -0.356138
-71.3847 4.33622 -13.9982 -0.755341 0.600919 -0.261346
-50.7227 10.7266 -32.9668 -0.564129 0.453093 -0.690265
-49.3431 11.2372 -33.758 -0.56283 0.456247 -0.689247
-48.0946 11.7281 -34.4471 -0.556886 0.459576 -0.691858
-46.8307 12.1872 -35.154 -0.552538 0.461456 -0.694089
-45.501 12.5537 -35.9566 -0.545627 0.464595 -0.697454
-44.0803 12.9758 -36.7781 -0.541199 0.467222 -0.699147
-42.6695 13.4057 -37.575 -0.533187 0.475206 -0.699922
-41.3129 13.86 -38.2982 -0.532493 0.480267 -0.69699
-40.0412 14.1887 -39.0285 -0.519722 0.488933 -0.700594
-38.7638 14.4223 -39.8102 -0.51771 0.490926 -0.700691
-37.3425 14.625 -40.7146 -0.516015 0.492279 -0.700992
-35.9912 14.8071 -41.5806 -0.5147 0.495384 -0.69977
-34.7059 15.0041 -42.3759 -0.505891 0.499543 -0.703229
-33.4332 15.1116 -43.2121 -0.503539 0.503763 -0.701905
-32.075 15.1124 -44.1841 -0.501921 0.504117 -0.70281
-30.7797 15.0448 -45.1473 -0.493376 0.510312 -0.704386
-29.4545 14.9989 -46.1018 -0.489641 0.509529 -0.707553
-28.1595 14.9019 -47.0582 -0.48231 0.513948 -0.70939
-26.8319 14.7681 -48.0537 -0.479649 0.513584 -0.711454
-25.655 14.4864 -49.0447 -0.472392 0.516408 -0.714256
-24.4873 14.1741 -50.0364 -0.470005 0.515524 -0.71647
-23.3263 13.857 -51.0268 -0.470846 0.515441 -0.715978
-22.1686 13.5561 -52.003 -0.468912 0.515996 -0.716847
-21.0012 13.2151 -53.0042 -0.464404 0.514115 -0.72112
-19.8503 12.7355 -54.0822 -0.461762 0.512692 -0.723825
-18.7445 12.1649 -55.1813 -0.459376 0.509848 -0.727344
-17.6873 11.684 -56.1844 -0.460008 0.505637 -0.729879
-16.5585 11.1782 -57.2414 -0.459824 0.501147 -0.733085
-15.5328 10.6539 -58.2455 -0.461945 0.500313 -0.732321
-14.5545 10.0907 -59.2475 -0.461112 0.49945 -0.733432
-13.6779 9.35763 -60.2877 -0.454661 0.495398 -0.740178
-13.1579 8.25402 -61.3383 -0.453513 0.490153 -0.744363
-13.2966 6.90562 -62.1278 -0.451795 0.481495 -0.751028
-13.9983 5.63216 -62.5185 -0.453147 0.479065 -0.751767
-15.1748 4.59636 -62.4707 -0.451803 0.479765 -0.75213
-16.4941 3.88964 -62.1257 -0.455736 0.478874 -0.750323
-17.8062 3.22567 -61.7349 -0.466965 0.477988 -0.743956
-17.0722 2.97248 -62.3565 -0.464462 0.477998 -0.745515
-15.7087 2.99989 -63.1692 -0.451744 0.480019 -0.752003
-14.4078 2.99217 -63.9551 -0.451543 0.479937 -0.752177
-13.0994 2.98402 -64.7456 -0.452275 0.477881 -0.753045
-11.7477 2.97497 -65.5639 -0.451723 0.477508 -0.753613
-10.3898 2.97949 -66.374 -0.449896 0.477979 -0.754407
-9.05248 2.96103 -67.1784 -0.446418 0.476443 -0.757438
-7.66018 2.94656 -68.0023 -0.442909 0.47275 -0.761799
-6.24192 2.95425 -68.8176 -0.440666 0.471001 -0.76418
-4.78619 2.94624 -69.6569 -0.437543 0.469966 -0.766608
-3.41658 2.94172 -70.4422 -0.438719 0.466936 -0.767786
-2.06073 2.96436 -71.1992 -0.435579 0.465169 -0.770641
-0.654582 3.01678 -71.9601 -0.434353 0.464398 -0.771798
0.880263 3.12646 -72.7564 -0.433566 0.463349 -0.77287
2.03968 4.34918 -72.6739 -0.432052 0.462396 -0.774287
0.865831 4.81614 -71.7375 -0.434599 0.461693 -0.773281
-0.122934 5.48592 -70.7792 -0.437248 0.462322 -0.77141
-1.1162 6.32169 -69.71 -0.440753 0.463337 -0.768801
-1.83848 7.30827 -68.6972 -0.444202 0.46542 -0.765551
-2.39849 8.37409 -67.7202 -0.446941 0.467281 -0.762818
-2.77587 9.5678 -66.7628 -0.449224 0.470656 -0.759395
-2.99636 10.7938 -65.8553 -0.45267 0.48168 -0.750382
-3.00478 12.1928 -64.944 -0.456386 0.487013 -0.744668
-3.03212 13.5703 -64.0202 -0.455511 0.492051 -0.741886
-3.00647 14.9019 -63.1487 -0.457676 0.494352 -0.739019
-2.98956 16.3032 -62.211 -0.45804 0.501167 -0.734187
-3.01915 17.588 -61.3102 -0.458018 0.504729 -0.731756
-2.96775 18.9747 -60.3728 -0.458532 0.514652 -0.724488
-3.00173 20.1886 -59.4788 -0.459625 0.521408 -0.718943
-3.0275 21.4861 -58.5175 -0.458159 0.527703 -0.715276
-2.99149 22.7428 -57.6016 -0.458254 0.534426 -0.710206
-2.96117 23.9777 -56.6821 -0.456148 0.545794 -0.702878
-2.96058 25.1791 -55.7415 -0.454154 0.550597 -0.700419
-2.96186 26.5029 -54.6911 -0.45388 0.556358 -0.696031
-2.95681 27.6776 -53.7453 -0.44932 0.56593 -0.691256
-2.98386 28.8566 -52.7558 -0.44894 0.569571 -0.688507
-2.98524 30.052 -51.7597 -0.44693 0.577375 -0.683294
-2.97573 31.2165 -50.7718 -0.442203 0.583953 -0.680776
-3.02006 32.3398 -49.7693 -0.441546 0.592089 -0.674139
-3.04984 33.4531 -48.7654 -0.437859 0.596252 -0.672875
-3.0027 34.605 -47.7739 -0.431218 0.599135 -0.674602
-3.02336 35.7568 -46.7137 -0.424256 0.613587 -0.665971
-3.05701 36.9465 -45.5946 -0.420985 0.617415 -0.664501
-3.06154 38.0756 -44.5336 -0.415304 0.621953 -0.663851
-3.09678 39.1723 -43.4761 -0.4089 0.630642 -0.659614
-3.07911 40.3394 -42.3561 -0.403722 0.638539 -0.655192
-3.10229 41.4447 -41.2564 -0.396322 0.645948 -0.652434
-3.07467 42.5976 -40.1144 -0.390652 0.65534 -0.646465
-3.0687 43.6861 -39.0011 -0.381012 0.665555 -0.641768
-3.11643 44.7655 -37.8396 -0.368774 0.678547 -0.635279
-3.14497 45.7893 -36.7253 -0.362727 0.683351 -0.633608
-3.13369 46.8502 -35.5763 -0.350885 0.695245 -0.627307
-3.18745 47.914 -34.3626 -0.3436 0.699564 -0.626537
-3.16413 48.9442 -33.2082 -0.331857 0.709497 -0.62168
-3.20616 50.0539 -31.9151 -0.323035 0.715715 -0.619193
-3.1783 51.1145 -30.7018 -0.314386 0.719225 -0.619578
-3.20328 52.1107 -29.5307 -0.308919 0.722171 -0.618898
-3.20691 53.0916 -28.3854 -0.303652 0.723102 -0.620417
-3.226 54.0915 -27.2092 -0.298096 0.726177 -0.619521
-3.25616 55.1056 -26.0049 -0.295716 0.726845 -0.619877
-3.25496 56.11 -24.8244 -0.291438 0.729433 -0.618863
-3.20624 57.1671 -23.5938 -0.288818 0.734137 -0.614513
-3.22379 58.1896 -22.3546 -0.290056 0.736646 -0.610917
-3.21459 59.2371 -21.0914 -0.289275 0.738625 -0.608895
-3.03579 60.3132 -19.8631 -0.287294 0.741972 -0.605755
-2.68819 61.3523 -18.7486 -0.286442 0.744557 -0.60298
-2.10651 62.4322 -17.6833 -0.278302 0.75055 -0.599352
-1.45627 63.4543 -16.7433 -0.27713 0.736332 -0.617256
-0.555099 64.5198 -15.8849 -0.286883 0.736763 -0.612274
-0.228633 65.258 -15.1452 -0.288217 0.737562 -0.610675
-1.69056 65.2198 -14.5627 -0.259692 0.730341 -0.631793
-3.10761 65.1676 -14.0471 -0.260043 0.722854 -0.640203
-4.53188 65.1543 -13.4769 -0.26698 0.718666 -0.642059
-5.94773 65.0941 -12.9443 -0.283571 0.708574 -0.646151
-7.41032 65.0481 -12.3338 -0.305128 0.710013 -0.634648
-8.7695 65.0702 -11.6151 -0.331828 0.716302 -0.613841
-10.0606 65.1252 -10.8226 -0.353995 0.721714 -0.594825
-11.3151 65.1948 -9.98898 -0.352201 0.728642 -0.587398
-12.7102 65.2422 -9.08649 -0.348821 0.737703 -0.578029
-13.5913 64.7495 -9.20693 -0.331439 0.744963 -0.578946
-14.0222 63.6384 -10.3947 -0.32666 0.74507 -0.581519
-14.6319 62.5756 -11.4096 -0.326399 0.742149 -0.585387
-15.4078 61.5521 -12.2584 -0.336755 0.736539 -0.586605
-16.3179 60.4632 -13.0789 -0.359288 0.724642 -0.588053
-17.2927 59.4795 -13.6872 -0.369376 0.724327 -0.582161
-18.346 58.4227 -14.3184 -0.381291 0.719433 -0.58054
-19.3375 57.4011 -14.9227 -0.385789 0.719044 -0.578038
-20.3424 56.3881 -15.4926 -0.398442 0.708328 -0.582678
-21.3316 55.3795 -16.0386 -0.402946 0.705958 -0.582454
-22.3598 54.2552 -16.6705 -0.401339 0.689971 -0.602385
-23.4364 53.136 -17.228 -0.404672 0.685278 -0.605502
-24.4034 52.0344 -17.8267 -0.406916 0.686233 -0.602912
-25.4036 50.9576 -18.3568 -0.417936 0.675993 -0.606929
-26.3609 49.8864 -18.8817 -0.420899 0.669664 -0.611878
-27.3539 48.7233 -19.4531 -0.428482 0.657849 -0.619381
-28.2596 47.6288 -19.9788 -0.427365 0.651794 -0.626517
-29.1999 46.4699 -20.5301 -0.429267 0.643358 -0.633893
-30.1305 45.2804 -21.0884 -0.43336 0.630476 -0.643971
-31.0748 44.0618 -21.6319 -0.43744 0.620694 -0.650681
-31.9364 42.9137 -22.1402 -0.441744 0.615105 -0.653072
-32.8749 41.7312 -22.6035 -0.443969 0.608061 -0.658143
-33.7571 40.4857 -23.1422 -0.448118 0.596602 -0.665773
-34.5808 39.3022 -23.6438 -0.448488 0.592476 -0.669201
-35.4089 38.1346 -24.1052 -0.454207 0.581241 -0.675171
-36.2326 36.9538 -24.5595 -0.458927 0.574998 -0.677321
-37.0849 35.6988 -25.0396 -0.461736 0.568122 -0.681203
-37.9323 34.3955 -25.5261 -0.476351 0.557973 -0.679526
-38.7204 33.1627 -25.9826 -0.478458 0.554156 -0.681167
-39.5063 31.8982 -26.4462 -0.487088 0.545105 -0.682351
-40.2503 30.648 -26.8971 -0.495364 0.533291 -0.685722
-41.0487 29.2969 -27.365 -0.500556 0.528759 -0.685461
-41.8416 27.9305 -27.826 -0.509791 0.51824 -0.68668
-42.6365 26.4967 -28.3053 -0.512855 0.510526 -0.690176
-43.4141 25.1865 -28.6853 -0.5153 0.50375 -0.693327
-44.1483 23.8289 -29.1249 -0.516372 0.501263 -0.69433
-44.8806 22.4709 -29.5581 -0.51949 0.499134 -0.693538
-45.5952 21.1062 -29.9896 -0.52816 0.489233 -0.694044
-46.3012 19.6876 -30.446 -0.531807 0.485749 -0.693707
-46.9954 18.3988 -30.8061 -0.53969 0.479868 -0.691709
-47.7286 16.9307 -31.238 -0.545658 0.47159 -0.692719
-48.393 15.5607 -31.6427 -0.549498 0.467405 -0.692521
-49.0665 14.2389 -31.9931 -0.554831 0.461893 -0.691967
-49.701 12.9112 -32.3624 -0.559527 0.45555 -0.69239
-50.3302 11.5348 -32.7566 -0.562126 0.453995 -0.691305
-50.6225 10.8788 -32.9487 -0.564129 0.453094 -0.690264
-41.028 19.388 -34.6757 -0.524238 0.490164 -0.696357
-40.3982 20.8102 -34.1315 -0.518036 0.501522 -0.692898
-39.6543 22.1308 -33.7204 -0.511457 0.508397 -0.692778
-38.94 23.4982 -33.2423 -0.510043 0.510326 -0.692404
-38.1653 24.8755 -32.7945 -0.504688 0.51223 -0.694917
-37.4273 26.1206 -32.3979 -0.49991 0.518388 -0.693804
-36.6644 27.4385 -31.9448 -0.492022 0.530502 -0.690275
-35.9221 28.6824 -31.5106 -0.490189 0.533785 -0.689049
-35.1411 29.982 -31.0367 -0.478061 0.5478 -0.686566
-34.3778 31.2684 -30.5402 -0.475955 0.55044 -0.685917
-33.5795 32.5196 -30.0797 -0.468253 0.55681 -0.686077
-32.7899 33.7465 -29.62 -0.467341 0.560698 -0.683527
-31.9457 34.9734 -29.171 -0.46042 0.573903 -0.677236
-31.1146 36.2171 -28.6809 -0.460301 0.574728 -0.676618
-30.2178 37.4793 -28.2036 -0.453855 0.584681 -0.672431
-29.3615 38.678 -27.7344 -0.454476 0.586643 -0.670299
-28.5167 39.9072 -27.215 -0.447719 0.599262 -0.663637
-27.6469 41.0655 -26.7451 -0.442706 0.60161 -0.664888
-26.7493 42.2191 -26.2746 -0.429077 0.613861 -0.662621
-25.8273 43.4315 -25.7349 -0.424905 0.617967 -0.661492
-24.8778 44.6767 -25.1807 -0.426372 0.622067 -0.656688
-23.9643 45.8402 -24.6596 -0.423128 0.627617 -0.653498
-23.0789 46.9614 -24.1208 -0.409137 0.648249 -0.642168
-22.1188 48.0912 -23.5905 -0.409668 0.649874 -0.640184
-21.1698 49.16 -23.0816 -0.395146 0.662157 -0.636711
-20.1978 50.2369 -22.529 -0.378194 0.67372 -0.634876
-19.1922 51.3132 -21.9666 -0.373941 0.687841 -0.622127
-18.1769 52.3765 -21.3963 -0.369779 0.690571 -0.621591
-17.1784 53.4047 -20.8465 -0.365784 0.693549 -0.620621
-16.1284 54.5335 -20.1876 -0.347864 0.697386 -0.626594
-15.0724 55.5583 -19.6134 -0.339367 0.706965 -0.620509
-14.0439 56.5738 -19.0086 -0.334674 0.711255 -0.618149
-13.0795 57.5594 -18.3818 -0.316343 0.717019 -0.621124
-12.048 58.583 -17.6991 -0.3044 0.727034 -0.615436
-11.0866 59.5784 -16.9884 -0.297267 0.731442 -0.613698
-10.1476 60.5037 -16.3341 -0.297172 0.732122 -0.612932
-9.05776 60.2942 -17.11 -0.295316 0.731862 -0.614139
-9.32977 59.2339 -18.2418 -0.294673 0.7312 -0.615236
-9.45044 58.1675 -19.4495 -0.29439 0.730408 -0.61631
-9.51191 57.1034 -20.6765 -0.295614 0.726987 -0.61976
-9.49687 56.0246 -21.939 -0.295633 0.722383 -0.625112
-9.50516 54.9567 -23.1617 -0.300768 0.71961 -0.625859
-9.53065 53.9104 -24.3392 -0.307264 0.711395 -0.632065
-9.51483 52.8495 -25.536 -0.315491 0.706521 -0.633475
-9.43912 51.7579 -26.7851 -0.325469 0.700582 -0.635021
-9.46365 50.6161 -28.0332 -0.331731 0.69937 -0.633117
-9.41614 49.6075 -29.1635 -0.346427 0.68911 -0.636487
-9.41186 48.4998 -30.3525 -0.352386 0.681428 -0.641466
-9.3557 47.4395 -31.511 -0.355608 0.680515 -0.640657
-9.33668 46.3928 -32.6306 -0.359062 0.676467 -0.643014
-9.31282 45.2764 -33.8067 -0.363864 0.668671 -0.648445
-9.26709 44.1414 -34.9843 -0.368612 0.656868 -0.65776
-9.20202 43.0202 -36.1314 -0.376188 0.649284 -0.660992
-9.19846 41.8326 -37.2828 -0.382701 0.641418 -0.664923
-9.13713 40.7659 -38.3335 -0.389814 0.631975 -0.669816
-9.05649 39.6349 -39.443 -0.395749 0.626233 -0.671726
-9.05859 38.4721 -40.5205 -0.402658 0.621956 -0.671593
-9.04737 37.2876 -41.6208 -0.403998 0.617341 -0.675037
-9.04079 36.0825 -42.7129 -0.408484 0.610091 -0.678918
-9.03336 34.8898 -43.7783 -0.411812 0.597331 -0.688187
-8.9727 33.7199 -44.8194 -0.420353 0.59117 -0.688347
-8.96547 32.4417 -45.9174 -0.429541 0.582934 -0.689688
-8.91685 31.2687 -46.9209 -0.432373 0.576119 -0.693642
-8.80869 30.038 -48.019 -0.435046 0.579536 -0.68911
-8.81117 28.8555 -49.0058 -0.43844 0.573173 -0.692271
-8.79744 27.6502 -50.0076 -0.437856 0.571552 -0.693981
-8.76431 26.4175 -51.0356 -0.445481 0.56255 -0.696471
-8.80233 25.211 -51.9597 -0.4541 0.547518 -0.702863
-8.83765 23.9988 -52.8825 -0.455561 0.547528 -0.70191
-8.84126 22.7751 -53.8268 -0.455635 0.540964 -0.706933
-8.84114 21.5466 -54.7645 -0.455131 0.540113 -0.707908
-8.87543 20.1781 -55.7703 -0.450912 0.531631 -0.716971
-8.86993 18.9072 -56.7117 -0.451345 0.524472 -0.721953
-8.84889 17.6918 -57.5987 -0.453027 0.517548 -0.725886
-8.85578 16.3904 -58.5069 -0.455346 0.506082 -0.732489
-8.87578 15.0461 -59.4184 -0.457373 0.502306 -0.733825
-9.20322 14.1896 -59.7996 -0.456641 0.5001 -0.735783
-10.1241 14.9384 -58.7168 -0.455608 0.501497 -0.735474
-11.1445 15.6119 -57.6184 -0.462236 0.503392 -0.730015
-12.2193 16.201 -56.5235 -0.464102 0.505061 -0.727683
-13.2753 16.7026 -55.4993 -0.46601 0.512862 -0.720977
-14.3155 17.1488 -54.5063 -0.465409 0.51738 -0.718132
-15.4464 17.6065 -53.4439 -0.467356 0.515569 -0.718169
-16.5279 18.0811 -52.401 -0.464945 0.516584 -0.719004
-17.588 18.5401 -51.3883 -0.46185 0.520125 -0.718446
-18.7242 18.9016 -50.3998 -0.461435 0.520132 -0.718708
-19.9014 19.2296 -49.397 -0.470444 0.518071 -0.71434
-21.1067 19.5449 -48.3714 -0.468445 0.522539 -0.712399
-22.2572 19.8934 -47.3604 -0.467176 0.5224 -0.713334
-23.443 20.1511 -46.4009 -0.463732 0.5207 -0.716815
-24.6563 20.3499 -45.4646 -0.469997 0.517452 -0.715085
-25.9091 20.4771 -44.5458 -0.474064 0.512487 -0.715975
-27.1174 20.5967 -43.6553 -0.47852 0.517344 -0.709485
-28.3678 20.6639 -42.7482 -0.486014 0.515436 -0.705774
-29.5694 20.7693 -41.8487 -0.484722 0.512198 -0.709012
-30.9341 20.7546 -40.9175 -0.489709 0.512581 -0.705299
-32.3362 20.6998 -39.9827 -0.491522 0.510977 -0.705202
-33.6678 20.5773 -39.1353 -0.497225 0.505484 -0.705162
-35.0547 20.4077 -38.2788 -0.497572 0.505657 -0.704794
-36.4835 20.2349 -37.3901 -0.500262 0.505593 -0.702933
-37.8462 20.0752 -36.5344 -0.502433 0.502739 -0.703431
-39.1654 19.8406 -35.7446 -0.514627 0.494894 -0.70016
-40.4951 19.5313 -34.9748 -0.521054 0.492968 -0.696767
-40.9943 19.4006 -34.6922 -0.523667 0.490406 -0.696616
13.1229 65.3453 -7.72707 0.668735 0.74265 -0.0355672
14.3695 64.2474 -7.3231 0.669106 0.741686 -0.0465666
15.5175 63.2413 -7.06065 0.662933 0.747255 -0.0460665
16.7399 62.1649 -6.9546 0.660967 0.74953 -0.0364409
17.9474 61.0889 -7.06674 0.664883 0.746244 -0.0324137
19.0424 60.0918 -7.39251 0.669481 0.74217 -0.0312669
20.0792 59.1291 -7.88924 0.675383 0.736504 -0.0376156
21.1539 58.0968 -8.52591 0.68185 0.730244 -0.0427154
22.2229 57.064 -9.11832 0.683271 0.728623 -0.0473893
23.2169 56.0868 -9.67976 0.684013 0.727645 -0.0515511
24.2299 55.0909 -10.2636 0.685443 0.726408 -0.0499818
25.2551 54.0888 -10.8449 0.683999 0.727993 -0.0466047
26.2906 53.0841 -11.4407 0.681787 0.730496 -0.0392573
27.2861 52.1222 -12.056 0.684538 0.728241 -0.0327358
28.3462 51.0978 -12.6704 0.688927 0.72441 -0.0246601
29.3506 50.1192 -13.2747 0.696171 0.717659 -0.0175805
30.4348 49.0403 -13.8954 0.707003 0.707148 -0.00939009
31.5184 47.9432 -14.5214 0.713818 0.700319 -0.00400329
32.6136 46.8135 -15.2208 0.721772 0.692117 0.00446436
33.6157 45.7627 -15.749 0.72994 0.68346 0.00812467
34.6195 44.6892 -16.3807 0.736476 0.676302 0.0147895
35.5695 43.6535 -16.9246 0.744487 0.667395 0.0179813
36.5684 42.5518 -17.5721 0.749232 0.662008 0.0199317
37.5081 41.4896 -18.1038 0.757295 0.652616 0.0243591
38.4643 40.3916 -18.6065 0.763598 0.644871 0.0325398
39.39 39.3142 -19.1397 0.769102 0.637909 0.0394296
40.3957 38.1264 -19.6979 0.775056 0.630408 0.0432844
41.3207 37.0218 -20.2359 0.779242 0.62492 0.0475041
42.2162 35.9383 -20.7803 0.784589 0.618117 0.0484964
43.2134 34.7104 -21.481 0.793177 0.606748 0.0522207
44.1931 33.471 -22.0649 0.796545 0.601852 0.0573402
45.1843 32.1989 -22.6055 0.804819 0.589941 0.0650855
46.0738 31.0285 -23.1437 0.809321 0.584056 0.0622688
46.9815 29.8097 -23.6762 0.81687 0.573673 0.0601824
47.8214 28.6587 -24.1561 0.818587 0.570518 0.066516
48.6688 27.4943 -24.6924 0.822914 0.564216 0.0668851
49.6456 26.1204 -25.2164 0.827051 0.557653 0.070763
50.5411 24.8258 -25.7331 0.835514 0.545415 0.0666026
51.3402 23.6455 -26.2274 0.841621 0.536166 0.0647873
52.1302 22.4397 -26.7058 0.849864 0.522971 0.0650562
52.9455 21.1685 -27.1658 0.851845 0.519224 0.0690258
53.7251 19.9312 -27.5899 0.859239 0.507357 0.0654082
54.5254 18.5999 -28.0785 0.869989 0.489351 0.0604455
55.3258 17.213 -28.5256 0.873887 0.482938 0.0556094
56.0451 15.9449 -28.9571 0.879025 0.473788 0.0532939
56.7571 14.6566 -29.384 0.884405 0.464236 0.0480887
57.4591 13.3433 -29.7521 0.887559 0.458158 0.0482786
58.1674 11.9859 -30.2026 0.893673 0.446889 0.0404824
58.8737 10.5938 -30.6742 0.898201 0.438126 0.0357782
59.5167 9.31395 -31.3087 0.900944 0.432816 0.0311311
60.1121 8.11899 -32.1174 0.903197 0.428368 0.0271165
60.6698 6.99576 -33.1878 0.905179 0.424395 0.0232144
61.1216 6.08465 -34.3559 0.907467 0.419581 0.0213563
61.5219 5.28006 -35.6736 0.908432 0.417595 0.0191152
61.8221 4.683 -37.0147 0.909477 0.415398 0.0171807
62.1835 3.92763 -37.8752 0.909178 0.416079 0.0165566
62.5616 3.06075 -36.8108 0.908357 0.41793 0.0148755
62.53 3.07416 -35.1821 0.907119 0.42065 0.0137516
62.5179 3.05536 -33.6593 0.90607 0.422984 0.0110077
62.505 3.04218 -32.0466 0.904719 0.425897 0.00974223
62.4837 3.05594 -30.5458 0.902098 0.431453 0.00818627
62.4678 3.05772 -28.9101 0.901184 0.433376 0.0072312
62.4768 3.00813 -27.3051 0.899654 0.436513 0.00892404
62.459 3.02083 -25.7751 0.898345 0.43925 0.00600246
62.4455 3.02559 -24.2161 0.895797 0.444417 0.00637817
62.4309 3.03684 -22.6541 0.894096 0.447857 0.00403935
62.4357 3.00895 -21.1348 0.891862 0.452259 0.00667849
62.4374 2.9818 -19.4985 0.890793 0.454382 0.00499521
62.4205 2.99938 -17.9031 0.88951 0.456897 0.00410695
62.4194 2.9885 -16.3332 0.888317 0.459212 0.00423122
62.2484 3.3122 -15.5271 0.888512 0.458835 0.00411021
61.9428 3.91702 -16.8986 0.888752 0.458363 0.00492598
61.5731 4.65466 -18.1746 0.889408 0.457052 0.00759036
61.0396 5.71193 -19.1752 0.889371 0.457093 0.00922376
60.3529 7.0534 -19.5313 0.888147 0.459395 0.0123069
59.6099 8.45881 -19.0938 0.884531 0.466243 0.0149433
59.044 9.4805 -18.0121 0.878634 0.477042 0.0207944
58.6272 10.1787 -16.545 0.877151 0.479534 0.0255294
58.2783 10.7263 -15.0379 0.875104 0.483084 0.028678
57.9402 11.2464 -13.5715 0.872042 0.488589 0.0286752
57.6233 11.7316 -12.1714 0.870802 0.490736 0.0297088
57.2958 12.2131 -10.6353 0.864632 0.501427 0.0313233
56.9936 12.6452 -9.22304 0.861534 0.506652 0.0325797
56.7018 13.0346 -7.76201 0.859756 0.509107 0.0403667
56.4628 13.3194 -6.28653 0.859565 0.509462 0.0399552
56.27 13.5331 -4.81257 0.858826 0.51093 0.0370067
56.0513 13.7899 -3.28677 0.858643 0.51121 0.0373747
55.8001 14.0838 -1.64198 0.857682 0.512506 0.0414507
55.6165 14.2638 -0.148335 0.85877 0.510055 0.0485524
55.4838 14.3185 1.47795 0.856407 0.512892 0.0592433
55.3634 14.3154 3.19422 0.855398 0.514396 0.060748
55.2538 14.3184 4.75114 0.853372 0.51785 0.0598791
55.1428 14.3183 6.25678 0.851346 0.520455 0.0658503
55.0563 14.2607 7.81334 0.851382 0.520199 0.0673858
55.0785 14.0054 9.48336 0.851801 0.51926 0.0693093
55.135 13.7062 10.9602 0.852926 0.51674 0.0741428
55.1712 13.4277 12.4632 0.852492 0.517129 0.0763879
55.1823 13.1698 14.0403 0.853871 0.514085 0.0813451
55.2003 12.8821 15.5785 0.853736 0.513145 0.0884154
55.3124 12.4102 17.1798 0.852647 0.514296 0.0921582
55.4598 11.9119 18.6002 0.852483 0.514444 0.0928443
55.6005 11.4147 20.0183 0.852332 0.513331 0.100101
55.7055 10.9523 21.4572 0.853241 0.511143 0.103503
55.7855 10.5107 22.9649 0.854651 0.508556 0.104608
55.9236 9.94094 24.4954 0.858834 0.498848 0.116425
56.1927 9.13934 25.8889 0.856741 0.499762 0.127407
56.6998 8.01963 26.815 0.859971 0.492705 0.133011
57.465 6.60731 27.0644 0.861952 0.488431 0.13592
58.2347 5.38032 26.5724 0.86316 0.487042 0.133213
58.933 4.42049 25.5043 0.866805 0.483944 0.120187
59.469 3.76438 24.243 0.867753 0.483556 0.114799
59.9787 3.1717 22.8879 0.86768 0.484182 0.112688
59.986 2.96308 23.7171 0.866628 0.485522 0.114995
59.7652 2.98288 25.2918 0.866196 0.485538 0.118121
59.5585 2.96063 26.8184 0.863652 0.487942 0.126564
59.3532 2.91807 28.3462 0.860058 0.492428 0.133472
59.0822 2.91845 30.0157 0.858668 0.492428 0.142138
58.8002 2.95905 31.5347 0.858551 0.490037 0.150842
58.5456 2.92918 33.0415 0.858382 0.487916 0.158486
58.2404 2.94648 34.5869 0.856545 0.487655 0.168885
57.9398 2.94973 36.0699 0.854719 0.488958 0.174286
57.599 2.98269 37.6391 0.853304 0.490921 0.175696
57.2994 2.96953 39.1343 0.851683 0.494183 0.174411
57.014 2.9357 40.6334 0.849791 0.49823 0.172109
56.7079 2.93235 42.1545 0.846422 0.504337 0.170922
56.424 2.88977 43.6872 0.843589 0.509242 0.170386
56.1429 2.8644 45.1612 0.840488 0.515067 0.16818
55.7662 3.00251 46.6101 0.836976 0.520572 0.168751
54.9269 4.0281 47.6019 0.834096 0.525024 0.1692
55.1336 4.18493 46.0975 0.835275 0.522678 0.170657
55.4688 4.15501 44.573 0.836329 0.519059 0.176419
55.815 4.10908 43.0626 0.842635 0.508232 0.177953
56.1628 4.06239 41.5337 0.846386 0.503023 0.174924
56.4845 4.04183 40.0522 0.848219 0.498592 0.178687
56.8153 4.04197 38.4729 0.851679 0.492795 0.178314
57.1153 4.09589 36.8924 0.854361 0.488232 0.178036
57.2253 4.47281 35.3187 0.855521 0.487494 0.174449
57.1883 5.03089 33.9063 0.858108 0.485707 0.166548
57.0265 5.79383 32.4754 0.858196 0.490394 0.1517
56.7807 6.59908 31.2325 0.858365 0.49186 0.145882
56.377 7.63719 30.103 0.858495 0.491964 0.144772
55.8975 8.73957 29.1984 0.856898 0.494368 0.146034
55.3348 9.91966 28.463 0.852573 0.502591 0.143252
54.6311 11.2882 27.8028 0.851668 0.505968 0.136591
53.9322 12.5683 27.4114 0.85233 0.5059 0.132659
53.2206 13.8648 27.0333 0.852386 0.506365 0.130512
52.4851 15.2098 26.5594 0.84929 0.512765 0.125611
51.7774 16.4777 26.1399 0.848484 0.514795 0.122722
51.0413 17.7811 25.7552 0.846374 0.518915 0.119906
50.2854 19.0908 25.3389 0.841793 0.527779 0.113284
49.5151 20.4084 24.8928 0.842589 0.52803 0.105961
48.7215 21.7635 24.4435 0.842538 0.528649 0.103245
47.9762 23.0105 24.0711 0.839092 0.534211 0.102679
47.2072 24.2934 23.6519 0.83672 0.538098 0.101735
46.466 25.5327 23.1747 0.83568 0.54 0.100192
45.6821 26.8193 22.7013 0.830753 0.548444 0.095174
44.9037 28.069 22.2696 0.829816 0.550211 0.0931324
44.1364 29.2935 21.8296 0.825527 0.557371 0.088548
43.2962 30.608 21.3158 0.822127 0.562557 0.0873905
42.482 31.8643 20.8688 0.821162 0.563995 0.0871893
41.6411 33.1582 20.3745 0.817023 0.570303 0.0850161
40.7966 34.4179 19.9055 0.808511 0.582925 0.0806742
39.8912 35.7352 19.3543 0.804413 0.588865 0.0784756
38.9988 37.0186 18.8575 0.803767 0.589618 0.0794166
38.1739 38.1877 18.3952 0.794985 0.602192 0.0732025
37.2307 39.4855 17.8034 0.787931 0.611316 0.0738684
36.3737 40.6444 17.3233 0.784361 0.615929 0.0735477
35.4326 41.8959 16.7844 0.780769 0.620946 0.0694577
34.514 43.1029 16.2634 0.777397 0.625228 0.0688733
33.647 44.2217 15.7186 0.766953 0.637922 0.0695497
32.7176 45.3836 15.213 0.762224 0.643422 0.0708752
31.7488 46.5912 14.6375 0.757973 0.64784 0.0760116
30.817 47.7337 14.0373 0.746484 0.661038 0.0760934
29.8725 48.8476 13.5335 0.739404 0.668895 0.0765299
28.8941 49.9791 12.9654 0.731206 0.677779 0.0771544
27.9532 51.0526 12.3558 0.724874 0.684664 0.0761126
26.9641 52.148 11.8389 0.71825 0.692022 0.0722684
26.0227 53.1751 11.2665 0.709009 0.700884 0.0778944
25.0278 54.2354 10.7014 0.702843 0.707602 0.0728525
24.0306 55.2753 10.1568 0.69881 0.711775 0.0710045
23.01 56.3303 9.56673 0.694303 0.716124 0.0714831
22.011 57.3519 8.95132 0.691232 0.719678 0.0652893
20.9581 58.3828 8.37212 0.678439 0.732958 0.0499255
19.8876 59.4009 7.75952 0.66834 0.742662 0.0421374
18.6904 60.503 7.29379 0.669163 0.742367 0.0333414
17.5037 61.587 7.00887 0.669561 0.742171 0.0294808
16.3831 62.607 6.97263 0.67637 0.736032 0.0277358
15.2715 63.6357 7.06639 0.682853 0.729688 0.0355827
14.1201 64.7067 7.38347 0.686654 0.72638 0.0295795
13.6372 65.1978 6.5864 0.685897 0.726738 0.0372882
13.7951 65.1482 4.98112 0.69128 0.720605 0.0534776
13.9584 65.1021 3.37027 0.696986 0.715705 0.0444567
14.0807 65.062 1.85247 0.708445 0.705068 0.0313859
14.1528 65.0135 0.192707 0.70949 0.70471 -0.00276259
14.094 65.0307 -1.42656 0.714962 0.698229 -0.035759
13.9058 65.1078 -2.98583 0.706159 0.705047 -0.0648053
13.6862 65.1619 -4.50343 0.689281 0.719866 -0.0817552
13.3834 65.2626 -6.07866 0.673418 0.733974 -0.0881851
13.1359 65.3388 -7.61973 0.666403 0.744311 -0.0429519
18.9095 60.4358 -0.568217 0.679824 0.733288 -0.0112987
19.1764 60.1995 0.71992 0.680646 0.732604 -0.00344494
20.3374 59.1223 1.08242 0.680066 0.733141 0.00391827
21.404 58.1322 1.48107 0.678726 0.734382 0.00385372
22.4427 57.1698 1.98873 0.678742 0.73436 0.00498724
23.5094 56.1677 2.61983 0.68543 0.728051 0.0108905
24.5585 55.1321 3.19252 0.701532 0.712182 0.0254894
25.6319 54.0574 3.85717 0.696681 0.717036 0.0220049
26.6792 52.9879 4.45229 0.718741 0.694626 0.0301086
27.6729 51.9083 5.0336 0.730289 0.682167 0.0364173
28.6396 50.84 5.6077 0.732227 0.680206 0.0341009
29.5891 49.7887 6.13753 0.733418 0.678928 0.0339756
30.5207 48.7355 6.70766 0.745624 0.665297 0.0377229
31.4845 47.6053 7.28528 0.748853 0.661113 0.0463644
32.3919 46.5101 7.7731 0.759591 0.64808 0.0548998
33.3051 45.3873 8.32922 0.763566 0.643395 0.054849
34.2507 44.2084 8.90384 0.766386 0.640067 0.0544717
35.1811 43.0335 9.44642 0.775506 0.627277 0.0715077
36.0563 41.8825 9.95914 0.77969 0.621883 0.0731057
36.9735 40.6636 10.4913 0.782674 0.617941 0.074636
37.8693 39.4586 11.0393 0.787045 0.612943 0.0697176
38.7476 38.2636 11.5215 0.792556 0.606056 0.067461
39.627 37.0419 12.0636 0.798864 0.597598 0.0685125
40.491 35.8162 12.5575 0.802801 0.591963 0.0713407
41.3231 34.6252 13.0186 0.80751 0.585526 0.0713206
42.1674 33.3861 13.542 0.812887 0.577166 0.078058
42.9606 32.1947 14.0454 0.814426 0.574619 0.0807695
43.8367 30.8816 14.4956 0.81841 0.56901 0.0801931
44.7075 29.5529 14.9955 0.8268 0.557602 0.0740453
45.5351 28.2588 15.4229 0.827009 0.554915 0.0901411
46.3232 26.9916 15.9098 0.831863 0.54775 0.0892999
47.1038 25.7313 16.3676 0.831719 0.548067 0.0886962
47.8602 24.509 16.8175 0.833145 0.545966 0.0882605
48.7084 23.1124 17.3168 0.841993 0.532021 0.0894506
49.4769 21.8127 17.7718 0.843439 0.529322 0.0918093
50.2465 20.5207 18.1609 0.843069 0.530092 0.0907635
50.9962 19.2511 18.5857 0.845679 0.52585 0.0911524
51.7497 17.9605 18.9934 0.847627 0.522191 0.0940489
51.8178 18.0918 17.6253 0.846849 0.524077 0.0904953
51.782 18.4148 16.0805 0.846542 0.524843 0.0889073
51.769 18.6815 14.5884 0.845692 0.526913 0.0846606
51.7126 19.0112 13.0443 0.849262 0.522163 0.0780776
51.6788 19.2938 11.4498 0.851039 0.520019 0.0728848
51.6263 19.5872 9.95959 0.851244 0.519785 0.0721608
51.6154 19.8199 8.364 0.850372 0.521938 0.0666812
51.6991 19.8704 6.86196 0.850036 0.522757 0.0645269
51.8035 19.8887 5.31963 0.850281 0.52252 0.063204
51.9141 19.8928 3.76621 0.849265 0.524384 0.0614068
51.9817 19.9655 2.15347 0.845501 0.530993 0.0562886
52.0899 19.962 0.532176 0.841854 0.537004 0.0539328
52.2217 19.9125 -1.04668 0.842468 0.53627 0.0515937
52.4334 19.7155 -2.71594 0.849465 0.52614 0.0398263
52.6898 19.4135 -4.26176 0.851307 0.523178 0.0394999
52.9382 19.1302 -5.85186 0.851109 0.523493 0.0395939
53.1694 18.8706 -7.39386 0.850906 0.523839 0.0393925
53.4164 18.5998 -8.98012 0.848514 0.527163 0.0460792
53.7053 18.2689 -10.4233 0.848085 0.527659 0.0482507
54.0248 17.8759 -11.8792 0.855265 0.516313 0.0440734
54.3855 17.4017 -13.4041 0.858982 0.510216 0.042783
54.7183 16.9609 -14.8424 0.859339 0.509601 0.0429212
55.0845 16.4673 -16.3167 0.861453 0.506132 0.0415751
55.4535 15.9471 -17.7843 0.866692 0.497404 0.0378727
55.7922 15.4588 -19.1778 0.869254 0.492723 0.0402601
56.1716 14.9024 -20.539 0.872497 0.486843 0.0416325
56.6744 14.1017 -21.9688 0.878271 0.476802 0.0360517
56.693 14.1224 -22.6821 0.878426 0.476378 0.0378238
55.9775 15.3971 -22.2716 0.873348 0.485308 0.0416969
55.2511 16.6561 -21.8287 0.868755 0.492699 0.0501231
54.4804 17.944 -21.4296 0.859718 0.508634 0.0466522
53.6576 19.2813 -20.9074 0.858616 0.510392 0.0477268
52.8295 20.6033 -20.4259 0.849506 0.524707 0.0549756
52.0467 21.8137 -19.9276 0.84739 0.528052 0.0555973
51.2281 23.0577 -19.4467 0.841269 0.537781 0.0552849
50.4224 24.2491 -18.9848 0.832744 0.551034 0.0537225
49.614 25.4156 -18.4455 0.831588 0.552865 0.0528893
48.7262 26.6918 -17.9531 0.827573 0.559241 0.048696
47.855 27.9315 -17.4554 0.825941 0.562068 0.043593
46.9513 29.208 -16.9017 0.819253 0.57188 0.0421299
46.037 30.4573 -16.3767 0.813384 0.580066 0.0439224
45.1545 31.6509 -15.8197 0.810437 0.584418 0.0405904
44.2076 32.9094 -15.1883 0.805074 0.59167 0.0422129
43.2671 34.1262 -14.5646 0.800329 0.597865 0.045066
42.3044 35.3629 -13.9567 0.792205 0.609111 0.0373612
41.3909 36.5039 -13.4235 0.786568 0.616463 0.0358345
40.4028 37.7246 -12.8305 0.783361 0.620731 0.0321915
39.507 38.8291 -12.2932 0.783464 0.620858 0.0268115
38.5182 40.0417 -11.7117 0.775426 0.631072 0.0215041
37.608 41.1382 -11.1725 0.773141 0.633976 0.0181053
36.6569 42.2693 -10.5894 0.765596 0.643117 0.0160604
35.6742 43.4178 -9.94114 0.763263 0.645921 0.0146782
34.7481 44.4739 -9.38393 0.748732 0.662778 0.0108335
33.7807 45.5547 -8.77506 0.74176 0.670665 0.000686205
32.8541 46.5703 -8.16637 0.736018 0.676959 0.00226081
31.8733 47.6296 -7.57159 0.733258 0.679943 -0.00328903
30.8246 48.7428 -6.93521 0.722031 0.691858 -0.002028
29.8271 49.7766 -6.33049 0.716238 0.697845 -0.00400881
28.8346 50.7927 -5.71814 0.71257 0.701536 -0.00945529
27.8573 51.7912 -5.12685 0.710604 0.703488 -0.0120396
26.7942 52.8678 -4.49726 0.704258 0.70979 -0.0147994
25.7017 53.9644 -3.85028 0.704722 0.709279 -0.0170371
24.618 55.0439 -3.25705 0.696757 0.717158 -0.0146434
23.5924 56.0437 -2.67335 0.69185 0.721908 -0.0138848
22.5034 57.0881 -2.07223 0.680876 0.732227 -0.0157025
21.4629 58.0602 -1.52378 0.678374 0.734589 -0.013683
20.2774 59.1632 -1.04225 0.679071 0.733989 -0.0110423
19.1284 60.2306 -0.70676 0.679518 0.733566 -0.0116525
19.053 60.3011 -0.669659 0.679942 0.733176 -0.0115261
28.6637 50.9538 2.01386 0.73009 0.683206 0.0140932
29.7554 49.7794 1.99722 0.733455 0.679568 0.0151984
30.8241 48.6174 1.97658 0.738573 0.673965 0.0167591
31.877 47.4355 1.9478 0.750243 0.660606 0.0271147
32.9542 46.2175 1.91412 0.748564 0.662415 0.0292898
33.9853 45.0447 1.87679 0.754785 0.654852 0.0383175
35.0063 43.8524 1.83087 0.765793 0.642275 0.0323074
35.9689 42.7015 1.78207 0.767771 0.640249 0.0246946
37.0317 41.3899 1.71976 0.786828 0.616347 0.0319096
37.9875 40.1602 1.65726 0.789721 0.612015 0.0421668
39.006 38.8497 1.58391 0.790087 0.611491 0.0429129
39.9374 37.6438 1.51074 0.794711 0.605024 0.0487774
40.8769 36.4008 1.43333 0.800115 0.597738 0.0502448
41.8186 35.1252 1.34847 0.809541 0.585348 0.0448564
42.7982 33.7695 1.25064 0.811865 0.582186 0.043989
43.7227 32.4854 1.15199 0.814333 0.578439 0.0476411
44.6801 31.1294 1.04355 0.818997 0.571583 0.0503729
45.5766 29.8501 0.937396 0.820636 0.56897 0.0531917
46.54 28.4647 0.818779 0.822422 0.566037 0.0567799
47.4648 27.1246 0.701327 0.828998 0.556849 0.05178
48.3499 25.791 0.580086 0.837333 0.544641 0.0473285
49.2302 24.4491 0.459139 0.837249 0.544782 0.0471843
50.0608 23.1774 0.344111 0.841136 0.538691 0.047988
50.238 22.9019 0.318276 0.841589 0.537773 0.050281
49.8331 22.6523 8.35373 0.840961 0.536956 0.0668022
48.9693 23.9945 8.46468 0.84139 0.53626 0.0669966
48.0803 25.3663 8.56754 0.836642 0.543705 0.0664515
47.2368 26.647 8.65533 0.832461 0.55001 0.0670665
46.352 27.9636 8.74378 0.827113 0.558357 0.0642026
45.4176 29.3432 8.82598 0.826531 0.559775 0.0591443
44.5537 30.5879 8.8975 0.814312 0.576825 0.0645695
43.6646 31.8387 8.95033 0.814724 0.576132 0.0655496
42.7649 33.1019 9.0029 0.812021 0.579982 0.0651437
41.8657 34.3465 9.05017 0.808564 0.584619 0.0666771
40.909 35.6597 9.08465 0.805411 0.589281 0.0637203
40.6997 35.9446 9.09095 0.804821 0.590159 0.0630555
34.0054 45.2611 -5.27492 0.759212 0.65077 0.00979023
34.98 44.1231 -5.37517 0.763211 0.64603 0.0124111
35.9459 42.9734 -5.48502 0.768676 0.63922 0.0231096
36.9115 41.8152 -5.59514 0.770866 0.636655 0.0208901
37.8698 40.6398 -5.71408 0.778896 0.62665 0.0251074
38.8288 39.4365 -5.83091 0.785244 0.618726 0.0238741
39.7828 38.2265 -5.95827 0.787962 0.615221 0.0248722
40.753 36.9801 -6.10445 0.790976 0.611302 0.0258318
41.7109 35.7402 -6.24449 0.798857 0.600842 0.0285756
42.6324 34.507 -6.38193 0.80618 0.590757 0.0328676
43.5638 33.2349 -6.52851 0.810282 0.584774 0.0384898
44.4606 31.9956 -6.6736 0.81297 0.581091 0.0375718
45.3758 30.7131 -6.82805 0.817522 0.574475 0.0404466
46.2473 29.4722 -6.97977 0.8221 0.568304 0.0343829
47.1221 28.2107 -7.13951 0.82529 0.563512 0.036762
48.0619 26.8315 -7.30574 0.829951 0.556173 0.0430436
48.8954 25.5909 -7.45156 0.832211 0.552855 0.0421429
49.7401 24.33 -7.60158 0.833015 0.551665 0.0418442
50.6626 22.914 -7.77068 0.844346 0.534337 0.0395589
51.3948 21.7664 -7.89273 0.845196 0.5331 0.0380625
51.026 23.0415 -15.996 0.840737 0.539042 0.050941
51.938 21.6396 -16.212 0.841076 0.538502 0.051059
52.7964 20.2908 -16.4118 0.850837 0.523057 0.0498678
53.2873 19.4988 -16.5254 0.852356 0.520844 0.0470166
-12.0913 35.9411 -40.9797 -0.420725 0.601772 -0.678867
-13.5266 35.5022 -40.4885 -0.41635 0.601736 -0.681591
-15.0452 35.0357 -39.9617 -0.421159 0.596614 -0.683138
-16.4346 34.6139 -39.4817 -0.418461 0.589937 -0.690554
-17.8018 34.192 -38.9982 -0.430139 0.587339 -0.685575
-19.2859 33.7304 -38.4626 -0.431862 0.585605 -0.685975
-20.806 33.2521 -37.9021 -0.437886 0.578625 -0.688077
-22.1936 32.8145 -37.3848 -0.440439 0.577721 -0.687206
-23.7302 32.3282 -36.8037 -0.44675 0.5754 -0.685076
-25.1461 31.872 -36.2534 -0.451778 0.568483 -0.687549
-26.576 31.4128 -35.6946 -0.454884 0.563093 -0.689933
-27.9101 30.9788 -35.1585 -0.460512 0.560689 -0.688155
-29.2533 30.5451 -34.6153 -0.458439 0.556041 -0.693291
-30.7419 30.058 -33.9958 -0.470986 0.549448 -0.69013
-32.1073 29.6088 -33.4205 -0.471934 0.54938 -0.689536
-32.6808 29.4225 -33.1765 -0.471973 0.549436 -0.689465
-35.626 24.4015 -34.9827 -0.501783 0.514838 -0.695094
-34.3095 24.8582 -35.5837 -0.493255 0.52233 -0.695609
-32.985 25.312 -36.1749 -0.484948 0.523668 -0.700426
-31.6219 25.7657 -36.7569 -0.476071 0.529552 -0.702091
-30.2951 26.2107 -37.3233 -0.479682 0.529622 -0.699575
-28.8691 26.6912 -37.9276 -0.47234 0.536865 -0.69905
-27.5267 27.1393 -38.4867 -0.46982 0.542054 -0.69674
-26.1645 27.5892 -39.0451 -0.459341 0.553725 -0.694546
-24.6548 28.0824 -39.6482 -0.457965 0.556766 -0.693022
-23.2166 28.5543 -40.2192 -0.457387 0.557315 -0.692963
-21.8718 28.992 -40.7452 -0.44772 0.561835 -0.695621
-20.4172 29.4588 -41.3016 -0.446035 0.563136 -0.695651
-19.0013 29.909 -41.8383 -0.441349 0.564798 -0.69729
-17.4815 30.3863 -42.4031 -0.430828 0.573044 -0.697143
-16.0597 30.8232 -42.9135 -0.423131 0.575265 -0.700021
-14.6611 31.2511 -43.4096 -0.423473 0.577169 -0.698246
-13.2227 31.6937 -43.922 -0.427773 0.578813 -0.694252
-11.9454 32.0885 -44.3785 -0.426692 0.579753 -0.694133
-11.9323 28.0922 -47.6584 -0.434812 0.564772 -0.701406
-13.4092 27.6364 -47.1146 -0.432209 0.564838 -0.702961
-14.7963 27.2073 -46.6058 -0.432832 0.564223 -0.703071
-16.1801 26.7781 -46.0902 -0.439474 0.554477 -0.706695
-17.6115 26.3286 -45.5515 -0.440734 0.55075 -0.708821
-19.0024 25.8923 -45.0235 -0.445477 0.5443 -0.710836
-20.4976 25.4024 -44.4334 -0.461771 0.532372 -0.70947
-21.9293 24.9313 -43.8586 -0.458373 0.53056 -0.713022
-23.2686 24.4878 -43.3259 -0.461192 0.525979 -0.714597
-24.6259 24.0422 -42.7752 -0.463328 0.523791 -0.714822
-26.0079 23.5835 -42.2133 -0.466304 0.525476 -0.711643
-26.4063 23.4501 -42.0484 -0.471886 0.52443 -0.708729
-18.3972 21.9821 -48.3494 -0.460856 0.527555 -0.713651
-16.9871 22.4392 -48.9107 -0.453582 0.53114 -0.71565
-15.6482 22.8664 -49.4379 -0.448095 0.539839 -0.71259
-14.1873 23.324 -50.0023 -0.446086 0.545118 -0.709827
-12.8445 23.7465 -50.5228 -0.447072 0.546189 -0.708381
-11.8921 24.0469 -50.8925 -0.447515 0.545976 -0.708266
-11.9782 19.9124 -54.0138 -0.457095 0.534868 -0.71062
-12.5336 19.736 -53.7874 -0.46043 0.529494 -0.712489
-12.3 39.6684 -37.4896 -0.398579 0.623944 -0.672182
-13.6996 39.2549 -37.0416 -0.401951 0.613802 -0.679472
-15.2408 38.795 -36.5378 -0.403272 0.604726 -0.686788
-16.6446 38.3798 -36.0749 -0.406505 0.596161 -0.692348
-18.0208 37.9652 -35.6069 -0.418305 0.594087 -0.687082
-19.5349 37.504 -35.0815 -0.421495 0.593175 -0.68592
-21.0742 37.0248 -34.53 -0.433099 0.587311 -0.683733
-22.6051 36.5469 -33.9722 -0.433732 0.587585 -0.683097
-24.0304 36.1017 -33.4456 -0.436092 0.589331 -0.680083
-25.3928 35.678 -32.9367 -0.439521 0.583263 -0.6831
-26.8003 35.2317 -32.3972 -0.450268 0.570397 -0.686954
-28.1643 34.7946 -31.8632 -0.451617 0.568977 -0.687246
-29.5071 34.3667 -31.3322 -0.456939 0.567311 -0.685102
-26.0297 39.256 -29.4242 -0.430232 0.594795 -0.679058
-24.6246 39.6799 -29.9294 -0.422734 0.598948 -0.680116
-23.1216 40.1406 -30.4691 -0.432069 0.601438 -0.672004
-21.7419 40.5634 -30.9571 -0.416304 0.610857 -0.673458
-20.3245 40.9962 -31.4488 -0.426166 0.613848 -0.664509
-18.8093 41.4666 -31.9769 -0.412858 0.623061 -0.664337
-17.4271 41.8805 -32.4356 -0.402287 0.627 -0.66711
-15.9199 42.3192 -32.9131 -0.387197 0.63773 -0.665867
-14.4012 42.754 -33.3758 -0.389051 0.636318 -0.666137
-13.0113 43.1614 -33.8046 -0.391997 0.637136 -0.663623
-12.374 43.3492 -33.9994 -0.38881 0.635489 -0.667068
-12.4431 46.8567 -30.4111 -0.359194 0.669637 -0.650051
-13.8815 46.4644 -30.0104 -0.367 0.666184 -0.649238
-15.3526 46.0592 -29.5881 -0.376466 0.654171 -0.655999
-16.7921 45.6545 -29.1607 -0.380886 0.64525 -0.662252
-18.1989 45.259 -28.7363 -0.383899 0.641557 -0.664098
-19.6125 44.8548 -28.2959 -0.390938 0.637729 -0.663679
-21.0643 44.4361 -27.8341 -0.401532 0.631182 -0.663613
-22.4064 44.0308 -27.3798 -0.418698 0.62084 -0.662758
-18.4716 48.6864 -25.1705 -0.369199 0.670066 -0.643975
-16.9961 49.0875 -25.5947 -0.36717 0.673655 -0.641385
-15.547 49.4782 -26.0008 -0.359159 0.6784 -0.64092
-14.0609 49.8687 -26.3985 -0.34713 0.678879 -0.647011
-12.7233 50.2163 -26.7494 -0.341326 0.682642 -0.646139
-12.7562 53.5408 -23.1189 -0.331214 0.699886 -0.632817
-14.2088 53.1727 -22.7529 -0.341648 0.697988 -0.629356
-14.6025 53.5353 22.997 -0.357109 0.694316 0.624819
-13.1259 53.9423 23.3809 -0.351807 0.704295 0.616604
-12.8161 54.0268 23.4592 -0.345712 0.706187 0.617886
-12.6676 50.7652 27.1823 -0.355641 0.694304 0.625669
-14.1851 50.3302 26.7811 -0.370061 0.68505 0.627504
-15.583 49.9235 26.3963 -0.373288 0.682063 0.628845
-17.0149 49.501 25.991 -0.386221 0.673297 0.630479
-18.4134 49.0681 25.5699 -0.398164 0.666816 0.629938
-18.8629 48.9285 25.4328 -0.399925 0.665244 0.630485
-22.7221 44.2408 27.8071 -0.426997 0.651523 0.627049
-21.2983 44.7068 28.2833 -0.421985 0.653582 0.628299
-19.9344 45.1506 28.7293 -0.416215 0.656614 0.628986
-18.5531 45.5979 29.1722 -0.415419 0.660022 0.625938
-17.1536 46.0532 29.6148 -0.409821 0.668662 0.620434
-15.7495 46.4957 30.0381 -0.399806 0.670799 0.624647
-14.3147 46.9411 30.4579 -0.376985 0.685621 0.62274
-13.1657 47.275 30.7664 -0.365161 0.686843 0.628414
-14.6714 43.3703 34.048 -0.399756 0.668025 0.627645
-16.0784 42.9235 33.6242 -0.403586 0.664536 0.628895
-17.5625 42.4427 33.1655 -0.417105 0.654363 0.630739
-19.033 41.9489 32.6812 -0.428826 0.648535 0.628897
-20.4108 41.4854 32.2181 -0.429907 0.648447 0.628249
-21.7722 41.0236 31.7497 -0.43764 0.644148 0.627332
-23.1232 40.5642 31.2762 -0.442709 0.638592 0.629451
-24.5425 40.0659 30.7578 -0.459949 0.626789 0.628954
-25.9316 39.5696 30.232 -0.464532 0.622008 0.63033
-26.4719 39.3756 30.0247 -0.465643 0.620991 0.630514
-30.1458 34.354 32.1072 -0.487877 0.601592 0.632505
-28.814 34.8461 32.6487 -0.476485 0.608034 0.635025
-27.494 35.3289 33.1765 -0.476153 0.608412 0.634912
-26.1025 35.8386 33.7256 -0.471964 0.611942 0.634647
-24.6702 36.3603 34.2798 -0.467143 0.614045 0.636181
-23.2667 36.8715 34.8159 -0.466018 0.614682 0.636391
-21.9218 37.3593 35.3193 -0.457635 0.620095 0.637223
-20.5437 37.8506 35.8199 -0.451016 0.623467 0.638649
-19.14 38.3425 36.3124 -0.439499 0.637631 0.632667
-17.6295 38.8674 36.8297 -0.434943 0.641837 0.631562
-16.2689 39.3287 37.2753 -0.420644 0.654235 0.628518
-15.8069 39.4833 37.4236 -0.42108 0.654427 0.628026
-16.5185 35.6074 40.8953 -0.437789 0.64377 0.627616
-17.9092 35.1166 40.4105 -0.449335 0.629044 0.634351
-19.3153 34.6108 39.9031 -0.458294 0.621484 0.635393
-20.7971 34.0734 39.3554 -0.460983 0.619487 0.635398
-22.1856 33.5679 38.8362 -0.465301 0.61587 0.635767
-23.682 33.0183 38.2641 -0.471491 0.610722 0.636172
-25.0986 32.4907 37.7078 -0.482311 0.608787 0.629885
-26.506 31.9569 37.1377 -0.485555 0.605451 0.630606
-27.8525 31.4536 36.5945 -0.478042 0.601927 0.639656
-29.2055 30.9554 36.0497 -0.481271 0.595929 0.642843
-30.5515 30.4492 35.4903 -0.508247 0.587822 0.629405
-31.9446 29.9012 34.8792 -0.511208 0.586693 0.628059
-33.3495 29.3427 34.2475 -0.518233 0.584249 0.62457
-33.6125 29.2375 34.1276 -0.519102 0.583381 0.624659
-36.9519 24.0095 36.0949 -0.531585 0.56365 0.632231
-35.6298 24.5499 36.7179 -0.528584 0.564662 0.633842
-34.1756 25.1476 37.3983 -0.528588 0.564661 0.633839
-32.7687 25.7239 38.0438 -0.510538 0.577423 0.637129
-31.4331 26.2453 38.6232 -0.502394 0.579384 0.641806
-30.091 26.7692 39.2013 -0.501561 0.581139 0.64087
-28.7277 27.2987 39.7812 -0.495166 0.588656 0.63898
-27.3771 27.8197 40.3463 -0.494087 0.590586 0.638033
-26.0548 28.3312 40.8954 -0.492645 0.589438 0.640206
-24.698 28.8475 41.4448 -0.480578 0.597704 0.641712
-23.3552 29.3527 41.9779 -0.479725 0.598235 0.641856
-21.9895 29.8636 42.512 -0.469856 0.599689 0.647771
-20.638 30.3605 43.028 -0.465162 0.605837 0.645435
-19.3056 30.8462 43.5314 -0.46471 0.609191 0.642598
-17.8517 31.3816 44.0775 -0.465222 0.608711 0.642682
-16.91 31.7264 44.4285 -0.45691 0.615409 0.642265
-16.9205 27.884 48.0528 -0.474404 0.602232 0.642073
-18.2899 27.372 47.5173 -0.474416 0.599854 0.644287
-19.6766 26.8547 46.9781 -0.47456 0.599198 0.64479
-21.0484 26.3446 46.4454 -0.472969 0.593996 0.650745
-22.4165 25.836 45.9109 -0.475722 0.59156 0.650957
-23.7885 25.3223 45.3682 -0.481953 0.588648 0.649011
-25.1017 24.8192 44.8331 -0.489623 0.588741 0.643159
-26.5245 24.271 44.2448 -0.492388 0.583941 0.645419
-27.8592 23.7531 43.6878 -0.495306 0.581049 0.645797
-29.1752 23.241 43.1332 -0.500967 0.581676 0.640847
-30.5015 22.7174 42.562 -0.506586 0.579665 0.638247
-31.9516 22.1405 41.93 -0.508062 0.575297 0.64102
-33.3005 21.5978 41.3312 -0.517266 0.569953 0.638427
-34.6244 21.0536 40.7262 -0.526168 0.570475 0.630639
-35.9405 20.5091 40.118 -0.530279 0.563935 0.633073
-37.3109 19.9239 39.4614 -0.546333 0.555436 0.626906
-38.6086 19.3596 38.8278 -0.547492 0.555544 0.625798
-39.9233 18.7903 38.1807 -0.549073 0.554132 0.625665
-40.2829 18.6347 38.0036 -0.552441 0.555224 0.621719
-43.3178 13.2506 40.027 -0.566633 0.543382 0.619405
-42.0235 13.8406 40.6831 -0.558843 0.549662 0.62094
-40.7382 14.4201 41.3224 -0.557027 0.551542 0.620905
-39.452 14.9952 41.9562 -0.548125 0.557507 0.623494
-38.0923 15.5905 42.612 -0.545485 0.557689 0.625643
-36.7352 16.1807 43.2605 -0.535854 0.559851 0.632003
-35.3816 16.7529 43.882 -0.526306 0.555472 0.64378
-34.0351 17.3153 44.4931 -0.520958 0.558761 0.645283
-32.7444 17.8466 45.0719 -0.519347 0.559432 0.645998
-31.3248 18.4304 45.7042 -0.51593 0.562251 0.646289
-29.9748 18.9858 46.3043 -0.517883 0.564428 0.642821
-28.6736 19.5136 46.8761 -0.502408 0.570148 0.650014
-27.355 20.0328 47.436 -0.49941 0.573604 0.649282
-26.0318 20.5469 47.9874 -0.490935 0.573268 0.656008
-24.6593 21.0739 48.5535 -0.489286 0.571324 0.658929
-23.2975 21.5859 49.1014 -0.474942 0.579292 0.662458
-21.8619 22.1179 49.6647 -0.475569 0.582634 0.659069
-20.5324 22.618 50.1955 -0.484645 0.580101 0.654677
-19.2103 23.1197 50.7267 -0.482873 0.581779 0.654498
-17.7155 23.6828 51.3237 -0.47679 0.58384 0.657117
-16.92 23.9785 51.6361 -0.474642 0.585285 0.657386
-16.43 20.1675 55.3519 -0.480207 0.576122 0.661426
-17.8387 19.6433 54.7825 -0.482579 0.575013 0.660665
-19.154 19.1513 54.2461 -0.484681 0.573865 0.660123
-20.573 18.6185 53.6689 -0.482523 0.573791 0.661767
-21.9769 18.094 53.1015 -0.482293 0.574063 0.661699
-23.4097 17.5539 52.5205 -0.486947 0.5712 0.660767
-24.7175 17.054 51.9793 -0.491885 0.569345 0.658708
-26.0714 16.5287 51.4107 -0.498928 0.562651 0.659163
-27.4752 15.9755 50.8179 -0.502613 0.558964 0.659499
-28.8367 15.4277 50.2318 -0.507899 0.55718 0.656954
-30.1762 14.8887 49.6596 -0.506113 0.559966 0.655963
-31.4821 14.3575 49.0932 -0.516786 0.559475 0.648012
-32.832 13.8009 48.4985 -0.516287 0.560262 0.64773
-34.1721 13.249 47.9083 -0.516532 0.559596 0.648111
-35.4824 12.7051 47.3292 -0.519379 0.554849 0.649914
-36.8726 12.1186 46.7087 -0.527118 0.554501 0.643952
-38.2462 11.5306 46.0789 -0.534107 0.555079 0.637666
-39.2042 11.1068 45.6282 -0.548896 0.550765 0.628785
-29.9772 10.9582 53.1775 -0.505089 0.561901 0.655097
-28.6025 11.5127 53.7598 -0.50337 0.56149 0.65677
-27.2843 12.0382 54.3164 -0.500619 0.55944 0.660611
-25.8968 12.5835 54.9042 -0.499101 0.558028 0.66295
-24.5499 13.1066 55.4711 -0.493212 0.55934 0.666243
-23.1181 13.6528 56.0594 -0.486847 0.564835 0.666289
-21.8065 14.1482 56.5978 -0.486499 0.564848 0.666532
-20.4187 14.6666 57.1661 -0.483023 0.566415 0.66773
-19.0673 15.1683 57.7137 -0.48119 0.566442 0.669029
-17.6343 15.6978 58.2989 -0.48382 0.565649 0.667802
-16.2899 16.1975 58.8532 -0.484557 0.565832 0.667112
-15.7737 16.3876 59.0672 -0.485062 0.566545 0.666139
-14.8482 12.6827 62.8349 -0.481431 0.557522 0.676309
-16.2872 12.1613 62.2396 -0.48027 0.559202 0.675747
-17.6919 11.648 61.6625 -0.483894 0.558449 0.673782
-19.0752 11.1378 61.0943 -0.482947 0.558296 0.674587
-19.3089 11.0512 60.9987 -0.482892 0.558392 0.674547
-19.3358 11.0412 60.9877 -0.482899 0.558297 0.674621
