18.7803 61.0656 -1.01225 0.67843 0.734497 -0.0157189
19.7583 60.149 -1.68655 0.677253 0.73559 -0.0153673
20.823 59.1576 -2.06275 0.678677 0.734237 -0.0171076
21.8783 58.1694 -2.53002 0.678603 0.734259 -0.018994
22.8763 57.2274 -3.13772 0.682623 0.730396 -0.023359
23.9216 56.2254 -3.73823 0.689432 0.724101 -0.0190084
24.9557 55.219 -4.30682 0.698402 0.715454 -0.0189945
25.9886 54.1854 -4.89856 0.702486 0.711422 -0.0198126
27.0851 53.0927 -5.57379 0.699921 0.714079 -0.0142196
28.103 52.0713 -6.18549 0.708107 0.705985 -0.0130637
29.1209 51.0409 -6.8331 0.707816 0.706347 -0.00837834
30.1239 50.0274 -7.41097 0.714912 0.699208 -0.00310382
31.1044 49.0175 -8.01569 0.720791 0.693152 -0.000562284
32.1971 47.8541 -8.65052 0.730475 0.682934 -0.00275931
33.2254 46.7486 -9.31249 0.735058 0.677993 0.00251904
34.2104 45.6643 -9.8043 0.743169 0.669086 0.00459579
35.2049 44.5539 -10.1008 0.751775 0.659355 0.00922562
36.281 43.3124 -10.5018 0.762349 0.647049 0.0122722
37.2322 42.1937 -10.954 0.768202 0.640042 0.0143648
38.1649 41.0747 -11.3479 0.772932 0.634237 0.0179084
39.1354 39.903 -11.9088 0.780135 0.625227 0.0219152
40.1042 38.7052 -12.4056 0.782891 0.621625 0.0257797
41.0218 37.5765 -12.9583 0.783958 0.619957 0.0325993
41.91 36.4755 -13.4779 0.788056 0.614418 0.0381759
42.8422 35.3055 -14.0227 0.795575 0.604611 0.0388098
43.7437 34.1427 -14.6073 0.799335 0.599287 0.043784
44.6835 32.9262 -15.258 0.804773 0.592182 0.040744
45.5564 31.7646 -15.8932 0.811144 0.583451 0.0403226
46.4271 30.6001 -16.6018 0.813145 0.580351 0.044586
47.3314 29.3781 -17.3401 0.819775 0.57102 0.0436263
48.219 28.141 -18.1024 0.825609 0.562448 0.0449724
49.0264 27.0266 -18.8121 0.824879 0.562231 0.0589169
49.8605 25.85 -19.4204 0.832012 0.551451 0.0604727
50.6784 24.6681 -19.9204 0.833981 0.548696 0.0583768
51.5667 23.3608 -20.4616 0.840759 0.5383 0.0579293
52.3592 22.1568 -20.9267 0.847871 0.527383 0.0546116
53.1848 20.8817 -21.4723 0.851368 0.521626 0.0554857
53.9958 19.58 -21.9497 0.858757 0.510009 0.0492496
54.7521 18.3499 -22.392 0.859281 0.509261 0.0478354
55.5024 17.1043 -22.805 0.871263 0.488656 0.0460071
56.2409 15.8152 -23.232 0.874718 0.482819 0.0418829
56.9757 14.5036 -23.6476 0.879407 0.474265 0.0414179
57.678 13.2298 -24.0334 0.881751 0.470291 0.0365319
58.4508 11.7951 -24.4839 0.886048 0.462288 0.0347788
59.1856 10.4027 -24.9282 0.889682 0.455606 0.0298252
59.8831 9.06294 -25.424 0.892277 0.450842 0.0240827
60.3218 8.16664 -24.9472 0.893057 0.449406 0.0219983
60.2586 8.21888 -23.3835 0.890675 0.454204 0.0199123
59.5849 9.51074 -22.9779 0.888352 0.458632 0.022077
58.8397 10.9009 -22.3201 0.88364 0.467504 0.0249139
58.2151 12.0338 -21.5186 0.882197 0.469898 0.0303971
57.5994 13.1038 -20.4305 0.879025 0.475807 0.0303727
57.1308 13.8841 -19.1683 0.876975 0.479523 0.031198
56.7095 14.5418 -17.8549 0.869257 0.492966 0.0371061
56.3308 15.0992 -16.3698 0.868816 0.493808 0.0362217
55.9953 15.5802 -14.9197 0.864428 0.501304 0.0381765
55.6522 16.0441 -13.4009 0.860403 0.507861 0.0422232
55.3246 16.4753 -11.9397 0.85874 0.510606 0.0429768
55.0019 16.8926 -10.484 0.858738 0.51042 0.0451719
54.7283 17.2183 -9.00095 0.858141 0.511319 0.0463389
54.5008 17.4644 -7.50287 0.853484 0.519371 0.0426515
54.2563 17.7429 -5.952 0.852802 0.520502 0.0425052
54.0069 18.0253 -4.36836 0.851736 0.522364 0.041013
53.7822 18.2741 -2.83532 0.851941 0.522179 0.0390593
53.5818 18.4854 -1.327 0.852625 0.520886 0.041332
53.4372 18.5837 0.308977 0.853459 0.519174 0.0454503
53.3392 18.5695 1.81232 0.851191 0.519813 0.0725579
53.2166 18.5494 3.46576 0.851037 0.521388 0.0623771
53.1095 18.5376 5.02187 0.851247 0.521 0.0627461
52.9991 18.5279 6.59911 0.851103 0.521175 0.0632507
52.9115 18.4599 8.28468 0.851128 0.52032 0.069621
52.919 18.2264 9.89349 0.851865 0.518808 0.0718567
52.9425 17.9592 11.54 0.851373 0.519508 0.0726247
52.993 17.6565 13.0941 0.851195 0.519599 0.0740509
53.0295 17.3695 14.6465 0.850159 0.520249 0.0810605
53.0365 17.0735 16.3561 0.850318 0.518722 0.0888031
53.1048 16.6791 17.9626 0.851751 0.515397 0.0942664
53.2279 16.1915 19.4698 0.852803 0.512959 0.0979768
53.1876 16.0343 20.6548 0.853041 0.512845 0.096491
52.4716 17.2983 20.2508 0.850582 0.516932 0.0963935
51.7285 18.5774 19.9011 0.848261 0.520955 0.0951836
50.9858 19.8579 19.4583 0.844732 0.527219 0.0920181
50.2155 21.1614 19.0055 0.841955 0.531515 0.0927473
49.4327 22.4798 18.6114 0.845208 0.526335 0.0927033
48.6115 23.8716 18.0828 0.83858 0.537265 0.0901668
47.8262 25.1477 17.6303 0.832095 0.547745 0.0871382
47.0582 26.3901 17.1548 0.832049 0.54765 0.0881651
46.223 27.726 16.7046 0.829278 0.551116 0.0925708
45.4 29.0333 16.2675 0.827915 0.553255 0.0920092
44.5782 30.3143 15.8116 0.816523 0.570639 0.0875338
43.7836 31.5167 15.3426 0.816736 0.571501 0.0795539
42.9643 32.751 14.841 0.814101 0.575125 0.0804417
42.1674 33.9378 14.3815 0.812133 0.578191 0.0783246
41.3242 35.1672 13.9241 0.806255 0.587399 0.0701129
40.4799 36.3745 13.4365 0.801899 0.593208 0.0711475
39.648 37.5564 12.9392 0.800455 0.595184 0.0709056
38.775 38.7623 12.4525 0.792178 0.607094 0.0623733
37.9131 39.9282 11.9557 0.785399 0.615568 0.0649959
37.0279 41.111 11.4305 0.783512 0.617096 0.0728076
36.0986 42.3534 10.85 0.778382 0.623801 0.0706688
35.1301 43.6026 10.3125 0.772274 0.631955 0.0650054
34.1691 44.8298 9.76259 0.768503 0.636875 0.0615954
33.2128 46.0281 9.16663 0.76277 0.644118 0.0573926
32.3033 47.1508 8.59041 0.757868 0.649957 0.0565021
31.3176 48.3402 8.04926 0.750462 0.658434 0.0572066
30.3151 49.5073 7.45713 0.737755 0.672734 0.0560802
29.3533 50.583 6.88174 0.73106 0.681409 0.0351132
28.4142 51.6133 6.32275 0.727856 0.684926 0.0331947
27.4068 52.7122 5.74094 0.728072 0.684507 0.0368961
26.4211 53.7661 5.14998 0.711504 0.701784 0.0355061
25.3647 54.8396 4.53436 0.700558 0.71324 0.0225269
24.3409 55.8538 3.99069 0.69559 0.718056 0.0234408
23.2886 56.8821 3.43248 0.69252 0.721331 0.00979205
22.2753 57.8473 2.80865 0.682424 0.730919 0.00734387
21.1686 58.8761 2.25446 0.680213 0.733007 0.00324766
20.1123 59.8581 1.80145 0.679668 0.73352 -0.000343536
18.956 60.9269 1.40925 0.678692 0.734423 -0.000305991
18.8203 61.0439 -0.156809 0.680604 0.732603 -0.00842178
18.7869 61.0633 -0.834653 0.678431 0.734496 -0.0157061
14.4571 65.2356 -0.581634 0.712107 0.70179 -0.0194256
14.3485 65.2599 -2.25971 0.709499 0.702941 -0.049861
14.145 65.3335 -3.77402 0.69034 0.719591 -0.0748485
13.8814 65.4277 -5.26045 0.68235 0.726912 -0.0774109
13.5966 65.5133 -6.79856 0.666348 0.741885 -0.0743597
13.9596 65.1161 -7.73303 0.661924 0.748445 -0.0410702
15.1358 64.0883 -7.37427 0.660948 0.749144 -0.0438649
16.2558 63.0999 -7.24004 0.665319 0.745655 -0.0367129
17.396 62.0822 -7.2904 0.665339 0.745791 -0.0334252
18.5374 61.0548 -7.47151 0.667547 0.74395 -0.0303412
19.6155 60.0651 -7.89573 0.671332 0.740423 -0.0329811
20.6398 59.0988 -8.49382 0.680269 0.731929 -0.0389055
21.645 58.1304 -9.07304 0.68153 0.730404 -0.0450154
22.6904 57.116 -9.67286 0.682583 0.729071 -0.0503633
23.7064 56.1108 -10.2323 0.687664 0.724093 -0.0529952
24.6905 55.1437 -10.824 0.681461 0.730058 -0.0512492
25.7603 54.1029 -11.4683 0.68111 0.730934 -0.0427243
26.7933 53.1084 -12.0749 0.680449 0.731915 -0.035893
27.8445 52.0979 -12.7268 0.683982 0.728938 -0.0285663
28.9549 51.0296 -13.3692 0.687181 0.726207 -0.0200573
30.0297 49.9845 -13.9658 0.698682 0.715327 -0.0122375
31.0377 48.9803 -14.5387 0.706149 0.708055 -0.00344603
32.0526 47.953 -15.1511 0.715277 0.698828 0.00384503
33.0771 46.8962 -15.6118 0.722684 0.691135 0.00753839
34.1248 45.7918 -15.9238 0.729633 0.683795 0.00777109
35.228 44.6038 -16.3437 0.739677 0.672828 0.0131271
36.2544 43.4709 -16.7831 0.745402 0.666361 0.0184283
37.3183 42.2765 -17.2684 0.757392 0.652632 0.0207065
38.2733 41.179 -17.7614 0.761479 0.647699 0.0252196
39.2614 40.0282 -18.2669 0.768418 0.639186 0.0312227
40.2338 38.8837 -18.809 0.772402 0.63375 0.0419115
41.2185 37.7094 -19.3733 0.777772 0.626992 0.044171
42.1518 36.5824 -19.8972 0.782478 0.62097 0.0460889
43.0428 35.4955 -20.5276 0.789751 0.611533 0.0481755
43.9597 34.3531 -21.1656 0.796314 0.602968 0.0480849
44.8442 33.2343 -21.8069 0.798582 0.599064 0.0581562
45.7392 32.092 -22.5041 0.808363 0.585318 0.0628568
46.5977 30.9804 -23.2273 0.809929 0.583261 0.0618088
47.4805 29.8111 -23.9562 0.81877 0.570417 0.0651233
48.3105 28.7034 -24.6767 0.820026 0.568418 0.0667656
49.2098 27.4689 -25.2697 0.824154 0.562252 0.0681332
50.1085 26.2051 -25.7835 0.831472 0.55119 0.0696031
50.9335 25.0055 -26.2739 0.837126 0.542935 0.0666451
51.7342 23.8147 -26.7466 0.842001 0.535647 0.0641599
52.5557 22.5599 -27.2267 0.849324 0.523362 0.0688491
53.4022 21.2455 -27.6927 0.852424 0.517736 0.0729538
54.1669 20.0242 -28.1675 0.861371 0.504161 0.0621463
54.9262 18.7473 -28.6084 0.870899 0.487773 0.0600944
55.662 17.4708 -29.0164 0.874407 0.481776 0.0574802
56.3861 16.1919 -29.4516 0.879498 0.472927 0.0531263
57.0939 14.9043 -29.8519 0.885014 0.462648 0.0520331
57.7874 13.6054 -30.2487 0.889085 0.455427 0.0459813
58.5306 12.173 -30.6891 0.894551 0.445054 0.0412969
59.25 10.7518 -31.1649 0.898781 0.436938 0.0357515
59.9236 9.40291 -31.8025 0.902144 0.430334 0.0307693
60.5303 8.17989 -32.645 0.904329 0.425994 0.0267789
61.0279 7.17579 -33.6501 0.906645 0.421235 0.0235649
61.496 6.22968 -34.8654 0.907971 0.4185 0.0211187
61.8825 5.44778 -36.1001 0.909123 0.416086 0.0191712
62.1909 4.83502 -37.5751 0.909636 0.415066 0.016801
62.675 3.76797 -37.3848 0.909133 0.416196 0.016085
63.1004 2.80489 -36.3523 0.907823 0.419167 0.0125046
63.0691 2.82342 -34.7136 0.906646 0.42172 0.0120339
63.0425 2.84143 -33.0358 0.905229 0.424818 0.00954775
63.0512 2.79033 -31.3643 0.903457 0.42863 0.00641805
63.0404 2.78835 -29.7897 0.901724 0.432234 0.00821936
63.0475 2.75334 -28.2807 0.900768 0.434261 0.00577548
63.0313 2.76112 -26.6856 0.898914 0.438081 0.00616378
63.0112 2.78593 -25.1188 0.897616 0.440751 0.00489924
63.0003 2.78933 -23.5618 0.89514 0.445756 0.00508393
62.9937 2.78654 -21.8594 0.892419 0.451183 0.00456445
62.9931 2.76681 -20.3361 0.89126 0.453449 0.00631229
62.9819 2.77115 -18.7886 0.890236 0.455476 0.00455976
62.9622 2.79329 -17.1887 0.88779 0.460221 0.00493779
62.9772 2.75034 -15.6214 0.887385 0.461011 0.00411685
62.98 2.72954 -14.1051 0.885342 0.464902 0.00592138
62.9735 2.72218 -12.5734 0.883933 0.467551 0.00758151
62.8528 2.94601 -12.2999 0.883486 0.46836 0.00929963
62.5644 3.51286 -13.6915 0.884447 0.46659 0.00683661
62.2645 4.10903 -15.0467 0.88625 0.463132 0.00835288
61.8329 4.95991 -16.4136 0.887055 0.461598 0.00782266
61.2 6.18897 -17.2817 0.885966 0.463644 0.00995034
60.5004 7.53275 -17.4357 0.886464 0.462621 0.0128143
59.8445 8.75207 -16.7871 0.882971 0.469077 0.0181297
59.3699 9.58605 -15.6384 0.878188 0.477747 0.0232548
59.0195 10.1516 -14.2622 0.873894 0.485404 0.0262777
58.7187 10.6147 -12.8525 0.872266 0.488339 0.0260366
58.3937 11.1131 -11.3354 0.870988 0.490559 0.0270151
58.0904 11.5612 -9.85539 0.869981 0.492132 0.0306388
57.7726 12.0139 -8.29828 0.866203 0.498219 0.0383504
57.5324 12.3009 -6.7188 0.862495 0.50434 0.0417469
57.322 12.5426 -5.24599 0.860134 0.508573 0.0390331
57.105 12.7894 -3.67619 0.860481 0.507986 0.0390272
56.8794 13.0517 -2.20316 0.860157 0.508122 0.0440298
56.6511 13.2921 -0.592818 0.861117 0.506184 0.04749
56.4937 13.4048 0.960892 0.858368 0.509951 0.0561604
56.3857 13.3985 2.60722 0.856659 0.512629 0.0578488
56.2853 13.395 4.12836 0.855911 0.513931 0.0573715
56.1665 13.4072 5.75598 0.855116 0.514791 0.0613703
56.0586 13.3837 7.37972 0.853604 0.516746 0.0658245
56.0562 13.1827 8.98096 0.853658 0.516551 0.0666536
56.0916 12.9151 10.5289 0.854651 0.514127 0.0724195
56.1388 12.6163 12.0841 0.854611 0.514115 0.0729714
56.1793 12.3059 13.7018 0.853867 0.513985 0.082043
56.1846 12.0424 15.2328 0.852948 0.514769 0.0865491
56.2521 11.665 16.7609 0.85318 0.513616 0.0910077
56.3931 11.1724 18.2093 0.853511 0.512828 0.092334
56.5201 10.68 19.7411 0.854602 0.510211 0.0966407
56.6235 10.2051 21.2536 0.853979 0.510067 0.102718
56.7571 9.6718 22.7575 0.856225 0.504844 0.109571
57.0608 8.83602 24.1542 0.858217 0.499323 0.118906
57.6502 7.62039 24.9521 0.861026 0.49245 0.126991
58.4288 6.24521 24.9633 0.864378 0.486161 0.128447
59.1866 5.07326 24.2225 0.86877 0.481239 0.116823
59.7732 4.30337 23.0428 0.867609 0.483375 0.116634
60.2826 3.7049 21.6895 0.870489 0.479664 0.110322
60.7352 3.17446 20.36 0.871746 0.479583 0.10029
61.0282 2.70549 20.0499 0.872247 0.478985 0.0987824
60.8712 2.67092 21.5586 0.868463 0.484279 0.106027
60.6669 2.69371 23.0875 0.866059 0.487325 0.111603
60.4594 2.69983 24.6189 0.865888 0.486392 0.116877
60.2343 2.68161 26.3149 0.863274 0.488909 0.125396
60.02 2.66869 27.8352 0.858969 0.495467 0.129118
59.7788 2.67751 29.3342 0.858498 0.493375 0.139864
59.4897 2.70826 30.9704 0.858326 0.491861 0.146116
59.1947 2.73373 32.5663 0.859488 0.487428 0.153932
58.9152 2.74215 34.0579 0.857823 0.486986 0.16424
58.6233 2.73818 35.5349 0.856049 0.486904 0.173506
58.2938 2.7396 37.1468 0.854082 0.489731 0.175236
57.9957 2.72079 38.6531 0.853104 0.491905 0.173905
57.6861 2.70284 40.2289 0.850266 0.497248 0.172604
57.3552 2.71066 41.8459 0.847421 0.50296 0.170024
57.0594 2.71093 43.3225 0.845474 0.507027 0.167614
56.816 2.61693 44.8215 0.841228 0.514192 0.167158
56.363 2.8751 46.2983 0.837424 0.519505 0.169812
55.5407 3.89256 47.231 0.836112 0.521703 0.169536
55.3565 4.36866 46.6718 0.835352 0.52258 0.170569
55.6543 4.40437 45.1373 0.835349 0.520831 0.17586
55.9987 4.34654 43.669 0.841029 0.510557 0.178889
56.3513 4.31393 42.0957 0.845654 0.503477 0.177143
56.6739 4.31656 40.5483 0.847141 0.500091 0.179613
57.0088 4.30979 38.977 0.851266 0.493046 0.179579
57.3455 4.32048 37.352 0.853576 0.488987 0.179722
57.4902 4.60667 35.8736 0.855264 0.487186 0.176561
57.5189 5.07312 34.4226 0.857509 0.486205 0.168174
57.3796 5.79658 33.0098 0.858794 0.488096 0.155619
57.0879 6.68578 31.7898 0.859573 0.489482 0.14677
56.6936 7.72456 30.6181 0.8594 0.490664 0.143808
56.1824 8.89684 29.6653 0.857495 0.493659 0.144922
55.5741 10.169 28.8961 0.853042 0.502051 0.142352
54.9175 11.4513 28.2789 0.851486 0.505544 0.139268
54.2209 12.735 27.8665 0.852192 0.505506 0.135023
53.4999 14.0508 27.4838 0.851632 0.507399 0.131403
52.7604 15.3981 27.0394 0.848018 0.514612 0.126651
52.0377 16.7017 26.5822 0.847987 0.515167 0.124583
51.303 18.0001 26.2156 0.846554 0.517817 0.123323
50.5153 19.3651 25.8072 0.842281 0.526449 0.115815
49.728 20.7247 25.3213 0.842335 0.528221 0.107017
48.9215 22.1102 24.8232 0.841188 0.530521 0.104633
48.0824 23.5194 24.3641 0.838687 0.534737 0.103246
47.2926 24.8312 23.9528 0.836856 0.537852 0.101919
46.5239 26.1122 23.4703 0.834402 0.541617 0.102094
45.7459 27.3841 23.0133 0.831169 0.547705 0.0957965
44.988 28.6071 22.5719 0.830752 0.548707 0.0936586
44.1553 29.9247 22.1134 0.823928 0.559704 0.0887368
43.2827 31.2798 21.6318 0.822173 0.562341 0.0883466
42.4834 32.519 21.1263 0.818575 0.567892 0.0862247
41.6697 33.7531 20.6788 0.81474 0.573151 0.0877298
40.798 35.0513 20.2253 0.809198 0.580943 0.087774
39.9415 36.308 19.6802 0.804337 0.588579 0.0813377
39.0912 37.5239 19.1806 0.800433 0.594188 0.0790424
38.2433 38.7152 18.689 0.792322 0.605473 0.0750247
37.3785 39.8937 18.1855 0.786532 0.613044 0.0744624
36.5111 41.063 17.6826 0.783487 0.61699 0.0739636
35.654 42.1997 17.1996 0.779572 0.622359 0.0702605
34.7031 43.4479 16.6391 0.776549 0.626246 0.0691893
33.7941 44.611 16.1535 0.76753 0.637042 0.0712326
32.8959 45.7385 15.6329 0.760327 0.645466 0.0726395
31.9978 46.8521 15.0853 0.755126 0.651474 0.0732608
31.085 47.9596 14.5469 0.746951 0.660544 0.0757999
30.1741 49.0432 13.9781 0.739588 0.668849 0.0751493
29.2239 50.1421 13.4315 0.731374 0.677891 0.0745283
28.1617 51.3367 12.8716 0.72313 0.686415 0.0769132
27.2175 52.3904 12.2986 0.716224 0.693502 0.0779663
26.1594 53.5387 11.6987 0.708254 0.70149 0.0792938
25.1953 54.5828 11.0818 0.706298 0.703344 0.0803098
24.1645 55.6658 10.4721 0.693208 0.71599 0.0825856
23.1345 56.723 9.85538 0.687398 0.722089 0.0779126
21.9962 57.8582 9.28924 0.681404 0.728337 0.0722067
20.9039 58.9343 8.62779 0.679204 0.732083 0.0520074
19.8711 59.9154 8.07463 0.673508 0.737832 0.0446255
18.78 60.9299 7.61441 0.671987 0.739785 0.0339252
17.6913 61.9313 7.31184 0.673196 0.738974 0.0269124
16.4708 63.0482 7.2253 0.676056 0.736284 0.0288789
15.3657 64.0617 7.34561 0.679104 0.733516 0.0277692
14.2303 65.1226 7.60235 0.691212 0.722317 0.0216194
14.0302 65.3691 6.41814 0.688983 0.723658 0.0402619
14.1781 65.3313 4.79882 0.696324 0.715811 0.0524134
14.2994 65.3155 3.30092 0.698574 0.714319 0.0417438
14.4366 65.2514 1.78148 0.707832 0.705855 0.027006
14.4674 65.2369 0.148673 0.709763 0.704425 -0.00465793
14.4619 65.2346 -0.405204 0.711839 0.702212 -0.0132686
24.5569 55.6824 0.805434 0.69479 0.719213 0.000473832
25.7255 54.5437 0.795097 0.700985 0.713162 0.00454123
26.7927 53.4788 0.779216 0.713201 0.700949 0.00387255
27.9349 52.3069 0.758735 0.722298 0.691537 0.00788168
29.0675 51.1027 0.734159 0.732911 0.68024 0.0107565
30.1076 49.9825 0.703182 0.732631 0.680533 0.0112572
31.2631 48.7276 0.666919 0.73825 0.674329 0.0163442
32.3665 47.5074 0.622521 0.745834 0.665734 0.0230134
33.3813 46.3666 0.578686 0.748491 0.662538 0.0283833
34.3743 45.2359 0.525404 0.756052 0.653931 0.0275496
35.4123 44.0303 0.462131 0.763257 0.645592 0.0254771
36.482 42.7487 0.394171 0.772474 0.634588 0.0241263
37.469 41.5269 0.323845 0.783597 0.62027 0.0352298
38.4382 40.3038 0.245028 0.787699 0.614699 0.0409217
39.3767 39.1028 0.163094 0.789535 0.612091 0.0444993
40.3125 37.9006 0.0767378 0.790862 0.610308 0.0453893
41.3339 36.5518 -0.0245029 0.803985 0.592765 0.0473052
42.2791 35.2625 -0.124525 0.809404 0.585681 0.0429278
43.2105 33.9763 -0.230965 0.810943 0.583255 0.0467432
44.1026 32.7477 -0.337246 0.810481 0.583578 0.0505714
45.014 31.4694 -0.452323 0.818763 0.571673 0.0530771
45.9281 30.1714 -0.570936 0.818711 0.571691 0.0536773
46.8876 28.8012 -0.701507 0.821634 0.567342 0.0551468
47.7745 27.493 -0.828389 0.832904 0.551842 0.0417249
48.6291 26.2044 -0.953959 0.835798 0.547371 0.0427333
49.538 24.8249 -1.08801 0.836689 0.545911 0.0439768
50.3871 23.5321 -1.21714 0.838164 0.543494 0.0457691
51.2394 22.214 -1.34312 0.842655 0.536025 0.0510865
51.897 21.1899 -1.44187 0.842455 0.536247 0.0520482
51.5227 21.1436 4.85227 0.847948 0.526989 0.0571585
50.6692 22.4847 4.96897 0.842836 0.534853 0.0596602
49.8209 23.8014 5.08522 0.840684 0.537931 0.0622962
48.9993 25.0603 5.19258 0.835948 0.545641 0.0588819
48.101 26.4195 5.29885 0.832412 0.551203 0.0571362
47.243 27.6888 5.39742 0.825094 0.562547 0.0525393
46.3273 29.0227 5.49313 0.824756 0.563275 0.0499939
45.4562 30.2902 5.57934 0.824366 0.563838 0.0500748
44.4716 31.7036 5.66766 0.817257 0.573919 0.0520503
43.5824 32.9601 5.74464 0.816424 0.575063 0.0524773
42.6126 34.3101 5.81829 0.808862 0.585188 0.0574243
41.7225 35.519 5.87693 0.803725 0.592743 0.0517914
40.7842 36.7809 5.93236 0.800884 0.596716 0.050138
39.8117 38.08 5.98518 0.800406 0.597358 0.0501435
38.8704 39.3332 6.02874 0.796173 0.603095 0.0488366
37.8176 40.6776 6.06467 0.782248 0.620965 0.0499122
36.8304 41.908 6.09547 0.777905 0.626162 0.0527735
35.8672 43.0907 6.11569 0.772709 0.632869 0.048966
34.9123 44.2506 6.126 0.769754 0.63641 0.0496002
33.9273 45.4312 6.13565 0.765018 0.641944 0.0515246
33.7647 45.6244 6.13691 0.764125 0.643145 0.0497793
31.1379 48.9881 -4.73296 0.725949 0.687738 0.00382072
32.2514 47.8034 -4.82702 0.731875 0.681424 0.00447588
33.2649 46.6926 -4.91238 0.742701 0.669599 0.00560986
34.3396 45.4583 -5.01157 0.758693 0.651379 0.00955817
35.3451 44.2817 -5.11847 0.765641 0.643073 0.0158266
36.4461 42.965 -5.24344 0.767391 0.640705 0.0246587
37.427 41.7849 -5.36423 0.775191 0.631232 0.024995
38.384 40.6054 -5.48703 0.781488 0.623406 0.0253379
39.358 39.3808 -5.61527 0.784827 0.619388 0.0201295
40.3106 38.168 -5.75103 0.789602 0.613097 0.0253147
41.2467 36.9643 -5.88731 0.790486 0.611912 0.0263724
42.2664 35.6372 -6.04313 0.799645 0.599752 0.0294003
43.1953 34.3817 -6.1923 0.80809 0.587834 0.0379805
44.1396 33.0866 -6.34287 0.811175 0.583576 0.0378626
45.054 31.8177 -6.49381 0.815308 0.577755 0.038358
46.0498 30.4141 -6.66795 0.818695 0.573033 0.0370291
46.9062 29.1886 -6.82663 0.823529 0.56621 0.0347338
47.8439 27.8276 -7.0041 0.827053 0.560814 0.0383621
48.8009 26.4129 -7.17655 0.831451 0.553984 0.0423055
49.6556 25.1393 -7.33165 0.832108 0.553044 0.0416884
50.4835 23.8978 -7.48469 0.836581 0.546355 0.0403589
51.3268 22.5899 -7.64329 0.843786 0.535312 0.0382853
52.1519 21.2974 -7.7894 0.846241 0.531498 0.03723
52.8907 20.1158 -7.918 0.850953 0.523748 0.0395893
54.2846 18.4486 -14.647 0.856017 0.514905 0.0459066
53.4763 19.7516 -14.4735 0.849092 0.526008 0.0485583
52.6343 21.0915 -14.2951 0.846207 0.530398 0.0511064
51.7998 22.3839 -14.1088 0.841483 0.538108 0.0484403
50.9408 23.7096 -13.9027 0.841179 0.538691 0.0472238
50.0957 24.9863 -13.6982 0.832097 0.552526 0.0482625
49.2332 26.2702 -13.5013 0.833827 0.550218 0.0446312
48.3883 27.5239 -13.3081 0.82767 0.559682 0.0414467
47.4734 28.8303 -13.0929 0.820165 0.570285 0.0458809
46.5316 30.165 -12.869 0.818589 0.572486 0.0465929
45.5974 31.4643 -12.6503 0.812488 0.581137 0.0462949
45.4534 31.663 -12.6188 0.811975 0.581743 0.0476751
43.4596 32.4525 11.8573 0.814872 0.575131 0.0721676
44.3345 31.2106 11.8173 0.819515 0.568271 0.0739112
45.1973 29.9607 11.7646 0.823425 0.562202 0.0768103
46.0459 28.7205 11.7134 0.82586 0.558518 0.0775388
46.919 27.4363 11.6447 0.827972 0.555439 0.0771345
47.7943 26.1276 11.5667 0.834255 0.545982 0.0769542
48.6211 24.8663 11.4824 0.837825 0.540703 0.0754311
49.5256 23.4734 11.3897 0.839594 0.538364 0.072431
50.3457 22.1982 11.2921 0.843036 0.532415 0.076318
51.1813 20.8874 11.1822 0.844889 0.529418 0.0766804
51.2033 20.8528 11.179 0.844767 0.52971 0.0760033
51.3349 20.6457 11.1596 0.847023 0.526154 0.0755912
