-10.3758 54.1902 0.65063 -0.533859 0.842945 0.0666299
-10.3637 54.1641 -0.869346 -0.543075 0.831621 -0.116089
-10.3358 53.7463 -2.3882 -0.481244 0.808293 -0.338965
-10.0821 53.1163 -3.90436 -0.443276 0.778034 -0.445162
-8.98702 53.4527 -4.35574 -0.429867 0.745126 -0.509904
-7.62701 54.2182 -4.38475 -0.417137 0.723862 -0.549557
-8.1041 54.7123 -3.23051 -0.467151 0.76001 -0.451745
-8.73391 54.9988 -1.78472 -0.49647 0.819809 -0.285361
-8.96444 55.1324 -0.218907 -0.52505 0.848921 -0.0597373
-8.83776 55.1057 1.40204 -0.543075 0.825435 0.152752
-8.37733 54.9668 2.86186 -0.512826 0.783302 0.351351
-7.63012 54.7617 4.17333 -0.470092 0.741157 0.479223
-6.68884 54.5508 5.32278 -0.434683 0.711465 0.552145
-5.54293 54.3882 6.33934 -0.390072 0.694429 0.604659
-4.18412 54.2623 7.21828 -0.307704 0.691075 0.654014
-2.68815 54.2426 7.86845 -0.239374 0.706816 0.665653
-1.23946 54.2661 8.28315 -0.16879 0.729439 0.662894
0.408466 54.3612 8.49812 -0.0935739 0.750991 0.653648
2.01499 54.423 8.40631 0.0985431 0.779982 0.617979
3.46917 54.4485 7.98339 0.244807 0.813099 0.528147
4.84131 54.3615 7.20671 0.432734 0.786266 0.441053
6.0425 54.1628 6.06525 0.541918 0.781491 0.309126
6.98473 53.7597 5.20983 0.61763 0.76235 0.193276
7.48625 52.9788 6.52062 0.579621 0.778113 0.242028
7.34834 52.6525 7.77926 0.522017 0.809024 0.270146
6.05961 53.0202 8.72357 0.405512 0.839698 0.361203
4.75943 53.1628 9.53072 0.270204 0.806635 0.52567
3.37133 52.9992 10.1774 0.0708641 0.832731 0.549124
1.94476 52.6642 10.7091 -0.0126806 0.802835 0.595852
0.573321 52.2073 11.1261 -0.138068 0.768409 0.624866
-0.749346 51.5273 11.5911 -0.204608 0.742743 0.637549
-2.01181 50.7043 12.0779 -0.252543 0.731273 0.63361
-3.34363 50.6003 11.6161 -0.287503 0.719619 0.632053
-4.54583 50.8883 10.7273 -0.305894 0.707894 0.636639
-5.85426 50.9832 9.95948 -0.336295 0.704505 0.624954
-7.25081 50.897 9.27172 -0.358404 0.700477 0.617154
-8.66451 50.6139 8.73604 -0.378662 0.707108 0.59716
-9.3101 51.1706 7.64731 -0.39358 0.711639 0.581946
-9.44783 52.0583 6.44143 -0.41041 0.716956 0.563505
-9.74283 52.9227 5.04536 -0.435615 0.742502 0.508852
-10.0101 53.5966 3.69365 -0.472565 0.776799 0.416252
-10.267 54.0269 2.10106 -0.522542 0.816159 0.246299
-10.3744 54.1758 0.842671 -0.533855 0.842946 0.066635
-14.952 51.6006 0.719613 -0.428112 0.903352 0.0260023
-14.8512 51.3811 2.32184 -0.455371 0.858934 0.232675
-14.6171 50.9339 3.77365 -0.42573 0.814383 0.394379
-14.2867 50.2729 5.18947 -0.410666 0.751887 0.515771
-14.0831 49.3867 6.56072 -0.399027 0.728005 0.557482
-14.0536 48.4667 7.74814 -0.40132 0.713487 0.574351
-14.1985 47.4163 8.91418 -0.401458 0.698799 0.59204
-14.6127 46.2401 9.99663 -0.404733 0.689267 0.600918
-15.1608 45.0342 11.0009 -0.40785 0.683502 0.605379
-15.8491 43.9261 11.7802 -0.416816 0.679183 0.604132
-14.5393 44.7048 11.7922 -0.406674 0.684527 0.605011
-13.2102 45.4153 11.8666 -0.397099 0.690058 0.605089
-11.8104 46.0881 12.0069 -0.389105 0.694855 0.604791
-10.3397 46.6748 12.2541 -0.37426 0.696391 0.612346
-8.85637 47.129 12.6276 -0.362138 0.698522 0.61719
-7.36057 47.2954 13.29 -0.348607 0.700909 0.622254
-6.07267 47.0278 14.2819 -0.327277 0.703193 0.631191
-5.04345 46.5406 15.3539 -0.320306 0.704905 0.632858
-4.16409 45.8567 16.5529 -0.309722 0.706013 0.636878
-3.53698 45.075 17.7277 -0.304934 0.71127 0.633332
-2.95219 44.254 18.9427 -0.301042 0.718125 0.627429
-2.42904 43.6419 19.9017 -0.298012 0.725572 0.620269
-2.05205 44.7128 18.8415 -0.290482 0.721105 0.62899
-1.50506 45.7625 17.8981 -0.284022 0.717761 0.635728
-0.82304 46.8191 17.0119 -0.271945 0.720849 0.637513
0.163019 47.8501 16.2395 -0.235324 0.739486 0.630686
1.23596 48.708 15.6017 -0.204365 0.746902 0.632748
2.54782 49.3969 15.122 -0.131351 0.778892 0.613235
3.9598 49.8904 14.6906 -0.0470616 0.817749 0.573648
5.41196 50.2363 14.1663 0.0485792 0.838243 0.543128
6.83775 50.4191 13.4742 0.208438 0.869451 0.44723
8.1376 50.3159 12.718 0.364933 0.866483 0.340634
9.37386 50.0447 11.8607 0.475219 0.829136 0.293447
10.5809 49.5891 10.8779 0.540261 0.816029 0.204035
11.6726 48.9985 9.84173 0.629381 0.763481 0.144836
12.7082 48.2376 8.98349 0.660426 0.743366 0.105915
13.7502 47.3524 8.31032 0.691329 0.71759 0.0843502
14.2968 46.8929 7.59051 0.69942 0.711294 0.0698043
13.3806 47.8708 6.71966 0.69301 0.717742 0.0677027
12.4871 48.7969 5.9333 0.683883 0.725885 0.0734353
11.6909 49.6473 4.9088 0.685424 0.724363 0.0741091
10.9944 50.4225 3.74302 0.688441 0.722143 0.0675195
10.499 51.0081 2.44852 0.689511 0.721503 0.0632565
10.1513 51.439 0.982033 0.698086 0.715171 0.0347287
10.1218 51.5008 -0.617324 0.702588 0.711541 -0.00827989
10.4753 51.1074 -2.03224 0.692822 0.720126 -0.0376352
11.1186 50.4168 -3.21323 0.687194 0.724324 -0.0558513
11.9018 49.5991 -4.22514 0.68087 0.729663 -0.0632834
12.7629 48.6969 -5.35217 0.687139 0.723259 -0.06871
13.6331 47.757 -6.44617 0.688161 0.721387 -0.0776868
14.5841 46.7652 -7.31757 0.688854 0.720545 -0.0793472
14.2777 46.9653 -8.09795 0.682812 0.724551 -0.0936502
13.1882 47.8738 -8.68437 0.659882 0.741384 -0.122084
12.111 48.6355 -9.52855 0.624054 0.764364 -0.161761
11.0203 49.2082 -10.5164 0.549171 0.805999 -0.220757
9.91433 49.5706 -11.4879 0.477147 0.820075 -0.315925
8.71001 49.7978 -12.3648 0.377393 0.838423 -0.392925
7.41308 49.8704 -13.1786 0.234332 0.857199 -0.458583
5.99265 49.7591 -13.897 0.0876202 0.841509 -0.53309
4.52945 49.3585 -14.5105 -0.053375 0.811614 -0.58175
3.12319 48.879 -14.9254 -0.156493 0.777804 -0.608658
1.69406 48.1826 -15.3861 -0.202879 0.761574 -0.615504
0.528719 47.3542 -15.9593 -0.247854 0.735977 -0.629969
-0.339712 46.9665 -16.0519 -0.270816 0.726131 -0.631972
-0.485932 47.9641 -14.8185 -0.255367 0.73959 -0.622722
-0.59251 48.8974 -13.6463 -0.256527 0.748547 -0.611447
-0.748313 49.8222 -12.4482 -0.244785 0.751677 -0.612423
-1.21218 50.6744 -11.223 -0.231769 0.75234 -0.616659
-1.94424 51.4104 -10.0763 -0.228404 0.737366 -0.635707
-3.10796 51.7881 -9.23286 -0.234043 0.723411 -0.649539
-4.55788 51.6975 -8.7897 -0.255685 0.713787 -0.652014
-6.09058 51.3621 -8.51169 -0.289719 0.708447 -0.643557
-7.59299 50.6851 -8.54495 -0.321411 0.701551 -0.63602
-8.892 49.8421 -8.80244 -0.340308 0.701077 -0.626643
-10.1916 48.8941 -9.14666 -0.352878 0.698944 -0.622052
-11.4862 47.9481 -9.4611 -0.366764 0.697575 -0.615522
-12.7492 47.0752 -9.68586 -0.380523 0.695634 -0.60934
-13.9898 46.1074 -10.0088 -0.385551 0.69478 -0.60715
-14.455 46.1505 -9.65921 -0.39343 0.693069 -0.604043
-14.1291 47.3008 -8.54581 -0.392873 0.696992 -0.599878
-14.0456 48.4006 -7.29932 -0.404061 0.704602 -0.583328
-14.1319 49.3268 -6.07095 -0.406761 0.724802 -0.556046
-14.4569 50.136 -4.70045 -0.414017 0.751123 -0.514188
-14.7703 50.813 -3.33632 -0.431143 0.784014 -0.446585
-14.9575 51.3577 -1.80841 -0.430418 0.88017 -0.200105
-14.9671 51.5654 -0.310144 -0.444942 0.893255 -0.0633079
-14.9532 51.603 0.614732 -0.428109 0.903353 0.0260087
-4.64294 58.0166 0.052567 -0.565945 0.822331 -0.0542174
-4.39265 58.0803 1.5672 -0.554285 0.809617 0.193103
-3.64066 58.0043 2.88321 -0.433775 0.782569 0.445929
-2.40973 57.842 3.95186 -0.229563 0.797399 0.558082
-0.9363 57.7768 4.45807 -0.0716073 0.782813 0.617787
0.728826 57.6818 4.49907 0.106066 0.792085 0.601122
2.18799 57.5792 4.00657 0.330583 0.795367 0.507911
3.487 57.4389 2.93019 0.52537 0.786056 0.325453
4.22457 57.286 1.63605 0.610979 0.768541 0.1898
4.50355 57.2157 0.157764 0.665333 0.745755 -0.0343897
4.31165 57.1922 -1.32445 0.636048 0.752793 -0.169376
3.64955 57.2271 -2.65999 0.515862 0.791649 -0.327381
2.48229 57.2092 -3.81983 0.337021 0.784974 -0.519791
0.988918 57.2374 -4.40676 0.183669 0.763775 -0.61878
-0.625843 57.2707 -4.41013 -0.105981 0.750949 -0.6518
-2.07978 57.3594 -3.939 -0.248062 0.73575 -0.630189
-3.31282 57.5407 -3.08498 -0.355802 0.759505 -0.544387
-4.21761 57.7886 -1.84733 -0.479815 0.798512 -0.362399
-4.64125 57.9895 -0.262024 -0.576261 0.813977 -0.0732367
-4.64366 57.9982 -0.145468 -0.576261 0.813978 -0.0732363
2.30208 53.777 -8.18566 0.0598019 0.774845 -0.629316
3.76077 53.9321 -7.65813 0.21221 0.806467 -0.55187
5.06914 53.9745 -6.86798 0.349922 0.811887 -0.467228
6.23378 53.9153 -5.78768 0.512437 0.77962 -0.360001
7.13124 53.5101 -5.23008 0.575549 0.76496 -0.289092
7.71073 52.6703 -6.39583 0.546787 0.790973 -0.274565
7.73686 52.2538 -7.57821 0.496328 0.820645 -0.2815
6.44492 52.4975 -8.5368 0.378482 0.831673 -0.406291
5.10484 52.5444 -9.35477 0.244995 0.835103 -0.492523
3.63619 52.4106 -10.0152 0.0846964 0.81809 -0.568818
2.85354 53.2046 -8.91476 0.0101372 0.825466 -0.563862
2.30276 53.776 -8.18686 0.0437947 0.802618 -0.594883
2.3023 53.7765 -8.18634 0.0517964 0.78873 -0.612102
