-49.8451 8.24907 39.5147 -0.597868 0.539297 0.593054
-49.0716 9.48816 39.1763 -0.599772 0.534954 0.595059
-48.2474 10.8221 38.7981 -0.588046 0.540988 0.601277
-47.4748 12.0893 38.4085 -0.588652 0.544913 0.597126
-46.7151 13.3926 37.9716 -0.590188 0.542007 0.598253
-45.9533 14.7455 37.5018 -0.58719 0.541325 0.60181
-45.1908 16.0802 37.0457 -0.581686 0.541499 0.606976
-44.3745 17.459 36.5869 -0.579174 0.547628 0.603871
-43.6284 18.7073 36.1667 -0.573251 0.552259 0.605299
-42.8878 20.0189 35.6578 -0.562299 0.56024 0.608236
-42.1319 21.2817 35.1977 -0.563241 0.553167 0.613813
-41.398 22.5598 34.7267 -0.56507 0.549992 0.614983
-40.6649 23.8524 34.2385 -0.562389 0.56037 0.608033
-39.8776 25.1161 33.7997 -0.557094 0.560075 0.613158
-39.053 26.3807 33.3835 -0.542697 0.568129 0.618625
-38.1792 27.6694 32.9584 -0.536671 0.572682 0.619693
-37.3787 28.9721 32.4413 -0.531778 0.576685 0.620199
-36.5736 30.2048 31.9813 -0.525985 0.579374 0.622628
-35.7542 31.4704 31.4971 -0.524699 0.577898 0.62508
-34.9146 32.7638 31.0021 -0.517616 0.580343 0.62871
-34.1497 33.9604 30.5184 -0.510207 0.58746 0.628156
-33.3214 35.1668 30.0456 -0.506945 0.59864 0.620192
-32.4978 36.3423 29.5825 -0.506221 0.599887 0.619577
-31.6794 37.5154 29.1092 -0.502836 0.606171 0.616208
-30.802 38.6761 28.6717 -0.495752 0.614863 0.613324
-29.9204 39.8979 28.1558 -0.489609 0.617792 0.615318
-29.0601 41.0959 27.6232 -0.479093 0.624557 0.616765
-28.1552 42.3076 27.0877 -0.472799 0.626022 0.620127
-27.2384 43.4934 26.5711 -0.463675 0.635492 0.617379
-26.3656 44.6529 26.0267 -0.457452 0.643273 0.613952
-25.4475 45.8483 25.4444 -0.453775 0.652186 0.607239
-24.4845 47.0344 24.8722 -0.442356 0.654498 0.613151
-23.5366 48.2087 24.3034 -0.440745 0.653109 0.615786
-22.5555 49.355 23.7834 -0.431845 0.660677 0.614016
-21.6386 50.4353 23.263 -0.426933 0.664528 0.613294
-20.7455 51.5091 22.6955 -0.410824 0.675051 0.612805
-19.775 52.5811 22.1626 -0.408776 0.675373 0.613819
-18.8102 53.613 21.6471 -0.386531 0.688641 0.613487
-17.8144 54.6611 21.0793 -0.376376 0.698866 0.608216
-16.7163 55.7911 20.4447 -0.36815 0.702961 0.608532
-15.7328 56.8105 19.8436 -0.356643 0.711138 0.605878
-14.6974 57.8571 19.2151 -0.346404 0.718995 0.602537
-13.7146 58.8415 18.5946 -0.335401 0.722045 0.605106
-12.6962 59.8283 17.9742 -0.327649 0.724323 0.606632
-11.6295 60.6982 17.5061 -0.324551 0.726642 0.605513
-10.2358 60.732 18.1997 -0.313198 0.730337 0.607052
-9.2271 60.4296 19.0731 -0.30731 0.72817 0.61264
-9.35451 59.3546 20.2909 -0.305699 0.728763 0.612742
-9.37378 58.3537 21.4664 -0.305796 0.72595 0.616024
-9.36266 57.3006 22.7043 -0.308142 0.721289 0.620315
-9.37488 56.2887 23.8744 -0.307923 0.721544 0.620127
-9.31444 55.2892 25.074 -0.312718 0.721612 0.617641
-9.30305 54.1877 26.3584 -0.31484 0.715617 0.623512
-9.54257 53.1169 27.4694 -0.323024 0.715009 0.620014
-10.1849 52.0613 28.3382 -0.331614 0.706201 0.625549
-10.8032 50.9907 29.2162 -0.335529 0.708264 0.621112
-11.4006 49.9004 30.1156 -0.353188 0.699336 0.62144
-11.9663 48.8042 31.0187 -0.360015 0.696057 0.621201
-12.5162 47.7046 31.9108 -0.367146 0.685257 0.628989
-12.9676 46.5884 32.8704 -0.371705 0.687761 0.623554
-13.3463 45.4765 33.8608 -0.38036 0.681052 0.625695
-13.7238 44.3017 34.8965 -0.392879 0.674258 0.625316
-14.0791 43.1835 35.8778 -0.39975 0.673336 0.621948
-14.412 42.0622 36.8759 -0.404404 0.671931 0.620457
-14.7036 40.8822 37.9395 -0.414012 0.659129 0.627808
-14.9426 39.7106 39.0035 -0.423351 0.653441 0.627526
-15.1285 38.6141 40.0162 -0.427914 0.650208 0.627789
-15.3301 37.5126 41.019 -0.429647 0.647676 0.62922
-15.4524 36.3886 42.0834 -0.432476 0.642571 0.632508
-15.6027 35.2054 43.1756 -0.440626 0.635477 0.634048
-15.7599 34.0226 44.2413 -0.449015 0.624099 0.639442
-15.8024 32.8809 45.3225 -0.455292 0.619466 0.639508
-15.83 31.7804 46.367 -0.463351 0.614638 0.638378
-15.8869 30.5785 47.4746 -0.467635 0.610346 0.639371
-15.8938 29.4828 48.5135 -0.468202 0.608487 0.640727
-15.8239 28.3534 49.6366 -0.469367 0.606482 0.641774
-15.7543 27.2564 50.7101 -0.474219 0.597146 0.646942
-15.7566 26.09 51.7814 -0.476107 0.591114 0.65108
-15.7617 24.9136 52.8341 -0.477162 0.586418 0.654546
-15.6187 23.8495 53.8939 -0.478608 0.586921 0.653038
-15.4633 22.7646 54.9753 -0.48221 0.579925 0.656628
-15.3079 21.6698 56.0438 -0.481303 0.575278 0.661364
-15.047 20.583 57.1783 -0.481455 0.574676 0.661777
-14.833 19.4763 58.2897 -0.483677 0.569604 0.664536
-14.589 18.389 59.3977 -0.486704 0.567899 0.663784
-14.3306 17.2003 60.5997 -0.485078 0.564721 0.667672
-14.0741 16.1077 61.7017 -0.484392 0.561693 0.67072
-13.7632 14.9761 62.8728 -0.484049 0.560317 0.672117
-13.4786 13.9341 63.9353 -0.483452 0.555721 0.676349
-13.1342 12.918 65.0137 -0.483278 0.553424 0.678354
-12.8083 11.8724 66.0956 -0.480237 0.553209 0.680685
-12.452 10.8303 67.1922 -0.478635 0.551178 0.683455
-13.5335 9.79935 67.2674 -0.477966 0.55228 0.683034
-14.8181 8.97659 67.0345 -0.477642 0.55276 0.682873
-16.1278 8.22156 66.7296 -0.477566 0.553802 0.68208
-17.4214 8.09945 65.9185 -0.480346 0.55471 0.679385
-18.7884 8.1015 64.9494 -0.480551 0.555432 0.67865
-20.0943 8.07954 64.0432 -0.48079 0.55542 0.67849
-21.3859 8.066 63.1363 -0.483634 0.555463 0.676431
-22.6753 8.0335 62.2394 -0.484946 0.555576 0.675398
-23.9105 8.01246 61.3667 -0.486616 0.55616 0.673715
-25.2256 8.01407 60.4105 -0.48942 0.557635 0.670456
-26.4422 8.01302 59.5174 -0.491752 0.557847 0.66857
-27.7435 8.05534 58.5195 -0.494019 0.561325 0.663973
-29.0192 8.05168 57.5666 -0.497949 0.560368 0.661841
-30.3119 8.06917 56.577 -0.499239 0.560001 0.66118
-31.7002 8.06606 55.5204 -0.508721 0.558785 0.65495
-32.9959 8.06787 54.506 -0.515257 0.555899 0.652291
-34.1874 8.10949 53.5199 -0.520193 0.554167 0.649845
-35.4009 8.0928 52.5613 -0.522475 0.552886 0.649105
-36.632 8.11341 51.5383 -0.529886 0.551398 0.644346
-37.881 8.14955 50.4818 -0.534164 0.548285 0.643469
-39.0949 8.13765 49.4736 -0.539691 0.546365 0.640483
-40.2832 8.15366 48.4554 -0.544712 0.545199 0.637216
-41.4984 8.14517 47.4074 -0.552046 0.546078 0.630115
-42.7008 8.15241 46.337 -0.560275 0.543922 0.624693
-43.883 8.16905 45.2588 -0.561856 0.5437 0.623465
-45.0017 8.21547 44.198 -0.567776 0.544284 0.617564
-46.1268 8.19659 43.1741 -0.573203 0.543342 0.613365
-47.2254 8.17947 42.1529 -0.578819 0.543222 0.608177
-48.3925 8.17165 41.0401 -0.590707 0.538217 0.601156
-49.4349 8.23427 39.9417 -0.597692 0.539386 0.59315
-49.7258 8.25443 39.6302 -0.597867 0.539296 0.593055
-52.0843 2.81114 42.1788 -0.60196 0.54041 0.587878
-53.2248 2.77151 41.0283 -0.613538 0.535465 0.580386
-54.3407 2.79542 39.8167 -0.619192 0.534096 0.575623
-55.3406 2.82393 38.6942 -0.638521 0.525243 0.562503
-56.3514 2.8061 37.5538 -0.644088 0.524052 0.557244
-57.4269 2.8083 36.2928 -0.651295 0.520747 0.55194
-58.4068 2.82893 35.1055 -0.657001 0.517461 0.548255
-59.4551 2.83692 33.833 -0.661328 0.516207 0.54422
-60.4388 2.85576 32.6126 -0.666092 0.515603 0.538957
-61.4705 2.85793 31.3272 -0.67173 0.512716 0.534696
-62.4058 2.85046 30.1518 -0.674058 0.515051 0.529498
-63.3275 2.86744 28.9535 -0.677192 0.518001 0.522576
-64.3576 2.80424 27.6781 -0.677288 0.519598 0.520864
-65.306 2.81893 26.4308 -0.676741 0.5213 0.519873
-66.248 2.84924 25.176 -0.671476 0.530238 0.517656
-67.1979 2.81779 23.9634 -0.67304 0.536858 0.508725
-68.1263 2.76332 22.7851 -0.675367 0.542788 0.499254
-69.0364 2.76036 21.5239 -0.683218 0.547894 0.482727
-69.9632 2.77169 20.2042 -0.672469 0.570917 0.470911
-70.422 3.316 18.7891 -0.692722 0.5859 0.420544
-70.7324 3.90081 17.3988 -0.697417 0.594388 0.40039
-70.2451 4.31709 17.6399 -0.706216 0.582646 0.402221
-69.46 4.31561 19.0139 -0.704059 0.569973 0.423594
-68.6275 4.27669 20.358 -0.688883 0.554151 0.46728
-67.782 4.23805 21.6192 -0.686599 0.548458 0.477258
-66.8981 4.21918 22.877 -0.679969 0.536742 0.499549
-65.9132 4.22213 24.1951 -0.678502 0.52937 0.509316
-64.98 4.18067 25.4817 -0.678895 0.525463 0.512826
-64.0559 4.14812 26.7287 -0.678351 0.5218 0.517267
-63.0284 4.1682 28.0507 -0.678507 0.518342 0.520528
-62.0859 4.14862 29.2917 -0.676167 0.515739 0.526129
-61.0999 4.196 30.5045 -0.67322 0.514851 0.530757
-60.0654 4.38323 31.6196 -0.666834 0.514371 0.539217
-58.9667 4.86921 32.5077 -0.662473 0.513553 0.545338
-57.7901 5.59524 33.2465 -0.658418 0.51358 0.550201
-56.664 6.41209 33.8228 -0.6514 0.516538 0.555756
-55.5299 7.43846 34.1851 -0.642954 0.520602 0.561768
-54.4488 8.58258 34.3439 -0.635905 0.524761 0.565907
-53.5039 9.8023 34.2666 -0.628289 0.529061 0.570392
-52.6315 11.0617 34.05 -0.621809 0.529588 0.576967
-51.8258 12.4269 33.6555 -0.615223 0.531324 0.582404
-51.0661 13.8053 33.2118 -0.616559 0.526289 0.585555
-50.3664 15.0717 32.8041 -0.611943 0.530903 0.586231
-49.6525 16.3599 32.3789 -0.606218 0.534497 0.588908
-48.9112 17.6646 31.959 -0.605072 0.533526 0.590963
-48.1387 19.0208 31.5251 -0.600674 0.538872 0.590599
-47.4155 20.2912 31.0925 -0.590185 0.543041 0.597317
-46.6806 21.5559 30.6627 -0.585325 0.544401 0.60085
-45.9571 22.8042 30.2249 -0.578992 0.54775 0.603935
-45.1746 24.165 29.7504 -0.57541 0.544891 0.609914
-44.3911 25.5255 29.2699 -0.571266 0.543627 0.614918
-43.6302 26.7805 28.8561 -0.563699 0.550881 0.615445
-42.8145 28.0857 28.429 -0.559318 0.554597 0.616105
-41.9904 29.4533 27.9275 -0.554122 0.562897 0.613267
-41.177 30.7488 27.4599 -0.547262 0.570361 0.61253
-40.3282 32.0545 26.9988 -0.542252 0.572019 0.615432
-39.511 33.391 26.4724 -0.538831 0.574798 0.615847
-38.7165 34.6391 25.9924 -0.532805 0.582181 0.614154
-37.8359 35.9407 25.5058 -0.52606 0.590443 0.612076
-36.9203 37.2553 25.018 -0.522669 0.594749 0.610812
-36.055 38.5403 24.4913 -0.512179 0.606421 0.608216
-35.1928 39.7456 24.0085 -0.508096 0.609168 0.608895
-34.308 40.9943 23.4875 -0.50312 0.614644 0.607521
-33.4031 42.2609 22.9451 -0.497742 0.619786 0.606728
-32.5149 43.4119 22.4837 -0.491386 0.628132 0.603315
-31.6766 44.5582 21.9638 -0.487298 0.633142 0.601392
-30.7902 45.7194 21.451 -0.483525 0.639039 0.598189
-29.9169 46.8625 20.9249 -0.478111 0.645474 0.595629
-28.9973 48.0412 20.3808 -0.47347 0.646543 0.598171
-28.1321 49.1506 19.8587 -0.469276 0.652668 0.594814
-27.0911 50.426 19.2671 -0.461441 0.657404 0.595729
-26.1395 51.5375 18.7679 -0.459017 0.662866 0.591518
-25.1308 52.7255 18.2034 -0.459707 0.668782 0.584289
-24.1675 53.866 17.6421 -0.4534 0.683553 0.571999
-23.16 54.9796 17.0704 -0.43349 0.693102 0.575922
-22.1616 56.0584 16.5119 -0.435813 0.697699 0.56858
-21.1376 57.1757 15.8874 -0.429494 0.710049 0.558001
-20.0661 58.3068 15.2629 -0.417668 0.717941 0.556878
-19.0189 59.3577 14.6858 -0.403422 0.716557 0.569028
-18.0079 60.3813 14.1073 -0.393601 0.72035 0.571108
-16.9539 61.456 13.4436 -0.377387 0.729831 0.570023
-15.9656 62.503 12.737 -0.363563 0.734264 0.573305
-15.1614 63.574 11.8626 -0.351576 0.738889 0.574836
-14.4572 64.6539 10.9006 -0.350573 0.741205 0.572461
-13.4915 65.3008 10.6598 -0.356604 0.73982 0.570523
-12.1414 65.2671 11.5557 -0.36313 0.732059 0.576386
-10.8879 65.222 12.3905 -0.360722 0.725417 0.586216
-9.49964 65.1484 13.3007 -0.340211 0.715014 0.610747
-8.0679 65.1603 14.0608 -0.323814 0.714842 0.619795
-6.71039 65.1823 14.7098 -0.298587 0.717528 0.629263
-5.21789 65.1827 15.3929 -0.281341 0.72534 0.628275
-3.81511 65.238 15.9432 -0.268181 0.735419 0.622284
-2.39206 65.3066 16.4803 -0.270525 0.743445 0.611642
-1.88445 64.8036 17.3274 -0.28136 0.745777 0.603865
-2.4678 63.7798 18.3121 -0.28715 0.741654 0.606213
-2.8752 62.6722 19.4639 -0.291575 0.736689 0.610142
-3.07197 61.6398 20.6088 -0.2925 0.732582 0.614627
-3.17866 60.6088 21.7773 -0.285825 0.729107 0.621858
-3.16541 59.5987 22.9592 -0.282312 0.726318 0.626707
-3.20607 58.4971 24.2153 -0.276047 0.726717 0.629032
-3.20161 57.5073 25.36 -0.272188 0.728533 0.628612
-3.17572 56.4467 26.6059 -0.273173 0.731826 0.624346
-3.1727 55.4717 27.759 -0.274238 0.737431 0.617241
-3.12861 54.4497 29.0134 -0.28169 0.744304 0.605527
-3.51854 53.4195 30.103 -0.290253 0.746569 0.598647
-4.17464 52.3956 31.053 -0.301133 0.742734 0.598051
-4.95652 51.2627 32.048 -0.322587 0.733311 0.598492
-5.60515 50.1912 33.0062 -0.332256 0.728344 0.599267
-6.22515 49.1286 33.9438 -0.340741 0.724533 0.599122
-6.82311 48.0382 34.9013 -0.365048 0.71229 0.599485
-7.31854 46.8579 35.9865 -0.374189 0.707368 0.599678
-7.68511 45.8072 36.9934 -0.379013 0.705898 0.598379
-8.08306 44.703 38.0401 -0.392164 0.696361 0.601054
-8.51144 43.4994 39.1381 -0.40499 0.688947 0.601107
-8.87405 42.2981 40.2622 -0.409683 0.682906 0.604812
-9.11567 41.1764 41.3453 -0.416624 0.674628 0.609345
-9.30867 40.0453 42.4597 -0.42556 0.669009 0.609365
-9.55048 38.9455 43.4904 -0.42915 0.66267 0.613756
-9.71362 37.8211 44.5807 -0.436604 0.657204 0.614377
-9.83123 36.6796 45.7114 -0.440448 0.653104 0.616003
-9.96552 35.5189 46.8368 -0.444867 0.647558 0.618678
-10.0969 34.33 47.9783 -0.448683 0.642236 0.621463
-10.1722 33.2422 49.0305 -0.455086 0.629621 0.629658
-10.2094 32.0651 50.1777 -0.459181 0.626312 0.62999
-10.1802 30.9091 51.338 -0.46388 0.618812 0.633944
-10.1187 29.7954 52.4652 -0.467833 0.61534 0.63442
-10.0976 28.6639 53.563 -0.477291 0.601083 0.641009
-10.0294 27.5813 54.6256 -0.482 0.597359 0.640967
-9.97502 26.4733 55.6948 -0.483965 0.592032 0.644419
-9.82658 25.4246 56.764 -0.490257 0.58643 0.644785
-9.70895 24.3612 57.8181 -0.489911 0.583136 0.648022
-9.48656 23.268 58.9497 -0.48848 0.573826 0.657352
-9.2671 22.1371 60.1002 -0.490792 0.571224 0.657893
-9.03145 20.9571 61.293 -0.491463 0.567467 0.66064
-8.80313 19.8849 62.3743 -0.488879 0.562298 0.666947
-8.5087 18.8656 63.448 -0.490769 0.558874 0.668434
-8.20584 17.7952 64.558 -0.489155 0.556009 0.671998
-7.92271 16.7462 65.6239 -0.489329 0.55037 0.676498
-7.6025 15.6904 66.7122 -0.489414 0.547825 0.6785
-7.22358 14.6022 67.8594 -0.488293 0.545364 0.681283
-6.83406 13.5418 68.9826 -0.48795 0.541871 0.68431
-6.44372 12.49 70.0891 -0.486735 0.540212 0.686483
-6.11049 11.3441 71.2236 -0.483152 0.539231 0.689777
-5.78255 10.2991 72.2692 -0.480585 0.539516 0.691347
-6.77832 9.22565 72.4169 -0.478256 0.540939 0.69185
-8.08192 8.22949 72.2985 -0.475545 0.543825 0.691456
-9.38974 7.26686 72.1611 -0.473242 0.547413 0.690203
-10.6402 6.37021 72.0174 -0.471837 0.549127 0.689803
-11.9172 5.49302 71.844 -0.471321 0.551327 0.688401
-13.1831 4.68561 71.6248 -0.470712 0.552638 0.687765
-14.5494 3.85471 71.3579 -0.47097 0.55431 0.686242
-15.9043 3.01895 71.1008 -0.473304 0.554759 0.68427
-17.2154 2.75628 70.4053 -0.474458 0.55465 0.683559
-18.4809 2.72802 69.548 -0.47577 0.554566 0.682715
-19.732 2.75213 68.6556 -0.477076 0.555107 0.681363
-20.9819 2.7457 67.7826 -0.479051 0.555837 0.679378
-22.2166 2.7474 66.9086 -0.4805 0.556562 0.67776
-23.5135 2.71973 66.01 -0.481915 0.556817 0.676545
-24.8407 2.71105 65.0701 -0.482988 0.556876 0.675731
-26.0851 2.72799 64.1636 -0.484714 0.557159 0.67426
-27.3647 2.71735 63.2509 -0.486038 0.557945 0.672655
-28.726 2.70802 62.2694 -0.489573 0.558047 0.670001
-29.9843 2.73867 61.3177 -0.495585 0.559856 0.664043
-31.2632 2.73352 60.3559 -0.50257 0.559947 0.658698
-32.6115 2.72696 59.3269 -0.507062 0.558666 0.656339
-33.8157 2.69703 58.4052 -0.516713 0.556162 0.650916
-34.9985 2.70818 57.4593 -0.516676 0.554059 0.652736
-36.1832 2.71136 56.5057 -0.524904 0.556022 0.644448
-37.3828 2.73042 55.5076 -0.528785 0.552117 0.644634
-38.553 2.75402 54.5241 -0.533058 0.549545 0.643311
-39.7696 2.77205 53.4955 -0.535537 0.548606 0.642053
-40.9973 2.76285 52.471 -0.54438 0.547641 0.635404
-42.1952 2.74912 51.4498 -0.547725 0.54872 0.631588
-43.3146 2.77797 50.4452 -0.555477 0.546556 0.626673
-44.4617 2.76283 49.4375 -0.558864 0.545584 0.624507
-45.6867 2.73888 48.3597 -0.560026 0.54526 0.623749
-46.8196 2.79911 47.2855 -0.564615 0.544737 0.620058
-47.972 2.77804 46.2357 -0.574616 0.545833 0.609821
-49.0705 2.78427 45.182 -0.584151 0.539671 0.606236
-50.2395 2.76853 44.0639 -0.586511 0.538432 0.605059
-51.2981 2.78775 43.0002 -0.598606 0.54031 0.591383
-52.0491 2.81114 42.2148 -0.60071 0.540692 0.588897
-70.772 4.22744 -17.5159 -0.716246 0.561993 -0.413709
-70.4783 3.57544 -18.89 -0.713784 0.545991 -0.438641
-70.1048 2.92335 -20.2353 -0.700623 0.535147 -0.471919
-69.2696 2.81462 -21.4631 -0.658558 0.517699 -0.546159
-68.2865 2.83197 -22.6085 -0.65096 0.497208 -0.573617
-67.1851 2.87541 -23.8036 -0.651233 0.477065 -0.590174
-66.1152 2.91887 -24.9456 -0.650951 0.472791 -0.593911
-65.0616 2.93707 -26.0489 -0.641202 0.46077 -0.613637
-63.9464 2.93889 -27.207 -0.638787 0.458722 -0.617677
-62.8066 3.02487 -28.2928 -0.629428 0.447677 -0.635141
-61.7207 2.91524 -29.4293 -0.621155 0.444443 -0.645471
-60.497 2.94028 -30.5803 -0.614297 0.441642 -0.653902
-59.3096 3.0211 -31.631 -0.608828 0.440966 -0.659452
-58.1593 2.96266 -32.723 -0.603111 0.440455 -0.665023
-56.9818 2.97073 -33.7794 -0.599805 0.440273 -0.668127
-55.7752 2.95275 -34.8639 -0.591144 0.443338 -0.673796
-54.5853 2.9947 -35.8723 -0.586165 0.443793 -0.677834
-53.4324 2.95155 -36.8962 -0.583605 0.448049 -0.677241
-52.1777 2.92949 -37.9846 -0.578201 0.454214 -0.677771
-51.0208 2.89145 -38.993 -0.57508 0.452631 -0.681475
-51.3757 3.40102 -38.3547 -0.577951 0.450885 -0.680203
-52.2465 4.06529 -37.1738 -0.57865 0.447299 -0.681973
-52.9047 4.94263 -36.0428 -0.579769 0.445747 -0.68204
-53.1289 6.15441 -35.0632 -0.581162 0.443151 -0.682545
-52.8224 7.55343 -34.4114 -0.578595 0.446921 -0.682268
-51.8429 8.90311 -34.3486 -0.571973 0.450738 -0.685333
-50.6814 9.75829 -34.7469 -0.567745 0.452091 -0.687953
-49.3616 10.3504 -35.44 -0.563276 0.458252 -0.687551
-48.065 10.7985 -36.1962 -0.558795 0.463663 -0.687579
-46.7974 11.1696 -36.9654 -0.550817 0.465901 -0.692487
-45.4595 11.5403 -37.7763 -0.547783 0.467134 -0.69406
-44.0478 11.9785 -38.5816 -0.542091 0.472294 -0.695036
-42.721 12.3805 -39.3406 -0.538755 0.475762 -0.695262
-41.3827 12.7501 -40.1149 -0.532012 0.479085 -0.698167
-40.1224 12.9525 -40.9228 -0.520547 0.485106 -0.702639
-38.6934 13.158 -41.8387 -0.517225 0.489158 -0.702284
-37.3016 13.3802 -42.7081 -0.516838 0.491016 -0.70127
-35.9696 13.5794 -43.552 -0.514262 0.493029 -0.701752
-34.7045 13.7159 -44.3721 -0.506859 0.494973 -0.705759
-33.4144 13.6797 -45.3229 -0.505427 0.496808 -0.705496
-32.1602 13.5931 -46.2803 -0.5053 0.494714 -0.707056
-30.9057 13.5233 -47.2158 -0.49881 0.494827 -0.711572
-29.6122 13.491 -48.14 -0.49487 0.499626 -0.710969
-28.3582 13.4252 -49.0502 -0.487395 0.504076 -0.712989
-27.1905 13.2279 -49.9773 -0.483268 0.502622 -0.716815
-26.0293 12.9279 -50.9695 -0.481305 0.50301 -0.717862
-24.8641 12.5912 -51.9777 -0.476578 0.500306 -0.722888
-23.6876 12.28 -52.966 -0.47326 0.50338 -0.722934
-22.5577 11.9674 -53.9234 -0.471736 0.504197 -0.72336
-21.4315 11.5877 -54.9134 -0.46621 0.50439 -0.726801
-20.322 11.0997 -55.9632 -0.466162 0.502528 -0.72812
-19.2297 10.646 -56.9698 -0.463157 0.500586 -0.731368
-18.0981 10.1669 -58.0133 -0.461626 0.499694 -0.732944
-17.1091 9.47193 -59.1021 -0.458134 0.498654 -0.735838
-16.5491 8.49198 -60.1107 -0.455358 0.494849 -0.740117
-16.5542 7.22327 -60.9404 -0.455917 0.488243 -0.74415
-17.2472 5.75548 -61.4726 -0.458001 0.482369 -0.746694
-18.4541 4.6174 -61.4632 -0.460372 0.481224 -0.745976
-19.8134 3.90407 -61.0797 -0.465979 0.479326 -0.743713
-21.1809 3.31848 -60.5939 -0.469828 0.478031 -0.742124
-22.0403 2.87045 -60.3383 -0.470654 0.480393 -0.740072
-20.7404 2.83967 -61.1815 -0.46913 0.478871 -0.742024
-19.4368 2.92271 -61.9471 -0.464272 0.480251 -0.744185
-18.06 2.95006 -62.7844 -0.460761 0.482115 -0.74516
-16.7673 2.92991 -63.5943 -0.45823 0.481803 -0.746921
-15.4474 2.91154 -64.4117 -0.455717 0.482263 -0.74816
-14.0916 2.93728 -65.2172 -0.452432 0.480596 -0.751221
-12.7728 2.92525 -66.0183 -0.452539 0.477059 -0.753407
-11.3268 2.9102 -66.8929 -0.450067 0.477978 -0.754305
-10.0279 2.89494 -67.677 -0.449339 0.477813 -0.754844
-8.65358 2.91756 -68.4683 -0.441185 0.475691 -0.760969
-7.34238 2.90712 -69.2313 -0.438864 0.473897 -0.763426
-5.95335 2.8879 -70.0423 -0.438809 0.471288 -0.765071
-4.61658 2.87757 -70.8113 -0.436637 0.467079 -0.768886
-3.21598 2.93349 -71.5729 -0.437093 0.465675 -0.769478
-1.77723 2.95858 -72.3717 -0.434551 0.464699 -0.771505
-0.481005 3.34269 -72.87 -0.434035 0.462765 -0.772957
0.595685 4.40376 -72.8394 -0.433853 0.462243 -0.773371
0.302889 5.25519 -72.1665 -0.434774 0.461935 -0.773038
-0.644373 5.96224 -71.2078 -0.437944 0.463048 -0.770579
-1.44095 6.85865 -70.2139 -0.441003 0.463371 -0.768638
-2.07027 7.85441 -69.2477 -0.444542 0.465622 -0.765231
-2.52443 8.94904 -68.313 -0.44683 0.468487 -0.762144
-2.83774 10.1848 -67.364 -0.449168 0.471683 -0.758791
-2.96812 11.549 -66.4221 -0.452638 0.48104 -0.750813
-2.93282 12.818 -65.624 -0.454816 0.485274 -0.746759
-2.935 14.1323 -64.7607 -0.457323 0.490227 -0.741979
-2.94508 15.4221 -63.8977 -0.457141 0.494144 -0.739489
-2.974 16.6802 -63.0293 -0.456873 0.500656 -0.735262
-2.9554 17.9725 -62.1529 -0.45848 0.505618 -0.730853
-2.953 19.3131 -61.217 -0.458017 0.512715 -0.726185
-2.93536 20.6107 -60.2982 -0.457442 0.520695 -0.720849
-2.91857 21.915 -59.3615 -0.456303 0.528211 -0.716087
-2.93926 23.1481 -58.4264 -0.457604 0.535307 -0.709962
-2.91577 24.4612 -57.445 -0.455579 0.541807 -0.70632
-2.92993 25.711 -56.4577 -0.453093 0.550574 -0.701124
-2.94322 26.94 -55.4763 -0.451812 0.557081 -0.696798
-2.9529 28.1308 -54.5082 -0.451455 0.564612 -0.690942
-2.98031 29.3065 -53.5221 -0.449555 0.569644 -0.688045
-3.18882 30.3995 -52.477 -0.448177 0.575551 -0.684016
-3.42463 31.4824 -51.4022 -0.44288 0.583011 -0.681143
-3.6254 32.6405 -50.271 -0.442406 0.590148 -0.675279
-3.77805 33.728 -49.2144 -0.439839 0.593449 -0.674062
-3.97951 34.8492 -48.0983 -0.432089 0.598127 -0.674938
-4.11936 36.0031 -46.9699 -0.426153 0.610814 -0.667308
-4.20082 37.135 -45.877 -0.419972 0.615684 -0.66675
-4.31795 38.2332 -44.7823 -0.41278 0.620898 -0.666407
-4.36939 39.3445 -43.709 -0.410514 0.625884 -0.663135
-4.38885 40.4273 -42.6553 -0.401309 0.637372 -0.657805
-4.40395 41.6072 -41.4978 -0.398289 0.64062 -0.656485
-4.34449 42.7347 -40.4159 -0.389736 0.651804 -0.650582
-4.25394 43.8143 -39.3766 -0.384961 0.661114 -0.643998
-4.18172 44.8784 -38.3201 -0.372528 0.670107 -0.641997
-4.00192 46.032 -37.1979 -0.361828 0.679869 -0.637854
-3.73578 47.192 -36.0966 -0.350606 0.690367 -0.63282
-3.44516 48.2761 -35.0557 -0.34355 0.700241 -0.625806
-3.15786 49.366 -33.9794 -0.333589 0.708924 -0.621406
-3.11822 50.4408 -32.7692 -0.3252 0.715098 -0.618772
-3.12813 51.4781 -31.5615 -0.315985 0.719245 -0.618741
-3.15623 52.4945 -30.3667 -0.310215 0.721005 -0.619611
-3.1689 53.4769 -29.2124 -0.305348 0.723715 -0.618869
-3.17648 54.5454 -27.9533 -0.298582 0.727048 -0.618264
-3.17974 55.6026 -26.7102 -0.293802 0.727991 -0.61944
-3.19574 56.6667 -25.4489 -0.29024 0.730421 -0.618261
-3.17001 57.6795 -24.2554 -0.28793 0.735835 -0.612897
-3.17621 58.719 -23.001 -0.289289 0.736842 -0.611044
-3.14135 59.733 -21.7903 -0.292051 0.738236 -0.60804
-3.07924 60.7175 -20.6222 -0.293307 0.738887 -0.606643
-2.852 61.7969 -19.4129 -0.288034 0.741236 -0.606303
-2.41541 62.8074 -18.3777 -0.283751 0.742675 -0.60655
-1.88438 63.8183 -17.389 -0.280943 0.740154 -0.610937
-1.10713 64.8898 -16.4415 -0.273285 0.742649 -0.611373
-1.85205 65.268 -15.664 -0.264962 0.733008 -0.626493
-3.28358 65.1907 -15.1681 -0.258714 0.726178 -0.636971
-4.77873 65.1963 -14.5426 -0.268301 0.721485 -0.638336
-6.24903 65.1747 -13.9268 -0.28543 0.719544 -0.633077
-7.66745 65.1568 -13.2951 -0.301947 0.719916 -0.62492
-9.10821 65.1446 -12.5823 -0.316755 0.724149 -0.612596
-10.5531 65.1461 -11.8028 -0.331868 0.728543 -0.599224
-11.8632 65.2475 -10.9279 -0.341455 0.73596 -0.584612
-13.1322 65.3122 -10.1121 -0.332386 0.739553 -0.585305
-14.1278 64.6254 -10.4225 -0.324968 0.739601 -0.589395
-14.7393 63.5774 -11.4116 -0.326578 0.742203 -0.585219
-15.4761 62.525 -12.3202 -0.337332 0.734819 -0.588429
-16.446 61.4679 -13.0698 -0.351542 0.730104 -0.585974
-17.488 60.3868 -13.7665 -0.376177 0.721625 -0.581161
-18.5813 59.3141 -14.3889 -0.386737 0.722689 -0.572848
-19.596 58.292 -14.9791 -0.395102 0.717294 -0.57392
-20.6821 57.1949 -15.5973 -0.397863 0.705386 -0.586631
-21.6562 56.1734 -16.1698 -0.404387 0.706599 -0.58068
-22.6369 55.1519 -16.726 -0.403984 0.697576 -0.591764
-23.6404 54.0946 -17.2724 -0.41036 0.686775 -0.599954
-24.6089 53.0123 -17.8524 -0.411172 0.686509 -0.599699
-25.6202 51.8854 -18.4446 -0.415435 0.680907 -0.603142
-26.6191 50.7606 -19.0141 -0.42094 0.67383 -0.607258
-27.6176 49.6077 -19.5884 -0.4233 0.669089 -0.610848
-28.5735 48.487 -20.1203 -0.43095 0.653447 -0.622324
-29.479 47.3991 -20.6255 -0.431591 0.646086 -0.629525
-30.4102 46.262 -21.1443 -0.432846 0.635345 -0.639516
-31.3785 45.0359 -21.6916 -0.439536 0.627238 -0.642947
-32.3266 43.8344 -22.1959 -0.439558 0.616541 -0.653196
-33.2386 42.5653 -22.767 -0.444224 0.608809 -0.65728
-34.0715 41.4134 -23.2638 -0.446471 0.600601 -0.663281
-34.9207 40.1994 -23.7841 -0.446274 0.595594 -0.667912
-35.7957 38.9608 -24.2882 -0.452313 0.582683 -0.675196
-36.664 37.7339 -24.7538 -0.458383 0.57726 -0.675763
-37.5883 36.4539 -25.2075 -0.464271 0.57253 -0.675768
-38.3606 35.2252 -25.6859 -0.476076 0.558088 -0.679625
-39.1473 33.9086 -26.2136 -0.478524 0.555316 -0.680175
-39.9638 32.6566 -26.6451 -0.488048 0.545233 -0.681565
-40.8056 31.334 -27.0887 -0.494117 0.537082 -0.68366
-41.5721 30.0518 -27.5302 -0.502029 0.530361 -0.683143
-42.3435 28.6129 -28.0618 -0.508108 0.519423 -0.687042
-43.0735 27.3332 -28.4841 -0.509147 0.516104 -0.688771
-43.8418 25.9835 -28.9135 -0.515841 0.504927 -0.692064
-44.5589 24.6781 -29.3269 -0.51693 0.502788 -0.692811
-45.2931 23.3573 -29.7335 -0.518714 0.50014 -0.693394
-46.0789 21.9014 -30.1803 -0.528622 0.48934 -0.693618
-46.8039 20.4455 -30.6473 -0.531211 0.484987 -0.694696
-47.4516 19.1407 -31.0519 -0.539313 0.477484 -0.69365
-48.1308 17.8169 -31.429 -0.544586 0.473172 -0.692484
-48.813 16.4399 -31.8298 -0.545574 0.4706 -0.693459
-49.4584 15.1289 -32.2025 -0.552294 0.46445 -0.692284
-50.1055 13.8126 -32.5582 -0.557862 0.456806 -0.692906
-50.7642 12.4039 -32.9472 -0.562708 0.452649 -0.691714
-51.4175 11.0128 -33.3238 -0.565345 0.449721 -0.691474
-52.1806 9.70578 -33.5425 -0.572964 0.448098 -0.686236
-53.1257 8.47748 -33.5477 -0.578512 0.445711 -0.683129
-54.1752 7.33569 -33.3938 -0.586667 0.441403 -0.678959
-55.4282 6.25072 -33.0112 -0.591538 0.440046 -0.675604
-56.6334 5.41686 -32.4868 -0.599766 0.437121 -0.670228
-57.8214 4.77023 -31.8376 -0.60516 0.436783 -0.665584
-59.158 4.24275 -30.9584 -0.610188 0.436971 -0.660853
-60.3816 4.03639 -29.9515 -0.619118 0.436915 -0.652531
-61.502 4.03738 -28.8737 -0.627053 0.439329 -0.643269
-62.5792 4.04764 -27.8041 -0.634527 0.44207 -0.633995
-63.6391 4.06901 -26.7035 -0.647972 0.445296 -0.617935
-64.7404 4.01546 -25.5806 -0.648333 0.454576 -0.610753
-65.8161 4.0619 -24.3719 -0.657065 0.466203 -0.592385
-66.8339 4.09492 -23.2006 -0.662681 0.477966 -0.576544
-67.8608 4.1293 -21.9659 -0.667224 0.489845 -0.561119
-68.8145 4.21681 -20.6823 -0.703015 0.504793 -0.50065
-69.6542 4.24608 -19.4052 -0.712369 0.535259 -0.453904
-70.4676 4.24869 -18.0145 -0.718699 0.559319 -0.413078
-70.7553 4.21405 -17.563 -0.715892 0.561642 -0.414794
-42.94 17.7004 -35.5404 -0.526087 0.486515 -0.697519
-41.6521 18.0155 -36.2901 -0.522894 0.488571 -0.698484
-40.2105 18.3474 -37.1336 -0.519996 0.488361 -0.700791
-38.8802 18.5813 -37.9488 -0.512655 0.490344 -0.704802
-37.6201 18.7473 -38.7462 -0.510396 0.488957 -0.707401
-36.3329 18.9065 -39.5592 -0.507108 0.494641 -0.705813
-35.0597 19.0678 -40.3491 -0.498222 0.504532 -0.705139
-33.7799 19.2161 -41.144 -0.496558 0.505211 -0.705827
-32.4429 19.2645 -42.0498 -0.495871 0.50543 -0.706153
-31.1984 19.2275 -42.9485 -0.490495 0.510176 -0.706493
-29.9768 19.1446 -43.8501 -0.489709 0.508574 -0.708194
-28.7287 19.0932 -44.7457 -0.487576 0.505706 -0.71171
-27.4432 19.0061 -45.6795 -0.479878 0.509151 -0.71448
-26.2111 18.8851 -46.5904 -0.475343 0.513324 -0.714526
-24.973 18.7436 -47.5101 -0.469833 0.514943 -0.717001
-23.7207 18.5169 -48.4949 -0.470503 0.516476 -0.715458
-22.5622 18.2755 -49.433 -0.472158 0.516466 -0.714374
-21.4088 17.9563 -50.4259 -0.471444 0.515598 -0.715471
-20.2842 17.5618 -51.4435 -0.469187 0.512958 -0.718845
-19.1753 17.2197 -52.4065 -0.46404 0.513496 -0.721795
-18.0581 16.8613 -53.375 -0.462161 0.511674 -0.724291
-16.9853 16.427 -54.366 -0.463291 0.510491 -0.724402
-15.8754 15.9564 -55.4101 -0.466355 0.508404 -0.723905
-14.8196 15.4496 -56.4465 -0.46694 0.508532 -0.723438
-13.7813 14.9468 -57.4729 -0.469313 0.507847 -0.722382
-12.8385 14.1583 -58.6177 -0.458147 0.499749 -0.735087
-12.0068 13.2083 -59.7739 -0.456912 0.496819 -0.737836
-11.3877 12.1877 -60.8441 -0.457492 0.495643 -0.738267
-10.9783 11.056 -61.854 -0.457957 0.49305 -0.739714
-10.8265 9.77664 -62.795 -0.457676 0.486175 -0.744424
-10.6722 8.59043 -63.6583 -0.455208 0.482878 -0.748074
-9.36032 8.55249 -64.4815 -0.455788 0.480053 -0.749538
-8.67321 9.25052 -64.4504 -0.456644 0.481641 -0.747996
-8.68813 10.5949 -63.5708 -0.455358 0.487743 -0.744819
-8.6761 11.9285 -62.6982 -0.456106 0.492036 -0.74153
-8.68347 13.2162 -61.8342 -0.456561 0.49726 -0.737756
-8.69719 14.5938 -60.8939 -0.45368 0.499888 -0.737758
-8.70963 15.9761 -59.9472 -0.455104 0.5015 -0.735784
-8.72184 17.28 -59.0449 -0.453903 0.50752 -0.732387
-8.68522 18.6157 -58.1225 -0.455821 0.518638 -0.723354
-8.65559 19.9143 -57.1995 -0.452577 0.52793 -0.718654
-8.66088 21.1649 -56.2732 -0.452719 0.532 -0.715557
-8.6609 22.4306 -55.3268 -0.450763 0.537503 -0.712674
-8.66534 23.6579 -54.3929 -0.45265 0.54154 -0.708409
-8.71078 24.827 -53.4497 -0.452902 0.551382 -0.700612
-8.71871 26.1729 -52.384 -0.451994 0.553552 -0.699487
-8.7756 27.3573 -51.3914 -0.444505 0.568708 -0.692088
-8.99955 28.4665 -50.3357 -0.440152 0.571428 -0.692628
-9.19037 29.6647 -49.2228 -0.438282 0.575038 -0.690825
-9.36116 30.7998 -48.1614 -0.435369 0.579518 -0.688922
-9.61495 31.913 -47.0754 -0.431045 0.574817 -0.695547
-9.81854 33.0922 -45.9679 -0.426229 0.586247 -0.688943
-9.95176 34.2217 -44.9264 -0.418458 0.587017 -0.693039
-10.0986 35.4322 -43.8013 -0.411635 0.599668 -0.686261
-10.1863 36.5785 -42.7237 -0.408737 0.610991 -0.677956
-10.1722 37.7023 -41.7164 -0.408951 0.615637 -0.67361
-10.2028 38.8006 -40.6851 -0.401973 0.621813 -0.672135
-10.2846 39.9312 -39.5918 -0.39917 0.622957 -0.672746
-10.2558 41.091 -38.5253 -0.395814 0.628881 -0.669208
-10.2191 42.1961 -37.5054 -0.388383 0.634558 -0.668202
-10.1403 43.3858 -36.4107 -0.38064 0.645197 -0.662435
-9.98617 44.5307 -35.3717 -0.368959 0.65591 -0.658522
-9.80338 45.6932 -34.2978 -0.368096 0.666532 -0.648259
-9.56077 46.8498 -33.2305 -0.358577 0.677476 -0.642222
-9.28001 48.0509 -32.1099 -0.354388 0.68186 -0.639903
-9.22538 49.2074 -30.9024 -0.351266 0.683269 -0.640122
-9.22544 50.3069 -29.7133 -0.341136 0.693895 -0.634139
-9.26702 51.3747 -28.5094 -0.331278 0.701036 -0.631509
-9.2909 52.4442 -27.3109 -0.325332 0.703579 -0.631767
-9.35767 53.5008 -26.0959 -0.316642 0.707776 -0.631498
-9.37743 54.5061 -24.9546 -0.310466 0.713609 -0.62799
-9.35572 55.5079 -23.8242 -0.305784 0.716869 -0.626574
-9.37613 56.5514 -22.6142 -0.29672 0.720738 -0.626494
-9.33385 57.6298 -21.3829 -0.292987 0.726558 -0.621508
-9.27989 58.6347 -20.2306 -0.291426 0.729237 -0.6191
-9.17696 59.7003 -19.0245 -0.29104 0.729927 -0.618467
-9.09422 60.7203 -17.857 -0.286527 0.731847 -0.618305
-10.5991 60.7787 -17.0762 -0.295957 0.730685 -0.615224
-11.8401 60.0738 -17.3084 -0.302593 0.728426 -0.614669
-12.8348 59.0674 -17.9949 -0.311383 0.722793 -0.616937
-13.7905 58.0848 -18.6377 -0.325418 0.713052 -0.621015
-14.821 57.0687 -19.247 -0.338151 0.710946 -0.616612
-15.8273 56.0741 -19.8324 -0.343865 0.706569 -0.618479
-16.8049 55.077 -20.4134 -0.354342 0.700371 -0.619612
-17.8422 54.0245 -20.9885 -0.36932 0.694425 -0.617556
-18.872 52.9635 -21.5605 -0.371898 0.691477 -0.619314
-19.8527 51.9194 -22.1324 -0.372338 0.688693 -0.622146
-20.804 50.8917 -22.6825 -0.372085 0.678571 -0.633319
-21.7708 49.8016 -23.2487 -0.399673 0.667615 -0.628133
-22.7127 48.7223 -23.7659 -0.406873 0.649057 -0.642787
-23.5945 47.6035 -24.3273 -0.409182 0.64376 -0.646639
-24.6129 46.4195 -24.855 -0.425116 0.63708 -0.642934
-25.599 45.2291 -25.3658 -0.423355 0.623945 -0.656858
-26.5215 44.08 -25.8512 -0.425623 0.619226 -0.659851
-27.4284 42.9315 -26.3435 -0.433829 0.614633 -0.658792
-28.2917 41.7584 -26.8516 -0.443815 0.604225 -0.66177
-29.1177 40.6042 -27.3488 -0.447022 0.600745 -0.66278
-29.9154 39.4378 -27.8527 -0.454016 0.590972 -0.6668
-30.8049 38.1895 -28.3465 -0.4556 0.587669 -0.668635
-31.7093 36.8946 -28.849 -0.459625 0.574783 -0.67703
-32.5855 35.6761 -29.2871 -0.4599 0.573409 -0.678008
-33.4405 34.4079 -29.7659 -0.466248 0.560474 -0.684455
-34.2279 33.1437 -30.2547 -0.467404 0.555033 -0.688092
-35.008 31.8935 -30.7227 -0.475682 0.548624 -0.687559
-35.7646 30.6622 -31.1747 -0.479478 0.545777 -0.687189
-36.4902 29.4292 -31.6422 -0.485622 0.538564 -0.688564
-37.3062 28.1073 -32.0905 -0.487964 0.533268 -0.691026
-38.0785 26.7614 -32.5662 -0.4983 0.522239 -0.692071
-38.8273 25.4747 -32.9904 -0.501738 0.517261 -0.693325
-39.5453 24.1641 -33.4352 -0.511274 0.510046 -0.691703
-40.2676 22.8678 -33.857 -0.51491 0.507867 -0.690608
-41.0255 21.5008 -34.2908 -0.518786 0.502932 -0.691318
-41.7493 20.1031 -34.7468 -0.527459 0.490597 -0.693615
-42.4465 18.7516 -35.1724 -0.526252 0.491746 -0.693718
-42.8926 17.8623 -35.4627 -0.525898 0.488063 -0.696582
-35.9972 25.707 -34.859 -0.49473 0.525132 -0.692444
-34.604 26.1781 -35.4915 -0.492043 0.531026 -0.689859
-33.182 26.6552 -36.1209 -0.476331 0.540065 -0.693857
-31.8392 27.0985 -36.6987 -0.477643 0.538842 -0.693907
-30.4343 27.5627 -37.298 -0.473118 0.544822 -0.692336
-29.0629 28.0125 -37.8722 -0.468888 0.548854 -0.692029
-27.6212 28.4848 -38.4686 -0.464805 0.551013 -0.693066
-26.2151 28.9407 -39.0397 -0.458448 0.553895 -0.695001
-24.8688 29.3741 -39.5769 -0.456986 0.555647 -0.694565
-23.3906 29.8536 -40.1663 -0.455446 0.557089 -0.694421
-21.9588 30.314 -40.7246 -0.447202 0.561201 -0.696465
-20.5875 30.7509 -41.2519 -0.443137 0.56618 -0.695032
-19.1539 31.2011 -41.7914 -0.434149 0.576769 -0.691991
-17.7035 31.6486 -42.3249 -0.431551 0.581219 -0.68989
-16.3431 32.0664 -42.8171 -0.425362 0.581164 -0.693769
-14.9401 32.4944 -43.3172 -0.424348 0.581415 -0.69418
-13.5053 32.9332 -43.8286 -0.426388 0.582135 -0.692324
-13.0396 33.0766 -43.9953 -0.427506 0.581626 -0.692062
-13.2821 37.5018 -40.0038 -0.414778 0.605618 -0.679106
-14.651 37.0862 -39.5364 -0.416494 0.604585 -0.678977
-16.0434 36.6667 -39.0593 -0.415318 0.603733 -0.680454
-17.485 36.231 -38.5635 -0.420107 0.600872 -0.680046
-18.9156 35.7921 -38.0565 -0.42142 0.589321 -0.689279
-20.4003 35.3352 -37.523 -0.434202 0.584156 -0.685733
-21.8175 34.893 -37.0001 -0.43391 0.580971 -0.688618
-23.1957 34.4612 -36.4841 -0.441284 0.576088 -0.688034
-24.6602 34.0014 -35.9282 -0.443367 0.573591 -0.68878
-26.0626 33.556 -35.385 -0.450081 0.567388 -0.689564
-27.4929 33.1011 -34.8237 -0.454548 0.564381 -0.689101
-28.9023 32.6524 -34.2617 -0.453646 0.557708 -0.695103
-30.3425 32.1942 -33.681 -0.463223 0.552294 -0.693106
-31.7123 31.7473 -33.1045 -0.47281 0.548231 -0.68985
-32.4919 31.4924 -32.7728 -0.47298 0.548185 -0.68977
-28.6706 37.2037 -30.6298 -0.449847 0.583102 -0.676483
-27.2239 37.6611 -31.192 -0.444908 0.583974 -0.678993
-25.8162 38.0918 -31.7176 -0.427742 0.594311 -0.681052
-24.3567 38.538 -32.2539 -0.435203 0.594524 -0.676121
-23.0068 38.9609 -32.753 -0.436514 0.594419 -0.675368
-21.6201 39.392 -33.2575 -0.431072 0.601031 -0.673007
-20.2246 39.8261 -33.758 -0.428096 0.599526 -0.676241
-18.6939 40.2925 -34.2878 -0.407282 0.605897 -0.683381
-17.274 40.7084 -34.7539 -0.399413 0.619351 -0.675924
-15.7481 41.1553 -35.2491 -0.398676 0.618508 -0.67713
-14.3692 41.5581 -35.6883 -0.39313 0.622781 -0.676456
-13.1881 41.8999 -36.0525 -0.390235 0.62784 -0.67345
-12.5464 46.2725 -32.1471 -0.369791 0.663613 -0.650287
-14.015 45.8583 -31.724 -0.376351 0.651739 -0.65848
-15.4578 45.4527 -31.2983 -0.378804 0.648444 -0.660324
-16.8785 45.0485 -30.8686 -0.386549 0.640965 -0.663131
-18.3665 44.6206 -30.406 -0.391686 0.631594 -0.669082
-19.7693 44.2156 -29.963 -0.392488 0.628953 -0.671097
-21.346 43.7558 -29.4498 -0.41072 0.614253 -0.673797
-22.7536 43.3296 -28.9663 -0.418237 0.612504 -0.670758
-24.2929 42.8558 -28.4225 -0.426998 0.614608 -0.663272
-24.6224 42.7552 -28.3055 -0.424084 0.616704 -0.663196
-20.162 48.2213 -25.8456 -0.387439 0.656676 -0.647046
-18.6822 48.6379 -26.2877 -0.3745 0.664388 -0.646791
-17.2886 49.0191 -26.6934 -0.369178 0.66845 -0.645664
-15.8187 49.419 -27.1108 -0.357572 0.674256 -0.646159
-14.2963 49.8185 -27.5173 -0.345894 0.680177 -0.64631
-12.7281 50.2248 -27.9286 -0.345327 0.680975 -0.645772
-12.4128 50.3065 -28.0107 -0.343242 0.681069 -0.646784
-12.5832 54.1314 -23.7581 -0.325683 0.70546 -0.62949
-14.0453 53.7634 -23.3964 -0.338577 0.699581 -0.629247
-15.3376 53.4316 -23.065 -0.34519 0.695022 -0.630705
-12.1387 28.7143 -48.1386 -0.434859 0.56572 -0.700613
-13.5347 28.2858 -47.6222 -0.432361 0.565855 -0.702049
-14.9051 27.8662 -47.1153 -0.433186 0.56618 -0.701278
-16.3275 27.4286 -46.5883 -0.433769 0.561006 -0.705065
-17.7709 26.9806 -46.0422 -0.441566 0.552929 -0.706604
-19.2257 26.5258 -45.4866 -0.443368 0.553912 -0.704703
-20.6515 26.0715 -44.928 -0.455113 0.540321 -0.707761
-22.006 25.6313 -44.3837 -0.457691 0.534037 -0.710861
-23.5199 25.1387 -43.7794 -0.457536 0.529876 -0.714067
-24.905 24.687 -43.2176 -0.464266 0.524174 -0.713932
-26.2791 24.2371 -42.6524 -0.467048 0.525232 -0.711335
-27.6862 23.7688 -42.0629 -0.479389 0.519154 -0.707577
-29.0576 23.3002 -41.4699 -0.483554 0.519866 -0.704212
-30.4703 22.8164 -40.8545 -0.48658 0.514634 -0.705968
-31.8179 22.3534 -40.258 -0.489668 0.510286 -0.706989
-32.9237 21.9733 -39.7661 -0.490688 0.50931 -0.706986
-21.3932 21.0403 -48.1891 -0.46736 0.524897 -0.711377
-20.062 21.4825 -48.7375 -0.467509 0.525568 -0.710784
-18.5996 21.9637 -49.3373 -0.460589 0.526066 -0.714921
-17.2625 22.3917 -49.8761 -0.456833 0.527259 -0.716451
-15.8858 22.8301 -50.4287 -0.453864 0.534213 -0.713179
-14.5383 23.2556 -50.9631 -0.450027 0.548296 -0.704873
-13.1227 23.7004 -51.5186 -0.448094 0.551393 -0.703689
-11.7776 24.1183 -52.0467 -0.447349 0.551404 -0.704154
-11.6613 19.3465 -55.7256 -0.452362 0.520935 -0.723875
-13.0936 18.8924 -55.1361 -0.466672 0.513704 -0.719949
-14.122 18.5612 -54.7029 -0.467349 0.511737 -0.720909
-13.9179 55.5227 22.3773 -0.348163 0.707549 0.614945
-12.4571 55.9114 22.7371 -0.331104 0.712565 0.618563
-13.2466 51.9043 26.8307 -0.360683 0.690491 0.627001
-14.6618 51.4973 26.4559 -0.367862 0.687654 0.625947
-16.1537 51.0632 26.0507 -0.372976 0.683679 0.627273
-17.566 50.6477 25.657 -0.382274 0.68046 0.625173
-18.945 50.2239 25.2491 -0.395532 0.668129 0.630205
-15.4986 47.3474 30.5253 -0.390932 0.680783 0.619441
-17.0551 46.8551 30.0622 -0.401562 0.673189 0.620938
-18.4652 46.4003 29.6272 -0.41385 0.661521 0.625395
-19.9722 45.9084 29.1479 -0.416633 0.655256 0.630124
-21.3696 45.4502 28.6931 -0.424288 0.651743 0.628658
-22.7659 44.9886 28.2261 -0.428042 0.648222 0.629753
-23.5155 44.7386 27.9709 -0.432188 0.645892 0.629315
-27.8035 39.0891 30.5586 -0.463091 0.620579 0.632795
-26.4426 39.5737 31.077 -0.46113 0.621347 0.633472
-25.0652 40.0665 31.5958 -0.460054 0.624804 0.630849
-23.5969 40.5815 32.1305 -0.44333 0.641071 0.626487
-22.2473 41.0501 32.6092 -0.444947 0.643033 0.623323
-20.7716 41.5645 33.1263 -0.437786 0.647145 0.624136
-19.3401 42.0516 33.6072 -0.428366 0.649175 0.628549
-17.9834 42.5121 34.054 -0.421322 0.654682 0.627598
-17.0735 42.8122 34.3418 -0.408598 0.663204 0.627063
-17.9844 38.3481 38.3385 -0.433069 0.648826 0.62568
-19.3837 37.8537 37.8512 -0.44711 0.642046 0.622791
-20.7827 37.3578 37.3554 -0.450443 0.632394 0.630221
-22.1779 36.8619 36.8528 -0.450533 0.623398 0.639058
-23.7226 36.3161 36.2904 -0.462255 0.614138 0.639652
-25.0671 35.8201 35.7726 -0.475995 0.610481 0.633042
-26.4019 35.3244 35.2485 -0.473566 0.61114 0.634227
-27.7281 34.8364 34.7248 -0.4764 0.608008 0.635113
-29.0502 34.3471 34.1944 -0.48368 0.606471 0.631067
-30.3721 33.8461 33.6438 -0.495601 0.598966 0.628983
-31.769 33.3105 33.0501 -0.499546 0.595975 0.628703
-32.0498 33.201 32.9281 -0.505139 0.593232 0.626825
-35.9119 27.2376 35.2799 -0.529055 0.573378 0.625571
-34.6124 27.7737 35.8885 -0.527113 0.575839 0.62495
-33.3238 28.2925 36.4775 -0.509647 0.583911 0.631909
-31.9783 28.8167 37.066 -0.503019 0.581063 0.639795
-30.563 29.3661 37.6743 -0.497547 0.582439 0.642816
-29.1688 29.8923 38.251 -0.486492 0.589846 0.644521
-27.7757 30.4254 38.829 -0.494347 0.591406 0.637071
-26.39 30.9576 39.3996 -0.487634 0.596849 0.637169
-25.0183 31.4802 39.9541 -0.482316 0.597882 0.64024
-23.5514 32.03 40.5313 -0.47302 0.607664 0.637963
-22.114 32.5611 41.0832 -0.468378 0.611002 0.6382
-20.7651 33.0565 41.5941 -0.465983 0.611751 0.639234
-19.2449 33.6148 42.1608 -0.461605 0.614933 0.639358
-18.6391 33.8352 42.384 -0.456068 0.620837 0.637623
-18.794 29.3349 46.526 -0.473347 0.599093 0.645779
-20.1968 28.8126 45.9825 -0.471924 0.598295 0.647557
-21.6489 28.2763 45.4234 -0.4703 0.598811 0.648262
-22.972 27.7878 44.9121 -0.474051 0.595901 0.648211
-24.3111 27.2828 44.3782 -0.488505 0.588205 0.644498
-25.7184 26.7413 43.8023 -0.489942 0.587 0.644506
-27.1709 26.1849 43.205 -0.490109 0.587004 0.644375
-28.5843 25.6398 42.6167 -0.498149 0.584958 0.640056
-29.9689 25.0945 42.0236 -0.504449 0.581229 0.638517
-31.3369 24.5551 41.4329 -0.505502 0.580312 0.638518
-32.6744 24.0281 40.8521 -0.506039 0.57881 0.639455
-34.0087 23.4889 40.2549 -0.526445 0.571696 0.629301
-35.414 22.908 39.6041 -0.526783 0.57249 0.628295
-36.7388 22.3627 38.9896 -0.527817 0.57246 0.627454
-38.1629 21.7631 38.3101 -0.54502 0.562766 0.621488
-39.5527 21.1655 37.6288 -0.546869 0.560569 0.621849
-39.8546 21.0354 37.4806 -0.547722 0.559291 0.622249
-43.4805 14.7895 39.7826 -0.563715 0.54659 0.619245
-42.2074 15.363 40.4233 -0.557204 0.550409 0.621751
-40.9556 15.9239 41.0484 -0.555978 0.551748 0.621661
-39.697 16.4813 41.668 -0.548733 0.554477 0.625658
-38.3315 17.0805 42.3309 -0.546684 0.553633 0.628194
-37.0695 17.63 42.9382 -0.540815 0.555941 0.631228
-35.7661 18.1866 43.5502 -0.530409 0.553848 0.641809
-34.4474 18.732 44.1477 -0.517777 0.561733 0.645263
-33.1514 19.2622 44.7265 -0.517181 0.566064 0.641946
-31.7727 19.8226 45.3376 -0.514911 0.568012 0.64205
-30.3424 20.406 45.9716 -0.516251 0.56889 0.640195
-29.02 20.9325 46.5433 -0.500204 0.579174 0.643703
-27.7084 21.4457 47.099 -0.498278 0.581742 0.64288
-26.3766 21.9608 47.6558 -0.492901 0.584688 0.644351
-25.0314 22.4765 48.212 -0.489481 0.584499 0.647124
-23.653 22.9923 48.7658 -0.474352 0.590014 0.653355
-22.272 23.5018 49.3092 -0.475279 0.589258 0.653364
-20.902 24.0176 49.8535 -0.486051 0.586753 0.64767
-19.5831 24.5223 50.3858 -0.485323 0.585556 0.649297
-18.6317 24.8846 50.7692 -0.480947 0.588117 0.650237
-18.1211 20.4425 55.0609 -0.483264 0.575357 0.659864
-19.6012 19.8879 54.4574 -0.484603 0.574422 0.659696
-20.9648 19.3761 53.9013 -0.483481 0.575788 0.659329
-22.3194 18.8703 53.3539 -0.482071 0.574928 0.661109
-23.7127 18.3499 52.7889 -0.484112 0.573371 0.66097
-25.0745 17.8342 52.226 -0.490916 0.569104 0.659638
-26.4464 17.3109 51.6549 -0.492086 0.565748 0.66165
-27.7558 16.8027 51.1033 -0.499203 0.558372 0.662583
-29.1735 16.2355 50.4909 -0.510266 0.554487 0.657398
-30.6173 15.6534 49.8687 -0.507317 0.560135 0.654888
-32.0578 15.0653 49.238 -0.51704 0.559706 0.64761
-33.4597 14.4869 48.6191 -0.516709 0.559948 0.647665
-34.7638 13.9498 48.0449 -0.516499 0.558291 0.649261
-36.1295 13.3839 47.4381 -0.522629 0.553155 0.648751
-37.499 12.8019 46.82 -0.529305 0.552807 0.643615
-38.8684 12.2101 46.1861 -0.542342 0.554219 0.631432
-40.1846 11.6196 45.5569 -0.552673 0.547738 0.628121
-41.5121 11.0117 44.9049 -0.560056 0.546636 0.622516
-41.7947 10.8813 44.7651 -0.56045 0.547189 0.621675
-31.2245 10.7496 53.5937 -0.505315 0.56096 0.655729
-29.8955 11.2834 54.1608 -0.504317 0.561406 0.656116
-28.5985 11.8028 54.7096 -0.502269 0.559391 0.659399
-27.2357 12.3406 55.2867 -0.499666 0.557185 0.663233
-25.906 12.8597 55.8503 -0.497906 0.556206 0.665376
-24.5675 13.3744 56.4093 -0.490317 0.560136 0.66771
-23.1947 13.8938 56.9731 -0.486413 0.564769 0.666662
-21.8778 14.388 57.5148 -0.485861 0.564391 0.667384
-20.431 14.9243 58.1061 -0.481106 0.566628 0.668932
-19.1014 15.4134 58.6486 -0.481507 0.56612 0.669073
-17.7135 15.9253 59.2181 -0.485183 0.564227 0.668016
-17.1548 16.1317 59.4497 -0.485779 0.564259 0.667556
-16.1119 11.8225 63.7997 -0.480865 0.5582 0.676152
-17.4313 11.3465 63.2563 -0.483011 0.555625 0.676744
-18.8839 10.8147 62.6562 -0.482717 0.558156 0.674868
-18.9385 10.7947 62.6337 -0.482191 0.558296 0.675127
