19.8415 61.129 -0.962994 0.681181 0.731957 -0.0151984
20.4788 60.5173 -1.95266 0.679565 0.733423 -0.0168162
21.5359 59.5283 -2.4654 0.678797 0.734104 -0.0180686
22.6251 58.5053 -3.04936 0.679257 0.733628 -0.020026
23.6731 57.5073 -3.67002 0.684017 0.729197 -0.0198052
24.7942 56.4329 -4.28823 0.6909 0.722688 -0.0193904
25.839 55.4039 -4.87752 0.699152 0.71475 -0.0178251
26.9345 54.3063 -5.53125 0.701974 0.71203 -0.0156466
27.9763 53.2733 -6.10108 0.70066 0.713445 -0.00851725
29.0075 52.2455 -6.50107 0.706093 0.708065 -0.00868941
30.1634 51.0914 -6.67987 0.705614 0.708517 -0.0106319
31.2621 49.9804 -6.83044 0.714681 0.699438 -0.00420671
32.3386 48.8531 -7.00749 0.729188 0.684309 0.00145945
33.4103 47.6923 -7.25005 0.73836 0.674406 -0.000841852
34.4575 46.5351 -7.55588 0.746793 0.665002 0.00850187
35.4333 45.429 -7.83163 0.75397 0.656676 0.0169082
36.4431 44.2581 -8.2123 0.764114 0.644809 0.018612
37.3845 43.1494 -8.63901 0.766402 0.642043 0.0202355
38.4061 41.9384 -9.07328 0.770221 0.637373 0.0227139
39.415 40.719 -9.54074 0.779618 0.62594 0.0198783
40.3085 39.6109 -10.0582 0.78448 0.619704 0.0236217
41.2183 38.4822 -10.6121 0.784749 0.619297 0.0253117
42.1148 37.3508 -11.1642 0.793323 0.608284 0.0250795
42.9965 36.234 -11.7435 0.78912 0.613139 0.036747
43.874 35.1308 -12.3506 0.795721 0.604451 0.0382993
44.7562 33.9895 -13.0017 0.80415 0.593298 0.036614
45.5817 32.9038 -13.6375 0.810367 0.58415 0.0453935
46.4027 31.8076 -14.316 0.813474 0.579914 0.0442624
47.2428 30.6797 -15.0009 0.815134 0.577506 0.0452113
48.1582 29.4235 -15.7452 0.824032 0.564915 0.0429212
48.9848 28.2692 -16.4805 0.824941 0.563697 0.0414545
49.7792 27.152 -17.1992 0.828684 0.558034 0.0433696
50.5467 26.0666 -17.9362 0.829517 0.556554 0.0463575
51.3977 24.8683 -18.7448 0.831851 0.552526 0.0522668
52.2014 23.7205 -19.5844 0.84006 0.539574 0.0562009
52.9534 22.6221 -20.3607 0.845344 0.531352 0.0553029
53.7053 21.5091 -21.2355 0.848182 0.526968 0.0537883
54.4238 20.4161 -22.0364 0.854753 0.516481 0.0513977
55.1753 19.2269 -22.6442 0.858945 0.509304 0.0531254
55.9479 17.95 -23.1145 0.865643 0.498083 0.0507148
56.683 16.6835 -23.505 0.8733 0.485027 0.045785
57.4325 15.3577 -23.9342 0.878413 0.475892 0.0437742
58.1776 14.0061 -24.396 0.882493 0.468507 0.0413114
58.9302 12.5993 -24.7757 0.886861 0.460696 0.0351632
59.6283 11.2763 -25.1895 0.889381 0.456152 0.0304144
60.2953 9.9958 -25.6134 0.892673 0.449827 0.0280331
60.9624 8.69061 -26.0837 0.894034 0.447386 0.0234567
61.1867 8.19251 -25.0737 0.893491 0.448579 0.0211998
61.1684 8.15604 -23.4284 0.89057 0.454504 0.0175906
61.1399 8.14903 -21.8144 0.888558 0.45844 0.0172424
61.1282 8.11028 -20.2112 0.886667 0.46205 0.0182041
60.676 8.93935 -19.3345 0.885275 0.46472 0.0180066
59.9071 10.3763 -18.7701 0.882857 0.469187 0.0206661
59.2718 11.5216 -18.0205 0.879376 0.47552 0.0240515
58.6806 12.5542 -17.0666 0.876657 0.480269 0.0285438
58.1544 13.4364 -15.9117 0.874608 0.483684 0.033319
57.6799 14.1891 -14.5398 0.871928 0.488381 0.0350026
57.2893 14.7673 -13.1057 0.866479 0.497679 0.0390899
56.9707 15.2062 -11.6999 0.865625 0.499048 0.0405516
56.6639 15.6173 -10.2405 0.863401 0.502836 0.0411698
56.3984 15.9326 -8.68917 0.858238 0.511171 0.0461836
56.1751 16.1795 -7.22434 0.85775 0.512226 0.0434702
55.9706 16.3972 -5.74144 0.859159 0.509952 0.0423545
55.7414 16.6521 -4.15332 0.859575 0.509228 0.0426407
55.5247 16.8903 -2.65514 0.858998 0.510122 0.0435676
55.326 17.0861 -1.05111 0.857948 0.511438 0.0485487
55.1537 17.2066 0.584978 0.8573 0.511546 0.0579457
55.0285 17.2253 2.11546 0.857143 0.511009 0.0646151
54.9084 17.2262 3.74534 0.85474 0.515304 0.0622972
54.7799 17.2506 5.30928 0.854732 0.51532 0.0622717
54.6952 17.2071 6.82064 0.855734 0.51356 0.0630473
54.6542 17.0805 8.36278 0.855564 0.51351 0.0656978
54.6483 16.8743 9.99663 0.852854 0.517545 0.069165
54.6649 16.6342 11.5569 0.851215 0.51984 0.072105
54.6913 16.363 13.124 0.853037 0.516199 0.0765989
54.7296 16.0615 14.7145 0.853199 0.515808 0.0774148
54.7682 15.752 16.2032 0.853138 0.51371 0.0908573
54.7785 15.4631 17.6973 0.854113 0.511712 0.0929643
54.8992 14.9694 19.284 0.852633 0.513393 0.0971817
55.056 14.4235 20.77 0.852823 0.512705 0.0991333
54.8466 14.6147 21.5808 0.853015 0.512139 0.100397
54.0893 15.9488 21.2078 0.854051 0.511132 0.0966457
53.3362 17.2864 20.7849 0.853984 0.511517 0.0951922
52.5752 18.6213 20.3581 0.848802 0.520147 0.0947696
51.7792 19.9899 19.937 0.846381 0.523799 0.0962973
51.0131 21.2861 19.5163 0.841825 0.531605 0.0934102
50.2476 22.5832 19.0632 0.843908 0.527966 0.0952304
49.5138 23.831 18.6288 0.839 0.535583 0.0960488
48.6859 25.1835 18.186 0.832892 0.546267 0.0887932
47.8414 26.5535 17.6436 0.831886 0.5479 0.088156
46.9823 27.9315 17.1472 0.829112 0.551482 0.091875
46.1677 29.2243 16.7245 0.827803 0.553421 0.0920148
45.3057 30.5706 16.2248 0.817119 0.569347 0.0903402
44.482 31.8223 15.7433 0.816287 0.5716 0.0833603
43.6846 33.0189 15.3039 0.814951 0.574054 0.0794727
42.8598 34.2568 14.7971 0.813524 0.576078 0.0794536
42.0181 35.4896 14.3511 0.807026 0.586109 0.0720059
41.1894 36.6728 13.9047 0.802699 0.592066 0.0716413
40.3542 37.857 13.4452 0.801263 0.594075 0.0710845
39.4657 39.0922 12.9317 0.791037 0.608434 0.063779
38.5704 40.3126 12.3233 0.78672 0.613939 0.0644241
37.6485 41.5403 11.7762 0.782814 0.618206 0.0708557
36.8037 42.6725 11.2472 0.779709 0.622024 0.0716937
35.8661 43.8849 10.7709 0.77301 0.630944 0.0660616
34.9512 45.0527 10.282 0.770058 0.634577 0.0657232
34.0751 46.1572 9.74637 0.76348 0.642708 0.0634341
33.1464 47.3138 9.14325 0.76099 0.646116 0.0585535
32.1209 48.5521 8.51468 0.749006 0.660985 0.0456897
31.2006 49.6277 7.98441 0.745707 0.664285 0.0514322
30.2224 50.7522 7.46278 0.73966 0.671594 0.0431518
29.2765 51.8119 6.86847 0.730078 0.68267 0.0307943
28.2247 52.9587 6.19725 0.728114 0.684907 0.0274003
27.2713 53.98 5.64286 0.7166 0.697189 0.0202807
26.182 55.0976 5.06762 0.704426 0.709417 0.0226243
25.1887 56.089 4.47417 0.697433 0.71639 0.0193099
24.1918 57.0625 3.86608 0.690013 0.723753 0.00796651
23.1568 58.0512 3.3072 0.688676 0.725052 0.00491076
22.1282 59.0272 2.78803 0.685156 0.728382 0.00447321
20.998 60.0868 2.237 0.680579 0.732671 0.00246936
19.9038 61.0986 1.68462 0.676361 0.736567 0.00155711
19.8746 61.1181 0.159466 0.680819 0.732374 -0.0106361
19.8426 61.129 -0.914036 0.68118 0.731958 -0.0152061
15.4876 65.2787 -0.833597 0.707704 0.706142 -0.0227723
15.5157 65.2725 0.827961 0.707042 0.70716 0.00410295
15.4534 65.2998 2.39592 0.697116 0.716437 0.0273357
15.368 65.3038 3.94045 0.696004 0.716757 0.0428685
15.211 65.3567 5.48436 0.688849 0.723546 0.0443408
15.1049 65.3786 7.03687 0.685968 0.727148 0.0260477
16.1296 64.4153 7.26107 0.678179 0.73446 0.0253388
17.2997 63.3437 7.28787 0.675459 0.736986 0.0246257
18.4078 62.3206 7.51836 0.675216 0.73712 0.0271433
19.4906 61.3124 7.93777 0.674101 0.737936 0.0322211
20.5512 60.3148 8.4447 0.677629 0.733872 0.0474377
21.6216 59.2798 9.0325 0.681151 0.729923 0.0569683
22.6515 58.2651 9.62226 0.68349 0.726882 0.0669593
23.628 57.2837 10.2398 0.686181 0.723547 0.0750661
24.6595 56.2266 10.8352 0.692992 0.716039 0.0839691
25.687 55.154 11.3676 0.699875 0.709336 0.0837715
26.6903 54.0809 11.9802 0.708421 0.701349 0.0790488
27.6525 53.0352 12.5442 0.715119 0.694397 0.0801115
28.6019 51.976 13.1247 0.723128 0.686323 0.0777546
29.5487 50.9093 13.6713 0.73105 0.678184 0.0750511
30.5269 49.7859 14.2108 0.737887 0.67059 0.0763642
31.4765 48.6671 14.7671 0.745376 0.662227 0.0766204
32.3851 47.5673 15.3273 0.754175 0.652363 0.0751136
33.2998 46.437 15.8995 0.759596 0.646499 0.0710773
34.2987 45.1938 16.4252 0.766806 0.637978 0.0706554
35.1948 44.0483 16.9308 0.775429 0.627552 0.0699138
36.0972 42.868 17.4527 0.778842 0.623269 0.0702872
36.9778 41.7022 17.9623 0.782557 0.61835 0.0724344
37.881 40.4847 18.5283 0.786589 0.613218 0.0723989
38.7175 39.3369 19.0199 0.793736 0.603343 0.0772009
39.6015 38.1037 19.4835 0.798325 0.597068 0.0786566
40.4283 36.9264 19.9578 0.803858 0.589707 0.0778304
41.2464 35.7307 20.4371 0.810873 0.579182 0.0838705
42.1124 34.4336 20.9542 0.813956 0.574548 0.0858519
42.9111 33.2319 21.3801 0.817588 0.569376 0.0857841
43.7481 31.9451 21.883 0.821504 0.563362 0.0880607
44.5467 30.703 22.3508 0.82294 0.561023 0.0895655
45.4292 29.3154 22.8557 0.827807 0.553598 0.0909142
46.1876 28.0888 23.3068 0.831452 0.547157 0.0964607
46.9733 26.805 23.7722 0.83359 0.54267 0.10314
47.7636 25.5078 24.1833 0.835845 0.539092 0.103652
48.5502 24.2013 24.6106 0.837581 0.536312 0.10406
49.3043 22.9277 25.0842 0.839233 0.533555 0.104915
50.0549 21.6441 25.5544 0.84214 0.528194 0.10868
50.8768 20.2456 25.9715 0.842141 0.52602 0.118745
51.648 18.9011 26.41 0.843713 0.522097 0.124748
52.4331 17.4908 26.8671 0.849299 0.512074 0.128343
53.1612 16.1815 27.2864 0.849105 0.512738 0.126964
53.8726 14.9017 27.6711 0.850573 0.509163 0.131452
54.6285 13.5192 28.1347 0.851144 0.507544 0.133989
55.3339 12.2251 28.5473 0.851636 0.505227 0.139506
56.1158 10.7564 29.0738 0.852695 0.503136 0.140587
56.756 9.45337 29.7779 0.856218 0.495453 0.146349
57.2781 8.29564 30.6105 0.859408 0.49032 0.144928
57.7278 7.20655 31.6183 0.859733 0.489306 0.146418
58.0927 6.16388 32.9245 0.860194 0.486119 0.154106
58.2911 5.38521 34.2164 0.857723 0.486257 0.166932
58.3459 4.7582 35.72 0.856432 0.485708 0.174961
58.2412 4.35906 37.3196 0.854269 0.488189 0.178593
57.9875 4.26018 38.7951 0.851324 0.492914 0.179676
57.6507 4.30746 40.2609 0.849398 0.496332 0.179381
57.3211 4.3131 41.7989 0.846421 0.501157 0.180037
56.9806 4.36195 43.2701 0.844057 0.506056 0.177411
56.6471 4.40046 44.7499 0.839642 0.513918 0.175755
56.4702 4.20682 46.1559 0.83672 0.5187 0.175642
57.2986 3.18303 45.2081 0.839957 0.516321 0.166986
57.8658 2.68229 43.8685 0.846381 0.505635 0.167251
58.1816 2.65803 42.3795 0.846532 0.503138 0.173881
58.4805 2.67859 40.8638 0.849822 0.497912 0.172871
58.7807 2.70039 39.3245 0.852143 0.493834 0.17315
59.0963 2.73069 37.6952 0.854469 0.489381 0.174327
59.412 2.71233 36.1991 0.855399 0.487684 0.174517
59.7216 2.69698 34.7172 0.85617 0.488752 0.167613
59.985 2.73638 33.207 0.858982 0.489043 0.151612
60.2662 2.70407 31.7041 0.85889 0.490142 0.148557
60.5221 2.69296 30.2169 0.858272 0.493403 0.141146
60.7646 2.70587 28.6871 0.858606 0.493841 0.137531
61.0077 2.67501 27.1593 0.860976 0.493723 0.122301
61.2369 2.6557 25.5926 0.863714 0.490303 0.116626
61.4567 2.68195 23.8414 0.865133 0.488903 0.111884
61.6258 2.72167 22.3139 0.865641 0.489135 0.106832
61.8135 2.72806 20.7078 0.869369 0.483852 0.100422
61.9676 2.76805 19.172 0.869412 0.484104 0.0988232
62.1544 2.74284 17.6262 0.870205 0.483186 0.0963031
62.3402 2.71006 16.0385 0.870778 0.484334 0.084658
62.5081 2.65593 14.4825 0.871781 0.484017 0.0756674
62.1863 3.14317 15.0742 0.871776 0.484048 0.0755315
61.8868 3.44199 16.5149 0.870949 0.483321 0.0885926
61.5065 3.85084 17.9186 0.869838 0.483692 0.0970754
61.048 4.39687 19.2934 0.869609 0.483829 0.0984398
60.465 5.20415 20.4613 0.868482 0.484502 0.104852
59.6935 6.43022 21.1357 0.865907 0.488396 0.108041
58.9554 7.76058 20.995 0.862412 0.495054 0.105676
58.4064 8.8929 20.1594 0.859973 0.499071 0.106629
58.1293 9.61754 18.8562 0.856978 0.507201 0.0913051
57.9609 10.1797 17.3105 0.857303 0.506827 0.0903247
57.8823 10.5876 15.7457 0.857458 0.506802 0.0889809
57.8406 10.9316 14.1466 0.858111 0.506734 0.0828654
57.8348 11.1976 12.4961 0.858803 0.506954 0.0738563
57.8068 11.4707 10.8981 0.85844 0.508077 0.0702702
57.7842 11.7253 9.3045 0.856974 0.511124 0.0659416
57.7657 11.9481 7.78904 0.8567 0.511809 0.0641584
57.8193 12.0645 6.11553 0.857908 0.510078 0.0617556
57.9323 12.0627 4.47856 0.858769 0.509074 0.0579614
58.0718 12.0175 2.80361 0.859263 0.508252 0.0578514
58.1787 12.0027 1.30039 0.860052 0.50745 0.0529696
58.3071 11.9275 -0.193807 0.862494 0.503869 0.047114
58.5034 11.7324 -1.68994 0.86322 0.502542 0.047976
58.7078 11.5195 -3.1916 0.863904 0.501668 0.0447012
58.9089 11.3007 -4.68584 0.86491 0.500306 0.0403004
59.1449 11.002 -6.17769 0.867722 0.495692 0.0367072
59.3621 10.735 -7.72429 0.869791 0.492012 0.0372482
59.6162 10.392 -9.24752 0.871309 0.489733 0.0313275
59.895 9.97488 -10.6712 0.87432 0.484584 0.0272584
60.2759 9.35956 -12.1213 0.87528 0.483124 0.021839
60.8668 8.32232 -13.2579 0.878919 0.476523 0.0206382
61.56 7.05265 -13.6429 0.881999 0.470947 0.0168625
62.2798 5.68962 -13.2027 0.882804 0.469559 0.0130535
62.7938 4.69713 -12.1424 0.882182 0.470751 0.0121985
63.1077 4.05595 -10.6905 0.881392 0.471931 0.0207223
63.3374 3.55801 -9.20529 0.882165 0.470405 0.0224763
63.5254 3.1265 -7.6605 0.882073 0.470393 0.0260173
63.759 2.67707 -7.43145 0.881113 0.472203 0.0257561
63.7814 2.71479 -8.97435 0.88201 0.470669 0.0229945
63.797 2.76212 -10.6147 0.882493 0.469938 0.0191136
63.8165 2.77899 -12.2442 0.882293 0.470576 0.0108507
63.8603 2.72545 -13.8352 0.883177 0.468983 0.00735301
63.8421 2.78102 -15.3964 0.88565 0.464331 0.00440791
63.8654 2.74935 -16.9602 0.887005 0.461747 0.00337762
63.8678 2.76103 -18.5242 0.889784 0.456345 0.00582376
63.8797 2.75153 -20.041 0.891031 0.45392 0.0044063
63.8775 2.77058 -21.5528 0.891995 0.452024 0.00439432
63.8762 2.78502 -23.0796 0.894318 0.447426 0.00218157
63.8646 2.8186 -24.7253 0.896215 0.443607 0.00327599
63.8763 2.80821 -26.2528 0.897524 0.440932 0.00540202
63.8941 2.78941 -27.8803 0.898819 0.438286 0.00541308
63.8974 2.80305 -29.3927 0.901497 0.432751 0.00541405
63.9181 2.77822 -30.9049 0.903298 0.428995 0.00390414
63.9096 2.81959 -32.4843 0.905078 0.425171 0.00798338
63.936 2.7944 -34.0592 0.906032 0.423107 0.0093166
63.8129 3.09792 -35.5789 0.907455 0.419985 0.0117142
63.2756 4.29258 -36.4633 0.90859 0.417441 0.0143918
62.7389 5.46979 -36.6026 0.909247 0.415919 0.0167622
62.3498 6.26146 -35.2594 0.908154 0.418216 0.0187671
61.9133 7.1503 -34.1081 0.90721 0.420104 0.0219628
61.3699 8.26078 -33.1566 0.904689 0.425279 0.0259748
60.7638 9.48808 -32.2955 0.903253 0.428139 0.0288108
60.1308 10.7631 -31.6597 0.89969 0.43514 0.0347919
59.4602 12.102 -31.2122 0.896433 0.441437 0.0392696
58.7721 13.4433 -30.801 0.891987 0.450049 0.0425975
58.0642 14.7899 -30.4092 0.887342 0.45867 0.0473883
57.372 16.0746 -30.0205 0.882284 0.467956 0.0509132
56.6647 17.3337 -29.572 0.874833 0.480834 0.0588727
55.9249 18.6134 -29.1979 0.870285 0.488791 0.0607285
55.165 19.902 -28.7712 0.865331 0.497504 0.0607625
54.3824 21.1979 -28.3049 0.862332 0.501641 0.068841
53.5474 22.5113 -27.7252 0.84996 0.521794 0.0727403
52.8013 23.6172 -26.917 0.845447 0.529635 0.0686037
52.0473 24.7074 -26.0833 0.840325 0.538263 0.0642272
51.265 25.8112 -25.2355 0.834586 0.54667 0.0679557
50.4554 26.9298 -24.4251 0.826999 0.558025 0.0684164
49.6806 27.9702 -23.6599 0.822556 0.564427 0.0694587
48.8576 29.0825 -22.9373 0.820386 0.568168 0.0644176
47.978 30.2566 -22.1594 0.818406 0.571295 0.0619177
47.1453 31.3602 -21.4129 0.812222 0.580166 0.0608105
46.3077 32.4587 -20.6924 0.811941 0.581213 0.0542573
45.4185 33.6295 -19.9744 0.807972 0.58683 0.0529934
44.5719 34.7061 -19.3348 0.7957 0.603545 0.0509331
43.6834 35.8141 -18.6315 0.793019 0.607297 0.0480609
42.7881 36.9116 -17.9932 0.783266 0.620145 0.043767
41.905 37.9824 -17.4027 0.779534 0.625282 0.0366951
40.9356 39.154 -16.8166 0.776334 0.629441 0.0332939
39.9912 40.2797 -16.2397 0.772808 0.633793 0.0327653
39.0521 41.3826 -15.6654 0.765702 0.642502 0.0298234
38.1162 42.4718 -15.1788 0.762011 0.647147 0.0231892
37.1219 43.6209 -14.7143 0.755731 0.654725 0.0143424
36.0523 44.8265 -14.2512 0.745096 0.666887 0.00969788
35.0401 45.9379 -13.8665 0.737406 0.675441 0.00339463
34.0374 47.018 -13.5493 0.726562 0.6871 0.000293267
32.8658 48.2458 -13.2152 0.721248 0.692654 -0.00557391
31.7879 49.3537 -12.979 0.709605 0.704513 -0.0107123
30.7036 50.4318 -12.8204 0.700434 0.713562 -0.0148967
29.6276 51.4781 -12.6832 0.689179 0.724284 -0.0211016
28.5154 52.5345 -12.5743 0.683966 0.729023 -0.0267626
27.36 53.6236 -12.3585 0.680189 0.732234 -0.0342991
26.3326 54.6069 -11.789 0.679017 0.732783 -0.0443313
25.1893 55.7137 -11.1522 0.681157 0.730493 -0.0490387
24.1838 56.6993 -10.5562 0.685694 0.726084 -0.0512428
23.1274 57.7398 -9.94151 0.684091 0.727722 -0.0493929
22.0948 58.7469 -9.36284 0.680707 0.731196 -0.0446059
21.0526 59.7502 -8.74145 0.676994 0.734804 -0.0417407
20.0291 60.7157 -8.14512 0.672933 0.739016 -0.0318877
18.912 61.7494 -7.62829 0.670227 0.741591 -0.028967
17.7562 62.8008 -7.33175 0.666093 0.7452 -0.0315968
16.618 63.8313 -7.24444 0.672387 0.739265 -0.0371919
15.4529 64.8776 -7.33031 0.666322 0.744423 -0.0429922
14.7574 65.5311 -6.8326 0.66295 0.745909 -0.0641504
15.0646 65.4024 -5.23696 0.686633 0.72334 -0.0727135
15.292 65.3075 -3.74433 0.694149 0.717791 -0.0541572
15.4195 65.2854 -2.15396 0.700299 0.712595 -0.0421831
15.4751 65.2842 -1.05239 0.707097 0.706728 -0.0234417
63.6454 2.84066 -6.56506 0.880963 0.472441 0.0265358
63.6761 2.77744 -6.45685 0.88079 0.472755 0.0266697
59.6547 11.0244 -22.0748 0.884304 0.466246 0.0249268
59.4665 11.3772 -22.0339 0.884192 0.466387 0.0262201
56.0038 17.1017 -14.5351 0.859554 0.509297 0.0422332
55.1607 18.5035 -14.3468 0.858165 0.511567 0.0430402
54.3343 19.8373 -14.1549 0.847939 0.528045 0.0465608
53.5274 21.115 -13.97 0.847174 0.529095 0.0485233
52.7093 22.3845 -13.7816 0.840637 0.539522 0.0473921
51.879 23.6613 -13.5746 0.840932 0.539139 0.0464921
50.9683 25.0426 -13.3361 0.833914 0.549612 0.050149
50.103 26.3302 -13.1328 0.83332 0.550937 0.0452253
49.2 27.6747 -12.9007 0.827918 0.559122 0.043971
48.4582 28.7404 -12.7194 0.820794 0.569306 0.0467689
54.5863 18.8681 -7.86873 0.84997 0.525171 0.0417879
53.7347 20.2366 -7.70967 0.850532 0.524405 0.0399284
52.927 21.5278 -7.55721 0.845525 0.532591 0.0378666
52.0955 22.8273 -7.39812 0.84285 0.5368 0.0380575
51.1718 24.2501 -7.20898 0.835655 0.547858 0.0391526
50.2959 25.5576 -7.03655 0.831796 0.55357 0.0409333
49.3726 26.9295 -6.85034 0.830926 0.554889 0.0407451
48.5217 28.1852 -6.6881 0.827961 0.559417 0.039155
47.5543 29.5892 -6.48836 0.823213 0.566663 0.034838
46.6723 30.85 -6.31401 0.818798 0.572667 0.0402708
45.7008 32.2193 -6.12828 0.816299 0.576165 0.0411067
44.7485 33.5414 -5.95669 0.81156 0.582948 0.0392766
43.8096 34.8284 -5.79297 0.808559 0.587095 0.0393919
42.9144 36.0429 -5.63744 0.80156 0.59704 0.0323122
41.9679 37.2797 -5.48252 0.79114 0.611064 0.0264404
41.0491 38.4625 -5.33964 0.791139 0.611104 0.025522
40.0404 39.7515 -5.1739 0.78677 0.616913 0.0203117
39.0348 41.0113 -5.02725 0.779373 0.626087 0.0243587
37.959 42.3354 -4.87837 0.775941 0.630301 0.0252162
36.9936 43.4936 -4.7476 0.768134 0.639943 0.021054
36.0297 44.6524 -4.62117 0.769593 0.638404 0.0129221
35.0376 45.8166 -4.50698 0.756499 0.653921 0.00984973
34.3699 46.5885 -4.44107 0.756157 0.654326 0.0091072
34.0296 46.4857 6.30936 0.76031 0.648297 0.0405072
35.0325 45.3009 6.29284 0.76601 0.640944 0.0491882
36.0064 44.1259 6.27752 0.770912 0.634892 0.0510659
37.0528 42.8536 6.25057 0.774759 0.630138 0.0517167
38.0878 41.5742 6.21566 0.778566 0.625455 0.0513876
39.043 40.3751 6.17483 0.786826 0.615554 0.0446993
39.9666 39.1623 6.13333 0.80014 0.597899 0.0478743
40.9256 37.8824 6.07533 0.800349 0.597487 0.0494966
41.8692 36.6214 6.01359 0.801644 0.595703 0.0500419
42.8026 35.36 5.94892 0.805814 0.589777 0.0531592
43.7552 34.0566 5.87598 0.812139 0.581245 0.050832
44.6436 32.8065 5.79619 0.816868 0.574396 0.0528725
45.5527 31.5172 5.70912 0.820462 0.569121 0.0542531
46.4178 30.2655 5.62126 0.824669 0.563375 0.050298
47.3234 28.9479 5.52522 0.824864 0.563029 0.0509784
48.2653 27.5744 5.41781 0.827691 0.558612 0.053666
49.156 26.2447 5.30875 0.835072 0.546917 0.0594676
49.9953 24.9719 5.20047 0.836947 0.543922 0.0605671
50.8826 23.6038 5.07654 0.841441 0.536792 0.0618971
51.8019 22.167 4.94503 0.84566 0.53073 0.0564328
52.6069 20.8794 4.82344 0.851657 0.520611 0.0603659
53.2093 19.903 4.73474 0.852267 0.519449 0.0617548
53.0792 19.327 10.9256 0.852715 0.517382 0.0720561
52.2886 20.6126 11.0415 0.851523 0.519302 0.0723422
51.4111 22.007 11.1618 0.843333 0.532004 0.0759005
50.5659 23.3263 11.266 0.841591 0.534802 0.07557
49.7348 24.61 11.3611 0.83792 0.540668 0.0746178
48.9051 25.8825 11.4417 0.836419 0.542786 0.0760728
48.0253 27.2097 11.5268 0.829843 0.553033 0.0742584
47.1764 28.4631 11.5928 0.826268 0.557988 0.0770092
46.3055 29.7393 11.6577 0.823741 0.561648 0.0774792
45.3481 31.13 11.7231 0.821255 0.565161 0.0783171
44.4348 32.4352 11.7674 0.815117 0.574577 0.0737857
43.5093 33.7353 11.811 0.810803 0.580745 0.0730327
43.3772 33.9193 11.8148 0.810096 0.581673 0.0734984
52.8642 18.707 17.2272 0.84775 0.522574 0.0907477
53.1417 18.2624 17.1919 0.849326 0.520314 0.088983
53.786 19.6624 -1.50697 0.851589 0.522096 0.0470246
52.9651 20.9634 -1.37419 0.843277 0.535005 0.0515173
52.1435 22.2448 -1.23816 0.843184 0.534992 0.0531522
51.3044 23.5484 -1.1006 0.839694 0.541142 0.0455928
50.4185 24.8985 -0.957882 0.836731 0.545829 0.0441757
49.5644 26.1943 -0.818757 0.835891 0.547277 0.0421112
48.7098 27.4842 -0.679074 0.834025 0.550249 0.0403586
47.7942 28.8436 -0.534555 0.826002 0.561257 0.0520822
46.9364 30.0749 -0.408839 0.819476 0.57065 0.0530715
46.0073 31.3941 -0.27516 0.819256 0.570989 0.0528352
45.104 32.6694 -0.150196 0.813095 0.579889 0.0510441
44.1199 34.0251 -0.0194315 0.810951 0.583166 0.0477136
43.1696 35.3384 0.0993466 0.811045 0.583349 0.0436902
42.1894 36.6801 0.214834 0.805875 0.590462 0.0438168
41.2428 37.9413 0.321456 0.793928 0.606389 0.0443931
40.3103 39.1428 0.420265 0.789323 0.612426 0.0436306
39.2438 40.5086 0.524002 0.788244 0.613836 0.0433208
38.2941 41.7127 0.611613 0.78335 0.620521 0.0362996
37.3102 42.9449 0.693641 0.776968 0.62911 0.0232764
36.2785 44.1864 0.775396 0.767471 0.64057 0.0256503
35.2233 45.4234 0.846544 0.756212 0.653779 0.0267708
34.2151 46.5819 0.907538 0.751935 0.658598 0.0290206
33.2193 47.7101 0.962688 0.749371 0.661609 0.0267605
32.1189 48.9359 1.01239 0.741126 0.67108 0.0195821
31.054 50.0932 1.05446 0.734794 0.678158 0.0133629
29.9437 51.2865 1.09018 0.730881 0.68246 0.00786054
28.8685 52.431 1.12028 0.723134 0.690689 0.00515731
27.7964 53.5405 1.14475 0.715473 0.698616 0.00583274
26.6748 54.671 1.16272 0.702349 0.711825 0.00338119
25.5775 55.7456 1.17355 0.697952 0.716142 0.00196604
25.3468 55.9692 1.17439 0.695606 0.71842 0.00211598
25.253 56.0599 1.17486 0.694928 0.719077 0.00178268
