-50.9432 8.26965 39.6951 -0.604285 0.537387 0.588264
-50.0682 9.48254 39.4817 -0.599602 0.537444 0.592985
-49.2224 10.8133 39.1388 -0.599728 0.533248 0.596633
-48.4297 12.1475 38.7321 -0.59061 0.538239 0.60123
-47.6552 13.4813 38.2926 -0.588363 0.540215 0.601662
-46.9086 14.7911 37.8462 -0.588223 0.540205 0.601808
-46.106 16.2086 37.3579 -0.586572 0.540109 0.603503
-45.38 17.4599 36.9349 -0.581203 0.543952 0.605244
-44.6366 18.7265 36.5062 -0.573162 0.548188 0.609077
-43.8941 19.9964 36.0466 -0.568546 0.556397 0.605953
-43.1716 21.2354 35.5837 -0.563823 0.555954 0.610753
-42.4061 22.5579 35.0909 -0.562286 0.553712 0.614197
-41.5785 23.8792 34.656 -0.561027 0.556603 0.612732
-40.7843 25.1629 34.2049 -0.554929 0.561352 0.613952
-39.9949 26.4721 33.718 -0.547277 0.564251 0.618145
-39.1063 27.8283 33.2493 -0.541272 0.570415 0.61778
-38.2549 29.1197 32.7915 -0.532901 0.575822 0.620036
-37.43 30.4517 32.2573 -0.530173 0.576961 0.621315
-36.6044 31.7245 31.7716 -0.524381 0.579326 0.624024
-35.7599 32.9941 31.3005 -0.521919 0.580137 0.625333
-34.8825 34.3066 30.8141 -0.519838 0.579803 0.627373
-34.0508 35.559 30.332 -0.515557 0.586601 0.62458
-33.1841 36.8672 29.796 -0.50581 0.598019 0.621715
-32.291 38.1236 29.2966 -0.497814 0.605235 0.621179
-31.4506 39.3186 28.7993 -0.492352 0.611106 0.61979
-30.4116 40.4592 28.4829 -0.476689 0.6228 0.620393
-29.3002 41.5375 28.2502 -0.469001 0.62576 0.623263
-28.0519 42.6849 28.0282 -0.462391 0.627983 0.625965
-26.8797 43.7704 27.7959 -0.455895 0.630608 0.628087
-25.8016 44.8015 27.5374 -0.454005 0.634722 0.625306
-24.6795 45.8325 27.2769 -0.438627 0.650364 0.620188
-23.5446 46.8605 26.987 -0.43006 0.656677 0.619535
-22.4733 47.8836 26.6513 -0.428814 0.652299 0.624999
-21.41 48.9441 26.2643 -0.42005 0.657222 0.625788
-20.2808 50.0779 25.8025 -0.400744 0.664977 0.630246
-19.1504 51.2109 25.3107 -0.393664 0.671013 0.628307
-18.1854 52.2561 24.7745 -0.37618 0.681787 0.627419
-17.258 53.3241 24.1582 -0.369374 0.687018 0.625753
-16.3749 54.3926 23.4999 -0.362928 0.692621 0.623346
-15.5557 55.5048 22.7304 -0.354303 0.699209 0.620941
-14.7578 56.6253 21.9037 -0.345972 0.7081 0.615543
-14.0678 57.6721 21.072 -0.341798 0.716102 0.608583
-13.3427 58.7588 20.1787 -0.332745 0.723916 0.604339
-12.6318 59.8662 19.2419 -0.326365 0.723682 0.608087
-11.8247 60.8582 18.489 -0.322711 0.726884 0.606215
-10.4339 60.8962 19.1727 -0.310152 0.729638 0.609453
-9.11095 60.7452 20.0197 -0.306952 0.728188 0.612798
-9.13768 59.7219 21.2272 -0.305186 0.730867 0.610488
-9.35757 58.6688 22.3665 -0.303525 0.723662 0.619827
-9.80355 57.5808 23.4093 -0.310526 0.720455 0.620092
-10.4354 56.4371 24.4174 -0.316863 0.718338 0.619345
-11.0546 55.3822 25.3204 -0.324902 0.715081 0.618949
-11.695 54.3302 26.1909 -0.326995 0.711663 0.62178
-12.3727 53.1871 27.1292 -0.339483 0.702825 0.62513
-12.9892 52.0335 28.0671 -0.356967 0.692322 0.627108
-13.6357 50.825 29.0379 -0.364588 0.694363 0.620431
-14.222 49.7099 29.9356 -0.367712 0.69258 0.620582
-14.7707 48.5738 30.8775 -0.373807 0.692946 0.61651
-15.2278 47.4774 31.7927 -0.386798 0.676893 0.626257
-15.5825 46.3707 32.762 -0.388205 0.669389 0.633415
-15.9263 45.2617 33.7195 -0.392922 0.66809 0.631877
-16.3205 44.0391 34.7684 -0.402066 0.666844 0.627426
-16.7358 42.8377 35.7708 -0.410121 0.660762 0.628643
-17.0539 41.6165 36.8418 -0.419691 0.653902 0.629501
-17.2685 40.3922 37.9578 -0.428619 0.646253 0.631382
-17.3945 39.2942 39.0032 -0.427836 0.650588 0.627448
-17.5516 38.1843 40.047 -0.429148 0.65002 0.627141
-17.7088 37.0402 41.1101 -0.435748 0.638213 0.634672
-17.7975 35.8632 42.2196 -0.450708 0.626715 0.635678
-17.8801 34.7494 43.257 -0.453797 0.623045 0.637089
-17.925 33.5828 44.3601 -0.454221 0.61868 0.641028
-17.9195 32.4249 45.4676 -0.464241 0.608208 0.643864
-17.9175 31.2262 46.5995 -0.464771 0.608675 0.643042
-17.868 30.0845 47.7107 -0.469362 0.603031 0.645015
-17.7794 28.9491 48.8393 -0.477809 0.599814 0.641811
-17.6701 27.8382 49.9593 -0.479327 0.599374 0.64109
-17.5397 26.7157 51.1029 -0.476614 0.598205 0.644197
-17.4823 25.5044 52.2481 -0.476815 0.585245 0.655847
-17.4084 24.3075 53.3685 -0.478256 0.585115 0.654914
-17.261 23.2472 54.4232 -0.479116 0.582596 0.656529
-17.0065 22.0816 55.6313 -0.482604 0.575544 0.660184
-16.7785 20.9095 56.8184 -0.48207 0.574833 0.661192
-16.5967 19.8 57.9097 -0.482655 0.569643 0.665245
-16.3298 18.6439 59.0918 -0.483949 0.568291 0.665461
-16.0753 17.5668 60.1965 -0.485127 0.566801 0.665873
-15.8187 16.4511 61.3266 -0.484406 0.562941 0.669663
-15.5252 15.3764 62.4414 -0.483821 0.562665 0.670318
-15.2305 14.3345 63.5191 -0.482101 0.558043 0.675401
-14.8985 13.2593 64.6423 -0.480495 0.556465 0.677843
-14.5194 12.0765 65.8792 -0.479988 0.554968 0.679428
-14.1992 10.994 66.9818 -0.478394 0.552023 0.682942
-15.2013 9.97446 67.1052 -0.477277 0.553241 0.682738
-16.5293 9.13135 66.8593 -0.478131 0.553785 0.681699
-17.8283 8.34306 66.587 -0.479961 0.554113 0.680145
-19.1435 7.93916 65.9876 -0.480105 0.55505 0.679278
-20.447 7.91744 65.0829 -0.480575 0.555686 0.678425
-21.8102 7.91658 64.1163 -0.482221 0.556512 0.676577
-23.0512 7.9236 63.2221 -0.484829 0.55556 0.675495
-24.4635 7.87147 62.2479 -0.487278 0.555446 0.673824
-25.7249 7.88295 61.3236 -0.490816 0.556377 0.670481
-26.9637 7.88805 60.4095 -0.492027 0.557483 0.668672
-28.243 7.92749 59.4326 -0.494955 0.558435 0.665709
-29.484 7.93136 58.4995 -0.498748 0.559065 0.662342
-30.8212 7.92145 57.4981 -0.50027 0.558256 0.661876
-32.0279 7.92699 56.5756 -0.507111 0.559113 0.655918
-33.2389 7.95222 55.6074 -0.514944 0.555298 0.653052
-34.55 7.91314 54.5977 -0.520484 0.553308 0.650344
-35.8085 7.90475 53.5938 -0.523308 0.552864 0.648452
-37.0319 7.9429 52.5599 -0.530979 0.550562 0.64416
-38.2043 7.98204 51.5613 -0.533873 0.546028 0.645626
-39.4206 7.97031 50.5531 -0.539342 0.546714 0.640479
-40.7105 7.98599 49.4524 -0.540314 0.546956 0.639453
-41.9013 7.99418 48.4185 -0.550766 0.546652 0.630736
-43.0823 8.00863 47.3658 -0.559553 0.543809 0.625437
-44.2484 8.04166 46.2878 -0.561723 0.543024 0.624173
-45.4133 8.02085 45.2518 -0.567375 0.543106 0.618968
-46.5404 7.98911 44.2412 -0.572334 0.541443 0.615851
-47.6788 7.97954 43.181 -0.577086 0.542566 0.610404
-48.7846 8.02792 42.08 -0.586985 0.538311 0.604707
-49.8441 8.0493 41.0099 -0.597667 0.539108 0.593428
-50.9346 8.09788 39.8606 -0.602014 0.538177 0.589868
-50.9406 8.25936 39.7072 -0.603144 0.537768 0.589084
-54.1721 10.0781 34.6454 -0.630645 0.52493 0.571607
-55.1123 8.85335 34.7268 -0.635393 0.52276 0.568329
-56.1239 7.72298 34.6254 -0.643205 0.519157 0.562813
-57.3382 6.56928 34.286 -0.650526 0.517216 0.556149
-58.5049 5.68652 33.7257 -0.65766 0.514288 0.550447
-59.6397 4.99087 33.0101 -0.66358 0.511981 0.545469
-60.7917 4.49828 32.0581 -0.668933 0.512414 0.53848
-61.8408 4.2492 30.9789 -0.674435 0.512492 0.531497
-62.8036 4.2212 29.7756 -0.67718 0.515007 0.525542
-63.837 4.22156 28.4336 -0.679015 0.517817 0.520389
-64.8377 4.21085 27.1379 -0.677397 0.521543 0.518774
-65.7978 4.24818 25.841 -0.679097 0.52416 0.513888
-66.7345 4.27996 24.5595 -0.678704 0.529577 0.50883
-67.6092 4.33049 23.3369 -0.683737 0.533145 0.498257
-68.4947 4.33351 22.0945 -0.687255 0.546429 0.478639
-69.3809 4.30596 20.845 -0.687539 0.552313 0.471424
-70.2619 4.25242 19.5765 -0.693436 0.563849 0.448552
-69.8351 3.57514 21.041 -0.682381 0.557135 0.473242
-69.4602 2.86703 22.3855 -0.682856 0.54738 0.483821
-68.6234 2.73548 23.6771 -0.67313 0.538832 0.506513
-67.6125 2.77585 24.9671 -0.672377 0.531999 0.514667
-66.6333 2.77478 26.2392 -0.67515 0.523328 0.519904
-65.685 2.7365 27.5084 -0.676618 0.520396 0.520937
-64.6476 2.74472 28.8477 -0.677574 0.518744 0.521342
-63.6503 2.78932 30.0917 -0.674834 0.515561 0.528011
-62.6741 2.79401 31.3294 -0.673394 0.513922 0.531437
-61.7076 2.81386 32.5266 -0.669805 0.515475 0.534459
-60.7463 2.80634 33.7257 -0.663763 0.517929 0.5396
-59.7693 2.77312 34.9474 -0.659195 0.518184 0.544928
-58.7522 2.75792 36.185 -0.654218 0.521741 0.547526
-57.7183 2.77597 37.3877 -0.647926 0.5223 0.554431
-56.7052 2.79733 38.5413 -0.641644 0.524094 0.560017
-55.6022 2.75111 39.8287 -0.62974 0.528985 0.568861
-54.4417 2.76362 41.0773 -0.617918 0.534282 0.576818
-53.3397 2.74356 42.2667 -0.610601 0.536544 0.582477
-52.2856 2.72565 43.3711 -0.60064 0.541219 0.588479
-51.1103 2.73759 44.5292 -0.586186 0.539064 0.604806
-50.0453 2.68207 45.6055 -0.585015 0.538509 0.606437
-48.9133 2.67526 46.6994 -0.582059 0.539945 0.608002
-47.7318 2.69482 47.7855 -0.569876 0.541861 0.617761
-46.6074 2.72067 48.7887 -0.56258 0.544037 0.622516
-45.3779 2.70729 49.9105 -0.560468 0.545404 0.623225
-44.2582 2.69566 50.9191 -0.556277 0.54272 0.629294
-43.0619 2.69901 51.9647 -0.547504 0.544924 0.635057
-41.8671 2.71585 52.9741 -0.542586 0.549108 0.635674
-40.6244 2.67258 54.0687 -0.538567 0.550449 0.637928
-39.386 2.6685 55.1149 -0.536785 0.551133 0.638838
-38.1941 2.66354 56.1113 -0.529655 0.554101 0.642213
-36.9747 2.65042 57.124 -0.525058 0.55631 0.644075
-35.6691 2.70193 58.1376 -0.520202 0.557489 0.64699
-34.4898 2.66837 59.1041 -0.512122 0.560121 0.651148
-33.2182 2.68228 60.0825 -0.506087 0.558565 0.657176
-31.9569 2.69286 61.0378 -0.501299 0.560547 0.659156
-30.6876 2.68919 62.0011 -0.497484 0.559501 0.662924
-29.4323 2.66436 62.9522 -0.491467 0.558078 0.668588
-28.1794 2.67172 63.8633 -0.488249 0.558195 0.670844
-26.9431 2.64204 64.781 -0.48457 0.55907 0.67278
-25.6597 2.65691 65.6912 -0.483226 0.558037 0.674602
-24.4107 2.68165 66.5633 -0.482573 0.556741 0.676138
-23.1062 2.68847 67.4861 -0.480764 0.556869 0.677321
-21.8859 2.67534 68.3607 -0.478685 0.556831 0.678822
-20.5595 2.69227 69.2799 -0.477219 0.555723 0.68076
-19.2962 2.69652 70.1592 -0.476004 0.555284 0.681968
-17.8882 3.25637 70.6838 -0.47405 0.55523 0.683371
-16.585 3.93931 71.0327 -0.473418 0.554876 0.684096
-15.2704 4.73406 71.2974 -0.472431 0.553778 0.685667
-14.0017 5.54217 71.519 -0.471838 0.553226 0.68652
-12.6817 6.40149 71.7341 -0.471354 0.551791 0.688006
-11.4197 7.20713 71.9553 -0.472877 0.549474 0.688815
-10.1191 8.1166 72.1247 -0.473674 0.547421 0.689901
-8.80024 9.06326 72.2815 -0.475159 0.545698 0.690244
-7.61389 9.98291 72.3749 -0.477294 0.543287 0.690673
-7.75271 11.1097 71.3929 -0.479674 0.542515 0.689631
-8.14851 12.1193 70.3161 -0.480938 0.545319 0.686531
-8.51525 13.156 69.2339 -0.483712 0.54525 0.684635
-8.87988 14.1584 68.1748 -0.484105 0.547569 0.682503
-9.21987 15.2541 67.0528 -0.484346 0.549311 0.68093
-9.56593 16.319 65.9436 -0.485281 0.552003 0.678082
-9.89821 17.4418 64.7874 -0.486532 0.554753 0.674934
-10.2112 18.4855 63.6927 -0.487441 0.559803 0.670091
-10.5458 19.6075 62.5108 -0.488783 0.561266 0.667885
-10.7812 20.6957 61.4138 -0.488375 0.566771 0.663522
-11.0359 21.7602 60.3146 -0.488335 0.56944 0.661261
-11.2542 22.8582 59.1995 -0.488111 0.574379 0.657142
-11.4051 23.9333 58.1417 -0.486506 0.580431 0.653
-11.5796 25.0313 57.0242 -0.48476 0.586267 0.649075
-11.7645 26.1807 55.8483 -0.485168 0.585701 0.649281
-11.9007 27.2836 54.7427 -0.478744 0.595461 0.645159
-11.9752 28.387 53.6641 -0.479142 0.598443 0.642097
-12.1154 29.49 52.5151 -0.475856 0.60744 0.636064
-12.2007 30.58 51.4063 -0.474481 0.6099 0.634736
-12.2846 31.6436 50.3188 -0.465608 0.61748 0.633977
-12.3047 32.7275 49.2456 -0.461132 0.622714 0.632126
-12.305 33.8516 48.1294 -0.454706 0.63123 0.628325
-12.2721 35.0199 46.9664 -0.447976 0.639158 0.625136
-12.237 36.1568 45.82 -0.440347 0.644925 0.624628
-12.0966 37.3146 44.7111 -0.434855 0.651665 0.621477
-11.9986 38.494 43.5364 -0.429254 0.657534 0.619185
-11.8903 39.5835 42.4567 -0.423435 0.659958 0.620607
-11.7089 40.7504 41.3253 -0.421593 0.665803 0.615602
-11.5574 41.9427 40.14 -0.418094 0.67041 0.612961
-11.2905 43.0553 39.0793 -0.411854 0.680278 0.606275
-10.9334 44.16 38.0832 -0.402791 0.681606 0.610879
-10.5224 45.2522 37.129 -0.385572 0.691508 0.61086
-10.0958 46.4227 36.0708 -0.381893 0.693209 0.611243
-9.73037 47.5367 35.0323 -0.376942 0.696317 0.610785
-9.2492 48.7176 33.9752 -0.366802 0.701483 0.611047
-8.6464 49.843 33.0225 -0.34714 0.714449 0.6075
-8.04912 50.8916 32.1186 -0.338096 0.722505 0.603057
-7.41612 52.0381 31.097 -0.324327 0.722554 0.610515
-6.79837 53.1083 30.1345 -0.307495 0.730759 0.609455
-6.08133 54.2289 29.1532 -0.294425 0.731227 0.615322
-5.40137 55.2921 28.2095 -0.28831 0.732562 0.616628
-4.8264 56.32 27.2643 -0.281798 0.729146 0.623647
-4.19617 57.4035 26.2813 -0.277798 0.729271 0.625293
-3.72153 58.4448 25.2863 -0.278098 0.724858 0.630272
-3.30378 59.5279 24.2165 -0.279769 0.727522 0.62645
-3.10118 60.602 23.0642 -0.281672 0.724208 0.629432
-3.08801 61.6201 21.8873 -0.28471 0.72727 0.624514
-3.02108 62.6186 20.7407 -0.291972 0.732962 0.614426
-2.80902 63.6461 19.6056 -0.292248 0.737287 0.609096
-2.42677 64.6977 18.5083 -0.286962 0.741328 0.6067
-2.79071 65.3337 17.5631 -0.280525 0.741553 0.609428
-4.34709 65.29 16.911 -0.277198 0.732411 0.621881
-5.79218 65.2222 16.3346 -0.28657 0.723814 0.627669
-7.33404 65.2325 15.5972 -0.303146 0.720772 0.623368
-8.86038 65.2204 14.8429 -0.321718 0.718831 0.616263
-10.2262 65.2349 14.0866 -0.338465 0.72031 0.605471
-11.6614 65.2655 13.2127 -0.353841 0.726925 0.588537
-12.9467 65.2883 12.3953 -0.358706 0.73305 0.577898
-14.2859 65.1296 11.772 -0.352788 0.735708 0.578164
-15.1212 64.0117 12.6847 -0.35427 0.736633 0.576078
-15.9509 62.9275 13.5576 -0.361319 0.734034 0.575015
-16.721 61.8842 14.4006 -0.366141 0.731366 0.575361
-17.4652 60.8241 15.2677 -0.382537 0.724059 0.573937
-18.1599 59.7114 16.194 -0.385044 0.7207 0.576484
-18.9042 58.538 17.1371 -0.387888 0.70515 0.593553
-19.5928 57.453 17.977 -0.385078 0.706214 0.594118
-20.3915 56.3222 18.8004 -0.395111 0.698774 0.596324
-21.2791 55.1056 19.6131 -0.415915 0.686167 0.596816
-22.2403 53.9539 20.2538 -0.418001 0.67906 0.603451
-23.2179 52.8995 20.7487 -0.431403 0.667463 0.606942
-24.2501 51.8018 21.2059 -0.437481 0.66175 0.60885
-25.2625 50.7103 21.6497 -0.446823 0.656058 0.608224
-26.3948 49.6261 21.9792 -0.454023 0.653674 0.60545
-27.6074 48.4774 22.2923 -0.461489 0.646694 0.607302
-28.7442 47.3978 22.5744 -0.466348 0.645509 0.604845
-29.9908 46.2549 22.8211 -0.473954 0.641682 0.603003
-31.136 45.1501 23.0744 -0.485214 0.633863 0.602315
-32.2656 44.0814 23.2809 -0.489323 0.629994 0.603051
-33.3528 43.0597 23.4552 -0.496598 0.622176 0.605217
-34.5545 41.8981 23.6533 -0.503423 0.616425 0.605463
-35.4949 40.7059 24.0774 -0.50839 0.61106 0.60675
-36.3089 39.5342 24.5683 -0.512264 0.607614 0.606952
-37.1554 38.3018 25.0661 -0.51968 0.595374 0.61275
-38.02 37.0318 25.5587 -0.52379 0.59236 0.612172
-38.919 35.6629 26.1061 -0.527702 0.587105 0.613872
-39.8052 34.3374 26.5909 -0.536911 0.576636 0.615807
-40.5941 33.0931 27.0579 -0.540245 0.571607 0.617576
-41.373 31.8602 27.5131 -0.54566 0.569097 0.61513
-42.187 30.5745 27.9809 -0.553069 0.566099 0.611267
-42.9777 29.2923 28.442 -0.556489 0.562201 0.61176
-43.781 28.0389 28.8539 -0.56095 0.5551 0.614165
-44.5391 26.7486 29.3264 -0.566144 0.551852 0.612323
-45.308 25.4174 29.8084 -0.571786 0.546389 0.61198
-46.0739 24.1425 30.2287 -0.577232 0.544998 0.608096
-46.823 22.8795 30.6462 -0.585452 0.542454 0.602486
-47.6248 21.5057 31.0969 -0.592443 0.538253 0.599412
-48.3719 20.1702 31.5502 -0.602017 0.533561 0.594044
-49.0779 18.8909 31.9839 -0.603965 0.532977 0.592589
-49.7912 17.6263 32.3964 -0.606711 0.534447 0.588446
-50.5766 16.2434 32.8437 -0.608678 0.534704 0.586176
-51.3026 14.9107 33.3021 -0.614843 0.532422 0.581803
-52.0693 13.5488 33.7334 -0.620722 0.529275 0.578423
-52.8105 12.1857 34.1859 -0.620667 0.530117 0.57771
-53.5977 10.9161 34.5041 -0.622677 0.528951 0.576609
-54.0697 10.2218 34.6267 -0.629567 0.52449 0.573193
-70.0752 4.21169 -20.48 -0.711536 0.513482 -0.479637
-69.1586 4.18711 -21.7512 -0.67488 0.49706 -0.545407
-68.1361 4.19511 -22.974 -0.66235 0.499558 -0.558331
-67.1304 4.16259 -24.1601 -0.660001 0.476668 -0.580662
-66.1061 4.11409 -25.3467 -0.654615 0.468429 -0.593341
-65.0562 4.08847 -26.4999 -0.651118 0.454877 -0.607557
-64.016 4.09846 -27.5891 -0.640407 0.450901 -0.621741
-62.9379 4.06591 -28.7018 -0.629033 0.445071 -0.637354
-61.8008 4.05345 -29.8109 -0.619076 0.442642 -0.648697
-60.6385 4.17148 -30.8215 -0.611421 0.440159 -0.657589
-59.2926 4.49776 -31.8477 -0.608825 0.437538 -0.661734
-58.0532 5.06375 -32.6058 -0.602871 0.437215 -0.667376
-56.804 5.84478 -33.2155 -0.597318 0.437817 -0.671958
-55.6239 6.75715 -33.6642 -0.59088 0.439542 -0.676505
-54.5588 7.81602 -33.8986 -0.584596 0.441169 -0.680895
-53.5386 9.08011 -33.9465 -0.576742 0.445045 -0.685058
-52.6777 10.3337 -33.8526 -0.570221 0.447091 -0.689172
-51.9644 11.6655 -33.5734 -0.5641 0.451097 -0.691594
-51.3457 12.9975 -33.2068 -0.562346 0.452622 -0.692026
-50.7403 14.3606 -32.8048 -0.558325 0.456908 -0.692465
-50.0773 15.6867 -32.454 -0.550035 0.4634 -0.694782
-49.4118 17.0452 -32.0641 -0.546162 0.470655 -0.692958
-48.7903 18.3623 -31.6556 -0.544865 0.473998 -0.6917
-48.0597 19.7427 -31.2823 -0.541293 0.47675 -0.692612
-47.3454 21.1152 -30.8839 -0.534166 0.483342 -0.693576
-46.5958 22.5167 -30.4698 -0.527311 0.490526 -0.693777
-45.8596 23.8762 -30.0576 -0.520406 0.498575 -0.693254
-45.1838 25.2002 -29.6102 -0.51811 0.501898 -0.692574
-44.4291 26.5493 -29.1896 -0.513565 0.510646 -0.689559
-43.7545 27.8186 -28.7443 -0.511628 0.515061 -0.687713
-42.9863 29.1273 -28.3312 -0.508624 0.518049 -0.687697
-42.248 30.3789 -27.9164 -0.501926 0.530172 -0.683365
-41.4909 31.6981 -27.4413 -0.495043 0.535337 -0.684358
-40.7087 32.9649 -27.0026 -0.487867 0.545595 -0.681404
-39.9327 34.2256 -26.542 -0.48399 0.553068 -0.678137
-39.1084 35.4957 -26.0816 -0.47647 0.557964 -0.679451
-38.3206 36.7397 -25.6085 -0.470236 0.563849 -0.678929
-37.4532 38.0424 -25.1056 -0.461761 0.574827 -0.675537
-36.5404 39.348 -24.6092 -0.454427 0.581955 -0.674407
-35.3967 40.5063 -24.3626 -0.447103 0.593171 -0.66951
-34.1897 41.6537 -24.1462 -0.448094 0.5975 -0.664984
-33.0632 42.7371 -23.9174 -0.446312 0.609546 -0.655177
-31.9281 43.8998 -23.6024 -0.443233 0.616992 -0.650281
-30.8972 44.993 -23.2564 -0.438459 0.620898 -0.649799
-29.8493 46.0419 -22.9513 -0.439127 0.628703 -0.641794
-28.8055 47.1398 -22.5868 -0.437265 0.63347 -0.638368
-27.7814 48.202 -22.2108 -0.427877 0.646226 -0.631913
-26.7975 49.2895 -21.7475 -0.420678 0.655942 -0.626714
-25.8405 50.3646 -21.2451 -0.412434 0.666211 -0.621337
-24.944 51.4456 -20.6694 -0.410449 0.671784 -0.616633
-23.978 52.5743 -20.065 -0.40289 0.685152 -0.606833
-23.0662 53.7468 -19.3338 -0.396546 0.687758 -0.608061
-22.2343 54.9443 -18.52 -0.393691 0.69019 -0.607162
-21.436 56.0438 -17.7778 -0.388146 0.696975 -0.602967
-20.7051 57.1525 -16.9527 -0.390623 0.709097 -0.587022
-19.9088 58.3559 -16.0192 -0.381984 0.717397 -0.582605
-19.108 59.5157 -15.1207 -0.385298 0.716606 -0.581395
-18.2827 60.685 -14.2144 -0.385016 0.720342 -0.576948
-17.3174 61.7042 -13.571 -0.366588 0.728803 -0.578325
-16.3241 62.7438 -12.882 -0.348516 0.730546 -0.587231
-15.4415 63.7651 -12.1148 -0.332958 0.735111 -0.59055
-14.69 64.7822 -11.2568 -0.320482 0.74054 -0.590671
-13.607 65.3267 -11.1693 -0.327286 0.74235 -0.584638
-12.194 65.2938 -12.0097 -0.333168 0.738281 -0.586459
-10.8843 65.2346 -12.8138 -0.3277 0.730335 -0.599353
-9.4952 65.2245 -13.5623 -0.317259 0.721926 -0.614954
-8.05716 65.221 -14.2911 -0.308121 0.713066 -0.629761
-6.6313 65.2454 -14.9361 -0.290086 0.713464 -0.63782
-5.22399 65.2473 -15.5372 -0.262227 0.719508 -0.643075
-3.73778 65.2876 -16.0986 -0.259587 0.72618 -0.636614
-2.19817 65.3049 -16.719 -0.268498 0.736391 -0.620997
-1.96421 64.6367 -17.6247 -0.283599 0.740606 -0.609159
-2.50436 63.5403 -18.7147 -0.28531 0.743743 -0.604514
-2.9147 62.4431 -19.872 -0.293752 0.741861 -0.602785
-3.09035 61.3779 -21.0898 -0.295543 0.737806 -0.606874
-3.12942 60.404 -22.2554 -0.291867 0.738486 -0.607825
-3.1123 59.3975 -23.4825 -0.289301 0.737084 -0.610747
-3.08634 58.3353 -24.7732 -0.287427 0.735817 -0.613155
-3.08559 57.3475 -25.9468 -0.288659 0.730777 -0.61858
-3.08587 56.3744 -27.0976 -0.29374 0.728668 -0.618675
-3.24885 55.3448 -28.232 -0.297822 0.727505 -0.618093
-3.73195 54.1691 -29.3779 -0.302556 0.725382 -0.618288
-4.14926 53.1057 -30.4112 -0.309467 0.719821 -0.621359
-4.60676 52.0273 -31.4237 -0.31819 0.71397 -0.623699
-5.06671 50.9375 -32.4295 -0.326904 0.709695 -0.624072
-5.43894 49.8699 -33.438 -0.336002 0.703349 -0.626421
-5.81811 48.7332 -34.4976 -0.343635 0.696819 -0.629569
-6.0898 47.6536 -35.526 -0.353638 0.684147 -0.637874
-6.29774 46.5732 -36.5599 -0.362143 0.676414 -0.641335
-6.5018 45.4232 -37.6373 -0.36901 0.665195 -0.649111
-6.6431 44.3247 -38.6732 -0.377745 0.655873 -0.653558
-6.71048 43.1401 -39.8177 -0.388105 0.64855 -0.654795
-6.69848 41.9899 -40.9502 -0.397144 0.637354 -0.660346
-6.66181 40.7694 -42.1471 -0.402752 0.63326 -0.660885
-6.57917 39.5674 -43.3358 -0.407391 0.626162 -0.664795
-6.46338 38.3415 -44.56 -0.411351 0.622707 -0.665602
-6.35286 37.2233 -45.6565 -0.423421 0.613903 -0.666211
-6.23085 36.1384 -46.722 -0.428548 0.59922 -0.676227
-6.00729 35.0546 -47.8109 -0.431771 0.591413 -0.681031
-5.73769 33.8911 -48.988 -0.430853 0.589292 -0.683448
-5.4809 32.7709 -50.1149 -0.434368 0.587434 -0.682822
-5.24101 31.6524 -51.2279 -0.443868 0.580156 -0.682935
-4.99052 30.5642 -52.3138 -0.448863 0.576989 -0.682353
-4.71317 29.436 -53.4365 -0.446127 0.570193 -0.689819
-4.43405 28.3603 -54.501 -0.446099 0.564631 -0.694397
-4.12997 27.296 -55.5534 -0.451482 0.556317 -0.697621
-3.70655 26.1536 -56.7302 -0.453369 0.549677 -0.701649
-3.38764 25.0655 -57.7855 -0.455906 0.544333 -0.704167
-3.04351 24.0105 -58.8085 -0.457316 0.535332 -0.710128
-2.87292 22.8741 -59.7718 -0.458381 0.529334 -0.713928
-2.86037 21.6661 -60.6612 -0.459241 0.520429 -0.719896
-2.84986 20.4505 -61.5419 -0.458441 0.517416 -0.722574
-2.88731 19.1425 -62.445 -0.459719 0.509149 -0.727617
-2.88876 17.91 -63.3025 -0.457751 0.505391 -0.731467
-2.87728 16.6424 -64.1775 -0.456827 0.496669 -0.73799
-2.90606 15.3221 -65.0415 -0.457065 0.491806 -0.741093
-2.89545 13.9557 -65.9488 -0.454307 0.488326 -0.745078
-2.90217 12.6277 -66.8072 -0.452767 0.482251 -0.749957
-2.8785 11.287 -67.6766 -0.449692 0.477872 -0.754596
-2.71133 9.92964 -68.6208 -0.448213 0.470546 -0.76006
-2.38141 8.74325 -69.5433 -0.444751 0.466852 -0.76436
-1.86923 7.642 -70.5093 -0.44153 0.464056 -0.767921
-1.15184 6.57332 -71.5633 -0.438336 0.462522 -0.770671
-0.247172 5.7009 -72.5975 -0.434582 0.46199 -0.773113
-0.853559 4.57738 -72.9292 -0.433607 0.463159 -0.772961
-2.02485 3.4909 -72.9237 -0.433334 0.464766 -0.772149
-3.27471 2.88885 -72.5826 -0.436045 0.465728 -0.77004
-4.60617 2.8356 -71.8589 -0.436877 0.466458 -0.769126
-5.90288 2.882 -71.0928 -0.437499 0.46974 -0.766771
-7.26375 2.85065 -70.3313 -0.438732 0.473173 -0.763951
-8.73001 2.8928 -69.4609 -0.440507 0.474689 -0.761987
-10.1762 2.87049 -68.6322 -0.446589 0.475975 -0.757632
-11.654 2.85437 -67.7648 -0.449396 0.478091 -0.754634
-13.0191 2.8635 -66.9454 -0.450099 0.478207 -0.754141
-14.3474 2.84085 -66.1634 -0.452272 0.478912 -0.752392
-15.7012 2.86545 -65.3277 -0.456655 0.482229 -0.747611
-17.057 2.82968 -64.5202 -0.459022 0.484094 -0.744951
-18.3584 2.85328 -63.6973 -0.462596 0.48357 -0.743078
-19.7272 2.85541 -62.8424 -0.46376 0.483329 -0.742509
-21.091 2.85195 -61.99 -0.466462 0.482799 -0.74116
-22.3971 2.85578 -61.1644 -0.467777 0.482211 -0.740714
-23.6975 2.86955 -60.332 -0.469777 0.481328 -0.740022
-25.062 2.8861 -59.443 -0.480979 0.480107 -0.733587
-26.306 2.94597 -58.5771 -0.487082 0.480093 -0.729563
-25.9717 3.24879 -58.601 -0.487047 0.480079 -0.729596
-24.6243 3.66698 -59.2182 -0.479176 0.479297 -0.735298
-23.1089 4.22144 -59.8259 -0.468818 0.481479 -0.740532
-21.8569 4.99352 -60.1145 -0.466947 0.481876 -0.741455
-20.8172 6.16708 -60.002 -0.462924 0.484054 -0.742558
-20.3186 7.46577 -59.4574 -0.461236 0.490807 -0.739168
-20.4702 8.73383 -58.5195 -0.462127 0.494091 -0.736419
-21.2789 9.66698 -57.373 -0.467355 0.498262 -0.730283
-22.324 10.1499 -56.3719 -0.468461 0.498605 -0.72934
-23.4305 10.5588 -55.3755 -0.473273 0.499677 -0.725489
-24.6007 10.8988 -54.3732 -0.47629 0.498949 -0.724015
-25.7791 11.2117 -53.3798 -0.478747 0.498624 -0.722617
-26.9727 11.4955 -52.3883 -0.482828 0.497199 -0.720881
-28.1077 11.7838 -51.4201 -0.489411 0.494394 -0.718367
-29.292 11.9578 -50.492 -0.491552 0.49534 -0.71625
-30.5342 12.0705 -49.5499 -0.497989 0.494609 -0.712299
-31.8725 12.1394 -48.5641 -0.501559 0.492991 -0.710914
-33.0876 12.2297 -47.6408 -0.503788 0.492101 -0.709954
-34.3096 12.2798 -46.7358 -0.507309 0.493977 -0.706132
-35.5724 12.2734 -45.8254 -0.510634 0.490403 -0.706227
-36.8662 12.1887 -44.9496 -0.511754 0.487951 -0.707116
-38.2476 12.0256 -44.0471 -0.519884 0.488092 -0.70106
-39.5126 11.8615 -43.2159 -0.527227 0.48041 -0.700883
-40.8358 11.6399 -42.3681 -0.530906 0.478465 -0.699436
-42.0835 11.4583 -41.5471 -0.530719 0.473768 -0.702767
-43.3628 11.1801 -40.7611 -0.538151 0.472433 -0.697994
-44.7153 10.7892 -39.9745 -0.541919 0.473701 -0.694213
-46.0115 10.4378 -39.1984 -0.546681 0.473205 -0.690807
-47.3276 10.0463 -38.416 -0.551656 0.470424 -0.688748
-48.609 9.44886 -37.7836 -0.563066 0.461969 -0.68523
-49.7722 8.43144 -37.5094 -0.565774 0.457957 -0.685693
-50.4872 7.02848 -37.8412 -0.571764 0.450892 -0.685407
-50.619 5.70132 -38.604 -0.573255 0.450432 -0.684463
-50.2193 4.6459 -39.6346 -0.571255 0.452808 -0.684568
-49.3342 3.96622 -40.821 -0.569293 0.45304 -0.686047
-48.3907 3.43747 -41.9477 -0.567742 0.45177 -0.688167
-47.7905 2.86828 -42.8181 -0.563902 0.458178 -0.687085
-48.9895 2.84377 -41.8466 -0.564126 0.45818 -0.686901
-50.1902 2.89284 -40.8205 -0.568858 0.456775 -0.683925
-51.3689 2.90097 -39.8253 -0.573922 0.453007 -0.682201
-52.5479 2.88154 -38.8436 -0.576581 0.452256 -0.680455
-53.7038 2.86623 -37.869 -0.578553 0.450952 -0.679646
-54.857 2.88527 -36.8641 -0.586295 0.44502 -0.676916
-55.9734 2.93876 -35.8558 -0.591985 0.443323 -0.673067
-57.1047 2.95555 -34.8427 -0.596487 0.44239 -0.669697
-58.2649 2.96321 -33.798 -0.601111 0.440467 -0.666824
-59.4759 2.93465 -32.7167 -0.606091 0.43995 -0.662644
-60.6137 2.91808 -31.6822 -0.607982 0.441219 -0.660064
-61.8278 2.93678 -30.5426 -0.612784 0.443824 -0.653843
-63.0097 2.89503 -29.4468 -0.621518 0.449218 -0.641808
-64.1618 2.85741 -28.3346 -0.63343 0.451111 -0.628696
-65.2985 2.87572 -27.1525 -0.640361 0.460794 -0.614488
-66.4477 2.85874 -25.9544 -0.644315 0.466545 -0.605963
-67.4971 2.78902 -24.8775 -0.64939 0.482854 -0.58749
-68.5811 2.80579 -23.6632 -0.650514 0.487713 -0.582209
-69.5141 2.99228 -22.4132 -0.669168 0.504375 -0.545727
-69.9107 3.78623 -21.159 -0.691253 0.510754 -0.510985
-70.0781 4.19832 -20.4899 -0.710525 0.514465 -0.480082
-47.5692 3.07287 -42.8629 -0.56256 0.458267 -0.688126
-47.5676 2.89791 -42.9806 -0.562564 0.458263 -0.688126
-44.5958 16.1004 -36.4848 -0.540109 0.469992 -0.698133
-44.2303 17.2401 -35.9918 -0.535183 0.475689 -0.698067
-43.528 18.6049 -35.581 -0.527929 0.488477 -0.694753
-42.8658 19.8947 -35.1758 -0.530154 0.488613 -0.69296
-42.1596 21.1997 -34.7908 -0.527519 0.49447 -0.690812
-41.4629 22.482 -34.3906 -0.51974 0.504853 -0.689198
-40.8068 23.785 -33.9245 -0.515413 0.509263 -0.689202
-40.0898 25.1041 -33.4839 -0.507959 0.514294 -0.690999
-39.2783 26.5086 -33.0214 -0.499288 0.520175 -0.692913
-38.5279 27.7867 -32.5931 -0.492022 0.527992 -0.692189
-37.7367 29.0595 -32.1718 -0.486964 0.534079 -0.691105
-36.9786 30.3299 -31.7106 -0.478654 0.545313 -0.688131
-36.1919 31.6609 -31.2036 -0.478821 0.545286 -0.688036
-35.4363 32.8996 -30.7432 -0.473895 0.548624 -0.688791
-34.6711 34.1265 -30.283 -0.466084 0.556153 -0.688084
-33.8564 35.3994 -29.7966 -0.462512 0.567592 -0.681118
-33.0229 36.6231 -29.3342 -0.458887 0.573479 -0.678634
-32.0632 37.8076 -28.9813 -0.458514 0.577687 -0.675305
-30.8429 38.9907 -28.7817 -0.455318 0.586603 -0.669763
-29.7229 40.1183 -28.5525 -0.454372 0.592421 -0.665269
-28.6282 41.2223 -28.2936 -0.44186 0.604553 -0.662777
-27.5231 42.3621 -27.9869 -0.434419 0.610462 -0.662281
-26.4126 43.4992 -27.6424 -0.422124 0.619098 -0.662215
-25.3402 44.6047 -27.2997 -0.429497 0.615859 -0.660493
-24.2232 45.7397 -26.9532 -0.418034 0.627119 -0.657243
-23.2117 46.8813 -26.4961 -0.410448 0.633646 -0.655763
-22.1845 48.0561 -25.9689 -0.402714 0.651652 -0.642784
-21.2205 49.1605 -25.4438 -0.395125 0.652832 -0.646287
-20.2803 50.2636 -24.8708 -0.37506 0.671153 -0.63944
-19.3609 51.3906 -24.2236 -0.369991 0.672805 -0.640651
-18.5297 52.4639 -23.5543 -0.363042 0.683794 -0.632951
-17.7138 53.597 -22.7842 -0.362964 0.69146 -0.624612
-16.9393 54.6723 -22.0305 -0.348355 0.696831 -0.626954
-16.1172 55.8191 -21.2004 -0.342086 0.702548 -0.624021
-15.3973 56.8807 -20.3936 -0.342391 0.70577 -0.620207
-14.6482 57.983 -19.5499 -0.336337 0.704978 -0.624406
-13.8466 59.0927 -18.7003 -0.320092 0.716616 -0.61968
-12.9814 60.1411 -17.9185 -0.304406 0.72441 -0.61852
-11.8156 60.9178 -17.5661 -0.299051 0.735086 -0.608454
-10.349 60.8988 -18.2961 -0.291162 0.73258 -0.615265
-9.0886 60.7457 -19.0679 -0.284447 0.735308 -0.615152
-9.13905 59.7509 -20.2318 -0.282746 0.731331 -0.620642
-9.10265 58.7852 -21.3802 -0.289666 0.728015 -0.621359
-9.08843 57.7013 -22.6507 -0.297315 0.723763 -0.622713
-9.09132 56.6546 -23.8661 -0.300743 0.721491 -0.6237
-9.09685 55.6312 -25.0405 -0.305181 0.718345 -0.625175
-9.24965 54.525 -26.2292 -0.315737 0.710849 -0.628487
-9.64765 53.4031 -27.2859 -0.320364 0.704906 -0.632827
-10.1242 52.2061 -28.3648 -0.329818 0.699984 -0.633437
-10.6711 51.0024 -29.3942 -0.340419 0.690714 -0.637985
-11.085 49.8194 -30.4375 -0.34637 0.685031 -0.640906
-11.3986 48.7282 -31.431 -0.352513 0.680466 -0.642413
-11.7042 47.624 -32.4179 -0.360855 0.673993 -0.644606
-12.0097 46.484 -33.429 -0.366903 0.66574 -0.649745
-12.2079 45.3443 -34.473 -0.373163 0.656729 -0.655329
-12.3886 44.1281 -35.5615 -0.38827 0.637509 -0.665452
-12.487 42.9535 -36.6229 -0.390098 0.632494 -0.669159
-12.509 41.7454 -37.7342 -0.39346 0.625309 -0.673926
-12.5062 40.6161 -38.7906 -0.399469 0.62461 -0.671035
-12.4469 39.5155 -39.8425 -0.403883 0.618079 -0.674431
-12.3475 38.3601 -40.951 -0.413748 0.60803 -0.677578
-12.2589 37.2572 -41.9914 -0.416983 0.605693 -0.677688
-12.1715 36.1404 -43.0453 -0.421671 0.604119 -0.676191
-12.0595 34.982 -44.1266 -0.424418 0.590225 -0.686661
-11.9076 33.8431 -45.1921 -0.425423 0.586272 -0.68942
-11.7088 32.6611 -46.3078 -0.424874 0.578888 -0.695968
-11.4352 31.5042 -47.4394 -0.428443 0.578145 -0.694393
-11.1555 30.3385 -48.584 -0.433979 0.575434 -0.693208
-10.8925 29.2602 -49.6413 -0.435043 0.572697 -0.694806
-10.6003 28.0993 -50.7741 -0.44075 0.564332 -0.698045
-10.3084 27.011 -51.8361 -0.445239 0.558958 -0.69952
-10.0469 25.9186 -52.8632 -0.445973 0.552158 -0.704435
-9.72261 24.783 -53.9614 -0.44885 0.548317 -0.705603
-9.36114 23.7279 -54.9935 -0.452945 0.536382 -0.712134
-8.97757 22.5867 -56.0936 -0.453294 0.534768 -0.713125
-8.6483 21.4753 -57.1306 -0.454348 0.530304 -0.715782
-8.49649 20.3036 -58.0902 -0.453698 0.526364 -0.719096
-8.51384 18.9221 -59.0815 -0.455645 0.519599 -0.722774
-8.52266 17.6782 -59.9537 -0.452774 0.506573 -0.733743
-8.509 16.3847 -60.8517 -0.45402 0.502706 -0.735631
-8.49707 15.0622 -61.7585 -0.454574 0.499991 -0.737137
-8.51453 13.7938 -62.6084 -0.456811 0.498055 -0.737064
-8.5082 12.5248 -63.4601 -0.455402 0.491699 -0.742186
-8.53424 11.201 -64.3178 -0.456824 0.487475 -0.744096
-8.52109 9.83503 -65.209 -0.455266 0.480887 -0.74932
-8.44602 8.55694 -66.0674 -0.451648 0.476931 -0.754023
-9.74361 8.4185 -65.374 -0.453576 0.479232 -0.751403
-11.0956 8.39779 -64.5672 -0.455469 0.482171 -0.748371
-12.5713 8.40307 -63.6635 -0.457499 0.48212 -0.747165
-13.859 8.3684 -62.8925 -0.459316 0.484312 -0.744628
-14.7886 8.80588 -62.0321 -0.460823 0.486989 -0.741946
-14.8149 10.1087 -61.1578 -0.460503 0.488991 -0.740827
-15.0642 11.2747 -60.2267 -0.465998 0.492615 -0.734967
-15.5194 12.4167 -59.1688 -0.466585 0.494615 -0.733249
-16.1362 13.3783 -58.1248 -0.46768 0.499674 -0.72911
-17.0231 14.1791 -57.0044 -0.461613 0.508305 -0.727007
-17.9628 14.8053 -55.9702 -0.460384 0.509433 -0.726997
-19.0102 15.2901 -54.9656 -0.461685 0.509835 -0.725889
-20.0849 15.6969 -53.9908 -0.466349 0.507777 -0.724349
-21.2308 16.08 -52.9761 -0.472003 0.508075 -0.720467
-22.4719 16.4624 -51.8931 -0.472074 0.508161 -0.72036
-23.5847 16.7793 -50.9369 -0.472495 0.511526 -0.717697
-24.7688 16.9874 -50.0083 -0.470455 0.515859 -0.715934
-26.0189 17.1919 -49.0365 -0.475547 0.516354 -0.712194
-27.3136 17.3833 -48.0224 -0.482396 0.514041 -0.709265
-28.5385 17.5058 -47.1017 -0.484828 0.509685 -0.710748
-29.8532 17.6081 -46.1298 -0.488739 0.507024 -0.709972
-31.0712 17.6841 -45.2362 -0.489053 0.50559 -0.710778
-32.3713 17.7358 -44.2977 -0.49538 0.504911 -0.706869
-33.6173 17.761 -43.4039 -0.497638 0.502261 -0.70717
-34.8898 17.721 -42.5332 -0.503042 0.496241 -0.707597
-36.2934 17.6051 -41.6106 -0.50872 0.491185 -0.707066
-37.5826 17.4553 -40.7786 -0.512617 0.490299 -0.704862
-38.9266 17.2878 -39.9155 -0.514194 0.486491 -0.706351
-40.2547 17.0956 -39.0764 -0.517138 0.486213 -0.70439
-41.5802 16.8811 -38.245 -0.525407 0.48422 -0.699628
-42.9608 16.5481 -37.4304 -0.531101 0.478154 -0.6995
-44.309 16.1792 -36.6532 -0.535778 0.471214 -0.700638
-44.5363 16.1162 -36.5202 -0.540105 0.469995 -0.698134
-27.0874 2.90204 -58.0843 -0.487266 0.479115 -0.730083
-27.0649 2.90942 -58.0945 -0.487269 0.479109 -0.730084
-13.0943 14.5073 -59.2844 -0.458079 0.499321 -0.73542
-11.727 14.9241 -59.8536 -0.458375 0.498586 -0.735733
-11.4363 15.0126 -59.9748 -0.457137 0.497188 -0.737448
-11.4584 19.9399 -56.4842 -0.453798 0.527479 -0.718215
-12.797 19.53 -55.9393 -0.455914 0.521128 -0.721504
-14.1902 19.0946 -55.3628 -0.461295 0.513162 -0.72379
-15.6151 18.6414 -54.7717 -0.462277 0.511256 -0.724512
-16.9738 18.2137 -54.2103 -0.459191 0.509474 -0.727722
-17.581 18.0224 -53.9611 -0.459979 0.50824 -0.728087
-12.7847 24.3977 -52.3454 -0.443479 0.550063 -0.707642
-14.2285 23.9488 -51.7742 -0.457702 0.538873 -0.707194
-15.5762 23.523 -51.2321 -0.457058 0.537949 -0.708315
-17.0772 23.047 -50.6271 -0.458131 0.532525 -0.711711
-18.5156 22.59 -50.0461 -0.457564 0.532949 -0.711759
-19.8722 22.1554 -49.4922 -0.465382 0.528501 -0.710004
-21.3347 21.6759 -48.8818 -0.469723 0.523279 -0.711013
-22.6891 21.2316 -48.3147 -0.468052 0.523191 -0.712179
-24.0604 20.7874 -47.7447 -0.465016 0.520398 -0.716202
-25.4764 20.3259 -47.148 -0.473421 0.514151 -0.715207
-26.2651 20.0641 -46.8125 -0.476087 0.512163 -0.714864
-13.9629 28.7568 -48.126 -0.438325 0.565872 -0.698327
-15.4033 28.3175 -47.5852 -0.433872 0.56685 -0.700312
-16.8422 27.8757 -47.0406 -0.442515 0.552858 -0.706065
-18.2178 27.4454 -46.5053 -0.448563 0.548194 -0.705886
-19.5942 27.0142 -45.9664 -0.448058 0.549195 -0.705429
-21.0001 26.5725 -45.4148 -0.451397 0.54635 -0.705509
-22.3423 26.1469 -44.8806 -0.455975 0.539769 -0.707628
-23.7049 25.7145 -44.3335 -0.453642 0.540664 -0.708443
-25.1517 25.2529 -43.7478 -0.458337 0.532595 -0.711526
-26.7136 24.7484 -43.1021 -0.46826 0.528176 -0.708352
-28.076 24.2994 -42.524 -0.48049 0.52151 -0.705093
-29.5112 23.8149 -41.8986 -0.484056 0.521105 -0.70295
-30.9271 23.3345 -41.2739 -0.487415 0.517224 -0.703496
-32.298 22.8703 -40.6634 -0.488499 0.517134 -0.70281
-33.6965 22.3973 -40.0359 -0.492447 0.514238 -0.702179
-35.055 21.9362 -39.4172 -0.493733 0.510448 -0.704038
-36.4916 21.4467 -38.7544 -0.501206 0.506104 -0.701891
-37.8347 20.9864 -38.1266 -0.502253 0.504894 -0.702014
-39.172 20.53 -37.491 -0.509713 0.496752 -0.702445
-40.0187 20.2358 -37.0785 -0.518021 0.491972 -0.699727
-36.7224 26.1493 -35.1061 -0.490395 0.521291 -0.698404
-35.3624 26.5961 -35.7161 -0.483155 0.528049 -0.698374
-33.9758 27.0527 -36.3315 -0.483755 0.530438 -0.696144
-32.6268 27.4995 -36.928 -0.483457 0.53333 -0.694139
-31.2536 27.9551 -37.5288 -0.477604 0.543262 -0.690479
-29.78 28.4376 -38.1575 -0.470265 0.549477 -0.690598
-28.3595 28.8993 -38.7549 -0.467783 0.55191 -0.690344
-26.8741 29.3791 -39.3688 -0.461242 0.554636 -0.692557
-25.5364 29.8056 -39.909 -0.455005 0.556167 -0.695449
-24.1986 30.2316 -40.4435 -0.45489 0.556211 -0.695489
-22.8504 30.6614 -40.9784 -0.451218 0.558618 -0.695951
-21.3374 31.139 -41.5672 -0.445996 0.56543 -0.693813
-19.9318 31.5814 -42.1076 -0.440395 0.57563 -0.688987
-18.4801 32.0287 -42.6495 -0.433943 0.580846 -0.688703
-17.0671 32.4617 -43.1719 -0.431619 0.580557 -0.690405
-15.583 32.9143 -43.7132 -0.428459 0.581558 -0.69153
-14.9054 33.1207 -43.9582 -0.427284 0.583573 -0.690559
-15.286 37.5179 -39.9088 -0.413921 0.606282 -0.679037
-16.6795 37.1027 -39.4301 -0.415039 0.605152 -0.679363
-18.0805 36.6819 -38.9414 -0.423455 0.595403 -0.682775
-19.5107 36.2479 -38.4329 -0.423043 0.589811 -0.687864
-20.9271 35.8123 -37.9161 -0.435674 0.582784 -0.685967
-22.3337 35.3777 -37.3938 -0.435325 0.579165 -0.689246
-23.7766 34.9292 -36.8479 -0.441632 0.575693 -0.688142
-25.1346 34.5066 -36.3289 -0.445902 0.571492 -0.688889
-26.5304 34.0657 -35.7816 -0.450721 0.566478 -0.689894
-27.9955 33.6034 -35.2006 -0.453571 0.562762 -0.691066
-29.3549 33.1754 -34.6542 -0.453239 0.556989 -0.695944
-30.7348 32.7402 -34.0932 -0.464741 0.55393 -0.690781
-32.1882 32.2675 -33.4768 -0.473246 0.546133 -0.691214
-33.3157 31.9013 -32.9942 -0.473248 0.546149 -0.691201
-28.9291 37.8018 -31.0953 -0.450142 0.58298 -0.676392
-27.4945 38.2507 -31.6564 -0.443603 0.584834 -0.679106
-26.1 38.6726 -32.1803 -0.427082 0.594867 -0.680981
-24.691 39.099 -32.6998 -0.434022 0.595512 -0.676011
-23.3249 39.5218 -33.2075 -0.435681 0.596557 -0.674019
-21.9355 39.9501 -33.7145 -0.430919 0.602889 -0.671442
-20.4991 40.393 -34.2304 -0.428551 0.599424 -0.676044
-19.1084 40.8147 -34.7148 -0.403923 0.612079 -0.679857
-17.7337 41.2139 -35.1674 -0.398547 0.619631 -0.676179
-16.2987 41.6302 -35.634 -0.399731 0.620528 -0.674656
-15.4535 41.8762 -35.9056 -0.396196 0.622001 -0.675384
-14.8624 46.2597 -32.019 -0.376067 0.65123 -0.659146
-16.2518 45.8689 -31.6044 -0.382852 0.647159 -0.65925
-17.8112 45.4251 -31.1286 -0.388113 0.635488 -0.667475
-19.2417 45.0136 -30.6791 -0.392846 0.630178 -0.669737
-20.6609 44.6097 -30.2283 -0.397007 0.626182 -0.671031
-22.0823 44.1917 -29.7536 -0.415298 0.612512 -0.672575
-22.9462 43.9312 -29.4544 -0.419479 0.61474 -0.667931
-17.9907 49.4622 -27.0339 -0.371616 0.670246 -0.642396
-16.5612 49.8542 -27.444 -0.360532 0.674107 -0.644667
-15.1495 50.2296 -27.8283 -0.346284 0.680624 -0.64563
-13.7116 50.6035 -28.2044 -0.345631 0.680728 -0.64587
-13.6105 50.6298 -28.2308 -0.345628 0.680729 -0.645871
-14.3706 54.2989 -23.8515 -0.340206 0.698841 -0.629191
-12.8848 54.6742 -24.2172 -0.325641 0.706488 -0.628357
-12.1275 54.8618 -24.3973 -0.323892 0.707125 -0.628545
-20.7686 46.6217 29.1207 -0.417142 0.655774 0.629248
-19.2762 47.1037 29.5988 -0.410969 0.661343 0.627479
-17.9546 47.5276 30.011 -0.403246 0.671794 0.621358
-19.3943 43.003 33.8244 -0.426206 0.650188 0.62897
-20.8602 42.5102 33.3339 -0.434438 0.646153 0.627495
-22.2132 42.0424 32.8635 -0.442049 0.643734 0.624659
-23.6627 41.5447 32.3518 -0.442468 0.642643 0.625485
-25.1419 41.0332 31.8142 -0.454965 0.631195 0.628171
-26.6071 40.5154 31.2642 -0.461889 0.623785 0.630516
-27.8774 40.061 30.7754 -0.465808 0.62187 0.629524
-32.5699 34.0066 32.9839 -0.50008 0.596884 0.627415
-31.1993 34.5268 33.5692 -0.495761 0.600657 0.627242
-29.8267 35.0514 34.1465 -0.490436 0.607067 0.625254
-28.4524 35.5628 34.7064 -0.476394 0.611162 0.632083
-27.0936 36.0617 35.2443 -0.47373 0.612472 0.632818
-25.6811 36.5832 35.8001 -0.477456 0.613606 0.628906
-24.3141 37.0937 36.3363 -0.470278 0.613031 0.634847
-22.9549 37.5712 36.8308 -0.450894 0.627676 0.634601
-21.4466 38.101 37.3762 -0.445901 0.628594 0.637214
-20.2502 38.5187 37.7952 -0.444761 0.638249 0.628352
-20.7244 34.0489 41.8947 -0.464157 0.614117 0.638293
-22.0674 33.5566 41.3854 -0.467792 0.612029 0.637645
-23.4831 33.0354 40.842 -0.47027 0.611315 0.636506
-24.9289 32.5012 40.2799 -0.478842 0.602501 0.638517
-26.2517 32.0006 39.7478 -0.488069 0.596206 0.637438
-27.6006 31.4856 39.1955 -0.490615 0.593981 0.63756
-28.9096 30.9845 38.6528 -0.487722 0.590838 0.64268
-30.3417 30.4488 38.0668 -0.486925 0.586315 0.647409
-31.7283 29.9134 37.4758 -0.503992 0.58118 0.638922
-33.0825 29.384 36.8841 -0.509967 0.581925 0.63348
-34.509 28.814 36.2412 -0.520773 0.582978 0.623644
-35.8308 28.2742 35.6264 -0.5293 0.57423 0.624581
-36.5318 27.986 35.298 -0.52836 0.574151 0.625449
-40.3456 21.8508 37.5787 -0.543344 0.561604 0.624002
-38.9954 22.4229 38.2379 -0.542724 0.56487 0.621589
-37.7092 22.9638 38.8555 -0.531775 0.571844 0.624668
-36.337 23.5273 39.4944 -0.526914 0.572866 0.627842
-35.0625 24.0527 40.086 -0.527458 0.572181 0.628011
-33.7495 24.5913 40.6883 -0.519622 0.575901 0.631134
-32.4283 25.1129 41.2681 -0.505855 0.579997 0.638525
-30.9569 25.6918 41.907 -0.504923 0.580378 0.638917
-29.6591 26.2023 42.4676 -0.503151 0.581687 0.639124
-28.2267 26.758 43.0739 -0.49435 0.586794 0.64132
-26.833 27.2919 43.6521 -0.490544 0.586011 0.644948
-25.4113 27.8374 44.2366 -0.489795 0.586657 0.64493
-24.0971 28.3389 44.772 -0.48135 0.59436 0.644234
-22.7641 28.8351 45.2952 -0.470725 0.598031 0.648672
-21.3603 29.3515 45.8376 -0.470637 0.598298 0.648491
-20.7275 29.5846 46.0819 -0.471429 0.598269 0.647942
-20.2784 25.2188 50.4324 -0.487575 0.586226 0.647
-21.7167 24.6701 49.8497 -0.48152 0.588949 0.649059
-23.0906 24.1584 49.306 -0.475758 0.588821 0.65341
-24.4727 23.6491 48.7582 -0.477789 0.588243 0.652447
-25.9006 23.1094 48.1732 -0.492203 0.584318 0.64522
-27.2324 22.5996 47.6176 -0.493953 0.584088 0.644089
-28.5973 22.072 47.0443 -0.498012 0.582221 0.642653
-29.9971 21.5265 46.4511 -0.500604 0.579959 0.642684
-31.3686 20.9795 45.8524 -0.514829 0.570218 0.640158
-32.707 20.4383 45.2595 -0.514268 0.569234 0.641484
-34.1135 19.8687 44.6356 -0.515241 0.56821 0.641611
-35.4434 19.3296 44.0412 -0.51986 0.56295 0.64252
-36.7893 18.7669 43.4187 -0.538258 0.557875 0.631707
-38.1528 18.1795 42.7678 -0.542104 0.556393 0.629722
-39.5628 17.5664 42.086 -0.547113 0.55546 0.626204
-40.8178 17.018 41.4731 -0.550421 0.554749 0.623931
-42.085 16.4593 40.8474 -0.553239 0.551038 0.624727
-43.3616 15.8929 40.2111 -0.55709 0.547317 0.624576
-44.0251 15.5933 39.8716 -0.568884 0.541963 0.618584
-44.4705 10.665 43.7866 -0.5669 0.545461 0.61733
-43.1777 11.2678 44.4341 -0.561889 0.545658 0.621722
-41.9321 11.8394 45.0522 -0.559208 0.54692 0.623029
-40.6404 12.4295 45.6879 -0.554723 0.549817 0.624487
-39.2554 13.0486 46.3514 -0.54492 0.552388 0.630817
-37.9547 13.6138 46.9595 -0.533357 0.553956 0.639268
-36.5594 14.206 47.5977 -0.522786 0.553475 0.648352
-35.2159 14.7633 48.1961 -0.517159 0.558406 0.648636
-33.9105 15.2987 48.7734 -0.517172 0.55961 0.647587
-32.5534 15.8562 49.376 -0.517358 0.559379 0.647638
-31.2604 16.3856 49.948 -0.510828 0.558382 0.653655
-29.9505 16.9148 50.5208 -0.511818 0.552641 0.657746
-28.5977 17.4569 51.1098 -0.503981 0.555095 0.66172
-27.2758 17.9661 51.664 -0.488652 0.569502 0.660974
-25.9111 18.4836 52.2281 -0.490498 0.569896 0.659265
-24.5803 18.9868 52.7793 -0.484633 0.572538 0.66131
-23.2447 19.4839 53.3227 -0.481923 0.575767 0.660487
-21.8843 19.9883 53.8733 -0.482314 0.577824 0.658402
-20.5275 20.4961 54.4284 -0.485744 0.575274 0.658112
-19.8143 20.7629 54.7214 -0.485341 0.574803 0.658822
-18.9611 16.4088 59.0795 -0.483814 0.565954 0.667548
-20.3473 15.9011 58.5094 -0.482019 0.567078 0.667893
-21.7376 15.3881 57.9409 -0.482859 0.567246 0.667142
-23.0524 14.9009 57.3994 -0.486307 0.564184 0.667235
-24.5146 14.3524 56.7972 -0.4864 0.564274 0.667091
-25.9758 13.7987 56.1931 -0.495219 0.557185 0.666561
-27.3773 13.2532 55.5993 -0.501618 0.558447 0.660694
-28.8353 12.6805 54.9764 -0.502158 0.560914 0.658189
-30.2233 12.1283 54.3845 -0.504538 0.561038 0.65626
-31.5823 11.5841 53.8031 -0.505534 0.559921 0.656448
-32.9008 11.0521 53.2354 -0.514796 0.557614 0.651192
-34.207 10.5087 52.6614 -0.519307 0.556243 0.648779
-21.991 10.6186 61.761 -0.482763 0.55826 0.674749
-20.6118 11.1242 62.328 -0.482194 0.558663 0.674822
-19.1702 11.6503 62.9229 -0.48252 0.558397 0.674809
-17.9099 12.1072 63.4464 -0.482553 0.558518 0.674685
-17.7746 12.1561 63.5027 -0.482577 0.558497 0.674686
