-54.5243 7.52419 40.6391 -0.618365 0.527397 0.582645
-53.5205 7.40711 41.8036 -0.609512 0.531804 0.587946
-52.4815 7.37713 42.8998 -0.604542 0.531466 0.593357
-51.3965 7.34886 44.0111 -0.594475 0.534067 0.601142
-50.319 7.30356 45.1114 -0.589387 0.536936 0.603591
-49.2181 7.30428 46.1619 -0.578561 0.539752 0.611503
-48.011 7.32245 47.2802 -0.57239 0.542477 0.614889
-46.8201 7.30915 48.3794 -0.563764 0.543226 0.622154
-45.6625 7.3193 49.4137 -0.560139 0.540882 0.627448
-44.4596 7.29408 50.5003 -0.55523 0.542558 0.630357
-43.2512 7.31437 51.5281 -0.543901 0.544372 0.638616
-42.0595 7.30287 52.5502 -0.542751 0.544876 0.639165
-40.9032 7.28037 53.5443 -0.536487 0.547608 0.642111
-39.7426 7.2649 54.5241 -0.533164 0.549197 0.64352
-38.4894 7.25196 55.5684 -0.530845 0.548984 0.645616
-37.3314 7.23575 56.5297 -0.52561 0.552478 0.646918
-36.0331 7.21483 57.5942 -0.522203 0.552696 0.649485
-34.7573 7.22085 58.5998 -0.513293 0.555382 0.654279
-33.5329 7.26563 59.5216 -0.512827 0.555548 0.654504
-32.3574 7.23369 60.4534 -0.503254 0.555359 0.662051
-31.1444 7.23339 61.3697 -0.497341 0.557889 0.664388
-29.9022 7.19918 62.3248 -0.494349 0.559022 0.665668
-28.6558 7.19614 63.2477 -0.491603 0.559565 0.667243
-27.3158 7.30138 64.1449 -0.490139 0.559802 0.668121
-25.9541 7.74029 64.7684 -0.484984 0.560062 0.671656
-24.5505 8.36066 65.2649 -0.484612 0.559097 0.672727
-23.1711 9.02488 65.7048 -0.48314 0.558583 0.674211
-21.833 9.72019 66.0896 -0.483924 0.557141 0.674842
-20.5111 10.4098 66.466 -0.480903 0.557171 0.676974
-19.2708 11.1809 66.7133 -0.48036 0.555542 0.678695
-19.6411 12.1624 65.6446 -0.48188 0.556871 0.676525
-20.0678 13.1534 64.5234 -0.481895 0.5578 0.675749
-20.4835 14.1508 63.3992 -0.482813 0.560215 0.67309
-20.84 15.1775 62.2808 -0.485495 0.565093 0.667057
-21.1945 16.1932 61.1608 -0.486385 0.565678 0.665911
-21.5595 17.1801 60.0555 -0.486626 0.565703 0.665714
-21.9214 18.1746 58.9462 -0.487336 0.564997 0.665795
-22.2916 19.209 57.7906 -0.489582 0.567744 0.661798
-22.6489 20.2759 56.6105 -0.488962 0.568729 0.66141
-22.9672 21.3011 55.488 -0.487234 0.574226 0.657927
-23.2771 22.3151 54.3719 -0.486878 0.574759 0.657725
-23.5506 23.4137 53.212 -0.484387 0.574515 0.659774
-23.889 24.4581 52.0464 -0.481412 0.581997 0.655379
-24.2131 25.4871 50.8859 -0.481535 0.585472 0.652187
-24.5462 26.4834 49.7445 -0.480578 0.586832 0.65167
-24.9398 27.4589 48.5699 -0.484752 0.587304 0.648144
-25.2458 28.5245 47.3672 -0.491906 0.588359 0.641765
-25.5446 29.6036 46.1516 -0.491348 0.585853 0.644479
-25.8278 30.6255 45.0033 -0.486784 0.591761 0.642541
-26.0924 31.6681 43.84 -0.483957 0.594886 0.641792
-26.417 32.7018 42.638 -0.485225 0.594188 0.64148
-26.914 33.6024 41.4246 -0.489909 0.593436 0.63861
-27.3809 34.497 40.2276 -0.489907 0.597184 0.635108
-28.0473 35.2818 38.9777 -0.486674 0.596545 0.638185
-29.3783 34.9355 38.3012 -0.480243 0.596198 0.643362
-30.7083 34.3142 37.8829 -0.484397 0.596433 0.640013
-32.1202 33.5465 37.5028 -0.503956 0.591462 0.629445
-33.5319 32.8156 37.0412 -0.511397 0.584688 0.629772
-34.8612 32.0216 36.6868 -0.519095 0.581735 0.626199
-36.1606 31.1178 36.4456 -0.522408 0.580568 0.624524
-37.5258 30.1996 36.1393 -0.530168 0.572019 0.625872
-38.8672 29.3339 35.794 -0.530744 0.570556 0.626719
-40.1486 28.5254 35.4336 -0.536757 0.567488 0.624376
-41.383 27.7601 35.0494 -0.551186 0.558985 0.619455
-42.6231 26.9206 34.6882 -0.55818 0.556111 0.615772
-43.5682 25.7393 34.9003 -0.559594 0.558465 0.612348
-44.3182 24.4607 35.3826 -0.561873 0.556718 0.611853
-45.0535 23.2004 35.8413 -0.572023 0.547886 0.610419
-45.8107 21.9171 36.2841 -0.575703 0.552367 0.602873
-46.5797 20.6606 36.7129 -0.574341 0.556921 0.599977
-47.3363 19.3575 37.19 -0.578929 0.550129 0.601818
-48.0575 18.109 37.6194 -0.588653 0.540753 0.600894
-48.8136 16.841 38.0158 -0.591888 0.537143 0.600954
-49.5285 15.5841 38.4415 -0.590762 0.543888 0.595975
-50.2839 14.2469 38.9128 -0.592521 0.543357 0.594712
-51.0055 12.9947 39.3357 -0.59668 0.538082 0.595334
-51.7253 11.723 39.7539 -0.601783 0.532117 0.595573
-52.5092 10.434 40.1086 -0.606865 0.530661 0.591704
-53.3325 9.16031 40.4121 -0.611103 0.532281 0.585859
-54.2733 7.87739 40.5862 -0.617921 0.526673 0.583772
-54.4543 7.63283 40.6152 -0.618038 0.526614 0.583701
-57.2133 9.48568 35.9056 -0.642849 0.518467 0.563859
-56.283 10.7805 35.7686 -0.635968 0.523937 0.566599
-55.4959 12.1001 35.4241 -0.628631 0.53308 0.566259
-54.7605 13.4211 35.0032 -0.626187 0.531676 0.570272
-54.0604 14.7129 34.566 -0.620946 0.531363 0.576257
-53.3449 16.0138 34.1418 -0.619169 0.528432 0.580852
-52.6058 17.3278 33.7263 -0.613381 0.534187 0.581728
-51.8628 18.6184 33.3141 -0.603997 0.537722 0.588253
-51.1201 19.9341 32.8759 -0.602042 0.536787 0.591104
-50.3902 21.2018 32.4666 -0.601469 0.53474 0.593539
-49.6067 22.584 32.0182 -0.594664 0.536833 0.598486
-48.8419 23.9075 31.5854 -0.588202 0.53906 0.602854
-48.1239 25.1898 31.1358 -0.583092 0.540915 0.606148
-47.3798 26.5018 30.674 -0.578274 0.542655 0.6092
-46.6178 27.8202 30.2166 -0.571576 0.547523 0.611162
-45.7894 29.0911 29.8548 -0.56999 0.546124 0.613889
-44.5124 30.0451 30.1671 -0.556983 0.55486 0.617981
-43.2374 30.9069 30.5363 -0.551007 0.557479 0.620974
-41.9963 31.7122 30.907 -0.545893 0.561732 0.621651
-40.7037 32.5376 31.2808 -0.537066 0.566184 0.625296
-39.4527 33.3179 31.6447 -0.531626 0.57044 0.62607
-38.2018 34.1301 31.9594 -0.526822 0.572145 0.628575
-36.8949 35.07 32.1893 -0.518537 0.576218 0.631736
-35.6644 35.9197 32.4204 -0.515768 0.580509 0.630071
-34.3275 36.6262 32.8519 -0.503286 0.590304 0.631066
-32.8445 37.3879 33.306 -0.493993 0.59289 0.635966
-31.4511 38.1628 33.6622 -0.488795 0.595005 0.638004
-30.1408 38.8602 34.0109 -0.484805 0.597615 0.638608
-28.7595 39.3099 34.6268 -0.475949 0.605166 0.638159
-27.3415 39.7506 35.2747 -0.478859 0.606388 0.634813
-26.0432 40.023 35.9849 -0.472012 0.608375 0.638031
-24.8727 39.9084 36.9489 -0.466499 0.60999 0.640539
-23.7412 39.6749 37.9882 -0.458167 0.617051 0.63979
-23.1769 38.79 39.2435 -0.45606 0.617155 0.641193
-22.7537 37.9014 40.4119 -0.465649 0.616617 0.634787
-22.3244 37.0261 41.5779 -0.465954 0.616488 0.634688
-21.7615 36.1629 42.8267 -0.465017 0.614298 0.637493
-21.3472 35.1867 44.0643 -0.467084 0.609246 0.64082
-21.0598 34.1538 45.2527 -0.46867 0.606952 0.641839
-20.7858 33.1699 46.3822 -0.469739 0.605012 0.642888
-20.4977 32.1511 47.5474 -0.476684 0.599029 0.643375
-20.2512 31.1573 48.6548 -0.480966 0.596757 0.642303
-19.9331 30.143 49.839 -0.482618 0.598056 0.639851
-19.618 29.1804 50.978 -0.487441 0.591668 0.642129
-19.2873 28.1008 52.2148 -0.489778 0.585578 0.645923
-18.9213 27.0803 53.4161 -0.490121 0.583742 0.647322
-18.5734 25.9824 54.66 -0.488536 0.580082 0.651796
-18.3288 24.9137 55.7935 -0.488046 0.578997 0.653126
-18.0327 23.8448 56.9542 -0.490708 0.573133 0.656295
-17.7202 22.8593 58.0421 -0.489631 0.569741 0.660043
-17.3555 21.8137 59.2095 -0.490254 0.564688 0.663911
-16.9534 20.7153 60.4357 -0.490971 0.562202 0.66549
-16.5546 19.6204 61.656 -0.491671 0.561663 0.665428
-16.1941 18.6445 62.7425 -0.488458 0.560283 0.668948
-15.8352 17.5171 63.9435 -0.487255 0.558968 0.670922
-15.3789 16.461 65.1472 -0.483522 0.557058 0.675198
-14.956 15.5103 66.2314 -0.48293 0.554858 0.677429
-14.473 14.4121 67.47 -0.480463 0.551496 0.681915
-14.0385 13.3722 68.6142 -0.478083 0.551281 0.683758
-13.7121 12.3511 69.6655 -0.476765 0.551693 0.684346
-13.3315 11.2045 70.853 -0.475439 0.551315 0.685573
-13.1064 10.1647 71.8441 -0.473787 0.551095 0.686892
-14.413 9.32186 71.6203 -0.474181 0.552047 0.685855
-15.7133 8.56192 71.3338 -0.473942 0.553538 0.684817
-17.1171 7.70477 71.0552 -0.47392 0.555101 0.683566
-18.5662 6.87253 70.7257 -0.475254 0.556102 0.681824
-19.9295 6.15564 70.358 -0.47623 0.556224 0.681044
-21.3357 5.41677 69.9768 -0.477629 0.556077 0.680183
-22.6523 4.76436 69.5833 -0.479899 0.556428 0.678295
-24.0053 4.14851 69.1316 -0.480284 0.556893 0.67764
-25.3479 3.5691 68.6538 -0.481855 0.556977 0.676455
-26.6884 3.0286 68.1445 -0.481889 0.558139 0.675473
-28.1424 2.51145 67.5314 -0.484096 0.559193 0.673019
-29.4016 2.46194 66.6601 -0.488282 0.559196 0.669985
-30.7587 2.44004 65.6864 -0.489653 0.560429 0.667952
-31.9889 2.46348 64.7589 -0.492798 0.561705 0.664558
-33.2173 2.47159 63.8373 -0.49803 0.561665 0.660678
-34.5868 2.45654 62.8073 -0.502958 0.561955 0.656688
-35.7799 2.47877 61.8675 -0.510988 0.559834 0.652286
-37.035 2.44885 60.8912 -0.522858 0.558967 0.643561
-38.2936 2.46181 59.8507 -0.527036 0.557975 0.641013
-39.4565 2.45987 58.8915 -0.531672 0.555503 0.639329
-40.6055 2.48057 57.9148 -0.53425 0.554694 0.637881
-41.7662 2.46017 56.952 -0.538916 0.552445 0.635904
-42.9333 2.4626 55.959 -0.541978 0.550427 0.635051
-44.1351 2.46236 54.9324 -0.542359 0.551089 0.63415
-45.3012 2.4882 53.9052 -0.549249 0.550623 0.628602
-46.4397 2.47135 52.9199 -0.552593 0.548093 0.627881
-47.6076 2.48869 51.8639 -0.561387 0.548899 0.619318
-48.7945 2.48159 50.7903 -0.563078 0.549793 0.616985
-49.9989 2.50119 49.6617 -0.573082 0.547836 0.609469
-51.2381 2.46978 48.5077 -0.581649 0.544712 0.604129
-52.3279 2.4662 47.4519 -0.588529 0.541887 0.599993
-53.4125 2.51116 46.3343 -0.595339 0.541046 0.594004
-54.5575 2.51892 45.163 -0.604152 0.537099 0.588664
-55.6742 2.51612 43.9967 -0.613031 0.53431 0.581984
-56.7527 2.52287 42.8494 -0.616647 0.533054 0.57931
-57.7813 2.52269 41.7299 -0.627579 0.53176 0.568661
-58.7833 2.56535 40.5514 -0.640683 0.526519 0.558841
-59.8526 2.5201 39.3604 -0.646665 0.520896 0.557214
-60.8955 2.52976 38.1265 -0.652914 0.520739 0.550031
-61.9363 2.55313 36.8513 -0.660092 0.518705 0.543346
-62.8942 2.55331 35.6726 -0.667017 0.515793 0.53763
-63.85 2.55928 34.4738 -0.670225 0.515197 0.534199
-64.8129 2.56395 33.2503 -0.674484 0.51544 0.528575
-65.7443 2.57422 32.048 -0.6755 0.516823 0.525922
-66.5921 2.82403 30.7064 -0.677296 0.517705 0.522735
-67.1734 3.41286 29.3671 -0.677264 0.519368 0.521124
-67.6877 4.03725 28.0702 -0.678836 0.520727 0.517711
-67.5339 4.51229 27.7931 -0.679114 0.521562 0.516505
-66.6219 4.4755 29.0258 -0.678992 0.518751 0.519488
-65.6383 4.44385 30.3413 -0.67908 0.516418 0.521692
-64.6596 4.45924 31.5957 -0.677708 0.514325 0.52553
-63.6069 4.59042 32.8179 -0.674808 0.51314 0.530397
-62.5293 4.95697 33.823 -0.668955 0.513119 0.53778
-61.3986 5.55016 34.6557 -0.664518 0.514682 0.541772
-60.254 6.35759 35.2797 -0.656762 0.516332 0.549605
-59.0338 7.4197 35.724 -0.650435 0.518147 0.555389
-58.0041 8.50009 35.9107 -0.643888 0.519509 0.56171
-57.3028 9.36681 35.9129 -0.642534 0.519029 0.563701
-50.0802 9.85097 43.0748 -0.585519 0.539844 0.604761
-48.7739 10.4831 43.7604 -0.579682 0.542306 0.608172
-47.5396 11.0737 44.4042 -0.573515 0.544623 0.611936
-46.1453 11.7259 45.1156 -0.566721 0.54491 0.617981
-44.8886 12.3076 45.7524 -0.564651 0.545903 0.618998
-43.5143 12.9407 46.4441 -0.558572 0.548793 0.621951
-42.2291 13.5184 47.0771 -0.550423 0.553416 0.625113
-40.8839 14.1074 47.7222 -0.538892 0.556805 0.632111
-39.5979 14.6538 48.3255 -0.528896 0.560457 0.637304
-38.2284 15.2213 48.9558 -0.5238 0.55819 0.643473
-36.925 15.7564 49.5487 -0.51773 0.561632 0.645388
-35.6168 16.2838 50.1364 -0.5156 0.562961 0.645935
-34.3162 16.8022 50.7143 -0.509741 0.56308 0.650465
-32.9816 17.3299 51.3039 -0.510412 0.563511 0.649565
-31.5583 17.8899 51.9302 -0.506063 0.565221 0.651479
-30.1765 18.4276 52.5352 -0.506101 0.563015 0.653357
-28.7856 18.9679 53.1467 -0.504973 0.562835 0.654385
-27.4475 19.4802 53.7286 -0.497508 0.562794 0.660112
-26.1328 19.9773 54.2934 -0.493552 0.565361 0.660888
-25.4865 20.2188 54.5682 -0.487856 0.571375 0.659944
-24.3395 16.38 58.7022 -0.488291 0.566752 0.6636
-25.6657 15.8901 58.1394 -0.493009 0.563098 0.663221
-27.1234 15.3385 57.5141 -0.498564 0.562534 0.659537
-28.4682 14.8273 56.9347 -0.495763 0.564495 0.659973
-29.8495 14.3014 56.3472 -0.496241 0.565007 0.659175
-31.1609 13.7942 55.7808 -0.504663 0.562291 0.655091
-32.4799 13.2769 55.2055 -0.508178 0.561192 0.653314
-33.7871 12.7538 54.6297 -0.512068 0.559011 0.652144
-35.086 12.2312 54.0561 -0.51397 0.557901 0.651599
-36.4523 11.6691 53.4408 -0.523989 0.55432 0.646656
-37.7968 11.1087 52.8312 -0.524377 0.554648 0.646061
-39.0957 10.5634 52.2419 -0.527511 0.552611 0.645255
-40.4858 9.9671 51.6055 -0.535938 0.548248 0.642024
-41.1112 9.69463 51.3123 -0.541305 0.546339 0.639142
-30.9193 9.64054 59.5129 -0.501708 0.56021 0.659131
-29.6121 10.1422 60.0676 -0.493219 0.56016 0.66555
-28.1894 10.6805 60.6676 -0.492126 0.560168 0.666352
-26.8545 11.1821 61.2311 -0.490987 0.560634 0.666799
-25.486 11.693 61.8109 -0.491725 0.561414 0.665598
-24.0949 12.2101 62.4007 -0.489751 0.559363 0.668772
-23.0296 12.6013 62.8516 -0.488098 0.559676 0.669718
-26.6515 24.0242 50.3787 -0.493526 0.582703 0.645669
-27.9894 23.5173 49.8027 -0.498947 0.578243 0.645512
-29.29 23.0211 49.2393 -0.503303 0.575515 0.644568
-30.5953 22.5129 48.6614 -0.511278 0.573184 0.640355
-31.9478 21.9816 48.0564 -0.511562 0.572796 0.640475
-33.3247 21.4386 47.4393 -0.516665 0.571024 0.637957
-34.7233 20.8765 46.8012 -0.520518 0.569342 0.636326
-36.078 20.3311 46.1813 -0.521164 0.569768 0.635415
-37.4458 19.7734 45.5467 -0.529272 0.566299 0.631804
-38.8135 19.2095 44.9053 -0.529701 0.566299 0.631445
-40.1545 18.655 44.2752 -0.531964 0.562323 0.633094
-41.5045 18.0825 43.6246 -0.54471 0.555723 0.628063
-42.7709 17.5382 43.0057 -0.545776 0.555198 0.627602
-44.0998 16.9618 42.3495 -0.553722 0.550952 0.624374
-45.3621 16.3961 41.7061 -0.564806 0.544471 0.620118
-46.6359 15.8115 41.0407 -0.579142 0.541295 0.609585
-47.4063 15.452 40.6299 -0.577494 0.544194 0.608567
-44.0646 21.2302 38.5337 -0.551073 0.562575 0.616302
-42.7634 21.7856 39.1914 -0.551172 0.560033 0.618524
-41.4943 22.3269 39.823 -0.547396 0.560781 0.621194
-40.1858 22.8846 40.4712 -0.546937 0.559733 0.622542
-38.8423 23.4469 41.1303 -0.534032 0.56703 0.627127
-37.5115 23.9862 41.76 -0.526904 0.565097 0.634852
-36.1999 24.5134 42.3721 -0.522214 0.564489 0.639254
-34.8877 25.0328 42.9747 -0.514603 0.568584 0.641792
-33.4916 25.5775 43.6054 -0.508958 0.574518 0.641008
-32.1479 26.0993 44.2023 -0.507951 0.576664 0.639878
-30.8377 26.6067 44.7847 -0.50748 0.577147 0.639816
-29.4861 27.1272 45.3814 -0.501682 0.582359 0.639667
-28.1117 27.6462 45.9694 -0.492848 0.586299 0.642926
-27.8943 27.7276 46.0617 -0.492949 0.586934 0.642269
-28.9918 31.4536 41.8085 -0.497749 0.586884 0.638602
-30.3137 30.9571 41.2351 -0.494849 0.585853 0.641796
-31.6779 30.4512 40.6517 -0.493366 0.582013 0.646414
-33.029 29.9433 40.0559 -0.503544 0.576842 0.643192
-34.4119 29.4212 39.4399 -0.505189 0.573835 0.644591
-35.7023 28.9219 38.8504 -0.529326 0.566223 0.631827
-36.7218 28.5088 38.3626 -0.53227 0.565944 0.6296
-36.8035 28.4757 38.3233 -0.532223 0.565931 0.629651
