-49.8133 10.2532 -41.3092 -0.556478 0.462457 -0.690265
-48.5581 10.1832 -42.3637 -0.55341 0.464861 -0.691115
-47.3744 10.1596 -43.3169 -0.545567 0.466418 -0.696284
-46.1121 10.1151 -44.3352 -0.544752 0.467238 -0.696372
-44.8403 10.0967 -45.3366 -0.541455 0.468626 -0.698009
-43.6306 10.0678 -46.2955 -0.543645 0.467551 -0.697027
-42.3366 10.062 -47.2914 -0.530405 0.472703 -0.703721
-41.0927 10.0538 -48.2274 -0.527128 0.472819 -0.706101
-39.7536 10.0662 -49.2122 -0.52135 0.478633 -0.706473
-38.4837 10.0507 -50.1568 -0.518529 0.482267 -0.706078
-37.2367 10.0283 -51.0775 -0.51039 0.48342 -0.711201
-36.0066 9.99065 -51.98 -0.506744 0.48438 -0.713153
-34.7559 9.97149 -52.8745 -0.50271 0.486337 -0.714674
-33.4695 9.95946 -53.7882 -0.501614 0.488307 -0.7141
-32.1623 9.97964 -54.6882 -0.498598 0.488454 -0.716109
-30.8985 9.99942 -55.555 -0.497082 0.489127 -0.716704
-29.6151 9.98829 -56.4451 -0.491585 0.489329 -0.720348
-28.2482 9.95478 -57.3961 -0.487572 0.48918 -0.723171
-26.9747 9.95745 -58.2431 -0.482534 0.491297 -0.725113
-25.6627 9.95811 -59.1159 -0.482638 0.491712 -0.724762
-24.4082 9.94563 -59.9542 -0.475811 0.491475 -0.729422
-23.0067 9.96856 -60.8467 -0.470495 0.490358 -0.733608
-21.73 9.94577 -61.6747 -0.46765 0.487816 -0.737115
-20.4294 9.9278 -62.5116 -0.467512 0.487923 -0.737132
-19.1237 9.96175 -63.3136 -0.46369 0.486824 -0.740266
-17.7734 9.98767 -64.1377 -0.461198 0.486259 -0.742192
-16.3657 10.0004 -65.0038 -0.460572 0.486137 -0.74266
-14.9627 10.0102 -65.8653 -0.458717 0.486115 -0.743822
-13.6273 10.0349 -66.6654 -0.454811 0.483276 -0.748058
-13.9878 11.0372 -65.7971 -0.458491 0.484341 -0.745116
-14.5968 12.0388 -64.7668 -0.460138 0.487241 -0.742206
-15.214 13.0126 -63.7367 -0.46173 0.491916 -0.738122
-15.8261 13.9587 -62.7225 -0.460571 0.493427 -0.737837
-16.4377 14.9041 -61.6945 -0.466225 0.503486 -0.727418
-16.9752 15.8682 -60.677 -0.466662 0.506321 -0.725166
-17.4946 16.8905 -59.6328 -0.464411 0.506016 -0.726823
-18.0458 17.8867 -58.5835 -0.462974 0.51013 -0.72486
-18.5372 18.8777 -57.5715 -0.463188 0.510555 -0.724424
-19.0425 19.8904 -56.5291 -0.462313 0.515836 -0.721235
-19.5938 20.894 -55.4527 -0.461235 0.519082 -0.719594
-20.1441 21.8503 -54.4021 -0.463624 0.525899 -0.71308
-20.6884 22.7922 -53.3493 -0.461793 0.529895 -0.711308
-21.2418 23.7229 -52.2941 -0.462523 0.5318 -0.70941
-21.7692 24.6802 -51.2289 -0.462222 0.534462 -0.707603
-22.3058 25.6213 -50.1669 -0.460097 0.535058 -0.708537
-22.8328 26.6896 -49.027 -0.458518 0.531388 -0.712311
-23.4288 27.6159 -47.953 -0.45794 0.531613 -0.712516
-24.0551 28.5262 -46.8647 -0.457692 0.538208 -0.707708
-24.7071 29.4461 -45.7348 -0.46157 0.540947 -0.703086
-25.4731 30.2317 -44.6217 -0.462807 0.544373 -0.69962
-26.2537 31.0051 -43.5005 -0.460945 0.54956 -0.696788
-27.388 31.169 -42.6193 -0.463682 0.548169 -0.696067
-28.724 30.6317 -42.1504 -0.464875 0.546731 -0.696402
-30.0955 29.9942 -41.7307 -0.472455 0.539437 -0.696983
-31.4751 29.2301 -41.3795 -0.475012 0.536216 -0.697735
-32.7667 28.473 -41.0808 -0.477537 0.533353 -0.698201
-34.1075 27.6741 -40.7572 -0.488176 0.518374 -0.70212
-35.4001 26.9366 -40.4067 -0.486705 0.520172 -0.701812
-36.721 26.0781 -40.1212 -0.489951 0.516458 -0.702296
-37.9407 25.2354 -39.879 -0.495097 0.512791 -0.701373
-39.1944 24.3751 -39.6213 -0.496601 0.512313 -0.700659
-40.4338 23.5311 -39.357 -0.498513 0.508698 -0.701934
-41.7625 22.6362 -39.049 -0.508509 0.501914 -0.699644
-43.0802 21.7448 -38.7242 -0.514531 0.49459 -0.700456
-44.3115 20.8234 -38.4566 -0.522762 0.491304 -0.696664
-45.2575 19.7038 -38.5229 -0.529494 0.481625 -0.698333
-45.8875 18.3996 -38.9276 -0.536601 0.472201 -0.699346
-46.6259 16.9102 -39.3612 -0.542412 0.468709 -0.697208
-47.2857 15.5993 -39.7282 -0.543474 0.469491 -0.695855
-47.9224 14.2462 -40.1415 -0.549694 0.465936 -0.693354
-48.5978 12.8311 -40.5545 -0.552314 0.465043 -0.691869
-49.27 11.4692 -40.931 -0.553779 0.463106 -0.691998
-49.8102 10.2998 -41.2805 -0.556475 0.462453 -0.69027
-55.1836 11.5387 -36.0609 -0.573496 0.446851 -0.686605
-55.8459 10.2233 -36.3601 -0.578545 0.444519 -0.683878
-56.7208 8.86575 -36.4963 -0.585553 0.442032 -0.67951
-57.7298 7.64285 -36.4157 -0.591388 0.439244 -0.676258
-58.7853 6.57204 -36.1843 -0.595157 0.43874 -0.673272
-60.0317 5.558 -35.7389 -0.598369 0.439075 -0.6702
-61.3047 4.72019 -35.1443 -0.602198 0.438798 -0.666944
-62.6202 4.10134 -34.359 -0.605219 0.438801 -0.664202
-63.817 3.6614 -33.5554 -0.607754 0.438976 -0.661767
-64.2569 3.54733 -33.2267 -0.608867 0.440363 -0.659817
-63.13 3.52971 -34.2721 -0.605699 0.439374 -0.663384
-61.9705 3.49491 -35.35 -0.602655 0.440314 -0.665531
-60.7877 3.44968 -36.4495 -0.60135 0.440857 -0.66635
-59.5893 3.47938 -37.5079 -0.597697 0.443604 -0.667813
-58.454 3.43777 -38.5479 -0.592432 0.446926 -0.670283
-57.1704 3.46841 -39.6498 -0.587133 0.447491 -0.674557
-56.0244 3.44222 -40.6602 -0.584133 0.449344 -0.675927
-54.8151 3.4198 -41.7122 -0.578183 0.452342 -0.679037
-53.612 3.41078 -42.7408 -0.574373 0.456906 -0.679213
-52.4155 3.41257 -43.7434 -0.568716 0.461869 -0.680616
-51.25 3.40655 -44.7182 -0.565557 0.460894 -0.683901
-50.0664 3.40015 -45.6907 -0.557345 0.462328 -0.689652
-48.8383 3.4202 -46.6673 -0.554763 0.464706 -0.690135
-47.5799 3.39929 -47.6871 -0.551262 0.466957 -0.69142
-46.2925 3.37423 -48.7257 -0.545525 0.471423 -0.692938
-45.0376 3.38493 -49.6932 -0.53987 0.471037 -0.697612
-43.7544 3.4319 -50.6492 -0.536595 0.471521 -0.69981
-42.5038 3.40431 -51.6247 -0.533671 0.473447 -0.700745
-41.2859 3.39614 -52.5538 -0.529795 0.473282 -0.70379
-40.0793 3.38696 -53.4576 -0.522973 0.474002 -0.708393
-38.8472 3.39422 -54.3573 -0.518307 0.475695 -0.710684
-37.6391 3.3617 -55.2593 -0.51708 0.477149 -0.710603
-36.4008 3.39764 -56.1306 -0.513364 0.477402 -0.713123
-35.1455 3.39415 -57.0304 -0.508086 0.478819 -0.715947
-33.8061 3.37657 -57.9891 -0.504595 0.48159 -0.716557
-32.4921 3.35623 -58.9153 -0.496875 0.481169 -0.722213
-31.1625 3.37481 -59.813 -0.493193 0.480955 -0.724874
-29.9239 3.34789 -60.6707 -0.490612 0.481729 -0.726111
-28.6465 3.31758 -61.5478 -0.486056 0.482889 -0.728401
-27.3732 3.34711 -62.3755 -0.48146 0.482335 -0.731811
-26.0647 3.35959 -63.2216 -0.477629 0.483105 -0.733812
-24.6563 3.38773 -64.1145 -0.47248 0.482716 -0.737392
-23.3261 3.37832 -64.9696 -0.470172 0.482168 -0.739224
-22.0598 3.32724 -65.8011 -0.463283 0.481381 -0.744071
-20.7535 3.35205 -66.5969 -0.462146 0.480603 -0.74528
-19.4543 3.37554 -67.3866 -0.460494 0.479761 -0.746843
-18.0487 3.37659 -68.2484 -0.456882 0.479137 -0.749457
-16.7622 3.37511 -69.0309 -0.455174 0.47774 -0.751386
-15.4639 3.39514 -69.8005 -0.451595 0.477637 -0.753608
-14.1712 3.40947 -70.5635 -0.44997 0.478469 -0.754052
-12.8348 3.41529 -71.3552 -0.447598 0.477876 -0.755838
-11.4605 3.91719 -71.8479 -0.44401 0.476119 -0.759056
-10.1461 4.82973 -72.0438 -0.442978 0.475295 -0.760175
-8.9091 5.80616 -72.1544 -0.443241 0.473425 -0.761187
-7.6901 6.76778 -72.2657 -0.442216 0.473383 -0.76181
-6.49276 7.73944 -72.3561 -0.441634 0.472455 -0.762723
-5.28167 8.75942 -72.4313 -0.444792 0.469081 -0.76297
-4.18786 9.8416 -72.4045 -0.44437 0.468117 -0.763808
-4.80891 10.8492 -71.4215 -0.447023 0.471615 -0.760097
-5.51893 11.8876 -70.3531 -0.450067 0.473029 -0.757418
-6.15824 12.8429 -69.3735 -0.450832 0.477242 -0.754314
-6.78142 13.8299 -68.3704 -0.451762 0.482389 -0.750474
-7.48651 14.8738 -67.2658 -0.454354 0.486541 -0.746218
-8.12141 15.8408 -66.2417 -0.455817 0.492156 -0.741629
-8.77585 16.8788 -65.1426 -0.457072 0.498026 -0.736923
-9.41102 17.828 -64.1044 -0.456379 0.500627 -0.735589
-10.0442 18.8513 -63.0109 -0.458337 0.502288 -0.733235
-10.6252 19.8438 -61.9642 -0.463985 0.50696 -0.726418
-11.1867 20.8296 -60.9021 -0.463845 0.51547 -0.720513
-11.7181 21.8162 -59.8484 -0.464177 0.519916 -0.717094
-12.2372 22.863 -58.7482 -0.462068 0.523662 -0.715731
-12.7597 23.9521 -57.6098 -0.456649 0.529779 -0.714707
-13.2512 24.9704 -56.5391 -0.455452 0.53185 -0.713932
-13.8561 25.8729 -55.4742 -0.458232 0.534552 -0.710125
-14.4516 26.8121 -54.3822 -0.457795 0.538156 -0.707681
-14.9701 27.7566 -53.317 -0.461174 0.543628 -0.701275
-15.4345 28.7351 -52.2534 -0.460481 0.543751 -0.701635
-15.9651 29.723 -51.1396 -0.454309 0.547583 -0.702678
-16.4599 30.6704 -50.0771 -0.452295 0.552473 -0.700145
-17.0027 31.6667 -48.9438 -0.449556 0.553634 -0.700991
-17.6887 32.5438 -47.8135 -0.447736 0.554464 -0.7015
-18.3508 33.4745 -46.6555 -0.447004 0.555722 -0.700971
-19.0573 34.3285 -45.5166 -0.443465 0.567419 -0.693811
-19.74 35.1289 -44.4246 -0.442189 0.569613 -0.692827
-20.4913 35.9353 -43.2826 -0.442771 0.569493 -0.692555
-21.2411 36.6632 -42.2029 -0.441756 0.57283 -0.690447
-22.1724 37.2187 -41.1474 -0.441592 0.572959 -0.690445
-23.1668 37.7073 -40.1072 -0.439542 0.572993 -0.691724
-24.431 37.7238 -39.2923 -0.439878 0.568841 -0.694927
-25.7868 37.5915 -38.534 -0.445589 0.564598 -0.694752
-27.3204 37.2169 -37.8563 -0.446666 0.559818 -0.69792
-28.7375 36.5975 -37.4368 -0.451742 0.55491 -0.698573
-30.209 35.9883 -36.9575 -0.45646 0.548559 -0.700518
-31.6209 35.3399 -36.5412 -0.462108 0.544872 -0.699693
-32.9295 34.5891 -36.2445 -0.471072 0.539764 -0.697672
-34.2636 33.8357 -35.9258 -0.472333 0.537015 -0.698939
-35.5561 33.0497 -35.6487 -0.478298 0.53336 -0.697681
-36.983 32.295 -35.25 -0.478638 0.532646 -0.697989
-38.3131 31.4625 -34.9711 -0.477724 0.527053 -0.702848
-39.5621 30.5982 -34.7631 -0.486551 0.522751 -0.7
-40.8101 29.7227 -34.5308 -0.496888 0.515289 -0.698269
-42.0557 28.8786 -34.2652 -0.498554 0.514495 -0.697667
-43.2821 28.0558 -33.9877 -0.506357 0.50913 -0.695981
-44.5139 27.2343 -33.6806 -0.511951 0.502867 -0.696441
-45.8756 26.2944 -33.3568 -0.513346 0.501886 -0.696122
-47.0956 25.4382 -33.0651 -0.521848 0.496159 -0.693903
-48.419 24.4578 -32.7607 -0.528106 0.489524 -0.69388
-49.477 23.3238 -32.75 -0.533105 0.485641 -0.692785
-50.1785 21.9386 -33.1692 -0.542266 0.477876 -0.691073
-50.8608 20.6301 -33.5288 -0.546621 0.470765 -0.69252
-51.4928 19.2867 -33.9363 -0.551072 0.466459 -0.691907
-52.1796 17.9404 -34.2923 -0.553553 0.464249 -0.691413
-52.7971 16.6281 -34.6766 -0.556069 0.462259 -0.690727
-53.4343 15.2942 -35.0516 -0.562896 0.457122 -0.688613
-54.0711 13.8731 -35.4617 -0.566643 0.450247 -0.690067
-54.744 12.4297 -35.8467 -0.570083 0.447779 -0.688839
-55.1454 11.6211 -36.0392 -0.573279 0.44633 -0.687124
-64.5861 3.60164 -32.8855 -0.610957 0.440072 -0.658079
-64.6427 3.45893 -32.9283 -0.610902 0.439782 -0.658323
-64.8796 3.62145 -32.5996 -0.61269 0.440437 -0.656221
-65.0003 3.62162 -32.4867 -0.612698 0.440437 -0.656213
-42.1907 13.4065 -45.1378 -0.531498 0.473444 -0.702396
-40.8153 13.8962 -45.8337 -0.522024 0.48081 -0.704494
-39.4993 14.3574 -46.4826 -0.512011 0.486832 -0.7077
-38.047 14.8574 -47.1856 -0.510286 0.488173 -0.708022
-36.7551 15.3017 -47.8091 -0.507955 0.491665 -0.707282
-35.4057 15.7595 -48.4513 -0.505196 0.496147 -0.706127
-34.1085 16.2021 -49.0714 -0.506401 0.498604 -0.703528
-32.7926 16.6489 -49.6946 -0.497019 0.505731 -0.705129
-31.4325 17.0997 -50.3237 -0.490469 0.503181 -0.711512
-30.1068 17.5315 -50.9256 -0.486477 0.508103 -0.710754
-28.7608 17.9666 -51.5319 -0.480848 0.512682 -0.711297
-27.3892 18.4039 -52.1404 -0.476482 0.513926 -0.713334
-25.9961 18.8428 -52.7513 -0.474527 0.511307 -0.716512
-24.6623 19.2612 -53.3333 -0.472333 0.511128 -0.718087
-23.2677 19.6932 -53.9355 -0.467797 0.519028 -0.715385
-20.9011 15.3443 -58.5342 -0.464425 0.503474 -0.728576
-22.2988 14.9165 -57.9344 -0.468034 0.502022 -0.727267
-23.6607 14.4923 -57.3415 -0.474988 0.502124 -0.722674
-25.0358 14.0564 -56.7361 -0.478219 0.502395 -0.720352
-26.3718 13.6306 -56.145 -0.480075 0.499853 -0.720885
-27.3241 13.3237 -55.7219 -0.482385 0.496166 -0.721889
-25.7884 23.9256 -49.1728 -0.465063 0.527496 -0.71096
-27.2011 23.4851 -48.5595 -0.474785 0.526744 -0.705067
-28.566 23.054 -47.9573 -0.479635 0.521703 -0.705533
-29.9497 22.6104 -47.3362 -0.486675 0.52154 -0.700816
-31.3217 22.1663 -46.7103 -0.487378 0.518559 -0.702538
-32.7276 21.7144 -46.0695 -0.486625 0.51402 -0.706385
-34.1 21.2699 -45.4382 -0.493503 0.507194 -0.706548
-35.4065 20.841 -44.8255 -0.49758 0.504565 -0.70557
-36.7652 20.395 -44.1862 -0.4975 0.504597 -0.705603
-38.238 19.9112 -43.4916 -0.498608 0.501639 -0.706929
-39.6183 19.4578 -42.8376 -0.4999 0.498174 -0.708465
-40.9447 19.0152 -42.1948 -0.516238 0.493253 -0.700143
-42.2917 18.5529 -41.5192 -0.522938 0.482811 -0.702445
-42.5879 18.4507 -41.3694 -0.522001 0.482792 -0.703155
-42.6374 18.4337 -41.3443 -0.522501 0.482323 -0.703105
