-54.3527 8.59384 42.5044 -0.606717 0.532383 0.590307
-53.3006 8.48389 43.6811 -0.604888 0.533249 0.591402
-52.2372 8.49552 44.7391 -0.593436 0.534778 0.601536
-51.0694 8.46313 45.9011 -0.580748 0.536975 0.611871
-49.9327 8.45335 46.9789 -0.573458 0.542419 0.613941
-48.799 8.42319 48.0567 -0.569043 0.546295 0.614616
-47.6543 8.41376 49.1246 -0.567745 0.546718 0.615438
-46.4597 8.40994 50.2193 -0.562043 0.544821 0.622316
-45.246 8.43702 51.2768 -0.551619 0.547012 0.629678
-44.024 8.41986 52.3565 -0.550024 0.545568 0.632321
-42.8667 8.41859 53.3567 -0.544509 0.547482 0.635431
-41.6618 8.39371 54.398 -0.535429 0.5494 0.64146
-40.4392 8.36532 55.4358 -0.531652 0.551128 0.643121
-39.236 8.32562 56.4606 -0.528128 0.552925 0.64448
-37.9114 8.33218 57.54 -0.52582 0.554193 0.645274
-36.6566 8.34393 58.5404 -0.519169 0.555112 0.649857
-35.3673 8.41957 59.5032 -0.513631 0.557991 0.65179
-34.0575 8.71221 60.2776 -0.507285 0.560355 0.654725
-32.7666 9.10709 60.9318 -0.502479 0.56148 0.657461
-31.4375 9.54032 61.5666 -0.495271 0.560713 0.663556
-30.0372 9.99259 62.2259 -0.493436 0.560834 0.664821
-28.6059 10.4969 62.8591 -0.491498 0.560482 0.666551
-27.2296 11.0194 63.437 -0.492926 0.559288 0.666498
-25.857 11.6585 63.9135 -0.49054 0.557388 0.669842
-26.0795 12.7151 62.8634 -0.493327 0.560392 0.665274
-26.4736 13.7356 61.7116 -0.495314 0.559269 0.664743
-26.9395 14.7261 60.5341 -0.495804 0.557937 0.665496
-27.4579 15.6533 59.3673 -0.496512 0.559865 0.663345
-28.0919 16.5625 58.1191 -0.500946 0.560413 0.659538
-28.6323 17.4436 56.9596 -0.50089 0.560604 0.659419
-29.1163 18.3638 55.8099 -0.501057 0.560234 0.659605
-29.6114 19.3659 54.5761 -0.505876 0.561547 0.654793
-30.0237 20.3735 53.3925 -0.508534 0.560027 0.654035
-30.4643 21.4157 52.1637 -0.507894 0.55772 0.656499
-30.9787 22.2754 51.0232 -0.511099 0.563921 0.648668
-31.6695 23.009 49.8279 -0.513006 0.569445 0.642306
-32.4044 23.7087 48.6218 -0.512514 0.568841 0.643234
-33.1963 24.4262 47.3568 -0.513254 0.568406 0.643028
-34.2104 24.8296 46.1872 -0.518878 0.566135 0.640513
-35.3671 25.0117 45.0858 -0.521015 0.562685 0.641817
-36.6701 24.9274 44.1011 -0.523086 0.561902 0.640816
-37.9252 24.6259 43.3318 -0.527599 0.561671 0.637311
-39.4107 24.0557 42.598 -0.535438 0.56373 0.628895
-40.6932 23.5443 41.9458 -0.545878 0.561526 0.621855
-42.0516 22.9171 41.3188 -0.546002 0.565175 0.618433
-43.4267 22.2067 40.7492 -0.549471 0.56556 0.614999
-44.7542 21.5242 40.1809 -0.553849 0.562856 0.613549
-46.0155 20.8508 39.6473 -0.565792 0.557384 0.60762
-47.2875 20.1531 39.086 -0.572946 0.550725 0.606989
-48.2474 19.0434 39.179 -0.577965 0.547554 0.605096
-49.0426 17.7185 39.6104 -0.582457 0.543856 0.604123
-49.7873 16.4462 40.0315 -0.585585 0.540728 0.603907
-50.5133 15.0656 40.5566 -0.589763 0.538203 0.602093
-51.2277 13.8164 40.9847 -0.589991 0.544687 0.596009
-51.9771 12.5205 41.4172 -0.606386 0.534582 0.588658
-52.7172 11.2161 41.8284 -0.604982 0.530173 0.594064
-53.4977 9.92297 42.1875 -0.605861 0.530215 0.593131
-54.2962 8.71771 42.4507 -0.606877 0.532536 0.590006
-57.8535 10.3627 37.1393 -0.637851 0.521233 0.566977
-58.7819 9.13419 37.2208 -0.64215 0.522511 0.560915
-59.7815 7.9694 37.1582 -0.644607 0.521953 0.558612
-60.9012 6.82643 36.9191 -0.653437 0.517743 0.552234
-62.111 5.82336 36.4115 -0.662509 0.515261 0.54368
-63.342 5.03624 35.6452 -0.668477 0.514237 0.537306
-63.9979 4.39679 35.4389 -0.670573 0.514453 0.534481
-63.2549 3.98364 36.7614 -0.665598 0.516317 0.53888
-62.4643 3.61432 38.08 -0.657328 0.519129 0.546281
-61.6715 3.26598 39.3573 -0.652454 0.520454 0.550846
-60.7691 2.97585 40.6881 -0.646148 0.523155 0.5557
-59.7793 2.90426 41.8981 -0.639679 0.526298 0.560197
-58.7745 2.8626 43.0554 -0.625221 0.527724 0.574984
-57.6536 2.87515 44.2469 -0.618848 0.529604 0.580126
-56.5276 2.89616 45.4169 -0.61195 0.53583 0.581723
-55.3874 2.87584 46.6304 -0.605843 0.540749 0.583562
-54.3149 2.89659 47.6993 -0.595524 0.541588 0.593323
-53.1971 2.88546 48.8278 -0.592118 0.542215 0.596154
-52.0744 2.87481 49.928 -0.579846 0.542216 0.608096
-50.9379 2.86122 51.0138 -0.573709 0.543807 0.61248
-49.8113 2.86667 52.06 -0.567748 0.546242 0.615858
-48.6788 2.88041 53.0752 -0.559137 0.546462 0.623494
-47.4914 2.91269 54.102 -0.551378 0.549201 0.627978
-46.3657 2.85006 55.1375 -0.546508 0.549808 0.631697
-45.1543 2.82921 56.1994 -0.544475 0.549878 0.633389
-43.91 2.80939 57.2823 -0.541479 0.548285 0.637326
-42.7631 2.80982 58.2551 -0.539557 0.551091 0.636535
-41.4801 2.8288 59.3212 -0.536046 0.552491 0.638286
-40.2855 2.81809 60.3286 -0.533017 0.554065 0.639456
-39.1351 2.80708 61.2941 -0.529426 0.555253 0.641406
-37.926 2.83036 62.2667 -0.524831 0.557479 0.643249
-36.6544 2.9865 63.1521 -0.508938 0.562067 0.651968
-35.2636 3.32526 63.9353 -0.502094 0.562537 0.656851
-33.8626 3.69831 64.6826 -0.499549 0.56145 0.659716
-32.5175 4.0844 65.3626 -0.493442 0.561085 0.664605
-31.1409 4.55044 65.9862 -0.490668 0.560963 0.666757
-29.7693 5.00063 66.6166 -0.490185 0.559871 0.668029
-28.4456 5.46335 67.1948 -0.48783 0.558365 0.671007
-26.9875 6.04115 67.7643 -0.483324 0.558569 0.674091
-25.6709 6.56482 68.2742 -0.482826 0.558088 0.674846
-24.1422 7.24598 68.802 -0.481334 0.558209 0.675811
-22.7806 7.88353 69.2451 -0.480702 0.556716 0.67749
-21.4344 8.54716 69.6533 -0.478509 0.556575 0.679156
-20.1239 9.22167 70.023 -0.477824 0.555918 0.680176
-18.8105 9.9183 70.3722 -0.475268 0.555881 0.681994
-18.1648 10.9174 70.0099 -0.476135 0.554362 0.682626
-18.6087 11.8848 68.9145 -0.477524 0.553955 0.681986
-19.1254 12.8545 67.7615 -0.480403 0.554656 0.679389
-19.5809 13.7898 66.6743 -0.481745 0.555033 0.67813
-20.062 14.8105 65.493 -0.483432 0.555887 0.676227
-20.4456 15.8342 64.3712 -0.485833 0.559309 0.671669
-20.7818 16.8857 63.2482 -0.486926 0.560609 0.669792
-21.2314 17.8804 62.084 -0.489614 0.560838 0.667637
-21.6937 18.8043 60.9684 -0.490636 0.559881 0.667689
-22.2728 19.7728 59.7298 -0.492184 0.560643 0.665909
-22.853 20.616 58.5878 -0.493496 0.561795 0.663964
-23.3723 21.4933 57.4595 -0.493356 0.561879 0.663997
-23.9022 22.4852 56.222 -0.497161 0.565248 0.658274
-24.3289 23.4269 55.0855 -0.496903 0.567326 0.65668
-24.7116 24.4008 53.9514 -0.494308 0.57137 0.655129
-25.1201 25.3287 52.8228 -0.490228 0.579057 0.651437
-25.6514 26.219 51.6318 -0.49017 0.579076 0.651463
-26.3194 26.9851 50.4482 -0.490241 0.579056 0.651427
-27.0257 27.7145 49.2665 -0.493312 0.577898 0.650136
-27.7211 28.4393 48.0891 -0.499069 0.576551 0.646929
-28.3706 29.1642 46.9411 -0.500613 0.575423 0.646742
-29.227 29.6911 45.8161 -0.499053 0.572798 0.650267
-30.2434 30.0192 44.735 -0.506074 0.572177 0.64537
-31.259 30.3518 43.6431 -0.50585 0.57059 0.646947
-32.3224 30.6017 42.5954 -0.50882 0.566689 0.648048
-33.5856 30.4736 41.7058 -0.514932 0.563854 0.645688
-34.9256 30.337 40.7557 -0.516095 0.564587 0.644117
-36.1649 30.1648 39.9005 -0.526423 0.563826 0.636376
-37.474 29.7567 39.1616 -0.53403 0.558883 0.634399
-38.8656 29.2083 38.4712 -0.535369 0.558702 0.633429
-40.1335 28.7163 37.8301 -0.537022 0.55721 0.633344
-41.4244 28.1957 37.1803 -0.551183 0.550288 0.627197
-42.6856 27.5215 36.6502 -0.557808 0.552146 0.619666
-44.023 26.8296 36.0592 -0.55939 0.550381 0.619809
-45.3963 26.1168 35.4523 -0.560008 0.549729 0.61983
-46.6892 25.4225 34.8761 -0.575084 0.542026 0.612766
-47.9272 24.7084 34.3396 -0.578164 0.542206 0.609704
-49.1922 23.9989 33.7607 -0.58655 0.538442 0.605012
-50.4542 23.173 33.2572 -0.59803 0.532161 0.599304
-51.2972 21.9781 33.48 -0.599618 0.536809 0.593544
-52.0326 20.6915 33.8963 -0.604856 0.534029 0.59073
-52.7692 19.3649 34.3441 -0.607934 0.536017 0.585749
-53.4944 18.082 34.7626 -0.612591 0.535118 0.581704
-54.2466 16.7657 35.1821 -0.615858 0.534218 0.579077
-54.9652 15.5039 35.5804 -0.624076 0.530114 0.574027
-55.6607 14.2302 36.0019 -0.62374 0.531096 0.573485
-56.4138 12.8757 36.4266 -0.63115 0.527601 0.568578
-57.1174 11.5758 36.8461 -0.63475 0.525916 0.566131
-57.7321 10.54 37.1129 -0.63785 0.521234 0.566977
-47.4041 16.3022 42.4161 -0.571453 0.543983 0.61443
-45.9996 16.9348 43.1491 -0.56541 0.545823 0.618376
-44.7264 17.5009 43.8053 -0.556552 0.547545 0.624855
-43.4537 18.0472 44.4405 -0.546654 0.554985 0.627026
-42.1129 18.6157 45.1016 -0.541845 0.555767 0.630498
-40.781 19.1708 45.7512 -0.537483 0.560746 0.629822
-39.4957 19.6962 46.3677 -0.531537 0.562975 0.632872
-38.1518 20.2427 47.0091 -0.530744 0.563285 0.633262
-36.8536 20.764 47.6232 -0.52304 0.566625 0.636684
-35.4016 21.3395 48.3009 -0.522086 0.566226 0.63782
-34.9719 21.5093 48.5016 -0.521 0.565537 0.639318
-32.473 17.7579 53.7442 -0.506365 0.565388 0.651099
-33.8332 17.2304 53.1321 -0.513935 0.563043 0.647189
-35.1632 16.7085 52.5302 -0.51384 0.562475 0.647758
-36.4664 16.1955 51.9416 -0.515562 0.561141 0.647547
-37.7705 15.6727 51.3457 -0.523508 0.556909 0.644819
-39.0861 15.1376 50.7375 -0.526788 0.555719 0.643172
-40.4165 14.587 50.1143 -0.532306 0.554664 0.63953
-41.744 14.0303 49.4878 -0.539225 0.550657 0.637191
-43.0187 13.4742 48.8644 -0.555998 0.541756 0.63037
-44.4308 12.8438 48.161 -0.555944 0.543224 0.629153
-45.6946 12.2713 47.5246 -0.566596 0.54214 0.620526
-46.9548 11.6903 46.8807 -0.567412 0.543169 0.618879
-47.8309 11.2844 46.4323 -0.569365 0.54362 0.616685
-37.338 11.1015 55.6342 -0.524385 0.553491 0.647045
-35.9904 11.6477 56.243 -0.516077 0.557467 0.650304
-34.6852 12.1688 56.826 -0.510451 0.556956 0.655164
-33.39 12.6764 57.3975 -0.506788 0.558906 0.656346
-32.0548 13.1952 57.986 -0.505728 0.560121 0.656128
-30.6988 13.7127 58.5787 -0.497477 0.564342 0.658813
-30.3653 13.8378 58.7228 -0.496668 0.564666 0.659147
-30.2667 13.8748 58.7653 -0.496661 0.564667 0.65915
