-55.3795 8.19381 42.4723 -0.608413 0.535772 0.585476
-54.4032 8.06154 43.5986 -0.604478 0.535155 0.590098
-53.2713 8.05022 44.7603 -0.600417 0.535025 0.594347
-52.1643 8.03919 45.8636 -0.588429 0.53753 0.603998
-51.0889 8.00672 46.9194 -0.578972 0.539554 0.611288
-49.9914 7.98395 47.9749 -0.572319 0.544706 0.612982
-48.8889 7.95702 49.0248 -0.570212 0.546357 0.613475
-47.7769 7.97054 50.0411 -0.565315 0.545336 0.618892
-46.6418 8.00423 51.0422 -0.562295 0.543107 0.623586
-45.4587 7.96105 52.1239 -0.550896 0.544497 0.632485
-44.2454 7.95857 53.18 -0.545205 0.549276 0.633284
-43.0827 7.96306 54.1677 -0.540564 0.550017 0.63661
-41.9354 7.93848 55.1603 -0.537543 0.552184 0.637291
-40.7655 7.95126 56.1232 -0.531184 0.552693 0.642163
-39.5767 7.96252 57.0939 -0.528879 0.554254 0.642721
-38.3037 8.05647 58.0593 -0.527549 0.555123 0.643063
-37.0019 8.35631 58.8541 -0.519324 0.555866 0.649088
-35.6841 8.66721 59.6411 -0.516917 0.557431 0.649667
-34.3011 9.04248 60.4019 -0.507254 0.559886 0.65515
-33.0057 9.40815 61.087 -0.501567 0.561788 0.657894
-31.6575 9.79908 61.7706 -0.496038 0.562188 0.661733
-30.3461 10.2544 62.3661 -0.494594 0.561058 0.663769
-28.9696 10.7212 62.9937 -0.492277 0.560027 0.666358
-27.6621 11.2262 63.5354 -0.49268 0.559561 0.666451
-26.568 11.9884 63.7046 -0.491098 0.55948 0.667686
-26.9854 12.9299 62.6029 -0.492894 0.561143 0.664962
-27.5214 13.8218 61.4526 -0.493166 0.560108 0.665633
-28.0141 14.7129 60.3369 -0.49601 0.558553 0.664825
-28.5694 15.6769 59.1068 -0.500032 0.559864 0.660697
-29.0498 16.5714 57.984 -0.501139 0.559668 0.660023
-29.5939 17.445 56.8295 -0.501383 0.559748 0.65977
-30.1213 18.3058 55.6974 -0.503033 0.55987 0.658409
-30.6381 19.1901 54.5411 -0.509799 0.559228 0.653735
-31.1086 20.0701 53.4212 -0.510419 0.558624 0.653768
-31.7402 20.8707 52.2481 -0.512564 0.555609 0.654658
-32.3884 21.607 51.1044 -0.516699 0.559148 0.648364
-33.0568 22.3163 49.9573 -0.514377 0.563522 0.646421
-33.8274 22.9495 48.7861 -0.516121 0.565228 0.643535
-34.7791 23.3321 47.6786 -0.523925 0.562278 0.639801
-35.7642 23.657 46.5845 -0.524798 0.561938 0.639385
-36.9244 23.7202 45.578 -0.524267 0.561146 0.640515
-38.1895 23.5663 44.6687 -0.529719 0.559033 0.637872
-39.6311 23.1257 43.8561 -0.531134 0.557258 0.638248
-41.0699 22.6032 43.1005 -0.541141 0.556771 0.630216
-42.3988 22.1205 42.3802 -0.544887 0.559487 0.624556
-43.677 21.5617 41.7621 -0.550215 0.561783 0.617786
-44.9754 20.8598 41.2278 -0.560615 0.553292 0.616099
-46.2355 20.2181 40.6539 -0.564714 0.552119 0.613403
-47.4966 19.5572 40.0662 -0.57489 0.546763 0.60873
-48.8139 18.8949 39.4086 -0.584034 0.544096 0.602375
-49.7594 17.7483 39.526 -0.588151 0.543111 0.599256
-50.4739 16.4908 39.9629 -0.587168 0.542288 0.600963
-51.2251 15.2049 40.3827 -0.588501 0.541224 0.600619
-51.9363 13.9073 40.8627 -0.592775 0.543205 0.594583
-52.6825 12.6164 41.273 -0.606207 0.531678 0.591465
-53.3922 11.3329 41.6952 -0.605641 0.529737 0.593782
-54.1958 10.0416 42.0277 -0.606097 0.530474 0.592659
-55.0236 8.80187 42.2886 -0.60941 0.531691 0.588152
-55.3793 8.24034 42.43 -0.608413 0.535771 0.585477
-58.4806 10.2152 37.2584 -0.64107 0.522315 0.562331
-59.4057 9.01267 37.3148 -0.644839 0.520886 0.55934
-60.415 7.85715 37.2271 -0.646795 0.521352 0.556641
-61.5696 6.75289 36.9029 -0.656045 0.517053 0.549782
-62.752 5.81278 36.3598 -0.664965 0.51413 0.541749
-63.8752 4.97796 35.7658 -0.669533 0.514111 0.536111
-63.2035 4.51673 37.0406 -0.665515 0.516093 0.539202
-62.4136 4.17006 38.3351 -0.658836 0.518377 0.545179
-61.6162 3.82997 39.6059 -0.649481 0.521838 0.553046
-60.7877 3.55364 40.834 -0.64529 0.52341 0.556455
-59.9236 3.23788 42.119 -0.637041 0.525705 0.563748
-59.0583 2.94562 43.3496 -0.625969 0.526575 0.575207
-57.9806 2.77216 44.6644 -0.619171 0.528891 0.580433
-56.8684 2.71919 45.8911 -0.612122 0.537375 0.580117
-55.7881 2.75152 46.9937 -0.606336 0.538759 0.584889
-54.7031 2.75659 48.0909 -0.595823 0.541455 0.593146
-53.622 2.72082 49.2059 -0.59344 0.541836 0.595183
-52.425 2.6932 50.3941 -0.580598 0.541971 0.607596
-51.2764 2.71678 51.4601 -0.575113 0.543689 0.611267
-50.1459 2.72286 52.5108 -0.568962 0.544327 0.616434
-48.9574 2.71934 53.5921 -0.559876 0.545001 0.624109
-47.6997 2.71459 54.713 -0.551225 0.549263 0.628061
-46.5611 2.71209 55.7076 -0.546084 0.550642 0.631337
-45.429 2.68958 56.7011 -0.544104 0.549162 0.634328
-44.276 2.6911 57.6844 -0.541111 0.549312 0.636753
-43.0793 2.71463 58.6813 -0.539878 0.551207 0.636162
-41.8704 2.68098 59.7332 -0.536727 0.553008 0.637263
-40.708 2.69375 60.697 -0.533952 0.554278 0.638492
-39.3776 2.88159 61.6401 -0.529545 0.554994 0.641532
-38.117 3.18709 62.4097 -0.524838 0.557626 0.643116
-36.7049 3.57292 63.2099 -0.511286 0.561689 0.650455
-35.4254 3.88517 63.9365 -0.50625 0.561154 0.654841
-34.1062 4.25237 64.6311 -0.498603 0.559128 0.662397
-32.8154 4.57309 65.3243 -0.493497 0.560355 0.665179
-31.4564 5.00534 65.9631 -0.490421 0.560476 0.667348
-30.0626 5.50091 66.5708 -0.489666 0.559789 0.668478
-28.688 5.96674 67.1838 -0.486536 0.558878 0.671519
-27.3511 6.48943 67.7134 -0.483782 0.558702 0.673652
-25.9877 7.02093 68.2517 -0.483168 0.558008 0.674667
-24.6723 7.58004 68.7292 -0.481994 0.558085 0.675443
-23.3373 8.20971 69.1613 -0.481231 0.557123 0.67678
-21.9815 8.8509 69.5962 -0.47945 0.557136 0.678032
-20.6286 9.53957 69.9856 -0.478243 0.556096 0.679736
-19.2822 10.2561 70.343 -0.475179 0.556165 0.681825
-19.3695 11.2125 69.5034 -0.476432 0.554402 0.682387
-19.8905 12.1787 68.3506 -0.48037 0.554419 0.679606
-20.3331 13.1324 67.2589 -0.48133 0.55489 0.678542
-20.7437 14.1518 66.1315 -0.483554 0.555103 0.676784
-21.214 15.1509 64.9737 -0.484904 0.556661 0.674534
-21.6235 16.1026 63.8858 -0.487213 0.560462 0.669706
-22.0838 17.0205 62.7785 -0.489386 0.561105 0.66758
-22.6453 17.9064 61.6224 -0.490702 0.559678 0.667811
-23.1775 18.7809 60.4979 -0.490818 0.559688 0.667717
-23.6943 19.7515 59.3012 -0.49312 0.560244 0.665552
-24.2744 20.7424 58.0368 -0.493456 0.560236 0.66531
-24.8398 21.6413 56.8605 -0.494487 0.559979 0.66476
-25.3597 22.5106 55.7322 -0.496799 0.564278 0.659379
-25.8471 23.4774 54.5356 -0.496238 0.566085 0.658252
-26.3978 24.3007 53.4049 -0.494548 0.573386 0.653185
-27.0971 25.053 52.2135 -0.494327 0.574488 0.652384
-27.7735 25.8295 51.0159 -0.498042 0.573342 0.650564
-28.4688 26.6184 49.786 -0.501242 0.572297 0.649023
-29.1143 27.3582 48.6337 -0.503165 0.57148 0.648256
-29.9977 27.9191 47.4535 -0.507145 0.568079 0.648143
-30.9986 28.2573 46.3732 -0.511091 0.564039 0.648572
-32.0228 28.58 45.2853 -0.51162 0.56345 0.648667
-33.0766 28.9621 44.1152 -0.517621 0.563845 0.643543
-34.36 29.0058 43.0337 -0.521112 0.564153 0.640448
-35.7097 28.8743 42.0523 -0.520651 0.563766 0.641163
-36.9269 28.7603 41.1591 -0.525493 0.56017 0.640364
-38.1757 28.4524 40.3783 -0.535956 0.555409 0.635823
-39.5161 27.9084 39.7236 -0.536456 0.555662 0.635181
-40.8098 27.4082 39.0621 -0.544396 0.54939 0.63388
-42.1828 26.8776 38.3303 -0.549419 0.545313 0.633066
-43.5189 26.3669 37.6067 -0.554893 0.546498 0.627243
-44.771 25.6891 37.0718 -0.565959 0.547307 0.616557
-46.1392 24.9462 36.4731 -0.570514 0.545519 0.613941
-47.4914 24.2057 35.8535 -0.580336 0.543346 0.606618
-48.7219 23.6185 35.2007 -0.58359 0.541368 0.605262
-49.9957 22.9631 34.5515 -0.589188 0.538978 0.601963
-51.2446 22.2263 33.9697 -0.599923 0.535801 0.594146
-52.2321 21.2133 33.8819 -0.606798 0.534214 0.588567
-53.0492 19.8198 34.3026 -0.609571 0.534648 0.585299
-53.7729 18.5476 34.7122 -0.612173 0.534948 0.582301
-54.494 17.223 35.1712 -0.617206 0.533082 0.578688
-55.2032 15.9271 35.6058 -0.62335 0.531396 0.573631
-56.0063 14.5234 36.0308 -0.627991 0.529086 0.570695
-56.7074 13.2212 36.4666 -0.630813 0.526787 0.569702
-57.4313 11.8998 36.8862 -0.635326 0.525799 0.565594
-58.1953 10.6331 37.1977 -0.641999 0.519538 0.563842
-58.4517 10.2554 37.254 -0.641346 0.521084 0.563155
-48.9726 15.1574 42.593 -0.575176 0.54349 0.611384
-47.7057 15.7398 43.2647 -0.570944 0.545006 0.613996
-46.4048 16.3256 43.9431 -0.565997 0.545825 0.617837
-45.0445 16.9314 44.6469 -0.558501 0.54861 0.622177
-43.7599 17.4849 45.2902 -0.547899 0.553372 0.627364
-42.4195 18.0499 45.9518 -0.541145 0.554192 0.632482
-41.1428 18.5832 46.5766 -0.540323 0.55553 0.63201
-39.8234 19.1264 47.2179 -0.53315 0.56085 0.633402
-38.4322 19.6914 47.8855 -0.530521 0.562919 0.633774
-37.1284 20.2147 48.5032 -0.524598 0.562152 0.639361
-36.1994 20.5826 48.9377 -0.522018 0.561538 0.642007
-33.1753 17.2912 54.2039 -0.510086 0.564289 0.649146
-34.569 16.7481 53.5709 -0.514918 0.561917 0.647386
-35.9005 16.2257 52.9652 -0.514911 0.560507 0.648613
-37.1971 15.7126 52.3758 -0.520105 0.55789 0.646722
-38.5973 15.1473 51.7284 -0.524418 0.556004 0.64486
-39.8745 14.6268 51.1356 -0.530291 0.555953 0.640084
-41.1495 14.0951 50.5344 -0.534042 0.550209 0.641926
-42.4571 13.5423 49.9096 -0.541853 0.545935 0.639023
-43.7279 12.9816 49.2809 -0.555774 0.541563 0.630734
-45.1 12.3713 48.5966 -0.555984 0.543973 0.62847
-46.3495 11.8042 47.9668 -0.565839 0.546071 0.617765
-47.7552 11.1556 47.2479 -0.568127 0.544138 0.617369
-48.7778 10.6781 46.7224 -0.571402 0.542356 0.615914
-38.6988 10.6056 55.5448 -0.527831 0.551772 0.64571
-37.3965 11.1443 56.145 -0.521509 0.55448 0.648522
-36.0952 11.6699 56.7337 -0.516045 0.556611 0.651062
-34.7227 12.2147 57.348 -0.511702 0.555239 0.655646
-33.3831 12.7387 57.9416 -0.507911 0.558308 0.655987
-32.065 13.2498 58.5252 -0.505768 0.559691 0.656464
-31.2553 13.56 58.8813 -0.499374 0.563178 0.658374
-31.0987 13.6192 58.9495 -0.4996 0.562782 0.658541
