-11.6026 44.4228 16.4428 -0.378255 0.68029 0.627797
-10.8314 45.5425 15.6795 -0.3718 0.686071 0.625357
-10.0945 46.7112 14.8368 -0.368931 0.685492 0.627686
-9.44962 47.9117 13.8874 -0.357907 0.69427 0.624414
-8.93018 49.04 12.9125 -0.358239 0.70179 0.615757
-8.55253 50.1793 11.8266 -0.355652 0.704467 0.614189
-8.26943 51.3146 10.6864 -0.360275 0.703326 0.612809
-8.15344 52.3759 9.53608 -0.382828 0.696277 0.607158
-8.16802 53.3582 8.37889 -0.38463 0.706993 0.593482
-8.30015 54.3383 7.08723 -0.410686 0.715231 0.565295
-8.5201 55.1371 5.82413 -0.444142 0.740033 0.505034
-8.83106 55.8261 4.45975 -0.473577 0.752397 0.457848
-8.06033 55.8207 5.24245 -0.464552 0.73763 0.489692
-6.84085 55.6354 6.5164 -0.41423 0.717395 0.560142
-5.659 55.5231 7.43217 -0.349056 0.712674 0.608164
-4.35591 55.4046 8.22265 -0.287948 0.716266 0.635612
-2.91897 55.3612 8.86215 -0.227626 0.729473 0.645023
-1.36061 55.3984 9.32624 -0.18775 0.731939 0.654992
0.244894 55.473 9.58913 -0.0972234 0.760784 0.641682
1.92859 55.5393 9.57239 0.057913 0.801004 0.595852
1.34674 55.3962 9.78457 0.012387 0.784209 0.620372
-0.0712864 54.8752 10.239 -0.120498 0.756076 0.643285
-1.39982 54.1734 10.7106 -0.194168 0.740012 0.643958
-2.60388 53.3866 11.1797 -0.247674 0.722133 0.645888
-3.79266 52.414 11.7657 -0.276618 0.712916 0.644386
-4.76634 51.4095 12.4472 -0.302698 0.711935 0.633658
-5.67385 50.3485 13.1974 -0.317629 0.710902 0.627472
-6.47946 49.2527 14.0224 -0.334333 0.705213 0.625216
-7.12676 48.1881 14.8694 -0.335746 0.702295 0.627739
-7.70409 46.9579 15.9244 -0.345866 0.695933 0.629312
-8.09456 45.8704 16.9014 -0.351983 0.693599 0.62851
-8.35941 44.7557 17.991 -0.359849 0.694253 0.623315
-9.06159 44.1266 18.28 -0.368986 0.69092 0.621674
-10.2974 44.2387 17.4239 -0.370877 0.685634 0.626384
-11.5643 44.2995 16.5995 -0.377262 0.680843 0.627794
-11.6012 44.4193 16.4474 -0.377884 0.680784 0.627484
-15.9236 45.5415 12.4764 -0.411811 0.680429 0.606158
-15.2169 46.6575 11.6917 -0.403783 0.687999 0.603007
-14.5873 47.7846 10.8051 -0.397199 0.697331 0.596626
-14.1383 48.862 9.82885 -0.396081 0.702882 0.590827
-13.7958 49.9975 8.68523 -0.398207 0.712588 0.577624
-13.6796 51.0371 7.4556 -0.397755 0.725439 0.56172
-13.7697 51.9723 6.1559 -0.400122 0.739449 0.54139
-14.0425 52.7812 4.7871 -0.406835 0.765265 0.498853
-14.3491 53.4203 3.33639 -0.385013 0.837843 0.386694
-14.5232 53.7898 1.88856 -0.379432 0.91497 0.137337
-14.5522 53.9301 0.233859 -0.421596 0.906031 0.0369337
-14.5467 53.7823 -1.38698 -0.403448 0.890488 -0.208692
-14.473 53.3025 -2.86798 -0.424204 0.825097 -0.373184
-14.2235 52.6636 -4.23392 -0.420942 0.771668 -0.476762
-13.9188 51.9336 -5.56371 -0.406082 0.745879 -0.527979
-13.7533 51.0504 -6.85605 -0.401295 0.720767 -0.565206
-13.7454 50.0377 -8.12538 -0.395203 0.7072 -0.586233
-13.9298 49.0202 -9.21195 -0.385352 0.703394 -0.597277
-14.3071 47.9077 -10.2714 -0.382471 0.699498 -0.60367
-14.8269 46.8327 -11.1889 -0.382241 0.694365 -0.609713
-15.5573 45.6817 -12.0502 -0.389634 0.694944 -0.604349
-16.3454 44.6044 -12.7683 -0.393591 0.686308 -0.611609
-17.2392 43.5513 -13.3573 -0.398998 0.676733 -0.618735
-18.2506 42.426 -13.9012 -0.410537 0.657761 -0.631495
-19.1466 41.3234 -14.4443 -0.426393 0.643193 -0.635997
-20.0622 40.164 -14.9992 -0.430954 0.637921 -0.638229
-20.9332 39.0446 -15.5145 -0.436238 0.630244 -0.642253
-20.7445 38.8097 -15.8735 -0.435969 0.631002 -0.641691
-19.3368 39.5618 -16.079 -0.426362 0.636825 -0.642393
-17.9851 40.2018 -16.318 -0.411674 0.643331 -0.645484
-16.6229 40.7766 -16.6004 -0.402779 0.650101 -0.644311
-15.2157 41.3236 -16.9085 -0.392812 0.655654 -0.644838
-13.8353 41.7522 -17.2957 -0.378146 0.660433 -0.648716
-12.3821 42.085 -17.7764 -0.359165 0.669406 -0.650299
-10.937 42.3066 -18.3306 -0.34738 0.675663 -0.650236
-9.6395 42.2496 -19.0772 -0.342472 0.677301 -0.651134
-8.41796 42.0357 -19.9417 -0.341989 0.678284 -0.650364
-7.11747 41.7539 -20.9165 -0.336746 0.678413 -0.652961
-6.10496 41.2151 -21.9977 -0.337628 0.678069 -0.652863
-5.2144 40.5666 -23.1284 -0.339436 0.676134 -0.653931
-4.39244 39.8358 -24.3131 -0.345534 0.675505 -0.651382
-3.73454 39.0636 -25.4674 -0.352074 0.671377 -0.652148
-3.24307 38.15 -26.6695 -0.355721 0.665564 -0.656115
-2.91866 38.4506 -26.539 -0.353738 0.669037 -0.65365
-2.91382 39.5536 -25.4007 -0.349819 0.676431 -0.648126
-2.90567 40.709 -24.1896 -0.344447 0.682087 -0.645069
-2.94127 41.7612 -23.0565 -0.334993 0.68591 -0.64599
-2.96245 42.8903 -21.8367 -0.321814 0.694588 -0.643404
-2.89592 43.9346 -20.7323 -0.315007 0.700955 -0.639867
-2.70816 45.0316 -19.6126 -0.302274 0.708443 -0.637761
-2.33802 46.13 -18.5578 -0.296902 0.712877 -0.635339
-1.75248 47.2274 -17.5799 -0.276413 0.724772 -0.631108
-1.02703 48.242 -16.7193 -0.267408 0.736218 -0.621672
-0.0627709 49.2202 -15.9523 -0.250597 0.748227 -0.614279
1.07036 50.1274 -15.2853 -0.217575 0.756958 -0.616178
2.47425 50.8991 -14.7626 -0.180798 0.781179 -0.597555
3.98425 51.5016 -14.29 -0.0818954 0.821246 -0.564396
5.45666 51.9257 -13.7005 0.0402898 0.846338 -0.530998
6.82239 52.1368 -13.1131 0.193856 0.885546 -0.422168
8.19716 52.1256 -12.2532 0.336325 0.870572 -0.359081
9.41272 51.9376 -11.3733 0.426101 0.8508 -0.306698
10.6645 51.5416 -10.3986 0.529662 0.808907 -0.255203
11.7839 50.9903 -9.29449 0.61703 0.769564 -0.163578
12.9378 50.1938 -8.41178 0.647315 0.751293 -0.128616
14.058 49.3007 -7.78635 0.667008 0.736877 -0.11006
15.2259 48.2602 -7.42019 0.689094 0.720082 -0.0814318
16.4183 47.1248 -7.28041 0.702316 0.709797 -0.0542307
17.5341 46.0085 -7.30552 0.705655 0.706352 -0.0558346
18.6167 44.9001 -7.54554 0.713146 0.699187 -0.0505907
19.6132 43.8423 -7.95253 0.722501 0.689894 -0.0450287
20.6027 42.7678 -8.46189 0.728405 0.683973 -0.040079
21.5356 41.7401 -9.06495 0.731048 0.681613 -0.031169
22.4894 40.6931 -9.59293 0.733272 0.679451 -0.0256664
23.4488 39.6334 -10.126 0.735312 0.67751 -0.0172381
24.4747 38.4989 -10.7413 0.741004 0.671417 -0.0105718
25.2127 37.675 -11.0304 0.745346 0.666629 -0.00787442
24.4537 38.5339 -10.043 0.741118 0.671269 -0.0119593
23.7287 39.3567 -8.9892 0.741227 0.671001 -0.0183705
23.0891 40.0984 -7.80637 0.740613 0.671611 -0.0207592
22.5119 40.7745 -6.56556 0.741771 0.670316 -0.0212739
21.9232 41.4625 -5.29923 0.743727 0.668329 -0.0143539
21.4188 42.0452 -3.98724 0.742871 0.669411 -0.00569333
20.9891 42.5314 -2.39376 0.738109 0.674652 -0.00629519
20.7214 42.8198 -0.844845 0.738121 0.674477 0.0160563
20.6379 42.8664 0.715141 0.739118 0.673129 0.0245366
20.7175 42.7079 2.39246 0.739034 0.67297 0.0306305
20.8602 42.4801 3.87711 0.739028 0.672764 0.0349907
21.1632 42.0566 5.34021 0.743543 0.667193 0.0446836
21.5708 41.4916 6.72847 0.747453 0.661908 0.0564978
22.0006 40.8797 8.09697 0.751442 0.656636 0.0645341
22.5396 40.1396 9.30262 0.755364 0.651884 0.0668228
22.0627 40.6927 9.26487 0.752991 0.654736 0.0657702
21.1524 41.7789 8.76659 0.747298 0.661181 0.0662017
20.1037 43.0077 8.18498 0.741898 0.667791 0.0603503
19.1526 44.086 7.74376 0.73145 0.678938 0.0633711
18.05 45.2818 7.40012 0.722064 0.68927 0.059414
17.0074 46.3742 7.27852 0.714709 0.696941 0.0588396
15.9378 47.4607 7.27608 0.706347 0.704625 0.0676299
14.8611 48.5046 7.4622 0.693535 0.716593 0.074101
13.6683 49.5767 7.97929 0.677339 0.731266 0.080377
12.5199 50.5185 8.67079 0.648471 0.753515 0.108166
11.4031 51.3022 9.58753 0.617741 0.774675 0.13518
10.3472 51.8908 10.5704 0.561091 0.805334 0.19135
9.14864 52.36 11.5955 0.474652 0.835073 0.278067
7.90237 52.598 12.4031 0.33784 0.855297 0.39285
6.44271 52.65 13.1998 0.213767 0.856677 0.469476
5.02848 52.476 13.9265 0.0698799 0.869404 0.489135
3.57978 52.1644 14.4197 -0.0443324 0.813608 0.579721
2.1335 51.597 14.8573 -0.161916 0.768967 0.618444
0.875983 50.8581 15.3897 -0.219065 0.745871 0.629035
-0.265186 49.9618 16.0306 -0.239443 0.737662 0.631284
-1.11271 48.9946 16.8188 -0.260562 0.731137 0.630509
-1.82474 47.9701 17.6817 -0.271851 0.718831 0.639827
-2.40153 46.8436 18.699 -0.284765 0.718247 0.634842
-2.75842 45.7215 19.814 -0.295725 0.719715 0.628137
-2.93451 44.6315 20.9929 -0.301504 0.723956 0.62047
-2.96796 43.5779 22.2 -0.313101 0.717812 0.621864
-2.94806 42.5263 23.4261 -0.324561 0.711906 0.62277
-2.93388 41.4327 24.6845 -0.340721 0.70619 0.620649
-2.89443 40.3986 25.8913 -0.350195 0.706331 0.615191
-2.89683 39.3748 27.0614 -0.361794 0.700825 0.614772
-2.88851 38.3196 28.265 -0.371149 0.694605 0.616257
-2.84595 37.2882 29.4566 -0.381246 0.690596 0.614593
-2.86534 36.1857 30.6797 -0.390297 0.685556 0.614557
-2.82935 35.1831 31.8235 -0.396962 0.684096 0.61191
-2.83621 34.1614 32.9634 -0.405317 0.680816 0.610089
-2.85363 33.0544 34.1842 -0.410146 0.677182 0.610904
-2.80534 32.0298 35.3401 -0.41788 0.668666 0.61503
-2.81294 30.9763 36.4735 -0.422322 0.663324 0.617772
-2.76957 29.9161 37.6323 -0.429611 0.657782 0.618674
-2.74617 28.8771 38.7448 -0.44108 0.651517 0.61723
-2.81091 27.8101 39.8124 -0.447353 0.643936 0.620662
-3.12634 27.7388 39.6591 -0.446283 0.643614 0.621764
-3.43163 28.6981 38.4452 -0.437937 0.649147 0.621944
-3.73968 29.6533 37.2369 -0.431307 0.652497 0.623072
-4.11455 30.543 36.0451 -0.426125 0.656883 0.62203
-4.4835 31.4328 34.8518 -0.414508 0.663892 0.622439
-4.85313 32.3165 33.6611 -0.408586 0.669312 0.620547
-5.21519 33.269 32.3847 -0.403202 0.676295 0.616485
-5.53327 34.1806 31.1836 -0.399873 0.67474 0.620344
-6.0032 35.0726 29.9164 -0.393438 0.67617 0.622897
-6.5621 35.8443 28.7296 -0.388226 0.675814 0.626542
-7.13923 36.625 27.5306 -0.38577 0.675741 0.628137
-7.72912 37.3978 26.3396 -0.382086 0.674571 0.631636
-8.36658 38.1368 25.1658 -0.378941 0.675862 0.63215
-9.25391 38.7944 23.9318 -0.379948 0.675582 0.631846
-10.2071 39.2495 22.866 -0.386706 0.673368 0.630106
-11.3109 39.6873 21.7162 -0.393732 0.670997 0.628281
-12.5578 39.8518 20.7552 -0.398473 0.667858 0.628633
-13.9271 39.8186 19.9109 -0.406941 0.66503 0.626205
-15.2607 39.7448 19.1209 -0.414058 0.660804 0.626014
-16.646 39.4806 18.4637 -0.426078 0.658447 0.620406
-17.9981 39.0814 17.9385 -0.44214 0.650313 0.617742
-19.3865 38.6481 17.3873 -0.451446 0.643817 0.617815
-20.7727 38.0215 17.0057 -0.465765 0.635116 0.61619
-22.1043 37.2472 16.791 -0.470646 0.633258 0.614391
-22.3689 37.4815 16.3456 -0.472979 0.631688 0.614216
-21.4527 38.6017 15.8923 -0.469319 0.634188 0.614446
-20.6045 39.7259 15.3691 -0.463909 0.639112 0.613451
-19.7494 40.859 14.8189 -0.451335 0.645398 0.616237
-18.761 42.0625 14.2687 -0.440773 0.650213 0.61882
-17.8483 43.1983 13.7152 -0.431253 0.65594 0.619463
-16.8816 44.3478 13.1453 -0.420278 0.669919 0.612008
-16.0154 45.4254 12.5444 -0.411547 0.679407 0.60748
-8.95788 55.6743 -4.10057 -0.439042 0.760582 -0.478285
-7.97083 55.5184 -5.1936 -0.433274 0.726298 -0.533633
-6.88025 55.2532 -6.22452 -0.35645 0.700057 -0.6187
-5.62176 55.027 -7.13859 -0.318413 0.695744 -0.643858
-4.19108 54.8673 -7.92635 -0.256691 0.68501 -0.681814
-2.75141 54.7752 -8.51159 -0.214979 0.695074 -0.686043
-1.27748 54.7639 -8.9405 -0.178636 0.717341 -0.673433
0.271207 54.8631 -9.1946 -0.136819 0.746059 -0.651521
1.86344 55.0339 -9.20011 -0.0398628 0.770423 -0.636286
2.68252 55.023 -9.21914 0.0286206 0.807359 -0.588929
1.34094 54.5679 -9.72002 -0.0900309 0.771498 -0.62983
-0.0808619 53.9478 -10.1626 -0.165543 0.749569 -0.640869
-1.337 53.2375 -10.6226 -0.202409 0.742967 -0.637989
-2.54296 52.4588 -11.1076 -0.232946 0.734544 -0.637316
-3.71985 51.5168 -11.7364 -0.255397 0.726635 -0.637787
-4.74217 50.5598 -12.4003 -0.274522 0.721461 -0.635712
-5.71772 49.4621 -13.2129 -0.293319 0.715509 -0.63403
-6.50164 48.4304 -14.0007 -0.306385 0.709473 -0.634647
-7.15418 47.3723 -14.8625 -0.315764 0.70492 -0.635123
-8.1736 46.6543 -15.1404 -0.326718 0.698577 -0.636589
-9.51765 46.6464 -14.4519 -0.333523 0.699845 -0.631648
-9.26858 47.6163 -13.5133 -0.332578 0.700073 -0.631894
-8.79871 48.7371 -12.5184 -0.324987 0.70171 -0.634024
-8.44855 49.9372 -11.3681 -0.318607 0.703203 -0.635606
-8.2476 51.0481 -10.2322 -0.324796 0.707127 -0.628073
-8.17373 52.1523 -9.02997 -0.33698 0.70491 -0.624136
-8.19551 53.1631 -7.86267 -0.341847 0.717737 -0.606626
-8.36487 54.1008 -6.66505 -0.365796 0.708152 -0.603916
-8.65083 54.9678 -5.41275 -0.412408 0.733643 -0.540081
-8.94815 55.6067 -4.21697 -0.439046 0.760579 -0.478286
-4.44082 59.4379 -2.06807 -0.51588 0.765691 -0.384169
-4.97204 59.6184 -0.612216 -0.534867 0.826094 -0.177441
-4.9337 59.7084 0.953211 -0.556743 0.825964 0.0884331
-4.39117 59.6548 2.3806 -0.548094 0.762056 0.344767
-3.44462 59.5985 3.55962 -0.404387 0.773047 0.487259
-2.20699 59.4882 4.42663 -0.223134 0.788722 0.572825
-0.772555 59.407 4.84684 -0.0597532 0.781281 0.621293
0.814236 59.2795 4.80047 0.174024 0.761354 0.623482
2.23586 59.1877 4.27326 0.342102 0.767257 0.542323
3.4616 59.0568 3.38138 0.470885 0.783486 0.405483
4.30957 58.9562 2.09492 0.601116 0.758033 0.251376
4.76258 58.895 0.510219 0.675066 0.733484 0.0792952
4.70781 58.9314 -0.99588 0.663449 0.746128 -0.0559238
4.17168 58.9337 -2.40277 0.539463 0.784098 -0.306871
3.22233 58.9573 -3.60123 0.411513 0.779047 -0.469967
1.7905 58.9382 -4.46042 0.26465 0.763256 -0.589407
0.302532 58.9508 -4.79837 0.0539154 0.750652 -0.657916
-1.19276 58.9989 -4.60413 -0.123128 0.7434 -0.657416
-2.63245 59.1055 -4.00745 -0.276049 0.744649 -0.6067
-3.9037 59.3118 -2.8767 -0.398511 0.783744 -0.476376
-4.34077 59.4176 -2.24285 -0.493979 0.772226 -0.398647
3.29733 55.1923 -8.91852 0.0882738 0.810769 -0.578673
3.43442 55.1971 -8.89083 0.110075 0.817133 -0.565226
4.04297 55.2215 -8.69575 0.159268 0.818715 -0.551592
4.05228 55.2185 -8.69768 0.16022 0.823749 -0.543844
6.90627 55.1349 -6.7211 0.516322 0.788202 -0.334469
7.69187 55.0399 -5.45422 0.598444 0.763164 -0.243814
8.32524 54.9063 -4.1036 0.645598 0.73919 -0.191636
8.78458 54.7999 -2.6688 0.688088 0.714425 -0.126417
9.01222 54.7498 -1.12997 0.716831 0.695558 -0.0484937
9.01769 54.7556 0.493848 0.706102 0.707891 0.0175907
8.84326 54.7914 2.15356 0.697194 0.711533 0.0874147
8.48269 54.9112 3.61959 0.676182 0.724216 0.135169
7.91148 55.1358 5.01239 0.643977 0.743787 0.179011
7.12458 55.3513 6.31369 0.557519 0.784523 0.271453
7.73347 54.9964 6.04371 0.602929 0.762817 0.232194
8.81286 54.3378 5.05452 0.657411 0.737885 0.152513
9.86872 53.5437 4.1329 0.675995 0.728393 0.11169
10.8663 52.7071 3.35286 0.687557 0.722079 0.0765559
11.9 51.773 2.63276 0.69669 0.715428 0.0527248
12.9291 50.8016 2.12477 0.696691 0.716338 0.0384698
14.0664 49.7203 1.67843 0.69696 0.71644 0.0309924
15.1507 48.6497 1.38952 0.711844 0.702012 0.021368
16.2517 47.5274 1.29936 0.715269 0.698369 0.0259139
16.5973 47.2105 -0.0794388 0.718949 0.694896 0.015235
16.3247 47.5 -1.30783 0.717973 0.696022 -0.00717016
15.2448 48.599 -1.40443 0.708722 0.705476 -0.00415979
14.0548 49.7807 -1.70431 0.70207 0.712066 -0.00773114
12.914 50.885 -2.14771 0.693397 0.719789 -0.0332356
11.8099 51.8978 -2.76457 0.682186 0.728992 -0.0565137
10.7512 52.8343 -3.46553 0.680331 0.728248 -0.0817288
9.62647 53.7182 -4.37562 0.655536 0.742473 -0.137542
8.60555 54.3481 -5.35131 0.620284 0.758752 -0.198854
7.45745 54.8801 -6.41728 0.559077 0.776308 -0.29055
6.98617 55.0533 -6.78755 0.510722 0.785302 -0.349947
-2.7658 27.1998 40.4774 -0.449251 0.642544 0.620733
-2.80198 27.1311 40.5224 -0.448899 0.641667 0.621894
-2.81012 27.1593 40.4874 -0.448606 0.642473 0.621274
