-51.8174 11.7496 44.1819 -0.582027 0.538147 0.609625
-50.8689 11.4588 45.34 -0.574983 0.543774 0.611314
-49.7584 11.2817 46.5384 -0.573449 0.543094 0.613355
-48.6736 11.1408 47.6718 -0.570842 0.542875 0.615976
-47.539 11.0481 48.8017 -0.567875 0.544302 0.617457
-46.3805 11.031 49.8689 -0.556231 0.547153 0.625484
-45.2138 11.0246 50.9082 -0.554383 0.548507 0.625939
-43.996 10.9999 51.9978 -0.546098 0.546864 0.6346
-42.7498 11.0876 52.9806 -0.540717 0.548337 0.637927
-41.5417 11.2121 53.8881 -0.532481 0.552517 0.641239
-40.1923 11.4439 54.8067 -0.531472 0.552866 0.641776
-38.8882 11.6816 55.6756 -0.528846 0.551797 0.644858
-37.5109 11.9357 56.5772 -0.521028 0.55472 0.648701
-36.1391 12.2735 57.3786 -0.513689 0.558567 0.65125
-34.7031 12.6624 58.1719 -0.51038 0.555589 0.656379
-33.8914 13.3045 58.2554 -0.50734 0.558073 0.656628
-34.5779 14.1645 56.9907 -0.511044 0.55768 0.654085
-35.315 14.8937 55.7802 -0.516777 0.559637 0.647879
-36.0125 15.6548 54.5697 -0.515992 0.558233 0.649714
-36.6685 16.3872 53.4193 -0.515546 0.559438 0.649031
-37.3489 17.1505 52.2183 -0.518692 0.559339 0.646604
-38.3083 17.6446 51.0155 -0.5214 0.558912 0.644795
-39.4843 17.9648 49.7708 -0.53226 0.559916 0.634975
-40.6736 17.9892 48.748 -0.534423 0.559481 0.633541
-42.0322 17.6514 47.8887 -0.540519 0.562436 0.625704
-43.4426 17.196 47.0704 -0.546527 0.560383 0.622318
-44.74 16.7487 46.3264 -0.55085 0.553541 0.624625
-45.9848 16.2684 45.6391 -0.565389 0.546256 0.618013
-47.2335 15.6774 45.0159 -0.566702 0.545382 0.617582
-48.5384 15.1269 44.2996 -0.572213 0.543163 0.614448
-49.9567 14.4782 43.5476 -0.574109 0.544351 0.611622
-50.935 13.3695 43.6124 -0.578568 0.539281 0.611911
-51.683 12.0759 44.0266 -0.582451 0.532877 0.613831
-51.8119 11.7891 44.1525 -0.583049 0.534862 0.611524
-57.0949 12.8316 37.7617 -0.627101 0.527516 0.573123
-57.8161 11.5378 38.1618 -0.631031 0.527948 0.568394
-58.5863 10.2789 38.4605 -0.636803 0.519312 0.569909
-59.5615 8.94551 38.5905 -0.641078 0.522524 0.562121
-60.5218 7.75369 38.5972 -0.644853 0.523111 0.557242
-61.5779 6.62389 38.4246 -0.649822 0.521638 0.552834
-61.0073 6.11079 39.5779 -0.647001 0.522527 0.55529
-60.17 5.84145 40.7924 -0.636331 0.526468 0.563835
-59.3155 5.54989 42.0179 -0.626586 0.530905 0.570552
-58.4377 5.29548 43.2102 -0.621095 0.53238 0.575163
-57.4668 5.05053 44.4697 -0.611609 0.534133 0.58364
-56.5203 4.85493 45.6374 -0.611014 0.533401 0.584932
-55.5021 4.66809 46.8625 -0.602418 0.537946 0.589656
-54.5342 4.48852 47.9969 -0.594476 0.541458 0.594493
-53.5237 4.32976 49.1507 -0.59224 0.541868 0.596348
-52.4817 4.19119 50.2856 -0.579056 0.542932 0.608209
-51.3937 4.12542 51.3729 -0.574466 0.543426 0.612108
-50.2953 4.04095 52.4742 -0.568206 0.546798 0.614942
-49.1061 4.05042 53.5461 -0.559197 0.547489 0.622539
-47.9601 4.03199 54.5803 -0.551906 0.549208 0.627511
-46.7861 4.04531 55.5929 -0.54804 0.548314 0.631667
-45.5149 4.12265 56.623 -0.54348 0.549107 0.63491
-44.2138 4.24419 57.6234 -0.540651 0.548443 0.637892
-42.9553 4.42324 58.5321 -0.538197 0.54848 0.639932
-41.6933 4.61524 59.4282 -0.53644 0.55031 0.639836
-40.4073 4.83661 60.3106 -0.5331 0.554158 0.639307
-39.072 5.13993 61.1516 -0.527053 0.5561 0.642625
-37.7178 5.49469 61.9477 -0.521975 0.557846 0.645252
-36.2836 5.83359 62.7959 -0.508865 0.560351 0.653501
-34.8679 6.19854 63.582 -0.506329 0.560937 0.654966
-33.4086 6.61907 64.3359 -0.497559 0.560495 0.662028
-32.0021 7.03509 65.0299 -0.491546 0.560546 0.666462
-30.6671 7.4402 65.6729 -0.490859 0.560563 0.666953
-29.2898 7.91113 66.2895 -0.48975 0.559219 0.668893
-27.8949 8.43797 66.8679 -0.486898 0.55937 0.670846
-26.5039 8.99277 67.4118 -0.485341 0.558712 0.672522
-25.1771 9.55214 67.9035 -0.483979 0.557541 0.674471
-23.8421 10.1688 68.3509 -0.48312 0.556622 0.675846
-22.8093 10.9066 68.482 -0.483048 0.555122 0.67713
-23.301 11.893 67.3181 -0.485 0.555764 0.675204
-23.8823 12.8492 66.113 -0.487109 0.555434 0.673957
-24.5528 13.7876 64.8532 -0.490202 0.555431 0.671713
-25.0949 14.6444 63.7433 -0.494454 0.556018 0.668101
-25.6338 15.5108 62.6235 -0.496085 0.554873 0.667843
-26.153 16.4084 61.4906 -0.496739 0.556091 0.666343
-26.6804 17.2797 60.3685 -0.496632 0.557059 0.665613
-27.2004 18.1812 59.2204 -0.501591 0.557524 0.661494
-27.7813 19.0218 58.0696 -0.503366 0.557229 0.660393
-28.4045 19.8263 56.9163 -0.503762 0.556722 0.660518
-29.1675 20.5512 55.7235 -0.504044 0.556764 0.660268
-29.9035 21.2902 54.5329 -0.509868 0.555941 0.656478
-30.5899 22.0492 53.3553 -0.51186 0.554926 0.655787
-31.2655 22.7779 52.2103 -0.512242 0.556164 0.654438
-32.0016 23.4428 51.0571 -0.51615 0.56062 0.64753
-32.9132 23.9064 49.928 -0.516019 0.561457 0.646908
-33.9449 24.297 48.7648 -0.517129 0.562038 0.645516
-34.9974 24.7101 47.5603 -0.520199 0.558854 0.645814
-36.0512 24.9875 46.4597 -0.526798 0.55657 0.642428
-37.3031 24.9599 45.4573 -0.526813 0.556351 0.642605
-38.6031 24.8617 44.4732 -0.529527 0.554976 0.641563
-39.8274 24.6634 43.6252 -0.53555 0.553663 0.637686
-41.1214 24.2124 42.9156 -0.546 0.553458 0.628941
-42.4678 23.7191 42.1687 -0.551354 0.551384 0.626086
-43.8547 23.2893 41.3231 -0.554369 0.553519 0.621521
-45.1228 22.9248 40.5109 -0.556477 0.552402 0.620632
-46.3766 22.315 39.9189 -0.565509 0.551972 0.612801
-47.7291 21.71 39.1996 -0.574416 0.547364 0.608637
-49.1416 21.0683 38.4227 -0.585748 0.54347 0.601282
-50.3965 20.4841 37.7198 -0.590903 0.540389 0.59901
-51.7519 19.793 36.9961 -0.598619 0.538409 0.593098
-53.0785 19.0822 36.2887 -0.606336 0.539613 0.584101
-54.1782 18.0566 36.0898 -0.61309 0.537239 0.579218
-54.9163 16.7305 36.5362 -0.621728 0.534273 0.572719
-55.6704 15.3609 36.9898 -0.626179 0.529345 0.572446
-56.4725 13.9248 37.4377 -0.628095 0.527422 0.572122
-56.9951 13.0134 37.7036 -0.627782 0.527689 0.572218
-57.0898 12.8408 37.7588 -0.627641 0.527323 0.57271
