-56.1106 7.837 -41.6893 -0.57569 0.450823 -0.682158
-55.3701 9.1475 -41.4441 -0.57201 0.452509 -0.684134
-54.6362 10.4891 -41.1722 -0.570983 0.450707 -0.686179
-53.9766 11.8688 -40.8129 -0.56749 0.451548 -0.68852
-53.283 13.2857 -40.4446 -0.558808 0.458742 -0.690862
-52.1603 14.226 -40.7245 -0.55725 0.459586 -0.691558
-50.8802 14.9921 -41.2405 -0.552144 0.460769 -0.694859
-49.5754 15.773 -41.7576 -0.550403 0.463438 -0.694464
-48.3289 16.4998 -42.2431 -0.539959 0.468807 -0.699045
-47.0536 17.2258 -42.7303 -0.532826 0.47312 -0.701608
-45.8253 17.9984 -43.1343 -0.528846 0.475486 -0.703019
-44.5727 18.7048 -43.5888 -0.522482 0.481756 -0.703508
-43.2304 19.3519 -44.1397 -0.520884 0.482624 -0.704098
-41.8504 20.0059 -44.7079 -0.514996 0.487726 -0.704913
-40.4577 20.6544 -45.2583 -0.505048 0.494314 -0.707517
-39.1583 21.2193 -45.7921 -0.506164 0.495795 -0.705681
-37.8478 21.6626 -46.419 -0.502279 0.502014 -0.704058
-36.4907 22.1322 -47.0455 -0.498908 0.504091 -0.70497
-35.0325 22.5833 -47.7478 -0.49178 0.502537 -0.711062
-33.6157 22.8173 -48.5582 -0.488943 0.507252 -0.709669
-32.3222 22.7573 -49.4919 -0.49014 0.503808 -0.711294
-31.0815 22.5819 -50.4703 -0.488114 0.506453 -0.71081
-30.0284 22.184 -51.4687 -0.481555 0.50795 -0.714207
-28.9395 21.7682 -52.4979 -0.481032 0.508096 -0.714456
-27.9203 21.246 -53.5556 -0.481064 0.508433 -0.714194
-27.0414 20.5914 -54.615 -0.480787 0.510213 -0.713111
-26.158 19.826 -55.7559 -0.479354 0.509454 -0.714616
-25.3066 19.0721 -56.862 -0.478941 0.506931 -0.716683
-24.4727 18.2927 -57.9543 -0.475072 0.499383 -0.724514
-23.6845 17.494 -59.0102 -0.471151 0.496832 -0.728817
-22.9251 16.5017 -60.1768 -0.47085 0.496396 -0.729308
-22.2387 15.6332 -61.2109 -0.470223 0.496707 -0.729501
-21.5375 14.7432 -62.2659 -0.468531 0.494686 -0.731959
-20.7921 13.8927 -63.314 -0.466919 0.494483 -0.733125
-19.9799 12.9996 -64.4321 -0.465219 0.495135 -0.733766
-19.1954 12.1411 -65.5053 -0.463863 0.491123 -0.737309
-18.4361 11.274 -66.5502 -0.460096 0.487241 -0.742232
-17.6384 10.2392 -67.7235 -0.46022 0.486365 -0.742729
-18.754 9.30196 -67.6452 -0.460346 0.485151 -0.743444
-20.0573 8.56349 -67.3208 -0.459225 0.485689 -0.743787
-21.402 7.88553 -66.932 -0.463188 0.484699 -0.741973
-22.8575 7.68039 -66.1498 -0.469255 0.486624 -0.736882
-24.2103 7.69536 -65.2754 -0.470448 0.486737 -0.736047
-25.5252 7.67669 -64.4424 -0.475373 0.487059 -0.732662
-26.804 7.68554 -63.6056 -0.477709 0.485571 -0.73213
-28.0618 7.71769 -62.7587 -0.480047 0.486608 -0.729909
-29.3436 7.69224 -61.9256 -0.488659 0.485619 -0.724836
-30.7463 7.65551 -60.9949 -0.493488 0.483833 -0.722755
-32.0576 7.66862 -60.0907 -0.493671 0.481538 -0.724162
-33.4899 7.67603 -59.1084 -0.494391 0.480971 -0.724047
-34.7681 7.69116 -58.2168 -0.501948 0.47603 -0.722111
-36.006 7.73519 -57.3241 -0.505049 0.476501 -0.719634
-37.322 7.74512 -56.3858 -0.510981 0.479324 -0.713545
-38.5915 7.70828 -55.4936 -0.518875 0.476482 -0.709742
-39.9428 7.70714 -54.5009 -0.521695 0.476504 -0.707657
-41.2801 7.72084 -53.5039 -0.522616 0.477007 -0.706638
-42.4925 7.73379 -52.5943 -0.525654 0.476746 -0.704557
-43.7826 7.75948 -51.61 -0.529212 0.474495 -0.703412
-45.0788 7.74921 -50.6387 -0.531366 0.471954 -0.703498
-46.293 7.74867 -49.7106 -0.538061 0.472003 -0.698358
-47.5618 7.71773 -48.7468 -0.545708 0.469367 -0.694188
-48.8445 7.74389 -47.7042 -0.555244 0.464308 -0.690016
-50.0797 7.74816 -46.7137 -0.552758 0.462749 -0.693053
-51.2769 7.73474 -45.7621 -0.557587 0.458416 -0.692063
-52.4735 7.72091 -44.7921 -0.565818 0.454883 -0.6877
-53.7185 7.75771 -43.7389 -0.569173 0.453546 -0.685811
-54.8855 7.80724 -42.7349 -0.570386 0.45341 -0.684893
-56.0654 7.83619 -41.7279 -0.574892 0.451013 -0.682705
-57.9656 2.6574 -43.5728 -0.584013 0.454972 -0.672256
-56.7139 2.63279 -44.6566 -0.57446 0.458139 -0.67831
-55.4469 2.60322 -45.7497 -0.573212 0.460707 -0.677626
-54.253 2.63423 -46.7327 -0.567837 0.464447 -0.679595
-52.9671 2.61881 -47.8103 -0.564019 0.464343 -0.682838
-51.6729 2.63435 -48.8661 -0.561075 0.464831 -0.684929
-50.4627 2.63738 -49.8485 -0.55723 0.46549 -0.687614
-49.2155 2.6353 -50.8513 -0.550542 0.467364 -0.691719
-47.9854 2.66127 -51.8065 -0.544747 0.468687 -0.6954
-46.8061 2.63124 -52.7467 -0.541559 0.470365 -0.696757
-45.5816 2.62562 -53.6944 -0.535914 0.473626 -0.69891
-44.295 2.58439 -54.7063 -0.533913 0.474966 -0.699532
-42.9891 2.62103 -55.6644 -0.527112 0.476449 -0.703669
-41.7327 2.62339 -56.5993 -0.52362 0.476121 -0.706492
-40.4192 2.64113 -57.5557 -0.519671 0.477695 -0.708343
-39.1765 2.65544 -58.4522 -0.515319 0.477894 -0.711381
-37.7873 2.65952 -59.4496 -0.510136 0.480501 -0.713359
-36.4494 2.61163 -60.4329 -0.504373 0.48259 -0.71604
-35.0299 2.59067 -61.4393 -0.501385 0.481426 -0.718917
-33.7263 2.61131 -62.3274 -0.496375 0.48252 -0.721655
-32.4586 2.58651 -63.2145 -0.494064 0.484381 -0.721994
-31.1851 2.6067 -64.0695 -0.491027 0.48452 -0.72397
-29.7605 2.62483 -65.0142 -0.484492 0.48448 -0.728386
-28.5 2.62761 -65.8432 -0.477047 0.48564 -0.732516
-27.173 2.63499 -66.6979 -0.473783 0.483512 -0.736033
-25.8417 2.59477 -67.5786 -0.470779 0.482727 -0.73847
-24.5461 2.64111 -68.3661 -0.46481 0.483192 -0.741941
-23.2354 2.63999 -69.1873 -0.46477 0.48143 -0.743111
-21.9431 2.68364 -69.9648 -0.462785 0.481043 -0.744599
-20.6044 3.26743 -70.4138 -0.458163 0.4811 -0.747415
-19.2897 3.9626 -70.771 -0.456676 0.47995 -0.749063
-17.9794 4.65471 -71.1252 -0.455518 0.479502 -0.750054
-16.6526 5.46851 -71.409 -0.453345 0.478746 -0.751851
-15.3378 6.27294 -71.6861 -0.450075 0.479582 -0.753282
-14.0485 7.08297 -71.939 -0.448298 0.479484 -0.754403
-12.7614 7.93985 -72.1586 -0.448587 0.479248 -0.754381
-11.4532 8.85496 -72.3571 -0.448292 0.47742 -0.755714
-10.2532 9.75354 -72.503 -0.449639 0.475892 -0.755878
-10.7522 10.7581 -71.5736 -0.450089 0.475756 -0.755696
-11.554 11.7346 -70.4774 -0.453329 0.476756 -0.753124
-12.2103 12.6626 -69.4881 -0.457776 0.478554 -0.749284
-12.9282 13.5858 -68.4541 -0.460198 0.480432 -0.746594
-13.6121 14.5099 -67.4368 -0.461308 0.48286 -0.744339
-14.4009 15.4503 -66.329 -0.46477 0.486915 -0.739528
-15.1757 16.2516 -65.3119 -0.466228 0.488273 -0.737714
-15.922 17.1255 -64.2584 -0.467266 0.491463 -0.734933
-16.662 17.9761 -63.2077 -0.47103 0.495422 -0.729854
-17.4485 18.8681 -62.0947 -0.470851 0.495412 -0.729977
-18.1328 19.7332 -61.0637 -0.472814 0.497511 -0.727275
-18.7956 20.6206 -60.0194 -0.473112 0.501149 -0.724579
-19.4663 21.4962 -58.97 -0.472537 0.507066 -0.720827
-20.2989 22.2999 -57.8558 -0.471438 0.50995 -0.719511
-21.1368 23.0402 -56.7812 -0.472072 0.511872 -0.717729
-21.9766 23.8338 -55.655 -0.472774 0.51595 -0.714339
-22.8092 24.5528 -54.5845 -0.472491 0.51681 -0.713904
-23.6913 25.2909 -53.4661 -0.471675 0.517974 -0.713601
-24.5808 25.9579 -52.3945 -0.471206 0.518159 -0.713776
-25.6751 26.4424 -51.3207 -0.471012 0.51804 -0.71399
-26.7458 26.8293 -50.3338 -0.471428 0.517709 -0.713956
-27.773 27.2889 -49.3158 -0.478568 0.514378 -0.71161
-28.8976 27.6286 -48.3157 -0.478372 0.513237 -0.712565
-30.1696 27.7066 -47.4003 -0.480621 0.51538 -0.709497
-31.3932 27.7837 -46.5128 -0.481129 0.518983 -0.70652
-32.7168 27.8533 -45.5606 -0.480149 0.520237 -0.706265
-34.0873 27.6351 -44.7943 -0.477576 0.518216 -0.709489
-35.412 27.2497 -44.1772 -0.484244 0.506372 -0.713508
-36.8418 26.7893 -43.5277 -0.487775 0.502769 -0.713652
-38.237 26.329 -42.8767 -0.501257 0.494784 -0.70988
-39.5603 25.8478 -42.2756 -0.504443 0.494183 -0.70804
-40.8516 25.2477 -41.7707 -0.506944 0.495209 -0.705533
-42.1961 24.6176 -41.2444 -0.509779 0.494027 -0.704317
-43.5618 23.9814 -40.6962 -0.513 0.493227 -0.702537
-44.8538 23.3993 -40.1549 -0.520435 0.489745 -0.699498
-46.1723 22.7198 -39.645 -0.524635 0.486608 -0.698548
-47.5345 21.8849 -39.1859 -0.534761 0.476797 -0.697635
-48.762 21.1271 -38.7606 -0.536674 0.475897 -0.696781
-50.0189 20.3911 -38.2877 -0.543058 0.471585 -0.694763
-51.2684 19.6559 -37.8027 -0.547445 0.470027 -0.692372
-52.5622 18.9427 -37.2574 -0.551156 0.465083 -0.692765
-53.787 18.206 -36.7718 -0.55477 0.460718 -0.692798
-55.0443 17.3891 -36.3023 -0.558632 0.457479 -0.691837
-56.3006 16.4431 -35.8959 -0.567356 0.450241 -0.689486
-57.0562 14.9994 -36.2144 -0.571802 0.448772 -0.686765
-57.6798 13.5993 -36.6038 -0.576663 0.443793 -0.685936
-58.3541 12.1484 -36.9706 -0.581626 0.441225 -0.683396
-59.0351 10.7528 -37.2855 -0.586869 0.438067 -0.680942
-59.8438 9.43773 -37.4308 -0.592273 0.436958 -0.676964
-60.7908 8.18578 -37.4097 -0.594837 0.438296 -0.673844
-61.8175 7.10031 -37.2053 -0.599042 0.438371 -0.670059
-62.9952 6.15613 -36.7659 -0.602326 0.438517 -0.667013
-63.4569 5.25252 -36.9433 -0.603401 0.43931 -0.665518
-62.8192 4.39199 -38.0921 -0.603455 0.440723 -0.664534
-62.0843 3.63083 -39.2663 -0.602298 0.445005 -0.662728
-61.3324 2.97045 -40.3894 -0.596638 0.447531 -0.666138
-60.3124 2.66834 -41.4999 -0.59208 0.448825 -0.669326
-59.1469 2.65589 -42.536 -0.590307 0.450127 -0.670017
-58.0327 2.66023 -43.5126 -0.584009 0.45498 -0.672255
-51.4654 12.0867 -42.7091 -0.555401 0.458513 -0.693754
-50.0478 12.6062 -43.4933 -0.550715 0.467476 -0.691506
-48.6585 13.1127 -44.2548 -0.547403 0.467957 -0.693806
-47.3522 13.5821 -44.957 -0.538063 0.471851 -0.698459
-46.0221 14.0527 -45.661 -0.536059 0.47302 -0.699209
-44.7487 14.4999 -46.3284 -0.531421 0.476577 -0.700333
-43.3472 14.9864 -47.0527 -0.523456 0.479532 -0.704303
-42.0457 15.4308 -47.7125 -0.518467 0.480204 -0.707528
-40.6781 15.8924 -48.3964 -0.515968 0.482163 -0.708022
-39.3857 16.329 -49.0417 -0.515781 0.48283 -0.707704
-38.0445 16.7769 -49.7023 -0.505857 0.489912 -0.709996
-36.7315 17.2037 -50.3322 -0.497646 0.491586 -0.714627
-35.3814 17.6379 -50.9731 -0.497256 0.49215 -0.71451
-33.9735 18.0901 -51.6394 -0.494769 0.497021 -0.712863
-32.6588 18.5108 -52.2566 -0.493653 0.497613 -0.713224
-31.2937 18.9464 -52.8965 -0.492473 0.497444 -0.714156
-30.3244 19.2535 -53.3485 -0.488515 0.50122 -0.714235
-26.2464 15.6816 -58.5701 -0.479844 0.497516 -0.722654
-27.5754 15.2722 -57.9728 -0.47843 0.500553 -0.721493
-29.004 14.8284 -57.3254 -0.487916 0.499415 -0.715907
-30.3273 14.409 -56.7151 -0.488352 0.499268 -0.715712
-31.653 13.9839 -56.1 -0.495842 0.495644 -0.713076
-32.9545 13.5583 -55.4853 -0.498046 0.494071 -0.712632
-34.3488 13.1037 -54.83 -0.496446 0.49106 -0.715823
-35.8643 12.6065 -54.1142 -0.499119 0.489775 -0.714843
-37.178 12.1681 -53.4846 -0.509028 0.485382 -0.710841
-38.5409 11.7035 -52.8184 -0.514155 0.479276 -0.711294
-39.9236 11.2253 -52.1334 -0.51838 0.478698 -0.708612
-41.2831 10.753 -51.4559 -0.520083 0.477091 -0.708447
-42.4906 10.3289 -50.85 -0.524857 0.473995 -0.707003
-28.1025 10.2496 -61.039 -0.477805 0.488952 -0.729814
-26.7224 10.6765 -61.6541 -0.476404 0.491159 -0.729247
-25.3701 11.0924 -62.2569 -0.475684 0.491378 -0.72957
-24.0093 11.5066 -62.8609 -0.472118 0.490527 -0.732453
-22.9032 11.8397 -63.3503 -0.471759 0.491416 -0.732088
-22.8795 11.8468 -63.3608 -0.471469 0.491589 -0.732159
