-13.3336 42.9281 17.6055 -0.395867 0.668833 0.629247
-12.0838 42.7948 18.5294 -0.393309 0.674688 0.624584
-10.8187 42.7385 19.3708 -0.378503 0.679073 0.628963
-9.55282 42.5758 20.3022 -0.373473 0.67983 0.631148
-8.64005 42.7301 20.6724 -0.370117 0.680227 0.632697
-8.63499 43.7527 19.5698 -0.36467 0.686809 0.628736
-8.49246 44.8124 18.4763 -0.361345 0.693754 0.623004
-8.28581 45.8967 17.3862 -0.352041 0.695263 0.626637
-7.9702 46.9875 16.3603 -0.345788 0.692775 0.632846
-7.48461 48.1392 15.3408 -0.333116 0.703792 0.627464
-6.81347 49.3292 14.3634 -0.331134 0.704946 0.627217
-6.07479 50.3766 13.5609 -0.31946 0.709155 0.628526
-5.26646 51.3985 12.8151 -0.308666 0.707663 0.635545
-4.30355 52.4149 12.1291 -0.286589 0.7108 0.642363
-3.28592 53.3486 11.5417 -0.277586 0.7106 0.646525
-2.15805 54.1977 11.0252 -0.217645 0.730082 0.647774
-0.923917 54.9377 10.5612 -0.178914 0.741568 0.646581
0.46728 55.6198 10.0675 -0.0995812 0.764791 0.636536
1.85857 56.149 9.45374 0.0502492 0.79721 0.60149
0.273758 56.006 9.58421 -0.0883957 0.757345 0.646726
-1.28994 55.9235 9.3408 -0.190852 0.739213 0.645863
-2.85672 55.8712 8.90431 -0.228743 0.731372 0.642409
-4.28995 55.8978 8.26568 -0.300184 0.720149 0.62552
-5.66086 55.9736 7.45119 -0.35018 0.71444 0.605763
-6.86815 56.1366 6.49546 -0.39669 0.730995 0.555182
-7.91418 56.3152 5.40977 -0.452738 0.739877 0.497558
-8.81291 56.4553 4.26256 -0.490348 0.767089 0.413632
-8.59615 55.7644 5.5923 -0.454781 0.738422 0.497902
-8.33745 54.9983 6.86948 -0.416207 0.72628 0.547073
-8.20782 54.077 8.14022 -0.39222 0.709957 0.584914
-8.16438 53.0966 9.33318 -0.382881 0.693925 0.609812
-8.26187 52.0796 10.4418 -0.367027 0.702038 0.610274
-8.492 50.9835 11.5663 -0.351747 0.70671 0.613865
-8.82774 49.8448 12.6795 -0.350245 0.704399 0.617369
-9.29059 48.7775 13.6296 -0.354941 0.701692 0.617775
-9.88111 47.6506 14.5554 -0.364083 0.689936 0.625645
-10.5493 46.53 15.3937 -0.370266 0.684715 0.627748
-11.3224 45.4365 16.1297 -0.373026 0.68486 0.625953
-12.2333 44.2861 16.8333 -0.379796 0.678924 0.628345
-13.132 43.1984 17.4438 -0.394141 0.671336 0.627663
-13.2487 43.0467 17.5328 -0.395003 0.670086 0.628454
-17.509 44.1971 13.4988 -0.423706 0.662405 0.617804
-16.6157 45.2797 12.9302 -0.415966 0.673789 0.610721
-15.7823 46.3685 12.2803 -0.409439 0.68211 0.605875
-15.0745 47.4595 11.5124 -0.401057 0.69556 0.596113
-14.4711 48.6158 10.5553 -0.394856 0.704021 0.59029
-14.0348 49.6794 9.56842 -0.392449 0.71088 0.583639
-13.733 50.7922 8.39911 -0.393599 0.717968 0.57411
-13.6628 51.7723 7.19721 -0.395163 0.726332 0.562395
-13.8413 52.7329 5.79152 -0.387769 0.746316 0.540969
-14.1315 53.4531 4.46011 -0.375534 0.797415 0.472338
-14.4194 54.0147 3.02086 -0.355906 0.876911 0.319946
-14.5544 54.3248 1.53289 -0.414319 0.903887 0.106435
-14.6001 54.4253 0.0368749 -0.440598 0.897525 -0.017939
-14.5527 54.2494 -1.56597 -0.419304 0.883365 -0.208202
-14.4338 53.7672 -3.0358 -0.428394 0.819598 -0.380198
-14.1714 53.1002 -4.4347 -0.414016 0.765778 -0.492112
-13.8723 52.3419 -5.75282 -0.396907 0.737545 -0.546344
-13.6963 51.4973 -6.98494 -0.391362 0.725092 -0.566636
-13.7049 50.5238 -8.19785 -0.392882 0.711698 -0.582346
-13.9201 49.4849 -9.3025 -0.38287 0.70668 -0.594991
-14.3247 48.3678 -10.3598 -0.386577 0.7036 -0.596242
-14.9307 47.2188 -11.3132 -0.37924 0.702014 -0.602788
-15.6279 46.1202 -12.1424 -0.384161 0.69594 -0.606702
-16.539 44.9628 -12.8708 -0.392202 0.678034 -0.621644
-17.4581 43.8913 -13.4483 -0.396544 0.670939 -0.626571
-18.376 42.813 -13.996 -0.407752 0.656967 -0.63413
-19.2544 41.7276 -14.5462 -0.416882 0.651466 -0.633875
-20.2316 40.5713 -15.0771 -0.422151 0.641314 -0.640707
-21.1674 39.4343 -15.5714 -0.433323 0.62953 -0.644922
-22.0977 38.2357 -16.114 -0.436915 0.628586 -0.643412
-22.9376 37.083 -16.6557 -0.439757 0.620274 -0.649515
-21.924 37.4903 -16.9491 -0.434926 0.623106 -0.65006
-20.5002 38.2363 -17.1863 -0.432878 0.626139 -0.648505
-19.1097 38.8522 -17.5019 -0.416339 0.63586 -0.64988
-17.7388 39.3811 -17.8521 -0.408795 0.642123 -0.64851
-16.3618 39.8892 -18.2094 -0.402104 0.6451 -0.649737
-14.9029 40.3522 -18.6432 -0.39373 0.649367 -0.650612
-13.5027 40.6345 -19.1761 -0.372969 0.654173 -0.65799
-12.0862 40.8347 -19.7769 -0.370628 0.658324 -0.655165
-10.8062 40.7582 -20.569 -0.357778 0.665088 -0.655478
-9.56252 40.4943 -21.5081 -0.349248 0.665647 -0.6595
-8.24571 40.2566 -22.4379 -0.344746 0.667336 -0.660161
-7.1508 39.8312 -23.4429 -0.348217 0.666923 -0.658756
-6.26686 39.2245 -24.5237 -0.349009 0.665382 -0.659893
-5.42781 38.5721 -25.6316 -0.357059 0.66385 -0.657124
-4.61002 37.8178 -26.8347 -0.36048 0.658739 -0.660392
-4.0172 36.8583 -28.1198 -0.368211 0.655442 -0.659406
-3.4402 36.0105 -29.2831 -0.373112 0.651154 -0.660898
-2.95968 35.7636 -29.7981 -0.374822 0.651039 -0.660043
-2.85861 36.8654 -28.763 -0.37001 0.656931 -0.656913
-2.8656 37.9973 -27.6165 -0.363001 0.664877 -0.652816
-2.91212 39.0562 -26.5067 -0.356412 0.671505 -0.649655
-2.91418 40.1119 -25.4071 -0.347191 0.678004 -0.647896
-2.9346 41.2335 -24.2168 -0.341349 0.682218 -0.646574
-2.95534 42.3651 -23.0078 -0.330912 0.687518 -0.646387
-2.9409 43.4334 -21.8645 -0.323204 0.69719 -0.639894
-2.8899 44.468 -20.755 -0.313081 0.702098 -0.639561
-2.74793 45.5444 -19.631 -0.301699 0.710111 -0.636172
-2.36192 46.6149 -18.6044 -0.289709 0.719422 -0.631269
-1.77897 47.695 -17.6288 -0.28005 0.724679 -0.629613
-0.990646 48.8166 -16.6594 -0.265857 0.739393 -0.618561
-0.0763484 49.7536 -15.9154 -0.253846 0.747158 -0.614261
1.10377 50.6835 -15.2397 -0.224173 0.7549 -0.616338
2.39778 51.3999 -14.7528 -0.172475 0.783769 -0.596622
3.79767 51.9218 -14.3726 -0.0890637 0.803052 -0.589216
5.22278 52.3512 -13.8235 0.0445427 0.827146 -0.56022
6.5988 52.5899 -13.2001 0.158735 0.853455 -0.496202
7.9181 52.6257 -12.4328 0.29804 0.876334 -0.378432
9.21428 52.4678 -11.5347 0.396364 0.8629 -0.313528
10.4458 52.1398 -10.5236 0.514738 0.82378 -0.23591
11.5498 51.6219 -9.51045 0.581539 0.796617 -0.164966
12.7086 50.8654 -8.60691 0.633947 0.761861 -0.132951
13.859 49.9725 -7.91722 0.661734 0.74285 -0.101401
14.9511 49.033 -7.48283 0.675379 0.732619 -0.0844546
16.1341 47.9345 -7.22063 0.694334 0.71608 -0.0716249
17.2701 46.8216 -7.25457 0.701331 0.710243 -0.0607383
18.3199 45.7579 -7.45805 0.708386 0.703759 -0.0539708
19.389 44.6472 -7.81327 0.7193 0.693144 -0.0464673
20.4304 43.5209 -8.36357 0.72542 0.686969 -0.0428961
21.4519 42.4023 -9.03163 0.726245 0.686521 -0.0353456
22.4277 41.3361 -9.54989 0.732312 0.68048 -0.0258095
23.427 40.2343 -10.1175 0.736038 0.676659 -0.0195018
24.4462 39.1089 -10.7564 0.739063 0.673519 -0.0124286
25.476 37.9601 -11.3761 0.746356 0.665536 -0.0037532
26.4836 36.8187 -11.9691 0.753193 0.657796 0.00152106
27.3991 35.7688 -12.5519 0.75645 0.654033 0.00486923
27.7177 35.3977 -12.2941 0.758177 0.652017 0.00638461
26.9331 36.3024 -11.2667 0.755619 0.655011 -0.000471204
26.178 37.1781 -10.2533 0.753292 0.657649 -0.00700131
25.4884 37.9752 -9.11903 0.748334 0.663265 -0.00860588
24.9028 38.6541 -7.85817 0.746816 0.66494 -0.0109829
24.3398 39.3105 -6.5367 0.745233 0.666697 -0.0119967
23.738 40.0043 -5.21995 0.74592 0.665972 -0.0091908
23.2353 40.5832 -3.73313 0.74678 0.665055 -0.00449637
22.8659 41.0045 -2.21727 0.748153 0.663527 -0.000147932
22.6203 41.2644 -0.687042 0.746934 0.664679 0.0170458
22.5549 41.2817 0.9321 0.744458 0.667164 0.0259801
22.5957 41.1712 2.51266 0.745094 0.666333 0.0288899
22.7313 40.9421 4.11288 0.748094 0.662416 0.0394959
23.0242 40.505 5.62148 0.750078 0.659493 0.0495187
23.32 40.0306 7.14069 0.75572 0.65223 0.0590278
23.6949 39.4503 8.56213 0.761827 0.644233 0.0676963
24.1765 38.7398 9.80901 0.767238 0.637317 0.071918
24.4082 38.3619 10.6917 0.768051 0.636599 0.0695579
23.513 39.493 10.1814 0.764002 0.641205 0.0717872
22.6073 40.6141 9.6656 0.756203 0.651031 0.0656697
21.631 41.7951 9.05446 0.748236 0.660265 0.0647598
20.6483 42.9485 8.55144 0.742725 0.66667 0.0624825
19.6523 44.0936 7.97801 0.731684 0.678782 0.0623985
18.6655 45.1855 7.56865 0.72288 0.688477 0.0586894
17.574 46.3447 7.31587 0.717336 0.69372 0.0646685
16.5105 47.4318 7.23851 0.708738 0.70219 0.0679185
15.4036 48.5181 7.37824 0.697826 0.712498 0.0732663
14.2763 49.5644 7.68617 0.680926 0.728197 0.0778574
13.1686 50.5196 8.22842 0.665405 0.74121 0.0885595
12.0134 51.4154 9.05221 0.640023 0.759855 0.113979
10.973 52.0787 10.0001 0.598771 0.78561 0.155656
9.87534 52.6348 11.0072 0.542232 0.811157 0.21907
8.70669 53.0515 11.9406 0.456695 0.832388 0.313819
7.26705 53.2156 12.7696 0.261425 0.872391 0.412914
5.88867 53.1892 13.5034 0.145904 0.86711 0.476081
4.53321 52.9506 14.1158 0.0136437 0.854201 0.51976
3.0502 52.517 14.5977 -0.136513 0.779399 0.611474
1.68565 51.8582 15.0562 -0.191469 0.763002 0.6173
0.446633 51.0301 15.6426 -0.217813 0.748303 0.626572
-0.625374 50.0602 16.377 -0.250793 0.736219 0.628557
-1.50263 48.997 17.2519 -0.265828 0.724259 0.636213
-2.16412 47.9402 18.1618 -0.276946 0.719972 0.63635
-2.60658 46.802 19.2614 -0.283668 0.722478 0.630523
-2.89623 45.7314 20.3552 -0.294134 0.722968 0.625142
-2.98388 44.7087 21.4978 -0.302054 0.720426 0.624294
-2.95607 43.6756 22.7147 -0.308995 0.722911 0.617998
-2.9562 42.6639 23.8851 -0.325144 0.713721 0.620384
-2.91864 41.627 25.0959 -0.339161 0.706958 0.620629
-2.89448 40.5994 26.2927 -0.349293 0.707819 0.613992
-2.86452 39.6186 27.4373 -0.36258 0.70158 0.613451
-2.83305 38.5572 28.6643 -0.37363 0.69525 0.614027
-2.8523 37.5518 29.7874 -0.382042 0.693062 0.611317
-2.86027 36.4706 31.0004 -0.388505 0.688474 0.612426
-2.8495 35.4197 32.1858 -0.39695 0.683723 0.612331
-2.82678 34.4101 33.3264 -0.406433 0.678429 0.612002
-2.81239 33.3918 34.4642 -0.410535 0.675442 0.612567
-2.81899 32.2989 35.6552 -0.420802 0.666628 0.61525
-2.7881 31.19 36.8741 -0.425689 0.66284 0.615981
-2.79673 30.131 38.0029 -0.434494 0.655673 0.617501
-2.83439 29.0621 39.1094 -0.44372 0.65096 0.615923
-2.78894 28.0412 40.2144 -0.450576 0.644363 0.617882
-2.77666 26.96 41.3486 -0.455518 0.639551 0.619256
-2.71679 25.8555 42.5261 -0.461264 0.634133 0.620573
-2.76414 24.7848 43.5765 -0.465096 0.627235 0.62471
-3.00184 24.5382 43.6472 -0.465172 0.627182 0.624705
-3.33374 25.5257 42.4034 -0.461216 0.631945 0.622837
-3.71205 26.3961 41.2406 -0.455688 0.632717 0.626112
-4.16641 27.3047 39.9883 -0.444276 0.643929 0.622876
-4.50098 28.206 38.8213 -0.437023 0.647917 0.62387
-4.87025 29.0784 37.6571 -0.433644 0.64864 0.625476
-5.25584 30.049 36.3798 -0.427039 0.654568 0.623842
-5.62875 30.9936 35.1408 -0.419034 0.655765 0.627997
-6.04277 31.9593 33.8579 -0.414675 0.658278 0.628263
-6.4818 32.7907 32.6881 -0.408894 0.666512 0.623352
-7.08266 33.6052 31.4297 -0.400977 0.669357 0.625442
-7.71053 34.3586 30.226 -0.397261 0.669221 0.627955
-8.29457 35.1375 29.0249 -0.393962 0.672088 0.626969
-8.89201 36.0014 27.7218 -0.391859 0.674409 0.625794
-9.62077 36.6881 26.5335 -0.388407 0.670082 0.632557
-10.4556 37.2709 25.4038 -0.389244 0.669656 0.632495
-11.3637 37.781 24.3041 -0.395654 0.665104 0.633317
-12.3796 38.1929 23.225 -0.403941 0.665557 0.627587
-13.5842 38.3514 22.2804 -0.410284 0.660662 0.628643
-14.8594 38.3416 21.4538 -0.415435 0.658378 0.627654
-16.2274 38.2615 20.6221 -0.425062 0.652116 0.627747
-17.5736 38.0382 19.932 -0.433645 0.646719 0.62746
-18.9568 37.6764 19.3272 -0.447954 0.642549 0.621665
-20.3682 37.2657 18.7126 -0.460119 0.6383 0.61714
-21.8017 36.6563 18.2586 -0.469226 0.634102 0.614607
-23.2029 35.9188 17.937 -0.476867 0.631416 0.611482
-24.3333 35.4488 17.5333 -0.484533 0.627018 0.609981
-23.4543 36.6719 16.9668 -0.477542 0.628893 0.613552
-22.5912 37.8441 16.4321 -0.472601 0.632188 0.613993
-21.5759 39.0959 15.9193 -0.467383 0.634755 0.615337
-20.6796 40.2679 15.3735 -0.457764 0.644254 0.61269
-19.7153 41.4903 14.7985 -0.448484 0.64801 0.615584
-18.7875 42.6506 14.2422 -0.436434 0.651169 0.620888
-17.8176 43.8197 13.6878 -0.428262 0.658159 0.619207
-17.6076 44.0718 13.565 -0.427373 0.659865 0.618002
-8.87527 56.2202 -4.10883 -0.428288 0.768624 -0.475097
-8.84213 56.2263 -4.12862 -0.427083 0.772949 -0.469179
-8.69862 56.1351 -4.39809 -0.434222 0.756519 -0.489009
-7.71281 55.8668 -5.54966 -0.403151 0.72165 -0.562753
-6.61234 55.6104 -6.57759 -0.365886 0.702921 -0.609941
-5.35628 55.4321 -7.41789 -0.307199 0.694251 -0.650879
-3.85723 55.3133 -8.15733 -0.246816 0.692889 -0.677486
-2.39479 55.258 -8.69069 -0.203404 0.702079 -0.682428
-0.745468 55.2915 -9.09969 -0.165242 0.723669 -0.670049
0.782467 55.396 -9.29897 -0.11591 0.751072 -0.649966
2.28979 55.6225 -9.13995 0.0229117 0.780663 -0.624532
3.37269 55.6723 -8.98449 0.0947299 0.807115 -0.581992
1.97842 55.2917 -9.54812 -0.0389779 0.782194 -0.621815
0.484316 54.7367 -10.0054 -0.142778 0.752694 -0.642635
-0.85112 54.0925 -10.402 -0.189821 0.739181 -0.646148
-2.07365 53.332 -10.877 -0.225569 0.7345 -0.640023
-3.25092 52.4887 -11.4111 -0.245106 0.730628 -0.637264
-4.3593 51.5421 -12.0453 -0.264805 0.724474 -0.636406
-5.32687 50.5343 -12.7685 -0.287419 0.719455 -0.632268
-6.1392 49.4708 -13.5981 -0.302253 0.715044 -0.630362
-6.88278 48.3923 -14.4561 -0.307486 0.712227 -0.631019
-7.49658 47.2324 -15.4598 -0.315315 0.709523 -0.630201
-7.98605 46.0205 -16.5375 -0.325836 0.693538 -0.642523
-8.67123 45.1843 -17.0883 -0.329449 0.690935 -0.643484
-10.021 45.2294 -16.3453 -0.335162 0.688719 -0.642909
-10.729 45.6148 -15.5542 -0.344623 0.693982 -0.632156
-10.0134 46.7846 -14.6469 -0.338419 0.702081 -0.626542
-9.38272 47.891 -13.7483 -0.333733 0.702363 -0.628735
-8.82956 49.049 -12.746 -0.326959 0.703431 -0.631097
-8.45395 50.1172 -11.7506 -0.317748 0.703833 -0.635338
-8.23935 51.1983 -10.6626 -0.316802 0.701998 -0.637837
-8.1205 52.3198 -9.48759 -0.333528 0.696613 -0.635208
-8.12398 53.3105 -8.3585 -0.347896 0.711314 -0.610725
-8.23509 54.2537 -7.18004 -0.36258 0.717308 -0.59498
-8.46433 55.1711 -5.90675 -0.397311 0.720871 -0.567881
-8.77576 56.0092 -4.52439 -0.428014 0.752154 -0.50087
-8.78525 56.0479 -4.45607 -0.434217 0.756521 -0.489011
-4.23078 59.8223 -2.49791 -0.463072 0.777134 -0.42593
-3.17858 59.6182 -3.67719 -0.355281 0.74775 -0.559661
-1.73299 59.5019 -4.44333 -0.205724 0.745821 -0.633463
-0.195057 59.4182 -4.79316 -0.0374642 0.765044 -0.642886
1.32059 59.4063 -4.61796 0.195966 0.774641 -0.601272
2.7692 59.4128 -3.93034 0.33063 0.789113 -0.517672
3.87514 59.4261 -2.86367 0.503601 0.78832 -0.353465
4.58452 59.374 -1.49331 0.619752 0.756683 -0.20818
4.77486 59.3994 0.0561444 0.647829 0.761742 0.00332298
4.5037 59.4607 1.54719 0.603756 0.772589 0.196431
3.78177 59.5435 2.922 0.529273 0.782922 0.324585
2.68537 59.6141 3.97876 0.381815 0.779137 0.497156
1.28045 59.7202 4.64977 0.260386 0.767555 0.585705
-0.256369 59.8519 4.90606 0.0452016 0.791846 0.606161
-1.76155 59.9178 4.58707 -0.220879 0.758758 0.61278
-3.19917 60.0429 3.73341 -0.334573 0.77706 0.532575
-4.22527 60.1455 2.62322 -0.48718 0.774841 0.402835
-4.84517 60.1824 1.20638 -0.557189 0.821316 0.121869
-4.94527 60.1244 -0.424271 -0.599224 0.794244 -0.100537
-4.5215 59.9328 -1.9251 -0.511187 0.782637 -0.3552
-4.28631 59.8398 -2.40202 -0.466565 0.782235 -0.412825
3.9467 55.763 -8.71995 0.156516 0.817958 -0.553577
3.95473 55.7629 -8.7178 0.156522 0.817956 -0.553578
5.94197 55.8044 -7.5187 0.402419 0.812336 -0.4221
6.01891 55.7915 -7.4702 0.407121 0.813079 -0.416048
6.47609 55.7713 -7.02182 0.451 0.806121 -0.383098
7.46453 55.5753 -5.90679 0.566719 0.773545 -0.283375
8.21598 55.4264 -4.48225 0.631489 0.748871 -0.201033
8.73113 55.3352 -2.9447 0.675103 0.725948 -0.131287
8.99194 55.2806 -1.44615 0.707244 0.704059 -0.0640032
9.04398 55.2682 0.184042 0.703795 0.710187 0.0175352
8.86779 55.3381 1.80176 0.697003 0.713022 0.0760006
8.56482 55.4317 3.27159 0.687074 0.714353 0.132778
8.05245 55.605 4.71621 0.643507 0.742846 0.184605
7.36637 55.768 6.05475 0.563258 0.785127 0.257519
7.1414 55.7514 6.58929 0.559225 0.786432 0.262281
8.2972 55.1905 5.53683 0.6232 0.758431 0.190799
9.32996 54.4995 4.54106 0.665264 0.735944 0.125684
10.3986 53.6335 3.66427 0.682224 0.72524 0.0927212
11.3828 52.7766 2.91564 0.69118 0.719695 0.0656163
12.4822 51.7573 2.31428 0.698201 0.714467 0.0453083
13.5373 50.7531 1.81968 0.69622 0.716937 0.0356954
14.6941 49.6349 1.50005 0.700429 0.71313 0.0290777
15.8013 48.5331 1.35852 0.710884 0.702924 0.0232664
16.8668 47.4517 1.29829 0.716175 0.697441 0.0257891
18.0369 46.2327 1.3707 0.724405 0.688874 0.0262737
18.5283 45.7434 0.445171 0.728149 0.685263 0.0142699
18.5806 45.6969 -1.05752 0.728639 0.684881 -0.00483924
17.706 46.6229 -1.32637 0.727012 0.686596 -0.00622444
16.6513 47.7222 -1.2608 0.714398 0.699727 -0.00416924
15.5779 48.8104 -1.35463 0.708181 0.706029 0.00116627
14.445 49.9303 -1.5982 0.697895 0.716084 -0.0128306
13.3772 50.9593 -1.94849 0.693954 0.719575 -0.025313
12.3396 51.929 -2.45658 0.691333 0.720982 -0.0473743
11.2843 52.8865 -3.121 0.687413 0.722998 -0.0687511
10.2619 53.7597 -3.87247 0.672237 0.731486 -0.113799
9.24772 54.5054 -4.70726 0.64139 0.749773 -0.162427
8.14486 55.139 -5.68286 0.595815 0.767119 -0.237768
7.09499 55.5417 -6.6857 0.5267 0.783085 -0.330157
6.66376 55.6792 -6.99525 0.468944 0.797664 -0.378655
-2.92001 35.3408 -30.2362 -0.376984 0.649096 -0.660725
-2.93121 35.2519 -30.3172 -0.376982 0.649098 -0.660724
40.438 4.40031 50.6665 0.745438 0.627862 0.223856
41.45 3.44308 49.8088 0.772848 0.600789 0.204343
42.3441 2.46596 49.271 0.777788 0.598747 0.191172
41.9822 2.44342 50.7872 0.768993 0.607346 0.199451
41.635 2.39142 52.2486 0.756642 0.619889 0.20792
41.2239 2.33704 53.8421 0.720594 0.655725 0.225319
40.7457 2.3306 55.3678 0.718507 0.65499 0.23394
40.2661 2.29033 56.907 0.699844 0.671352 0.243934
39.7285 2.27494 58.3518 0.661788 0.698866 0.271279
39.2096 2.19428 59.7833 0.630555 0.722322 0.283991
38.5288 2.12085 61.2864 0.591454 0.733685 0.334498
37.3459 2.67577 62.0814 0.570064 0.742971 0.350722
36.0653 3.21287 62.8182 0.518269 0.768554 0.375129
34.7967 3.71292 63.5282 0.511074 0.77618 0.369208
33.533 4.19316 64.2157 0.475162 0.791626 0.384061
32.1475 4.58547 64.9846 0.4409 0.792854 0.420702
30.7963 5.03744 65.5283 0.423042 0.79162 0.440753
31.6273 5.05668 64.6483 0.443651 0.789264 0.424541
32.7703 5.01146 63.5331 0.447181 0.776543 0.44375
33.8112 4.95071 62.4472 0.527188 0.741238 0.415499
34.7402 4.93877 61.2692 0.534956 0.738958 0.409589
35.7161 4.92402 59.9313 0.569661 0.726297 0.38467
36.6112 4.87376 58.6591 0.596156 0.716697 0.361862
37.4269 4.79863 57.2924 0.62534 0.709931 0.323955
38.1168 4.78445 55.9346 0.648105 0.701026 0.297526
38.7663 4.73478 54.5712 0.695491 0.666527 0.268391
39.3145 4.73086 53.1112 0.716232 0.647186 0.261078
39.8969 4.66174 51.6679 0.735351 0.630108 0.249446
40.4348 4.40312 50.6694 0.745437 0.627863 0.223857
30.5403 5.08897 65.6701 0.399556 0.794327 0.457601
30.4813 5.05757 65.7762 0.399551 0.794327 0.457606
14.4444 4.63884 71.111 -0.252245 0.683263 0.685219
12.9801 4.66413 70.5797 -0.236244 0.649113 0.722956
11.5273 4.60429 70.116 -0.280228 0.619513 0.733263
10.1113 4.56846 69.5333 -0.344999 0.598791 0.72279
8.73387 4.51953 68.8869 -0.378975 0.586915 0.715478
7.27265 4.42646 68.1717 -0.398197 0.571451 0.717554
5.91919 4.45881 67.3383 -0.436131 0.557093 0.706699
4.64523 4.45508 66.5309 -0.457621 0.545522 0.702131
3.31809 4.50594 65.6162 -0.466219 0.543365 0.698136
2.08783 4.5998 64.7082 -0.476047 0.537986 0.695665
0.910453 3.55773 64.703 -0.48055 0.537899 0.69263
0.167242 2.59437 64.9352 -0.484015 0.539215 0.689185
1.44716 2.5583 65.8547 -0.4785 0.541853 0.690966
2.77627 2.5783 66.7517 -0.472952 0.542801 0.694033
4.03415 2.56748 67.6078 -0.463163 0.551976 0.693397
5.30993 2.57581 68.443 -0.453037 0.554842 0.697788
6.75926 2.53232 69.3938 -0.431653 0.565033 0.703124
8.06391 2.52053 70.1815 -0.403868 0.583143 0.704865
9.37436 2.46843 70.9678 -0.381401 0.605017 0.698741
10.9071 2.48656 71.7272 -0.322798 0.635547 0.701258
12.1976 3.23143 71.5921 -0.281935 0.648373 0.707195
13.6196 4.13034 71.3097 -0.269202 0.673846 0.688073
14.2322 4.4816 71.1896 -0.252353 0.683036 0.685404
14.3646 4.61731 71.1031 -0.252243 0.683271 0.685211
