-55.404 11.081 45.7967 -0.597241 0.533244 0.599125
-54.0823 11.6154 46.6335 -0.593125 0.533433 0.60303
-52.818 12.0201 47.4964 -0.581815 0.53984 0.608329
-51.5988 12.3091 48.4017 -0.576179 0.541172 0.612493
-50.3553 12.5913 49.3058 -0.567951 0.542767 0.618737
-49.0849 12.9231 50.1776 -0.566591 0.541903 0.620738
-47.8587 13.2061 51.0416 -0.561477 0.542078 0.625216
-46.6488 13.2487 52.0763 -0.553924 0.543323 0.630848
-45.4674 13.2358 53.1174 -0.549793 0.542505 0.635149
-44.2281 13.3124 54.1147 -0.544924 0.543754 0.638271
-42.9969 13.2789 55.1898 -0.539535 0.545054 0.64173
-41.9924 12.9562 56.3032 -0.536457 0.544899 0.644436
-40.9765 12.6141 57.4298 -0.529783 0.547144 0.648045
-40.0419 12.2006 58.5444 -0.531282 0.548517 0.645653
-38.9326 11.8362 59.7632 -0.524337 0.551372 0.648887
-38.5136 11.3065 60.5488 -0.522001 0.552054 0.650193
-39.8515 11.0131 59.7147 -0.529134 0.550564 0.645676
-41.1541 10.8092 58.8135 -0.531566 0.549452 0.644624
-42.4457 10.5652 57.9516 -0.534552 0.548242 0.643184
-43.6767 10.381 57.0854 -0.535748 0.549402 0.641196
-44.9119 10.2564 56.1471 -0.541974 0.549775 0.635619
-46.0761 10.2188 55.1816 -0.546745 0.548345 0.632762
-47.4105 10.1918 54.047 -0.550335 0.547933 0.63
-48.536 10.219 53.0305 -0.559364 0.546007 0.623689
-49.6875 10.2425 51.9679 -0.562259 0.547731 0.619561
-50.7559 10.355 50.8974 -0.568451 0.544105 0.617101
-51.8409 10.4711 49.7891 -0.572874 0.54133 0.615449
-52.988 10.6082 48.5896 -0.580602 0.540988 0.608466
-54.0512 10.7901 47.4016 -0.588629 0.539663 0.601896
-55.1283 10.9383 46.1995 -0.59596 0.535576 0.598321
-55.2563 11.125 45.9049 -0.597043 0.534724 0.598005
-54.9538 14.0458 43.6422 -0.602635 0.525995 0.600133
-56.2972 13.5289 42.7228 -0.615487 0.522982 0.589632
-57.5129 13.0588 41.8607 -0.62073 0.520864 0.585999
-58.7266 12.6591 40.9126 -0.629703 0.520808 0.576397
-59.9827 12.1757 39.9634 -0.637792 0.519868 0.568294
-61.1253 11.6749 39.1257 -0.644526 0.521086 0.559514
-62.367 11.038 38.2811 -0.648985 0.520594 0.554796
-63.0387 9.84286 38.6183 -0.651724 0.520957 0.551235
-62.2104 9.4365 39.9733 -0.641912 0.527774 0.556241
-61.3921 9.1317 41.199 -0.635903 0.52776 0.56311
-60.4479 8.84458 42.5251 -0.632367 0.52791 0.566941
-59.4761 8.50132 43.9177 -0.624525 0.532292 0.571518
-58.5583 8.26942 45.1146 -0.60898 0.537441 0.583352
-57.6244 8.02877 46.301 -0.604336 0.537447 0.588157
-56.6319 7.82641 47.502 -0.59982 0.539427 0.590957
-55.6166 7.68506 48.6485 -0.595 0.540105 0.595199
-54.6434 7.48886 49.7865 -0.586618 0.543332 0.600559
-53.4877 7.37469 51.0057 -0.576296 0.545999 0.608086
-52.3833 7.27788 52.128 -0.568832 0.547396 0.61383
-51.2971 7.18315 53.2119 -0.5654 0.548559 0.615959
-50.126 7.13399 54.3204 -0.557974 0.551095 0.620451
-48.9709 7.13386 55.3541 -0.554938 0.553479 0.621051
-47.7255 7.12696 56.4585 -0.545031 0.556768 0.626858
-46.531 7.18421 57.4321 -0.537993 0.553855 0.635459
-45.333 7.25131 58.3844 -0.537377 0.550816 0.638614
-44.1134 7.39031 59.2864 -0.535176 0.550293 0.640909
-42.7995 7.57153 60.2272 -0.534063 0.551875 0.640477
-41.4252 7.81157 61.1638 -0.532689 0.553726 0.640024
-40.1387 8.06524 62.0079 -0.526844 0.556445 0.642498
-38.8887 8.32453 62.8024 -0.523104 0.557856 0.644328
-37.6064 8.66627 63.5376 -0.516171 0.560451 0.647659
-36.2839 8.95909 64.3304 -0.507907 0.563778 0.651295
-34.9867 9.33027 65.0085 -0.502013 0.564615 0.655128
-33.6016 9.68105 65.7638 -0.498654 0.560265 0.661398
-32.15 10.1394 66.4627 -0.494346 0.558562 0.666055
-31.4573 10.7427 66.4733 -0.494532 0.554513 0.669293
-32.2723 11.3984 65.3179 -0.497932 0.557465 0.664302
-33.0732 12.0326 64.1799 -0.503217 0.557231 0.660504
-33.9215 12.7776 62.9051 -0.503924 0.554128 0.662573
-34.7295 13.4612 61.7147 -0.509834 0.552686 0.659248
-35.533 14.1426 60.5183 -0.517638 0.546704 0.658154
-36.4979 14.6569 59.3254 -0.52071 0.545653 0.656601
-37.4937 15.0617 58.1965 -0.521538 0.546998 0.654821
-38.476 15.4537 57.0852 -0.522944 0.54625 0.654324
-39.5274 15.8272 55.929 -0.528001 0.543677 0.652403
-40.5084 16.2028 54.8149 -0.53571 0.539656 0.649449
-41.669 16.4018 53.6747 -0.544987 0.541648 0.640006
-42.8078 16.4215 52.6862 -0.545816 0.541064 0.639793
-44.0033 16.4171 51.6719 -0.545474 0.539472 0.641427
-45.2156 16.4267 50.6293 -0.55099 0.534141 0.641174
-46.3592 16.4419 49.6249 -0.559082 0.531561 0.63629
-47.5563 16.202 48.7534 -0.569161 0.53083 0.627913
-48.8484 15.8929 47.84 -0.570941 0.531448 0.625771
-50.1189 15.5671 46.9576 -0.571008 0.532221 0.625052
-51.3389 15.262 46.0956 -0.581122 0.526303 0.620727
-52.6343 14.9507 45.1329 -0.587758 0.523585 0.616766
-53.9321 14.469 44.2909 -0.593787 0.526607 0.608359
-54.7454 14.1331 43.775 -0.601744 0.526057 0.600971
-54.7592 14.1272 43.7663 -0.602635 0.525995 0.600133
