66.174 14.6423 6.79648 0.865303 0.497371 0.0622321
66.2591 14.687 5.19546 0.867196 0.494339 0.0600016
66.4096 14.6285 3.50429 0.868025 0.492825 0.060472
66.6259 14.4273 1.95333 0.868826 0.492413 0.0516711
66.9502 14.0154 0.390865 0.869468 0.49138 0.0507127
67.2518 13.6316 -1.08646 0.871642 0.487534 0.0504982
67.5805 13.1935 -2.58236 0.873203 0.484869 0.0491855
67.9498 12.6539 -3.93134 0.874614 0.483044 0.0414733
68.3674 12.0033 -5.22461 0.875154 0.48218 0.0401008
68.7792 11.3626 -6.54913 0.875231 0.482351 0.0361651
69.2152 10.6718 -8.01922 0.875784 0.481578 0.0329365
69.5222 10.0755 -7.46313 0.875699 0.481734 0.0329184
69.6928 9.6662 -6.02729 0.875659 0.481649 0.0351415
69.846 9.26677 -4.51846 0.87478 0.482697 0.0419945
69.9094 9.01433 -2.9249 0.874522 0.483226 0.0412863
69.8994 8.90337 -1.42213 0.873753 0.484529 0.0422793
69.8138 8.91532 0.158326 0.873326 0.485086 0.0446465
69.7457 8.88493 1.73863 0.871318 0.488402 0.0476285
69.6723 8.8655 3.26376 0.870897 0.488975 0.0494187
69.5782 8.87497 4.79342 0.871431 0.48776 0.0519551
69.4845 8.86726 6.37039 0.872771 0.484518 0.0592272
69.3728 8.86974 7.8861 0.870302 0.488096 0.0658572
69.2345 8.90203 9.44752 0.870022 0.488083 0.0695441
69.0474 8.99625 11.0676 0.869824 0.487832 0.0736572
68.7717 9.25589 12.5669 0.868252 0.490143 0.0767943
68.4498 9.60027 13.9973 0.867422 0.491444 0.0778513
68.1 9.97471 15.4736 0.867754 0.490009 0.0830339
67.7148 10.4015 16.9632 0.86804 0.489129 0.0852007
67.275 11.1515 17.1358 0.86786 0.489416 0.085382
67.0388 11.8197 15.6679 0.867305 0.491223 0.080499
66.8252 12.4286 14.2006 0.866316 0.4934 0.0777987
66.5854 13.0944 12.6461 0.86619 0.493655 0.0775919
66.4055 13.6411 11.1545 0.864363 0.497105 0.0759119
66.3084 14.029 9.69065 0.862628 0.500792 0.0712604
66.2185 14.3987 8.08963 0.864309 0.498681 0.0654771
66.1751 14.6207 6.95164 0.865428 0.497085 0.0627784
62.8539 20.1714 8.66701 0.864461 0.497978 0.0687335
62.7874 20.4994 7.08492 0.863613 0.50001 0.0645175
62.9008 20.5121 5.45159 0.862792 0.501555 0.0635027
63.0443 20.4676 3.8495 0.862972 0.501322 0.0629005
63.1755 20.4289 2.34517 0.863565 0.500356 0.0624392
63.3446 20.3289 0.792246 0.867484 0.493801 0.0602668
63.6634 19.9284 -0.635136 0.869089 0.491778 0.0532821
64.018 19.463 -2.16399 0.868459 0.493344 0.0488783
64.2885 19.1312 -3.64453 0.869128 0.492247 0.0480623
64.5884 18.7457 -5.10413 0.869262 0.491949 0.0486772
65.0224 18.1211 -6.6016 0.870493 0.49026 0.043449
65.482 17.4219 -8.02558 0.873145 0.485683 0.041586
65.9036 16.7774 -9.38482 0.873961 0.484387 0.0395139
66.3249 16.1198 -10.696 0.874839 0.482915 0.0380848
66.7315 15.4753 -11.998 0.878059 0.477332 0.0341131
67.1585 14.7895 -13.4137 0.879764 0.474191 0.0340345
67.6119 14.0293 -14.6661 0.88188 0.470497 0.0303331
68.1012 13.1892 -15.8972 0.88175 0.470795 0.0294664
68.5963 12.3391 -17.1675 0.883058 0.468463 0.0273686
69.0821 11.4734 -18.5349 0.887757 0.459818 0.0213231
69.5199 10.6824 -19.8455 0.889157 0.457295 0.0167499
69.9377 9.9131 -21.1241 0.889399 0.456859 0.0157893
70.3893 8.99888 -19.9618 0.888983 0.457716 0.0143333
70.7768 8.21457 -18.5936 0.8872 0.46127 0.0102957
71.119 7.53072 -17.2594 0.885633 0.46433 0.00716825
71.4808 6.81944 -15.9559 0.885477 0.464618 0.00784701
71.7773 6.22675 -14.5975 0.884224 0.466934 0.0109431
72.0677 5.6445 -13.125 0.883061 0.469109 0.0118533
72.3222 5.12515 -11.6751 0.882341 0.470381 0.0147008
72.5287 4.68958 -10.2104 0.881521 0.471801 0.0179599
72.7334 4.24367 -8.65652 0.879989 0.474528 0.0210368
72.9414 3.78211 -7.12378 0.879367 0.475425 0.0261555
73.0822 3.42472 -5.51321 0.879001 0.475865 0.0301678
73.1796 3.14167 -3.976 0.878203 0.477085 0.0339127
73.2068 2.97949 -2.46235 0.877729 0.477702 0.0373208
73.1218 3.01152 -0.911624 0.876937 0.479042 0.0387302
73.0291 3.05028 0.651313 0.875906 0.48074 0.0409585
72.9722 3.02504 2.1704 0.874317 0.483549 0.0418332
72.8915 3.01652 3.86588 0.872677 0.486269 0.0444602
72.8105 3.00228 5.46434 0.871306 0.488039 0.0514202
72.7145 2.99247 7.00521 0.870509 0.48836 0.060988
72.5735 3.01624 8.78522 0.870506 0.488077 0.0632567
72.4505 3.03733 10.2889 0.871123 0.486417 0.0673896
72.2853 3.10753 11.8508 0.870253 0.487399 0.0714267
72.0504 3.29555 13.3947 0.869572 0.488047 0.0751985
71.7394 3.62049 14.836 0.869835 0.486784 0.080176
71.3821 4.00517 16.3113 0.869054 0.487081 0.0865927
71.0222 4.363 17.8827 0.869024 0.486407 0.0905867
70.5948 4.83381 19.4219 0.86835 0.486991 0.0938556
70.1632 5.3022 20.9483 0.867745 0.487134 0.0985866
69.7204 5.80956 22.3258 0.867914 0.486653 0.0994708
69.2279 6.39519 23.7191 0.866559 0.488049 0.104323
68.7382 6.97238 25.0567 0.865646 0.488914 0.1078
68.1726 7.67301 26.4046 0.864997 0.489538 0.110151
67.6423 8.30258 27.7287 0.864039 0.489847 0.116128
67.0675 9.00572 29.0191 0.863317 0.489325 0.123473
66.4463 9.74731 30.3625 0.862142 0.489176 0.131978
65.9502 10.5577 30.5948 0.861466 0.489741 0.134276
65.7082 11.3526 29.1958 0.864215 0.487751 0.123417
65.5034 12.0453 27.8809 0.865307 0.486422 0.120981
65.3139 12.7093 26.5199 0.867008 0.485451 0.112407
65.0461 13.51 25.1196 0.86716 0.485521 0.110915
64.7504 14.3395 23.732 0.867049 0.487534 0.102644
64.4819 15.0905 22.4103 0.867368 0.487551 0.0998326
64.2423 15.795 21.0109 0.865051 0.493239 0.0916551
64.0128 16.4398 19.6505 0.864945 0.494292 0.0868651
63.7912 17.0837 18.1942 0.864812 0.494655 0.0861171
63.5766 17.7256 16.6156 0.864511 0.495822 0.0823463
63.33 18.3845 15.2203 0.865486 0.494509 0.0799651
63.1178 18.9818 13.7915 0.865182 0.49577 0.075317
63.0344 19.34 12.3358 0.865076 0.496465 0.0718742
62.9686 19.6674 10.8577 0.864858 0.497093 0.0701332
62.8929 20.0123 9.32664 0.864445 0.497962 0.069057
62.8687 20.1158 8.88221 0.864443 0.497985 0.0689233
62.866 20.1261 8.84291 0.864466 0.497943 0.068931
