-51.1446 10.0566 -49.958 -0.550587 0.466693 -0.692134
-49.8514 10.5682 -50.6347 -0.544965 0.468867 -0.69511
-48.569 11.0534 -51.3091 -0.541777 0.468844 -0.697612
-47.1903 11.6259 -51.9867 -0.535224 0.471025 -0.701192
-45.9139 11.9748 -52.7186 -0.530172 0.474021 -0.703009
-44.6467 12.1799 -53.5346 -0.527606 0.47576 -0.703765
-43.3873 12.3505 -54.3563 -0.523411 0.47533 -0.707179
-41.9404 12.625 -55.2382 -0.519628 0.476048 -0.709482
-40.6065 12.7606 -56.1126 -0.510543 0.480214 -0.71326
-39.3809 12.7043 -57.027 -0.509112 0.482097 -0.713013
-38.0864 12.6071 -58.0131 -0.505724 0.482351 -0.715248
-36.8099 12.4793 -58.992 -0.500271 0.48369 -0.718173
-35.596 12.1976 -60.0272 -0.499529 0.4844 -0.718211
-34.5258 11.8233 -61.0204 -0.496601 0.485112 -0.719759
-33.4818 11.3698 -62.0431 -0.493072 0.48343 -0.723307
-32.3012 10.8827 -63.1662 -0.488573 0.485036 -0.725284
-31.7699 10.3441 -63.8838 -0.487718 0.485778 -0.725362
-33.1655 9.93809 -63.2161 -0.489382 0.484984 -0.724772
-34.495 9.60887 -62.5329 -0.49482 0.483698 -0.721933
-35.884 9.33952 -61.7531 -0.499818 0.482134 -0.719534
-37.3135 9.06866 -60.9399 -0.50111 0.481678 -0.71894
-38.6726 8.84537 -60.1354 -0.506302 0.480419 -0.716139
-39.9495 8.70652 -59.3186 -0.514151 0.477075 -0.712775
-41.3026 8.56939 -58.4291 -0.518304 0.476255 -0.710311
-42.559 8.55665 -57.5174 -0.520622 0.476314 -0.708574
-43.7929 8.60242 -56.5772 -0.523485 0.473987 -0.708025
-45.0418 8.6897 -55.5883 -0.528486 0.472801 -0.705097
-46.2165 8.83642 -54.6015 -0.533551 0.47068 -0.702697
-47.4323 9.04942 -53.5322 -0.537298 0.469339 -0.700736
-48.606 9.30219 -52.4583 -0.541388 0.469215 -0.697665
-49.7296 9.62619 -51.3655 -0.543507 0.468302 -0.69663
-50.8196 9.97477 -50.271 -0.549152 0.467628 -0.692644
-51.1344 10.0521 -49.9692 -0.550059 0.467634 -0.691919
-53.7075 6.09055 -50.5804 -0.556772 0.464485 -0.688664
-52.6885 5.70082 -51.6652 -0.553737 0.465739 -0.690263
-51.5696 5.38315 -52.7723 -0.549662 0.467046 -0.692632
-50.4789 5.08598 -53.8349 -0.546492 0.469203 -0.693683
-49.3755 4.85489 -54.8546 -0.540837 0.471486 -0.696561
-48.2478 4.69743 -55.8341 -0.537963 0.472324 -0.698216
-46.9594 4.54885 -56.9244 -0.535652 0.474852 -0.698278
-45.745 4.43325 -57.9239 -0.52865 0.475056 -0.703456
-44.4808 4.38298 -58.9012 -0.524306 0.475165 -0.706626
-43.257 4.39128 -59.8015 -0.521572 0.476099 -0.70802
-41.945 4.4478 -60.7261 -0.518258 0.476306 -0.710311
-40.6098 4.55473 -61.6236 -0.514712 0.47718 -0.7123
-39.3287 4.71673 -62.4354 -0.510043 0.479195 -0.714302
-37.994 4.94021 -63.2319 -0.505014 0.481474 -0.716341
-36.5526 5.21557 -64.0549 -0.500155 0.481147 -0.71996
-35.2288 5.45346 -64.8106 -0.497187 0.482367 -0.721198
-33.8035 5.78417 -65.5654 -0.491132 0.484442 -0.723951
-32.4261 6.19981 -66.2185 -0.488695 0.486277 -0.72437
-30.941 6.64735 -66.9127 -0.483436 0.487341 -0.727178
-29.5017 7.11792 -67.5504 -0.478615 0.487433 -0.730299
-28.178 7.59287 -68.0976 -0.476222 0.487707 -0.731679
-26.8571 8.10884 -68.6134 -0.474402 0.485765 -0.734148
-25.5205 8.65872 -69.1119 -0.473013 0.485041 -0.735523
-24.184 9.22763 -69.5912 -0.466718 0.484056 -0.740179
-22.8537 9.84308 -70.0269 -0.465387 0.480688 -0.743206
-22.9364 10.6001 -69.4872 -0.467079 0.477663 -0.744094
-23.9192 11.2781 -68.4246 -0.47313 0.481373 -0.737853
-24.9209 11.8739 -67.3896 -0.475964 0.481314 -0.736067
-25.8551 12.5203 -66.3612 -0.477069 0.481188 -0.735434
-26.7989 13.1459 -65.3374 -0.480704 0.479649 -0.734071
-27.7602 13.8076 -64.2744 -0.48303 0.477543 -0.733917
-28.7599 14.4392 -63.1954 -0.490177 0.480286 -0.727358
-29.7963 14.8953 -62.1928 -0.490669 0.481011 -0.726548
-30.8994 15.2678 -61.2023 -0.490311 0.479983 -0.727469
-32.0276 15.7441 -60.1172 -0.497259 0.480208 -0.722588
-33.1 16.1834 -59.0858 -0.49784 0.480763 -0.721819
-34.1995 16.531 -58.0927 -0.499695 0.480693 -0.720582
-35.3975 16.6917 -57.1508 -0.501846 0.48154 -0.718519
-36.6245 16.7761 -56.236 -0.503046 0.481684 -0.717583
-37.8205 16.8754 -55.3281 -0.506006 0.479502 -0.716962
-39.0208 16.9963 -54.4008 -0.50651 0.478212 -0.717468
-40.2725 16.9367 -53.5482 -0.51628 0.473783 -0.713431
-41.537 16.7452 -52.7575 -0.520476 0.471382 -0.711972
-42.8227 16.5129 -51.9698 -0.52324 0.472405 -0.709263
-44.1614 16.2775 -51.1376 -0.524457 0.472074 -0.708583
-45.6193 16.0161 -50.229 -0.529062 0.469745 -0.706705
-46.9342 15.6752 -49.4616 -0.535439 0.467274 -0.703534
-48.3035 15.1199 -48.782 -0.539264 0.466398 -0.70119
-49.5834 14.6418 -48.1165 -0.53992 0.46616 -0.700843
-50.8467 14.1919 -47.4292 -0.550976 0.459359 -0.696716
-52.1386 13.7525 -46.6944 -0.552867 0.458121 -0.696033
-53.4809 13.2367 -45.9649 -0.555324 0.458447 -0.693858
-54.7492 12.5794 -45.3739 -0.562817 0.456367 -0.689177
-56.0918 11.8796 -44.7367 -0.56509 0.455022 -0.688207
-57.4442 11.232 -44.0479 -0.571137 0.451563 -0.685486
-58.7372 10.6302 -43.3586 -0.576998 0.450356 -0.681361
-59.9864 9.92673 -42.7595 -0.581586 0.449515 -0.678008
-59.3318 9.1948 -43.8095 -0.580651 0.453053 -0.676452
-58.466 8.57168 -44.9642 -0.575831 0.455726 -0.678772
-57.5907 8.0237 -46.0727 -0.571927 0.459229 -0.679712
-56.6755 7.49971 -47.1931 -0.569255 0.460016 -0.68142
-55.7737 6.98488 -48.2881 -0.564461 0.461371 -0.684485
-54.794 6.54743 -49.3882 -0.561799 0.462636 -0.68582
-53.8939 6.16108 -50.3819 -0.558087 0.464233 -0.68777
-53.8026 6.12931 -50.4775 -0.557368 0.464131 -0.68842
