-51.013 9.99725 -51.2322 -0.548446 0.467394 -0.693361
-49.7821 10.5577 -51.8214 -0.541389 0.469864 -0.697227
-48.4706 10.9969 -52.5403 -0.537929 0.469803 -0.69994
-47.1737 11.35 -53.2923 -0.533489 0.471938 -0.7019
-45.8772 11.5904 -54.1131 -0.531384 0.473223 -0.702632
-44.5432 11.8094 -54.9673 -0.526097 0.47443 -0.705789
-43.2232 12.011 -55.8113 -0.522838 0.474267 -0.708316
-41.9474 12.1507 -56.6574 -0.520144 0.476094 -0.709072
-40.7313 12.1013 -57.5749 -0.512316 0.479529 -0.71245
-39.5026 12.0018 -58.5205 -0.508404 0.480028 -0.714912
-38.2471 11.9309 -59.4556 -0.504324 0.48108 -0.717091
-36.9789 11.7945 -60.4336 -0.501421 0.481589 -0.718783
-35.8422 11.4845 -61.4327 -0.499271 0.481478 -0.720353
-34.7109 11.0539 -62.5022 -0.49753 0.482414 -0.720931
-33.6337 10.6762 -63.4909 -0.492424 0.483411 -0.723762
-33.6579 10.1278 -63.8407 -0.492574 0.482686 -0.724145
-35.068 9.80518 -63.0917 -0.497406 0.482122 -0.721211
-36.37 9.51723 -62.3818 -0.500308 0.481296 -0.719754
-37.6874 9.26172 -61.635 -0.502118 0.480917 -0.718746
-39.0115 9.11574 -60.8031 -0.506695 0.480575 -0.715756
-40.3434 8.94196 -59.9708 -0.512337 0.478191 -0.713333
-41.6045 8.87376 -59.1032 -0.517762 0.476282 -0.710688
-42.8437 8.87583 -58.195 -0.520892 0.476093 -0.708525
-44.1451 8.86606 -57.2413 -0.523586 0.474844 -0.707376
-45.3957 8.98968 -56.2263 -0.529115 0.472906 -0.704554
-46.5917 9.04909 -55.2836 -0.532916 0.472314 -0.702083
-47.8541 9.23202 -54.1995 -0.53535 0.471688 -0.70065
-49.0754 9.48516 -53.0931 -0.538575 0.471902 -0.698029
-50.1929 9.76217 -52.0373 -0.545215 0.469542 -0.694457
-50.8679 10.0063 -51.341 -0.54854 0.46803 -0.692858
-52.4936 6.75684 -52.2411 -0.551159 0.466425 -0.691861
-53.5149 7.11124 -51.1852 -0.555021 0.465695 -0.68926
-54.6169 7.59707 -49.9661 -0.55813 0.464263 -0.687714
-55.6111 8.04254 -48.8534 -0.561483 0.462572 -0.686122
-56.557 8.50249 -47.7666 -0.565233 0.461544 -0.683731
-57.4908 9.04092 -46.6272 -0.570145 0.458546 -0.681667
-58.3984 9.62198 -45.4742 -0.572953 0.455793 -0.681157
-58.0313 10.2919 -45.3364 -0.571773 0.453675 -0.68356
-56.778 10.8992 -45.9776 -0.568738 0.455031 -0.685189
-55.5401 11.5459 -46.571 -0.565935 0.454744 -0.687696
-54.232 12.0878 -47.2748 -0.556839 0.456838 -0.693706
-52.9749 12.5301 -47.9845 -0.551956 0.460206 -0.695381
-51.6896 12.9558 -48.7203 -0.548528 0.459643 -0.698459
-50.3177 13.4416 -49.472 -0.544994 0.4639 -0.698412
-49.0048 13.9269 -50.1688 -0.540325 0.465085 -0.701246
-47.6785 14.3894 -50.8801 -0.534735 0.466541 -0.704556
-46.364 14.6345 -51.7121 -0.532597 0.467241 -0.705709
-45.0872 14.8556 -52.5243 -0.527735 0.469353 -0.707958
-43.7946 15.0474 -53.3551 -0.524239 0.472537 -0.708436
-42.48 15.2831 -54.1716 -0.524933 0.473311 -0.707405
-41.067 15.4587 -55.0955 -0.518091 0.472322 -0.713087
-39.743 15.4128 -56.078 -0.511569 0.472388 -0.717738
-38.3521 15.2935 -57.1417 -0.505182 0.477088 -0.719151
-37.0405 15.1896 -58.1311 -0.504737 0.477025 -0.719505
-35.7203 15.0556 -59.1438 -0.504057 0.47591 -0.72072
-34.5038 14.7926 -60.1654 -0.499029 0.476931 -0.723537
-33.3314 14.3568 -61.254 -0.494298 0.477588 -0.726347
-32.1728 13.9383 -62.3168 -0.49129 0.481366 -0.725893
-31.0246 13.4922 -63.3898 -0.491455 0.481509 -0.725687
-29.9442 13.0386 -64.4225 -0.492533 0.479351 -0.726384
-28.9072 12.5901 -65.4139 -0.488496 0.476317 -0.731091
-27.9208 11.9375 -66.488 -0.480875 0.476442 -0.736044
-26.8726 11.2851 -67.5919 -0.476114 0.480276 -0.736648
-25.8924 10.6842 -68.6122 -0.473106 0.479948 -0.738796
-25.2043 9.96663 -69.5204 -0.471736 0.482001 -0.738336
-26.5177 9.38308 -69.0624 -0.47301 0.484396 -0.735949
-27.8772 8.8851 -68.5126 -0.475492 0.486756 -0.732786
-29.2181 8.39221 -67.9693 -0.476099 0.48657 -0.732516
-30.5638 7.94408 -67.3814 -0.483585 0.487064 -0.727264
-32.045 7.50357 -66.6884 -0.488017 0.487536 -0.723979
-33.4462 7.0855 -66.0188 -0.492064 0.486383 -0.722014
-34.7758 6.75078 -65.3348 -0.494398 0.485425 -0.721064
-36.1224 6.45017 -64.6106 -0.497416 0.484828 -0.719388
-37.4925 6.16872 -63.8478 -0.500848 0.483761 -0.717723
-38.782 5.9993 -63.0558 -0.506763 0.480436 -0.715801
-40.1754 5.80679 -62.1937 -0.511825 0.477958 -0.713856
-41.4948 5.67515 -61.3295 -0.516127 0.477184 -0.711272
-42.7769 5.58858 -60.4526 -0.519321 0.477047 -0.709036
-44.0847 5.57676 -59.4973 -0.523129 0.476405 -0.706665
-45.3503 5.59306 -58.5458 -0.52623 0.475087 -0.705248
-46.5452 5.64845 -57.6113 -0.530453 0.47642 -0.701172
-47.7661 5.78053 -56.5915 -0.534875 0.473301 -0.699925
-49.0851 5.96506 -55.4543 -0.54012 0.470002 -0.698118
-50.218 6.16892 -54.4353 -0.544573 0.468591 -0.695602
-51.4523 6.43343 -53.2855 -0.547766 0.467379 -0.693908
-52.2711 6.70452 -52.4536 -0.55081 0.466586 -0.69203
-52.3303 6.71772 -52.3976 -0.551156 0.46643 -0.69186
