70.8435 11.7926 8.30948 0.872312 0.484391 0.066611
70.9058 11.4636 9.88404 0.871561 0.485633 0.0673913
70.9641 11.1311 11.4545 0.870575 0.486625 0.0727717
70.9945 10.8542 12.9332 0.869791 0.487819 0.0741347
71.0631 10.4923 14.4518 0.869596 0.487339 0.0793944
71.2943 10.1532 13.9959 0.870093 0.486721 0.0777245
71.5805 9.87073 12.5178 0.87046 0.486761 0.073228
71.8578 9.60614 10.9435 0.871013 0.48614 0.0707331
72.073 9.43885 9.42288 0.870386 0.487621 0.0682179
72.2773 9.27635 7.92369 0.870674 0.487482 0.0654858
72.4246 9.21792 6.31789 0.870997 0.487722 0.0590899
72.5577 9.16459 4.74407 0.872185 0.486086 0.0548901
72.6686 9.1434 3.13004 0.872765 0.485411 0.051548
72.7267 9.20086 1.51705 0.87327 0.484923 0.0474127
72.7154 9.36835 -0.0457506 0.874728 0.482591 0.0442342
72.703 9.53125 -1.58282 0.875356 0.481533 0.0433265
72.644 9.77117 -3.06762 0.876743 0.479126 0.0419423
72.5286 10.1175 -4.59928 0.876891 0.478825 0.0422903
72.2394 10.5886 -3.92799 0.877608 0.477555 0.0417822
71.9749 10.9426 -2.4641 0.87684 0.478717 0.044517
71.6994 11.3089 -0.980767 0.876626 0.47909 0.044717
71.4234 11.6545 0.598066 0.875019 0.481344 0.0514731
71.2562 11.7885 2.17496 0.875718 0.480028 0.0518699
71.1605 11.7859 3.76203 0.873664 0.48318 0.0570027
71.0418 11.8097 5.3606 0.87291 0.484489 0.0574274
70.9145 11.8533 6.90045 0.873178 0.483569 0.0609954
70.8453 11.8079 8.17489 0.87232 0.484404 0.0664091
69.3798 14.3794 8.79062 0.874704 0.480079 0.0664672
69.4358 14.0343 10.4423 0.873108 0.481999 0.0732058
69.478 13.7252 11.9709 0.872912 0.482329 0.073372
69.5224 13.4 13.5832 0.87294 0.482292 0.0732737
69.5617 13.0925 15.1173 0.874227 0.47954 0.0759498
69.6886 12.6052 16.678 0.873758 0.479455 0.081666
69.8259 12.1001 18.0871 0.873851 0.47727 0.0927173
69.9488 11.6013 19.4999 0.872005 0.48074 0.0921683
70.0966 11.0631 20.9037 0.871119 0.481445 0.0967588
70.252 10.4965 22.2939 0.870386 0.482075 0.100153
70.6224 9.76932 22.5871 0.86904 0.484571 0.0998027
71.0841 9.23026 21.1633 0.868541 0.485851 0.0979049
71.4782 8.80109 19.7639 0.867878 0.487912 0.0934271
71.8747 8.3678 18.3268 0.868027 0.487962 0.0917722
72.2421 7.99408 16.7788 0.867951 0.489374 0.0847023
72.5727 7.65256 15.3559 0.868147 0.489323 0.0829708
72.8703 7.37306 13.8469 0.868371 0.489841 0.0773825
73.1359 7.1258 12.3622 0.86857 0.490312 0.0719753
73.3777 6.90938 10.8901 0.868433 0.49099 0.0689399
73.5923 6.73524 9.41372 0.868801 0.490649 0.0666956
73.7629 6.63241 7.89381 0.86993 0.489111 0.0631861
73.9097 6.56114 6.38763 0.871038 0.487605 0.0594463
74.0494 6.49121 4.81073 0.872161 0.486427 0.0521758
74.1393 6.49585 3.15396 0.87323 0.485017 0.0471937
74.1978 6.5521 1.41219 0.874016 0.483956 0.0433981
74.2061 6.68814 -0.325274 0.876096 0.480359 0.0413766
74.1749 6.88291 -1.91573 0.876342 0.479909 0.0413763
74.1084 7.13922 -3.50419 0.876261 0.480139 0.0404081
73.9951 7.47792 -5.11663 0.875825 0.481171 0.0374916
73.8648 7.83021 -6.65968 0.875953 0.481157 0.0345587
73.7276 8.17441 -8.11966 0.876442 0.480721 0.0274995
73.5563 8.5701 -9.60812 0.878875 0.476481 0.0232831
73.3258 9.07002 -11.1582 0.880246 0.474003 0.02207
73.0873 9.58065 -12.6533 0.882661 0.469575 0.020161
72.7353 10.2682 -13.1515 0.884273 0.466536 0.0200376
72.4018 10.8296 -11.7914 0.882465 0.469722 0.0248107
72.0784 11.3635 -10.4213 0.882998 0.468591 0.0271264
71.7278 11.9349 -8.94799 0.883113 0.468107 0.0314343
71.3842 12.4685 -7.50512 0.881866 0.469925 0.038508
71.1101 12.8498 -6.0037 0.878944 0.475007 0.0427093
70.825 13.2425 -4.52333 0.878143 0.476443 0.0431999
70.5675 13.5813 -3.04784 0.878027 0.476552 0.0443443
70.2957 13.9368 -1.49757 0.877873 0.4768 0.0447314
70.034 14.277 -0.0397403 0.877683 0.476683 0.0494501
69.872 14.4025 1.50549 0.87611 0.478695 0.0572805
69.7397 14.4489 3.10045 0.874918 0.48064 0.059194
69.6243 14.4667 4.66176 0.874939 0.480598 0.0592118
69.4911 14.5078 6.29074 0.874877 0.480626 0.0599073
69.3847 14.5037 7.8247 0.875382 0.479124 0.0643841
69.3741 14.4153 8.60556 0.874847 0.479749 0.0669572
69.3744 14.4124 8.62232 0.874704 0.480078 0.0664673
