94.5457 9.01849 -108.669 0.678878 0.709243 -0.189996
95.9674 8.84086 -103.854 0.728931 0.669393 -0.143429
97.1751 8.61369 -99.0123 0.739432 0.657253 -0.145806
98.1341 8.6284 -94.0606 0.746675 0.64977 -0.142394
99.1297 8.57364 -89.1173 0.754036 0.639912 -0.148125
100.138 8.54998 -84.0044 0.761373 0.631232 -0.14784
102.424 6.67976 -80.0433 0.769246 0.622741 -0.143017
102.985 5.58075 -81.8277 0.769197 0.623286 -0.140886
102.077 5.57067 -86.7583 0.76524 0.62827 -0.140303
101.259 5.51189 -91.6897 0.757675 0.639338 -0.131057
100.404 5.43524 -96.715 0.750244 0.646797 -0.137043
99.5621 5.36469 -101.729 0.742437 0.655621 -0.137653
97.7829 6.47698 -105.968 0.723133 0.67883 -0.127552
94.6065 8.94993 -108.707 0.679091 0.708856 -0.190679
95.9944 6.58411 -112.552 0.692304 0.703568 -0.160314
92.6195 9.20131 -115.321 0.630179 0.757206 -0.171012
88.8975 11.0227 -118.216 0.564592 0.771309 -0.293799
86.2308 12.4552 -119.588 0.569524 0.770707 -0.285745
88.5621 12.4422 -115.067 0.575125 0.775043 -0.261801
90.5141 12.3183 -110.444 0.668597 0.714442 -0.206278
92.0133 12.2732 -105.668 0.686912 0.690894 -0.225426
93.6056 12.1835 -100.817 0.730116 0.663152 -0.164804
94.6768 12.1558 -95.8833 0.74118 0.653452 -0.153794
95.6766 12.1714 -90.9096 0.746797 0.647546 -0.151579
96.7646 12.1278 -85.9397 0.753473 0.638013 -0.158792
97.7864 12.1195 -80.9943 0.760313 0.629372 -0.160673
100.334 9.91502 -77.3083 0.769018 0.621692 -0.148697
103.065 7.41024 -73.6099 0.772785 0.61731 -0.147415
105.62 5.0349 -69.8729 0.780789 0.609519 -0.13731
108.11 2.69882 -65.9863 0.782941 0.608424 -0.129705
108.433 1.9155 -67.7064 0.779948 0.611778 -0.131943
107.552 1.94542 -72.6871 0.778267 0.613135 -0.135516
106.67 1.92599 -77.7107 0.775713 0.615407 -0.139797
105.8 1.90905 -82.6503 0.771251 0.621724 -0.136498
104.934 1.91231 -87.5812 0.771022 0.622702 -0.133291
104.109 1.89377 -92.6448 0.764724 0.632147 -0.12485
103.353 1.85879 -97.6083 0.759097 0.639656 -0.120835
102.495 1.83761 -102.684 0.74183 0.658834 -0.125001
101.517 2.04655 -107.656 0.741686 0.660423 -0.117234
98.3995 4.79106 -110.559 0.681382 0.706625 -0.190786
96.1521 6.46017 -112.418 0.690361 0.70537 -0.160794
96.0822 6.51504 -112.478 0.690358 0.70537 -0.160805
