-79.3906 40.8664 55.7428 -0.528272 0.576962 0.622932
-76.7276 44.9981 54.0986 -0.514311 0.583974 0.62806
-74.0109 49.0046 52.5678 -0.50902 0.587427 0.629148
-71.262 52.9369 51.0998 -0.496442 0.596746 0.630428
-68.5572 56.9612 49.3704 -0.488441 0.605833 0.628005
-65.734 60.8872 47.7635 -0.483722 0.611218 0.626438
-62.8489 64.7284 46.159 -0.47627 0.627991 0.615462
-59.9842 68.5364 44.4748 -0.469226 0.630838 0.617956
-57.0402 72.353 42.7705 -0.467185 0.640535 0.609469
-54.1199 76.0923 41.0575 -0.468861 0.641677 0.606976
-51.1342 79.792 39.4031 -0.464563 0.651635 0.599628
-48.1736 83.4945 37.663 -0.461659 0.654707 0.598523
-45.1542 87.113 35.9414 -0.441639 0.672194 0.594231
-42.0093 90.8035 34.079 -0.431624 0.680071 0.592624
-38.8398 94.3679 32.2281 -0.427038 0.683897 0.591543
-35.6181 97.8072 30.4923 -0.401436 0.694822 0.596717
-32.4117 101.188 28.6476 -0.380338 0.707724 0.595357
-29.4821 104.557 26.3876 -0.362443 0.732414 0.576372
-27.1406 107.911 23.5161 -0.349366 0.739853 0.574944
-25.5091 111.293 20.1352 -0.351708 0.740376 0.572839
-24.6797 114.568 16.4233 -0.350705 0.739908 0.574057
-24.7337 117.624 12.4106 -0.340788 0.746018 0.572117
-25.3636 120.406 8.25331 -0.307756 0.80423 0.50843
-26.0528 122.475 3.6943 -0.28073 0.903136 0.324571
-26.1099 123.027 -1.40734 -0.306689 0.932024 -0.193063
-25.6691 121.479 -6.1966 -0.298484 0.849534 -0.43497
-24.9008 119.007 -10.5663 -0.312665 0.75612 -0.57491
-24.5623 115.955 -14.6066 -0.343839 0.735186 -0.584189
-25.0134 112.705 -18.4226 -0.350311 0.73577 -0.579589
-26.297 109.258 -22.0433 -0.348033 0.739017 -0.576825
-28.4181 105.79 -25.1818 -0.351452 0.732013 -0.583642
-31.1546 102.388 -27.704 -0.382919 0.715159 -0.584735
-34.3439 98.8985 -29.6978 -0.416663 0.684517 -0.598187
-37.4079 95.2382 -31.5323 -0.437407 0.66395 -0.606502
-40.3183 91.5526 -33.2803 -0.471467 0.641708 -0.604922
-43.2914 87.8158 -34.889 -0.482482 0.640113 -0.597885
-46.157 84.0018 -36.6756 -0.509269 0.626809 -0.589692
-48.9522 80.0881 -38.2559 -0.527214 0.606961 -0.59468
-51.6681 76.0961 -39.8566 -0.53459 0.597267 -0.597901
-54.4128 72.1085 -41.3885 -0.541755 0.59429 -0.594407
-57.0751 68.0919 -42.971 -0.545609 0.593163 -0.592
-59.8067 63.9322 -44.5209 -0.566059 0.583807 -0.582019
-62.4125 59.8153 -46.0505 -0.575809 0.572782 -0.583406
-64.9522 55.7049 -47.4953 -0.588939 0.559827 -0.582876
-63.5207 54.3413 -50.2686 -0.586137 0.565216 -0.580495
-59.7936 54.6019 -53.669 -0.575737 0.565258 -0.590772
-56.0321 54.8279 -57.0605 -0.559658 0.586787 -0.585204
-52.5552 54.3537 -60.81 -0.550226 0.587607 -0.59327
-49.1263 53.8219 -64.4334 -0.528485 0.588443 -0.611913
-45.8543 52.8992 -68.1271 -0.510545 0.605607 -0.610396
-42.827 51.5702 -71.9667 -0.503896 0.605578 -0.615926
-39.7008 50.2007 -75.851 -0.500251 0.606257 -0.618225
-37.1727 48.1484 -79.8201 -0.485874 0.607681 -0.628212
-34.7813 46.0228 -83.727 -0.486758 0.607667 -0.627541
-32.2344 44.0515 -87.6126 -0.483113 0.609627 -0.628455
-29.8465 41.8954 -91.5035 -0.481766 0.606555 -0.63245
-28.0384 39.282 -95.3862 -0.482293 0.60478 -0.633746
-26.1748 36.6852 -99.2604 -0.483233 0.60168 -0.635978
-24.2062 34.1347 -103.17 -0.492466 0.595847 -0.634385
-22.2314 31.5641 -107.115 -0.492163 0.594437 -0.635941
-20.4684 28.7368 -111.095 -0.491336 0.590037 -0.64066
-18.7786 25.8579 -114.925 -0.494682 0.570148 -0.655912
-16.7153 23.1678 -118.795 -0.495816 0.563995 -0.66036
-14.7166 20.4188 -122.574 -0.496921 0.554551 -0.667489
-13.5994 17.1218 -126.103 -0.498365 0.545283 -0.674016
-14.6014 12.9015 -128.722 -0.493731 0.538553 -0.682781
-17.6982 9.07385 -129.536 -0.488128 0.540978 -0.684889
-17.5574 7.47236 -130.901 -0.487902 0.541172 -0.684898
-13.452 7.46214 -133.818 -0.488189 0.537642 -0.687468
-9.25826 7.54761 -136.714 -0.488793 0.53349 -0.690269
-5.09281 7.59156 -139.62 -0.492042 0.526109 -0.693617
-1.04007 7.53208 -142.561 -0.498327 0.520105 -0.693657
-1.36134 9.07139 -141.176 -0.500182 0.520115 -0.692314
-3.95627 11.3808 -137.562 -0.497033 0.525513 -0.690503
-5.9442 14.2557 -133.934 -0.499196 0.527208 -0.687644
-7.15025 17.638 -130.434 -0.503153 0.533712 -0.679697
-7.63894 21.5321 -127 -0.514083 0.54104 -0.665579
-7.65501 25.4453 -123.796 -0.51281 0.550984 -0.658364
-7.59657 29.2693 -120.572 -0.511993 0.566622 -0.645603
-7.60617 33.0103 -117.232 -0.506911 0.578417 -0.639111
-7.65724 36.6664 -113.813 -0.501119 0.589357 -0.633666
-7.64375 40.3022 -110.356 -0.499335 0.598928 -0.626059
-7.73656 43.9175 -106.745 -0.494873 0.613393 -0.615508
-7.75306 47.4308 -103.157 -0.484996 0.62893 -0.607639
-7.77952 51.006 -99.4235 -0.475198 0.636308 -0.607699
-7.98975 54.3924 -95.6932 -0.46665 0.64967 -0.600128
-8.07244 57.8209 -91.9173 -0.452787 0.658237 -0.601421
-8.06223 61.1979 -88.2154 -0.440929 0.667703 -0.599795
-8.09977 64.5864 -84.4153 -0.429217 0.675476 -0.599588
-8.25116 67.9486 -80.514 -0.420134 0.68245 -0.598121
-8.1346 71.3387 -76.7143 -0.403386 0.691458 -0.599304
-8.2482 74.6806 -72.7984 -0.385612 0.699338 -0.601855
-8.25279 77.9782 -68.9543 -0.374285 0.706704 -0.600398
-8.3194 81.2325 -65.079 -0.352942 0.715785 -0.602565
-8.34037 84.4654 -61.2454 -0.343367 0.716093 -0.607709
-8.37623 87.7191 -57.36 -0.326109 0.720383 -0.612129
-8.51488 90.936 -53.4951 -0.311521 0.727385 -0.611446
-8.54348 94.203 -49.6534 -0.30545 0.716057 -0.627664
-8.597 97.5042 -45.8211 -0.289024 0.727354 -0.622432
-8.57139 100.774 -41.945 -0.287103 0.738211 -0.610423
-7.97198 104.109 -38.193 -0.283068 0.74659 -0.60206
-6.42916 107.512 -34.6945 -0.284655 0.747184 -0.600572
-4.17518 110.833 -31.6415 -0.292945 0.74315 -0.60159
-1.14517 113.979 -29.1789 -0.297597 0.74731 -0.594108
2.49424 116.886 -27.2541 -0.288722 0.769582 -0.569546
6.61398 119.294 -25.7678 -0.215375 0.83173 -0.511702
10.9804 120.967 -24.0104 -0.102789 0.915436 -0.389113
15.4346 120.893 -21.4974 0.386109 0.910327 -0.149079
19.1534 119.218 -18.5917 0.568606 0.82013 -0.0631066
22.5786 116.781 -15.6954 0.642109 0.765081 -0.0484409
26.1521 113.816 -13.4658 0.662412 0.747479 -0.0498511
29.7862 110.671 -12.1062 0.663747 0.746747 -0.0425236
33.5297 107.35 -11.7108 0.673669 0.738016 -0.038766
37.1998 103.966 -12.2128 0.680172 0.732103 -0.0372863
40.6785 100.65 -13.6238 0.681821 0.730757 -0.033399
44.0656 97.2966 -15.5788 0.690796 0.720661 -0.0587211
47.3627 93.8911 -17.4788 0.70692 0.704341 -0.064547
50.5809 90.473 -19.2762 0.709823 0.700763 -0.0712896
53.7651 87.0604 -21.2143 0.709427 0.701474 -0.068171
57.0271 83.575 -23.2145 0.712155 0.699173 -0.0631892
60.2746 80.0829 -24.9996 0.717246 0.694619 -0.0553328
63.5104 76.6188 -26.9614 0.714526 0.69761 -0.052852
66.7135 73.2034 -28.7656 0.719273 0.693401 -0.0429274
69.9052 69.792 -30.5585 0.719249 0.69356 -0.040686
73.1113 66.3384 -32.4723 0.722932 0.689793 -0.0394467
76.3351 62.8375 -34.3412 0.726857 0.685718 -0.038344
79.4741 59.4068 -36.2613 0.728041 0.684576 -0.0362027
82.6162 55.9489 -38.0596 0.729943 0.682859 -0.0297949
85.8225 52.4416 -39.8582 0.732302 0.680331 -0.02971
88.9468 48.9813 -41.7306 0.73721 0.675294 -0.0223447
92.073 45.4675 -43.5199 0.739726 0.672094 -0.0330859
95.2837 41.8466 -45.3317 0.745682 0.665237 -0.037634
98.3416 38.2585 -47.1029 0.753798 0.656169 -0.0350892
101.372 34.6679 -48.8511 0.75781 0.651267 -0.0396744
104.42 30.9812 -50.5453 0.758489 0.650077 -0.0457129
107.366 27.3057 -52.2412 0.76674 0.638861 -0.0629678
110.311 23.5533 -53.9588 0.77289 0.62914 -0.0826
113.133 19.825 -55.7888 0.775967 0.623905 -0.0928355
115.641 16.2374 -58.5043 0.782871 0.614333 -0.098526
117.691 13.0741 -61.8181 0.782918 0.612575 -0.108584
119.181 10.4329 -65.8211 0.781501 0.612455 -0.118978
120.005 8.43677 -70.3244 0.783222 0.606615 -0.136313
120.047 7.25602 -75.2246 0.780312 0.609028 -0.142123
120.93 7.04893 -71.2128 0.781058 0.608782 -0.139041
121.727 7.09249 -66.2612 0.781144 0.611889 -0.124123
122.482 7.06736 -61.3148 0.782651 0.613433 -0.105615
123.193 6.97232 -56.3538 0.78217 0.615685 -0.0956168
123.765 6.96331 -51.3459 0.782744 0.61705 -0.0809964
124.221 7.01638 -46.1841 0.782698 0.61855 -0.0691297
124.636 7.04413 -41.1801 0.781176 0.620533 -0.0685702
123.392 8.4998 -42.2355 0.783122 0.618174 -0.0676814
120.655 11.6418 -45.0556 0.779576 0.622529 -0.0686864
117.549 15.5103 -45.1271 0.774341 0.629502 -0.0642154
114.917 18.9849 -42.8025 0.775185 0.629266 -0.0557891
113.107 21.5251 -38.7924 0.772139 0.633628 -0.0481285
111.417 23.7605 -34.6239 0.763449 0.645246 -0.0283294
109.799 25.822 -30.3556 0.761126 0.648384 -0.0168931
108.1 27.922 -26.087 0.755574 0.654875 -0.0156931
106.197 30.1464 -22.0388 0.750879 0.660386 -0.00847171
104.437 32.1919 -17.7828 0.756924 0.653405 0.0112797
102.972 33.7963 -13.116 0.752844 0.658025 0.0151525
101.456 35.3689 -8.53595 0.756955 0.65243 0.0367905
100.045 36.7465 -3.92411 0.756756 0.652652 0.0369606
99.0235 37.6059 0.885647 0.754837 0.654031 0.0496361
98.2137 38.1281 5.80474 0.752808 0.654649 0.0686563
97.3694 38.5737 10.768 0.756533 0.647743 0.0899333
96.8671 38.4386 15.8703 0.751799 0.65322 0.090014
96.5722 37.9524 20.8758 0.7577 0.641983 0.117252
96.185 37.489 25.8407 0.756121 0.642755 0.123073
96.1852 36.4951 30.7463 0.758297 0.634521 0.149564
96.8751 34.5667 35.3794 0.759711 0.631794 0.153868
97.272 32.927 40.108 0.765624 0.621617 0.165564
97.4107 31.4277 44.9751 0.766574 0.617291 0.176963
95.2042 34.1237 45.042 0.76407 0.621098 0.174454
92.4504 37.9712 43.3831 0.766759 0.621404 0.161053
89.6397 41.8255 41.8107 0.764779 0.626052 0.152226
86.8047 45.6468 40.1716 0.76325 0.629023 0.147578
83.9111 49.5056 38.5245 0.758715 0.637365 0.134599
81.028 53.2522 36.8467 0.753282 0.644588 0.130658
78.0437 57.0389 35.1746 0.746995 0.65347 0.122377
75.1052 60.7204 33.4451 0.746096 0.654604 0.121795
72.1179 64.3877 31.7389 0.741576 0.66139 0.112377
69.0036 68.156 30.0029 0.739368 0.663735 0.113094
65.9689 71.8332 28.2319 0.738321 0.665724 0.108137
62.9581 75.4344 26.4919 0.73035 0.674726 0.106461
59.9595 79.0008 24.5793 0.732246 0.671953 0.110884
56.8456 82.6102 22.8883 0.727821 0.677512 0.106085
53.7285 86.2188 21.1228 0.727796 0.678364 0.100672
50.6556 89.7718 19.3472 0.728224 0.679379 0.0901903
47.5301 93.2557 17.587 0.719916 0.68986 0.0762536
44.2958 96.779 15.6356 0.71393 0.697782 0.0581789
40.9896 100.204 13.8538 0.692322 0.720477 0.0400259
37.5143 103.533 12.3367 0.679007 0.733089 0.0391071
33.6925 107.029 11.7164 0.665743 0.745278 0.0366991
29.9066 110.375 12.0482 0.662266 0.748132 0.0412596
26.2456 113.57 13.3937 0.659655 0.750138 0.0463523
22.6793 116.58 15.5386 0.639269 0.768244 0.0332109
19.3228 119.148 18.3744 0.556398 0.830843 -0.00403493
15.5286 121.029 21.1344 0.294454 0.949039 0.112347
11.1369 121.075 23.7721 -0.0365982 0.937991 0.342264
6.73464 119.676 25.7611 -0.233961 0.838718 0.491746
2.53337 117.224 27.2831 -0.293502 0.765774 0.572229
-1.34239 114.284 29.1678 -0.286367 0.752255 0.593386
-4.37584 111.151 31.6804 -0.282815 0.750566 0.597215
-6.57687 107.857 34.7338 -0.287884 0.74517 0.601535
-7.96074 104.443 38.2369 -0.295907 0.73204 0.613642
-8.54864 101.005 42.0075 -0.289842 0.728905 0.620233
-8.64197 97.7022 45.7951 -0.287948 0.716869 0.634969
-8.60206 94.2217 49.5497 -0.293917 0.693807 0.657453
-8.63442 90.7425 53.1759 -0.284162 0.687144 0.668644
-8.63911 87.2166 56.752 -0.273614 0.683137 0.677096
-8.46164 83.6291 60.4066 -0.283816 0.675332 0.680717
-8.44147 80.0369 63.9808 -0.284216 0.675701 0.680183
-8.57127 76.4058 67.5168 -0.291136 0.664058 0.688666
-8.48343 72.7984 70.99 -0.310844 0.653459 0.690193
-8.45716 69.1544 74.4614 -0.31586 0.651051 0.690192
-8.42761 65.4338 77.9687 -0.314153 0.648222 0.693626
-8.44474 61.7268 81.3915 -0.310434 0.643813 0.699382
-8.46525 57.9428 84.8167 -0.314626 0.634079 0.706367
-8.43084 54.19 88.1753 -0.323731 0.628236 0.707473
-8.39072 50.4238 91.521 -0.321947 0.625081 0.711072
-8.41849 46.5357 94.8657 -0.326956 0.61325 0.719044
-8.4236 42.646 98.1632 -0.331096 0.609408 0.720414
-8.40278 38.7862 101.368 -0.325601 0.600123 0.730641
-8.42824 34.8227 104.587 -0.323215 0.595244 0.735674
-11.4149 35.8951 102.396 -0.329082 0.600599 0.728688
-14.6502 38.0569 99.1478 -0.331652 0.602146 0.726242
-17.8313 40.1999 95.8873 -0.33626 0.604287 0.722334
-21.1282 42.2028 92.6493 -0.341832 0.61109 0.713947
-24.9353 43.6538 89.5693 -0.344008 0.61387 0.710509
-28.6174 45.1626 86.4492 -0.352036 0.615919 0.704779
-32.3284 46.4995 83.3311 -0.383121 0.615363 0.688873
-36.3587 47.2742 80.3968 -0.382961 0.616221 0.688195
-40.2595 48.2178 77.2997 -0.39385 0.620451 0.678176
-44.4085 48.5645 74.5468 -0.421541 0.614604 0.666757
-48.8024 48.3937 71.8789 -0.442964 0.61043 0.656626
-53.1067 48.1968 69.1519 -0.446841 0.611567 0.65293
-57.3632 47.7456 66.4907 -0.475806 0.596928 0.645976
-61.7036 46.9522 64.0238 -0.477122 0.597294 0.644667
-66.0219 46.049 61.6537 -0.48536 0.593128 0.642358
-70.398 44.3405 59.8106 -0.503584 0.586014 0.634816
-74.781 42.5938 57.9257 -0.514478 0.588239 0.623929
-79.1585 40.8488 55.9555 -0.527137 0.57777 0.623144
-79.3833 40.8657 55.7498 -0.52766 0.577355 0.623085
-83.4053 41.7731 51.4977 -0.534678 0.565648 0.627823
-80.7591 45.9052 49.9642 -0.516411 0.576543 0.633181
-78.0736 49.9672 48.4044 -0.511577 0.583063 0.631131
-75.3626 53.9358 46.8771 -0.501454 0.596641 0.626548
-72.5924 57.9183 45.2475 -0.492623 0.610838 0.619838
-69.8148 61.7732 43.6386 -0.49 0.612868 0.619914
-66.8784 65.6831 42.005 -0.48541 0.624032 0.612341
-63.9679 69.5787 40.3074 -0.480326 0.631428 0.608757
-61.1031 73.3059 38.5746 -0.471893 0.64553 0.600506
-58.1166 77.046 36.8876 -0.472038 0.652791 0.592489
-55.1036 80.764 35.1776 -0.474504 0.658204 0.584476
-52.1479 84.4274 33.4587 -0.473551 0.658635 0.584765
-49.0934 88.0749 31.7207 -0.468183 0.677102 0.567747
-46.0856 91.6502 29.9416 -0.465396 0.676612 0.570616
-42.9531 95.1999 28.1825 -0.452642 0.687938 0.567324
-39.8411 98.6915 26.3881 -0.437437 0.696681 0.568581
-36.5947 102.169 24.5059 -0.419798 0.719296 0.553519
-33.67 105.566 22.2997 -0.398638 0.725379 0.561171
-31.5031 109.037 19.3315 -0.361696 0.728733 0.581485
-30.3143 112.425 15.8501 -0.318949 0.726917 0.608163
-30.2307 115.7 11.9979 -0.268546 0.730076 0.62836
-31.0102 118.739 8.08999 -0.188796 0.769984 0.609456
-31.7645 121.261 3.84047 -0.171572 0.912412 0.371573
-31.859 121.796 -1.21558 -0.13019 0.979449 -0.153333
-31.443 120.128 -5.95589 -0.154336 0.85702 -0.491626
-30.5662 117.202 -10.1911 -0.229492 0.730345 -0.643374
-30.1194 113.879 -14.1038 -0.308651 0.719017 -0.622695
-30.8366 110.448 -17.8243 -0.337173 0.728949 -0.595774
-32.5903 107.017 -21.0048 -0.377077 0.721603 -0.580605
-35.1892 103.466 -23.6198 -0.419569 0.709252 -0.566501
-38.3526 99.9315 -25.5062 -0.450368 0.690157 -0.566438
-41.3284 96.3295 -27.3098 -0.480899 0.653742 -0.584257
-44.2724 92.6028 -28.9865 -0.49972 0.636084 -0.587943
-47.1301 88.7784 -30.5674 -0.516158 0.631154 -0.578987
-49.8997 84.9461 -32.257 -0.529699 0.625207 -0.57318
-52.7035 81.0504 -33.8315 -0.539975 0.611712 -0.578131
-55.4482 77.0191 -35.4633 -0.545557 0.597427 -0.587749
-58.1377 73.0647 -36.9688 -0.553458 0.599394 -0.578283
-60.7823 69.0837 -38.4725 -0.563196 0.579919 -0.588647
-63.3982 64.9448 -39.9877 -0.575538 0.574828 -0.58166
-65.9555 60.8349 -41.501 -0.584755 0.565445 -0.581665
-68.5429 56.5781 -43.0005 -0.594821 0.557801 -0.578832
-70.9884 52.4139 -44.3909 -0.610231 0.538657 -0.580919
-73.3307 48.2162 -45.7767 -0.631176 0.535308 -0.561304
-70.3109 48.5327 -48.7911 -0.617813 0.547943 -0.563966
-66.5167 49.4034 -51.9842 -0.59978 0.560447 -0.571107
-62.914 49.72 -55.4358 -0.582327 0.57478 -0.574912
-59.1428 50.1853 -58.7356 -0.560291 0.586578 -0.584807
-55.7316 49.7362 -62.4711 -0.561734 0.588641 -0.58134
-52.3515 49.1715 -66.2294 -0.540428 0.600701 -0.589148
-49.0829 48.255 -69.9791 -0.515975 0.601046 -0.610339
-46.0079 46.9685 -73.8739 -0.514442 0.60529 -0.607432
-42.9723 45.5671 -77.7432 -0.494416 0.611745 -0.617512
-40.5488 43.4725 -81.7127 -0.486704 0.61197 -0.623387
-38.1596 41.3424 -85.658 -0.485324 0.610115 -0.626275
-35.6515 39.3004 -89.5904 -0.484392 0.609426 -0.627666
-33.6247 36.8836 -93.4475 -0.480247 0.604737 -0.635339
-31.675 34.2377 -97.415 -0.479029 0.601771 -0.639064
-29.6956 31.6966 -101.271 -0.482042 0.596536 -0.6417
-27.7396 29.1518 -105.113 -0.485543 0.5955 -0.640022
-25.9177 26.5111 -108.964 -0.491476 0.59061 -0.640023
-24.3215 23.6175 -112.732 -0.489305 0.571584 -0.658689
-22.4225 20.8703 -116.503 -0.486564 0.568169 -0.663655
-20.3833 18.2027 -120.245 -0.486492 0.560784 -0.66996
-18.6387 15.2059 -123.994 -0.485976 0.553807 -0.67611
-21.2007 11.4792 -125.14 -0.487506 0.542217 -0.684353
-25.4204 8.69898 -124.338 -0.492186 0.542647 -0.680652
-29.6649 6.03736 -123.356 -0.497329 0.542071 -0.677364
-33.8775 3.55097 -122.237 -0.502832 0.542572 -0.672886
-32.8363 2.54377 -123.827 -0.50274 0.542649 -0.672893
-28.783 2.5383 -126.805 -0.495391 0.543052 -0.677999
-24.6639 2.52948 -129.776 -0.484737 0.543016 -0.685685
-20.5119 2.5348 -132.703 -0.485721 0.541906 -0.685867
-16.412 2.54922 -135.565 -0.481874 0.538222 -0.691458
-12.2794 2.56477 -138.416 -0.480355 0.533691 -0.696012
-8.11809 2.5794 -141.293 -0.484407 0.524349 -0.70029
-3.94821 2.55575 -144.236 -0.489135 0.525055 -0.696466
0.196249 2.60783 -147.133 -0.497354 0.51965 -0.694696
3.96519 5.45592 -147.695 -0.493688 0.517894 -0.698611
7.558 9.08764 -147.544 -0.493066 0.516742 -0.699903
7.91283 11.4821 -146.027 -0.49374 0.516183 -0.69984
4.27675 12.4336 -142.74 -0.500019 0.516848 -0.694872
1.31908 14.3557 -139.161 -0.505566 0.515801 -0.69163
-0.873592 17.0304 -135.543 -0.509714 0.516903 -0.687752
-2.20025 20.4163 -131.989 -0.5158 0.519535 -0.6812
-2.59749 24.2933 -128.675 -0.520761 0.531003 -0.668459
-2.57504 28.2197 -125.473 -0.52464 0.548198 -0.65133
-2.53062 32.025 -122.193 -0.519322 0.569374 -0.637274
-2.54913 35.775 -118.79 -0.52925 0.573407 -0.625379
-2.58541 39.4659 -115.287 -0.51083 0.592301 -0.623083
-2.64365 43.1122 -111.737 -0.51112 0.600198 -0.615239
-2.63519 46.6257 -108.149 -0.500266 0.630922 -0.593019
-2.62607 50.1001 -104.512 -0.489908 0.628796 -0.603825
-2.63255 53.5312 -100.842 -0.482147 0.64433 -0.59361
-2.74612 56.8853 -97.0145 -0.464122 0.659167 -0.591676
-2.70926 60.2351 -93.2811 -0.449709 0.66756 -0.593402
-2.76355 63.6527 -89.3557 -0.436142 0.681814 -0.58729
-2.78569 66.992 -85.4642 -0.4252 0.687548 -0.588621
-2.80814 70.3402 -81.5212 -0.406834 0.697544 -0.589846
-2.76711 73.606 -77.6601 -0.395401 0.703637 -0.590384
-2.82188 76.8275 -73.7652 -0.383502 0.710337 -0.59021
-2.81571 80.0972 -69.7711 -0.3638 0.723469 -0.586722
-2.80714 83.3332 -65.7995 -0.34287 0.728607 -0.592935
-2.85973 86.498 -61.8675 -0.343365 0.731984 -0.588472
-2.85442 89.6224 -57.9612 -0.306112 0.741688 -0.59682
-2.93928 92.7709 -54.0483 -0.287682 0.741343 -0.606341
-2.9108 95.9744 -50.1685 -0.269259 0.741259 -0.614845
-2.93745 99.2933 -46.208 -0.259683 0.739286 -0.621305
-2.84641 102.584 -42.3621 -0.259754 0.738119 -0.62266
-1.90592 106.08 -38.6109 -0.292039 0.734859 -0.612123
0.102059 109.461 -35.5014 -0.325203 0.737659 -0.591691
3.0246 112.752 -33.0905 -0.359543 0.735517 -0.574233
6.7318 115.771 -31.5207 -0.370085 0.783098 -0.499794
10.9249 118.25 -30.1222 -0.269779 0.864957 -0.423125
15.428 119.518 -28.1016 0.138854 0.956741 -0.255669
19.602 118.528 -25.3963 0.474653 0.877129 -0.0731413
23.0235 116.385 -22.4605 0.617823 0.785707 0.0309798
26.1374 113.597 -19.7323 0.662988 0.748426 0.0174664
29.7218 110.436 -18.0306 0.662415 0.748856 -0.0204991
33.5125 107.026 -17.5792 0.67627 0.735575 -0.0398513
37.1125 103.651 -18.3335 0.675976 0.734195 -0.0633605
40.5209 100.281 -20.0068 0.688238 0.721433 -0.0765613
43.85 96.8579 -21.9802 0.693949 0.715522 -0.0803902
47.0727 93.4931 -23.8303 0.70045 0.708979 -0.081963
50.3109 90.0567 -25.7 0.703612 0.70628 -0.0780892
53.5683 86.6333 -27.6073 0.699789 0.710572 -0.0733676
56.8198 83.21 -29.447 0.707813 0.703137 -0.0678196
60.1516 79.6843 -31.3667 0.707803 0.703793 -0.060735
63.3531 76.3174 -33.3005 0.710088 0.702048 -0.0538794
66.6322 72.8509 -35.1629 0.711466 0.700969 -0.0495922
69.9143 69.3618 -37.0398 0.716328 0.696319 -0.0448841
73.0934 65.9669 -38.9036 0.721439 0.691276 -0.0407914
76.3697 62.4346 -40.7935 0.720842 0.692085 -0.0374828
79.5467 59.0063 -42.6669 0.724897 0.688123 -0.0318076
82.7028 55.5686 -44.4556 0.729311 0.683401 -0.0326913
85.9356 52.0248 -46.3124 0.731644 0.68088 -0.0331557
89.0974 48.5288 -48.1388 0.736873 0.675251 -0.0324801
92.2739 44.9446 -50.015 0.740281 0.671591 -0.0308297
95.4203 41.3263 -51.8226 0.751142 0.659215 -0.0349507
98.4857 37.7125 -53.5479 0.75875 0.649698 -0.0468061
101.537 34.0042 -55.2813 0.762003 0.645211 -0.0552555
104.515 30.2494 -57.0584 0.768965 0.635308 -0.0712378
107.465 26.44 -58.7315 0.772386 0.629258 -0.0863332
110.38 22.5683 -60.477 0.778845 0.620659 -0.0904562
112.906 18.9993 -62.9329 0.779924 0.617079 -0.104557
114.903 15.8566 -66.2514 0.784347 0.60918 -0.117041
116.181 13.325 -70.5004 0.78336 0.606989 -0.13383
116.436 11.8872 -75.264 0.780559 0.607226 -0.148335
115.668 11.6128 -80.3227 0.776716 0.610771 -0.153851
114.695 11.5967 -85.3912 0.771513 0.618972 -0.147108
113.742 11.6447 -90.3333 0.768946 0.623895 -0.139563
112.821 11.6735 -95.3222 0.761314 0.634462 -0.133637
115.54 9.02041 -92.0789 0.772404 0.619376 -0.140587
118.304 6.34294 -88.6495 0.776287 0.616631 -0.130934
120.917 3.81326 -85.0482 0.781057 0.60946 -0.136044
122.818 2.39966 -80.6792 0.780062 0.608539 -0.145543
123.774 2.38179 -75.6225 0.77884 0.610871 -0.142281
124.668 2.4006 -70.6102 0.779459 0.610489 -0.140522
125.513 2.40638 -65.5286 0.777567 0.616908 -0.121711
126.29 2.37496 -60.4481 0.778846 0.617131 -0.111999
126.951 2.36306 -55.4225 0.779088 0.619777 -0.0943265
127.54 2.3712 -50.3258 0.776061 0.625578 -0.07988
127.987 2.36685 -45.344 0.780124 0.622088 -0.0664248
128.45 2.32145 -40.3256 0.782396 0.620155 -0.0570942
128.699 2.35701 -35.3158 0.783851 0.619496 -0.0424612
128.874 2.39943 -30.3212 0.784085 0.62024 -0.0226435
129.008 2.3802 -25.2302 0.785928 0.618044 -0.0183728
129.007 2.36617 -20.1136 0.784014 0.620553 0.0153655
128.89 2.35008 -15.0992 0.779703 0.625332 0.0319723
128.65 2.38187 -10.0704 0.780445 0.62352 0.0461384
128.327 2.39122 -4.9392 0.785051 0.616596 0.0591992
127.962 2.36441 0.0684813 0.787425 0.612381 0.0703605
127.438 2.38918 5.09776 0.785409 0.612813 0.0871378
126.81 2.39445 10.1207 0.785728 0.609757 0.104059
126.071 2.44098 15.1464 0.784337 0.610334 0.11094
125.403 2.35822 20.0047 0.786392 0.604232 0.128417
124.472 2.47291 24.9028 0.786715 0.598131 0.152707
123.476 2.46794 29.906 0.781121 0.603333 0.160748
122.463 2.39046 34.8397 0.782267 0.595853 0.181676
121.212 2.41457 39.821 0.783086 0.590364 0.195567
119.934 2.43628 44.6725 0.778295 0.591293 0.211256
118.593 2.43997 49.5029 0.774383 0.592342 0.222388
117.139 2.45417 54.3115 0.772965 0.588874 0.236122
115.588 2.48306 59.1502 0.774942 0.581099 0.248573
113.987 2.44161 63.9242 0.768913 0.574664 0.28024
112.239 2.44431 68.6867 0.769037 0.572916 0.283459
110.421 2.49734 73.4553 0.766033 0.573457 0.290414
108.643 2.45728 78.1275 0.761608 0.575581 0.297758
106.786 2.45261 82.8216 0.755937 0.580611 0.302407
104.898 2.46989 87.4743 0.74896 0.587692 0.306068
102.999 2.43859 92.1058 0.739362 0.598337 0.308766
101.025 2.37571 96.7006 0.717336 0.61217 0.332681
98.9751 2.29683 101.308 0.712764 0.624783 0.318769
96.7319 2.33808 105.945 0.685515 0.636199 0.354003
94.3144 2.29889 110.478 0.647246 0.65996 0.381477
91.571 2.23434 114.692 0.609897 0.666339 0.428973
88.4092 2.56134 118.502 0.551147 0.695769 0.460587
84.3863 3.74864 121.306 0.533001 0.693621 0.484562
80.3142 4.68743 124.149 0.461376 0.701434 0.543252
76.0566 5.22548 126.751 0.433159 0.69682 0.571677
71.701 5.53015 129.21 0.338359 0.71743 0.608937
67.2012 5.5737 131.586 0.321063 0.715665 0.620276
62.6574 5.36492 133.878 0.241056 0.700389 0.671824
58.0533 4.91613 135.968 0.226878 0.701814 0.675266
53.3468 4.00737 137.792 0.0999914 0.699067 0.708031
48.587 2.80615 139.561 0.0482943 0.703939 0.708617
43.5652 2.20763 140.259 0.021714 0.667845 0.743983
38.4994 2.32946 140.122 -0.0440496 0.660553 0.749486
33.4427 2.36428 139.491 -0.0982308 0.629374 0.770869
28.4081 2.33964 138.821 -0.127481 0.624831 0.770275
23.3712 2.39546 137.927 -0.158897 0.609709 0.776535
18.3106 2.45123 136.768 -0.190068 0.594317 0.781448
13.4423 2.52019 135.505 -0.20906 0.561956 0.800312
8.41138 2.48998 134.162 -0.232748 0.560324 0.794899
3.59069 2.50342 132.719 -0.237362 0.555919 0.796626
-1.26925 2.51756 131.202 -0.260183 0.555991 0.789417
-6.05587 2.52886 129.608 -0.266503 0.566961 0.779443
-10.846 2.51382 127.943 -0.278645 0.562189 0.778653
-15.5865 2.45637 126.212 -0.299871 0.562201 0.770719
-14.1647 3.54344 125.974 -0.293179 0.55872 0.775808
-9.51857 5.33427 126.402 -0.278039 0.552536 0.785747
-4.85804 7.20628 126.713 -0.267793 0.552174 0.789551
-0.211175 9.32704 126.791 -0.25592 0.545758 0.797906
4.38943 11.5745 126.692 -0.239494 0.546205 0.802685
8.94135 11.5437 128.014 -0.220587 0.552555 0.803756
14.0066 11.4766 129.363 -0.189843 0.558219 0.807683
19.0403 11.5041 130.42 -0.162082 0.562626 0.810667
23.9849 11.507 131.302 -0.122646 0.568986 0.81315
29.0513 11.5344 131.886 -0.0864185 0.585579 0.805995
34.1429 11.5881 132.282 -0.0316635 0.592804 0.804723
39.2755 11.6113 132.39 -0.013883 0.611373 0.79122
44.2619 11.6647 131.925 0.117798 0.633082 0.765069
49.2251 11.7567 131.177 0.0939669 0.657122 0.747905
54.0651 11.7091 129.881 0.191084 0.66449 0.722449
58.8949 11.8765 128.454 0.248848 0.702636 0.666617
63.5203 11.8224 126.308 0.303617 0.690555 0.656442
68.0096 11.7533 124.042 0.405933 0.670159 0.621374
72.2637 11.8536 121.381 0.359291 0.717066 0.597266
76.2297 11.8395 118.349 0.509394 0.704242 0.494517
80.0438 11.7628 114.847 0.494949 0.67882 0.542428
83.4256 11.7445 111.12 0.567407 0.66542 0.485042
86.6513 11.6873 107.247 0.600475 0.642406 0.476157
89.5537 11.6259 102.925 0.653483 0.632389 0.415984
92.2121 11.5585 98.6118 0.70846 0.607079 0.359915
94.4421 11.5551 94.0894 0.723414 0.590727 0.35737
96.6278 11.589 89.5916 0.727171 0.591268 0.348744
98.7948 11.5179 85.0176 0.737453 0.583284 0.340503
100.832 11.5112 80.4404 0.754238 0.571576 0.323149
102.786 11.5298 75.6785 0.760194 0.571976 0.308139
104.935 11.0518 71.162 0.766999 0.568849 0.296856
107.533 9.60332 67.0571 0.772226 0.569731 0.281202
110.064 8.21564 62.8707 0.77616 0.570589 0.26833
112.41 6.99496 58.5639 0.777431 0.575969 0.252706
114.611 5.93075 54.0833 0.783183 0.574725 0.237308
116.654 4.95858 49.6144 0.785542 0.57787 0.221336
118.489 4.22211 44.9977 0.780674 0.586493 0.2158
120.19 3.64312 40.2167 0.784769 0.587354 0.197872
121.746 3.1421 35.4732 0.78709 0.587201 0.188881
122.956 2.97007 30.5709 0.786035 0.596959 0.16059
124.148 2.68028 25.7516 0.786226 0.598605 0.153363
125.018 2.66873 20.8837 0.786087 0.603946 0.131591
125.731 2.64049 16.4375 0.786914 0.606102 0.115784
126.257 2.89213 11.3415 0.788662 0.604995 0.109512
126.628 3.24797 6.35374 0.785862 0.612163 0.0876155
126.823 3.68497 1.2914 0.786842 0.612674 0.0742279
126.785 4.2413 -3.75878 0.785091 0.616619 0.0584173
126.544 4.99997 -8.88908 0.788803 0.61343 0.0386154
126.108 5.82154 -13.8705 0.787609 0.615416 0.0305811
125.47 6.82544 -18.7215 0.786684 0.617254 0.0112097
124.669 7.91812 -23.5512 0.78453 0.620051 0.00698718
123.654 9.08888 -28.3345 0.785726 0.618214 -0.0210969
122.524 10.3423 -33.073 0.786661 0.616346 -0.0357506
121.118 11.7986 -37.7567 0.785534 0.617161 -0.0452429
118.31 15.1259 -39.3146 0.771591 0.632997 -0.0629471
116.386 17.7894 -35.5754 0.769657 0.636278 -0.0527084
114.678 20.0749 -31.4467 0.760262 0.648797 -0.0325775
113.045 22.1273 -27.1669 0.75887 0.650908 -0.0208779
111.34 24.2523 -22.8495 0.758591 0.651235 -0.0207991
109.436 26.5101 -18.7145 0.750714 0.660509 -0.0125291
107.643 28.5646 -14.3261 0.74207 0.670301 0.00532745
106.118 30.1308 -9.81838 0.746492 0.664838 0.0271939
104.629 31.5984 -5.12197 0.743117 0.668748 0.0235189
103.243 32.9857 -0.489186 0.73811 0.673416 0.0412912
102.367 33.5331 4.42384 0.742413 0.667055 0.0620707
101.524 33.9774 9.42033 0.745688 0.662912 0.0670571
100.764 34.1802 14.5311 0.735162 0.671392 0.0936044
100.453 33.6698 19.5933 0.739003 0.663822 0.11495
100.106 33.1251 24.7318 0.749216 0.651011 0.121905
100.093 32.1337 29.6177 0.750236 0.64267 0.155307
100.795 30.1798 34.262 0.751248 0.641244 0.15631
101.077 28.56 39.0106 0.758951 0.62714 0.175181
101.146 27.0688 43.9664 0.765907 0.616053 0.184022
100.898 25.8065 48.8819 0.76846 0.6073 0.201632
100.806 24.2784 53.6227 0.771078 0.598051 0.21857
98.8611 26.7831 53.6776 0.775089 0.596478 0.208447
96.2047 30.7543 52.1056 0.773822 0.602904 0.194179
93.4885 34.6784 50.5972 0.774722 0.606829 0.177664
90.7041 38.6479 49.0086 0.770605 0.614307 0.169689
87.8425 42.643 47.3084 0.766921 0.621885 0.158404
84.9828 46.5621 45.7209 0.765494 0.62548 0.150973
82.1641 50.3435 44.0436 0.759194 0.63471 0.14411
79.2737 54.1463 42.3522 0.75307 0.643607 0.136583
76.3434 57.9024 40.7237 0.748579 0.650436 0.128695
73.3917 61.6304 38.9769 0.747192 0.652461 0.126489
70.4087 65.3183 37.3328 0.740657 0.661021 0.120328
67.3863 68.9963 35.5871 0.738995 0.663746 0.115443
64.3702 72.6409 33.7998 0.733174 0.669321 0.120273
61.2883 76.2887 32.1107 0.727475 0.675433 0.120704
58.2892 79.83 30.2388 0.726647 0.676672 0.11873
55.1802 83.4536 28.5011 0.723235 0.67939 0.123937
52.0319 87.1339 26.6628 0.720122 0.68291 0.122711
48.9534 90.7164 24.836 0.722969 0.680519 0.119204
45.8267 94.2948 23.087 0.714202 0.69213 0.104261
42.6268 97.846 21.2082 0.710753 0.697233 0.0932486
39.3863 101.302 19.3947 0.69844 0.712468 0.0675665
35.921 104.708 17.9428 0.676272 0.735335 0.0440228
32.1428 108.168 17.6049 0.666959 0.744996 0.0121545
28.4605 111.47 18.4873 0.665824 0.745899 -0.0177052
25.0599 114.634 20.5067 0.668316 0.740423 -0.0715918
22.0584 117.475 23.3331 0.593817 0.79977 -0.088032
18.4397 119.702 26.1052 0.309365 0.943022 0.115852
14.089 119.687 28.7031 -0.126361 0.955718 0.265584
9.73226 118.067 30.5753 -0.352896 0.81603 0.457777
5.72209 115.348 31.8249 -0.386587 0.752636 0.533001
2.10717 112.226 33.6047 -0.328672 0.744538 0.581066
-0.578051 108.958 36.2973 -0.303246 0.7408 0.599381
-2.21932 105.573 39.592 -0.285523 0.730929 0.619854
-2.9208 102.152 43.2257 -0.268505 0.720548 0.639309
-2.95302 98.7488 46.9932 -0.245965 0.714271 0.655222
-2.94571 95.3064 50.6976 -0.24401 0.706958 0.663829
-2.95301 91.8417 54.3027 -0.25625 0.690857 0.676056
-2.92866 88.3272 57.9047 -0.263055 0.690765 0.673533
-2.87667 84.7852 61.5286 -0.270019 0.682706 0.678971
-2.876 81.2515 65.0796 -0.275609 0.680352 0.679088
-2.90534 77.6648 68.6515 -0.279267 0.681812 0.676122
-2.89647 73.9865 72.3008 -0.298763 0.66286 0.686555
-2.86181 70.324 75.8471 -0.310504 0.657936 0.686081
-2.87 66.6783 79.3087 -0.31118 0.651938 0.691479
-2.85881 62.9627 82.7779 -0.319192 0.64263 0.696521
-2.82719 59.1753 86.2646 -0.324298 0.637656 0.698731
-2.8607 55.4069 89.6567 -0.328069 0.628307 0.705409
-2.84177 51.6061 93.0226 -0.326669 0.624269 0.70963
-2.87324 47.8051 96.3195 -0.325547 0.620273 0.713639
-2.83813 43.9994 99.5786 -0.327102 0.602699 0.727845
-2.8536 40.1001 102.771 -0.329029 0.59731 0.73141
-2.88489 36.1516 105.95 -0.317637 0.592921 0.739966
-2.91709 32.1324 109.119 -0.317317 0.583723 0.74738
-2.88508 28.0815 112.241 -0.309223 0.57368 0.758467
-2.90166 23.9392 115.349 -0.302857 0.568884 0.764622
-5.61491 25.0857 113.414 -0.302712 0.576598 0.758881
-8.84096 27.5088 110.227 -0.310222 0.583429 0.750582
-12.0232 29.9537 106.967 -0.316941 0.596613 0.737294
-15.4528 31.9393 103.857 -0.315424 0.604798 0.73125
-18.6862 34.0858 100.649 -0.320036 0.608554 0.726112
-21.9186 36.3087 97.3244 -0.324011 0.613411 0.720238
-25.3195 38.1812 94.1387 -0.338795 0.621007 0.706802
-29.0343 39.6037 91.0912 -0.343913 0.620581 0.704701
-32.7703 41.1901 87.8619 -0.346771 0.618045 0.705529
-36.6215 42.3506 84.7965 -0.382043 0.627076 0.678824
-40.6517 43.1732 81.7405 -0.38665 0.624953 0.678186
-44.6344 44.0069 78.6821 -0.386584 0.628058 0.675348
-48.9722 43.854 76.0519 -0.430291 0.627848 0.648581
-53.3277 43.718 73.304 -0.427452 0.629929 0.64844
-57.554 43.3868 70.6164 -0.472913 0.633138 0.612772
-61.8232 42.6352 68.0962 -0.476592 0.618814 0.624443
-66.1237 41.7686 65.6834 -0.473755 0.621662 0.623773
-70.5546 40.0466 63.7397 -0.515041 0.605567 0.606647
-74.961 38.226 61.8785 -0.50217 0.589688 0.632529
-79.3462 36.4731 59.9092 -0.535056 0.579039 0.615166
-83.5765 34.9003 57.66 -0.542423 0.572397 0.61493
-87.8857 33.1629 55.4078 -0.560827 0.567663 0.602687
-87.1301 35.7616 53.6933 -0.550431 0.567599 0.612255
-84.5393 39.9497 52.1736 -0.5346 0.565311 0.628193
-83.4231 41.7454 51.5075 -0.53466 0.565564 0.627915
-10.021 129.14 6.20686 -0.496604 0.779656 0.381473
-11.8621 129.484 1.44157 -0.5571 0.820364 0.128602
-11.3964 129.244 -3.71555 -0.541529 0.813416 -0.212368
-8.58034 128.723 -7.99437 -0.425114 0.727134 -0.538936
-4.2708 128.428 -10.8234 -0.269328 0.718573 -0.641177
0.702407 128.474 -11.7395 0.00237485 0.753398 -0.657494
5.53125 128.564 -10.5419 0.285191 0.766539 -0.575354
9.30958 128.364 -7.30371 0.564083 0.747792 -0.350168
11.2353 128.191 -2.62719 0.713774 0.688499 -0.128438
11.1513 128.168 2.40195 0.703985 0.702087 0.106983
9.25812 128.358 7.02097 0.605528 0.710031 0.359431
5.52824 128.628 10.362 0.305466 0.763678 0.568759
0.686515 128.578 11.5217 0.00223081 0.750263 0.661102
-4.37029 128.71 10.4465 -0.224908 0.762121 0.607114
-8.65837 129.033 7.78859 -0.413737 0.769284 0.486851
-9.94093 129.135 6.32112 -0.496605 0.779655 0.381473
-6.15303 132.852 3.82827 -0.468436 0.808181 0.356946
-2.11439 132.75 6.71144 -0.266594 0.692288 0.670569
2.77444 132.638 6.84493 0.263744 0.649513 0.71285
6.6027 132.548 3.64313 0.658651 0.656201 0.367343
7.4363 132.555 -1.23136 0.752879 0.65247 -0.086344
5.27716 132.579 -5.65972 0.539368 0.661683 -0.520108
0.717558 132.561 -7.56103 0.0624792 0.653638 -0.754224
-4.02969 132.655 -6.33449 -0.356047 0.659103 -0.66243
-7.04636 132.954 -2.43486 -0.577172 0.781181 -0.237967
-6.80588 132.941 2.52703 -0.548777 0.795176 0.257929
-6.2278 132.858 3.71695 -0.468436 0.808181 0.356946
35.3948 6.9446 135.962 -0.0419842 0.630328 0.77518
35.3701 6.92427 135.977 -0.0442647 0.627207 0.777594
35.7115 6.98074 135.949 -0.0450819 0.633059 0.772789
40.3577 6.68952 136.397 -0.007283 0.647722 0.761791
45.3992 6.59389 136.215 0.0895145 0.674042 0.733249
45.8773 7.24944 135.554 0.0895087 0.674071 0.733224
40.884 7.08408 136.071 -0.0156416 0.647869 0.761591
35.9068 6.95347 135.983 -0.0450819 0.633059 0.772789
84.0697 7.38037 116.394 0.545381 0.689205 0.477028
87.7944 6.55485 113.253 0.575806 0.684515 0.447084
90.6181 6.69357 109.08 0.640664 0.661766 0.389375
93.1556 6.85352 104.669 0.670244 0.636272 0.382006
95.4082 6.87352 100.369 0.700041 0.6176 0.358487
93.1268 7.09107 104.323 0.670587 0.636743 0.380619
90.4053 7.22119 108.531 0.639329 0.662829 0.389764
87.3198 7.41485 112.549 0.577232 0.683681 0.446523
84.157 7.34521 116.345 0.54539 0.689208 0.477013
95.7509 6.88783 99.6636 0.705864 0.6151 0.351292
95.7668 6.87537 99.6535 0.703633 0.617843 0.350946
95.9312 6.91532 99.2475 0.705879 0.61776 0.346565
95.9555 6.88933 99.2444 0.705882 0.617753 0.346572
96.1453 6.91994 98.789 0.712029 0.615868 0.337224
96.1494 6.92073 98.7788 0.712738 0.615139 0.337059
120.113 7.0447 -75.7638 0.780136 0.608594 -0.144922
120.04 7.11727 -75.8536 0.780108 0.608631 -0.144909
119.929 6.98667 -76.9873 0.779532 0.608915 -0.146808
119.923 6.98502 -77.0238 0.779539 0.608901 -0.14683
119.392 6.98052 -79.8585 0.77887 0.609747 -0.14687
119.39 6.97878 -79.8792 0.778869 0.609747 -0.14687
121.113 9.36057 -57.9453 0.783256 0.613835 -0.0985713
118.463 12.7051 -58.1763 0.781851 0.615577 -0.0988643
122.045 9.32285 -49.9595 0.782784 0.617223 -0.079272
118.856 13.3595 -50.0034 0.783496 0.617131 -0.0726865
115.724 17.3092 -49.9813 0.779442 0.622404 -0.0712915
112.566 21.2219 -49.8518 0.773521 0.63094 -0.0598237
109.366 25.1473 -49.6732 0.768697 0.636913 -0.0587119
108.372 26.3526 -49.596 0.768544 0.637041 -0.0593228
111.909 22.7782 -41.3705 0.770764 0.635091 -0.0508172
108.71 26.6146 -41.1097 0.761626 0.646195 -0.0485598
105.416 30.4731 -40.864 0.754389 0.655294 -0.0385695
102.028 34.3779 -40.5714 0.752228 0.658019 -0.0341157
98.7448 38.1443 -40.2248 0.751856 0.658628 -0.0303487
95.3829 41.9746 -39.8423 0.750246 0.660733 -0.023741
92.0226 45.7091 -39.4505 0.741205 0.670562 -0.031016
90.2569 47.6518 -39.2188 0.73668 0.675636 -0.0286262
104.798 31.7087 -24.2753 0.751173 0.660047 -0.00877171
101.462 35.5392 -24.0796 0.753938 0.656839 -0.0118295
98.0489 39.4331 -23.8244 0.748443 0.663071 -0.0130227
94.7249 43.1887 -23.4906 0.745138 0.666819 -0.0110231
91.271 46.9969 -23.12 0.738263 0.674456 -0.00874331
87.8267 50.7875 -22.7031 0.7415 0.670886 -0.00942506
84.4463 54.5338 -22.2715 0.742821 0.669428 -0.009097
81.0705 58.2944 -21.9079 0.733607 0.6793 -0.0192967
77.6652 62.0343 -21.4824 0.739961 0.672221 -0.0240152
74.2673 65.7433 -21.0639 0.729851 0.682578 -0.037475
70.8623 69.3897 -20.6372 0.723168 0.689558 -0.0392199
67.3957 73.0295 -20.1578 0.722427 0.690132 -0.0426144
63.9071 76.7098 -19.7636 0.722989 0.689586 -0.0419153
60.4042 80.4111 -19.3126 0.719488 0.691921 -0.0598533
56.9427 84.0575 -18.8366 0.719704 0.691544 -0.0615851
54.783 86.2933 -18.542 0.710003 0.700784 -0.0692654
72.3007 67.3989 -28.7966 0.723315 0.689416 -0.0389949
75.7677 63.7125 -29.2608 0.729843 0.682565 -0.0378697
79.2531 59.9866 -29.7143 0.726466 0.686477 -0.0315572
82.7627 56.1902 -30.1433 0.734089 0.678445 -0.0287322
86.1299 52.5068 -30.5504 0.742238 0.669697 -0.0242648
89.5769 48.7063 -30.9711 0.735862 0.676768 -0.0221721
93.04 44.9056 -31.4151 0.74023 0.672207 -0.0140436
96.3651 41.1697 -31.7646 0.747393 0.664229 -0.0142565
99.7297 37.3429 -32.0848 0.752898 0.657948 -0.0157888
103.038 33.5474 -32.3486 0.750867 0.660035 -0.0234936
106.361 29.7558 -32.5849 0.751821 0.659177 -0.0158363
108.393 27.41 -32.709 0.761672 0.647732 -0.017317
101.71 35.3083 -16.0626 0.752789 0.658082 0.0153614
98.3695 39.1362 -15.8282 0.75358 0.65715 0.0164591
94.9663 42.9564 -15.5103 0.741431 0.671027 0.00189348
91.5327 46.7421 -15.1707 0.742766 0.66955 -0.000782011
88.0793 50.5877 -14.7606 0.742402 0.669945 -0.00373492
84.7355 54.3193 -14.3544 0.748114 0.663523 -0.0078549
81.3726 58.1145 -13.9539 0.747367 0.664338 -0.00985246
77.94 61.9203 -13.5482 0.740329 0.672212 -0.0067167
74.5765 65.6435 -13.139 0.742203 0.670147 -0.0061904
71.1809 69.3658 -12.7334 0.730616 0.682645 -0.0140057
67.7269 73.0258 -12.2889 0.719686 0.694268 -0.00661755
64.2843 76.7205 -11.8931 0.732841 0.680194 -0.0167393
60.8817 80.3782 -11.4609 0.729793 0.683517 -0.0143701
57.393 84.0749 -11.0156 0.725681 0.687829 -0.0167068
53.9197 87.6985 -10.5489 0.717659 0.696076 -0.0210516
50.3542 91.3453 -10.0715 0.709182 0.704288 -0.0322372
46.7852 94.9696 -9.57489 0.703895 0.709625 -0.0310664
43.1387 98.5025 -9.00727 0.689127 0.724199 -0.0252884
39.4641 101.98 -8.44605 0.682288 0.730771 -0.0213637
35.7955 105.416 -7.86036 0.68032 0.732701 -0.0177271
32.1099 108.837 -7.31488 0.67464 0.737517 -0.0304917
28.3537 112.248 -6.77417 0.66916 0.742145 -0.0380302
24.6293 115.653 -6.34737 0.667972 0.742937 -0.0430952
20.9162 119.067 -6.0338 0.684365 0.7276 -0.047361
17.0587 122.545 -5.86319 0.655506 0.751661 -0.0729184
13.2369 125.815 -5.91831 0.651559 0.743194 -0.152094
12.6181 126.338 -5.96087 0.636098 0.756363 -0.152624
13.5691 126.012 1.28135 0.671264 0.736098 0.086981
17.2824 122.641 0.980082 0.645981 0.763042 0.0218142
21.064 119.178 0.701839 0.689531 0.724252 -0.00257985
24.7416 115.76 0.420098 0.680801 0.732462 0.002982
28.5418 112.216 0.0941892 0.67946 0.733712 0.000509071
32.2389 108.814 -0.251318 0.674851 0.737951 0.00216378
35.8957 105.421 -0.653475 0.687457 0.726152 0.0103122
39.5569 102.016 -1.05665 0.681747 0.731528 0.00943372
43.2639 98.5218 -1.48082 0.687195 0.726344 0.0136424
46.8302 95.016 -1.9093 0.703802 0.710372 0.00590337
50.4862 91.4042 -2.3461 0.70929 0.704713 0.0169619
54.012 87.7971 -2.78115 0.720416 0.693249 0.0201457
57.4574 84.1085 -3.20291 0.736749 0.676126 0.00745888
60.9169 80.3918 -3.61449 0.731277 0.68208 0.00112907
64.3626 76.6944 -3.99329 0.733386 0.679807 0.00268007
67.7552 73.0389 -4.41 0.732538 0.680711 0.00454265
71.1745 69.3769 -4.83663 0.732683 0.680568 0.00167753
74.6548 65.563 -5.23806 0.742634 0.669658 0.00728405
77.995 61.8567 -5.6204 0.743345 0.6688 0.0120322
81.4648 57.9914 -6.03823 0.750317 0.660963 0.012376
84.8672 54.1347 -6.45439 0.75059 0.660599 0.0149405
88.2336 50.3384 -6.88157 0.745563 0.66626 0.0152381
91.6452 46.5285 -7.28368 0.745805 0.665999 0.0148347
94.9866 42.7606 -7.62681 0.74984 0.661415 0.0164504
98.3588 38.9267 -7.93819 0.755369 0.654262 0.0368686
99.146 38.0192 -8.00295 0.756829 0.652566 0.0369763
97.0772 39.9186 -0.0453299 0.752644 0.656553 0.0496428
93.6863 43.7623 0.309761 0.751443 0.65776 0.0518246
90.3223 47.6304 0.714586 0.756355 0.6525 0.0465893
86.9026 51.5363 1.13998 0.756098 0.653166 0.0410996
83.615 55.2864 1.55788 0.747611 0.662827 0.0416923
80.2544 59.0477 1.97773 0.74838 0.661621 0.0467504
76.933 62.7645 2.37925 0.749354 0.660218 0.0508062
73.6043 66.5245 2.78427 0.742564 0.669348 0.0238995
70.2234 70.2534 3.18368 0.741151 0.670973 0.0221319
66.7763 73.9406 3.57598 0.728542 0.684009 0.0368651
63.3713 77.6167 3.96695 0.737001 0.67518 0.0310131
59.9705 81.2714 4.34333 0.722339 0.690767 0.032683
56.4654 84.9416 4.71159 0.726366 0.6868 0.0264204
52.8811 88.6785 5.09132 0.720447 0.692968 0.0274232
49.3872 92.2548 5.4474 0.712665 0.700513 0.0372871
45.75 95.8878 5.79793 0.699128 0.714445 0.0280705
42.0644 99.467 6.1154 0.690783 0.722573 0.0265951
38.4174 102.938 6.40792 0.686399 0.727019 0.0173194
34.713 106.336 6.66344 0.673334 0.738987 0.0227695
30.9855 109.716 6.87716 0.673469 0.738032 0.0418167
27.2249 113.134 7.07183 0.673658 0.737295 0.0508023
23.4118 116.564 7.27056 0.66633 0.742917 0.0638589
19.5549 119.945 7.53487 0.642013 0.761187 0.0917271
15.6825 123.094 7.90969 0.625659 0.766942 0.142655
11.6093 125.931 8.48476 0.578379 0.763636 0.286946
10.8663 126.438 8.63347 0.568184 0.768543 0.294124
11.4575 122.148 20.2772 0.135675 0.955523 0.261857
6.38843 122.46 20.2031 -0.0346402 0.894904 0.444912
1.39954 122.14 19.9163 -0.104433 0.81525 0.569615
-3.52577 121.399 19.4539 -0.219236 0.746083 0.628726
-8.49193 120.215 18.7443 -0.293075 0.731744 0.615351
-13.2491 118.874 17.9663 -0.319289 0.730158 0.604089
-18.058 117.283 17.0399 -0.361116 0.7335 0.575824
-21.8034 116.022 16.3133 -0.353966 0.739961 0.571985
-22.0335 119.395 11.7431 -0.360735 0.744586 0.56166
-17.3293 121.096 12.5493 -0.384849 0.730393 0.564284
-12.7061 122.831 13.4088 -0.349553 0.744888 0.568291
-7.95466 124.326 14.1962 -0.269113 0.740488 0.615837
-3.07266 125.333 14.7722 -0.175805 0.754604 0.632191
1.99846 125.741 15.0605 -0.0225629 0.799203 0.600637
6.98278 125.213 14.8725 0.101165 0.848942 0.518713
12.0101 123.931 14.5945 0.380277 0.880102 0.284272
16.3983 121.427 14.2033 0.53413 0.828563 0.167892
20.3467 118.58 14.0096 0.622442 0.780147 0.062745
1.49691 118.753 24.7352 -0.249681 0.783594 0.568893
-3.35761 117.653 24.091 -0.256172 0.750989 0.608598
-8.27167 116.462 23.3898 -0.283048 0.740589 0.609436
-13.1537 115.136 22.5777 -0.31128 0.735042 0.602344
-17.9328 113.674 21.6468 -0.346012 0.731188 0.587911
-22.5386 112.254 20.7112 -0.347072 0.739982 0.576167
-24.4366 108.111 24.885 -0.34446 0.740662 0.57686
-19.7026 109.493 25.8889 -0.335159 0.737294 0.586571
-14.8215 110.894 26.8515 -0.315663 0.738578 0.5957
-9.91688 112.228 27.7376 -0.300233 0.738902 0.603228
-5.27428 113.412 28.4448 -0.273824 0.748202 0.60433
-8.83118 108.721 32.585 -0.292424 0.742143 0.603086
-13.7453 107.456 31.7038 -0.311228 0.740306 0.59589
-18.5169 106.132 30.7518 -0.330382 0.735445 0.591581
-23.2574 104.8 29.7349 -0.336575 0.735257 0.588314
-27.6696 103.531 28.7376 -0.348699 0.728497 0.589662
-32.5619 98.269 31.9969 -0.412989 0.696714 0.586541
-27.9111 99.7327 33.2282 -0.356835 0.720232 0.594924
-23.1557 101.104 34.355 -0.345025 0.726536 0.594225
-18.4391 102.434 35.4281 -0.318738 0.744091 0.587141
-13.5589 103.7 36.3954 -0.300405 0.736407 0.606186
-10.7187 104.421 36.916 -0.299343 0.733126 0.610672
-11.4905 100.311 41.4481 -0.292938 0.728194 0.619613
-16.289 99.1447 40.4753 -0.306759 0.713299 0.630162
-21.0302 97.8659 39.42 -0.340326 0.714084 0.61177
-25.738 96.574 38.334 -0.344294 0.704339 0.620781
-30.4573 95.1071 37.0588 -0.392215 0.687913 0.610691
-35.059 93.5975 35.7262 -0.406071 0.69095 0.598076
-37.6622 92.726 34.9393 -0.412977 0.685894 0.599165
-42.7175 87.1074 37.7505 -0.44378 0.665465 0.60018
-38.1373 88.7019 39.233 -0.41266 0.672657 0.614202
-33.4063 90.2442 40.6484 -0.400113 0.686476 0.607174
-28.7925 91.686 41.9525 -0.383138 0.688441 0.615836
-24.1236 93.0499 43.1728 -0.360427 0.693266 0.624079
-19.3565 94.3197 44.2836 -0.327275 0.694467 0.640785
-14.5292 95.5539 45.366 -0.315085 0.694883 0.64642
-11.4777 96.3005 46.0214 -0.303004 0.705067 0.641147
-11.5019 92.149 50.4208 -0.298709 0.692227 0.656959
-16.265 91.0113 49.4009 -0.317098 0.69195 0.648579
-21.0678 89.7698 48.2887 -0.332991 0.686379 0.64653
-25.8136 88.4791 47.0999 -0.361635 0.676302 0.641744
-30.594 87.0954 45.8145 -0.393999 0.66555 0.633883
-35.2152 85.636 44.4613 -0.394743 0.667685 0.63117
-39.85 84.1129 43.028 -0.413166 0.674362 0.611989
-44.3969 82.5319 41.5149 -0.442342 0.660783 0.606382
-47.3841 81.4653 40.4844 -0.453206 0.655612 0.603967
-51.9921 75.7213 43.0808 -0.465554 0.643117 0.607997
-47.5245 77.3833 44.7255 -0.453673 0.641218 0.618887
-42.979 79.0089 46.3186 -0.427837 0.645432 0.632751
-38.3713 80.5514 47.8139 -0.420911 0.651927 0.630734
-33.7879 81.9908 49.1997 -0.391765 0.667102 0.633637
-29.0707 83.3779 50.5378 -0.372473 0.662813 0.649571
-24.3854 84.6924 51.7674 -0.351257 0.668751 0.655279
-19.6276 85.9797 52.9641 -0.338495 0.67129 0.659387
-14.7853 87.1925 54.0977 -0.309976 0.681713 0.662708
-11.4908 87.9544 54.8085 -0.296116 0.683029 0.667673
-11.3461 83.707 59.1285 -0.288833 0.672541 0.681369
-16.2206 82.5897 58.0457 -0.326625 0.661905 0.674683
-20.9516 81.4048 56.9172 -0.322599 0.66562 0.672964
-25.6935 80.1759 55.7466 -0.358929 0.664889 0.655051
-30.3971 78.8459 54.4615 -0.368257 0.667669 0.646997
-35.0116 77.459 53.1057 -0.409311 0.651316 0.638946
-39.5765 75.9862 51.6566 -0.426039 0.641253 0.638189
-44.114 74.4546 50.1375 -0.438905 0.63039 0.64029
-48.6323 72.8583 48.5449 -0.460416 0.633495 0.621853
-53.236 71.1721 46.8492 -0.463518 0.634815 0.618192
-56.2903 70.0459 45.7105 -0.465016 0.633808 0.6181
-60.7634 64.2791 48.2239 -0.471236 0.627281 0.620044
-56.3011 65.9331 49.9313 -0.469351 0.625657 0.623107
-51.8475 67.5541 51.5833 -0.450662 0.631593 0.630868
-47.3287 69.1758 53.2256 -0.443862 0.616893 0.649946
-42.7244 70.7146 54.776 -0.428504 0.626249 0.651304
-38.1442 72.2084 56.2854 -0.415727 0.632015 0.654009
-33.4888 73.6594 57.7462 -0.393472 0.626921 0.67242
-28.809 75.0126 59.0837 -0.366202 0.632295 0.682715
-24.0421 76.2916 60.3408 -0.34817 0.639876 0.685081
-19.1966 77.5124 61.54 -0.32834 0.653423 0.682078
-14.4393 78.6897 62.6827 -0.313372 0.662539 0.680323
-11.3322 79.4146 63.3693 -0.2922 0.674922 0.677568
-11.6097 75.008 67.5418 -0.30447 0.651749 0.694638
-16.418 73.8514 66.3985 -0.329073 0.644433 0.69023
-21.1812 72.6629 65.1891 -0.336661 0.641355 0.689437
-25.9187 71.4435 63.964 -0.364254 0.632085 0.68395
-30.6324 70.1101 62.6042 -0.375684 0.631037 0.678715
-35.3987 68.7318 61.2012 -0.38318 0.629805 0.675662
-39.9777 67.2998 59.7466 -0.422405 0.619029 0.662101
-44.5431 65.8015 58.2286 -0.427159 0.627982 0.650518
-49.1643 64.2554 56.6605 -0.446409 0.621697 0.643593
-53.7601 62.6499 55.0274 -0.450418 0.616963 0.645353
-58.3635 60.9858 53.3237 -0.468498 0.612962 0.636229
-62.8219 59.2825 51.5627 -0.485842 0.608986 0.626973
-65.1648 58.3814 50.6229 -0.485646 0.605943 0.630064
-69.0681 52.5754 53.1589 -0.493 0.601827 0.628296
-64.6924 54.2916 54.9519 -0.490954 0.608815 0.623144
-60.2874 56.0005 56.7081 -0.474878 0.609953 0.634388
-55.8319 57.6123 58.3501 -0.456778 0.611144 0.646418
-51.3301 59.2227 59.9826 -0.453099 0.611499 0.648668
-46.7284 60.8252 61.6048 -0.427349 0.627769 0.650599
-42.0666 62.3699 63.1689 -0.416956 0.63211 0.653135
-37.4554 63.807 64.6423 -0.398203 0.630621 0.666146
-32.8249 65.1893 66.0695 -0.392176 0.635224 0.665349
-28.1589 66.4759 67.3932 -0.362212 0.632569 0.684587
-23.3535 67.7282 68.6848 -0.341493 0.634962 0.692969
-18.5632 68.9424 69.9183 -0.328977 0.646836 0.688024
-13.7875 70.0947 71.1116 -0.328663 0.645177 0.68973
-11.3204 70.6761 71.7185 -0.313212 0.653236 0.689334
-11.2039 66.3013 75.888 -0.319737 0.648765 0.690559
-16.0385 65.1667 74.6801 -0.333254 0.64584 0.686901
-20.7803 64.0158 73.4513 -0.335577 0.643056 0.68838
-25.489 62.8166 72.1854 -0.34885 0.639406 0.685174
-30.1514 61.572 70.876 -0.365274 0.635442 0.680286
-34.8819 60.246 69.4929 -0.391666 0.627119 0.67329
-39.5345 58.856 68.05 -0.408302 0.625463 0.664895
-44.2053 57.3888 66.5487 -0.423125 0.62039 0.660364
-48.7298 55.8381 64.9713 -0.441004 0.613424 0.655154
-53.2305 54.241 63.3684 -0.451256 0.614568 0.647051
-57.7115 52.6338 61.7557 -0.463579 0.606013 0.646408
-62.1927 50.9201 60.0318 -0.481984 0.594999 0.64317
-66.5755 49.2102 58.3031 -0.485487 0.595105 0.640431
-70.9833 47.434 56.4765 -0.506461 0.588042 0.630638
-73.4176 46.4426 55.4415 -0.50917 0.587557 0.628906
-51.5168 50.5535 68.0338 -0.444206 0.611056 0.655203
-47.0001 52.1356 69.6137 -0.437623 0.612828 0.657973
-42.3422 53.6519 71.1617 -0.419266 0.614886 0.667931
-37.7339 55.0543 72.6104 -0.386605 0.616573 0.685838
-33.1077 56.3811 74.0139 -0.378843 0.618434 0.688489
-28.4028 57.6755 75.4035 -0.371329 0.622793 0.688654
-23.7306 58.8776 76.7229 -0.347448 0.631082 0.693552
-18.9918 60.0413 78.0041 -0.338012 0.632552 0.696869
-14.1766 61.1968 79.2903 -0.32736 0.636453 0.6984
-11.2501 61.8665 80.0141 -0.314147 0.645786 0.695896
-11.36 57.3446 84.0617 -0.316113 0.633041 0.706634
-16.1162 56.2603 82.8182 -0.344763 0.623022 0.702127
-20.8622 55.1233 81.5051 -0.340631 0.625435 0.701998
-25.6287 53.9662 80.1826 -0.36037 0.622376 0.694825
-30.3404 52.7474 78.8052 -0.377306 0.622386 0.685766
-34.9849 51.4572 77.3986 -0.387401 0.618447 0.683699
-38.4916 50.4361 76.3001 -0.394602 0.619244 0.678842
-29.7209 48.4971 82.945 -0.355441 0.618792 0.700541
-25.0415 49.6499 84.3092 -0.349522 0.618015 0.704196
-20.1341 50.7934 85.6885 -0.341268 0.621585 0.705101
-15.352 51.8995 87.0316 -0.329763 0.622798 0.709492
-11.3341 52.7975 88.0926 -0.321866 0.627925 0.708599
-11.1623 48.2489 92.1622 -0.326709 0.614388 0.718184
-15.9323 47.2123 90.8385 -0.338524 0.615336 0.711873
-20.7049 46.1492 89.458 -0.343424 0.615237 0.709608
-22.8122 45.6702 88.8531 -0.343721 0.614449 0.710146
-16.2094 42.5489 94.6766 -0.337181 0.606836 0.719763
-11.4052 43.5375 96.0509 -0.328996 0.608827 0.721867
-11.1934 43.5806 96.111 -0.329001 0.608848 0.721847
69.317 68.3374 26.8846 0.738875 0.665208 0.107526
72.6963 64.6183 26.4903 0.742712 0.660395 0.110711
76.0727 60.903 26.0814 0.739839 0.663803 0.109564
79.4292 57.1692 25.6579 0.750155 0.6532 0.102945
82.7894 53.348 25.1771 0.755767 0.645777 0.108578
86.1 49.5705 24.6744 0.753621 0.647363 0.113912
89.4105 45.8123 24.1294 0.753657 0.647319 0.11393
92.7705 41.9836 23.542 0.760352 0.638554 0.118805
94.4479 40.0429 23.2295 0.760586 0.638573 0.117188
94.9547 40.7192 15.534 0.761131 0.642499 0.0887351
91.7009 44.484 16.0438 0.753895 0.651774 0.0826561
88.4004 48.2298 16.5353 0.750471 0.653435 0.0990695
85.0797 51.9915 17.0137 0.751138 0.653516 0.0933171
81.7255 55.7611 17.4775 0.748015 0.657557 0.0899623
78.3966 59.5224 17.9181 0.757318 0.646241 0.0940279
75.0952 63.2741 18.3384 0.742399 0.660181 0.114039
71.7107 66.9563 18.7355 0.734935 0.671732 0.0929864
68.2535 70.6877 19.116 0.735856 0.670808 0.0923689
64.8061 74.4208 19.4861 0.73658 0.670171 0.0912197
61.4005 78.1408 19.8239 0.735588 0.670621 0.0957985
57.9115 81.881 20.1394 0.73083 0.675963 0.0946698
57.8878 81.9063 20.1418 0.730823 0.675969 0.0946759
46.0922 95.0996 13.3749 0.714558 0.697713 0.0510133
49.6798 91.4532 13.1037 0.717112 0.694673 0.0563908
53.2386 87.7781 12.7958 0.721559 0.689593 0.0617687
56.7274 84.1293 12.4709 0.731934 0.677663 0.0710234
60.1653 80.4328 12.132 0.736443 0.672765 0.0709836
63.5797 76.7486 11.7784 0.730412 0.679913 0.0649309
67.0677 73.0341 11.41 0.729587 0.679354 0.0786218
70.5123 69.3003 11.0208 0.746875 0.659504 0.0850447
73.9775 65.4433 10.6081 0.747996 0.660027 0.069754
77.3097 61.7028 10.1995 0.749964 0.658647 0.0611436
80.6341 57.9669 9.77892 0.749963 0.658253 0.0652602
83.9449 54.2324 9.35238 0.751036 0.657166 0.0638645
87.3184 50.4214 8.89497 0.751102 0.657065 0.0641277
90.6326 46.6559 8.4491 0.756362 0.65167 0.0569509
93.9262 42.8578 8.01718 0.757914 0.650015 0.0552094
95.9291 40.5427 7.76092 0.757701 0.6502 0.0559328
94.214 38.8182 30.9199 0.758413 0.637006 0.137956
90.9355 42.5474 31.6058 0.759404 0.637862 0.128209
87.6292 46.363 32.2485 0.76111 0.635834 0.128163
84.3709 50.1372 32.8236 0.757338 0.64219 0.118452
81.0378 53.9618 33.3486 0.75528 0.644677 0.118084
80.7381 54.2987 33.3948 0.747736 0.651841 0.126471
91.1529 40.5681 39.3922 0.764369 0.627096 0.149968
94.4322 36.7591 38.5958 0.764814 0.626782 0.14901
95.1767 35.8964 38.4047 0.764355 0.627292 0.149217
22.0937 117.423 -12.6397 0.647584 0.758863 -0.0690095
18.1705 120.721 -12.3502 0.617949 0.775781 -0.127683
14.0749 123.632 -12.3011 0.515611 0.826822 -0.224747
9.58016 125.929 -12.4334 0.315466 0.862054 -0.396666
7.02588 126.813 -12.5452 0.238252 0.821634 -0.517836
15.253 121.553 -18.2156 0.414102 0.894875 -0.166489
10.5751 123.296 -17.9871 0.207495 0.916924 -0.340876
5.53961 123.94 -17.6593 0.0421596 0.852548 -0.520946
0.396245 123.987 -17.1913 -0.128691 0.753138 -0.645152
-4.60664 123.401 -16.4015 -0.247114 0.725368 -0.642476
-9.52854 122.375 -15.4947 -0.289395 0.734827 -0.613417
-14.2716 120.976 -14.4934 -0.354882 0.744693 -0.565235
-18.9467 119.473 -13.5523 -0.355306 0.734715 -0.577886
-21.8767 118.517 -12.9649 -0.350693 0.737492 -0.577165
-22.5603 121.439 -8.36493 -0.354974 0.803045 -0.478656
-17.8495 123.147 -9.10509 -0.369837 0.795367 -0.480221
-13.2206 124.854 -9.92548 -0.38304 0.766667 -0.515269
-8.51073 126.471 -10.9585 -0.349019 0.733925 -0.5827
-8.28453 126.536 -11.0098 -0.345514 0.735396 -0.582935
-13.8149 127.589 -4.33097 -0.470873 0.850239 -0.235315
-18.4251 125.484 -3.82162 -0.42423 0.86893 -0.254929
-23.0094 123.531 -3.39555 -0.361975 0.885122 -0.29246
-23.1126 123.493 -3.38753 -0.340464 0.893006 -0.29432
-23.1978 124.003 1.88997 -0.335205 0.917191 0.215405
-18.4338 125.745 1.96993 -0.361616 0.917777 0.164073
-14.2993 127.781 2.1215 -0.50406 0.853298 0.133439
-11.0031 127.162 8.64185 -0.427715 0.770488 0.472661
-15.5119 125.103 7.86618 -0.424736 0.801324 0.421282
-20.1437 123.113 7.25117 -0.361771 0.819049 0.445287
-22.6543 122.195 6.98529 -0.339403 0.846873 0.409403
-21.91 115.086 -17.2965 -0.354518 0.733233 -0.580246
-17.1169 116.516 -18.3596 -0.34126 0.72672 -0.596171
-12.2124 117.88 -19.3979 -0.322047 0.719073 -0.615808
-7.34436 119.033 -20.3549 -0.272741 0.730849 -0.625677
-2.29666 119.98 -21.2898 -0.238048 0.758036 -0.607219
2.6016 120.716 -22.1395 -0.187073 0.815022 -0.5484
6.79072 121.089 -22.7646 -0.102267 0.890638 -0.443065
-1.23159 116.565 -25.9253 -0.269695 0.746557 -0.608208
-6.13054 115.545 -24.9724 -0.275892 0.735763 -0.618496
-10.9294 114.469 -24.0096 -0.297766 0.728021 -0.617511
-15.7109 113.301 -23.0262 -0.314322 0.734111 -0.6019
-20.5957 112.002 -21.9547 -0.335984 0.734754 -0.589281
-22.7767 111.392 -21.4447 -0.350998 0.734658 -0.580584
-24.8178 107.371 -25.3181 -0.34238 0.73686 -0.582935
-20.0611 108.624 -26.4422 -0.33054 0.735594 -0.591308
-15.3057 109.816 -27.4964 -0.310165 0.73636 -0.601309
-10.4608 110.953 -28.503 -0.288908 0.742987 -0.603741
-5.9964 111.96 -29.3859 -0.282902 0.743446 -0.606016
-9.0291 107.717 -33.1988 -0.288731 0.747634 -0.598062
-13.9308 106.579 -32.1876 -0.301018 0.745097 -0.595162
-18.7488 105.408 -31.1273 -0.322541 0.739109 -0.591341
-23.4799 104.205 -30.0138 -0.330498 0.738088 -0.588216
-27.9526 103.048 -28.9101 -0.353379 0.73464 -0.579161
-32.4028 98.081 -31.8989 -0.399894 0.676042 -0.618912
-27.6714 99.4611 -33.2786 -0.372708 0.688757 -0.621854
-22.9468 100.776 -34.5394 -0.345532 0.71911 -0.6029
-18.199 101.994 -35.6781 -0.318425 0.738846 -0.593896
-13.4347 103.142 -36.72 -0.300409 0.742399 -0.59883
-10.7298 103.762 -37.2823 -0.294538 0.741182 -0.603239
-11.3961 99.9838 -41.5533 -0.30841 0.730989 -0.608718
-16.2221 98.8064 -40.4921 -0.32258 0.720275 -0.614122
-21.0949 97.521 -39.3026 -0.351597 0.701323 -0.620102
-25.8649 96.2009 -38.0432 -0.368528 0.697696 -0.614335
-30.5483 94.8166 -36.6809 -0.415997 0.680665 -0.603027
-35.2137 93.3295 -35.1844 -0.425034 0.668304 -0.610505
-36.9328 92.756 -34.5935 -0.437607 0.65436 -0.616695
-41.3377 87.2049 -37.1052 -0.464165 0.64925 -0.602515
-36.8924 88.816 -38.7752 -0.463554 0.641474 -0.611252
-32.3281 90.3769 -40.3583 -0.429227 0.661551 -0.61491
-27.6383 91.8957 -41.8572 -0.384671 0.689191 -0.614039
-22.9706 93.2375 -43.1435 -0.357431 0.705949 -0.611457
-18.2082 94.5529 -44.3669 -0.343893 0.710791 -0.613607
-13.2963 95.8186 -45.51 -0.317465 0.715325 -0.622515
-11.4771 96.2616 -45.9015 -0.297325 0.714722 -0.633064
-11.3979 92.4655 -50.2394 -0.305572 0.714533 -0.62934
-16.2458 91.2264 -49.1418 -0.332908 0.70373 -0.627644
-21.0346 89.953 -47.9766 -0.347871 0.69621 -0.627916
-25.682 88.592 -46.7002 -0.386913 0.676255 -0.626879
-30.3059 87.124 -45.2848 -0.427159 0.665669 -0.611899
-34.8963 85.5579 -43.7377 -0.435319 0.659928 -0.612366
-39.4645 83.9093 -42.0703 -0.458375 0.650434 -0.605664
-43.9367 82.25 -40.3411 -0.478359 0.629569 -0.612222
-45.5352 81.6183 -39.6729 -0.512091 0.609495 -0.60521
-49.615 75.7314 -42.0624 -0.531983 0.598833 -0.598659
-45.2867 77.5539 -43.9512 -0.51266 0.607917 -0.606314
-40.9019 79.2947 -45.7391 -0.482436 0.623249 -0.615481
-36.4756 80.9579 -47.4119 -0.458552 0.639029 -0.617553
-31.9329 82.5804 -49.0034 -0.433722 0.656171 -0.617515
-27.3539 84.138 -50.4971 -0.413938 0.666728 -0.619781
-22.7476 85.5696 -51.8356 -0.381789 0.679991 -0.625979
-18.0362 86.8846 -53.0315 -0.338366 0.704557 -0.623784
-13.2161 88.1975 -54.1899 -0.336056 0.709498 -0.619418
-11.4014 88.6761 -54.607 -0.329109 0.710058 -0.622499
-11.3067 84.909 -59.0494 -0.341269 0.715766 -0.609274
-16.0613 83.5852 -57.9066 -0.350245 0.710924 -0.609848
-20.8787 82.1835 -56.654 -0.381819 0.680261 -0.625667
-25.5273 80.7287 -55.3218 -0.407024 0.665695 -0.625445
-30.1585 79.1396 -53.8362 -0.439068 0.644605 -0.625862
-34.8017 77.4604 -52.2308 -0.46936 0.633832 -0.614783
-39.289 75.7679 -50.5801 -0.469995 0.625103 -0.623179
-43.7426 73.9935 -48.8205 -0.499534 0.614393 -0.610727
-48.0489 72.1904 -46.9963 -0.514751 0.615371 -0.59695
-52.3743 70.3213 -45.0446 -0.53988 0.598578 -0.591806
-53.6616 69.7445 -44.446 -0.543361 0.59565 -0.591574
-57.8509 63.5604 -46.7832 -0.554306 0.587219 -0.589846
-53.5274 65.5489 -48.8198 -0.537787 0.597611 -0.594682
-49.2784 67.4459 -50.7375 -0.532156 0.59763 -0.599707
-44.9681 69.2813 -52.5585 -0.504367 0.618306 -0.602753
-40.5868 71.0719 -54.2992 -0.482555 0.626832 -0.611737
-36.1078 72.8599 -56.016 -0.481886 0.618595 -0.620586
-31.6559 74.5484 -57.6157 -0.457315 0.632596 -0.625049
-27.0389 76.1821 -59.1375 -0.427373 0.655415 -0.622723
-22.3491 77.7369 -60.5562 -0.398285 0.669743 -0.626748
-17.6036 79.2257 -61.8857 -0.366228 0.687911 -0.626623
-12.8972 80.6214 -63.097 -0.365337 0.696767 -0.617289
-11.1861 81.1267 -63.5292 -0.358577 0.704149 -0.612859
-11.0031 77.3062 -68.0079 -0.37511 0.696619 -0.611567
-15.6622 75.8619 -66.7684 -0.386745 0.687757 -0.614344
-20.2689 74.3846 -65.4744 -0.395895 0.675731 -0.621815
-24.9476 72.8046 -64.0563 -0.421544 0.662996 -0.618658
-29.4708 71.2117 -62.5968 -0.45705 0.635518 -0.622272
-33.9516 69.5192 -61.029 -0.464093 0.634128 -0.618466
-38.4212 67.7533 -59.364 -0.476941 0.62548 -0.617496
-42.8076 65.9968 -57.7057 -0.501153 0.614382 -0.60941
-47.1889 64.1152 -55.9164 -0.521872 0.603528 -0.602829
-51.4162 62.187 -54.0558 -0.5467 0.591224 -0.592936
-55.7178 60.19 -52.0958 -0.547995 0.588387 -0.59456
-59.8857 58.1776 -50.1011 -0.566061 0.575279 -0.590448
-61.9228 57.1811 -49.1126 -0.572503 0.571359 -0.588038
-53.1757 57.0287 -57.575 -0.551249 0.588314 -0.591618
-48.9352 59.0699 -59.4647 -0.532606 0.600531 -0.5964
-44.6133 60.9909 -61.2351 -0.505748 0.60842 -0.611592
-40.2048 62.8157 -62.9201 -0.484726 0.616652 -0.620307
-35.776 64.6146 -64.5867 -0.484014 0.616608 -0.620906
-31.3289 66.3548 -66.2017 -0.458945 0.63587 -0.620515
-26.6953 68.0873 -67.7754 -0.433937 0.650065 -0.62379
-22.0712 69.7408 -69.2657 -0.420441 0.661759 -0.620729
-17.3205 71.3406 -70.6782 -0.405607 0.671442 -0.620201
-12.6363 72.877 -72.0157 -0.393988 0.688994 -0.608326
-11.0603 73.3906 -72.456 -0.394363 0.692138 -0.604503
-10.8845 69.5104 -76.9686 -0.40592 0.682424 -0.607886
-15.5453 67.9196 -75.5923 -0.41616 0.670263 -0.614458
-20.1554 66.3227 -74.1827 -0.419079 0.660142 -0.623366
-24.7873 64.668 -72.6993 -0.444571 0.640075 -0.626626
-29.3793 62.9317 -71.1312 -0.456185 0.632362 -0.62611
-33.7977 61.186 -69.5367 -0.476047 0.621856 -0.621831
-38.2109 59.4059 -67.8952 -0.487601 0.616922 -0.61778
-42.5896 57.5572 -66.2098 -0.509209 0.608032 -0.609101
-46.2537 55.9777 -64.7896 -0.507757 0.597331 -0.620788
-41.2171 53.9165 -70.9666 -0.499834 0.606692 -0.618135
-36.8242 55.7785 -72.6563 -0.487833 0.622254 -0.612225
-32.4101 57.5364 -74.2555 -0.469902 0.622978 -0.625373
-27.9507 59.2771 -75.8388 -0.459988 0.628504 -0.627211
-23.4467 60.976 -77.3775 -0.453903 0.634687 -0.625415
-18.9434 62.6298 -78.8675 -0.438195 0.650787 -0.62005
-14.3551 64.2845 -80.3435 -0.424856 0.669734 -0.60906
-10.9551 65.4807 -81.3936 -0.425033 0.672574 -0.605798
-10.8381 61.4909 -85.8681 -0.441056 0.657997 -0.610336
-15.453 59.7939 -84.3498 -0.44308 0.656929 -0.610019
-20.0884 58.0666 -82.7897 -0.452552 0.642174 -0.618716
-24.7295 56.3129 -81.193 -0.463532 0.628948 -0.624149
-29.1902 54.5743 -79.6014 -0.469915 0.621596 -0.626737
-33.7032 52.8008 -77.972 -0.469894 0.620068 -0.628263
-36.6441 51.6094 -76.8827 -0.486043 0.607191 -0.628554
-33.3775 48.6859 -82.2372 -0.486755 0.607659 -0.627552
-28.8199 50.489 -83.9233 -0.47291 0.619481 -0.626577
-24.3522 52.2437 -85.5547 -0.472229 0.622927 -0.623668
-19.9122 53.9483 -87.1304 -0.461158 0.63187 -0.622955
-15.4542 55.6525 -88.6967 -0.457216 0.646532 -0.610696
-10.8326 57.4116 -90.2943 -0.457571 0.647212 -0.60971
-10.8053 57.422 -90.3038 -0.455613 0.649237 -0.609022
-10.5925 53.3641 -94.7821 -0.46651 0.636536 -0.614158
-15.1938 51.5834 -93.1283 -0.468762 0.635829 -0.613174
-19.6302 49.8366 -91.4908 -0.471097 0.624218 -0.623233
-24.0818 48.1054 -89.8592 -0.475235 0.619306 -0.62499
-28.5356 46.3544 -88.2003 -0.480415 0.613885 -0.626376
-29.7922 45.8545 -87.7263 -0.480414 0.61387 -0.626391
-26.7275 42.7942 -93.0217 -0.482287 0.606035 -0.63255
-22.2493 44.5553 -94.7294 -0.478963 0.60859 -0.632623
-17.7126 46.3562 -96.4712 -0.480221 0.617021 -0.623436
-13.2521 48.1191 -98.1613 -0.478112 0.622676 -0.619422
-10.4604 49.2115 -99.1999 -0.475144 0.634265 -0.609874
-10.3319 44.987 -103.582 -0.488082 0.61775 -0.616573
-14.7871 43.2172 -101.845 -0.493927 0.605454 -0.624068
-19.2079 41.446 -100.088 -0.487059 0.606554 -0.628383
-23.6557 39.6858 -98.3281 -0.485106 0.601437 -0.63478
-24.4425 39.3778 -98.0229 -0.481936 0.602618 -0.636074
-21.9446 36.0185 -103.152 -0.491655 0.597261 -0.633684
-17.5832 37.7414 -104.921 -0.494286 0.599256 -0.629741
-13.0895 39.5315 -106.747 -0.499686 0.60226 -0.622572
-10.3945 40.6227 -107.853 -0.498868 0.602519 -0.622979
-10.3223 36.2225 -112.108 -0.501938 0.595306 -0.62743
-14.6907 34.4887 -110.281 -0.497782 0.594189 -0.631785
-19.0822 32.7583 -108.454 -0.496864 0.593258 -0.63338
-19.3545 32.651 -108.341 -0.497579 0.592965 -0.633093
-17.2363 29.0251 -113.313 -0.495624 0.578769 -0.647598
-12.8235 30.7354 -115.188 -0.499288 0.575763 -0.647462
-10.3271 31.7119 -116.259 -0.504695 0.574413 -0.644464
-10.1992 27.1586 -120.364 -0.507751 0.560372 -0.654348
-14.5603 25.4753 -118.442 -0.503896 0.563393 -0.654734
-14.6034 25.4587 -118.423 -0.503948 0.563421 -0.654671
-12.0543 21.7701 -123.467 -0.502532 0.549004 -0.667874
-10.3127 22.4205 -124.242 -0.506002 0.54318 -0.670014
-10.0149 17.7816 -128.215 -0.49675 0.537702 -0.68126
-10.9298 17.4512 -127.806 -0.500225 0.539486 -0.677296
-12.6534 12.0635 -130.79 -0.491932 0.53687 -0.6854
-8.82073 13.4103 -132.5 -0.494025 0.532863 -0.68702
-8.74664 13.4363 -132.533 -0.494179 0.532746 -0.687
