-135.404 6.93654 31.7949 -0.81114 0.571102 0.1259
-135.376 6.93311 31.994 -0.814893 0.565733 0.126073
-135.062 6.98899 33.35 -0.799749 0.575653 0.170368
-135.033 6.98313 33.5065 -0.799748 0.575654 0.170367
-131.889 11.5992 32.7451 -0.798827 0.57061 0.19047
-132.613 11.5316 27.762 -0.825949 0.563447 0.0182283
-132.717 11.5881 22.7411 -0.832656 0.553397 0.0201514
-132.51 11.5553 17.6888 -0.831678 0.553279 -0.046827
-132.173 11.6085 12.5859 -0.816326 0.57519 -0.0526027
-131.834 11.6158 7.49295 -0.813952 0.578463 -0.0535038
-131.518 11.6207 2.43172 -0.817727 0.572679 -0.057917
-131.135 11.5715 -2.65669 -0.82118 0.563203 -0.0920075
-130.535 11.5245 -7.67273 -0.832379 0.539726 -0.125859
-129.672 11.5606 -12.6367 -0.828729 0.531995 -0.173751
-128.582 11.5341 -17.5426 -0.822912 0.504667 -0.261012
-126.914 11.4672 -22.3276 -0.804788 0.478902 -0.350464
-124.651 11.3545 -26.7729 -0.762468 0.469724 -0.444975
-122.677 10.3262 -31.1513 -0.736562 0.457079 -0.498553
-121.441 7.80886 -35.3035 -0.74868 0.446941 -0.489613
-120.143 5.29499 -39.435 -0.744725 0.438513 -0.50308
-118.532 3.23953 -43.769 -0.758358 0.435947 -0.484607
-120.173 2.64905 -41.7546 -0.754697 0.43803 -0.488428
-122.948 2.64155 -37.5985 -0.744329 0.437713 -0.504362
-125.792 2.59776 -33.4695 -0.739512 0.444861 -0.505193
-128.595 2.60195 -29.2814 -0.760335 0.468213 -0.450186
-131.241 2.56011 -24.8643 -0.747165 0.483398 -0.456147
-133.533 2.47391 -20.2172 -0.790237 0.531528 -0.304965
-135.333 2.44895 -15.4496 -0.776073 0.573595 -0.26207
-136.464 2.38524 -10.4292 -0.803504 0.582635 -0.122135
-137.248 2.35097 -5.29401 -0.804694 0.581772 -0.118359
-137.833 2.38344 -0.225653 -0.806758 0.586458 -0.0721721
-138.235 2.41507 4.92658 -0.81058 0.582505 -0.0603909
-138.587 2.38277 9.93393 -0.812047 0.581673 -0.0472894
-138.861 2.39601 14.9983 -0.810201 0.584668 -0.0416831
-139.135 2.35253 19.9908 -0.808232 0.587689 -0.0371833
-139.226 2.33685 25.0254 -0.808762 0.588083 0.00758173
-138.974 2.3624 30.0303 -0.803033 0.591423 0.0731918
-138.204 2.33939 35.0837 -0.771793 0.607453 0.18798
-136.77 2.31691 40.0026 -0.75062 0.61017 0.2535
-134.905 2.33383 44.7409 -0.721611 0.602813 0.34043
-132.602 2.36688 49.3465 -0.722575 0.581783 0.373381
-129.934 2.48153 53.8574 -0.69467 0.552043 0.461175
-127.064 2.46007 58.1401 -0.690963 0.549264 0.469978
-124.016 2.48591 62.2584 -0.673115 0.535431 0.510128
-120.905 2.46784 66.3181 -0.660546 0.537315 0.524376
-117.706 2.4728 70.2493 -0.651993 0.538127 0.534158
-114.531 2.44041 74.1135 -0.638341 0.546271 0.542317
-111.208 2.41872 78.0044 -0.631722 0.550492 0.545789
-107.786 2.41452 81.7473 -0.597996 0.564751 0.568732
-104.313 2.42274 85.3882 -0.592597 0.567041 0.572095
-100.742 2.39634 88.9272 -0.572837 0.571671 0.58741
-97.1386 2.37764 92.4179 -0.551201 0.581957 0.597916
-93.4094 2.37285 95.781 -0.538827 0.575737 0.614974
-89.6195 2.36555 99.0519 -0.522339 0.580517 0.624629
-85.725 2.38006 102.292 -0.518068 0.58165 0.627127
-81.8033 2.35956 105.406 -0.473325 0.587332 0.656509
-77.6447 2.38654 108.376 -0.473309 0.590706 0.653487
-73.499 2.38163 111.262 -0.454427 0.592984 0.66473
-69.2955 2.33685 114.097 -0.441183 0.592542 0.673982
-64.961 2.36081 116.824 -0.422255 0.588916 0.689114
-60.5673 2.35013 119.457 -0.41067 0.592314 0.693189
-56.1461 2.36868 122.004 -0.404607 0.584903 0.70298
-51.7144 2.37746 124.484 -0.376819 0.58309 0.719731
-47.1699 2.37371 126.811 -0.36944 0.586013 0.721181
-42.5695 2.33361 129.074 -0.339081 0.583483 0.737951
-37.8991 2.38466 131.163 -0.328121 0.584842 0.741819
-33.3175 2.3553 133.162 -0.315195 0.575966 0.754265
-28.6892 2.36869 135.053 -0.308614 0.577303 0.755962
-23.9383 2.41301 136.922 -0.297727 0.57782 0.759923
-19.2268 2.43948 138.673 -0.283582 0.569299 0.771673
-14.495 2.40807 140.406 -0.272741 0.567408 0.776956
-9.72089 2.46227 142.005 -0.258339 0.569285 0.780497
-4.84668 2.4345 143.571 -0.251577 0.55823 0.790625
-0.0310686 2.48564 145.039 -0.242244 0.556863 0.794494
4.76828 2.44882 146.512 -0.240859 0.551616 0.798565
9.62862 2.67241 147.798 -0.235416 0.550593 0.800891
14.0548 4.97944 147.463 -0.214941 0.562078 0.798667
18.5253 7.41575 146.9 -0.20055 0.570456 0.796467
23.2088 9.54527 146.256 -0.136817 0.594841 0.792115
27.1258 11.5922 145.371 -0.101168 0.59043 0.800723
22.1635 11.5629 144.602 -0.139184 0.561504 0.815684
17.1337 11.587 143.608 -0.170376 0.563233 0.808542
12.1767 11.5752 142.387 -0.220222 0.554153 0.802756
7.40603 11.7605 140.902 -0.234364 0.552341 0.799996
3.17321 13.2317 138.617 -0.246193 0.547531 0.799749
-0.00713113 15.9144 135.763 -0.259686 0.547807 0.79528
-1.96195 19.3855 132.705 -0.273125 0.550953 0.788577
-2.78333 23.3074 129.667 -0.28165 0.554742 0.7829
-2.76706 27.4858 126.69 -0.291983 0.556437 0.777897
-2.84098 31.5163 123.732 -0.303886 0.566895 0.765691
-2.80324 35.5464 120.728 -0.313315 0.572108 0.757975
-2.74343 39.5471 117.686 -0.31706 0.580609 0.749911
-2.77741 43.5646 114.543 -0.325537 0.587413 0.740926
-2.74686 47.4741 111.406 -0.323627 0.59879 0.732609
-2.77164 51.4033 108.148 -0.330209 0.607392 0.722522
-2.71343 55.2978 104.854 -0.323171 0.617517 0.717101
-2.77088 59.0897 101.537 -0.32415 0.627115 0.708275
-2.78362 62.9077 98.1268 -0.32214 0.633986 0.703056
-2.77012 66.6465 94.7162 -0.320475 0.64058 0.69782
-2.80055 70.3331 91.2653 -0.31824 0.653202 0.687059
-2.7821 73.9848 87.7643 -0.313465 0.6622 0.68061
-2.7523 77.6677 84.189 -0.299337 0.672024 0.677332
-2.80438 81.2656 80.6058 -0.295589 0.671911 0.679089
-2.76907 84.8342 77.0349 -0.283009 0.680273 0.676117
-2.78633 88.3958 73.3678 -0.271263 0.695136 0.665735
-2.79515 91.9769 69.6449 -0.258016 0.69575 0.670342
-2.85926 95.4339 66.0035 -0.244867 0.703056 0.667647
-2.84996 98.918 62.3133 -0.232826 0.707113 0.66767
-2.8858 102.378 58.65 -0.21408 0.707331 0.673686
-2.86333 105.833 55.016 -0.212241 0.711522 0.669843
-2.89972 109.23 51.3433 -0.194011 0.72583 0.659948
-2.90042 112.648 47.6345 -0.207213 0.712072 0.670832
-2.80942 116.078 43.9002 -0.246247 0.727857 0.63999
-2.32389 119.41 40.1775 -0.295876 0.738524 0.605838
-0.761076 122.861 36.747 -0.336542 0.736699 0.586523
1.81569 126.23 33.9997 -0.378364 0.737559 0.559327
5.11805 129.455 32.0451 -0.443537 0.74776 0.494075
9.09387 132.215 30.7607 -0.34069 0.873417 0.347956
13.5787 133.788 28.9801 -0.088104 0.977324 0.190921
17.9236 133.813 26.5258 0.205389 0.97864 0.00487996
21.7588 132.344 23.5278 0.425669 0.889697 -0.165061
24.8471 129.537 20.68 0.634933 0.749837 -0.18583
28.1429 126.156 18.6539 0.671362 0.736795 -0.079993
31.8098 122.769 17.753 0.673719 0.738854 -0.0133076
35.4901 119.347 17.9546 0.681379 0.731148 0.033824
38.99 116.01 19.2313 0.675973 0.73298 0.0761577
42.2531 112.683 21.1194 0.680327 0.724152 0.112873
45.4753 109.282 22.9523 0.689894 0.711567 0.1331
48.7098 105.762 24.8524 0.694134 0.705473 0.143131
51.9075 102.229 26.692 0.699539 0.701392 0.136717
55.1102 98.6624 28.5613 0.700811 0.700597 0.13427
58.2278 95.1747 30.3555 0.705452 0.693408 0.146705
61.3716 91.6005 32.1401 0.703606 0.69739 0.136329
64.5022 88.0241 34.0307 0.711635 0.690699 0.128494
67.6879 84.3874 35.753 0.719536 0.683772 0.121337
70.7205 80.8396 37.6258 0.724894 0.678502 0.119008
73.7977 77.21 39.361 0.730769 0.671414 0.123205
76.7965 73.5839 41.1311 0.739876 0.661567 0.122117
79.8546 69.8303 42.832 0.743612 0.656354 0.12744
82.8104 66.1278 44.4917 0.75172 0.64649 0.130255
85.7028 62.3952 46.2121 0.756457 0.639532 0.137011
88.596 58.5897 47.9578 0.756385 0.638906 0.140285
91.5287 54.6867 49.609 0.763489 0.6274 0.153148
94.3991 50.79 51.2571 0.762634 0.626657 0.16028
97.2645 46.8462 52.9193 0.766636 0.620115 0.166511
100.129 42.7814 54.5417 0.777475 0.601974 0.182093
102.813 38.828 56.0755 0.78326 0.59165 0.190919
105.577 34.7168 57.6039 0.776318 0.5956 0.206374
108.194 30.7094 59.1761 0.777423 0.589289 0.219885
110.845 26.6389 60.6424 0.77801 0.58418 0.231159
113.388 22.6272 62.2085 0.77759 0.580015 0.242768
115.451 18.7853 64.6669 0.776015 0.57574 0.257536
116.795 15.3597 68.1349 0.775376 0.570702 0.270355
117.083 12.8295 72.4715 0.771394 0.567865 0.287193
116.141 11.6404 77.2321 0.767028 0.567736 0.298903
114.269 11.6028 82.0201 0.761485 0.571091 0.306588
112.32 11.6076 86.7815 0.756108 0.574775 0.312944
110.381 11.6019 91.4016 0.748431 0.581269 0.319338
108.31 11.6278 96.0478 0.738257 0.593009 0.321429
106.284 11.6563 100.633 0.734393 0.597829 0.321353
104.117 11.7336 105.135 0.692741 0.625977 0.358138
107.328 9.67047 101.952 0.735762 0.597812 0.318238
110.469 7.63307 98.5693 0.73371 0.601132 0.316718
113.511 5.60146 95.111 0.748335 0.587369 0.308208
116.464 3.67928 91.5575 0.757571 0.579751 0.299956
119.007 2.42733 87.4802 0.763233 0.573486 0.297638
120.874 2.44047 82.6541 0.764845 0.572128 0.296111
122.668 2.44535 77.9874 0.766131 0.572878 0.291297
124.483 2.39924 73.244 0.769232 0.571055 0.286668
126.257 2.38867 68.4729 0.766284 0.577758 0.281079
127.96 2.35111 63.7774 0.768937 0.580012 0.268926
129.542 2.37646 59.0358 0.768936 0.586288 0.254958
131.042 2.36049 54.2504 0.775234 0.590273 0.224922
132.45 2.35837 49.4002 0.772456 0.595264 0.221296
133.809 2.35421 44.5058 0.773758 0.598595 0.207324
135.104 2.31218 39.6523 0.777022 0.602832 0.181189
136.242 2.2914 34.7655 0.769203 0.613619 0.17832
137.297 2.30507 29.7581 0.773743 0.615524 0.149843
138.267 2.30241 24.6922 0.778519 0.61035 0.146219
139.109 2.31044 19.6551 0.77961 0.613569 0.125465
139.876 2.319 14.7038 0.778948 0.617177 0.111053
140.555 2.29707 9.73793 0.780844 0.61709 0.0973753
141.161 2.2856 4.66544 0.781329 0.618306 0.084979
141.597 2.30969 -0.333556 0.783644 0.617608 0.0668075
142.002 2.31314 -5.36444 0.781299 0.621783 0.0543751
142.346 2.28558 -10.3537 0.782148 0.621407 0.0458005
142.599 2.28062 -15.3653 0.781926 0.62286 0.0252065
142.691 2.27476 -20.4283 0.784447 0.620131 0.00894123
142.713 2.28624 -25.5187 0.781238 0.62417 -0.00871845
142.569 2.30094 -30.5306 0.78514 0.618727 -0.0270532
142.36 2.2762 -35.617 0.783384 0.619849 -0.0457936
142.047 2.28405 -40.7084 0.782952 0.620216 -0.0481488
140.854 3.32431 -45.5558 0.780318 0.622178 -0.0632311
139.284 4.79199 -50.2664 0.777191 0.625523 -0.0685192
137.519 6.42745 -54.7274 0.778072 0.622744 -0.0824229
135.734 8.04057 -59.1515 0.777883 0.621382 -0.0937127
133.665 9.88471 -63.5199 0.777309 0.619537 -0.10938
131.565 11.7478 -67.7926 0.777938 0.617496 -0.116236
129.376 13.6919 -71.8589 0.781721 0.609302 -0.132905
127.284 16.0576 -73.3808 0.784263 0.604578 -0.139341
125.301 19.345 -70.0565 0.785416 0.605978 -0.126143
122.797 23.0264 -67.7334 0.786085 0.608217 -0.110189
119.998 26.9026 -66.111 0.781537 0.615003 -0.104737
117.133 30.7775 -64.4296 0.777352 0.621523 -0.0971212
114.25 34.6009 -62.7626 0.775819 0.625038 -0.0862093
111.354 38.3852 -61.1153 0.770003 0.632991 -0.080117
108.429 42.1155 -59.4341 0.765371 0.64053 -0.0626685
105.459 45.7636 -57.6627 0.757229 0.651801 -0.0419619
102.368 49.4187 -55.9256 0.751795 0.658558 -0.0332519
99.2397 53.0288 -54.0559 0.742971 0.668587 -0.0313781
96.0166 56.6416 -52.287 0.735606 0.676669 -0.0316658
92.8526 60.1236 -50.3216 0.726665 0.686236 -0.0322311
89.6673 63.5767 -48.5935 0.724484 0.688407 -0.0349157
86.4739 67.0225 -46.7597 0.722856 0.69013 -0.0346387
83.262 70.4567 -44.9086 0.717804 0.695462 -0.0330274
80.0749 73.8306 -43.0324 0.714952 0.698048 -0.0396665
76.8644 77.2166 -41.2267 0.712012 0.700904 -0.042106
73.6501 80.5774 -39.2986 0.705136 0.707333 -0.0496066
70.3911 83.9757 -37.3816 0.702261 0.709018 -0.0642097
67.1468 87.3581 -35.4958 0.700563 0.710247 -0.0689967
63.9109 90.7073 -33.637 0.693578 0.71655 -0.0742066
60.6486 94.0552 -31.7515 0.691104 0.717925 -0.0834156
57.3187 97.455 -29.8088 0.686182 0.722584 -0.083826
53.9718 100.865 -27.9004 0.683512 0.723761 -0.0947329
50.702 104.186 -26.0075 0.677639 0.729067 -0.0962616
47.3054 107.596 -24.0551 0.676611 0.729311 -0.1015
43.9806 110.956 -22.1415 0.678703 0.727674 -0.0992487
40.6243 114.329 -20.2011 0.684231 0.725286 -0.0760775
37.2666 117.641 -18.4969 0.683304 0.728612 -0.0470756
33.5311 121.114 -17.7425 0.668472 0.743734 0.00197059
29.7411 124.525 -18.1395 0.668795 0.740373 0.0673029
26.304 127.809 -19.7052 0.668099 0.732913 0.128386
23.3103 131.103 -22.0856 0.615921 0.749088 0.243573
20.1795 133.749 -24.4984 0.422207 0.889623 0.174098
19.1417 133.501 -19.6775 0.517703 0.850035 0.0967319
19.252 133.317 -14.7326 0.592155 0.805565 -0.02031
20.2848 133.008 -9.78942 0.644128 0.756176 -0.115311
21.1137 132.861 -4.78284 0.706874 0.705686 -0.0480439
21.2704 132.887 0.411323 0.71621 0.697879 0.00294915
20.937 132.977 5.53915 0.694008 0.71823 0.0499881
20.051 133.148 10.499 0.637755 0.762018 0.112237
19.0621 133.373 15.4566 0.550781 0.832531 0.0592953
18.7456 133.607 20.4299 0.484169 0.874534 -0.0206181
17.2431 134.033 25.2026 0.285962 0.950706 0.119931
13.1673 134.081 27.4442 -0.0460142 0.969965 0.238292
8.23225 133.804 26.2973 -0.0746062 0.896895 0.435905
3.45856 133.309 24.9497 -0.254362 0.819002 0.51433
-1.37949 133.055 23.4118 -0.240833 0.746461 0.620319
-6.1074 132.939 21.716 -0.276817 0.701108 0.65713
-10.6776 132.909 19.6596 -0.312576 0.701511 0.64045
-15.1231 132.916 17.1879 -0.376751 0.705944 0.599751
-19.3188 133.027 14.2477 -0.379937 0.744004 0.549641
-23.4383 133.309 11.1421 -0.320322 0.789129 0.524088
-27.9676 133.507 8.63492 -0.178261 0.830007 0.528499
-30.6788 132.358 9.55844 -0.125291 0.781869 0.6106
-30.1521 129.128 13.3827 -0.214834 0.741992 0.635052
-30.7136 125.658 17.1693 -0.284715 0.731087 0.620005
-32.3128 122.204 20.5333 -0.355843 0.726594 0.587738
-34.8315 118.755 23.2119 -0.413721 0.720668 0.556301
-37.9542 115.322 25.2521 -0.469112 0.713893 0.519895
-41.1382 111.89 27.0582 -0.478305 0.714767 0.510228
-44.3429 108.398 28.9426 -0.477234 0.706984 0.521936
-47.4679 104.896 30.7506 -0.473341 0.699479 0.535423
-50.62 101.36 32.5263 -0.473784 0.689317 0.548061
-53.7736 97.8298 34.2882 -0.471596 0.687658 0.552017
-56.8671 94.2463 36.0944 -0.467341 0.687439 0.555896
-59.9305 90.6946 37.8393 -0.472586 0.674359 0.567365
-63.0135 87.0193 39.6066 -0.469878 0.666003 0.579357
-66.0833 83.2696 41.4036 -0.473304 0.659296 0.58422
-69.0403 79.5976 43.1064 -0.474881 0.646861 0.596706
-72.0378 75.7428 44.8454 -0.481719 0.636166 0.602694
-74.9887 71.9089 46.4949 -0.49074 0.628119 0.603855
-77.7895 68.0708 48.1581 -0.491349 0.617263 0.614462
-80.644 64.1455 49.7667 -0.493111 0.609958 0.620316
-83.3348 60.2468 51.3708 -0.506527 0.595113 0.623915
-86.0438 56.2722 52.9175 -0.515998 0.581245 0.629207
-88.7481 52.1124 54.4957 -0.525317 0.569296 0.632411
-91.2805 48.0678 55.9997 -0.536799 0.558443 0.632447
-93.8886 43.9698 57.4413 -0.545795 0.562394 0.621141
-96.379 39.8096 58.8943 -0.565382 0.541465 0.622222
-98.7985 35.5737 60.3281 -0.581443 0.534548 0.613337
-101.242 31.3031 61.7184 -0.596127 0.531895 0.601432
-103.63 27.0237 63.1228 -0.602835 0.529166 0.597136
-106.044 22.7794 64.4505 -0.616386 0.526734 0.585337
-108.989 18.7221 64.9147 -0.638636 0.518633 0.568475
-112.576 15.1604 64.0909 -0.651501 0.520112 0.552294
-116.396 12.6432 61.8181 -0.669828 0.525857 0.524218
-119.939 11.5681 58.2596 -0.682088 0.533144 0.500508
-122.842 11.5049 54.1611 -0.708746 0.529261 0.466418
-125.505 11.4842 49.7981 -0.741562 0.527586 0.414413
-127.896 11.4701 45.2626 -0.769201 0.51186 0.382529
-129.77 11.4914 40.4975 -0.805346 0.534913 0.25551
-131.244 11.4985 35.5521 -0.80061 0.561346 0.209555
-131.856 11.6006 32.8808 -0.798848 0.570511 0.19068
-118.943 7.3155 63.911 -0.667889 0.529092 0.523437
-115.098 9.23073 66.7608 -0.654278 0.529295 0.540154
-111.272 11.9756 68.6179 -0.636376 0.533149 0.557474
-107.624 15.4047 69.4749 -0.62698 0.52521 0.575371
-104.4 19.2635 69.3893 -0.605029 0.537639 0.587268
-101.594 23.4074 68.4536 -0.597347 0.5454 0.587976
-99.2193 27.592 67.0048 -0.584729 0.545752 0.600206
-96.8032 31.7789 65.5627 -0.579478 0.540252 0.610192
-94.3909 35.9562 64.103 -0.568801 0.544733 0.616224
-91.901 40.0717 62.668 -0.551005 0.557997 0.62051
-89.393 44.1356 61.1858 -0.534387 0.569004 0.62503
-86.7414 48.1903 59.704 -0.52793 0.576026 0.624086
-84.1497 52.2321 58.1658 -0.516033 0.575027 0.634865
-81.5469 56.2157 56.6206 -0.510051 0.585804 0.629826
-78.8845 60.1509 55.0651 -0.505152 0.594707 0.625416
-76.0604 64.117 53.4515 -0.495036 0.609904 0.618834
-73.2796 68.0367 51.7582 -0.483717 0.616403 0.621342
-70.4102 71.8252 50.2111 -0.479059 0.625928 0.615399
-67.4854 75.6471 48.5401 -0.47642 0.636868 0.606155
-64.5258 79.4661 46.8389 -0.477008 0.640881 0.601444
-61.4811 83.2667 45.1112 -0.468798 0.654629 0.593034
-58.547 86.9655 43.3273 -0.473322 0.658369 0.585249
-55.4954 90.565 41.6646 -0.462509 0.680231 0.568658
-52.3278 94.2066 39.9516 -0.467259 0.673338 0.572957
-49.2393 97.7908 38.1274 -0.449179 0.686412 0.571905
-46.1374 101.335 36.3075 -0.448854 0.688701 0.569404
-42.9794 104.911 34.5385 -0.461059 0.676459 0.574304
-39.8343 108.457 32.7461 -0.440942 0.706496 0.553565
-36.5629 111.922 30.854 -0.42407 0.715915 0.554644
-33.3441 115.267 28.8397 -0.378175 0.731164 0.567788
-30.1019 118.629 26.5895 -0.337482 0.748786 0.570454
-27.6179 121.938 23.6917 -0.33713 0.748962 0.570437
-25.8242 125.253 20.4078 -0.336304 0.749284 0.570502
-24.8331 128.586 16.5624 -0.343308 0.753161 0.561148
-21.4735 129.154 17.9243 -0.356938 0.742549 0.56676
-17.156 128.983 20.7879 -0.347992 0.732854 0.584645
-12.6901 128.934 23.3128 -0.306642 0.731819 0.608614
-8.12125 129.031 25.3805 -0.280534 0.737755 0.614018
-3.28919 129.277 27.2452 -0.268684 0.744848 0.610745
-0.934308 128.604 29.2237 -0.297822 0.752112 0.587902
-3.95963 125.422 31.7615 -0.292319 0.753538 0.588837
-6.2337 122.126 34.8338 -0.290021 0.751983 0.591954
-7.75213 118.828 38.28 -0.284965 0.752631 0.593584
-8.24266 115.565 42.1609 -0.282808 0.75095 0.596736
-8.41001 112.29 46.0262 -0.261689 0.71772 0.645277
-8.44487 108.92 49.814 -0.260407 0.725906 0.636573
-8.46672 105.507 53.5113 -0.237744 0.704832 0.668349
-8.45887 101.964 57.2141 -0.245302 0.689589 0.681391
-8.40427 98.461 60.8191 -0.253273 0.6917 0.676315
-8.40791 94.95 64.402 -0.26157 0.689399 0.675507
-8.28824 91.4105 68.092 -0.270802 0.687033 0.674279
-8.27333 87.8656 71.7032 -0.269368 0.684433 0.67749
-8.25779 84.2296 75.3438 -0.287929 0.672583 0.681709
-8.30936 80.5222 78.971 -0.291255 0.671386 0.681477
-8.13428 76.8633 82.6056 -0.299689 0.662349 0.686644
-8.26204 73.2042 86.0674 -0.307382 0.660073 0.685431
-8.20514 69.5158 89.5492 -0.313377 0.650091 0.692226
-8.17797 65.8479 92.9709 -0.322503 0.639476 0.697899
-8.14232 62.0427 96.4523 -0.319133 0.635068 0.703451
-8.09365 58.2416 99.8578 -0.323371 0.623773 0.711575
-8.05415 54.4503 103.182 -0.325722 0.615473 0.717703
-8.0631 50.5641 106.472 -0.325097 0.604121 0.727564
-8.0894 46.6331 109.718 -0.329349 0.597995 0.730706
-8.21006 42.6697 112.868 -0.326961 0.588636 0.739327
-8.20506 38.699 116.016 -0.319006 0.582725 0.74744
-8.17249 34.6921 119.148 -0.316629 0.580089 0.750495
-8.21767 30.6355 122.21 -0.309753 0.570757 0.760453
-8.19039 26.6204 125.217 -0.308585 0.566536 0.764076
-8.23458 22.494 128.226 -0.297977 0.562971 0.770891
-7.6193 18.5576 131.278 -0.284382 0.557713 0.779797
-6.13575 14.8905 134.419 -0.274012 0.551844 0.787646
-3.69199 11.6676 137.487 -0.263022 0.550761 0.792137
-0.36448 9.13284 140.326 -0.251852 0.550599 0.795871
3.76734 7.50774 142.727 -0.243772 0.552122 0.797331
0.694255 7.21166 141.987 -0.249923 0.550422 0.796601
-4.13486 7.16775 140.478 -0.259612 0.556256 0.789418
-8.90727 7.16669 138.896 -0.265929 0.556804 0.786925
-13.7147 7.1563 137.238 -0.280626 0.563088 0.77729
-18.4397 7.16733 135.497 -0.289261 0.564171 0.77333
-23.3383 7.09431 133.656 -0.306712 0.569432 0.762675
-28.1048 7.02277 131.78 -0.312154 0.571284 0.759075
-32.8253 6.99019 129.816 -0.327241 0.57696 0.748352
-37.4662 6.98951 127.752 -0.338754 0.578014 0.742392
-42.0774 6.93591 125.641 -0.354942 0.581031 0.732407
-46.5689 6.99371 123.394 -0.368378 0.580989 0.725775
-51.0608 6.97154 121.062 -0.390247 0.5834 0.712287
-55.438 6.99073 118.574 -0.402488 0.58397 0.70497
-59.8319 6.95867 116.032 -0.414115 0.578694 0.702582
-64.1931 6.92706 113.381 -0.430212 0.582632 0.689535
-68.4669 6.89805 110.686 -0.44611 0.580563 0.681125
-72.7111 6.99482 107.743 -0.45954 0.581399 0.671415
-76.8408 6.98022 104.877 -0.476076 0.579083 0.661827
-80.8834 7.00191 101.911 -0.50142 0.578839 0.643058
-84.8144 7.03249 98.7308 -0.515077 0.577231 0.63364
-88.7092 7.0013 95.5161 -0.530309 0.575262 0.622771
-92.5848 7.04146 92.1046 -0.542872 0.571433 0.61543
-96.3629 6.99634 88.6936 -0.557022 0.567517 0.606342
-99.9724 7.04753 85.2017 -0.580742 0.557354 0.593376
-103.591 7.13289 81.5281 -0.599116 0.549252 0.582565
-106.999 7.2737 77.8552 -0.609563 0.551774 0.569192
-110.409 7.16943 74.192 -0.628371 0.539176 0.560749
-113.678 7.30169 70.3194 -0.639747 0.53273 0.554006
-116.956 7.27705 66.4135 -0.658271 0.527146 0.537397
-118.929 7.31616 63.9285 -0.666603 0.528898 0.525264
-93.5973 29.6974 -57.3634 -0.701191 0.485174 -0.522434
-91.4104 34.1824 -56.1296 -0.686656 0.484125 -0.542334
-89.2671 38.5642 -54.8714 -0.67569 0.492589 -0.548449
-87.0914 42.9077 -53.6349 -0.659338 0.497078 -0.564081
-84.9106 47.2335 -52.3148 -0.651119 0.506617 -0.56514
-82.548 51.5822 -51 -0.633374 0.520359 -0.572769
-80.2044 55.8833 -49.6321 -0.615722 0.536948 -0.576692
-77.8188 60.0533 -48.2489 -0.607744 0.548036 -0.57472
-75.3577 64.2249 -46.8118 -0.591797 0.563302 -0.576599
-72.7926 68.381 -45.3229 -0.575751 0.577477 -0.578818
-70.2346 72.4085 -43.8229 -0.572401 0.58238 -0.577227
-67.5318 76.5558 -42.2859 -0.566638 0.588379 -0.576829
-64.9164 80.5491 -40.7178 -0.565565 0.596677 -0.56931
-62.0994 84.5231 -39.2608 -0.550328 0.613691 -0.566147
-59.3493 88.5263 -37.5684 -0.537272 0.620328 -0.571431
-56.5681 92.3971 -35.916 -0.530031 0.634235 -0.562861
-53.6296 96.2792 -34.266 -0.523148 0.644558 -0.55755
-50.6985 100.136 -32.5544 -0.536719 0.64443 -0.544649
-47.7118 103.968 -30.8849 -0.52131 0.667314 -0.531908
-44.6963 107.58 -29.1391 -0.485192 0.68592 -0.542313
-41.6161 111.133 -27.3207 -0.475534 0.692725 -0.542218
-38.481 114.626 -25.514 -0.453183 0.698876 -0.553351
-35.2215 118.193 -23.5125 -0.41002 0.713234 -0.568481
-32.6259 121.736 -20.9166 -0.354315 0.718812 -0.598139
-30.908 125.175 -17.7083 -0.289749 0.729321 -0.619782
-30.1873 128.542 -14.0992 -0.226756 0.728189 -0.646779
-30.53 131.784 -10.2595 -0.11383 0.769351 -0.628586
-30.0974 133.733 -7.4288 -0.119604 0.887575 -0.444866
-25.4694 133.475 -9.44402 -0.217277 0.835286 -0.505063
-21.2627 133.226 -12.2539 -0.352621 0.787496 -0.505432
-17.1494 133.019 -15.4393 -0.40704 0.729897 -0.549153
-12.9885 132.881 -18.2124 -0.337991 0.68939 -0.640706
-8.48045 132.931 -20.3882 -0.293385 0.711762 -0.638193
-3.73633 133.106 -22.1395 -0.238013 0.755897 -0.609893
1.01277 133.214 -23.8993 -0.251997 0.790023 -0.558767
5.4815 133.378 -26.106 -0.325677 0.826092 -0.459831
9.63769 133.651 -28.9802 -0.318135 0.88013 -0.352366
8.55602 132.318 -30.9217 -0.469848 0.797389 -0.378407
4.85197 129.131 -32.1374 -0.469181 0.711315 -0.523353
1.62244 125.803 -34.1113 -0.393024 0.738661 -0.547642
-0.876936 122.325 -36.9491 -0.355187 0.730063 -0.583823
-2.36152 118.902 -40.2989 -0.314414 0.727453 -0.60988
-2.78406 115.515 -44.0102 -0.265727 0.722518 -0.638232
-2.86115 112.143 -47.8143 -0.239698 0.72944 -0.640673
-2.82585 108.842 -51.5975 -0.226276 0.73539 -0.638749
-2.8492 105.473 -55.5663 -0.232325 0.749051 -0.620442
-2.81083 102.318 -59.4649 -0.25397 0.754554 -0.605101
-2.79698 99.2526 -63.4145 -0.271178 0.762092 -0.587944
-2.75483 96.1764 -67.4459 -0.299923 0.755388 -0.5826
-2.73005 93.1543 -71.45 -0.322877 0.75702 -0.568042
-2.76516 90.0611 -75.4989 -0.34976 0.745555 -0.567288
-2.70488 86.9958 -79.547 -0.370328 0.734151 -0.569104
-2.6726 83.9032 -83.5216 -0.387364 0.723188 -0.571794
-2.69625 80.7415 -87.4587 -0.401853 0.714795 -0.572347
-3.80839 77.1907 -91.0086 -0.417056 0.699677 -0.5801
-4.83812 73.6486 -94.4831 -0.428919 0.689583 -0.583526
-5.76699 70.0521 -97.9954 -0.443895 0.677906 -0.586004
-6.46083 66.4473 -101.591 -0.456431 0.666026 -0.589982
-7.15661 62.8784 -105.044 -0.466345 0.657771 -0.591489
-7.66751 59.2859 -108.592 -0.478698 0.643885 -0.596875
-8.07113 55.7238 -112.087 -0.492343 0.631347 -0.599163
-8.26859 52.0973 -115.683 -0.500021 0.619339 -0.605307
-8.35852 48.5162 -119.231 -0.504211 0.610516 -0.610771
-8.27925 44.9037 -122.809 -0.515075 0.590117 -0.621656
-8.08514 41.2396 -126.434 -0.521829 0.580405 -0.625151
-7.61251 37.6178 -130.057 -0.524272 0.55498 -0.645858
-6.84165 34.1423 -133.585 -0.512694 0.544257 -0.664024
-5.93589 30.6616 -137.079 -0.511056 0.533631 -0.67384
-4.79381 27.1346 -140.669 -0.508106 0.524457 -0.683208
-3.69215 23.636 -144.153 -0.507186 0.519321 -0.687799
-2.48546 20.2071 -147.603 -0.500554 0.508711 -0.700471
-5.84599 16.7113 -147.801 -0.494219 0.518201 -0.698008
-9.63781 13.343 -147.655 -0.485044 0.524184 -0.699974
-13.556 10.1445 -147.358 -0.480263 0.531579 -0.697688
-17.5647 7.01416 -146.99 -0.481143 0.53363 -0.695515
-21.6257 4.10049 -146.441 -0.475654 0.538603 -0.695456
-25.807 2.48076 -144.838 -0.477561 0.54018 -0.692921
-29.9342 2.43313 -142.004 -0.480583 0.541349 -0.689914
-34.0014 2.48501 -139.059 -0.493567 0.546716 -0.676382
-38.1375 2.432 -136.076 -0.489513 0.550686 -0.676108
-42.1633 2.42928 -133.062 -0.500515 0.548694 -0.669641
-46.1595 2.41169 -129.988 -0.523375 0.552988 -0.648292
-50.0281 2.42395 -126.815 -0.532114 0.545952 -0.647141
-53.9046 2.45467 -123.543 -0.554617 0.538301 -0.634533
-57.655 2.48916 -120.175 -0.561316 0.535696 -0.630836
-61.4521 2.47976 -116.784 -0.570436 0.533991 -0.624064
-65.265 2.47915 -113.214 -0.586364 0.526079 -0.615967
-68.9413 2.48647 -109.647 -0.599645 0.523391 -0.605382
-72.4646 2.49145 -106.085 -0.611355 0.521877 -0.594886
-76.0075 2.55101 -102.367 -0.624822 0.516083 -0.58588
-79.4728 2.5167 -98.697 -0.630499 0.507021 -0.587708
-77.4364 3.57176 -99.9694 -0.629638 0.501861 -0.593035
-73.5181 4.90027 -102.933 -0.616097 0.509048 -0.601077
-69.54 6.38885 -105.748 -0.610506 0.511492 -0.604697
-65.4749 7.98934 -108.307 -0.587369 0.522895 -0.61772
-61.4248 9.64217 -110.738 -0.57764 0.52398 -0.625921
-57.3116 11.5248 -112.905 -0.566422 0.524423 -0.635725
-54.3637 15.0427 -112.463 -0.5516 0.542385 -0.633682
-56.292 17.4549 -108.665 -0.54697 0.554227 -0.627421
-58.8427 19.3472 -104.755 -0.547802 0.561314 -0.620354
-61.6417 20.8911 -100.831 -0.566835 0.561467 -0.602871
-64.4165 22.3319 -96.896 -0.566194 0.559786 -0.605033
-67.1619 23.8047 -92.9672 -0.565374 0.560251 -0.605369
-70.1126 24.9918 -88.9615 -0.580404 0.570883 -0.580709
-73.1992 25.8357 -84.9785 -0.601768 0.551417 -0.577767
-76.2832 26.7085 -80.9345 -0.6024 0.546677 -0.5816
-79.5118 27.2726 -76.9992 -0.635191 0.538149 -0.554011
-82.6895 27.4996 -73.0565 -0.65254 0.52297 -0.548355
-85.8144 27.677 -69.153 -0.655268 0.522966 -0.545097
-89.0729 27.6607 -65.1514 -0.676971 0.51522 -0.525604
-92.2675 27.3898 -61.2809 -0.68917 0.498287 -0.526075
-94.345 28.0486 -57.887 -0.704075 0.484768 -0.518921
-93.6133 29.6634 -57.3735 -0.701184 0.485184 -0.522434
-88.6028 32.508 -61.1955 -0.671921 0.503489 -0.543158
-86.443 36.8612 -59.8184 -0.660215 0.509764 -0.551594
-84.2478 41.1902 -58.4981 -0.65913 0.505319 -0.556957
-81.9644 45.5632 -57.1777 -0.639004 0.521127 -0.565774
-79.6068 49.8695 -55.8092 -0.625082 0.527868 -0.575003
-77.3207 54.1427 -54.3117 -0.617906 0.538309 -0.573076
-74.8538 58.308 -53.0171 -0.611926 0.542669 -0.575376
-72.454 62.444 -51.5456 -0.602385 0.557554 -0.571197
-69.8425 66.572 -50.1312 -0.584962 0.575881 -0.571122
-67.2566 70.7196 -48.5065 -0.572298 0.586446 -0.573198
-64.5762 74.7973 -47.0036 -0.567365 0.58756 -0.576948
-61.9573 78.826 -45.4178 -0.543376 0.603668 -0.583376
-59.1686 82.7242 -43.9245 -0.540196 0.611891 -0.577735
-56.4831 86.6175 -42.2881 -0.532644 0.615728 -0.580662
-53.6659 90.5573 -40.6466 -0.517205 0.628192 -0.581269
-50.8174 94.4164 -38.9697 -0.521986 0.638416 -0.565646
-47.9267 98.2629 -37.3259 -0.520819 0.641961 -0.562702
-44.9463 102.085 -35.6392 -0.489099 0.65652 -0.574251
-41.8347 105.727 -33.8082 -0.457078 0.679495 -0.573905
-38.675 109.295 -32.0298 -0.431137 0.687017 -0.584917
-35.5413 112.75 -30.1436 -0.400279 0.715931 -0.572031
-32.3185 116.08 -28.1479 -0.378824 0.71782 -0.584146
-29.2696 119.498 -25.7256 -0.342903 0.740042 -0.57858
-26.9617 122.833 -22.7675 -0.326456 0.747966 -0.577904
-25.5084 126.176 -19.2525 -0.325571 0.746823 -0.579879
-24.7074 129.439 -15.5176 -0.308724 0.747641 -0.587979
-20.6626 129.265 -18.0739 -0.347087 0.739168 -0.577193
-16.5028 128.959 -20.8552 -0.336392 0.728539 -0.596717
-12.0255 128.932 -23.2464 -0.313159 0.722475 -0.61641
-7.39378 129.163 -25.2163 -0.29433 0.734408 -0.611568
-2.76629 129.391 -27.1143 -0.28536 0.739751 -0.609376
-0.826681 128.58 -29.0701 -0.322482 0.737778 -0.593034
-3.78893 125.382 -31.5395 -0.301399 0.740502 -0.600679
-6.05618 122.049 -34.4962 -0.292665 0.745495 -0.598819
-7.59837 118.585 -38.0588 -0.287248 0.748133 -0.598152
-8.22056 115.311 -41.809 -0.280257 0.741619 -0.609465
-8.3681 112.058 -45.6495 -0.268433 0.734158 -0.623663
-8.39507 108.743 -49.5137 -0.261867 0.734331 -0.626246
-8.42223 105.487 -53.331 -0.260864 0.734762 -0.626158
-8.30351 102.184 -57.2947 -0.268615 0.741226 -0.615165
-8.31386 98.9256 -61.252 -0.286689 0.74423 -0.603267
-8.18915 95.7581 -65.2345 -0.300268 0.740767 -0.600919
-8.11918 92.6351 -69.1501 -0.316657 0.739425 -0.594114
-8.10829 89.4961 -73.063 -0.347173 0.727639 -0.591618
-8.07295 86.2535 -77.0656 -0.365143 0.722378 -0.58723
-7.93766 83.1203 -81.0021 -0.382743 0.714363 -0.585826
-7.97479 79.8507 -84.9326 -0.396906 0.707323 -0.584944
-8.85735 76.3574 -88.4381 -0.409975 0.694408 -0.591369
-9.86509 72.7461 -91.9002 -0.424566 0.677022 -0.60115
-10.7979 69.1538 -95.2943 -0.438478 0.672283 -0.596467
-11.4513 65.5563 -98.7986 -0.451082 0.658286 -0.602648
-12.0836 61.9558 -102.251 -0.459253 0.654015 -0.601124
-12.6355 58.2863 -105.746 -0.471238 0.637186 -0.60986
-12.9555 54.6115 -109.317 -0.488231 0.625645 -0.60844
-13.1626 50.9743 -112.857 -0.490867 0.614653 -0.617456
-13.2809 47.2929 -116.404 -0.490279 0.607493 -0.624963
-13.2313 43.6133 -120.006 -0.503676 0.599853 -0.621681
-13.0187 40.0259 -123.527 -0.506211 0.586441 -0.632327
-12.6519 36.4262 -127.03 -0.508243 0.56745 -0.647834
-12.001 32.8343 -130.659 -0.507394 0.551595 -0.662038
-11.0599 29.3762 -134.216 -0.50739 0.537004 -0.673929
-10.0958 25.8457 -137.74 -0.501261 0.533506 -0.681255
-8.95722 22.3936 -141.258 -0.497386 0.530188 -0.686664
-9.34211 18.8705 -143.678 -0.492221 0.526616 -0.693105
-13.2773 15.4961 -143.464 -0.490776 0.529714 -0.691767
-17.1899 12.3923 -143.112 -0.484312 0.536448 -0.691133
-21.212 9.24364 -142.743 -0.480062 0.53746 -0.693309
-25.3411 7.3324 -141.365 -0.480779 0.541658 -0.689535
-29.5029 7.28782 -138.456 -0.489003 0.543773 -0.682046
-33.698 7.25292 -135.428 -0.497111 0.544851 -0.675291
-37.7612 7.16993 -132.486 -0.503998 0.544583 -0.670385
-41.7338 7.21437 -129.429 -0.517045 0.543814 -0.661008
-45.7255 7.19556 -126.289 -0.523474 0.545922 -0.654174
-49.5705 7.31263 -123.076 -0.533123 0.544136 -0.64784
-53.3994 7.31238 -119.843 -0.549201 0.540147 -0.637667
-55.8176 7.77982 -117.342 -0.555546 0.533911 -0.637422
-52.1177 11.0975 -117.773 -0.546326 0.539315 -0.640833
-49.9111 15.2121 -116.129 -0.53693 0.548695 -0.640812
-50.0573 19.0186 -112.771 -0.543002 0.542259 -0.641174
-52.0958 21.4238 -108.843 -0.54772 0.559037 -0.622479
-54.626 23.3136 -104.909 -0.551242 0.56177 -0.616885
-57.383 24.9339 -100.968 -0.552035 0.560956 -0.616916
-60.1986 26.4013 -97.1051 -0.560762 0.559291 -0.610524
-62.915 27.9162 -93.1614 -0.570343 0.555315 -0.605256
-65.8402 29.1868 -89.2219 -0.590811 0.54971 -0.59056
-68.935 30.152 -85.2272 -0.591081 0.548126 -0.591761
-71.9754 31.0409 -81.3453 -0.601082 0.543508 -0.585917
-75.1502 31.8518 -77.3217 -0.607355 0.543701 -0.579231
-78.3873 32.2136 -73.5237 -0.62169 0.542824 -0.564611
-81.6018 32.4631 -69.5962 -0.64394 0.517191 -0.563786
-84.8078 32.6388 -65.6843 -0.657682 0.511953 -0.552593
-88.0928 32.4975 -61.8366 -0.672254 0.504119 -0.542161
-88.531 32.5049 -61.2871 -0.671971 0.503553 -0.543038
-80.6431 2.51383 -97.4344 -0.641751 0.508519 -0.574067
-80.6309 2.52247 -97.4405 -0.642948 0.504856 -0.575966
59.5644 95.8699 -24.7526 0.69871 0.711696 -0.0727548
56.2796 99.281 -22.8254 0.691411 0.717212 -0.0869409
53.0001 102.676 -20.9369 0.68628 0.721519 -0.091799
49.7026 105.97 -19.0041 0.674489 0.734921 -0.0704013
46.329 109.293 -17.0837 0.68027 0.729658 -0.0695109
43.0249 112.555 -15.2142 0.680021 0.730838 -0.0587225
39.5929 115.816 -13.4241 0.667946 0.743073 -0.0411125
35.9105 119.142 -12.2794 0.660754 0.75018 -0.0251766
32.065 122.51 -12.0131 0.652924 0.75695 -0.0267779
28.2995 125.721 -12.7339 0.670601 0.741022 -0.0343559
24.7019 128.937 -14.354 0.661888 0.749538 0.00981737
24.4316 129.278 -11.0097 0.667279 0.743192 -0.0490087
25.1008 128.992 -6.06423 0.680064 0.731938 -0.0418531
25.3736 128.884 -1.02001 0.684406 0.729074 0.00292044
25.1949 128.982 3.98786 0.673306 0.739277 0.0109923
24.6807 129.214 8.98043 0.662628 0.747926 0.0390052
23.8844 129.697 13.9908 0.648442 0.761212 0.00894331
27.0784 126.948 13.136 0.661326 0.7499 0.0172622
30.8118 123.687 12.1641 0.659523 0.751437 0.0192569
34.6411 120.32 12.1058 0.658982 0.751815 0.0227282
38.4046 116.955 12.9622 0.663062 0.747822 0.0333336
41.9989 113.601 14.5896 0.684305 0.727392 0.0512584
45.2933 110.333 16.4944 0.68936 0.722207 0.0565727
48.5777 106.949 18.343 0.698499 0.708635 0.0996829
51.7965 103.505 20.2205 0.708227 0.699596 0.0946473
54.9461 99.997 22.0489 0.709626 0.694891 0.116431
58.1733 96.4052 23.9293 0.708591 0.696163 0.115129
61.374 92.7978 25.7659 0.721733 0.682001 0.11822
64.5556 89.1501 27.5489 0.718113 0.685872 0.117869
67.6477 85.5596 29.4641 0.722861 0.680602 0.119389
70.7303 81.9648 31.1949 0.724811 0.678535 0.119327
73.8413 78.2995 33.066 0.72955 0.673769 0.117437
76.9261 74.5898 34.7949 0.737438 0.664723 0.119702
79.8765 70.9617 36.5881 0.742427 0.659695 0.116638
82.8486 67.2963 38.2626 0.746198 0.655279 0.117464
85.8664 63.5256 39.9724 0.752092 0.646114 0.129958
88.8227 59.7019 41.6686 0.755815 0.639538 0.140483
91.686 55.9492 43.33 0.757518 0.637362 0.141192
94.5498 52.1605 44.9411 0.761448 0.631856 0.144757
97.3702 48.3479 46.5723 0.75977 0.63163 0.15425
100.171 44.5135 48.1758 0.768904 0.618171 0.16325
102.917 40.6241 49.7335 0.770589 0.614007 0.170843
105.657 36.7166 51.2213 0.772266 0.606489 0.189148
108.331 32.7657 52.7894 0.776153 0.598786 0.197589
111.074 28.6501 54.397 0.776186 0.595454 0.207291
113.781 24.6142 55.8242 0.774255 0.594331 0.217484
116.293 20.5715 57.6725 0.778329 0.58671 0.223552
118.379 16.7821 60.1744 0.777785 0.581227 0.239218
119.862 13.3168 63.577 0.775594 0.574403 0.261752
120.653 10.3695 67.5943 0.77655 0.569101 0.270359
120.599 8.22721 72.0994 0.772652 0.567025 0.285468
120.21 7.31289 74.9468 0.771406 0.566371 0.290098
122.129 7.12104 70.1549 0.771756 0.569889 0.282168
123.867 7.0738 65.3768 0.772978 0.573911 0.270429
125.531 7.0036 60.6048 0.773179 0.580489 0.255393
127.09 6.99644 55.6995 0.776713 0.584297 0.235189
128.513 6.98375 50.8541 0.778652 0.58683 0.222107
129.855 6.99806 45.982 0.778834 0.592456 0.205944
131.16 6.9428 41.0854 0.778578 0.596411 0.195217
132.418 6.86191 36.0782 0.777496 0.603192 0.177932
133.511 6.81941 31.2 0.7842 0.60016 0.157599
134.454 6.83679 26.1909 0.78407 0.603041 0.146887
135.312 6.87731 21.2152 0.785064 0.605929 0.128552
136.128 6.82076 16.2019 0.782765 0.612289 0.111266
136.819 6.82192 11.1415 0.783199 0.613923 0.098476
137.422 6.80353 6.17327 0.781776 0.617142 0.0892235
137.895 6.86944 1.14116 0.78406 0.616572 0.0713302
138.361 6.79423 -3.85252 0.784118 0.617498 0.0620838
138.727 6.77729 -8.89329 0.786579 0.615643 0.047722
138.957 6.80993 -13.9186 0.784336 0.619426 0.0335753
139.123 6.76151 -18.9611 0.783087 0.621823 0.0105257
139.175 6.73421 -24.1348 0.783816 0.620966 -0.00588198
139.05 6.80323 -29.2045 0.783896 0.620338 -0.0262227
138.879 6.76942 -34.2794 0.785564 0.617636 -0.0376101
138.605 6.73908 -39.3432 0.782914 0.619957 -0.0519432
137.425 7.77402 -44.1418 0.780698 0.621744 -0.0628095
135.874 9.24269 -48.7218 0.78166 0.619634 -0.0711444
134.124 10.9009 -53.1544 0.780653 0.619354 -0.083553
132.3 12.5846 -57.5213 0.77924 0.619976 -0.0917276
130.323 14.418 -61.8276 0.78077 0.616528 -0.101446
128.218 16.3848 -65.8998 0.784942 0.608913 -0.11441
125.748 20.0159 -63.3214 0.784638 0.611356 -0.102894
123.011 23.8201 -61.496 0.784226 0.612649 -0.0982429
120.172 27.6733 -59.9109 0.777082 0.622329 -0.0940778
117.266 31.4883 -58.3418 0.772878 0.628465 -0.0877035
114.388 35.239 -56.5965 0.771599 0.631244 -0.0785243
111.411 39.0068 -54.9725 0.765163 0.640906 -0.061337
108.422 42.6458 -53.1548 0.758429 0.65046 -0.0410783
105.305 46.3534 -51.5007 0.748919 0.661734 -0.0350409
102.203 49.9426 -49.6594 0.746324 0.664647 -0.0352869
99.1208 53.4462 -47.8267 0.7411 0.670715 -0.0301981
95.9704 56.9769 -45.9392 0.736112 0.676251 -0.0286939
92.8059 60.4502 -44.155 0.729994 0.68294 -0.0264995
89.5954 63.9366 -42.3974 0.726855 0.686249 -0.0272904
86.3679 67.4345 -40.4819 0.723123 0.689968 -0.0321994
83.1937 70.8552 -38.5842 0.72034 0.692585 -0.037896
79.8841 74.4159 -36.6754 0.718034 0.694433 -0.0467962
76.6825 77.8308 -34.8041 0.714654 0.697803 -0.048372
73.4465 81.2784 -32.9066 0.714873 0.697018 -0.0558803
70.2687 84.6641 -31.0388 0.70898 0.702467 -0.0623532
67.0499 88.0678 -29.1371 0.706668 0.704057 -0.0701724
63.7883 91.4891 -27.2114 0.699523 0.71116 -0.0701389
60.4924 94.9078 -25.2902 0.697216 0.713469 -0.0696557
59.5673 95.8669 -24.7542 0.698878 0.711548 -0.0725941
63.6224 91.9663 -23.9554 0.699227 0.711881 -0.0656258
67.1526 88.4218 -24.1306 0.714184 0.696877 -0.0656038
70.6659 84.8088 -24.3508 0.713059 0.698778 -0.057063
74.1789 81.1552 -24.5976 0.719642 0.692597 -0.0492324
77.6738 77.4979 -24.8432 0.720782 0.691422 -0.0490802
81.1121 73.8668 -25.1214 0.727733 0.684531 -0.0426843
84.6089 70.1312 -25.4125 0.729868 0.682493 -0.0386704
88.024 66.456 -25.6795 0.733215 0.67928 -0.0312199
91.4875 62.6842 -25.9569 0.734712 0.677584 -0.0328267
94.8843 58.9775 -26.2861 0.737808 0.674624 -0.0228693
98.2874 55.2455 -26.5693 0.737908 0.674531 -0.0223573
101.751 51.4276 -26.8712 0.747442 0.664009 -0.0205777
105.085 47.6651 -27.1919 0.74742 0.664038 -0.0203958
108.492 43.7735 -27.4713 0.754726 0.655901 -0.0134731
111.842 39.9133 -27.7064 0.754829 0.655786 -0.0133404
115.146 36.1556 -27.9158 0.758326 0.651446 -0.0236654
118.396 32.3248 -28.1037 0.765932 0.6428 -0.0124932
121.616 28.5018 -28.2748 0.763462 0.645737 -0.0122361
124.893 24.4987 -28.4174 0.776847 0.629677 0.00399339
128.078 20.5663 -28.5132 0.779701 0.626081 -0.00941698
131.277 16.5826 -28.5928 0.778197 0.627707 -0.0198258
134.415 12.6498 -28.6086 0.783341 0.621323 -0.0183058
137.291 9.03844 -28.6327 0.779304 0.626365 -0.0187545
137.299 9.0625 -18.9586 0.783833 0.620877 0.0108703
134.17 12.9934 -18.827 0.778939 0.626886 0.0163723
130.939 16.9975 -18.6848 0.777592 0.628644 0.0125588
127.755 20.9173 -18.5069 0.77454 0.632356 0.0146145
124.47 24.9257 -18.3277 0.776034 0.630663 0.00595949
121.311 28.8279 -18.1097 0.777401 0.628959 0.00761932
118.145 32.7261 -17.8928 0.770806 0.636833 0.0173426
114.825 36.665 -17.6568 0.758234 0.651674 0.0200708
111.492 40.4237 -17.4061 0.755746 0.654837 0.0060511
108.112 44.3215 -17.1256 0.755775 0.6548 0.0063683
104.806 48.1259 -16.8417 0.751213 0.66005 0.00353075
101.451 51.9193 -16.5709 0.741778 0.670546 0.0115795
98.0051 55.6747 -16.3051 0.736432 0.676478 0.00677361
94.6591 59.3891 -16.0181 0.746076 0.665857 0.00232433
91.2765 63.1691 -15.7203 0.742593 0.669721 0.00541214
87.841 66.9282 -15.4674 0.736515 0.676406 -0.00440697
84.346 70.7274 -15.2064 0.73597 0.67699 -0.0057137
80.954 74.4035 -14.9771 0.733461 0.679682 -0.00822338
77.5657 78.0972 -14.7541 0.737508 0.675254 -0.0106467
74.1675 81.761 -14.5383 0.729253 0.683595 -0.0298025
70.6523 85.5228 -14.3424 0.729372 0.683554 -0.027764
67.1848 89.1711 -14.1664 0.714872 0.697427 -0.0505364
63.6849 92.7446 -14.0158 0.711179 0.701055 -0.0524097
60.1634 96.321 -13.8655 0.712846 0.699608 -0.0489868
56.5964 99.9203 -13.7646 0.699157 0.712156 -0.0633501
52.959 103.449 -13.6878 0.68953 0.721851 -0.0589897
49.2617 106.86 -13.6215 0.677104 0.733623 -0.0576807
45.8207 110.054 -13.6079 0.683114 0.728795 -0.047048
27.4546 126.933 -3.97562 0.66768 0.744118 -0.0221879
31.1926 123.579 -3.82975 0.662759 0.748435 -0.0244137
35.0341 120.168 -3.73127 0.664313 0.747263 -0.0169487
38.7983 116.818 -3.67641 0.665644 0.746196 -0.0104534
42.6134 113.388 -3.64893 0.671981 0.740442 -0.0136782
46.3969 109.939 -3.66064 0.674394 0.738112 -0.0195768
50.1315 106.477 -3.69109 0.689325 0.72442 -0.00686764
53.7453 103.006 -3.74192 0.693704 0.720254 -0.00299813
57.3177 99.4924 -3.82075 0.708679 0.705529 0.00174543
60.8575 95.9096 -3.9199 0.710696 0.703485 0.00456311
64.4729 92.1734 -4.03278 0.727416 0.686167 0.0063722
67.9823 88.4985 -4.15821 0.72056 0.693286 0.0121259
71.5614 84.7033 -4.3088 0.735058 0.677791 0.0169886
74.9413 81.0214 -4.47399 0.74033 0.672217 0.00590342
78.2962 77.2933 -4.64623 0.743554 0.668492 0.0156646
81.7025 73.5745 -4.84152 0.736824 0.675639 0.0245254
85.12 69.8537 -5.05624 0.738072 0.674166 0.0273896
88.4803 66.1541 -5.281 0.744538 0.66748 0.0116011
91.9426 62.2962 -5.53202 0.744957 0.667014 0.0114278
95.3174 58.5163 -5.79737 0.746183 0.665607 0.0133859
98.6594 54.7835 -6.09351 0.7432 0.668931 0.0135908
102.095 50.9389 -6.36577 0.752884 0.657148 0.0363642
105.395 47.1673 -6.65017 0.753894 0.656153 0.0332574
108.796 43.2659 -6.95526 0.757998 0.651383 0.0337614
112.08 39.4274 -7.24758 0.762448 0.645983 0.0371384
115.316 35.6071 -7.53798 0.766009 0.642054 0.031582
118.578 31.6983 -7.8372 0.771496 0.634609 0.0454418
121.844 27.7374 -8.14311 0.773724 0.631707 0.0479363
125.019 23.8273 -8.40691 0.773421 0.633178 0.0301062
128.203 19.9461 -8.66522 0.775627 0.630363 0.0323169
131.408 16.0018 -8.93029 0.77931 0.625745 0.0334427
134.636 11.9759 -9.17614 0.780495 0.623807 0.0411412
136.958 9.06409 -9.34824 0.784035 0.618808 0.0486455
136.171 9.16177 0.208278 0.784297 0.616896 0.0657085
133.03 13.0833 0.579588 0.780697 0.621027 0.0695532
129.77 17.1413 0.962909 0.780617 0.621067 0.0700932
126.642 21.0303 1.31786 0.777788 0.62533 0.0633155
123.46 24.9415 1.67345 0.776769 0.627096 0.0581485
120.146 28.9753 2.04242 0.773223 0.631653 0.0560436
116.866 32.9093 2.40256 0.768704 0.637404 0.0530179
113.661 36.7447 2.75516 0.768817 0.637156 0.0543396
110.425 40.5565 3.09398 0.760983 0.646664 0.0522599
107.188 44.3551 3.41797 0.765337 0.640318 0.0652037
103.895 48.2266 3.73265 0.75714 0.650635 0.0584166
100.602 52.0207 4.03218 0.75621 0.652521 0.0486082
97.229 55.8767 4.31897 0.751507 0.657835 0.0499006
93.8978 59.6468 4.58623 0.749316 0.66023 0.0512107
90.5541 63.3884 4.83681 0.741912 0.669006 0.0446944
87.1259 67.1589 5.06362 0.740372 0.670986 0.0403372
83.7334 70.8905 5.27255 0.742323 0.66922 0.0331674
80.3252 74.6712 5.45751 0.74684 0.664117 0.0343303
76.8494 78.5467 5.6163 0.734762 0.676512 0.0495619
73.3863 82.2704 5.75407 0.733319 0.678457 0.0440346
69.9761 85.9551 5.87212 0.737953 0.673752 0.0385277
66.5325 89.7185 5.98598 0.734907 0.676921 0.0411162
63.1135 93.366 6.07259 0.724842 0.687577 0.0429162
59.5182 97.0053 6.15276 0.705232 0.707619 0.0438562
55.9845 100.546 6.21711 0.706813 0.70643 0.0370367
52.3628 104.154 6.28856 0.703183 0.709759 0.0421254
48.7172 107.732 6.34939 0.688609 0.723642 0.0464793
44.9931 111.244 6.38746 0.680534 0.732102 0.0300123
41.2139 114.65 6.47568 0.66632 0.745587 0.0108306
37.465 117.974 6.5668 0.660148 0.751031 0.012521
33.6815 121.305 6.69939 0.661848 0.749388 0.0193576
29.9138 124.631 6.94029 0.663603 0.747767 0.0218058
27.1155 127.12 7.19093 0.670366 0.741213 0.0348266
50.5847 105.193 16.3206 0.711286 0.700087 0.0628517
54.1315 101.614 16.2618 0.698359 0.711541 0.0774813
57.7719 98.0014 16.2149 0.709856 0.696985 0.101569
61.232 94.392 16.1767 0.725419 0.68331 0.0827958
64.6891 90.7243 16.1238 0.72603 0.682975 0.0801639
68.1391 87.0177 16.0683 0.731318 0.677053 0.0822989
71.5513 83.313 15.9835 0.732468 0.676296 0.0781925
74.9497 79.6383 15.9041 0.732767 0.675836 0.0793629
78.3284 75.9445 15.7798 0.742434 0.663883 0.0897216
81.6854 72.1534 15.6334 0.742255 0.665775 0.0761678
85.0933 68.3805 15.4581 0.743588 0.664677 0.072672
88.4715 64.6339 15.2584 0.741874 0.665985 0.0780184
91.9075 60.8093 15.0278 0.74595 0.660515 0.0853113
95.2966 57.0012 14.7793 0.748534 0.658084 0.0813767
98.5812 53.2248 14.5043 0.762401 0.640564 0.0917712
101.816 49.4183 14.1994 0.758769 0.644822 0.0920519
105.087 45.6082 13.8764 0.770753 0.630803 0.089593
108.33 41.789 13.5244 0.761001 0.641748 0.0950661
111.582 37.9889 13.1491 0.768269 0.632181 0.100544
114.847 34.0948 12.7658 0.762958 0.637015 0.110029
118.09 30.2551 12.3426 0.771329 0.628336 0.101224
121.287 26.3631 11.9028 0.77449 0.624116 0.103175
124.529 22.4275 11.4373 0.777266 0.621905 0.0953493
127.692 18.5116 10.9689 0.78201 0.617206 0.0866967
130.899 14.4965 10.4695 0.784656 0.613385 0.0898474
134.018 10.5909 9.98849 0.783167 0.613918 0.0987636
135.148 9.17345 9.82278 0.783468 0.61387 0.0966527
133.776 9.22002 19.5147 0.788986 0.602909 0.118328
130.689 13.1083 20.1335 0.786542 0.604724 0.125138
127.522 17.0266 20.7219 0.780344 0.612671 0.125294
124.371 20.8967 21.3027 0.776321 0.618257 0.122817
121.199 24.7318 21.837 0.767971 0.628501 0.123318
117.965 28.562 22.3795 0.766341 0.630025 0.125659
114.761 32.3723 22.8888 0.770969 0.625163 0.121562
111.462 36.3439 23.3692 0.770631 0.625695 0.12097
108.285 40.182 23.8042 0.765009 0.633487 0.115994
104.94 44.1281 24.2023 0.763543 0.634037 0.122475
101.693 47.9279 24.5566 0.753389 0.645537 0.12525
98.3722 51.7531 24.8733 0.759536 0.638853 0.12236
95.1113 55.5662 25.1758 0.756961 0.643203 0.115327
91.8463 59.3532 25.4317 0.75551 0.644574 0.117171
88.5441 63.1127 25.6407 0.744221 0.658169 0.113795
85.1615 66.9039 25.8029 0.742523 0.660428 0.111782
81.7873 70.6695 25.9551 0.740274 0.663202 0.110262
78.3673 74.4647 26.0552 0.739762 0.665455 0.0996094
74.9355 78.2429 26.1335 0.736624 0.669009 0.0990586
71.5036 81.9508 26.1775 0.727025 0.678095 0.107803
68.0787 85.6269 26.2141 0.729149 0.675707 0.108456
67.4478 86.3067 26.2208 0.729172 0.675681 0.108462
85.0813 65.1104 36.3139 0.746664 0.654332 0.11976
88.4002 61.3223 36.1583 0.752658 0.646115 0.126655
91.7176 57.5004 35.9305 0.755439 0.643312 0.124346
95.0201 53.6137 35.6893 0.76116 0.633761 0.137775
98.3695 49.7081 35.3357 0.759219 0.637789 0.129661
101.652 45.9014 34.9955 0.756416 0.640407 0.13309
104.898 42.0955 34.6242 0.761094 0.633453 0.139546
108.14 38.2506 34.1817 0.7708 0.621875 0.138343
111.326 34.4004 33.6731 0.770563 0.620469 0.145776
114.614 30.4481 33.0957 0.773939 0.61773 0.139382
117.76 26.6026 32.491 0.777596 0.612179 0.14346
120.995 22.7066 31.8341 0.772561 0.61627 0.152842
124.234 18.7944 31.1285 0.77586 0.612646 0.150684
127.402 14.9214 30.4328 0.783904 0.602425 0.150262
130.541 11.0474 29.6733 0.78042 0.606165 0.153328
132.061 9.1787 29.3234 0.782305 0.604354 0.150844
129.817 9.24351 39.3435 0.776017 0.602111 0.187777
126.628 13.0946 40.2521 0.779244 0.598549 0.185791
123.387 17.0187 41.1736 0.777918 0.600322 0.185626
120.237 20.8418 41.9973 0.778573 0.598849 0.187626
117.097 24.7179 42.7599 0.774817 0.605031 0.183291
113.824 28.625 43.4964 0.770375 0.609618 0.186785
110.627 32.4581 44.1886 0.777339 0.602952 0.179424
107.354 36.4677 44.8093 0.770923 0.611217 0.179141
104.089 40.4033 45.307 0.766022 0.617621 0.1782
101.471 43.5517 45.6789 0.768652 0.61839 0.163607
115.238 23.5522 53.4953 0.778896 0.587974 0.218193
118.399 19.7139 52.554 0.776496 0.590795 0.219121
121.56 15.9365 51.5567 0.778252 0.588897 0.218
124.788 12.0526 50.4974 0.778867 0.587797 0.218771
127.096 9.29934 49.7003 0.778117 0.588178 0.220411
123.768 9.41516 60.4872 0.779118 0.574401 0.251076
121.505 12.067 61.4332 0.776925 0.575833 0.254567
136.884 8.98737 -38.4261 0.782788 0.620145 -0.05161
133.784 12.9109 -38.5289 0.782976 0.620322 -0.0463573
130.674 16.8296 -38.5932 0.78298 0.620352 -0.0458787
127.485 20.7819 -38.5957 0.777117 0.628172 -0.0385907
124.308 24.7283 -38.5578 0.777199 0.627857 -0.0419109
121.049 28.7031 -38.4659 0.764424 0.643424 -0.0407539
117.798 32.5581 -38.349 0.764675 0.643473 -0.0348685
114.518 36.448 -38.1992 0.758994 0.650327 -0.0316766
111.261 40.2673 -38.025 0.760023 0.649162 -0.0308918
107.946 44.0926 -37.7989 0.752263 0.658338 -0.026299
104.524 47.9682 -37.5363 0.738865 0.673364 -0.0256849
101.126 51.723 -37.2273 0.740925 0.67088 -0.0308227
97.6965 55.4824 -36.8585 0.735685 0.676734 -0.0282578
94.2417 59.2397 -36.5196 0.731179 0.681503 -0.030508
90.767 62.9734 -36.1478 0.730238 0.682436 -0.0321424
87.2886 66.692 -35.7948 0.72563 0.687327 -0.0322992
83.8134 70.3857 -35.4902 0.72603 0.686449 -0.0408533
83.0582 71.1838 -35.4185 0.722783 0.689732 -0.0430707
104.762 47.1451 -48.0013 0.747161 0.663599 -0.0372406
108.064 43.3554 -48.3047 0.756053 0.65326 -0.0404336
111.338 39.5483 -48.55 0.758175 0.650604 -0.0434138
114.61 35.667 -48.7229 0.765419 0.642001 -0.0443641
117.944 31.697 -48.8354 0.761974 0.645288 -0.0547622
121.141 27.833 -48.8777 0.777933 0.625545 -0.0592765
124.268 23.9097 -48.8549 0.781006 0.621253 -0.0638337
127.432 19.9149 -48.8078 0.782701 0.618313 -0.0711913
130.553 15.9711 -48.6807 0.781959 0.61921 -0.0715484
133.708 12.0011 -48.5186 0.782087 0.619019 -0.0718001
133.842 11.8334 -48.5114 0.782117 0.618981 -0.0718023
129.524 15.8909 -58.9696 0.782806 0.615518 -0.0913851
126.416 19.8166 -59.2385 0.785869 0.6111 -0.094694
124.842 21.8229 -59.3422 0.785147 0.611985 -0.0949682
-10.6514 79.5688 -83.488 -0.394152 0.697846 -0.598042
-15.2757 78.0095 -82.2391 -0.393413 0.688634 -0.609105
-19.8764 76.4426 -80.9467 -0.412483 0.672153 -0.614872
-24.5047 74.8184 -79.5476 -0.424008 0.660873 -0.619245
-29.1095 73.1429 -78.0736 -0.443976 0.649589 -0.617186
-33.62 71.4521 -76.5681 -0.45155 0.64407 -0.617476
-38.1676 69.7293 -74.9951 -0.474036 0.629833 -0.615306
-42.6594 67.9698 -73.3219 -0.472699 0.619752 -0.626469
-47.0879 66.1725 -71.5966 -0.51451 0.593276 -0.619115
-51.4362 64.3008 -69.7426 -0.518222 0.591624 -0.617598
-55.6764 62.3896 -67.8283 -0.546303 0.57163 -0.612203
-59.8952 60.4464 -65.8406 -0.551034 0.581248 -0.598759
-64.0586 58.498 -63.809 -0.567259 0.555768 -0.607733
-68.2425 56.4753 -61.6475 -0.578038 0.542258 -0.609777
-72.3446 54.4051 -59.3886 -0.613367 0.542176 -0.574305
-76.329 52.3354 -57.0841 -0.616968 0.540738 -0.571798
-71.4895 60.7212 -54.2475 -0.604035 0.556732 -0.570255
-67.4426 62.732 -56.4632 -0.574486 0.588078 -0.569324
-63.2596 64.6843 -58.5677 -0.563986 0.587119 -0.580699
-58.9286 66.6705 -60.6373 -0.548488 0.593823 -0.588672
-54.7194 68.6035 -62.6214 -0.551014 0.595174 -0.584937
-50.4312 70.4782 -64.5071 -0.520556 0.608651 -0.598803
-46.003 72.2988 -66.2961 -0.496755 0.619425 -0.607904
-41.5712 74.0561 -67.9827 -0.465727 0.636504 -0.614785
-37.0923 75.7846 -69.5956 -0.468245 0.636442 -0.612934
-32.5862 77.4411 -71.1056 -0.435387 0.649253 -0.623626
-27.9878 79.061 -72.5329 -0.413938 0.665653 -0.620936
-23.3555 80.6566 -73.9173 -0.401499 0.679131 -0.614475
-18.7661 82.1753 -75.2157 -0.391956 0.689153 -0.609458
-14.0218 83.6852 -76.4764 -0.372487 0.709186 -0.598589
-10.7589 84.702 -77.2973 -0.367396 0.715732 -0.593926
-10.8547 89.7952 -71.1229 -0.346252 0.720453 -0.600881
-15.6946 88.3914 -69.9914 -0.365238 0.700673 -0.612909
-20.3763 86.9453 -68.7979 -0.374919 0.691985 -0.616921
-25.0532 85.4871 -67.5483 -0.380692 0.684792 -0.621397
-29.7298 83.9691 -66.2087 -0.399034 0.661674 -0.634791
-34.3149 82.3627 -64.7606 -0.433481 0.643156 -0.631225
-38.8261 80.7048 -63.2286 -0.458642 0.628133 -0.628567
-43.3312 78.9741 -61.5944 -0.471903 0.62712 -0.619699
-47.8358 77.1724 -59.8612 -0.494463 0.627251 -0.601717
-52.2556 75.2989 -57.999 -0.520297 0.618324 -0.589039
-56.5761 73.3497 -56.0279 -0.542274 0.599957 -0.58821
-60.7902 71.4451 -54.0549 -0.55598 0.589299 -0.586185
-65.0008 69.4936 -51.9807 -0.568207 0.586444 -0.577256
-66.3815 68.8425 -51.2821 -0.568495 0.586264 -0.577155
-61.1158 76.8426 -48.2496 -0.543473 0.602807 -0.584176
-56.7908 78.7797 -50.2488 -0.53802 0.607931 -0.583913
-52.5492 80.6637 -52.1596 -0.518029 0.614609 -0.594896
-48.202 82.5188 -53.9887 -0.508068 0.61948 -0.598425
-43.7058 84.3309 -55.7343 -0.477734 0.639591 -0.60224
-39.1147 86.1453 -57.4506 -0.473736 0.638761 -0.606266
-34.5463 87.7669 -58.9417 -0.4205 0.663759 -0.618549
-29.906 89.2908 -60.3091 -0.401245 0.668451 -0.62624
-25.0616 90.8333 -61.6408 -0.367544 0.684461 -0.629623
-20.2605 92.2835 -62.8996 -0.362353 0.698567 -0.617012
-15.4576 93.6231 -64.0036 -0.322511 0.716588 -0.618457
-10.9094 94.8397 -64.9704 -0.313358 0.731165 -0.605974
-11.1032 99.8182 -58.8657 -0.279796 0.739271 -0.612529
-15.9065 98.6578 -57.9201 -0.307461 0.733426 -0.606262
-20.8368 97.3437 -56.843 -0.336235 0.72744 -0.598144
-25.5948 95.9818 -55.7192 -0.3531 0.690601 -0.631182
-30.3054 94.5441 -54.4497 -0.394429 0.674048 -0.624568
-34.9073 92.9988 -53.0512 -0.425221 0.668088 -0.61061
-39.5063 91.3457 -51.5396 -0.45331 0.654384 -0.605221
-43.9889 89.6178 -49.9337 -0.485742 0.638204 -0.597285
-48.3863 87.821 -48.2069 -0.509732 0.628082 -0.587952
-52.714 85.9907 -46.4041 -0.518294 0.627494 -0.581053
-55.6943 84.6735 -45.0763 -0.533367 0.615877 -0.57984
-50.1611 92.3794 -41.7982 -0.51658 0.624912 -0.585346
-45.7882 94.2729 -43.62 -0.506689 0.623494 -0.595417
-41.3119 95.9837 -45.2234 -0.453069 0.646457 -0.613859
-36.779 97.6284 -46.7248 -0.432118 0.661406 -0.613039
-32.1309 99.2462 -48.1605 -0.410012 0.681168 -0.606548
-27.4642 100.707 -49.392 -0.357927 0.690766 -0.628276
-22.6274 102.037 -50.5068 -0.323806 0.705692 -0.630198
-17.7627 103.301 -51.5463 -0.30586 0.719627 -0.623367
-12.9675 104.475 -52.4878 -0.28159 0.727867 -0.625233
-11.2998 104.87 -52.7802 -0.281489 0.728279 -0.624799
-11.1763 110.013 -46.8271 -0.273124 0.729672 -0.626883
-16.1509 108.849 -45.9508 -0.286606 0.725471 -0.625738
-20.9787 107.642 -44.9948 -0.316615 0.715607 -0.622625
-25.7084 106.339 -43.9535 -0.346274 0.711577 -0.611353
-30.4873 104.937 -42.7992 -0.381693 0.699138 -0.60458
-35.1236 103.431 -41.507 -0.403517 0.690267 -0.600587
-39.7719 101.794 -40.0551 -0.43555 0.671258 -0.599758
-44.2712 100.091 -38.4978 -0.47902 0.662081 -0.576357
-44.2717 100.091 -38.4976 -0.482906 0.660279 -0.57518
-37.853 107.447 -34.8233 -0.426549 0.693706 -0.580369
-33.191 109.053 -36.2008 -0.410812 0.69276 -0.59272
-28.4473 110.582 -37.4613 -0.338235 0.730944 -0.592721
-23.5614 111.908 -38.5087 -0.316154 0.745661 -0.586546
-18.6669 113.174 -39.4533 -0.298628 0.746302 -0.594856
-13.8473 114.387 -40.3103 -0.287225 0.747547 -0.598895
-11.0569 115.075 -40.7806 -0.281484 0.747169 -0.602084
-9.60296 120.432 -34.7998 -0.285954 0.74687 -0.600346
-14.4156 119.125 -34.1078 -0.291705 0.748829 -0.595116
-19.2181 117.848 -33.3229 -0.303977 0.747851 -0.590184
-23.9835 116.565 -32.4272 -0.328218 0.740924 -0.585921
-28.8274 115.208 -31.3876 -0.339171 0.73421 -0.588132
-31.2443 114.493 -30.8225 -0.370557 0.727206 -0.577805
-25.8313 120.725 -26.1215 -0.323012 0.746789 -0.581352
-21.0526 122.062 -27.0432 -0.316373 0.745142 -0.587087
-16.1316 123.446 -27.8742 -0.304201 0.741425 -0.598122
-11.2429 124.828 -28.5905 -0.29569 0.740169 -0.603918
-6.41012 126.29 -29.1518 -0.293195 0.737052 -0.608926
-5.48373 126.583 -29.2437 -0.294028 0.736961 -0.608634
-19.4705 127.07 -21.5257 -0.328186 0.740135 -0.586936
-22.9721 126.043 -20.8635 -0.329106 0.746135 -0.578768
-24.1074 123.573 23.622 -0.337334 0.745393 0.574974
-19.2927 125.005 24.5545 -0.331949 0.741317 0.583317
-14.4912 126.455 25.3903 -0.320494 0.734746 0.597857
-12.551 127.033 25.6851 -0.29915 0.732381 0.611659
-7.92493 123.592 32.1541 -0.288789 0.748525 0.596918
-12.7185 122.231 31.5127 -0.296425 0.748334 0.593403
-17.5245 120.882 30.7472 -0.31039 0.746508 0.588543
-22.3322 119.533 29.8642 -0.320031 0.749494 0.579515
-27.1347 118.16 28.9267 -0.331065 0.745062 0.579032
-28.0712 117.892 28.7365 -0.333111 0.743679 0.579636
-34.8913 111.132 33.0894 -0.399028 0.710576 0.579534
-30.2223 112.569 34.2175 -0.348682 0.727917 0.590387
-25.4223 113.928 35.2606 -0.332994 0.73803 0.586879
-20.5607 115.297 36.2563 -0.323777 0.741254 0.587971
-15.6887 116.645 37.1317 -0.307166 0.748052 0.588275
-10.8744 117.917 37.9368 -0.290179 0.752248 0.591539
-10.6479 117.976 37.9716 -0.288311 0.752362 0.592308
-11.1326 112.921 44.0587 -0.294706 0.730903 0.615572
-15.9934 111.732 43.1769 -0.294118 0.738455 0.606777
-20.7377 110.421 42.2111 -0.338108 0.712802 0.614489
-25.4593 109.05 41.169 -0.343724 0.71373 0.610281
-30.1642 107.661 40.0677 -0.355346 0.710557 0.60732
-34.8439 106.227 38.8891 -0.392577 0.698314 0.598533
-39.4828 104.617 37.5639 -0.418684 0.688993 0.591602
-41.4455 103.877 36.9445 -0.449562 0.682879 0.575822
-47.8734 96.587 40.6329 -0.44408 0.679681 0.583804
-43.3543 98.2745 42.1095 -0.444289 0.677127 0.586606
-38.8 99.9058 43.5179 -0.41602 0.684976 0.598109
-34.1415 101.448 44.8326 -0.396137 0.689492 0.606363
-29.4815 102.865 46.0202 -0.356643 0.703318 0.614938
-24.7349 104.243 47.1542 -0.346136 0.707812 0.615786
-20.0257 105.561 48.2164 -0.331829 0.704841 0.626968
-15.2059 106.784 49.2053 -0.293638 0.709549 0.640561
-11.266 107.706 49.9616 -0.292383 0.718757 0.630794
-11.3057 102.349 55.7546 -0.284976 0.692479 0.662768
-16.0988 101.218 54.8052 -0.302348 0.691767 0.655777
-20.9394 100.051 53.7802 -0.314351 0.688678 0.653381
-25.6841 98.8247 52.7092 -0.334957 0.689383 0.642304
-30.3608 97.4906 51.5408 -0.359478 0.691841 0.626204
-35.0171 96.0574 50.2873 -0.402488 0.67589 0.617395
-39.6735 94.5229 48.9247 -0.409449 0.675328 0.613419
-44.3043 92.9398 47.5108 -0.420914 0.676467 0.604337
-48.9306 91.2753 46.0039 -0.447507 0.678991 0.581986
-53.4901 89.5562 44.4298 -0.462218 0.664148 0.58759
-54.3213 89.2371 44.1363 -0.463296 0.66433 0.586534
-60.1654 81.9488 47.5906 -0.466515 0.652878 0.596753
-55.7167 83.6422 49.2119 -0.462065 0.645175 0.608477
-51.1702 85.3515 50.8282 -0.45928 0.642715 0.613171
-46.6728 86.9907 52.363 -0.428692 0.653228 0.624112
-42.1246 88.536 53.7901 -0.402211 0.660857 0.633636
-37.4675 90.011 55.1489 -0.387593 0.672579 0.630403
-32.8346 91.4326 56.4421 -0.37525 0.664259 0.646489
-27.974 92.8349 57.7053 -0.345184 0.665412 0.661872
-23.1476 94.1266 58.8772 -0.331801 0.673871 0.660156
-18.3177 95.3173 59.9467 -0.295061 0.687981 0.663039
-13.4764 96.4126 60.934 -0.280446 0.689529 0.667757
-11.219 96.8753 61.3627 -0.265525 0.686314 0.677104
-11.1662 91.4336 66.9011 -0.274307 0.684918 0.675014
-16.0185 90.3769 65.9131 -0.289171 0.67167 0.682085
-20.9063 89.2319 64.8649 -0.313734 0.663702 0.679022
-25.7085 88.0005 63.7445 -0.338267 0.659039 0.671746
-30.501 86.7022 62.5355 -0.357897 0.650803 0.669601
-35.2812 85.3117 61.2413 -0.371123 0.648604 0.664515
-40.0285 83.8717 59.8905 -0.396476 0.650107 0.648203
-44.6479 82.3685 58.4699 -0.411765 0.64228 0.646472
-49.3054 80.7701 56.943 -0.432721 0.633255 0.64167
-53.8247 79.1382 55.3725 -0.453317 0.641028 0.619344
-58.2803 77.4872 53.7647 -0.461511 0.640422 0.613895
-62.7079 75.7988 52.0967 -0.474589 0.629443 0.615277
-65.9067 74.5917 50.8861 -0.471229 0.632215 0.615018
-71.6531 67.0586 53.9883 -0.483354 0.614996 0.623016
-67.2031 68.7664 55.7457 -0.478786 0.619686 0.621895
-62.7508 70.47 57.4721 -0.476118 0.619927 0.6237
-58.2123 72.1995 59.2004 -0.466465 0.627704 0.623216
-53.7453 73.818 60.7982 -0.445998 0.632187 0.633581
-49.1889 75.3742 62.3229 -0.426912 0.635479 0.64336
-44.611 76.9242 63.8276 -0.414005 0.626905 0.659992
-39.9583 78.4058 65.2634 -0.399307 0.63011 0.665969
-35.1902 79.8193 66.6132 -0.36983 0.638044 0.675371
-30.5226 81.1398 67.8646 -0.361246 0.642942 0.675372
-25.7704 82.4414 69.1081 -0.352594 0.651459 0.671772
-20.9891 83.6777 70.2862 -0.324735 0.652425 0.684755
-16.1865 84.814 71.3512 -0.300691 0.668549 0.680167
-11.3623 85.9118 72.3675 -0.294548 0.672824 0.678637
-11.157 85.9574 72.4114 -0.294426 0.672853 0.678662
-11.1357 80.4049 77.8409 -0.302613 0.668472 0.679389
-15.9101 79.2908 76.7796 -0.309544 0.659706 0.684815
-20.6681 78.1603 75.679 -0.325284 0.650121 0.686683
-25.4926 76.9321 74.503 -0.339952 0.64411 0.685241
-30.2186 75.6834 73.2902 -0.365573 0.643417 0.672585
-34.9055 74.3555 71.9946 -0.36958 0.645084 0.668788
-39.6207 72.9358 70.6096 -0.389977 0.635745 0.666143
-44.2734 71.5011 69.2153 -0.399672 0.632588 0.663397
-48.8655 70.0404 67.775 -0.410433 0.633016 0.65638
-53.5186 68.5039 66.2574 -0.431673 0.621419 0.653832
-57.984 66.8564 64.6264 -0.477832 0.610569 0.631571
-62.4437 65.1628 62.9279 -0.47223 0.614144 0.632318
-66.8664 63.4884 61.2283 -0.480971 0.612553 0.627253
-71.248 61.8041 59.4938 -0.484456 0.615034 0.622122
-75.6176 60.1159 57.7258 -0.493039 0.599187 0.630783
-76.9601 59.5831 57.1606 -0.504312 0.595545 0.625297
-82.0703 51.8896 60.1883 -0.520539 0.578803 0.627715
-77.7354 53.6748 62.0841 -0.508578 0.586459 0.630408
-73.3621 55.4318 63.9163 -0.488362 0.596039 0.63737
-68.9342 57.1588 65.6929 -0.48753 0.597907 0.636256
-64.549 58.858 67.4151 -0.481635 0.598034 0.640612
-60.0337 60.5739 69.1381 -0.46616 0.612159 0.638715
-55.4956 62.2345 70.7983 -0.461426 0.606531 0.647462
-50.9472 63.8311 72.3723 -0.413738 0.624729 0.662219
-46.3261 65.3289 73.8373 -0.402834 0.63125 0.662758
-41.7064 66.7474 75.2406 -0.386354 0.626868 0.676585
-37.0658 68.1577 76.6049 -0.384311 0.62403 0.680361
-32.3523 69.4897 77.9247 -0.363442 0.625473 0.69043
-27.6653 70.7429 79.1682 -0.3405 0.635806 0.692683
-22.8827 71.9735 80.3941 -0.342678 0.636174 0.69127
-17.9599 73.2197 81.6183 -0.320341 0.648112 0.690893
-13.1816 74.3407 82.7525 -0.314503 0.651234 0.690639
-10.9864 74.8651 83.2647 -0.313118 0.653251 0.689363
-10.9039 69.2481 88.5826 -0.314719 0.647602 0.693948
-15.6799 68.1524 87.4267 -0.321919 0.639905 0.697775
-20.4038 66.9873 86.2459 -0.343713 0.638603 0.688511
-25.126 65.7626 85.0125 -0.349178 0.636406 0.687795
-29.8071 64.5265 83.7561 -0.356406 0.627414 0.692334
-34.4964 63.2081 82.4771 -0.36653 0.627974 0.686516
-39.2171 61.8552 81.1486 -0.377578 0.619921 0.687847
-43.9127 60.476 79.7767 -0.3874 0.624997 0.677717
-48.5692 59.0101 78.3339 -0.408917 0.613479 0.675597
-53.2604 57.4505 76.8083 -0.437007 0.602139 0.668172
-57.8121 55.8038 75.1716 -0.459624 0.590781 0.663117
-62.2917 54.0846 73.4621 -0.481301 0.589287 0.648915
-66.823 52.3312 71.7195 -0.480418 0.593168 0.646027
-71.3049 50.5978 69.9758 -0.480894 0.592908 0.645912
-75.6626 48.8289 68.1848 -0.508025 0.579421 0.637324
-80.0154 47.0269 66.3455 -0.515981 0.576378 0.633682
-84.3756 45.1865 64.435 -0.519815 0.576107 0.630788
-87.1418 44.0207 63.2018 -0.529923 0.571778 0.6263
-92.3396 35.7925 66.1093 -0.543916 0.560141 0.624818
-88.0682 37.7273 68.071 -0.541617 0.558163 0.628574
-83.7303 39.6385 69.9854 -0.528258 0.574944 0.624806
-79.4644 41.5052 71.8391 -0.515167 0.579484 0.631507
-75.0769 43.381 73.6737 -0.512311 0.580734 0.632681
-70.6835 45.164 75.435 -0.485214 0.596043 0.639766
-66.2923 46.8859 77.1341 -0.47675 0.600317 0.642128
-61.8069 48.6343 78.8423 -0.478383 0.59641 0.64455
-57.3276 50.2456 80.4113 -0.442276 0.598678 0.667815
-52.8149 51.8451 81.9686 -0.444994 0.591371 0.672503
-48.2538 53.4335 83.5265 -0.406496 0.595651 0.692792
-43.5619 54.8986 84.9781 -0.402159 0.60386 0.688201
-38.8347 56.3159 86.3932 -0.375365 0.627287 0.682358
-34.1481 57.6429 87.7355 -0.367688 0.62236 0.690995
-29.4526 58.9473 89.035 -0.359822 0.634259 0.684283
-24.7278 60.1986 90.2909 -0.340031 0.6298 0.698377
-19.8764 61.4287 91.5444 -0.339947 0.629973 0.698262
-14.9971 62.6278 92.7666 -0.32478 0.633716 0.702084
-10.8213 63.6176 93.7928 -0.322661 0.638837 0.69841
-10.8975 57.8613 98.9156 -0.324128 0.625035 0.710122
-15.7451 56.7071 97.6803 -0.334018 0.621464 0.708671
-20.608 55.5233 96.4236 -0.336616 0.613175 0.714637
-25.4169 54.3136 95.1655 -0.34651 0.609473 0.713073
-30.121 53.0682 93.9063 -0.357802 0.60757 0.709109
-34.8703 51.7694 92.5673 -0.373036 0.607557 0.701227
-39.5756 50.3974 91.2009 -0.384901 0.599637 0.701631
-44.3183 48.9729 89.7855 -0.40946 0.586758 0.698611
-48.8655 47.4759 88.292 -0.41986 0.586971 0.692231
-53.4033 45.951 86.8251 -0.42497 0.589243 0.687163
-57.9994 44.3571 85.3492 -0.425427 0.589199 0.686918
-62.5209 42.7208 83.7746 -0.468066 0.597488 0.651093
-66.9666 40.9662 82.0796 -0.485815 0.586936 0.64768
-71.4814 39.1336 80.317 -0.494053 0.58669 0.641643
-75.9011 37.2985 78.5648 -0.504213 0.586525 0.633843
-80.2065 35.4153 76.7997 -0.51677 0.577568 0.631953
-84.4789 33.4741 74.9596 -0.535912 0.569431 0.623335
-88.7688 31.4727 73.0735 -0.543747 0.56885 0.617049
-93.0278 29.411 71.1473 -0.565011 0.552284 0.612981
-97.2037 27.2829 69.1737 -0.570444 0.545157 0.614326
-97.2878 27.2399 69.1338 -0.570444 0.545158 0.614327
-103.609 17.5212 71.7899 -0.608124 0.531546 0.589614
-99.521 19.9652 73.7012 -0.586863 0.547055 0.596928
-95.4222 22.2278 75.5499 -0.571391 0.555404 0.604184
-91.2384 24.41 77.4008 -0.551954 0.565572 0.61276
-87.0354 26.4699 79.2009 -0.530816 0.568063 0.628919
-82.7983 28.471 80.9679 -0.528181 0.568207 0.631004
-78.5072 30.4036 82.7243 -0.511178 0.577266 0.636758
-74.0553 32.3501 84.4928 -0.494787 0.580717 0.646493
-69.6619 34.1701 86.1743 -0.48453 0.584171 0.651133
-65.2356 35.9136 87.8035 -0.458367 0.582336 0.671405
-60.647 37.6406 89.4116 -0.441025 0.581425 0.683697
-56.0745 39.225 90.928 -0.429107 0.588837 0.684936
-51.4617 40.7985 92.4055 -0.417007 0.587041 0.693894
-46.8884 42.331 93.855 -0.414101 0.585164 0.697211
-42.3112 43.7934 95.2768 -0.399883 0.594628 0.697504
-37.6435 45.2045 96.6929 -0.381449 0.598191 0.704744
-32.9228 46.5802 98.0383 -0.367133 0.604904 0.706615
-28.192 47.8398 99.3614 -0.350743 0.611274 0.709453
-23.4898 49.0264 100.613 -0.34568 0.60922 0.713692
-18.747 50.1948 101.86 -0.334851 0.612572 0.715982
-14.0087 51.335 103.104 -0.335809 0.610805 0.717042
-10.8018 52.0956 103.948 -0.328458 0.613085 0.7185
-10.7819 46.2928 108.808 -0.320632 0.601728 0.731518
-15.544 45.1794 107.577 -0.333506 0.599036 0.727962
-20.3159 44.0337 106.316 -0.338005 0.602052 0.723385
-25.0407 42.8599 105.059 -0.342454 0.600617 0.722485
-29.8011 41.6321 103.786 -0.349958 0.595629 0.723018
-34.4702 40.3662 102.51 -0.37938 0.604352 0.700593
-39.1431 39.0013 101.123 -0.382728 0.588503 0.712168
-43.7467 37.5819 99.7307 -0.406635 0.599818 0.689105
-48.3207 36.1044 98.3091 -0.413057 0.598815 0.686152
-52.9685 34.5461 96.8292 -0.41843 0.594637 0.68653
-57.5913 32.9653 95.3559 -0.435518 0.589018 0.680722
-62.0832 31.3389 93.8622 -0.439703 0.586158 0.6805
-66.5688 29.6478 92.3023 -0.458761 0.577656 0.675168
-70.9749 27.8577 90.6958 -0.484176 0.558459 0.67357
-75.3578 26.0035 89.0708 -0.49682 0.569114 0.655194
-79.6967 24.1027 87.4311 -0.50285 0.56447 0.654611
-83.9933 22.0847 85.6867 -0.528345 0.56429 0.634373
-88.2753 20.0142 83.9533 -0.53479 0.56392 0.62928
-92.5228 17.884 82.207 -0.555278 0.560434 0.614476
-96.6297 15.6249 80.4349 -0.575895 0.550476 0.604418
-100.811 13.2441 78.6225 -0.582408 0.554766 0.594168
-104.809 10.7708 76.8303 -0.608905 0.546159 0.575278
-106.483 9.66314 76.1063 -0.611112 0.54684 0.572283
-97.4711 9.3789 85.4529 -0.568779 0.55889 0.603433
-93.3251 11.6191 87.1927 -0.561079 0.557933 0.611475
-89.1517 13.8168 88.9225 -0.54885 0.563789 0.617175
-84.8861 15.9619 90.5856 -0.520301 0.573383 0.632865
-80.5835 18.0053 92.2118 -0.493737 0.5882 0.640503
-76.2118 19.912 93.7814 -0.488366 0.590242 0.642739
-71.7767 21.786 95.3783 -0.479486 0.576994 0.661189
-67.3916 23.6047 96.9646 -0.470618 0.57642 0.668026
-62.8386 25.3292 98.5207 -0.44911 0.586477 0.674051
-58.2284 27.0215 100.036 -0.433112 0.584376 0.686235
-53.6154 28.6609 101.535 -0.416376 0.589514 0.692174
-49.0643 30.1773 102.949 -0.41173 0.58774 0.696449
-44.4238 31.6501 104.365 -0.394811 0.593161 0.701629
-39.8143 33.0478 105.72 -0.379026 0.592273 0.711022
-34.9786 34.4348 107.113 -0.369698 0.592911 0.715388
-30.2246 35.7303 108.441 -0.351924 0.594786 0.722758
-25.493 36.9683 109.72 -0.345792 0.595278 0.725308
-20.7337 38.142 110.967 -0.336213 0.595115 0.729931
-16.0093 39.2539 112.21 -0.32274 0.590634 0.739588
-11.1507 40.3345 113.451 -0.32035 0.590696 0.740577
-10.9403 40.3812 113.505 -0.320334 0.590713 0.740571
-10.8626 34.5277 118.147 -0.315257 0.582934 0.748866
-15.6716 33.4811 116.922 -0.318295 0.58301 0.747521
-20.516 32.3654 115.679 -0.328064 0.581296 0.744626
-25.3799 31.2024 114.409 -0.334036 0.579851 0.743097
-30.134 29.9918 113.145 -0.349463 0.585409 0.731555
-34.8396 28.7255 111.84 -0.365851 0.584287 0.724405
-39.6054 27.391 110.505 -0.369882 0.583201 0.723232
-44.2856 25.9859 109.145 -0.386348 0.586722 0.711683
-48.9697 24.5259 107.77 -0.404444 0.585246 0.702789
-53.578 23.0031 106.373 -0.412726 0.590263 0.69372
-58.1218 21.3863 104.923 -0.430498 0.586722 0.685878
-62.6681 19.7435 103.487 -0.431032 0.592181 0.680832
-67.2021 18.0279 101.983 -0.4653 0.585389 0.66394
-71.7258 16.2005 100.409 -0.47237 0.581023 0.66278
-76.1244 14.3531 98.88 -0.474858 0.583126 0.659147
-80.5317 12.3836 97.3231 -0.503911 0.578468 0.641443
-84.8377 10.336 95.7002 -0.521261 0.571212 0.634037
-86.6519 9.41856 95.0265 -0.524869 0.573802 0.6287
-74.7233 9.3335 104.31 -0.464327 0.581066 0.668403
-70.2852 11.1507 105.806 -0.454353 0.579175 0.676846
-65.8068 12.9482 107.305 -0.456458 0.578251 0.676219
-61.1985 14.6641 108.764 -0.421424 0.585752 0.692312
-56.5986 16.2845 110.178 -0.419738 0.582917 0.695721
-52.0073 17.8606 111.578 -0.404861 0.586363 0.701617
-47.2539 19.3826 112.971 -0.385712 0.586457 0.712246
-42.6336 20.7859 114.294 -0.374241 0.584328 0.720072
-37.8927 22.1513 115.607 -0.361743 0.588768 0.722838
-33.155 23.426 116.885 -0.357503 0.577811 0.733707
-28.3636 24.6521 118.14 -0.33787 0.575449 0.744784
-23.5164 25.8325 119.408 -0.329673 0.573019 0.75031
-18.6364 26.9659 120.67 -0.317284 0.571471 0.756804
-13.8265 28.0091 121.883 -0.31503 0.570788 0.758259
-10.9944 28.6023 122.602 -0.310849 0.571159 0.759704
-11.0612 22.7175 126.952 -0.301768 0.565929 0.767242
-15.8686 21.7375 125.758 -0.308868 0.567605 0.763168
-20.6792 20.6942 124.553 -0.318997 0.573993 0.75417
-25.4652 19.6144 123.366 -0.322931 0.579642 0.748152
-30.2502 18.4589 122.17 -0.337754 0.580015 0.741286
-34.9688 17.2308 120.946 -0.345625 0.579867 0.737765
-39.7401 15.9421 119.685 -0.360104 0.58021 0.730535
-44.3915 14.6006 118.4 -0.381254 0.578048 0.721461
-49.1361 13.1545 117.064 -0.385413 0.582276 0.715829
-53.8148 11.6043 115.702 -0.408188 0.577957 0.706646
-58.4522 10.013 114.309 -0.422999 0.5833 0.693421
-60.5035 9.28065 113.675 -0.422302 0.584905 0.692493
-43.1897 9.29837 123.229 -0.354757 0.580873 0.732621
-38.3481 10.6379 124.504 -0.347771 0.575648 0.740057
-33.5191 11.9069 125.75 -0.333052 0.574947 0.747337
-28.7495 13.089 126.925 -0.321169 0.571503 0.755139
-23.9858 14.183 128.083 -0.311646 0.567998 0.761744
-19.1182 15.2585 129.268 -0.309389 0.5689 0.761991
-14.2452 16.2702 130.452 -0.302516 0.563227 0.768934
-10.2674 17.0427 131.408 -0.284629 0.558077 0.779446
-7.58369 11.7103 136.147 -0.272465 0.552952 0.787405
-12.4168 10.8446 135.055 -0.280018 0.558164 0.781053
-17.3733 9.87865 133.918 -0.288985 0.563932 0.773607
-19.0059 9.55177 133.541 -0.294554 0.568325 0.768274
-80.919 43.7688 -59.998 -0.63556 0.523261 -0.567681
-76.9507 45.9121 -62.3715 -0.626423 0.530616 -0.571
-72.9202 48.0388 -64.6718 -0.603152 0.536298 -0.590417
-68.9003 50.0931 -66.8601 -0.577481 0.553351 -0.600265
-64.7737 52.1258 -68.9781 -0.580421 0.556705 -0.594299
-60.6737 54.1244 -71.0416 -0.570611 0.5614 -0.599361
-56.4238 56.1281 -73.0717 -0.549487 0.575753 -0.605453
-52.0513 58.1278 -75.0765 -0.537279 0.581416 -0.610972
-47.7334 60.041 -76.9634 -0.516572 0.59577 -0.614989
-43.3515 61.911 -78.7743 -0.50597 0.603317 -0.616444
-38.9867 63.7055 -80.4567 -0.492152 0.622601 -0.608403
-34.4989 65.4465 -82.09 -0.454144 0.634923 -0.625001
-30.0342 67.1006 -83.6342 -0.450778 0.636263 -0.626074
-25.4998 68.7836 -85.1332 -0.439817 0.648408 -0.621392
-20.8707 70.5036 -86.6151 -0.436177 0.654679 -0.617369
-16.3623 72.1594 -88.0062 -0.430663 0.665122 -0.610035
-12.1036 73.687 -89.2467 -0.421064 0.681947 -0.598041
-13.5616 67.6553 -94.9348 -0.443019 0.660895 -0.605766
-18.0956 65.9159 -93.5034 -0.445872 0.651102 -0.614218
-22.7143 64.1525 -91.9681 -0.452903 0.640462 -0.620232
-27.1696 62.454 -90.4632 -0.454022 0.638374 -0.621564
-31.7108 60.731 -88.9012 -0.461765 0.631003 -0.623384
-36.274 58.9707 -87.2625 -0.480364 0.606055 -0.633993
-40.6368 57.1877 -85.5786 -0.49711 0.601088 -0.62576
-45.0204 55.3039 -83.7646 -0.515307 0.591033 -0.620596
-49.2947 53.4421 -81.9474 -0.52613 0.583907 -0.618256
-53.5516 51.5321 -80.0522 -0.543072 0.57953 -0.607633
-57.8293 49.562 -78.0903 -0.558209 0.573751 -0.599344
-61.9268 47.519 -76.0389 -0.578096 0.554465 -0.598643
-66.0564 45.4639 -73.9522 -0.579429 0.55554 -0.596353
-70.2144 43.3408 -71.7905 -0.594498 0.544904 -0.591313
-74.2704 41.2324 -69.628 -0.615699 0.535526 -0.578037
-78.18 39.0724 -67.3794 -0.632001 0.526338 -0.568809
-82.1195 36.8036 -64.999 -0.65339 0.512785 -0.556896
-84.9128 35.1397 -63.2424 -0.657679 0.512062 -0.552495
-75.2881 34.4854 -74.7214 -0.619642 0.529961 -0.578951
-71.224 36.6754 -76.8866 -0.59967 0.543534 -0.587338
-67.197 38.8163 -79.0199 -0.592439 0.548048 -0.590475
-63.1393 40.9054 -81.0974 -0.586225 0.551214 -0.59372
-58.8922 43.009 -83.1945 -0.567594 0.560224 -0.603313
-54.7571 45.0182 -85.1772 -0.542976 0.577755 -0.609406
-50.5265 46.9431 -87.0793 -0.533974 0.583147 -0.612218
-46.1941 48.8451 -88.9423 -0.520107 0.588881 -0.618634
-41.8282 50.7242 -90.7597 -0.509589 0.594212 -0.622279
-37.4645 52.5489 -92.4994 -0.49426 0.599774 -0.629268
-33.0887 54.3021 -94.1743 -0.476707 0.616639 -0.626503
-28.6266 56.055 -95.7991 -0.463507 0.625553 -0.627571
-24.1257 57.8071 -97.4222 -0.469024 0.628811 -0.620172
-19.6622 59.5519 -98.989 -0.464183 0.631486 -0.621096
-15.2381 61.3161 -100.545 -0.461074 0.646276 -0.608062
-14.6077 61.5638 -100.757 -0.456177 0.654267 -0.603189
-15.3171 55.4905 -106.568 -0.478114 0.627447 -0.614587
-19.7562 53.6858 -104.96 -0.478286 0.62554 -0.616395
-24.1811 51.8999 -103.292 -0.479162 0.617795 -0.623485
-28.7164 50.1094 -101.582 -0.481899 0.610272 -0.628762
-33.1395 48.3311 -99.8692 -0.490418 0.602861 -0.629324
-37.5381 46.5125 -98.127 -0.503989 0.592405 -0.628531
-41.9599 44.6493 -96.349 -0.503071 0.589597 -0.631898
-46.3228 42.7574 -94.5234 -0.520466 0.581502 -0.625276
-50.6442 40.8472 -92.6616 -0.534916 0.571414 -0.622375
-54.9016 38.8396 -90.6766 -0.561966 0.553198 -0.614953
-59.1022 36.8165 -88.6678 -0.560662 0.553623 -0.615759
-63.3344 34.7333 -86.5939 -0.587494 0.546523 -0.596795
-67.4215 32.6036 -84.491 -0.590793 0.542105 -0.597566
-60.6541 29.9404 -93.4455 -0.570334 0.548449 -0.611492
-56.4832 31.9345 -95.4475 -0.556972 0.555903 -0.617052
-52.1484 33.9906 -97.5083 -0.554949 0.556814 -0.618053
-47.8854 35.9433 -99.4683 -0.536244 0.567951 -0.624399
-43.5786 37.8465 -101.314 -0.523674 0.575363 -0.62827
-39.171 39.765 -103.167 -0.514574 0.579975 -0.63154
-34.7784 41.6267 -104.909 -0.495272 0.595701 -0.632334
-30.4316 43.4306 -106.625 -0.497528 0.595299 -0.63094
-26.0576 45.2297 -108.364 -0.488078 0.605557 -0.628555
-21.6564 46.9976 -110.064 -0.486005 0.609005 -0.626828
-17.2914 48.7623 -111.763 -0.491831 0.612503 -0.618823
-15.6862 49.4165 -112.392 -0.492405 0.61244 -0.618428
-15.8143 43.3488 -118.217 -0.49763 0.59672 -0.629516
-20.1793 41.5968 -116.433 -0.496168 0.5967 -0.630687
-24.5351 39.8121 -114.672 -0.494738 0.589938 -0.638129
-28.9758 37.9796 -112.892 -0.500781 0.592459 -0.63104
-33.4567 36.1128 -111.101 -0.497881 0.589715 -0.635886
-37.8684 34.225 -109.319 -0.508403 0.575029 -0.64099
-42.1823 32.3199 -107.502 -0.526175 0.567979 -0.632882
-46.475 30.3989 -105.634 -0.527871 0.56546 -0.633725
-50.7194 28.4583 -103.727 -0.543417 0.559096 -0.626186
-54.6579 26.6241 -101.883 -0.557075 0.556057 -0.616821
-49.3254 22.8705 -109.975 -0.540981 0.561091 -0.626512
-44.9814 24.8651 -111.845 -0.530065 0.565803 -0.631584
-40.7308 26.7974 -113.655 -0.526112 0.566115 -0.634603
-36.4032 28.7127 -115.461 -0.512521 0.573008 -0.639518
-31.9881 30.596 -117.279 -0.502659 0.574842 -0.645671
-27.6289 32.4116 -119.033 -0.50009 0.57624 -0.646419
-23.2819 34.1912 -120.79 -0.497798 0.583164 -0.641964
-18.9171 35.9572 -122.596 -0.501996 0.58025 -0.641334
-15.4248 37.3461 -124.061 -0.502469 0.572816 -0.647617
-14.5032 31.4221 -129.92 -0.505441 0.551734 -0.663415
-18.8722 29.7208 -128.045 -0.497696 0.557159 -0.664735
-23.2268 28.0112 -126.24 -0.498069 0.560233 -0.661865
-27.5947 26.2364 -124.436 -0.501223 0.560829 -0.658974
-31.961 24.4256 -122.654 -0.501554 0.560738 -0.658799
-36.3047 22.5783 -120.894 -0.510637 0.552257 -0.658986
-40.6009 20.6521 -119.144 -0.525012 0.54584 -0.653009
-45.0052 18.5661 -117.319 -0.529814 0.550704 -0.644998
-47.2097 17.5044 -116.414 -0.531146 0.550408 -0.644154
-50.0256 9.77485 -120.63 -0.531842 0.545878 -0.647427
-45.8085 11.9219 -122.256 -0.524693 0.550264 -0.649544
-41.4938 13.985 -123.979 -0.514557 0.543928 -0.662853
-37.2134 15.9378 -125.691 -0.511526 0.544862 -0.66443
-32.8391 17.8436 -127.465 -0.501478 0.552973 -0.665387
-28.5089 19.6421 -129.232 -0.501542 0.550409 -0.667462
-24.143 21.386 -131.018 -0.49444 0.54606 -0.676275
-19.7436 23.095 -132.847 -0.493743 0.548908 -0.674477
-15.2755 24.801 -134.753 -0.500271 0.543212 -0.674277
-12.9277 25.6862 -135.781 -0.501031 0.542036 -0.674659
-11.1528 20.0269 -141.495 -0.496825 0.53008 -0.687154
-15.6126 18.3968 -139.565 -0.492345 0.534064 -0.687293
-20.0442 16.7293 -137.702 -0.48634 0.542975 -0.684581
-24.4399 15.0756 -135.881 -0.488036 0.544564 -0.682108
-28.9164 13.3067 -134.066 -0.492427 0.545021 -0.678578
-33.4437 11.439 -132.242 -0.501131 0.542501 -0.674211
-37.6971 9.62114 -130.542 -0.504163 0.54486 -0.670036
-37.72 9.61137 -130.533 -0.504185 0.544839 -0.670036
