32.9314 128.946 -11.2346 0.663229 0.74796 -0.0261309
33.3273 128.77 -6.24495 0.675474 0.737106 -0.0202663
33.5403 128.663 -1.17568 0.672495 0.740048 -0.0086439
33.4143 128.743 3.83444 0.670771 0.741544 0.0133864
33.1062 128.926 8.9389 0.660727 0.750239 0.0241082
34.977 127.224 11.615 0.662235 0.749174 0.0135431
38.7745 123.84 12.5155 0.665607 0.746127 0.0161449
42.2862 120.634 14.2011 0.668598 0.742127 0.0470729
45.7235 117.344 16.0909 0.675994 0.734074 0.0645265
49.0499 113.995 17.9422 0.686077 0.721739 0.0915737
52.285 110.599 19.8698 0.69501 0.709139 0.118674
55.5559 107.037 21.7655 0.70174 0.703436 0.112863
58.7449 103.605 23.5531 0.711029 0.693922 0.113614
61.8788 100.059 25.4207 0.710683 0.693029 0.120997
64.9916 96.5201 27.2616 0.7145 0.687283 0.13089
68.0872 92.9446 29.0679 0.719314 0.684157 0.120482
71.2428 89.3112 30.8637 0.719878 0.683754 0.1194
74.2643 85.7818 32.7394 0.722166 0.681394 0.119069
77.4213 82.114 34.4797 0.729713 0.673299 0.119106
80.4188 78.4958 36.3271 0.735728 0.666955 0.117791
83.4677 74.797 38.0172 0.741334 0.661287 0.114559
86.4942 71.0455 39.757 0.748636 0.652596 0.116886
89.4493 67.3169 41.5335 0.753195 0.644937 0.129435
92.4298 63.4931 43.1764 0.756307 0.63867 0.141777
95.342 59.679 44.8297 0.755666 0.638939 0.143964
98.2352 55.8383 46.5334 0.761478 0.63101 0.148246
101.122 51.9576 48.161 0.762169 0.629721 0.150166
103.933 48.0787 49.7859 0.769407 0.616255 0.168057
106.698 44.1666 51.3534 0.769163 0.613717 0.17816
109.46 40.2548 52.8678 0.769928 0.610171 0.186821
112.184 36.2652 54.4115 0.777082 0.595158 0.204767
114.833 32.265 55.9671 0.777025 0.594087 0.208071
117.51 28.238 57.4096 0.77345 0.589917 0.231888
120.13 24.2062 58.8658 0.776846 0.5844 0.234493
122.544 20.2291 60.7129 0.780012 0.577696 0.240518
124.543 16.4437 63.2931 0.778282 0.5768 0.248152
126.012 12.9815 66.6166 0.774044 0.57284 0.269648
127.228 10.3219 68.7466 0.77452 0.569414 0.275475
129.459 9.35619 64.3561 0.775519 0.574025 0.262798
131.593 8.47451 59.8566 0.774419 0.581909 0.248295
133.514 7.82573 55.2498 0.774264 0.586458 0.237869
135.188 7.42416 50.5618 0.774773 0.593258 0.218567
136.569 7.35259 45.7167 0.777468 0.595446 0.202453
137.943 7.24621 40.6696 0.781581 0.594386 0.189304
139.02 7.35327 35.6563 0.78177 0.598853 0.173811
140.088 7.30541 30.7695 0.780878 0.604501 0.157509
141.045 7.34136 25.7993 0.780953 0.607862 0.143586
141.977 7.19995 20.8849 0.783768 0.608944 0.122045
142.689 7.26344 15.8361 0.783411 0.611567 0.110692
143.353 7.2773 10.8731 0.786026 0.610121 0.0995738
143.983 7.20385 5.87283 0.785229 0.613062 0.0870043
144.348 7.37298 0.847553 0.787347 0.612773 0.0677795
144.255 7.99146 -4.11216 0.78893 0.611919 0.0560733
143.896 8.83876 -9.05166 0.785839 0.616762 0.0454131
143.446 9.71235 -14.0466 0.785231 0.618265 0.0340713
142.883 10.6271 -18.9522 0.784663 0.619669 0.0177172
142.154 11.591 -23.8016 0.781565 0.623822 -0.00163486
141.243 12.6711 -28.5998 0.783493 0.620951 -0.0236169
140.126 13.8576 -33.4771 0.781638 0.622923 -0.0317546
138.883 15.1068 -38.3148 0.780254 0.62395 -0.0434742
137.467 16.5218 -42.9528 0.782335 0.620337 -0.0559849
135.94 17.9699 -47.5506 0.782304 0.619075 -0.0688904
134.184 19.661 -52.0351 0.781269 0.619413 -0.0771115
132.364 21.3674 -56.544 0.783023 0.615835 -0.08731
130.21 23.9154 -57.9587 0.783808 0.615556 -0.0820766
127.921 27.196 -54.9403 0.782514 0.617583 -0.0791332
125.622 30.4678 -51.9329 0.780912 0.621443 -0.0631231
123.16 33.8147 -49.152 0.773559 0.631336 -0.0549689
120.558 37.171 -46.4944 0.765903 0.64108 -0.0490791
117.78 40.6532 -43.8682 0.76883 0.638263 -0.0389962
114.996 44.0852 -41.5202 0.761795 0.647276 -0.0264765
111.973 47.6666 -39.6014 0.751876 0.65891 -0.0228065
108.79 51.3188 -37.9877 0.740063 0.672173 -0.0221552
105.565 54.9279 -36.37 0.740689 0.671336 -0.0262116
102.377 58.4742 -34.7106 0.735215 0.67749 -0.0215632
99.0833 62.0933 -33.4747 0.734518 0.678125 -0.0250732
95.7073 65.7462 -32.3274 0.729004 0.683964 -0.0273408
92.2775 69.4599 -31.0445 0.729775 0.682628 -0.0380312
88.9326 73.0851 -29.8352 0.727484 0.684883 -0.0412609
85.5643 76.7295 -28.6287 0.725096 0.687305 -0.0429762
82.2514 80.2925 -27.4522 0.72396 0.688318 -0.0458277
78.8783 83.8994 -26.4561 0.719666 0.692568 -0.0492942
75.3861 87.6065 -25.3949 0.717454 0.6943 -0.0566331
71.9699 91.1872 -24.4935 0.713061 0.69899 -0.0543714
68.4971 94.7479 -23.8639 0.708109 0.703454 -0.0611111
64.9683 98.3173 -23.2346 0.701206 0.709601 -0.0691083
61.3782 101.873 -22.842 0.69098 0.719137 -0.0733942
57.762 105.31 -22.3668 0.679913 0.729475 -0.0747295
54.3044 108.659 -21.0795 0.679088 0.730274 -0.0744295
51.0084 111.913 -19.1806 0.6799 0.728973 -0.0795887
47.6983 115.212 -17.2265 0.682826 0.7264 -0.0780246
44.3573 118.466 -15.3221 0.687392 0.724586 -0.049668
40.894 121.772 -13.4675 0.67279 0.739029 -0.0344854
37.257 125.088 -12.0872 0.664786 0.746772 -0.0197878
33.5035 128.431 -11.4881 0.661908 0.749223 -0.0232939
32.9594 128.918 -11.3323 0.663272 0.74793 -0.0258982
28.4385 132.937 -10.7446 0.657663 0.751689 -0.0494274
28.1784 133.027 -15.7762 0.635575 0.77161 0.0257491
30.5108 131.089 -17.7305 0.66905 0.740619 0.0620795
34.2299 127.736 -17.6043 0.676209 0.736405 0.021163
37.8669 124.318 -18.5168 0.688398 0.72421 -0.0403584
41.1885 120.967 -20.2822 0.689612 0.717899 -0.0951467
44.5127 117.543 -22.1878 0.67599 0.728648 -0.11004
47.815 114.239 -24.0807 0.669025 0.735555 -0.106603
51.1058 110.988 -26.0148 0.663047 0.741001 -0.106238
54.4498 107.702 -27.8728 0.670851 0.734774 -0.100335
58.0972 104.278 -28.4787 0.677036 0.729402 -0.0979518
61.6997 100.831 -28.9844 0.687559 0.720244 -0.092256
65.3704 97.2429 -29.3981 0.695397 0.714096 -0.080553
68.8785 93.7387 -30.0345 0.700506 0.709727 -0.0746883
72.3813 90.1867 -30.8305 0.705355 0.705767 -0.066087
75.888 86.5724 -31.7005 0.711814 0.699893 -0.0589038
79.2852 83.0175 -32.7261 0.715574 0.696446 -0.0539943
82.703 79.395 -33.8964 0.719872 0.692663 -0.044747
86.0834 75.7875 -35.0798 0.722913 0.689665 -0.0419414
89.4413 72.1962 -36.303 0.72417 0.688673 -0.0361401
92.9335 68.4763 -37.5351 0.725919 0.687365 -0.0238788
96.2861 64.8922 -38.7334 0.727577 0.685672 -0.0220359
99.6319 61.291 -39.9415 0.734454 0.678486 -0.015278
102.963 57.6276 -41.4409 0.740406 0.671929 -0.0175973
106.21 54.0067 -43.0541 0.740496 0.671849 -0.0168764
109.467 50.3587 -44.6448 0.754288 0.65625 -0.019513
112.532 46.7628 -46.5327 0.754788 0.65556 -0.0230752
115.467 43.1897 -48.8151 0.770878 0.636376 -0.0277909
118.102 39.7699 -51.3722 0.776148 0.628776 -0.0472702
120.711 36.3146 -54.1164 0.769946 0.634282 -0.0697831
123.216 32.8956 -56.9216 0.779192 0.622558 -0.0726675
125.491 29.6291 -59.9658 0.782304 0.617371 -0.0827824
127.821 26.2191 -62.9682 0.785129 0.612069 -0.0945714
130.011 22.8559 -66.1561 0.785926 0.607907 -0.112996
132.312 19.9176 -66.1034 0.780849 0.614552 -0.112241
134.351 18.0584 -61.8014 0.779748 0.617661 -0.102409
136.222 16.3441 -57.5031 0.780145 0.619606 -0.0863842
138.042 14.658 -53.1448 0.776463 0.624074 -0.0873925
139.759 13.0683 -48.5714 0.77729 0.625355 -0.0689341
141.249 11.6815 -43.9659 0.780306 0.622796 -0.056981
142.609 10.3749 -39.3313 0.779278 0.624611 -0.0508668
143.89 9.09051 -34.5365 0.783498 0.620564 -0.0321125
144.94 7.97407 -29.722 0.780453 0.624827 -0.022
145.886 6.92253 -24.8418 0.780115 0.625635 -0.00145551
146.607 5.9702 -19.9703 0.78334 0.621419 0.0147
147.207 5.03532 -15.0941 0.780559 0.624011 0.0365764
147.623 4.19958 -10.1676 0.782601 0.620993 0.0436225
147.955 3.36448 -5.18295 0.781014 0.621821 0.0579303
148.039 2.73728 -0.0849235 0.787165 0.6134 0.0641145
147.795 2.43391 5.035 0.785567 0.613037 0.0840825
147.21 2.46939 10.1595 0.783178 0.615451 0.0886203
146.526 2.47959 15.132 0.783985 0.610009 0.115132
145.772 2.47538 20.127 0.78161 0.611081 0.125162
144.927 2.45815 25.1319 0.784427 0.603894 0.141372
143.955 2.48826 30.135 0.778744 0.606892 0.158871
142.905 2.49743 35.032 0.778621 0.603712 0.171115
141.795 2.46569 39.9403 0.772714 0.605541 0.190352
140.548 2.47155 44.8361 0.778785 0.595749 0.196412
139.178 2.53038 49.6567 0.775124 0.591674 0.221594
137.722 2.5984 54.5122 0.774118 0.590052 0.229301
135.762 3.23871 59.1626 0.772742 0.581805 0.253718
133.738 3.93853 63.7063 0.771546 0.582215 0.256402
131.521 4.83628 68.1217 0.770604 0.573631 0.277699
129.122 5.88098 72.5784 0.769122 0.572073 0.284927
126.677 7.05335 76.7896 0.768763 0.569591 0.290809
124.082 8.42275 80.9143 0.766386 0.56913 0.297899
121.311 10.0555 84.8707 0.761542 0.572644 0.303534
119.172 11.4583 87.5508 0.758912 0.573413 0.308625
121.087 11.41 82.8819 0.763169 0.570568 0.303358
122.646 11.9132 77.9472 0.769086 0.566587 0.29578
122.959 13.8408 73.3754 0.772926 0.566404 0.285956
122.071 16.9762 69.4531 0.775915 0.569036 0.272311
120.391 20.6381 66.4964 0.775081 0.575507 0.260845
117.96 24.7751 64.5035 0.775839 0.58068 0.246746
115.264 29.0144 62.986 0.778678 0.581582 0.235419
112.631 33.093 61.5762 0.778266 0.585821 0.226087
110.039 37.0888 59.9972 0.77843 0.591006 0.211561
107.335 41.1926 58.4238 0.777768 0.596701 0.197544
104.615 45.149 56.9262 0.776918 0.603177 0.180488
101.805 49.2097 55.334 0.773412 0.611453 0.167205
98.9852 53.1788 53.6781 0.764836 0.623594 0.161722
96.0872 57.1083 52.0152 0.760748 0.63104 0.151822
93.2733 60.893 50.3581 0.760594 0.632553 0.146196
90.3846 64.6973 48.7314 0.757071 0.638457 0.138619
87.4006 68.5698 47.0409 0.752868 0.644316 0.134339
84.4767 72.3008 45.3012 0.748287 0.650833 0.128385
81.503 75.983 43.5548 0.737925 0.663517 0.123337
78.4913 79.6286 41.857 0.73068 0.671708 0.122125
75.4558 83.2269 40.0876 0.72474 0.677873 0.12345
72.3867 86.7878 38.3384 0.720618 0.683468 0.116525
69.263 90.3624 36.4769 0.714255 0.688404 0.126249
66.1503 93.8864 34.698 0.705697 0.695521 0.135064
62.9293 97.525 32.8375 0.706205 0.69326 0.14375
59.7837 101.091 30.9891 0.698567 0.699741 0.149556
56.6678 104.587 29.1752 0.68771 0.707009 0.164903
53.4164 108.075 27.3156 0.684586 0.71269 0.153018
50.1819 111.6 25.4424 0.683901 0.71291 0.155047
46.9798 115.024 23.562 0.669569 0.726586 0.154109
43.7292 118.394 21.7218 0.671968 0.728758 0.131798
40.4728 121.75 19.8503 0.688448 0.719002 0.0952647
37.0831 125.17 18.1856 0.692473 0.720458 0.0377103
33.3905 128.678 17.473 0.680747 0.731774 -0.033021
29.6974 132.039 17.9113 0.670053 0.735184 -0.102633
28.2935 133.008 14.3065 0.647114 0.762373 -0.00558023
28.5642 132.916 9.25217 0.663103 0.747475 0.0396946
28.9549 132.86 4.23304 0.679875 0.732229 0.0401318
29.0903 132.829 -0.840611 0.695661 0.718334 -0.00721435
28.8687 132.854 -6.08278 0.678127 0.733647 -0.0436386
28.4416 132.936 -10.7144 0.657912 0.751423 -0.0501413
35.4916 126.778 -7.86852 0.666363 0.745301 -0.0220564
39.2982 123.375 -7.9317 0.665926 0.745882 -0.0142435
43.1219 119.933 -7.98941 0.668063 0.743657 -0.0258076
46.9019 116.525 -8.03039 0.675245 0.736937 -0.0311082
50.7128 113.028 -8.08179 0.674502 0.737285 -0.0381849
54.4035 109.623 -8.16297 0.681217 0.731112 -0.0376496
58.0642 106.173 -8.27667 0.693472 0.72001 -0.0261185
61.6916 102.614 -8.42422 0.70928 0.704761 -0.0152736
65.2997 98.9521 -8.5919 0.714969 0.69899 -0.0152405
68.7658 95.3455 -8.77683 0.725092 0.688649 -0.00190312
72.2331 91.6959 -8.97744 0.724346 0.689433 -0.00227548
75.6782 88.0706 -9.18994 0.728352 0.685199 0.00238732
79.0733 84.4072 -9.44357 0.735714 0.67728 -0.00424634
82.5376 80.6044 -9.73606 0.738096 0.67469 -0.00285581
86.0167 76.8421 -10.049 0.731889 0.681418 0.00283583
89.5125 73.065 -10.3351 0.735971 0.676994 -0.00507232
92.9073 69.2861 -10.6631 0.746315 0.665593 0.000611568
96.3529 65.4637 -11.0448 0.744766 0.667276 0.00812914
99.7095 61.7207 -11.4398 0.745162 0.666834 0.00813903
103.042 58.0148 -11.8434 0.740003 0.672183 0.0237642
106.414 54.3182 -12.2072 0.740969 0.671207 0.0211305
109.819 50.4458 -12.585 0.759433 0.650332 0.0181683
113.081 46.6578 -12.9482 0.762993 0.646206 0.016085
116.307 42.8339 -13.3198 0.758958 0.650783 0.0215512
119.698 38.9042 -13.6854 0.759877 0.649562 0.025637
122.96 35.0869 -14.038 0.762684 0.646391 0.0221521
126.213 31.2662 -14.3567 0.766244 0.642387 0.0144436
129.485 27.3274 -14.6834 0.774076 0.632595 0.0251134
132.621 23.4008 -14.9797 0.784715 0.61932 0.0257878
135.755 19.4782 -15.2697 0.781429 0.623633 0.0212278
138.904 15.5172 -15.5544 0.785101 0.618829 0.0258315
141.268 12.543 -15.7597 0.781934 0.622831 0.0257055
141.89 11.469 -10.1445 0.783364 0.620417 0.037735
138.761 15.3891 -9.78837 0.784001 0.619563 0.0385101
135.632 19.328 -9.46352 0.783068 0.620762 0.0382024
132.479 23.2893 -9.12471 0.781673 0.621817 0.0482684
129.296 27.2351 -8.78265 0.778328 0.626451 0.0420033
126.115 31.0855 -8.42494 0.76612 0.640944 0.0474471
122.857 34.9331 -8.06719 0.760979 0.646833 0.0501737
119.581 38.7549 -7.69725 0.760784 0.647071 0.0500656
116.3 42.6093 -7.32642 0.761146 0.647547 0.036598
113.044 46.4071 -6.928 0.759841 0.649116 0.0359244
109.767 50.1905 -6.55958 0.756671 0.652779 0.0364541
106.447 54.0133 -6.19093 0.755252 0.654151 0.0410024
103.125 57.7667 -5.82851 0.744811 0.667092 0.0156469
99.7504 61.5442 -5.42519 0.747672 0.663887 0.0155127
96.3734 65.3501 -5.05197 0.748743 0.662756 0.0117415
92.9998 69.1309 -4.72138 0.745981 0.665842 0.0129115
89.5612 72.9015 -4.40893 0.737283 0.675037 0.0271737
86.1564 76.6138 -4.13038 0.741019 0.671284 0.0163601
82.7204 80.3829 -3.8579 0.73918 0.673303 0.0166297
79.2248 84.1959 -3.59281 0.734438 0.67849 0.0158934
75.7275 87.9684 -3.36358 0.732531 0.680493 0.0181023
72.2614 91.6723 -3.16496 0.72499 0.688726 0.00683179
68.7559 95.3608 -2.99607 0.725231 0.688502 0.00227719
65.294 98.9971 -2.83693 0.721598 0.692312 -0.00103035
61.6754 102.713 -2.68236 0.712737 0.701403 -0.00639032
58.0388 106.358 -2.56652 0.692408 0.721407 -0.0119822
54.2754 109.909 -2.46795 0.68532 0.728038 -0.017234
50.6057 113.325 -2.40312 0.674166 0.738285 -0.0208964
46.8587 116.707 -2.34935 0.670551 0.741799 -0.00979365
43.0123 120.147 -2.32293 0.666335 0.745618 -0.00713145
39.2785 123.482 -2.29114 0.669139 0.743062 -0.0105776
35.8909 126.523 -2.27406 0.669933 0.742347 -0.0105143
35.7975 126.621 3.34022 0.66491 0.746867 0.00921609
39.6191 123.199 3.35262 0.665298 0.746578 0.000384747
43.3721 119.853 3.35485 0.664692 0.747116 -0.00149207
47.1556 116.486 3.33784 0.667181 0.744896 3.92987e-05
50.9052 113.096 3.31394 0.676394 0.736531 0.00364003
54.6125 109.64 3.2634 0.690124 0.723638 0.00877575
58.3039 106.116 3.18278 0.696629 0.717385 0.00811125
61.8646 102.549 3.092 0.717519 0.696537 -0.00163904
65.3855 98.8783 2.96551 0.729214 0.684254 0.00658411
68.9227 95.1214 2.81911 0.726355 0.68693 0.0231554
72.3659 91.4221 2.66246 0.74526 0.666079 0.0304409
75.7474 87.7215 2.48684 0.730314 0.682414 0.0308709
79.2239 84.005 2.29084 0.733941 0.678486 0.0314233
82.6192 80.2877 2.06308 0.746099 0.664855 0.0361123
86.0272 76.5842 1.81675 0.737528 0.67374 0.0461117
89.4388 72.8111 1.55081 0.743424 0.667541 0.0413515
92.8112 69.0899 1.26144 0.74109 0.670111 0.0416757
96.2228 65.3158 0.947438 0.750031 0.659928 0.0441306
99.5905 61.4952 0.598776 0.751798 0.658072 0.0417253
102.944 57.6553 0.218266 0.756017 0.652998 0.04509
106.234 53.8767 -0.138525 0.756256 0.652916 0.0421607
109.529 50.0965 -0.51139 0.756118 0.652824 0.0458916
112.958 46.1445 -0.915538 0.763659 0.642888 0.059332
116.209 42.3284 -1.31273 0.7629 0.643784 0.0593768
119.495 38.4493 -1.70442 0.767905 0.637844 0.0589599
122.737 34.5889 -2.09769 0.762928 0.643132 0.0657432
126.013 30.7266 -2.49063 0.771096 0.633732 0.0615967
129.274 26.7677 -2.88489 0.773344 0.631059 0.0608573
132.528 22.7834 -3.28718 0.779263 0.624996 0.0461424
135.68 18.8883 -3.69241 0.781866 0.620917 0.0561133
138.857 14.8668 -4.09041 0.786426 0.615434 0.0526793
142.06 10.8409 -4.47828 0.785532 0.617119 0.0458582
142.323 10.5075 -4.51262 0.786579 0.615681 0.0472336
142.443 9.79 1.09966 0.786637 0.613893 0.06586
139.319 13.7308 1.55057 0.785159 0.615339 0.0698815
136.194 17.6614 2.00019 0.78166 0.620089 0.0670616
133.053 21.5608 2.45454 0.780375 0.621739 0.0667456
129.895 25.4346 2.89385 0.773719 0.630223 0.0646384
126.616 29.3751 3.31857 0.768777 0.636038 0.0666073
123.388 33.231 3.74836 0.769233 0.635539 0.0661224
120.061 37.2053 4.19463 0.766473 0.638492 0.0696232
116.773 41.0978 4.6142 0.764353 0.641128 0.0687041
113.456 44.9899 5.02795 0.762983 0.643512 0.0612314
110.23 48.7949 5.42362 0.763965 0.642122 0.0635411
106.965 52.5844 5.8051 0.758432 0.64866 0.0634078
103.66 56.3989 6.1718 0.755538 0.652022 0.0634847
100.341 60.2056 6.52652 0.754909 0.652519 0.0658065
96.9492 64.0539 6.86144 0.749807 0.658576 0.0637785
93.4722 67.9516 7.18187 0.743462 0.665662 0.0644912
90.0514 71.7421 7.47081 0.742819 0.666778 0.0602188
86.6282 75.4752 7.71909 0.731655 0.678723 0.0633744
83.1692 79.2985 7.95759 0.748426 0.661147 0.0523782
79.712 83.1529 8.16525 0.731504 0.67993 0.0509542
76.2845 86.7903 8.33893 0.730292 0.681757 0.0433686
72.7959 90.603 8.50296 0.737152 0.673949 0.0489969
69.3049 94.3421 8.64304 0.72741 0.684003 0.0549058
65.7261 98.1897 8.77982 0.731855 0.678123 0.0673634
62.2821 101.82 8.86898 0.71557 0.694962 0.0706168
58.696 105.409 8.95104 0.697572 0.714952 0.0472932
55.0179 108.989 8.99624 0.699546 0.713603 0.0375014
51.3183 112.533 9.03175 0.687616 0.725307 0.0333838
47.6338 115.935 9.0439 0.676414 0.736046 0.0264693
43.9101 119.336 9.0419 0.671093 0.741228 0.0146675
40.1708 122.667 9.00285 0.662912 0.748581 0.0131956
37.1473 125.35 8.9533 0.662028 0.749398 0.0110694
49.4713 113.93 14.7671 0.678082 0.733105 0.052556
53.1493 110.42 14.7667 0.697009 0.713524 0.0711404
56.7757 106.792 14.7559 0.710804 0.699876 0.0702206
60.4074 103.184 14.7126 0.705551 0.702538 0.0929387
63.9022 99.5809 14.6447 0.73673 0.672553 0.0700067
67.3009 95.8893 14.5569 0.731495 0.677701 0.0750786
70.7325 92.2026 14.4491 0.727582 0.680894 0.0837051
74.2087 88.4885 14.3278 0.731471 0.678026 0.0723276
77.6588 84.7799 14.1892 0.729541 0.680372 0.0697346
81.1639 81.0125 14.0372 0.737256 0.670348 0.0841865
84.5356 77.2265 13.8262 0.747597 0.658967 0.0828294
87.8968 73.484 13.6026 0.740981 0.666734 0.0800797
91.3015 69.7295 13.3561 0.741071 0.666607 0.080309
94.6679 66.0052 13.0757 0.74293 0.664708 0.0788527
98.0578 62.1983 12.7819 0.753207 0.654086 0.0696471
101.355 58.431 12.4635 0.753675 0.65381 0.067124
104.667 54.6292 12.1048 0.759956 0.646489 0.0672176
107.916 50.8472 11.7245 0.760099 0.646363 0.0668097
111.171 47.0536 11.3284 0.765034 0.640131 0.0703984
114.391 43.2448 10.9153 0.765643 0.639184 0.072348
117.685 39.3436 10.4769 0.766829 0.637452 0.0750212
120.996 35.4155 10.0267 0.76688 0.637279 0.0759629
124.288 31.5095 9.55589 0.767031 0.637671 0.0709842
127.561 27.6182 9.07513 0.767498 0.635703 0.0826279
130.742 23.7691 8.57357 0.779639 0.621749 0.0747742
133.944 19.7521 8.07769 0.785262 0.613994 0.0798414
137.083 15.773 7.579 0.782009 0.617151 0.0871022
140.321 11.7365 7.0584 0.7852 0.613061 0.0872792
141.95 9.68008 6.81353 0.786024 0.612067 0.0868318
141.295 9.6477 12.5265 0.783643 0.6118 0.107724
138.115 13.6172 13.0844 0.782164 0.614209 0.104727
135.004 17.5238 13.6401 0.785123 0.61128 0.0995916
131.799 21.5354 14.2061 0.783269 0.612866 0.104335
128.653 25.4288 14.7406 0.778768 0.618484 0.10487
125.439 29.305 15.2723 0.764601 0.637454 0.095067
122.209 33.1037 15.7747 0.764401 0.637695 0.0950547
118.92 36.9843 16.2605 0.766747 0.634487 0.0975985
115.738 40.8211 16.7347 0.773304 0.627395 0.0915203
112.424 44.7478 17.1893 0.762364 0.640284 0.0940063
109.071 48.6734 17.6152 0.759452 0.643907 0.092823
105.676 52.6094 18.0234 0.760249 0.642298 0.0973369
102.394 56.4575 18.3968 0.761861 0.640151 0.0988715
99.1357 60.2384 18.7263 0.746946 0.658365 0.0928779
95.8038 63.9754 19.0231 0.746325 0.660036 0.085736
92.447 67.7254 19.2788 0.744338 0.66177 0.0895675
89.0753 71.4947 19.5356 0.744281 0.663389 0.0772029
85.6956 75.2255 19.7401 0.738398 0.669788 0.0784354
82.2682 78.9994 19.9246 0.741648 0.664677 0.0903479
78.8765 82.7552 20.0986 0.738875 0.667806 0.0899969
75.4744 86.424 20.1868 0.730713 0.676248 0.0935266
72.0076 90.1002 20.2938 0.724792 0.68175 0.0994665
68.5838 93.7552 20.3736 0.729799 0.676412 0.0993005
65.0319 97.5401 20.4442 0.723232 0.682255 0.107068
61.5776 101.159 20.4909 0.713953 0.691993 0.106847
59.3641 103.437 20.5103 0.705982 0.701001 0.100934
68.9969 92.4512 26.219 0.71998 0.685147 0.110468
72.4605 88.7606 26.1967 0.728338 0.676916 0.106341
75.9522 85.0374 26.1207 0.726492 0.679596 0.101781
79.3489 81.3624 26.0324 0.734684 0.67087 0.100857
82.7896 77.5819 25.8953 0.738291 0.668008 0.0932282
86.1634 73.8721 25.7324 0.740669 0.664409 0.0998507
89.5984 70.07 25.5153 0.741458 0.662863 0.104174
93.0057 66.2513 25.3123 0.747335 0.657248 0.097543
96.3996 62.4094 25.0477 0.753033 0.64992 0.10269
99.686 58.6243 24.745 0.755768 0.645116 0.112433
102.972 54.828 24.397 0.754533 0.645624 0.117685
106.347 50.932 24.0191 0.757764 0.645051 0.09851
109.659 46.9875 23.5984 0.773547 0.625046 0.104611
112.934 43.1114 23.1467 0.765041 0.6334 0.116261
116.216 39.2083 22.661 0.771383 0.626169 0.113493
119.446 35.3577 22.1631 0.766972 0.632192 0.109939
122.678 31.5668 21.6298 0.765859 0.632278 0.116983
125.909 27.7265 21.0687 0.769988 0.62785 0.113681
129.083 23.8814 20.4888 0.785218 0.60588 0.127836
132.199 19.9628 19.8923 0.783726 0.609161 0.121232
135.318 16.09 19.2781 0.780614 0.613906 0.117308
138.462 12.1607 18.6628 0.786645 0.606946 0.113164
140.42 9.71747 18.2719 0.782566 0.611336 0.117722
139.384 9.89134 24.0635 0.78423 0.605169 0.136945
136.233 13.809 24.773 0.782536 0.607738 0.135251
133.043 17.7312 25.4705 0.779667 0.610929 0.137421
129.822 21.7015 26.1341 0.781858 0.608451 0.13596
126.649 25.6105 26.7925 0.77745 0.614101 0.135836
123.448 29.4755 27.4125 0.765725 0.62881 0.135144
120.178 33.3504 28.0024 0.772348 0.620479 0.135957
116.965 37.1774 28.5597 0.767815 0.627156 0.130903
113.763 40.9947 29.0755 0.764237 0.633188 0.122538
110.468 44.8931 29.5652 0.767802 0.629273 0.120396
107.154 48.8373 30.0205 0.757496 0.639618 0.130722
103.808 52.6785 30.4038 0.754533 0.644106 0.125726
100.55 56.4829 30.7629 0.759014 0.638703 0.126318
97.2695 60.3036 31.0619 0.755696 0.642644 0.126226
93.904 64.1569 31.3478 0.749786 0.649972 0.123922
90.5871 67.9185 31.5726 0.741981 0.659692 0.119461
87.1183 71.7931 31.7332 0.743125 0.658815 0.117172
83.758 75.5322 31.8873 0.742345 0.660389 0.113184
80.4114 79.2628 32.0119 0.738078 0.664804 0.115224
79.018 80.7974 32.0419 0.734676 0.667567 0.12085
89.0216 68.5267 37.7914 0.745767 0.654882 0.122317
92.3534 64.7354 37.5945 0.750975 0.647557 0.129256
95.7058 60.9174 37.344 0.747406 0.651444 0.130405
98.9699 57.0687 37.0846 0.763266 0.63103 0.138658
102.298 53.1966 36.7362 0.758901 0.637764 0.131626
105.606 49.359 36.3476 0.759216 0.635776 0.13921
108.913 45.4801 35.9095 0.763181 0.630612 0.141008
112.155 41.6253 35.4221 0.769154 0.624024 0.137823
115.422 37.7326 34.8749 0.769359 0.623573 0.13872
118.663 33.8556 34.2839 0.772159 0.620291 0.137876
121.945 29.8788 33.6214 0.771958 0.616852 0.153539
125.191 25.9696 32.9498 0.77488 0.613104 0.15383
128.362 22.1095 32.2362 0.779694 0.606852 0.154299
131.504 18.2542 31.4844 0.781919 0.603642 0.155624
134.623 14.3923 30.7557 0.78298 0.601669 0.157915
137.742 10.5396 30.0153 0.781882 0.603197 0.157525
138.412 9.7118 29.8578 0.781846 0.603509 0.156504
137.139 9.78119 35.703 0.779307 0.602234 0.173189
133.979 13.6282 36.5486 0.778415 0.603225 0.173754
130.836 17.478 37.3801 0.781633 0.599002 0.173915
127.71 21.3151 38.1913 0.779828 0.601007 0.175096
124.6 25.1653 38.9732 0.783352 0.593565 0.184498
121.417 28.9783 39.7062 0.774308 0.605722 0.183162
118.201 32.9178 40.4203 0.763276 0.616249 0.194029
115.013 36.7301 41.0366 0.77535 0.605667 0.178884
111.737 40.6591 41.6313 0.763367 0.625577 0.161006
108.487 44.4902 42.1393 0.761526 0.627283 0.163077
105.151 48.4434 42.5955 0.762975 0.626594 0.158899
101.908 52.2444 42.994 0.760238 0.631968 0.150514
98.5601 56.1831 43.3337 0.760709 0.63306 0.143375
107.7 43.7224 48.4976 0.76895 0.616966 0.167539
110.889 39.9011 47.9499 0.769206 0.613992 0.177018
114.051 36.0714 47.3448 0.774362 0.606423 0.180593
117.326 32.1086 46.6508 0.773674 0.605461 0.186671
120.487 28.2888 45.9042 0.775271 0.602897 0.188334
123.694 24.4141 45.0804 0.775554 0.601168 0.192648
126.866 20.5756 44.2232 0.779011 0.596322 0.193755
130.022 16.7346 43.3308 0.780568 0.593134 0.197243
133.153 12.9279 42.414 0.780878 0.59531 0.189302
135.768 9.766 41.6451 0.775681 0.600363 0.194637
134.074 9.91799 47.7164 0.773532 0.59587 0.215841
130.872 13.7231 48.7565 0.777975 0.59116 0.212803
127.723 17.5404 49.7579 0.782247 0.586365 0.210397
124.578 21.3575 50.732 0.778167 0.594252 0.203278
121.41 25.1985 51.6688 0.782837 0.589094 0.200336
118.274 29.0047 52.5247 0.775944 0.597619 0.201897
115.844 31.9206 53.1345 0.776055 0.596626 0.204391
123.002 21.0585 57.1402 0.779524 0.583048 0.228905
126.15 17.2679 56.077 0.779262 0.582596 0.23094
129.299 13.5276 54.9683 0.778339 0.586371 0.224405
132.096 10.2093 53.9589 0.777108 0.587217 0.226448
129.228 11.2883 60.6484 0.77672 0.578923 0.248101
126.658 14.294 61.6714 0.777554 0.57917 0.244891
140.54 13.6123 -21.4233 0.782593 0.622529 0.00256169
137.428 17.5451 -21.1853 0.784709 0.619863 -0.00127036
134.22 21.4869 -20.9654 0.780175 0.625491 0.00940003
131.054 25.4824 -20.7166 0.775386 0.631486 -0.00148038
127.871 29.3983 -20.4606 0.773065 0.634317 0.00349771
124.539 33.3583 -20.16 0.764037 0.645095 0.0100416
121.265 37.2275 -19.8607 0.761613 0.648032 0.000371881
117.995 41.0385 -19.5429 0.757794 0.652473 -0.00525042
114.669 44.9048 -19.1808 0.758833 0.651264 -0.0051942
111.3 48.8199 -18.8063 0.757599 0.65272 0.000655475
108.012 52.5991 -18.4216 0.750496 0.660875 -0.000950499
104.685 56.3305 -18.0251 0.736161 0.676763 0.00766364
101.293 60.013 -17.6447 0.73678 0.676085 0.00805151
97.9258 63.7686 -17.2211 0.746292 0.665608 0.00381771
94.5832 67.4899 -16.8041 0.737578 0.67525 -0.00411454
91.1752 71.2057 -16.4341 0.734953 0.678083 -0.00691824
87.7276 74.9458 -16.0949 0.73514 0.67787 -0.00786018
84.2657 78.686 -15.787 0.736019 0.676832 -0.013247
80.8792 82.3819 -15.4529 0.733351 0.679492 -0.0220561
77.4222 86.0774 -15.1442 0.727837 0.685361 -0.0230792
73.9671 89.7088 -14.8787 0.721695 0.691674 -0.0272666
70.45 93.3877 -14.6294 0.714244 0.699368 -0.027219
66.9004 97.0766 -14.4156 0.71148 0.701468 -0.0417053
63.3164 100.696 -14.2233 0.709052 0.703765 -0.0442775
59.6851 104.294 -14.0295 0.691254 0.720208 -0.0588869
55.9278 107.863 -13.8584 0.676391 0.733828 -0.063187
52.2357 111.275 -13.7556 0.678638 0.732051 -0.0595981
48.554 114.701 -13.6764 0.682194 0.729695 -0.04644
47.2779 115.886 -13.6571 0.676547 0.73502 -0.0450594
61.6696 101.88 -19.8213 0.693695 0.717452 -0.0636367
65.2657 98.3215 -20.0184 0.705923 0.705513 -0.062646
68.8015 94.7536 -20.2517 0.712345 0.699496 -0.0571795
72.3362 91.104 -20.5016 0.716673 0.695637 -0.0496971
75.8835 87.4326 -20.8205 0.721687 0.690895 -0.0428167
79.4531 83.635 -21.1471 0.731043 0.680907 -0.044069
82.9993 79.8451 -21.5188 0.725095 0.687836 -0.0334504
86.475 76.1345 -21.8653 0.731456 0.681255 -0.029377
89.8838 72.4608 -22.2506 0.730589 0.68217 -0.0297197
93.2789 68.7986 -22.6488 0.73522 0.677329 -0.0260297
96.711 65.0558 -23.0505 0.738392 0.673904 -0.0251175
100.116 61.2839 -23.4895 0.736319 0.67653 -0.0119097
103.595 57.4899 -23.8996 0.73648 0.676325 -0.0134703
107.005 53.6753 -24.3342 0.750673 0.660614 -0.00888693
110.364 49.8434 -24.7772 0.756416 0.654047 -0.00758915
113.666 46.0128 -25.1509 0.757125 0.653229 -0.0073053
117.049 42.0924 -25.5351 0.755049 0.655605 -0.00912194
120.389 38.2407 -25.8168 0.757315 0.652986 -0.00907322
123.656 34.3961 -26.109 0.761555 0.648026 -0.00981406
127.002 30.4026 -26.3653 0.772384 0.635075 -0.0101059
130.259 26.4038 -26.5966 0.777954 0.628282 -0.00695403
133.449 22.4463 -26.7889 0.779971 0.625771 -0.00742186
136.579 18.5413 -26.9511 0.780593 0.624978 -0.00878314
139.517 14.8693 -27.0697 0.780082 0.625611 -0.00914248
138.239 16.2669 -32.8252 0.782843 0.621333 -0.0331882
135.079 20.2223 -32.7539 0.779093 0.626361 -0.0261917
131.914 24.1598 -32.6437 0.77892 0.626705 -0.0228988
128.746 28.0735 -32.499 0.775906 0.629625 -0.0392635
125.56 31.984 -32.312 0.767293 0.64032 -0.035374
122.244 35.9239 -32.0713 0.767488 0.640554 -0.0255399
118.927 39.8445 -31.796 0.757378 0.652931 -0.00776888
115.566 43.7471 -31.495 0.757175 0.653177 -0.00675465
112.236 47.5938 -31.0981 0.753395 0.6574 -0.0149023
108.92 51.3703 -30.6816 0.745046 0.666872 -0.0137322
105.48 55.2379 -30.2103 0.744254 0.667597 -0.0200087
102.119 58.9286 -29.7646 0.736867 0.67566 -0.0226135
98.7232 62.6378 -29.3334 0.735686 0.676865 -0.0248916
95.3178 66.3028 -28.8492 0.730244 0.682431 -0.0321184
94.4782 67.2131 -28.7338 0.733217 0.678984 -0.0370671
113.921 45.5002 -37.4606 0.75683 0.653259 -0.0214791
117.16 41.6827 -37.7952 0.759696 0.649787 -0.0252725
120.42 37.8105 -38.0839 0.768258 0.63929 -0.0329873
123.642 33.9388 -38.3245 0.767175 0.640406 -0.0363664
126.825 30.0749 -38.4907 0.776497 0.628814 -0.0405551
130.009 26.1342 -38.6001 0.776763 0.628309 -0.0431956
133.159 22.2315 -38.6598 0.778109 0.626536 -0.0447215
136.303 18.3074 -38.6719 0.779604 0.624731 -0.0439142
136.77 17.7252 -38.6653 0.779753 0.624516 -0.0443242
134.809 19.6936 -44.6277 0.780822 0.62159 -0.0627835
131.629 23.6714 -44.6785 0.777694 0.625981 -0.057798
128.494 27.5696 -44.6851 0.777155 0.626876 -0.0552852
125.291 31.5391 -44.6246 0.773208 0.632561 -0.0448981
122.289 35.2039 -44.4902 0.774566 0.631302 -0.0388063
128.082 27.4835 -50.9116 0.782207 0.619338 -0.0676203
131.248 23.4954 -50.7934 0.779498 0.621738 -0.0763223
132.439 22.01 -50.7431 0.779024 0.622246 -0.0770117
132.523 21.9055 -50.7389 0.779034 0.622234 -0.0770108
