-118.969 8.0774 -67.0463 -0.764358 0.437728 -0.473445
-116.33 7.97076 -71.3109 -0.748116 0.454143 -0.483814
-113.52 7.86636 -75.5899 -0.72965 0.463212 -0.503036
-110.668 7.72048 -79.7925 -0.724809 0.465315 -0.508068
-107.682 7.71901 -83.9171 -0.712672 0.469035 -0.521637
-104.591 7.72151 -88.0029 -0.696377 0.479729 -0.533778
-101.526 7.67262 -91.9857 -0.682377 0.48409 -0.54774
-98.3419 7.63452 -95.9084 -0.670611 0.491035 -0.556026
-95.0775 7.70497 -99.7521 -0.660609 0.498648 -0.5612
-91.8423 7.62158 -103.576 -0.650479 0.504031 -0.568181
-88.5236 7.61864 -107.322 -0.643236 0.502739 -0.577495
-85.0862 7.59554 -111.091 -0.629411 0.507877 -0.588135
-81.6421 7.50689 -114.772 -0.616626 0.51406 -0.59625
-78.0978 7.53601 -118.317 -0.600907 0.522086 -0.605257
-74.5073 7.48365 -121.888 -0.593476 0.524768 -0.61025
-70.8291 7.48898 -125.412 -0.583819 0.524648 -0.619596
-66.9411 8.16296 -128.453 -0.574223 0.528448 -0.625308
-62.8279 10.2509 -130.423 -0.55924 0.53512 -0.633164
-58.6822 12.4239 -132.221 -0.552942 0.538785 -0.635582
-54.4711 14.5483 -133.988 -0.539531 0.54832 -0.638946
-50.2448 16.8368 -135.475 -0.516865 0.552712 -0.653728
-45.9226 19.0533 -137.004 -0.511454 0.548294 -0.661656
-42.8 21.6961 -137.231 -0.509783 0.548674 -0.66263
-43.9559 25.0182 -133.562 -0.515151 0.554078 -0.653924
-45.1053 28.4008 -129.805 -0.518923 0.554385 -0.650674
-46.4384 31.6075 -125.97 -0.526262 0.559198 -0.640582
-47.5222 34.8122 -122.23 -0.529281 0.563451 -0.634338
-48.6672 37.9616 -118.481 -0.527168 0.565306 -0.634446
-49.8538 41.0567 -114.713 -0.526779 0.570275 -0.63031
-51.1015 44.185 -110.841 -0.528676 0.567553 -0.631177
-52.3143 47.2483 -107.077 -0.541715 0.560908 -0.626041
-53.4567 50.3872 -103.261 -0.539294 0.568025 -0.621699
-54.6699 53.3955 -99.4374 -0.538683 0.581048 -0.610079
-55.9648 56.2502 -95.5396 -0.538356 0.58521 -0.606385
-57.5406 59.087 -91.5176 -0.544052 0.567222 -0.618278
-59.2875 61.6862 -87.5507 -0.545279 0.574309 -0.610606
-61.7406 63.6464 -83.481 -0.551905 0.574319 -0.604614
-64.5099 65.1943 -79.4531 -0.5618 0.568808 -0.600699
-67.8066 65.849 -75.7402 -0.568222 0.563537 -0.599625
-71.5561 65.8009 -72.2384 -0.573271 0.553318 -0.604317
-75.4419 65.025 -69.0891 -0.595918 0.549036 -0.586038
-79.3736 63.5742 -66.4506 -0.602424 0.542753 -0.585238
-83.3962 61.8521 -63.8491 -0.608346 0.539046 -0.582533
-87.3273 60.3009 -61.0822 -0.625744 0.532821 -0.56969
-89.9193 56.1845 -62.0088 -0.640778 0.519464 -0.565292
-92.2507 51.8654 -63.3235 -0.647156 0.518015 -0.559329
-94.5006 47.5537 -64.6417 -0.662774 0.50328 -0.554472
-96.6683 43.2129 -65.944 -0.670981 0.500449 -0.547115
-98.925 38.8575 -67.1555 -0.680076 0.495298 -0.540534
-101.077 34.5015 -68.4681 -0.682488 0.497164 -0.53576
-103.304 30.0759 -69.676 -0.706556 0.481289 -0.518787
-105.368 25.6869 -70.9341 -0.703362 0.477567 -0.526509
-107.57 21.2469 -71.9445 -0.709726 0.465903 -0.528415
-110.252 16.9908 -72.0759 -0.72021 0.459044 -0.520165
-113.286 13.1146 -71.194 -0.736994 0.452079 -0.502458
-116.59 9.86432 -69.1573 -0.75364 0.442373 -0.486141
-118.938 8.10063 -67.0756 -0.763801 0.438189 -0.473917
-118.448 12.6986 -63.5998 -0.766579 0.439971 -0.467741
-121.449 11.3746 -59.8317 -0.775267 0.433891 -0.459021
-124.072 11.3019 -55.4943 -0.771798 0.435994 -0.462857
-126.688 11.325 -51.1621 -0.764038 0.440637 -0.471259
-129.427 11.286 -46.8504 -0.754991 0.44242 -0.483996
-132.187 11.2971 -42.5371 -0.753595 0.444296 -0.484453
-134.916 11.3501 -38.2988 -0.750606 0.455447 -0.478705
-137.71 11.3303 -34.0062 -0.743228 0.458388 -0.487332
-140.312 11.4453 -29.6987 -0.769072 0.502847 -0.394549
-142.568 11.3764 -25.1573 -0.77284 0.500806 -0.389757
-144.439 11.4152 -20.3945 -0.817382 0.536508 -0.209872
-145.745 11.5109 -15.4322 -0.80302 0.562601 -0.196569
-146.735 11.5008 -10.2724 -0.8187 0.558958 -0.131516
-147.471 11.5109 -5.23092 -0.822458 0.55886 -0.105887
-147.972 11.5503 -0.0762565 -0.819915 0.566945 -0.0794498
-148.198 11.0768 -1.11811 -0.819935 0.566897 -0.0795894
-148.128 10.3427 -6.23134 -0.819822 0.559899 -0.120016
-147.85 9.64948 -11.1793 -0.817899 0.55905 -0.136032
-147.37 8.91175 -16.2302 -0.803047 0.562563 -0.196566
-146.734 7.60161 -21.1554 -0.786137 0.520233 -0.333669
-146.06 5.58718 -25.7165 -0.77738 0.509524 -0.368872
-145.207 3.04545 -30.0972 -0.761273 0.462979 -0.453997
-142.795 2.70659 -34.3786 -0.741813 0.459735 -0.488218
-139.944 2.71916 -38.5955 -0.739511 0.448108 -0.502317
-137.138 2.70472 -42.7449 -0.741881 0.437684 -0.507981
-134.314 2.73034 -46.9837 -0.75357 0.435092 -0.492775
-131.553 2.71185 -51.2513 -0.761249 0.427954 -0.487191
-128.914 2.7086 -55.5122 -0.768109 0.433844 -0.470943
-126.296 2.72567 -59.8279 -0.77446 0.433649 -0.460609
-123.739 2.70256 -64.1586 -0.775071 0.43353 -0.459691
-121.155 2.70171 -68.4934 -0.770993 0.438184 -0.462131
-118.556 2.72328 -72.7661 -0.756609 0.451515 -0.472945
-115.751 2.67413 -77.0882 -0.738278 0.459001 -0.49423
-112.919 2.58378 -81.3359 -0.723984 0.474953 -0.500267
-109.96 2.62405 -85.5049 -0.707459 0.484519 -0.514532
-106.929 2.61478 -89.6363 -0.694683 0.4899 -0.526701
-103.84 2.59149 -93.6257 -0.682597 0.491569 -0.540759
-100.655 2.59581 -97.615 -0.669902 0.497825 -0.550819
-97.449 2.62436 -101.464 -0.668397 0.495401 -0.554818
-94.233 2.58658 -105.311 -0.651293 0.503967 -0.567304
-90.8847 2.56244 -109.122 -0.643661 0.516038 -0.56516
-87.5225 2.54385 -112.884 -0.623979 0.521193 -0.582244
-84.0973 2.548 -116.542 -0.616409 0.524645 -0.587187
-80.5673 2.57342 -120.163 -0.602174 0.525455 -0.601069
-77.0396 2.52482 -123.72 -0.597404 0.527321 -0.604186
-73.417 2.52009 -127.195 -0.581383 0.526914 -0.619964
-69.6691 2.59056 -130.648 -0.578554 0.528052 -0.62164
-65.5373 4.40652 -132.922 -0.574131 0.530481 -0.623669
-61.3092 6.56039 -134.918 -0.555488 0.542217 -0.630421
-57.1101 8.73998 -136.684 -0.547572 0.541659 -0.637786
-52.7775 10.9655 -138.421 -0.531663 0.547786 -0.645961
-48.5118 13.1735 -139.93 -0.513868 0.55306 -0.655793
-44.1773 15.4421 -141.368 -0.504401 0.55195 -0.664026
-39.9146 17.8131 -142.613 -0.497285 0.549104 -0.671708
-35.729 20.3674 -143.622 -0.494537 0.542202 -0.679301
-37.3416 23.4167 -139.983 -0.505194 0.543587 -0.670291
-38.6287 26.6718 -136.304 -0.507541 0.551644 -0.661885
-39.8285 29.9749 -132.621 -0.51044 0.553008 -0.658507
-41.0716 33.2376 -128.908 -0.515727 0.550891 -0.656159
-42.3354 36.3815 -125.134 -0.52591 0.564474 -0.636229
-43.4166 39.5569 -121.395 -0.523349 0.569519 -0.633841
-44.6066 42.7113 -117.586 -0.523453 0.567625 -0.635452
-45.8272 45.8154 -113.809 -0.523878 0.567259 -0.635428
-47.0187 48.945 -110.04 -0.529949 0.562124 -0.634958
-48.0529 52.1226 -106.308 -0.532093 0.57225 -0.624025
-49.3425 55.1215 -102.387 -0.528025 0.586843 -0.613844
-50.6152 58.0538 -98.4863 -0.529053 0.586529 -0.613259
-52.0087 60.931 -94.5873 -0.523083 0.581143 -0.623424
-53.5956 63.7056 -90.6705 -0.533555 0.577403 -0.618
-55.5222 66.0795 -86.7176 -0.529783 0.59096 -0.608356
-57.9478 68.0743 -82.7265 -0.525787 0.580525 -0.621722
-60.6534 69.7586 -78.7282 -0.561216 0.569448 -0.600638
-63.9942 70.417 -75.003 -0.562642 0.562502 -0.605827
-67.3824 71.0411 -71.2747 -0.570728 0.552733 -0.607252
-71.3554 70.2352 -68.2281 -0.580853 0.549421 -0.600622
-75.2308 69.5535 -65.0982 -0.582552 0.550901 -0.597613
-79.2705 67.895 -62.571 -0.5992 0.538315 -0.592601
-83.3164 66.1946 -59.8946 -0.615824 0.533422 -0.579846
-87.3442 64.5007 -57.1347 -0.633345 0.52677 -0.566911
-90.763 61.7455 -55.8511 -0.639594 0.523056 -0.563323
-93.0649 57.4714 -57.185 -0.646366 0.518299 -0.559978
-95.3811 53.1128 -58.4661 -0.658564 0.508349 -0.554865
-97.6026 48.7326 -59.7887 -0.669585 0.495738 -0.553082
-99.7841 44.3057 -61.06 -0.687102 0.487424 -0.538803
-101.962 39.8779 -62.3083 -0.692389 0.491211 -0.528492
-104.104 35.4909 -63.5535 -0.709528 0.479617 -0.516273
-106.26 31.0466 -64.7166 -0.714843 0.477918 -0.510484
-108.358 26.5851 -65.9671 -0.720931 0.478375 -0.501414
-110.48 22.1666 -67.0549 -0.728112 0.466711 -0.50203
-113.248 17.8923 -66.9361 -0.741478 0.455657 -0.492531
-116.47 14.2572 -65.3372 -0.755317 0.442092 -0.483787
-118.438 12.7052 -63.6099 -0.766141 0.440202 -0.468242
-148.19 11.5443 2.20938 -0.816498 0.57298 -0.0708899
-148.215 11.5135 2.24162 -0.816485 0.572996 -0.0709036
-111.906 10.4537 -75.5463 -0.727607 0.46123 -0.507794
-108.447 12.9346 -78.1803 -0.721333 0.466219 -0.512171
-104.836 15.4018 -80.8238 -0.701313 0.478255 -0.528614
-101.246 17.7911 -83.3845 -0.696947 0.473081 -0.538943
-97.4475 20.205 -85.9696 -0.675614 0.486529 -0.553927
-93.6486 22.5508 -88.4925 -0.666053 0.485 -0.566699
-89.82 24.8095 -90.9198 -0.647441 0.504565 -0.57117
-85.8965 27.01 -93.2924 -0.626848 0.519607 -0.580577
-81.9739 29.1327 -95.5904 -0.612283 0.530651 -0.586105
-77.9328 31.2158 -97.8568 -0.594287 0.540956 -0.595138
-73.8168 33.2403 -100.077 -0.587338 0.54596 -0.597463
-69.6656 35.2108 -102.254 -0.565913 0.554815 -0.609855
-65.3979 37.1824 -104.437 -0.566592 0.549287 -0.614212
-61.1224 39.1265 -106.595 -0.561396 0.54999 -0.618341
-56.8272 41.028 -108.729 -0.545379 0.56156 -0.622263
-53.468 42.4631 -110.37 -0.542942 0.560593 -0.62526
-52.1301 38.9233 -114.705 -0.542954 0.560384 -0.625437
-56.4044 37.0968 -112.63 -0.543148 0.559884 -0.625716
-60.6595 35.222 -110.539 -0.559055 0.56074 -0.61076
-64.9587 33.2739 -108.383 -0.56468 0.555829 -0.610074
-69.2694 31.2824 -106.2 -0.565901 0.555223 -0.609494
-73.4027 29.313 -104.06 -0.590495 0.544084 -0.59606
-77.4695 27.2855 -101.877 -0.589926 0.541882 -0.598625
-81.4581 25.1938 -99.6424 -0.621746 0.516178 -0.58906
-85.3897 23.0297 -97.3526 -0.633873 0.509258 -0.582118
-89.3491 20.7505 -94.9533 -0.649774 0.499425 -0.573034
-93.2019 18.4437 -92.5464 -0.659055 0.496159 -0.565219
-96.9724 16.1259 -90.141 -0.675693 0.487349 -0.55311
-100.676 13.7378 -87.6897 -0.688561 0.479444 -0.544075
-104.352 11.2494 -85.156 -0.694728 0.47736 -0.538034
-105.774 10.2833 -84.1773 -0.695497 0.477537 -0.536883
-99.2691 10.2581 -92.4873 -0.674505 0.490211 -0.552029
-95.5137 12.649 -94.8713 -0.664122 0.488449 -0.566003
-91.7542 14.9966 -97.2286 -0.654404 0.495425 -0.571236
-87.8308 17.3456 -99.6208 -0.642204 0.503888 -0.577643
-83.9095 19.6141 -101.956 -0.628853 0.511163 -0.585882
-79.8714 21.8477 -104.286 -0.610355 0.521077 -0.596612
-75.8861 23.9352 -106.469 -0.595793 0.533367 -0.600459
-71.8074 25.9549 -108.616 -0.57771 0.546756 -0.606061
-67.7074 27.9134 -110.716 -0.565398 0.555357 -0.609839
-63.5007 29.8616 -112.834 -0.560059 0.55276 -0.617082
-59.3017 31.7327 -114.894 -0.550121 0.556837 -0.622334
-55.1018 33.5564 -116.928 -0.542731 0.5596 -0.626331
-50.849 35.3652 -118.964 -0.529162 0.562766 -0.635045
-50.6402 35.4513 -119.062 -0.52914 0.562773 -0.635057
-49.4403 31.8779 -123.235 -0.529608 0.563431 -0.634082
-53.806 30.041 -121.176 -0.543151 0.555824 -0.629323
-58.0419 28.1964 -119.136 -0.549546 0.55266 -0.626551
-62.2314 26.3342 -117.101 -0.550392 0.553709 -0.62488
-66.3822 24.428 -115.05 -0.57085 0.539388 -0.619024
-70.5945 22.4024 -112.908 -0.578375 0.534684 -0.616113
-74.677 20.3598 -110.774 -0.591637 0.524981 -0.61185
-78.723 18.2198 -108.574 -0.61015 0.512401 -0.604286
-82.7277 16.0295 -106.33 -0.624537 0.503449 -0.59707
-86.654 13.7632 -104.046 -0.640579 0.50555 -0.577995
-90.5495 11.4218 -101.708 -0.651539 0.501404 -0.56929
-92.5553 10.1823 -100.5 -0.654482 0.499055 -0.567977
-85.5506 10.1572 -108.38 -0.626393 0.508522 -0.590794
-81.6245 12.3928 -110.575 -0.616951 0.512712 -0.597075
-77.6668 14.557 -112.755 -0.604993 0.515845 -0.606538
-73.6424 16.6731 -114.908 -0.587891 0.522844 -0.617267
-69.5299 18.7542 -117.04 -0.5844 0.525943 -0.617949
-65.4114 20.7388 -119.122 -0.568299 0.535907 -0.624372
-61.1332 22.7193 -121.238 -0.55895 0.542116 -0.627443
-56.8288 24.6519 -123.328 -0.54026 0.558213 -0.629696
-52.6015 26.4755 -125.332 -0.529816 0.55902 -0.637802
-48.306 28.2604 -127.339 -0.526743 0.554069 -0.644632
-48.175 28.3139 -127.4 -0.526743 0.554077 -0.644624
-46.8557 24.7575 -131.499 -0.515177 0.552614 -0.655142
-51.2883 22.9412 -129.468 -0.525892 0.552838 -0.646381
-55.6551 21.0921 -127.454 -0.54235 0.549821 -0.635259
-59.881 19.1838 -125.406 -0.558914 0.540043 -0.62926
-64.1777 17.1913 -123.298 -0.559529 0.541471 -0.627484
-68.2882 15.2162 -121.232 -0.577467 0.532664 -0.61871
-72.4249 13.1117 -119.107 -0.591319 0.522154 -0.61457
-76.4508 11.0065 -116.987 -0.603272 0.516225 -0.607926
-78.2086 10.0583 -116.046 -0.603833 0.516049 -0.607519
-70.3932 9.99872 -123.699 -0.582672 0.525663 -0.619816
-66.2779 12.0454 -125.78 -0.57403 0.529146 -0.624895
-62.0587 14.0759 -127.869 -0.560064 0.535626 -0.632007
-57.8888 15.9895 -129.886 -0.545438 0.543181 -0.63832
-53.6803 17.8462 -131.847 -0.531531 0.546814 -0.646892
-49.3831 19.6505 -133.79 -0.517164 0.549692 -0.656034
-47.9578 20.2283 -134.431 -0.517971 0.54899 -0.655984
-54.8443 45.985 -106 -0.545628 0.559737 -0.623686
-59.1459 44.1233 -103.884 -0.552629 0.556153 -0.620722
-63.3893 42.2453 -101.76 -0.565766 0.549076 -0.615162
-67.5444 40.3308 -99.5999 -0.57025 0.547924 -0.612041
-71.7025 38.3797 -97.4192 -0.582997 0.54241 -0.604901
-75.8438 36.3993 -95.2032 -0.584377 0.540923 -0.604901
-79.9566 34.3338 -92.9094 -0.602143 0.54221 -0.586031
-84.029 32.2137 -90.5623 -0.624657 0.53138 -0.572223
-87.9465 30.1027 -88.2211 -0.627127 0.527995 -0.572654
-91.8982 27.9036 -85.7848 -0.643495 0.519231 -0.562418
-95.6335 25.6656 -83.3037 -0.672781 0.497979 -0.547159
-99.3939 23.3628 -80.7375 -0.677831 0.493587 -0.544901
-103.054 21.0312 -78.1222 -0.698275 0.477088 -0.533666
-106.665 18.6762 -75.4491 -0.706515 0.47461 -0.524959
-107.754 17.9527 -74.6278 -0.712214 0.470618 -0.520836
-103.913 24.9199 -73.5367 -0.69487 0.477598 -0.537639
-100.311 27.186 -76.1854 -0.695593 0.480178 -0.534396
-96.5363 29.4254 -78.783 -0.669617 0.49742 -0.551531
-92.799 31.6308 -81.3094 -0.656955 0.514848 -0.550765
-88.8816 33.7894 -83.7651 -0.637486 0.521358 -0.567271
-84.9801 35.864 -86.1177 -0.623055 0.532593 -0.572841
-80.9788 37.9662 -88.5029 -0.615492 0.534698 -0.579023
-76.9515 40.0263 -90.8258 -0.608865 0.536711 -0.584145
-72.8591 42.0046 -93.0616 -0.583535 0.545538 -0.60156
-68.7878 43.9295 -95.2513 -0.581423 0.542501 -0.606333
-64.5236 45.8666 -97.459 -0.555876 0.562814 -0.611753
-60.3631 47.7075 -99.5538 -0.559195 0.562806 -0.608728
-56.2234 49.5397 -101.633 -0.542251 0.567909 -0.619228
-57.6186 52.99 -97.1493 -0.552542 0.569181 -0.608877
-61.8311 51.139 -95.0428 -0.556305 0.565515 -0.608866
-66.0937 49.257 -92.8839 -0.568275 0.567185 -0.596125
-70.1958 47.3374 -90.6689 -0.58194 0.561853 -0.587934
-74.2771 45.4013 -88.4378 -0.590408 0.556415 -0.584654
-78.3273 43.4508 -86.1994 -0.597944 0.550115 -0.582955
-82.2707 41.4281 -83.8695 -0.620554 0.535122 -0.573199
-86.2326 39.3735 -81.4863 -0.629407 0.528186 -0.56997
-90.145 37.313 -79.0858 -0.628395 0.524793 -0.574206
-93.9773 35.1839 -76.6033 -0.660121 0.505677 -0.555456
-97.7645 33.0026 -74.0269 -0.666548 0.507524 -0.546016
-101.009 31.1113 -71.7578 -0.68356 0.493238 -0.538018
-97.9778 37.14 -69.9402 -0.673177 0.501894 -0.543079
-94.2076 39.2989 -72.5563 -0.657772 0.510161 -0.55414
-90.3956 41.4058 -75.0755 -0.630342 0.523615 -0.573146
-86.4301 43.4736 -77.5422 -0.630244 0.521698 -0.574998
-82.5239 45.4918 -79.9249 -0.619706 0.524505 -0.583831
-78.5477 47.4971 -82.2754 -0.596809 0.539418 -0.59401
-74.4477 49.4799 -84.588 -0.592186 0.540198 -0.597915
-70.3759 51.3748 -86.7896 -0.576356 0.549043 -0.605281
-66.1865 53.2797 -89.0395 -0.574121 0.552855 -0.603934
-61.9651 55.1318 -91.2032 -0.552413 0.562884 -0.614818
-59.2819 56.2914 -92.5514 -0.549174 0.571747 -0.609518
-61.3793 59.4738 -87.7564 -0.547268 0.566682 -0.615929
-65.6606 57.5995 -85.527 -0.565144 0.56325 -0.602795
-69.8056 55.748 -83.3398 -0.582889 0.554948 -0.593526
-73.878 53.8463 -81.0997 -0.584821 0.554037 -0.592476
-77.9964 51.8859 -78.7754 -0.603459 0.547618 -0.579613
-82.0395 49.9107 -76.4125 -0.610004 0.537053 -0.58264
-86.0429 47.8952 -74.0015 -0.630323 0.516785 -0.579333
-89.975 45.8207 -71.5025 -0.644297 0.512926 -0.567264
-93.7979 43.7334 -68.9497 -0.65782 0.508463 -0.555643
-94.8463 43.1467 -68.2291 -0.669499 0.501661 -0.547821
-91.8221 49.0022 -66.4459 -0.652002 0.512603 -0.558687
-87.9094 51.0712 -68.985 -0.634492 0.530164 -0.562446
-83.9253 53.1255 -71.4723 -0.618702 0.539568 -0.571029
-79.9212 55.0774 -73.8319 -0.602007 0.541053 -0.587239
-75.8087 57.0463 -76.2086 -0.592312 0.547272 -0.59132
-71.639 58.9573 -78.5271 -0.582883 0.552504 -0.595808
-67.4924 60.8409 -80.7664 -0.561739 0.565204 -0.604147
-64.6193 62.1045 -82.2598 -0.564354 0.565671 -0.601266
-70.3157 63.618 -75.4227 -0.575792 0.564412 -0.591526
-74.4362 61.7811 -73.1649 -0.578037 0.559061 -0.594411
-78.5479 59.8389 -70.8106 -0.600077 0.548111 -0.58265
-82.6484 57.8577 -68.3964 -0.611137 0.545425 -0.573605
-86.594 55.8967 -65.9834 -0.630734 0.52386 -0.572491
-88.7379 54.7846 -64.6185 -0.634846 0.522276 -0.569384
-88.7382 54.7845 -64.6183 -0.635128 0.522368 -0.568985
