-123.143 8.32704 -71.4685 -0.766052 0.439539 -0.469009
-120.464 8.28393 -75.754 -0.751817 0.446521 -0.48517
-117.655 8.25336 -79.9674 -0.731092 0.459974 -0.503911
-114.784 8.20508 -84.1597 -0.726637 0.46702 -0.503876
-111.852 8.1401 -88.2996 -0.705448 0.471535 -0.529148
-108.78 8.07967 -92.365 -0.686845 0.48609 -0.540334
-105.656 8.09444 -96.2772 -0.67934 0.486069 -0.549757
-102.508 8.01813 -100.193 -0.66945 0.492293 -0.556312
-99.316 8.00716 -104.035 -0.663644 0.496601 -0.559432
-96.0431 7.98999 -107.884 -0.654121 0.502622 -0.565241
-92.6799 8.09805 -111.605 -0.645855 0.507066 -0.570749
-88.7602 9.53603 -114.676 -0.63378 0.51014 -0.581441
-84.7767 11.0661 -117.584 -0.623054 0.513174 -0.590301
-80.7914 12.5689 -120.339 -0.598111 0.5165 -0.612774
-76.6561 14.4098 -122.79 -0.589673 0.521158 -0.616993
-72.6049 16.0394 -125.242 -0.579881 0.527298 -0.621042
-68.3199 18.0498 -127.506 -0.572884 0.53188 -0.623625
-64.1431 20.1274 -129.483 -0.561328 0.539093 -0.627925
-62.1992 22.6959 -129.018 -0.560928 0.538681 -0.628636
-63.7207 25.5546 -125.214 -0.559423 0.54067 -0.628269
-65.5617 28.2047 -121.288 -0.558405 0.542504 -0.627593
-67.4061 30.7859 -117.386 -0.564219 0.543236 -0.621732
-69.0535 33.5681 -113.393 -0.577811 0.541049 -0.611065
-71.0189 36.0093 -109.363 -0.581522 0.541275 -0.607333
-73.1908 38.1491 -105.396 -0.581957 0.538142 -0.609695
-75.4895 40.2913 -101.253 -0.598294 0.532336 -0.598884
-77.9431 42.1186 -97.2119 -0.598684 0.527524 -0.602739
-80.7687 43.3124 -93.2427 -0.614934 0.521046 -0.591918
-83.7901 44.3281 -89.1775 -0.629214 0.516702 -0.580611
-87.1085 44.65 -85.3032 -0.63064 0.51326 -0.582114
-90.4723 44.8365 -81.4087 -0.638279 0.512969 -0.573988
-94.0043 44.5142 -77.7405 -0.652295 0.516407 -0.554817
-97.5185 43.7739 -74.2691 -0.665413 0.501987 -0.55248
-100.944 43.1607 -70.6483 -0.673366 0.501134 -0.543546
-103.6 39.8445 -70.394 -0.683124 0.498474 -0.533714
-105.779 35.4487 -71.6712 -0.69741 0.492808 -0.520345
-107.93 31.0565 -72.9377 -0.701752 0.490592 -0.516588
-110.136 26.5313 -74.1935 -0.708233 0.480001 -0.517692
-112.289 22.0191 -75.2779 -0.712923 0.465547 -0.52441
-114.87 17.6571 -75.5627 -0.724808 0.458355 -0.514359
-117.819 13.6809 -74.8266 -0.74435 0.451029 -0.492458
-121.119 10.2005 -72.966 -0.753758 0.450663 -0.478279
-123.113 8.40078 -71.4476 -0.766063 0.439443 -0.469081
-125.415 2.84062 -72.8959 -0.770339 0.440699 -0.460827
-122.776 2.77644 -77.2002 -0.752714 0.447725 -0.482663
-120.025 2.7925 -81.4628 -0.739676 0.463192 -0.488193
-117.189 2.80627 -85.6728 -0.73168 0.465353 -0.498088
-114.32 2.74992 -89.7951 -0.712073 0.47131 -0.520402
-111.341 2.78262 -93.8234 -0.701028 0.481124 -0.526383
-108.163 2.77164 -97.8785 -0.683268 0.487358 -0.543715
-105.052 2.73149 -101.815 -0.675188 0.49407 -0.547737
-101.804 2.74637 -105.751 -0.670189 0.49439 -0.553557
-98.5843 2.74834 -109.615 -0.659869 0.50353 -0.557697
-95.2754 2.73886 -113.43 -0.649216 0.507765 -0.566298
-91.5764 3.84168 -116.624 -0.633965 0.51246 -0.5792
-87.6841 5.29726 -119.537 -0.62621 0.514587 -0.585714
-83.7913 6.74449 -122.327 -0.606468 0.520163 -0.601354
-79.8185 8.30249 -124.934 -0.598693 0.523877 -0.605904
-75.7577 10.0004 -127.386 -0.586401 0.527118 -0.615045
-71.63 11.8162 -129.721 -0.579719 0.526126 -0.622188
-67.3694 13.8329 -131.95 -0.571701 0.530451 -0.625923
-63.1511 15.9774 -133.931 -0.56038 0.540621 -0.627458
-58.9646 17.9946 -135.85 -0.54481 0.546169 -0.6363
-54.7476 20.1947 -137.526 -0.532419 0.550372 -0.643134
-55.6134 23.0491 -134.38 -0.541467 0.541436 -0.643164
-57.1516 25.9536 -130.615 -0.545315 0.543185 -0.638421
-58.658 28.8597 -126.807 -0.551724 0.546771 -0.629795
-60.4702 31.5705 -122.87 -0.550373 0.546499 -0.631213
-62.3878 34.1258 -119.012 -0.556381 0.53541 -0.635435
-64.1377 36.8195 -115.117 -0.566704 0.539652 -0.622594
-65.9459 39.4954 -111.125 -0.580109 0.532008 -0.616799
-68.1486 41.6757 -107.112 -0.583754 0.535545 -0.610265
-70.3994 43.815 -103.092 -0.585268 0.532305 -0.611647
-72.7702 45.8735 -99.0842 -0.583708 0.52725 -0.617489
-75.4301 47.3969 -95.1197 -0.604524 0.526073 -0.598162
-78.4251 48.6008 -91.0225 -0.613469 0.52157 -0.592976
-81.4197 49.6122 -87.0695 -0.610954 0.509456 -0.605962
-84.7481 49.8919 -83.2655 -0.633774 0.50541 -0.585568
-88.1119 50.0399 -79.4269 -0.639041 0.506053 -0.579255
-91.5195 49.9775 -75.7118 -0.652659 0.491386 -0.576694
-95.1096 49.1091 -72.3145 -0.665483 0.491127 -0.562073
-98.6501 48.4612 -68.6294 -0.676915 0.488371 -0.550709
-102.176 47.5685 -65.0428 -0.688724 0.48668 -0.537402
-104.998 44.5275 -64.1847 -0.691643 0.492886 -0.527914
-107.141 40.1292 -65.4312 -0.704713 0.483589 -0.519154
-109.259 35.6496 -66.7444 -0.707371 0.487874 -0.511473
-111.387 31.2479 -67.9454 -0.721246 0.480589 -0.498836
-113.48 26.828 -69.1236 -0.732164 0.473461 -0.489664
-115.607 22.3704 -70.1927 -0.743333 0.46239 -0.483375
-118.246 18.1006 -70.1604 -0.750467 0.449839 -0.484195
-121.371 14.463 -68.6152 -0.760063 0.440183 -0.478062
-124.547 11.9911 -65.7028 -0.774382 0.434715 -0.459733
-127.384 11.1956 -61.6394 -0.776741 0.433133 -0.45724
-129.937 11.2003 -57.3308 -0.770434 0.438797 -0.462481
-132.572 11.1916 -53.033 -0.762279 0.442528 -0.472332
-135.32 11.2464 -48.6052 -0.757696 0.442334 -0.479831
-138.099 11.1327 -44.3849 -0.747082 0.446216 -0.492704
-140.881 11.2493 -40.0889 -0.742709 0.449811 -0.496037
-143.641 11.182 -35.892 -0.748538 0.461897 -0.475755
-143.026 8.75782 -39.1373 -0.742053 0.445413 -0.500962
-141.923 6.03955 -43.2127 -0.748738 0.448104 -0.488461
-140.553 3.53116 -47.5133 -0.744264 0.441501 -0.501147
-138.142 2.86027 -51.8014 -0.757991 0.433916 -0.486997
-135.442 2.84823 -56.0878 -0.765443 0.433324 -0.475736
-132.853 2.81767 -60.3641 -0.773391 0.432832 -0.463165
-130.171 2.86834 -64.8153 -0.776602 0.431638 -0.458887
-127.563 2.8561 -69.2498 -0.777546 0.432366 -0.456598
-125.496 2.83502 -72.7657 -0.770339 0.440699 -0.460827
-117.262 10.9392 -78.1 -0.73132 0.458808 -0.504645
-113.817 13.4367 -80.7829 -0.723963 0.462 -0.512283
-110.216 15.9123 -83.4665 -0.700316 0.473234 -0.534423
-106.649 18.2816 -86.048 -0.696917 0.470134 -0.541554
-102.971 20.6135 -88.6016 -0.682127 0.483101 -0.548923
-99.2652 22.8849 -91.1002 -0.668265 0.484251 -0.564732
-95.479 25.0932 -93.5569 -0.656064 0.502613 -0.562992
-91.5312 27.3307 -96.0707 -0.643192 0.507444 -0.573414
-87.6207 29.4517 -98.469 -0.623548 0.522661 -0.58139
-83.6038 31.5337 -100.858 -0.608681 0.530062 -0.590374
-79.5649 33.541 -103.197 -0.596356 0.537699 -0.596019
-75.5076 35.5014 -105.494 -0.597425 0.533394 -0.598811
-75.0259 35.7318 -105.768 -0.595298 0.532638 -0.601595
-72.2881 32.679 -111.12 -0.580296 0.541818 -0.608022
-76.469 30.7079 -108.813 -0.588763 0.535822 -0.605188
-80.6093 28.6779 -106.492 -0.606135 0.530001 -0.593042
-84.6332 26.6109 -104.163 -0.622938 0.516886 -0.587177
-88.5666 24.501 -101.812 -0.630033 0.509017 -0.586481
-92.4515 22.324 -99.421 -0.652902 0.503375 -0.565979
-96.3676 20.0425 -96.9385 -0.657919 0.49023 -0.571679
-100.106 17.775 -94.497 -0.66755 0.484662 -0.565225
-103.867 15.4489 -92.0253 -0.67812 0.480789 -0.555873
-107.559 13.0367 -89.4882 -0.691693 0.475406 -0.543646
-110.709 10.9162 -87.2978 -0.695509 0.488835 -0.526601
-103.907 10.8274 -96.0061 -0.674183 0.488588 -0.553859
-100.187 13.1768 -98.4211 -0.667124 0.491642 -0.559674
-96.3809 15.519 -100.87 -0.658914 0.491638 -0.569319
-92.5638 17.7897 -103.269 -0.640985 0.501329 -0.581213
-88.6151 20.0364 -105.671 -0.639655 0.503626 -0.580692
-84.6717 22.2078 -108.024 -0.621887 0.516895 -0.588283
-80.6631 24.2905 -110.319 -0.609211 0.521354 -0.597538
-76.6349 26.2967 -112.558 -0.594521 0.536491 -0.598934
-72.5111 28.279 -114.816 -0.587943 0.534785 -0.606901
-70.1342 29.3822 -116.099 -0.572565 0.54042 -0.616535
-67.8158 26.1384 -121.05 -0.56816 0.533838 -0.626268
-71.9482 24.2244 -118.875 -0.581683 0.532106 -0.61523
-76.1079 22.2184 -116.647 -0.587748 0.525729 -0.614948
-80.1774 20.182 -114.417 -0.603024 0.523834 -0.601631
-84.2383 18.0282 -112.093 -0.623801 0.512717 -0.58991
-88.1537 15.866 -109.799 -0.637116 0.505073 -0.582224
-92.1103 13.5902 -107.417 -0.643184 0.501903 -0.57828
-95.9647 11.2948 -105.055 -0.654493 0.49819 -0.568722
-96.9681 10.6835 -104.436 -0.657649 0.498555 -0.564748
-84.4787 13.5299 -115.767 -0.62313 0.510784 -0.592292
-80.4987 15.6656 -118.01 -0.595627 0.517547 -0.614307
-76.4427 17.7109 -120.189 -0.589736 0.52515 -0.613538
-72.3525 19.7067 -122.358 -0.581028 0.525335 -0.621634
-68.0893 21.7129 -124.575 -0.566713 0.53432 -0.627168
-65.6052 22.8433 -125.847 -0.564112 0.537086 -0.627149
-78.1975 38.5603 -100.086 -0.598237 0.532522 -0.598776
-82.1906 36.6152 -97.7509 -0.608739 0.530932 -0.589532
-86.2771 34.5495 -95.3123 -0.625567 0.528479 -0.573913
-90.2291 32.4803 -92.8917 -0.63619 0.519597 -0.570334
-94.0597 30.3716 -90.442 -0.644749 0.516341 -0.563641
-97.932 28.212 -87.9606 -0.647245 0.51156 -0.565138
-101.712 25.9966 -85.433 -0.679517 0.485791 -0.549785
-105.522 23.6554 -82.7734 -0.685591 0.479085 -0.548126
-109.121 21.3405 -80.1439 -0.704595 0.463565 -0.537264
-111.793 19.567 -78.1231 -0.71436 0.464581 -0.523311
-108.254 26.5645 -76.6775 -0.691537 0.488573 -0.532046
-104.6 28.8249 -79.3207 -0.684729 0.486217 -0.542899
-100.924 31.0291 -81.9021 -0.6678 0.495464 -0.55548
-97.1109 33.1886 -84.4315 -0.650729 0.511051 -0.561586
-93.2778 35.2648 -86.8926 -0.641277 0.510292 -0.573033
-89.4109 37.322 -89.3513 -0.62766 0.519601 -0.579706
-85.4685 39.3505 -91.8029 -0.627522 0.522877 -0.576901
-82.4801 40.8585 -93.629 -0.614735 0.523913 -0.58959
-88.8709 42.0662 -85.677 -0.634249 0.517994 -0.573943
-92.7669 40.043 -83.193 -0.634719 0.51809 -0.573337
-96.5759 37.9708 -80.6801 -0.655621 0.510346 -0.556514
-100.396 35.8399 -78.1223 -0.665795 0.50879 -0.545756
-104.105 33.6814 -75.5296 -0.684774 0.497776 -0.532263
-105.09 33.0849 -74.8204 -0.686528 0.496363 -0.531322
-101.882 39.4761 -72.8868 -0.671756 0.50195 -0.544784
-99.2096 41.0086 -74.7488 -0.669958 0.505441 -0.543771
-99.1771 41.0272 -74.7716 -0.669805 0.505602 -0.543809
