35.8451 47.6793 0.897338 0.75353 0.656787 0.0286825
36.8361 46.5505 0.5369 0.75848 0.65119 0.0256809
37.8 45.4263 0.140671 0.768208 0.63969 0.0255427
38.7571 44.2904 -0.394028 0.772702 0.634388 0.0219722
39.763 43.0658 -1.01118 0.7802 0.625141 0.0220713
40.6844 41.9356 -1.57485 0.782787 0.621753 0.0258229
41.5462 40.8687 -2.22044 0.788291 0.614746 0.026163
42.4213 39.7721 -2.92987 0.790773 0.611655 0.0235797
43.2466 38.7305 -3.65431 0.792194 0.609822 0.0233899
44.0952 37.643 -4.36987 0.80329 0.594559 0.0349849
44.9531 36.5201 -5.12814 0.808363 0.587189 0.0419243
45.777 35.4366 -5.83759 0.808891 0.586399 0.0427979
46.6123 34.3337 -6.61491 0.811856 0.5825 0.0397911
47.4103 33.2782 -7.48395 0.813196 0.580687 0.0389149
48.2765 32.1084 -8.3958 0.821956 0.567921 0.043059
49.1018 30.9704 -9.22208 0.823886 0.565006 0.0444837
49.868 29.9164 -9.97681 0.82253 0.566762 0.0471827
50.6907 28.7828 -10.7737 0.829996 0.555871 0.0459833
51.5293 27.584 -11.5833 0.834669 0.54877 0.0466713
52.3479 26.41 -12.4034 0.83361 0.550159 0.0491814
53.1071 25.3237 -13.2202 0.83821 0.543164 0.0487242
53.8389 24.2546 -14.0762 0.842295 0.53685 0.0482857
54.5948 23.15 -14.9773 0.843426 0.534774 0.0514462
55.3147 22.0796 -15.8312 0.849982 0.524227 0.0521113
56.0106 21.0398 -16.7136 0.850272 0.52375 0.0521826
56.6953 20.0023 -17.6059 0.856284 0.514615 0.0441485
57.3916 18.917 -18.498 0.857892 0.511645 0.0472717
58.0338 17.8983 -19.4414 0.867799 0.494908 0.0446158
58.6548 16.8855 -20.3994 0.871931 0.487525 0.0453429
59.2737 15.8434 -21.3299 0.876853 0.47918 0.0389322
59.8664 14.8328 -22.2766 0.877583 0.477926 0.0378833
60.4726 13.7731 -23.2743 0.883252 0.467698 0.0335506
61.082 12.6946 -24.3568 0.886223 0.462174 0.0316853
61.6309 11.701 -25.3981 0.889115 0.45677 0.0288886
62.3275 10.3626 -26.0577 0.893653 0.448116 0.0240017
62.9978 9.04402 -26.5266 0.895147 0.445273 0.0210593
63.1403 8.70595 -25.3097 0.893636 0.448486 0.0165837
63.1042 8.72583 -23.8046 0.891679 0.452361 0.0166528
63.0812 8.71643 -22.3014 0.889846 0.455916 0.0176964
63.0563 8.70022 -20.6905 0.887845 0.459774 0.0183831
63.0248 8.70229 -19.1863 0.885311 0.464631 0.0184518
62.9795 8.72218 -17.676 0.884436 0.466177 0.0212481
62.9593 8.68891 -16.1581 0.883466 0.467979 0.0219903
62.9458 8.63971 -14.6404 0.880907 0.472683 0.0239328
62.925 8.60502 -13.0735 0.879671 0.475111 0.0211885
62.9096 8.55849 -11.451 0.879518 0.475342 0.0223093
62.8617 8.57199 -9.92954 0.878871 0.476455 0.023981
62.799 8.59515 -8.38403 0.876387 0.4806 0.0311408
62.764 8.5551 -6.83569 0.875409 0.482183 0.0340247
62.713 8.52979 -5.25627 0.876808 0.479321 0.0381805
62.629 8.54598 -3.70496 0.875152 0.481653 0.0460285
62.5685 8.50967 -2.17116 0.87403 0.483904 0.0436808
62.5191 8.457 -0.624416 0.872023 0.487307 0.045908
62.417 8.47937 1.0255 0.87066 0.489662 0.0467272
62.3225 8.50005 2.53477 0.869306 0.491697 0.0504137
62.2423 8.47826 4.08248 0.869694 0.490719 0.0531643
62.1339 8.48314 5.72664 0.869412 0.490859 0.0563931
61.9755 8.57181 7.34476 0.870015 0.489154 0.061657
61.8659 8.54996 8.96806 0.869052 0.490224 0.0665452
61.7532 8.53112 10.5323 0.868961 0.489898 0.0700475
61.6349 8.5101 12.109 0.867349 0.492333 0.0728953
61.5021 8.5031 13.6801 0.865101 0.49509 0.0805322
61.3256 8.53446 15.3313 0.865629 0.493295 0.0857102
61.1834 8.51511 16.8551 0.864877 0.493852 0.0899903
61.0486 8.46523 18.383 0.865965 0.491258 0.0936502
60.8759 8.45988 20.0055 0.866276 0.490556 0.0944494
60.7234 8.43588 21.5081 0.866329 0.490034 0.0966481
60.4954 8.50883 23.0796 0.8632 0.493337 0.10725
60.1075 8.95848 24.1319 0.861759 0.49593 0.106887
59.4302 10.2351 23.6266 0.86092 0.497257 0.107485
58.6995 11.602 23.1748 0.861416 0.496167 0.10854
58.0002 12.8857 22.8264 0.857342 0.501922 0.114183
57.2514 14.2472 22.4183 0.855471 0.505871 0.110742
56.5526 15.5177 22.0017 0.854259 0.508977 0.105753
55.8191 16.8435 21.5442 0.854557 0.510358 0.0962678
55.1061 18.108 21.15 0.852322 0.513786 0.0978314
54.3301 19.4527 20.7562 0.848115 0.520168 0.100632
53.5857 20.7484 20.3305 0.848084 0.520282 0.100301
52.8466 22.0188 19.9169 0.841648 0.530891 0.0988941
52.0951 23.2762 19.5067 0.838943 0.535474 0.0971587
51.3086 24.5823 19.0447 0.83527 0.541133 0.0974611
50.5621 25.8129 18.5866 0.833883 0.543761 0.0946791
49.81 27.0392 18.1493 0.832125 0.546201 0.0960827
49.04 28.2952 17.6621 0.831113 0.547848 0.095466
48.2889 29.5226 17.1359 0.829764 0.550378 0.0926091
47.6603 30.5879 16.263 0.821974 0.564073 0.0786166
47.0421 31.6238 15.2407 0.820351 0.567062 0.0739253
46.4032 32.6901 14.2215 0.821215 0.565076 0.0793443
45.8328 33.6517 13.1929 0.816297 0.572241 0.0787402
45.2178 34.6579 12.2045 0.814241 0.575742 0.0743862
44.6035 35.6389 11.2397 0.808558 0.583942 0.0724248
43.9545 36.6598 10.2257 0.806582 0.586655 0.0725353
43.2373 37.7666 9.19823 0.801657 0.594028 0.0669122
42.4901 38.8735 8.16287 0.79727 0.600673 0.0596065
41.6988 40.0103 7.30468 0.799012 0.598754 0.0554337
40.9578 41.0631 6.50894 0.796035 0.603393 0.0473789
40.2107 42.0837 5.62813 0.782385 0.621438 0.0410945
39.448 43.1115 4.65249 0.78314 0.620297 0.0438603
38.7019 44.1105 3.8091 0.777522 0.62667 0.0523251
37.9005 45.1639 2.97314 0.767922 0.638976 0.0446246
37.016 46.263 2.11781 0.758536 0.6507 0.0348157
36.167 47.2866 1.39742 0.756617 0.653057 0.0323646
35.8498 47.6641 1.11608 0.753116 0.65722 0.0296162
33.7038 49.8251 6.77394 0.755067 0.654829 0.0327429
32.7213 50.9799 6.05307 0.745708 0.66576 0.0261512
31.7495 52.0774 5.42444 0.739137 0.673171 0.0226817
30.7221 53.2081 4.93712 0.733732 0.679099 0.0214608
29.7309 54.2822 4.51486 0.726431 0.687008 0.0174567
28.6699 55.3873 4.12875 0.713814 0.700251 0.0106621
27.5893 56.4715 3.89889 0.701699 0.712421 0.00862802
26.4998 57.5379 3.81761 0.695202 0.718768 0.00798576
25.3489 58.6411 3.77641 0.688932 0.72482 0.00271785
24.1977 59.7292 3.91601 0.6845 0.72901 -0.000598727
23.0377 60.8092 4.10845 0.681086 0.732167 0.00738459
21.9425 61.8193 4.28345 0.676727 0.736104 0.0138538
20.8403 62.8247 4.47707 0.674214 0.738344 0.0167911
19.693 63.8744 4.62683 0.678878 0.733936 0.0215076
18.4874 65.0003 4.59408 0.686058 0.726951 0.0294247
18.3223 65.2053 3.2218 0.692396 0.721095 0.02451
18.3887 65.1743 1.63583 0.69627 0.717744 0.00704874
18.392 65.171 0.130762 0.693526 0.720391 -0.00756691
18.3331 65.1868 -1.52699 0.693737 0.719757 -0.0260432
18.2689 65.1822 -3.06733 0.688627 0.724307 -0.0342391
18.1619 65.2008 -4.60371 0.679813 0.732189 -0.0418706
19.1204 64.3006 -4.87444 0.676616 0.735523 -0.034538
20.3863 63.1387 -4.90023 0.674507 0.737746 -0.0277441
21.5238 62.1031 -4.7724 0.676041 0.736466 -0.0242043
22.7311 60.9992 -4.57964 0.677868 0.73488 -0.0211139
23.8441 59.9733 -4.46631 0.681155 0.731858 -0.0202174
24.9968 58.8968 -4.42005 0.683976 0.729221 -0.0203303
26.239 57.7314 -4.33492 0.686054 0.727349 -0.017161
27.3854 56.6331 -4.1749 0.69627 0.717714 -0.00970432
28.5342 55.5113 -4.07939 0.701323 0.712826 -0.00496353
29.685 54.3735 -4.0966 0.705281 0.708926 -0.000742608
30.7423 53.3056 -4.09819 0.713605 0.700535 0.00434277
31.8011 52.225 -4.29676 0.718971 0.695021 0.00500649
32.8948 51.0876 -4.55966 0.723843 0.689917 0.00814368
34.059 49.8566 -5.02227 0.7343 0.678738 0.0108942
35.0608 48.7692 -5.38685 0.74173 0.670611 0.0106136
36.0804 47.6211 -5.75623 0.755076 0.655522 0.0123072
37.0802 46.4836 -6.30806 0.754521 0.655989 0.0194335
38.0598 45.3486 -6.83315 0.766084 0.64232 0.0232349
39.0054 44.2375 -7.41155 0.769028 0.638813 0.0226645
39.9544 43.1135 -8.0295 0.772172 0.634797 0.0279334
40.8754 42.0063 -8.73543 0.780884 0.624087 0.0269492
41.7891 40.8818 -9.50937 0.785416 0.618302 0.0287234
42.6524 39.8226 -10.2549 0.784992 0.618723 0.031131
43.4798 38.7967 -10.9759 0.79293 0.608448 0.032392
44.3039 37.7646 -11.7176 0.792567 0.608351 0.0417197
45.176 36.6772 -12.4989 0.797881 0.601646 0.0375321
45.9782 35.6546 -13.2946 0.800799 0.597712 0.0382295
46.765 34.6532 -14.0981 0.803626 0.59364 0.0421427
47.6498 33.4966 -14.9416 0.811905 0.58208 0.0446476
48.4753 32.4049 -15.7424 0.81297 0.58036 0.0475663
49.3123 31.2925 -16.5198 0.818502 0.572354 0.0495459
50.0874 30.2242 -17.2435 0.827127 0.559657 0.0514282
50.8627 29.1556 -17.9774 0.825794 0.560198 0.0651302
51.6199 28.1258 -18.8013 0.830854 0.55277 0.0642153
52.3466 27.1286 -19.6705 0.834194 0.547406 0.066813
53.1063 26.0669 -20.5107 0.836704 0.543658 0.0660496
53.8751 24.9712 -21.3937 0.842902 0.534056 0.0655811
54.5856 23.9468 -22.3096 0.847128 0.527335 0.0655086
55.2985 22.9107 -23.1713 0.851017 0.520435 0.0700381
55.9792 21.8884 -24.0807 0.860138 0.506186 0.0627388
56.626 20.8942 -25.0904 0.866689 0.495974 0.0534728
57.2517 19.8996 -26.0409 0.867043 0.495236 0.0545662
57.9401 18.7883 -27.0281 0.872113 0.485838 0.0581283
58.5592 17.7825 -27.9733 0.876044 0.479009 0.0556514
59.2139 16.6922 -29.0619 0.88322 0.466092 0.0517751
59.7965 15.6822 -30.0953 0.887927 0.457816 0.0445875
60.3603 14.6686 -31.1312 0.89233 0.44945 0.0417395
60.9843 13.4807 -31.8287 0.895645 0.443095 0.0385644
61.7041 12.0384 -32.2138 0.899981 0.434568 0.034412
62.3917 10.6429 -32.7309 0.902603 0.429339 0.0312236
63.0043 9.39223 -33.3701 0.904024 0.426593 0.0275668
63.5982 8.17511 -34.2144 0.906502 0.421645 0.0216721
64.1561 6.98993 -34.6409 0.907638 0.419442 0.0161703
64.7055 5.77518 -33.718 0.906007 0.423094 0.0119502
65.2698 4.54657 -32.7155 0.905185 0.424934 0.00843802
65.79 3.43298 -31.7337 0.902927 0.429784 0.00292264
65.9901 3.00221 -30.3721 0.901939 0.431838 0.00480205
65.9822 3.00508 -28.8315 0.900562 0.434715 0.00325883
66.0076 2.94642 -27.1448 0.899389 0.437145 0.00188756
65.9987 2.95671 -25.5275 0.896978 0.442072 0.00143219
66.0026 2.94572 -24.0067 0.896073 0.443905 0.00142384
65.9868 2.97325 -22.4757 0.893742 0.448582 2.81718e-05
65.9865 2.96606 -20.8915 0.89242 0.451191 0.00366153
65.9726 2.98439 -19.3489 0.891568 0.452884 0.00153083
65.9745 2.97406 -17.7606 0.889388 0.457139 0.00368216
65.9845 2.9411 -16.1535 0.887896 0.460026 0.00396173
65.985 2.9225 -14.6087 0.884016 0.467346 0.0100655
65.9698 2.91397 -13.0079 0.881934 0.471227 0.0117045
65.9465 2.91782 -11.5045 0.881594 0.471683 0.0175265
65.9153 2.90449 -9.90144 0.881131 0.472291 0.0234419
65.8766 2.89584 -8.33482 0.879841 0.474593 0.0253185
65.8267 2.89591 -6.62219 0.879194 0.47575 0.0260509
65.764 2.92393 -5.0931 0.877574 0.478527 0.029588
65.7298 2.88424 -3.48226 0.876399 0.480583 0.0310736
65.6697 2.88885 -1.95591 0.875872 0.481212 0.0358022
65.6063 2.88491 -0.45453 0.875096 0.482286 0.0400743
65.5368 2.87715 1.09668 0.875429 0.481419 0.04312
65.4583 2.87173 2.64432 0.8749 0.48188 0.048388
65.3793 2.8586 4.18212 0.874024 0.483361 0.0494415
65.2851 2.85985 5.79073 0.872269 0.486209 0.0524214
65.1577 2.90922 7.30908 0.870677 0.488058 0.0610086
65.0257 2.91478 9.03368 0.870865 0.486912 0.0671613
64.8897 2.93617 10.6222 0.870791 0.486724 0.0694434
64.7773 2.90707 12.1915 0.870707 0.486386 0.0727866
64.6467 2.90224 13.7135 0.869885 0.486782 0.0796474
64.4801 2.94111 15.2806 0.869459 0.487187 0.081789
64.3239 2.93555 16.8733 0.868183 0.487785 0.091234
64.181 2.89901 18.4155 0.86859 0.486843 0.0923901
64.0214 2.86698 20.0734 0.868851 0.485878 0.0949737
63.8321 2.85895 21.7856 0.867843 0.486703 0.0998447
63.6198 2.9033 23.3705 0.865742 0.48951 0.104263
63.4247 2.88434 25.0009 0.865618 0.487169 0.115637
63.2072 2.89733 26.5462 0.864959 0.487387 0.119581
62.9951 2.89268 28.0717 0.863091 0.489576 0.124048
62.7657 2.88248 29.6044 0.861845 0.488686 0.135676
62.5245 2.89071 31.0851 0.860826 0.489379 0.139593
62.2726 2.88074 32.6011 0.862038 0.484129 0.150008
61.9663 2.9182 34.1647 0.858829 0.485656 0.162947
61.6559 2.93897 35.6918 0.856951 0.486415 0.170398
61.3623 2.90069 37.2435 0.854902 0.487926 0.176268
61.044 2.90195 38.7714 0.853877 0.489544 0.176749
60.6917 2.92902 40.4165 0.853135 0.492275 0.172701
59.9831 3.72787 41.5911 0.847918 0.499517 0.177529
59.8498 4.15205 41.0393 0.848387 0.49799 0.179567
60.1808 4.17636 39.4006 0.852316 0.491593 0.17859
60.4208 4.35853 37.7671 0.854497 0.487274 0.179997
60.4551 4.85895 36.2504 0.855729 0.485953 0.177695
60.3691 5.51777 34.8444 0.858164 0.484137 0.170768
60.156 6.33932 33.5582 0.860619 0.482663 0.162387
59.7966 7.35212 32.3781 0.857303 0.491239 0.153996
59.3033 8.52593 31.3358 0.85632 0.495117 0.146881
58.7511 9.70148 30.5714 0.857166 0.494943 0.14247
58.1209 10.9652 29.9401 0.854758 0.500086 0.138932
57.42 12.2945 29.4798 0.85491 0.499923 0.138587
56.6742 13.681 29.0627 0.853252 0.503859 0.134488
55.9679 14.9739 28.6629 0.850299 0.509457 0.132077
55.2155 16.3267 28.2822 0.850778 0.509933 0.127065
54.4994 17.6278 27.8268 0.850299 0.511683 0.123176
53.7923 18.9021 27.4074 0.85025 0.512147 0.121579
53.0657 20.1981 27.0137 0.847506 0.516275 0.123264
52.2743 21.5894 26.5289 0.844142 0.523854 0.114024
51.5362 22.8521 26.1236 0.842751 0.527261 0.108477
50.7663 24.1659 25.7132 0.842624 0.52831 0.104281
50.019 25.4349 25.2718 0.8389 0.53463 0.102062
49.1958 26.8017 24.8106 0.834388 0.541763 0.101438
48.4381 28.0443 24.3671 0.833145 0.544191 0.0986161
47.6178 29.3793 23.8844 0.831518 0.547522 0.0937922
46.8165 30.6723 23.3798 0.826571 0.555145 0.0927122
46.044 31.8908 22.9096 0.82412 0.559312 0.0894215
45.405 32.98 21.9507 0.821313 0.563752 0.0873091
44.7481 34.0861 20.9146 0.817562 0.569283 0.0866585
44.1254 35.1413 19.8566 0.815285 0.572509 0.0868517
43.5278 36.1379 18.8329 0.81103 0.578852 0.0846244
42.9416 37.094 17.8255 0.806709 0.585504 0.0800327
42.3208 38.0809 16.8266 0.805636 0.587285 0.0777585
41.6601 39.1088 15.8149 0.798905 0.597085 0.0723916
41.0033 40.1033 14.8436 0.795782 0.601383 0.0712056
40.269 41.1768 13.8441 0.790303 0.609486 0.0628332
39.5412 42.1972 12.994 0.784713 0.616975 0.0597248
38.7554 43.2726 12.2074 0.784302 0.61725 0.0622293
37.914 44.4314 11.2802 0.77792 0.62544 0.0605342
37.1818 45.4229 10.3269 0.773742 0.630768 0.05877
36.436 46.4204 9.38848 0.768795 0.637286 0.0531185
35.6545 47.4242 8.55097 0.766063 0.640974 0.0479538
34.8503 48.4329 7.77448 0.761996 0.646165 0.042811
34.0032 49.466 7.03799 0.758816 0.650446 0.0334506
33.7503 49.7692 6.8174 0.755918 0.6539 0.0316146
41.7557 40.2606 3.24619 0.793917 0.606323 0.0454745
42.7005 39.019 3.15265 0.797423 0.601443 0.0488247
43.6592 37.7467 3.04937 0.803018 0.59386 0.0499266
44.5491 36.5402 2.94521 0.807721 0.586746 0.0575926
45.5552 35.1638 2.81734 0.811638 0.581898 0.0513585
46.49 33.8491 2.69242 0.81963 0.57058 0.0514244
47.3987 32.5555 2.56112 0.819656 0.570542 0.051436
48.2602 31.319 2.43538 0.825429 0.562018 0.0529508
49.1067 30.0847 2.30639 0.825552 0.561779 0.053551
49.9525 28.8455 2.17033 0.829551 0.5558 0.0541453
50.8197 27.5463 2.02459 0.835557 0.546814 0.0532872
51.6819 26.2428 1.87616 0.835754 0.546533 0.0530803
52.585 24.8752 1.71815 0.836831 0.544899 0.0529
53.441 23.5606 1.56632 0.841673 0.537082 0.0559381
54.3462 22.158 1.4015 0.842719 0.535537 0.0549998
55.1921 20.8126 1.24476 0.852621 0.519266 0.0583052
56.0554 19.4075 1.08207 0.85377 0.517186 0.0599726
56.9075 18.0143 0.921072 0.855783 0.513818 0.0602166
57.6916 16.7118 0.776409 0.859491 0.508062 0.0561111
58.5623 15.2527 0.612724 0.860758 0.505983 0.055467
59.3571 13.9082 0.46507 0.864104 0.500655 0.0516648
60.1388 12.5668 0.326974 0.865846 0.497671 0.051325
60.8878 11.2738 0.193623 0.867628 0.494441 0.0524375
60.4122 11.3898 6.63083 0.864669 0.498782 0.0597041
59.5962 12.7745 6.77404 0.860815 0.505114 0.0621033
58.7714 14.1572 6.92844 0.860046 0.506194 0.0639428
57.9241 15.5764 7.08727 0.859902 0.506374 0.0644529
57.0573 17.0234 7.24985 0.858496 0.508631 0.0654173
56.2764 18.3174 7.39456 0.85654 0.512558 0.060198
55.4084 19.7332 7.54738 0.852526 0.51939 0.0585896
54.5741 21.0807 7.69057 0.851505 0.520437 0.0639072
53.727 22.43 7.83213 0.844198 0.53202 0.0654514
52.9062 23.7013 7.96071 0.84066 0.537631 0.0651479
52.0703 24.9937 8.08901 0.842001 0.536002 0.0611247
51.2127 26.3104 8.21472 0.837173 0.544154 0.0551173
50.3454 27.63 8.33854 0.835197 0.546887 0.0579777
49.4839 28.9228 8.45494 0.832089 0.551508 0.0588795
48.5793 30.2689 8.5708 0.826762 0.55865 0.0661385
47.7105 31.5352 8.67188 0.823097 0.563337 0.0718525
46.7876 32.8578 8.77642 0.819036 0.569549 0.069231
46.0625 33.8832 8.84864 0.816163 0.573434 0.0710681
49.9363 27.4155 14.6838 0.83467 0.543986 0.0860536
50.8165 26.0808 14.5811 0.83505 0.543268 0.0869035
51.6396 24.8305 14.4758 0.836255 0.54181 0.0843742
52.5077 23.4964 14.3631 0.839689 0.536837 0.0820282
53.3614 22.1646 14.2357 0.845212 0.528698 0.0780732
54.1804 20.8562 14.1167 0.850951 0.519909 0.0746812
54.9852 19.556 13.9856 0.85114 0.51968 0.0741123
55.8499 18.1546 13.8395 0.853056 0.516314 0.0756018
56.7081 16.7538 13.6856 0.855251 0.512519 0.0766229
57.4872 15.4681 13.5392 0.856875 0.509545 0.0782855
58.3164 14.0902 13.3821 0.858156 0.507373 0.0783643
59.1222 12.7373 13.2178 0.86122 0.502192 0.0781266
59.9342 11.3591 13.0509 0.865965 0.494202 0.0766043
59.2575 11.3978 19.5474 0.862229 0.497558 0.0948511
58.665 12.3906 19.6808 0.859727 0.502136 0.0934239
61.1724 11.3619 -6.29744 0.870419 0.490855 0.0378491
60.4148 12.692 -6.15778 0.869845 0.491703 0.0399781
59.6346 14.0423 -6.0154 0.864325 0.501101 0.0429083
58.8782 15.3327 -5.87376 0.863901 0.501868 0.0424761
58.014 16.7919 -5.70012 0.859957 0.508276 0.0461506
57.2467 18.074 -5.54812 0.859476 0.509119 0.0458212
56.4472 19.381 -5.38689 0.850818 0.523534 0.0449666
55.6158 20.7176 -5.21434 0.851261 0.523044 0.0421811
54.8214 21.9911 -5.04139 0.848575 0.527489 0.040942
53.9441 23.3567 -4.85862 0.838248 0.543602 0.0428512
53.103 24.6384 -4.68768 0.837787 0.544315 0.0428189
52.2766 25.8922 -4.51737 0.834988 0.548507 0.0439999
51.4022 27.1977 -4.32915 0.831628 0.553856 0.0404821
50.5616 28.4463 -4.14869 0.831614 0.553894 0.0402504
49.7008 29.7289 -3.96443 0.831201 0.554701 0.0375757
48.8263 30.9966 -3.78589 0.819746 0.571718 0.0339882
47.9203 32.2772 -3.61381 0.817697 0.574733 0.0324507
47.1571 33.3529 -3.46458 0.816038 0.577009 0.0338026
54.7507 22.584 -11.4488 0.843105 0.535746 0.0463772
55.6463 21.1735 -11.6737 0.848052 0.528148 0.0432053
56.5289 19.7773 -11.8855 0.84781 0.528592 0.042524
57.3589 18.4311 -12.0809 0.858202 0.511587 0.0420407
58.1574 17.1038 -12.2644 0.858935 0.510428 0.0411675
58.9446 15.7748 -12.4364 0.865197 0.499732 0.041244
59.7806 14.3182 -12.6161 0.873994 0.484566 0.0364679
60.575 12.8912 -12.7815 0.874641 0.483666 0.032722
61.3049 11.5767 -12.9103 0.875707 0.48199 0.0286951
61.3101 11.5673 -12.9112 0.876309 0.480895 0.0286893
61.4909 11.6276 -19.786 0.882336 0.469786 0.0280116
60.7724 12.9635 -19.6321 0.880785 0.47254 0.0304023
60.7542 12.997 -19.6281 0.879875 0.474127 0.0319726
60.6578 13.1745 -19.6072 0.879965 0.473928 0.0324773
