-52.0117 8.22632 -39.7366 -0.567821 0.452952 -0.687324
-50.9015 8.06805 -40.7575 -0.567081 0.454223 -0.687096
-49.7332 8.04029 -41.7371 -0.561908 0.460035 -0.687469
-48.4823 8.01212 -42.7576 -0.553077 0.458693 -0.69549
-47.2645 8.01149 -43.7225 -0.548093 0.462956 -0.69661
-46.0476 8.01782 -44.6741 -0.546061 0.465036 -0.69682
-44.8493 7.98599 -45.629 -0.541535 0.467745 -0.698537
-43.5568 8.01392 -46.6118 -0.54126 0.467743 -0.698752
-42.2461 7.98062 -47.6423 -0.536428 0.468653 -0.701861
-40.9899 7.9881 -48.5844 -0.527082 0.472628 -0.706263
-39.7086 7.98061 -49.5466 -0.526068 0.474664 -0.705653
-38.4876 7.96748 -50.4588 -0.521606 0.476043 -0.708032
-37.2061 7.94202 -51.4095 -0.513924 0.476999 -0.712988
-35.9379 7.9203 -52.3382 -0.511695 0.481842 -0.711334
-34.6735 7.90437 -53.2514 -0.50714 0.483917 -0.713185
-33.4113 7.91871 -54.1361 -0.505641 0.483816 -0.714317
-32.1443 7.94039 -55.0074 -0.497623 0.487602 -0.717366
-30.832 7.93428 -55.9163 -0.49401 0.485308 -0.721408
-29.5402 7.92249 -56.8076 -0.493187 0.483979 -0.722863
-28.2504 7.89531 -57.7025 -0.489617 0.484338 -0.725045
-26.9316 7.93846 -58.5593 -0.486806 0.485812 -0.725952
-25.5259 7.95472 -59.4834 -0.481366 0.484807 -0.730237
-24.2336 7.93408 -60.3418 -0.475744 0.485906 -0.733187
-22.9159 7.92906 -61.1906 -0.469738 0.487118 -0.736249
-21.6391 7.92053 -62.0098 -0.469215 0.487005 -0.736657
-20.2433 7.90059 -62.9078 -0.466665 0.485463 -0.73929
-18.8447 7.93442 -63.7651 -0.464244 0.486143 -0.740366
-17.4715 7.94526 -64.6136 -0.461173 0.485123 -0.74295
-16.1245 7.93816 -65.452 -0.45947 0.481586 -0.746299
-14.8039 7.96978 -66.2399 -0.456522 0.481993 -0.747844
-13.5148 7.97315 -67.0213 -0.452626 0.481692 -0.750402
-12.2197 7.96597 -67.8039 -0.450754 0.477994 -0.753885
-10.8857 8.00758 -68.5744 -0.449981 0.477752 -0.7545
-9.57197 8.66125 -68.9446 -0.44982 0.476955 -0.7551
-8.55416 9.72154 -68.8824 -0.450544 0.474369 -0.756296
-9.18302 10.8314 -67.8053 -0.452446 0.47857 -0.752504
-9.75247 11.8417 -66.8168 -0.452785 0.483403 -0.749205
-10.328 12.8649 -65.8047 -0.45281 0.488531 -0.745856
-10.9076 13.8338 -64.8139 -0.454475 0.492305 -0.742354
-11.5276 14.8026 -63.7833 -0.456074 0.496804 -0.738364
-12.1528 15.8158 -62.7124 -0.45726 0.497928 -0.736872
-12.7062 16.8299 -61.6761 -0.456941 0.503767 -0.73309
-13.3164 17.8687 -60.567 -0.460506 0.511099 -0.72575
-13.8812 18.8311 -59.5254 -0.46232 0.51631 -0.720887
-14.3965 19.8898 -58.4339 -0.462455 0.518396 -0.7193
-14.8247 20.9139 -57.4196 -0.458195 0.522443 -0.719104
-15.2709 21.9504 -56.3809 -0.458517 0.522918 -0.718553
-15.7444 22.9478 -55.3492 -0.458876 0.527874 -0.714689
-16.2084 24.0547 -54.2259 -0.459995 0.532009 -0.710894
-16.6498 25.1578 -53.1079 -0.461125 0.539272 -0.704663
-17.0989 26.1936 -52.0166 -0.455769 0.543963 -0.704541
-17.5866 27.1777 -50.9414 -0.455562 0.544531 -0.704237
-18.1234 28.1854 -49.8123 -0.455038 0.545895 -0.703519
-18.637 29.2568 -48.6535 -0.450348 0.54557 -0.706781
-19.0823 30.3837 -47.494 -0.448922 0.552357 -0.702404
-19.4437 31.4099 -46.4544 -0.443919 0.557668 -0.701386
-19.915 32.4253 -45.3449 -0.444816 0.559416 -0.699423
-20.4817 33.4484 -44.1637 -0.445676 0.562123 -0.6967
-21.0368 34.3511 -43.0716 -0.441183 0.573285 -0.690436
-21.6255 35.2678 -41.9305 -0.440933 0.575282 -0.688933
-22.2354 36.2944 -40.683 -0.440406 0.576436 -0.688305
-22.8273 37.1908 -39.5526 -0.439472 0.578486 -0.687182
-23.7183 37.6805 -38.5728 -0.44078 0.576903 -0.687671
-25.0712 37.0741 -38.2058 -0.444344 0.573728 -0.688037
-26.4713 36.3175 -37.9247 -0.451012 0.56452 -0.691307
-27.7672 35.5413 -37.7122 -0.451196 0.563727 -0.691834
-29.0827 34.6818 -37.543 -0.460623 0.55687 -0.691174
-30.3747 33.8329 -37.3687 -0.456828 0.554678 -0.695443
-31.7479 32.9847 -37.1297 -0.46855 0.546257 -0.694308
-33.0765 32.1444 -36.8874 -0.471199 0.541962 -0.69588
-34.332 31.2845 -36.7045 -0.475793 0.54103 -0.693475
-35.6136 30.2868 -36.597 -0.481032 0.536913 -0.69306
-36.8422 29.363 -36.4475 -0.485656 0.530848 -0.694506
-38.0841 28.4412 -36.2802 -0.488248 0.525454 -0.696787
-39.4385 27.5179 -36.0142 -0.493548 0.520198 -0.696997
-40.6659 26.6598 -35.7807 -0.498123 0.516948 -0.69616
-41.8711 25.7511 -35.5808 -0.507513 0.508905 -0.695303
-43.047 24.8398 -35.3826 -0.512526 0.505703 -0.69396
-44.1522 23.6968 -35.398 -0.515128 0.505633 -0.692083
-44.8669 22.4323 -35.7819 -0.523675 0.493601 -0.69435
-45.558 21.1507 -36.1664 -0.530861 0.487509 -0.693197
-46.2645 19.759 -36.5938 -0.536226 0.478383 -0.695422
-46.898 18.447 -36.9943 -0.541704 0.47048 -0.696567
-47.6092 17.0167 -37.4034 -0.543214 0.468077 -0.69701
-48.3014 15.6283 -37.7933 -0.546206 0.465878 -0.696144
-48.9246 14.2797 -38.1988 -0.552276 0.462365 -0.693692
-49.6354 12.829 -38.6033 -0.55282 0.464418 -0.691886
-50.2758 11.4687 -39.0029 -0.556911 0.463051 -0.689517
-50.9835 10.0817 -39.3573 -0.560147 0.458569 -0.689892
-51.7577 8.6825 -39.6457 -0.567521 0.452998 -0.687542
-51.9381 8.35288 -39.7141 -0.567668 0.452983 -0.687429
-55.6624 10.207 -35.3878 -0.578086 0.443341 -0.68503
-56.5491 8.94449 -35.4476 -0.585862 0.44054 -0.680214
-57.519 7.80329 -35.3444 -0.591121 0.438599 -0.67691
-58.6314 6.72846 -35.0637 -0.59604 0.43834 -0.672751
-59.8512 5.76365 -34.6042 -0.601057 0.437642 -0.66873
-61.0274 5.04752 -34.0105 -0.604269 0.437783 -0.665736
-62.3346 4.52671 -33.1622 -0.606719 0.43879 -0.662839
-63.5346 4.29657 -32.2096 -0.610948 0.439256 -0.658632
-64.6864 4.24776 -31.1669 -0.615984 0.441929 -0.652121
-65.7582 4.30147 -30.0973 -0.627319 0.444191 -0.639661
-66.8673 4.28026 -29.012 -0.632375 0.45008 -0.630499
-67.3111 3.79307 -28.9165 -0.629288 0.453134 -0.6314
-66.7375 2.84723 -30.1536 -0.625028 0.447976 -0.639264
-65.6903 2.76522 -31.2208 -0.617759 0.442761 -0.649874
-64.5038 2.76182 -32.3384 -0.610553 0.44141 -0.657558
-63.3572 2.78504 -33.3815 -0.607017 0.440329 -0.661545
-62.1841 2.79065 -34.4506 -0.605141 0.440047 -0.663448
-60.9842 2.79606 -35.5371 -0.602619 0.441224 -0.664961
-59.8177 2.8252 -36.5726 -0.600297 0.443314 -0.66567
-58.6596 2.79788 -37.6293 -0.59487 0.444593 -0.669677
-57.5347 2.7633 -38.6451 -0.589222 0.447209 -0.67292
-56.3382 2.76906 -39.6856 -0.586349 0.449217 -0.674091
-55.1795 2.73784 -40.7109 -0.580884 0.453612 -0.675877
-54.0316 2.72267 -41.7038 -0.577296 0.455576 -0.677628
-52.8385 2.7416 -42.7013 -0.572748 0.460252 -0.678327
-51.6628 2.73766 -43.6856 -0.563636 0.463769 -0.683544
-50.4709 2.7194 -44.6781 -0.562838 0.46293 -0.68477
-49.2823 2.71463 -45.6508 -0.557073 0.466942 -0.686755
-48.0794 2.71599 -46.6206 -0.553023 0.467767 -0.689463
-46.7833 2.70523 -47.6634 -0.551234 0.468639 -0.690303
-45.5069 2.68029 -48.6855 -0.541236 0.473039 -0.695195
-44.2207 2.70426 -49.6675 -0.53873 0.471945 -0.69788
-42.991 2.70342 -50.6144 -0.536724 0.473411 -0.698434
-41.642 2.72138 -51.6309 -0.532123 0.474568 -0.701164
-40.4241 2.74689 -52.5307 -0.525707 0.474597 -0.705967
-39.1809 2.67046 -53.5018 -0.520587 0.476174 -0.708694
-37.9522 2.69002 -54.3863 -0.517246 0.476752 -0.710749
-36.6585 2.69845 -55.3205 -0.515214 0.477341 -0.711828
-35.4247 2.70583 -56.2054 -0.512147 0.479106 -0.712856
-34.1768 2.68306 -57.1088 -0.505131 0.481158 -0.716468
-32.8277 2.71198 -58.0306 -0.499168 0.481209 -0.720604
-31.5945 2.7014 -58.8885 -0.497129 0.480701 -0.72235
-30.2115 2.68256 -59.8422 -0.492138 0.48193 -0.724943
-28.9092 2.69192 -60.7151 -0.48685 0.483501 -0.727464
-27.6345 2.71531 -61.5525 -0.485595 0.483535 -0.728279
-26.3593 2.67349 -62.4206 -0.47772 0.484043 -0.733134
-24.9958 2.66991 -63.3088 -0.474361 0.483173 -0.735884
-23.647 2.6947 -64.1568 -0.470881 0.483828 -0.737686
-22.3231 2.65391 -65.0242 -0.467044 0.483319 -0.740454
-21.0328 2.71137 -65.7935 -0.46258 0.482626 -0.743702
-19.663 2.70218 -66.6489 -0.460912 0.480533 -0.746088
-18.3842 2.67567 -67.4525 -0.457516 0.479691 -0.748716
-17.0745 2.69888 -68.235 -0.455465 0.477758 -0.751198
-15.7632 2.71215 -69.0188 -0.452734 0.477781 -0.752833
-14.3901 2.70502 -69.8443 -0.449974 0.47843 -0.754074
-12.9966 2.69118 -70.6829 -0.448042 0.478451 -0.75521
-11.6869 2.70735 -71.4436 -0.443273 0.476943 -0.758969
-10.3027 2.74428 -72.2252 -0.440484 0.474632 -0.762035
-9.01344 3.33725 -72.6024 -0.441055 0.473404 -0.762469
-7.7311 4.32076 -72.7327 -0.439901 0.471824 -0.764113
-6.43659 5.3554 -72.8385 -0.439582 0.470561 -0.765075
-5.14397 6.40602 -72.9368 -0.440597 0.469027 -0.765433
-3.94169 7.48607 -72.9684 -0.440701 0.466874 -0.766688
-2.6817 8.60132 -73.0155 -0.441132 0.463705 -0.768362
-2.58832 9.89162 -72.2883 -0.443474 0.465213 -0.766099
-2.76759 11.1473 -71.4168 -0.446696 0.468368 -0.762295
-3.09266 12.3426 -70.4857 -0.448647 0.473198 -0.758156
-3.74871 13.3411 -69.4668 -0.452275 0.477922 -0.753019
-4.42531 14.379 -68.3951 -0.45454 0.481358 -0.749458
-4.98298 15.3911 -67.401 -0.455195 0.485401 -0.746447
-5.52954 16.4324 -66.3811 -0.457124 0.490963 -0.741615
-6.16958 17.4527 -65.3063 -0.456895 0.497768 -0.737207
-6.85055 18.5001 -64.1676 -0.458837 0.501058 -0.733764
-7.45466 19.5215 -63.0901 -0.458395 0.504224 -0.731869
-8.01086 20.4925 -62.0685 -0.457448 0.508997 -0.729153
-8.62903 21.5717 -60.9039 -0.460202 0.520545 -0.719199
-9.18293 22.5976 -59.8012 -0.460717 0.523184 -0.716951
-9.63819 23.5994 -58.771 -0.458888 0.530192 -0.712965
-10.0808 24.653 -57.6983 -0.459638 0.532216 -0.710971
-10.5601 25.6454 -56.6441 -0.457223 0.534836 -0.710561
-10.9741 26.6661 -55.603 -0.459476 0.541421 -0.70409
-11.4038 27.6875 -54.5336 -0.455596 0.544366 -0.704341
-11.7705 28.7367 -53.4676 -0.455307 0.554764 -0.69637
-12.2348 29.7133 -52.3864 -0.451828 0.556404 -0.697328
-12.7299 30.6726 -51.299 -0.448158 0.560892 -0.696099
-13.2718 31.6487 -50.1609 -0.445467 0.564336 -0.695042
-13.7497 32.6285 -49.0583 -0.445382 0.565202 -0.694393
-14.1625 33.7047 -47.9156 -0.441172 0.567876 -0.694899
-14.5408 34.7085 -46.8506 -0.435988 0.574161 -0.693003
-14.9556 35.7096 -45.7531 -0.427906 0.582668 -0.690937
-15.4618 36.7158 -44.5916 -0.42679 0.582988 -0.691357
-16.0062 37.6902 -43.4266 -0.427505 0.588686 -0.686067
-16.5676 38.5748 -42.3142 -0.426719 0.591725 -0.683939
-17.157 39.4928 -41.1448 -0.424703 0.597426 -0.680227
-17.7547 40.3227 -40.0455 -0.422423 0.593936 -0.684689
-18.3502 41.2686 -38.8595 -0.417973 0.600127 -0.682007
-19.1021 41.9977 -37.7524 -0.414161 0.606885 -0.678352
-20.1117 42.5083 -36.6822 -0.414171 0.606398 -0.67878
-21.2756 42.7715 -35.7334 -0.419729 0.602915 -0.67847
-22.6332 42.5365 -35.0957 -0.421508 0.59934 -0.68053
-24.0562 42.2448 -34.4718 -0.426256 0.593902 -0.682339
-25.403 41.5983 -34.1811 -0.430936 0.585215 -0.686889
-26.7921 40.918 -33.8876 -0.430601 0.582498 -0.689405
-28.2037 40.2061 -33.5984 -0.440878 0.575742 -0.688584
-29.542 39.4382 -33.368 -0.447771 0.571004 -0.688081
-30.8841 38.5628 -33.2183 -0.449315 0.568791 -0.688906
-32.1212 37.7062 -33.1025 -0.456663 0.562177 -0.689504
-33.4056 36.8603 -32.9401 -0.458463 0.557383 -0.692196
-34.742 36.0003 -32.7326 -0.463581 0.549398 -0.695165
-36.0448 35.1586 -32.5263 -0.466224 0.547403 -0.694971
-37.4115 34.1651 -32.3692 -0.477328 0.539629 -0.693512
-38.6899 33.2295 -32.2161 -0.478568 0.539089 -0.693077
-40.0279 32.2315 -32.0578 -0.487114 0.530949 -0.693401
-41.3547 31.2875 -31.8389 -0.494793 0.524346 -0.692994
-42.7235 30.354 -31.5563 -0.502455 0.515517 -0.694105
-43.9303 29.4794 -31.3319 -0.502931 0.516095 -0.693329
-45.1512 28.5336 -31.1368 -0.513572 0.507953 -0.69154
-46.3564 27.625 -30.9065 -0.516321 0.505632 -0.691193
-47.4373 26.6155 -30.8313 -0.521396 0.500303 -0.691262
-48.2213 25.2237 -31.2412 -0.526459 0.497065 -0.689759
-49.0025 23.855 -31.6157 -0.53205 0.489057 -0.691192
-49.6565 22.5595 -32.0213 -0.53677 0.483419 -0.691508
-50.3916 21.1127 -32.448 -0.543469 0.473628 -0.693049
-51.0477 19.7361 -32.8669 -0.548255 0.467344 -0.693545
-51.7683 18.2411 -33.2972 -0.552238 0.464133 -0.692541
-52.4662 16.8805 -33.6504 -0.55434 0.462623 -0.691872
-53.1552 15.428 -34.0636 -0.559456 0.45876 -0.690325
-53.7836 14.0667 -34.4441 -0.567025 0.450991 -0.689267
-54.4144 12.6827 -34.8255 -0.569353 0.448856 -0.688742
-55.13 11.1638 -35.2165 -0.575022 0.444585 -0.6868
-55.6599 10.211 -35.3872 -0.57809 0.44334 -0.685027
-46.7446 10.7113 -42.3265 -0.545649 0.46519 -0.69704
-45.4656 11.1885 -43.0092 -0.544433 0.463495 -0.699118
-44.1429 11.6788 -43.7037 -0.537496 0.468091 -0.701419
-42.8524 12.1515 -44.3703 -0.533098 0.47395 -0.700841
-41.5206 12.6382 -45.0521 -0.529854 0.476246 -0.701744
-40.1764 13.1219 -45.7287 -0.522594 0.480367 -0.704374
-38.7217 13.6354 -46.4418 -0.51335 0.484426 -0.70838
-37.4203 14.088 -47.0689 -0.510372 0.487165 -0.708654
-35.9747 14.5906 -47.7631 -0.507202 0.489902 -0.709043
-34.6006 15.0645 -48.4178 -0.506948 0.49321 -0.706929
-33.2823 15.5201 -49.0458 -0.505003 0.49234 -0.708924
-31.8938 15.9938 -49.6976 -0.497985 0.497793 -0.71008
-30.5278 16.449 -50.322 -0.489117 0.50384 -0.711976
-29.1769 16.893 -50.9327 -0.488017 0.503785 -0.712769
-27.839 17.3295 -51.5327 -0.478882 0.511271 -0.713635
-26.3596 17.8006 -52.1764 -0.473543 0.510077 -0.718038
-24.9066 18.2619 -52.8061 -0.472833 0.506257 -0.721202
-23.4403 18.7253 -53.4396 -0.469849 0.509231 -0.721059
-22.1062 19.1424 -54.0139 -0.467961 0.516475 -0.717123
-20.6806 19.5849 -54.6213 -0.463801 0.516975 -0.719462
-19.2671 20.0175 -55.2177 -0.461172 0.518366 -0.720151
-17.9604 20.4161 -55.7681 -0.46189 0.518451 -0.719629
-19.7249 24.8294 -51.3523 -0.461582 0.537556 -0.705674
-21.1772 24.3831 -50.745 -0.460546 0.536892 -0.706855
-22.509 23.9719 -50.1874 -0.462472 0.533818 -0.707925
-23.8878 23.5461 -49.6056 -0.46384 0.532406 -0.708094
-25.2901 23.1151 -49.0147 -0.46157 0.529961 -0.711403
-26.7476 22.6597 -48.39 -0.474561 0.527305 -0.704799
-28.1836 22.1996 -47.7585 -0.479833 0.521816 -0.705314
-29.6439 21.7274 -47.1082 -0.486131 0.519604 -0.702629
-30.9634 21.2945 -46.5097 -0.489406 0.52114 -0.69921
-32.3969 20.8247 -45.8564 -0.489975 0.515491 -0.702989
-33.7703 20.3718 -45.2229 -0.496072 0.507439 -0.70457
-35.1075 19.9267 -44.599 -0.497519 0.50515 -0.705194
-36.4686 19.4742 -43.9628 -0.497622 0.505336 -0.704988
-37.8373 19.0191 -43.3189 -0.500792 0.503792 -0.703848
-39.2431 18.5513 -42.6539 -0.502221 0.50048 -0.705191
-40.5626 18.1032 -42.0118 -0.521343 0.486974 -0.700755
-41.952 17.6171 -41.3109 -0.524065 0.48184 -0.702272
-43.2676 17.157 -40.6449 -0.525839 0.477854 -0.703668
-44.6513 16.6663 -39.9272 -0.534746 0.471495 -0.701241
-45.5143 16.3582 -39.4744 -0.538389 0.470782 -0.698929
-42.302 22.5679 -37.5962 -0.512647 0.505564 -0.693973
-40.9766 23.0083 -38.2456 -0.507406 0.506979 -0.696786
-39.5532 23.4725 -38.9225 -0.497571 0.511547 -0.70053
-38.2453 23.897 -39.54 -0.496203 0.513183 -0.700304
-36.91 24.3311 -40.1641 -0.493428 0.512827 -0.702522
-35.5285 24.777 -40.8038 -0.488069 0.515988 -0.703949
-34.186 25.2084 -41.4173 -0.488206 0.516372 -0.703573
-32.8121 25.6541 -42.0478 -0.490591 0.517201 -0.701301
-31.4874 26.0807 -42.6464 -0.477275 0.526919 -0.703253
-30.1673 26.4955 -43.2266 -0.474158 0.530221 -0.70288
-28.8274 26.9171 -43.8123 -0.473729 0.530184 -0.703197
-27.4836 27.339 -44.392 -0.466938 0.536982 -0.702581
-26.1511 27.7571 -44.9631 -0.469582 0.53748 -0.700434
-24.8186 28.1752 -45.5298 -0.462407 0.540541 -0.702848
-23.4827 28.5876 -46.084 -0.455385 0.543017 -0.705519
-22.0978 29.0084 -46.6444 -0.448832 0.54809 -0.705796
-21.8474 29.0838 -46.745 -0.448277 0.548285 -0.705996
-23.9094 33.2507 -42.1206 -0.454737 0.556898 -0.695039
-25.4225 32.7844 -41.4971 -0.458208 0.554828 -0.694414
-26.8292 32.3538 -40.9121 -0.459986 0.553185 -0.69455
-28.2651 31.9145 -40.3059 -0.463146 0.551274 -0.693969
-29.6412 31.4923 -39.7237 -0.463583 0.550426 -0.69435
-30.6974 31.1655 -39.2699 -0.472309 0.544007 -0.693528
-32.9135 10.5406 -52.6949 -0.501726 0.486389 -0.71533
-31.6102 10.9907 -53.3001 -0.500017 0.486633 -0.71636
-30.2984 11.4362 -53.9047 -0.492845 0.490934 -0.718393
-28.9231 11.8967 -54.5341 -0.493888 0.488093 -0.719611
-27.5614 12.3487 -55.1507 -0.483464 0.492666 -0.723562
-26.1908 12.7973 -55.7594 -0.481763 0.494334 -0.723559
-24.781 13.2553 -56.381 -0.478132 0.497306 -0.723931
-23.4566 13.6795 -56.962 -0.47553 0.497035 -0.725829
-22.1296 14.0959 -57.5375 -0.468352 0.501273 -0.727579
-20.7884 14.5127 -58.1109 -0.465719 0.502576 -0.72837
-19.3838 14.943 -58.7098 -0.46419 0.503713 -0.728561
-18.048 15.352 -59.2784 -0.465264 0.50393 -0.727725
-16.5778 15.8009 -59.9094 -0.466537 0.505996 -0.725473
-15.7645 16.0491 -60.2616 -0.468858 0.505938 -0.724015
-17.0932 10.571 -63.129 -0.462254 0.486923 -0.741099
-15.6474 11.0048 -63.7443 -0.461217 0.486725 -0.741875
-14.2712 11.4151 -64.3307 -0.460981 0.484988 -0.743158
-13.295 11.7029 -64.7476 -0.459483 0.484147 -0.744632
-13.1667 11.7403 -64.8025 -0.459491 0.484138 -0.744633
