-55.8082 8.61752 42.2971 -0.6109 0.532644 0.585739
-55.0296 9.87389 41.9758 -0.612151 0.527382 0.589184
-54.2476 11.1272 41.6634 -0.606922 0.528567 0.593517
-53.5327 12.4264 41.2359 -0.606325 0.529774 0.593051
-52.8566 13.6915 40.7934 -0.601258 0.534576 0.593898
-52.1551 14.9582 40.3494 -0.589451 0.541643 0.599306
-51.4245 16.2271 39.9213 -0.588266 0.541109 0.600952
-50.6218 17.4698 39.5857 -0.58973 0.543954 0.596935
-49.4145 18.1973 40.1058 -0.581971 0.54322 0.60515
-48.1407 18.7707 40.8038 -0.577136 0.543509 0.609518
-46.8468 19.369 41.4859 -0.567588 0.546854 0.615463
-45.4597 20.0823 42.1176 -0.561216 0.549916 0.61857
-44.2183 20.6931 42.6928 -0.552985 0.550632 0.625284
-42.882 21.2226 43.3869 -0.543991 0.553108 0.630988
-41.5931 21.6824 44.0913 -0.541062 0.5551 0.631756
-40.2541 22.1298 44.8245 -0.530986 0.554838 0.640475
-38.9162 22.424 45.6781 -0.530734 0.556528 0.639215
-37.6048 22.5632 46.646 -0.528859 0.561292 0.6366
-36.4808 22.3188 47.7846 -0.522261 0.564691 0.639036
-35.4557 21.9227 48.9706 -0.521094 0.563256 0.641251
-34.5244 21.5128 50.0809 -0.517374 0.560007 0.647081
-33.6853 20.8475 51.3194 -0.51249 0.560659 0.650397
-32.9918 20.0614 52.5439 -0.512488 0.561181 0.649947
-32.3547 19.3089 53.6956 -0.50952 0.563216 0.65052
-31.6591 18.5589 54.8853 -0.506779 0.563499 0.652413
-30.9903 17.732 56.1128 -0.505323 0.561069 0.655629
-30.4483 16.8633 57.2679 -0.500964 0.560797 0.659198
-29.8638 15.9603 58.4767 -0.499165 0.560656 0.66068
-29.3245 15.0519 59.6573 -0.497463 0.563448 0.659588
-28.7897 14.1878 60.7913 -0.494538 0.560894 0.66395
-28.2218 13.3043 61.9586 -0.493021 0.561283 0.66475
-27.7015 12.4122 63.0958 -0.492453 0.560105 0.666163
-27.8108 11.4828 63.7959 -0.492217 0.559892 0.666516
-29.2302 10.9409 63.2031 -0.492627 0.560347 0.66583
-30.6036 10.4979 62.5565 -0.494915 0.561246 0.663372
-31.9274 10.0528 61.9429 -0.495947 0.560789 0.662987
-33.2366 9.64839 61.2988 -0.50304 0.561085 0.657363
-34.7028 9.22804 60.5271 -0.50791 0.561854 0.652953
-36.0658 8.86972 59.7629 -0.516882 0.559285 0.6481
-37.396 8.55904 58.9661 -0.519773 0.556022 0.648595
-38.8042 8.23968 58.096 -0.528605 0.554966 0.642331
-40.1215 7.98462 57.2317 -0.529216 0.554044 0.642624
-41.4474 7.73397 56.3521 -0.532441 0.551907 0.641799
-42.665 7.58912 55.4565 -0.539238 0.549966 0.637778
-43.9281 7.56905 54.4007 -0.543618 0.547992 0.635755
-45.1682 7.58341 53.3196 -0.549146 0.545601 0.633055
-46.3194 7.59093 52.3092 -0.554237 0.542897 0.630931
-47.5323 7.57728 51.2347 -0.563484 0.542473 0.623064
-48.6576 7.59188 50.1966 -0.567813 0.545576 0.616389
-49.7836 7.56676 49.1717 -0.572004 0.544821 0.613173
-50.9314 7.57775 48.0856 -0.578081 0.541592 0.610328
-52.0748 7.71141 46.8753 -0.582232 0.537211 0.610254
-53.1129 7.87995 45.7178 -0.592778 0.537683 0.599592
-54.1757 8.10739 44.4444 -0.603505 0.534817 0.591399
-55.1009 8.36047 43.2658 -0.607037 0.534433 0.588122
-55.7359 8.54579 42.438 -0.610303 0.533958 0.585166
-58.8496 3.52313 43.7211 -0.621406 0.530616 0.576455
-57.94 3.27738 44.9181 -0.61582 0.532295 0.580885
-56.9712 3.06705 46.1337 -0.610461 0.538512 0.580812
-55.9812 2.90089 47.3215 -0.604573 0.539891 0.585669
-54.9582 2.75232 48.4945 -0.595745 0.541762 0.592942
-53.8923 2.59613 49.7036 -0.590745 0.542198 0.597524
-52.7553 2.55368 50.8416 -0.579686 0.542033 0.608412
-51.6116 2.58803 51.8945 -0.575708 0.543848 0.610565
-50.4883 2.58167 52.9519 -0.568775 0.547697 0.613615
-49.2115 2.59882 54.0943 -0.559199 0.545874 0.623953
-48.0547 2.56828 55.1505 -0.554118 0.548648 0.62605
-46.793 2.58121 56.2388 -0.545725 0.550006 0.632201
-45.6426 2.57874 57.2307 -0.544459 0.548716 0.63441
-44.441 2.60319 58.2336 -0.541212 0.549188 0.636775
-43.1655 2.7122 59.2215 -0.5392 0.551698 0.636311
-41.9314 2.94485 60.0636 -0.537516 0.552638 0.63692
-40.6029 3.18112 60.9734 -0.533498 0.554728 0.63848
-39.2662 3.506 61.7995 -0.527809 0.557381 0.640893
-37.9588 3.81247 62.6034 -0.523112 0.558861 0.643449
-36.6137 4.12085 63.4105 -0.5098 0.561858 0.651474
-35.2568 4.48441 64.1512 -0.505404 0.56166 0.65506
-33.8284 4.88362 64.8982 -0.4968 0.560857 0.662291
-32.4699 5.26325 65.5884 -0.491599 0.560854 0.666163
-31.0947 5.7377 66.2018 -0.490518 0.560615 0.66716
-29.6799 6.18653 66.8634 -0.489353 0.558927 0.669427
-28.2961 6.68535 67.4538 -0.485056 0.558106 0.67323
-26.8958 7.24233 67.9986 -0.483858 0.558172 0.674037
-25.446 7.8267 68.5541 -0.482686 0.558122 0.674918
-24.1232 8.42551 69.0047 -0.482758 0.556992 0.6758
-22.7537 9.07992 69.4412 -0.481114 0.556521 0.677357
-21.4552 9.7191 69.8363 -0.478543 0.555893 0.67969
-20.1214 10.4307 70.1921 -0.477116 0.556021 0.680589
-20.5701 11.5004 69.0042 -0.47907 0.555014 0.680037
-21.0333 12.4382 67.9114 -0.481461 0.554363 0.678879
-21.4718 13.3908 66.8206 -0.485449 0.553383 0.676836
-21.9499 14.3284 65.7093 -0.487386 0.553665 0.675211
-22.4733 15.2874 64.5396 -0.49055 0.556502 0.670571
-23.0826 16.2406 63.2982 -0.490791 0.55839 0.668823
-23.612 17.12 62.1753 -0.491145 0.558865 0.668167
-24.1296 18.0028 61.0544 -0.492174 0.559407 0.666955
-24.6995 18.9205 59.8625 -0.493375 0.559167 0.666268
-25.2407 19.7866 58.736 -0.495534 0.557525 0.666042
-25.8022 20.7392 57.5149 -0.50107 0.557725 0.661718
-26.3436 21.5968 56.3803 -0.502918 0.557371 0.660614
-26.9602 22.3943 55.2357 -0.504163 0.558538 0.658677
-27.7369 23.1638 53.987 -0.504796 0.559347 0.657505
-28.4043 23.8952 52.8467 -0.507283 0.559809 0.655194
-29.1203 24.7467 51.5579 -0.507316 0.563853 0.651691
-29.8998 25.5446 50.2508 -0.512559 0.564672 0.646861
-30.7134 26.1346 49.0894 -0.513674 0.564474 0.646148
-31.6974 26.5626 47.9333 -0.513654 0.564422 0.64621
-32.7369 26.9784 46.7466 -0.513942 0.560832 0.6491
-33.7097 27.3539 45.6481 -0.519368 0.56044 0.645108
-34.8264 27.5702 44.5488 -0.522493 0.561767 0.641419
-36.1255 27.5069 43.5476 -0.521761 0.562078 0.641743
-37.3607 27.3971 42.6368 -0.525396 0.560983 0.639732
-38.6155 27.2238 41.74 -0.536531 0.555441 0.635311
-39.9091 26.7588 41.0521 -0.537844 0.553807 0.635626
-41.2897 26.2143 40.3486 -0.547431 0.548342 0.632167
-42.5759 25.7504 39.6267 -0.55106 0.548848 0.628568
-43.9091 25.3211 38.8307 -0.555015 0.547548 0.626211
-45.2962 24.6458 38.175 -0.564639 0.54743 0.61766
-46.6868 23.9011 37.5468 -0.574673 0.541132 0.613942
-47.9603 23.2844 36.888 -0.580982 0.542234 0.606995
-49.2473 22.6973 36.1751 -0.584116 0.543759 0.602606
-50.5156 22.0783 35.496 -0.591708 0.54079 0.597853
-51.7173 21.3956 34.9055 -0.602819 0.536528 0.590548
-52.9671 20.6212 34.3215 -0.607978 0.534487 0.5871
-53.8047 19.4084 34.5562 -0.611193 0.535829 0.582521
-54.517 18.1127 35 -0.61734 0.533488 0.578171
-55.268 16.818 35.3899 -0.622811 0.53137 0.574241
-56.0459 15.4237 35.8331 -0.627413 0.53025 0.57025
-56.7297 14.136 36.2734 -0.629583 0.528684 0.569313
-57.4645 12.7835 36.7112 -0.633867 0.525919 0.567117
-58.2391 11.3815 37.1487 -0.638142 0.524318 0.563796
-59.0623 10.1033 37.3947 -0.645173 0.519585 0.560164
-60.042 8.8448 37.4359 -0.645968 0.520918 0.558005
-61.0903 7.69927 37.2858 -0.651398 0.520335 0.552206
-62.1763 6.63275 36.9972 -0.658933 0.518024 0.545397
-63.3424 5.72952 36.4343 -0.665247 0.514887 0.540682
-63.326 5.16791 36.9899 -0.663494 0.515847 0.541921
-62.5699 4.80728 38.2528 -0.658592 0.518134 0.545705
-61.7569 4.45837 39.5509 -0.650535 0.520725 0.552856
-60.8421 4.16689 40.8914 -0.64418 0.522436 0.558652
-59.9377 3.87668 42.1953 -0.636997 0.525116 0.564347
-59.0298 3.57276 43.4803 -0.622718 0.53049 0.575155
-58.8951 3.53538 43.6607 -0.622404 0.530464 0.575519
-51.8197 11.6342 43.6517 -0.583101 0.532437 0.6136
-50.5513 12.2366 44.3264 -0.578185 0.534264 0.616656
-49.2382 12.853 45.0199 -0.575891 0.534735 0.618392
-47.9486 13.4464 45.689 -0.567713 0.541194 0.620331
-46.7088 14.0117 46.3308 -0.568008 0.541397 0.619884
-45.3693 14.6193 47.0231 -0.562872 0.54625 0.620312
-44.0736 15.1884 47.6751 -0.552186 0.551387 0.625351
-42.7821 15.7474 48.3165 -0.547359 0.556585 0.624989
-41.4907 16.2884 48.9435 -0.535047 0.559396 0.633088
-40.1017 16.8602 49.607 -0.533208 0.559072 0.634923
-38.7024 17.4289 50.2702 -0.524522 0.558822 0.642335
-37.3299 17.9735 50.9057 -0.519233 0.561209 0.644548
-35.9772 18.5058 51.5295 -0.51537 0.561625 0.64728
-35.7804 18.5822 51.6195 -0.514347 0.561553 0.648155
-32.7288 14.8316 57.252 -0.506311 0.560061 0.655729
-34.0293 14.3325 56.6736 -0.507167 0.560136 0.655003
-35.4588 13.7715 56.0302 -0.515948 0.560683 0.647636
-36.8357 13.2243 55.4055 -0.516897 0.559739 0.647696
-38.1314 12.7058 54.8147 -0.523536 0.553165 0.648011
-39.4854 12.1452 54.1815 -0.530639 0.552213 0.643026
-40.9512 11.5329 53.4955 -0.531435 0.551511 0.642972
-42.2597 10.9785 52.8796 -0.539718 0.548406 0.638714
-43.5546 10.4191 52.2613 -0.542243 0.547221 0.637591
-44.1617 10.1553 51.9701 -0.546514 0.547082 0.634053
-44.2635 10.1107 51.9209 -0.54651 0.547082 0.634056
