-52.3966 9.24694 -41.5742 -0.56516 0.456225 -0.687352
-51.6967 10.6991 -41.1877 -0.562203 0.455061 -0.690541
-51.0421 12.0963 -40.7906 -0.554578 0.460846 -0.692866
-50.4243 13.4215 -40.4033 -0.554478 0.460508 -0.693171
-49.7506 14.8632 -39.9847 -0.553602 0.460297 -0.694011
-49.0623 16.1759 -39.6541 -0.548334 0.466998 -0.693716
-48.2787 17.4451 -39.4149 -0.543919 0.471416 -0.694204
-47.0793 18.2705 -39.7778 -0.532215 0.480124 -0.697301
-45.8558 19.0541 -40.174 -0.53355 0.476958 -0.698452
-44.5959 19.8258 -40.5928 -0.521216 0.481889 -0.704356
-43.3322 20.6296 -40.9716 -0.515243 0.485926 -0.705974
-42.0004 21.4851 -41.3483 -0.511833 0.489795 -0.705782
-40.6876 22.3482 -41.6885 -0.502555 0.500407 -0.705005
-39.4203 23.075 -42.0705 -0.498952 0.502734 -0.705908
-38.1036 23.8141 -42.4738 -0.497311 0.504565 -0.70576
-36.7444 24.5409 -42.9087 -0.496405 0.507223 -0.70449
-35.331 25.284 -43.3545 -0.48893 0.5137 -0.705024
-33.8827 25.94 -43.8834 -0.490254 0.513963 -0.703913
-32.5449 26.3629 -44.5042 -0.48476 0.515993 -0.706229
-31.1922 26.7771 -45.1196 -0.476865 0.522311 -0.706959
-29.8258 26.9993 -45.8721 -0.474608 0.523656 -0.707483
-28.6322 26.8315 -46.7955 -0.473756 0.523047 -0.708503
-27.5811 26.3364 -47.8628 -0.473246 0.523298 -0.708659
-26.6099 25.752 -48.9453 -0.46946 0.526597 -0.708733
-25.8578 24.9957 -50.001 -0.463364 0.527596 -0.711994
-25.0957 24.2322 -51.0673 -0.465038 0.529909 -0.70918
-24.2257 23.4107 -52.2504 -0.46777 0.525105 -0.710953
-23.4496 22.5118 -53.417 -0.468692 0.520895 -0.713439
-22.7482 21.5534 -54.577 -0.468631 0.520806 -0.713545
-22.1635 20.6043 -55.6516 -0.467089 0.517807 -0.716724
-21.5095 19.5874 -56.7945 -0.464609 0.508199 -0.725171
-20.8049 18.5203 -57.9929 -0.465106 0.507678 -0.725217
-20.2 17.5792 -59.0399 -0.465374 0.506989 -0.725527
-19.4732 16.5488 -60.2181 -0.466018 0.50168 -0.728797
-18.7922 15.6018 -61.3055 -0.466137 0.501388 -0.728921
-18.1106 14.6719 -62.3777 -0.466786 0.495503 -0.732521
-17.5053 13.6667 -63.44 -0.463539 0.493931 -0.735638
-16.9363 12.6685 -64.4642 -0.461089 0.491807 -0.738595
-16.2631 11.6413 -65.5655 -0.46119 0.489825 -0.739848
-15.6016 10.6825 -66.608 -0.45969 0.486987 -0.74265
-15.3043 9.64162 -67.4705 -0.455676 0.482353 -0.748127
-16.7075 9.0798 -66.9717 -0.459817 0.481088 -0.746406
-18.035 9.06596 -66.1609 -0.460339 0.486611 -0.742493
-19.3348 9.05894 -65.3578 -0.461271 0.486568 -0.741944
-20.6104 9.06966 -64.5553 -0.464698 0.4885 -0.738526
-21.8968 9.03254 -63.7644 -0.467901 0.489761 -0.735664
-23.2234 8.98889 -62.9427 -0.474333 0.488464 -0.732401
-24.6296 9.02813 -62.0049 -0.475401 0.487949 -0.732051
-26.0778 9.02437 -61.0652 -0.476258 0.487644 -0.731698
-27.3855 9.05939 -60.1907 -0.477116 0.485373 -0.732644
-28.649 9.0408 -59.3653 -0.488067 0.483951 -0.726349
-29.9462 9.04186 -58.4883 -0.492489 0.482676 -0.724207
-31.2918 9.0657 -57.5512 -0.496486 0.483933 -0.720632
-32.5656 9.0259 -56.6969 -0.498195 0.485544 -0.718366
-33.8365 9.02304 -55.8158 -0.502697 0.485588 -0.715193
-35.1138 9.03127 -54.9078 -0.506356 0.483384 -0.714103
-36.3726 9.04098 -54.0022 -0.511608 0.485104 -0.709176
-37.6841 9.03003 -53.0575 -0.514895 0.482931 -0.70828
-38.9426 9.01599 -52.1509 -0.519317 0.479292 -0.707523
-40.1533 9.03915 -51.2449 -0.522337 0.476127 -0.707435
-41.3558 9.06926 -50.3366 -0.524251 0.473564 -0.707741
-42.6209 9.06347 -49.3965 -0.530161 0.470216 -0.705568
-43.8852 9.10172 -48.4067 -0.536753 0.471906 -0.699429
-45.0912 9.08781 -47.4876 -0.539205 0.470758 -0.698316
-46.3712 9.12937 -46.4708 -0.539879 0.468736 -0.699155
-47.5964 9.1684 -45.4873 -0.546693 0.465319 -0.696135
-48.8246 9.1664 -44.5203 -0.551342 0.463262 -0.693837
-50.0661 9.18393 -43.5154 -0.554828 0.46217 -0.691784
-51.2315 9.18769 -42.5721 -0.563409 0.457499 -0.687942
-52.253 9.20396 -41.7208 -0.565168 0.456228 -0.687344
-54.1899 3.10863 -44.1733 -0.572376 0.460189 -0.678684
-52.9173 3.08759 -45.2541 -0.568239 0.462677 -0.680466
-51.6976 3.09817 -46.2533 -0.562727 0.460861 -0.686255
-50.4497 3.11244 -47.2626 -0.559101 0.463844 -0.687208
-49.2238 3.08998 -48.2629 -0.553352 0.464745 -0.691241
-48.0222 3.08704 -49.2246 -0.550693 0.466081 -0.692463
-46.773 3.1035 -50.205 -0.545009 0.469521 -0.694633
-45.5229 3.09838 -51.1797 -0.538666 0.473098 -0.69715
-44.2057 3.08899 -52.2026 -0.537321 0.47301 -0.698247
-42.938 3.06297 -53.1885 -0.530974 0.474938 -0.701784
-41.7263 3.05979 -54.102 -0.529058 0.473048 -0.704502
-40.4295 3.05839 -55.0699 -0.523529 0.474763 -0.707472
-39.1696 3.07593 -55.9838 -0.517621 0.477715 -0.709829
-37.8308 3.10724 -56.9348 -0.513678 0.47763 -0.712743
-36.4588 3.07312 -57.9379 -0.5089 0.478618 -0.715503
-35.141 3.07215 -58.8722 -0.506273 0.479109 -0.717037
-33.9131 3.07105 -59.7359 -0.502294 0.479899 -0.719303
-32.6235 3.09494 -60.6127 -0.496881 0.4807 -0.722521
-31.3614 3.05455 -61.5023 -0.493287 0.481494 -0.724452
-30.0766 3.08373 -62.3534 -0.487363 0.484486 -0.726465
-28.6703 3.09439 -63.2835 -0.483192 0.484809 -0.729031
-27.4175 3.07024 -64.1248 -0.4796 0.485019 -0.73126
-26.1545 3.05192 -64.9601 -0.475505 0.484099 -0.734536
-24.8511 3.03432 -65.8093 -0.470976 0.484134 -0.737425
-23.5514 3.06314 -66.6152 -0.467797 0.482556 -0.740476
-22.2298 3.09493 -67.4235 -0.463857 0.482058 -0.743274
-20.8788 3.09264 -68.2636 -0.460671 0.481274 -0.74576
-19.5646 3.0978 -69.0691 -0.458424 0.479877 -0.748041
-18.1745 3.09008 -69.9189 -0.454877 0.478691 -0.750961
-16.8423 3.0565 -70.7454 -0.452571 0.478409 -0.752532
-15.3858 3.42889 -71.3811 -0.450638 0.478916 -0.753369
-14.0059 4.28977 -71.6591 -0.449627 0.477715 -0.754734
-12.7447 5.13507 -71.8745 -0.448227 0.47652 -0.756321
-11.4655 6.07077 -72.0437 -0.447022 0.474919 -0.758039
-10.1829 6.98281 -72.2256 -0.44447 0.474986 -0.759496
-8.98148 7.91401 -72.3453 -0.443959 0.474337 -0.760201
-7.6976 8.87248 -72.4964 -0.442414 0.473053 -0.7619
-6.55368 9.8559 -72.5562 -0.446531 0.468207 -0.762491
-7.21642 10.8024 -71.5778 -0.449606 0.471947 -0.758367
-8.04591 11.7956 -70.4646 -0.450761 0.475353 -0.755549
-8.7798 12.7853 -69.3991 -0.452982 0.479161 -0.751806
-9.47224 13.7675 -68.3516 -0.4542 0.482868 -0.748693
-10.1772 14.7111 -67.3082 -0.457475 0.485109 -0.745242
-10.827 15.7844 -66.2028 -0.458303 0.491509 -0.740523
-11.5166 16.7401 -65.136 -0.459877 0.493865 -0.737977
-12.132 17.755 -64.0696 -0.458907 0.498276 -0.735613
-12.7919 18.7901 -62.9535 -0.460166 0.500509 -0.733304
-13.3844 19.7218 -61.9334 -0.462554 0.507292 -0.727116
-14.0282 20.6431 -60.873 -0.463457 0.512541 -0.722848
-14.7011 21.5183 -59.8191 -0.468298 0.513234 -0.719226
-15.3288 22.4052 -58.77 -0.465028 0.519473 -0.716865
-16.0024 23.4256 -57.5926 -0.463482 0.521182 -0.716626
-16.6366 24.4829 -56.413 -0.463033 0.522908 -0.715659
-17.2198 25.435 -55.331 -0.463039 0.528009 -0.7119
-17.8947 26.4007 -54.1732 -0.463125 0.530226 -0.710194
-18.5812 27.2555 -53.0801 -0.466058 0.532687 -0.706423
-19.3199 28.0443 -51.998 -0.465715 0.532972 -0.706435
-20.0999 28.8589 -50.8664 -0.462094 0.537788 -0.70516
-20.8579 29.662 -49.7599 -0.455434 0.541556 -0.706608
-21.6533 30.479 -48.6224 -0.453512 0.542374 -0.707218
-22.5653 31.2072 -47.4808 -0.452559 0.542034 -0.708089
-23.6092 31.68 -46.4516 -0.453061 0.542072 -0.707739
-24.6206 32.1589 -45.4291 -0.459491 0.542802 -0.703018
-25.7362 32.6358 -44.327 -0.462716 0.541977 -0.701537
-26.9426 32.765 -43.4315 -0.462845 0.541883 -0.701525
-28.29 32.7493 -42.5543 -0.463951 0.540755 -0.701665
-29.5578 32.7226 -41.7348 -0.466052 0.537935 -0.70244
-30.922 32.3603 -41.1064 -0.467269 0.537277 -0.702135
-32.3965 31.8787 -40.4755 -0.476883 0.529516 -0.701566
-33.7306 31.4791 -39.8718 -0.47494 0.527716 -0.704235
-35.0606 31.0174 -39.3188 -0.479069 0.522894 -0.705035
-36.3542 30.3593 -38.9125 -0.488917 0.518295 -0.701663
-37.6652 29.6627 -38.5135 -0.489387 0.518849 -0.700925
-38.9447 28.9705 -38.1232 -0.49575 0.51414 -0.699923
-40.3136 28.2616 -37.6757 -0.494738 0.512863 -0.701573
-41.6032 27.5633 -37.2694 -0.502278 0.506792 -0.700627
-42.8355 26.7583 -36.962 -0.508848 0.501504 -0.69969
-44.1775 25.8885 -36.6024 -0.513769 0.499956 -0.697198
-45.4774 25.054 -36.2409 -0.516714 0.498322 -0.69619
-46.8225 24.2346 -35.8196 -0.524305 0.495036 -0.692849
-48.0949 23.4276 -35.4217 -0.530254 0.486063 -0.694674
-49.3565 22.638 -35.0055 -0.534612 0.479557 -0.695855
-50.7159 21.7136 -34.5911 -0.540965 0.474293 -0.694552
-52.0059 20.7752 -34.2135 -0.54974 0.467556 -0.692226
-52.8696 19.483 -34.397 -0.552 0.46573 -0.691659
-53.5548 18.1141 -34.7698 -0.554342 0.463998 -0.690949
-54.187 16.7917 -35.1414 -0.561355 0.457255 -0.689778
-54.8706 15.4292 -35.4806 -0.565259 0.452869 -0.689487
-55.4895 14.0458 -35.8788 -0.569326 0.451279 -0.687179
-56.1353 12.6309 -36.2608 -0.576047 0.443763 -0.686472
-56.7884 11.2054 -36.6283 -0.580157 0.44115 -0.684693
-57.5822 9.81119 -36.8512 -0.58504 0.441191 -0.680499
-58.464 8.57348 -36.8911 -0.588315 0.44042 -0.678171
-59.5045 7.40352 -36.7394 -0.594779 0.439285 -0.673251
-60.5614 6.3754 -36.473 -0.597649 0.439219 -0.670747
-61.8382 5.39338 -35.9717 -0.601849 0.438568 -0.667409
-63.0674 4.72003 -35.3021 -0.604366 0.438172 -0.665393
-64.3315 4.20485 -34.4891 -0.60699 0.438946 -0.662487
-63.9708 3.36095 -35.3771 -0.605282 0.439329 -0.663795
-62.8506 3.15202 -36.5338 -0.603382 0.439769 -0.665232
-61.67 3.16694 -37.5934 -0.601928 0.442564 -0.664695
-60.5029 3.1684 -38.6468 -0.598963 0.445253 -0.665578
-59.3653 3.12561 -39.6943 -0.594112 0.448567 -0.667696
-58.1537 3.11239 -40.7648 -0.587554 0.44845 -0.673552
-56.9603 3.10702 -41.8065 -0.584073 0.45158 -0.674487
-55.7122 3.11517 -42.8707 -0.57869 0.454778 -0.676974
-54.516 3.10792 -43.898 -0.57424 0.459801 -0.677371
-54.3288 3.1081 -44.0565 -0.572374 0.460186 -0.678687
-47.9851 12.2541 -43.1171 -0.546179 0.465799 -0.696219
-46.5729 12.7708 -43.8726 -0.540225 0.468095 -0.699316
-45.2602 13.2434 -44.563 -0.536008 0.47229 -0.699741
-43.8102 13.7647 -45.321 -0.535491 0.473161 -0.699549
-42.4328 14.2548 -46.0302 -0.525699 0.4794 -0.702721
-41.0897 14.7235 -46.7057 -0.518047 0.481602 -0.706886
-39.7939 15.1688 -47.347 -0.514994 0.483775 -0.707632
-38.4212 15.6403 -48.0247 -0.514878 0.484562 -0.707177
-37.1008 16.0892 -48.6682 -0.505929 0.492195 -0.708364
-35.7975 16.5224 -49.2875 -0.498034 0.494206 -0.712546
-34.4024 16.9813 -49.9433 -0.497304 0.494642 -0.712754
-33.0715 17.4174 -50.5661 -0.494848 0.50017 -0.710602
-31.7348 17.8533 -51.189 -0.494203 0.500307 -0.710955
-30.4048 18.2862 -51.8066 -0.491432 0.501012 -0.712377
-29.0509 18.7199 -52.4256 -0.483964 0.509638 -0.711371
-27.7137 19.1417 -53.0273 -0.479731 0.512718 -0.712024
-26.3027 19.5817 -53.6575 -0.477573 0.512809 -0.713408
-25.6813 19.776 -53.9333 -0.476262 0.512886 -0.714229
-22.9958 15.5832 -58.6206 -0.468931 0.499342 -0.728534
-24.3771 15.163 -58.0184 -0.47197 0.497432 -0.727878
-25.7585 14.7318 -57.4044 -0.479148 0.495761 -0.72432
-27.0909 14.3114 -56.8107 -0.479155 0.495875 -0.724236
-28.4116 13.8925 -56.219 -0.485375 0.493548 -0.72168
-29.7931 13.4468 -55.5894 -0.491941 0.492801 -0.717733
-31.1944 12.984 -54.9386 -0.49652 0.491715 -0.715321
-32.5366 12.539 -54.3129 -0.496433 0.491287 -0.715676
-33.8458 12.1023 -53.7026 -0.49841 0.491334 -0.714267
-33.8933 12.0863 -53.6804 -0.498405 0.491341 -0.714267
-29.4985 23.5492 -48.6326 -0.482513 0.519049 -0.705528
-30.876 23.1122 -48.0035 -0.487076 0.519077 -0.702365
-32.2462 22.6778 -47.3733 -0.486601 0.516497 -0.704592
-33.6359 22.2379 -46.736 -0.487133 0.513045 -0.706743
-35.0452 21.7875 -46.0752 -0.497068 0.506406 -0.704611
-36.4016 21.3469 -45.4324 -0.499172 0.505097 -0.704062
-37.8435 20.8788 -44.7442 -0.501792 0.499608 -0.706114
-38.6721 20.6084 -44.3462 -0.502061 0.496114 -0.708382
-38.8008 20.5663 -44.2845 -0.502139 0.496095 -0.708341
