55.9922 25.7779 4.71537 0.84613 0.529672 0.0592545
56.1506 25.3385 6.35772 0.84688 0.528319 0.0606003
56.3691 24.8162 7.85895 0.847234 0.527865 0.0596091
56.6443 24.2022 9.23847 0.84952 0.522938 0.0696525
56.9947 23.4312 10.7156 0.849297 0.523029 0.071669
57.3142 22.7093 12.1664 0.850051 0.521444 0.0742307
57.6352 21.9966 13.4584 0.851219 0.519227 0.0763531
57.9828 21.2193 14.842 0.852223 0.517174 0.0790452
58.3967 20.3405 16.1109 0.853054 0.515511 0.0809118
58.8028 19.4701 17.3344 0.853954 0.513376 0.0848856
59.1842 18.6285 18.5503 0.854437 0.51199 0.0883383
59.538 17.8073 19.8257 0.855477 0.509177 0.0943285
59.9333 16.8747 21.2259 0.85638 0.506683 0.0994279
60.2463 16.0951 22.4767 0.855952 0.506888 0.102034
60.6133 15.2227 23.7283 0.856239 0.506344 0.102329
61.28 13.9378 24.4758 0.858503 0.501561 0.106756
61.9947 12.5984 24.9155 0.862074 0.492663 0.11879
62.6706 11.3241 25.3294 0.859227 0.497022 0.121195
63.3596 9.99211 25.8038 0.864207 0.487244 0.125459
64.0358 8.71327 26.1109 0.864792 0.486735 0.123383
64.2428 8.70543 24.6085 0.868119 0.484097 0.109636
64.4327 8.70154 23.0788 0.868509 0.484246 0.105813
64.6203 8.69536 21.5228 0.868132 0.486062 0.10045
64.8195 8.64983 19.9686 0.869583 0.485076 0.092344
64.9515 8.69226 18.469 0.868594 0.487339 0.0896938
65.1254 8.66884 16.9151 0.86739 0.489524 0.0894456
65.2915 8.65873 15.3241 0.867534 0.49042 0.0829024
65.4521 8.61947 13.8127 0.868029 0.490462 0.0772843
65.5706 8.64463 12.3108 0.867459 0.492122 0.073003
65.6852 8.65518 10.8103 0.868307 0.491228 0.0688314
65.8064 8.65172 9.2887 0.868997 0.490229 0.067233
65.9014 8.68089 7.77927 0.868601 0.4915 0.0629242
66.0057 8.68765 6.27163 0.869717 0.489653 0.0618991
66.1067 8.70024 4.66202 0.870285 0.489288 0.0565797
66.2019 8.70888 3.12295 0.869445 0.490818 0.0562401
66.3072 8.69558 1.47852 0.871547 0.487923 0.0483309
66.3826 8.71678 -0.1318 0.873224 0.485097 0.0464762
66.469 8.6987 -1.66623 0.874771 0.482664 0.0425506
66.5508 8.68346 -3.22102 0.876403 0.479976 0.0392473
66.6227 8.67991 -4.81204 0.876443 0.480033 0.0376412
66.6954 8.66152 -6.35475 0.877152 0.478996 0.0341546
66.7407 8.68202 -7.86808 0.877204 0.47905 0.0320225
66.7801 8.71132 -9.39776 0.876973 0.479513 0.0313741
66.8221 8.72488 -11.1286 0.876288 0.481263 0.0224596
66.8526 8.73853 -12.7386 0.880113 0.474373 0.0192577
66.8837 8.74505 -14.3056 0.882579 0.469768 0.0192785
66.9106 8.76256 -15.9619 0.883551 0.467953 0.0189382
66.9395 8.75983 -17.5582 0.885251 0.464911 0.0137484
66.9341 8.82277 -19.0724 0.886392 0.462602 0.017532
66.5016 9.68125 -19.8562 0.8868 0.461777 0.0186372
65.9366 10.7162 -18.6504 0.886908 0.461514 0.0199586
65.3909 11.6886 -17.522 0.881122 0.471918 0.0302834
64.8058 12.7133 -16.4489 0.880931 0.472385 0.0285329
64.2769 13.6277 -15.3421 0.877845 0.477925 0.0312475
63.7048 14.591 -14.1306 0.874571 0.483671 0.0344801
63.1798 15.4482 -12.9787 0.871697 0.488838 0.0343765
62.6198 16.3611 -11.7498 0.871166 0.489734 0.0350648
62.0476 17.2728 -10.5866 0.86331 0.502893 0.042339
61.4089 18.2643 -9.47737 0.859667 0.509185 0.0412653
60.7714 19.245 -8.31793 0.85823 0.511514 0.0423714
60.1088 20.2526 -7.16537 0.856816 0.513548 0.0462087
59.5021 21.1565 -6.01216 0.853463 0.518979 0.0475549
58.9243 21.9848 -4.74064 0.851288 0.522701 0.0457304
58.3291 22.8527 -3.44043 0.852999 0.520072 0.0437686
57.811 23.587 -2.20992 0.849792 0.524847 0.0488878
57.3118 24.2734 -0.910069 0.847761 0.528101 0.0490965
56.8609 24.8737 0.444817 0.848413 0.526958 0.050106
56.3911 25.4701 1.89076 0.843617 0.53377 0.058289
56.078 25.7887 3.41633 0.84543 0.530472 0.0620308
55.9943 25.7937 4.54439 0.846113 0.529688 0.0593538
52.5115 31.2742 4.1374 0.835625 0.546098 0.0592292
52.6535 31.2278 2.55492 0.834855 0.547309 0.0589057
52.7912 31.1926 0.961107 0.835846 0.545486 0.0616864
53.2178 30.6877 -0.463373 0.840277 0.539316 0.0554335
53.6747 30.1145 -1.85779 0.842407 0.536246 0.0528199
54.1186 29.5628 -3.35504 0.842877 0.535755 0.0502315
54.5648 28.9843 -4.76977 0.843819 0.534526 0.0474516
55.1176 28.2248 -6.03677 0.843512 0.534982 0.047766
55.6683 27.4718 -7.23161 0.843703 0.533848 0.0563097
56.2355 26.7018 -8.4492 0.846172 0.529932 0.0562354
56.8132 25.9003 -9.67932 0.851672 0.521032 0.0564035
57.364 25.1255 -10.8471 0.851811 0.520849 0.0559816
57.9865 24.2144 -11.9711 0.855416 0.515717 0.0479569
58.6316 23.2432 -13.0586 0.855696 0.515337 0.0470408
59.253 22.312 -14.1483 0.856309 0.514107 0.0492882
59.9285 21.2997 -15.3681 0.857845 0.511661 0.0480147
60.5435 20.3652 -16.5638 0.860586 0.507384 0.044196
61.107 19.5067 -17.7192 0.862681 0.503798 0.0443878
61.6756 18.6274 -18.914 0.870385 0.490431 0.0436524
62.2438 17.6982 -20.0343 0.876118 0.480858 0.0345469
62.7956 16.7603 -21.1306 0.878916 0.475791 0.0336041
63.4051 15.7138 -22.3108 0.880566 0.472742 0.03344
63.9837 14.7034 -23.4315 0.885731 0.463029 0.0329256
64.5447 13.7058 -24.6169 0.888078 0.458464 0.0335624
65.0672 12.7575 -25.8109 0.893861 0.447708 0.0238605
65.5844 11.7868 -27.0982 0.894495 0.446618 0.0202922
66.0649 10.869 -28.1922 0.896247 0.443164 0.0186112
66.5408 9.95139 -29.4021 0.897498 0.440647 0.0180861
67.0639 8.86713 -28.9403 0.89804 0.439666 0.0147445
67.5437 7.85694 -27.9272 0.897368 0.441169 0.00999912
68.0123 6.885 -26.77 0.896886 0.442217 0.00627722
68.482 5.91906 -25.6285 0.895631 0.444752 0.00639267
68.9378 4.99389 -24.4918 0.894529 0.446997 0.00326803
69.3621 4.14388 -23.2915 0.893239 0.449582 0.000624987
69.8001 3.27597 -21.9658 0.892013 0.45201 0.000238056
69.9422 2.99033 -20.531 0.891328 0.453355 0.00208046
69.941 2.98534 -18.9608 0.889358 0.457201 0.00322806
69.9328 2.99022 -17.4085 0.888579 0.458709 0.00348369
69.9418 2.96162 -15.7581 0.886794 0.462152 0.00339005
69.9294 2.9742 -14.1288 0.884494 0.466546 0.00237743
69.9189 2.97117 -12.4642 0.88281 0.469638 0.00931
69.8891 2.98519 -10.8933 0.881936 0.471112 0.0155127
69.8725 2.95795 -9.29731 0.882774 0.469447 0.0181608
69.8531 2.91606 -7.70453 0.879301 0.475558 0.0259883
69.7978 2.9353 -6.17725 0.87872 0.476554 0.0273306
69.7417 2.93927 -4.52935 0.878405 0.476981 0.0298983
69.6835 2.94256 -3.0298 0.877551 0.478179 0.0353401
69.5957 2.97528 -1.33859 0.876601 0.479612 0.0392609
69.5358 2.95704 0.168371 0.876078 0.480429 0.0409243
69.455 2.95455 1.82864 0.874292 0.483341 0.0446729
69.3676 2.96857 3.33934 0.873775 0.483907 0.0484816
69.2774 2.97144 4.88618 0.872556 0.485977 0.0497107
69.1837 2.98127 6.38663 0.870101 0.489704 0.0557951
69.0933 2.95002 7.95365 0.869921 0.489273 0.062045
68.9852 2.94435 9.49351 0.870389 0.488206 0.0638635
68.8688 2.94068 11.0389 0.870114 0.488057 0.0685604
68.761 2.90814 12.5837 0.869821 0.487487 0.0759478
68.6107 2.90109 14.283 0.870995 0.484539 0.0811757
68.4601 2.90899 15.8508 0.870156 0.485824 0.0824859
68.3034 2.90621 17.4309 0.869791 0.485225 0.0895531
68.1117 2.95754 18.9921 0.86997 0.484425 0.0921105
67.9386 2.95755 20.5859 0.869078 0.484977 0.0974681
67.7399 2.98204 22.2046 0.868555 0.485335 0.100311
67.5414 2.99563 23.7775 0.867179 0.486045 0.10845
67.3659 2.96709 25.29 0.866321 0.486847 0.111659
67.1721 2.95496 26.809 0.866397 0.485454 0.117004
66.9686 2.93762 28.3557 0.864643 0.486829 0.124058
66.7155 2.9963 29.8508 0.863775 0.487383 0.127869
66.1706 3.60771 31.1587 0.862781 0.487547 0.133817
65.5383 4.37034 32.4293 0.86135 0.487028 0.14448
64.8596 5.1602 33.757 0.860633 0.483339 0.160287
64.1688 5.95177 35.0477 0.859483 0.483387 0.166212
63.6084 7.03743 34.7902 0.859574 0.482621 0.167957
63.1792 8.13769 33.7777 0.856568 0.490817 0.159341
62.6663 9.30933 32.8989 0.856743 0.493513 0.149788
62.0606 10.5585 32.2479 0.857477 0.493764 0.144672
61.4028 11.8275 31.7846 0.856416 0.496006 0.143281
60.7074 13.147 31.3553 0.856483 0.496392 0.14153
60.0313 14.4257 30.948 0.855109 0.499086 0.140357
59.3449 15.7136 30.5417 0.85384 0.50126 0.140342
58.5924 17.1061 30.1235 0.85185 0.505464 0.137322
58.0158 18.2744 29.3232 0.849139 0.512418 0.128017
57.667 19.1532 28.1125 0.851507 0.509693 0.123081
57.3154 20.0267 26.8876 0.851547 0.51133 0.115793
56.9882 20.8465 25.655 0.85128 0.512405 0.112975
56.6467 21.6997 24.3004 0.849716 0.515881 0.108854
56.2864 22.5603 23.0195 0.849224 0.517199 0.10641
55.9313 23.3935 21.7834 0.848227 0.51986 0.101278
55.555 24.2343 20.5632 0.845217 0.525766 0.095804
55.1493 25.1067 19.3165 0.844452 0.527588 0.092477
54.7382 25.9798 18.0829 0.844053 0.528206 0.092592
54.446 26.6698 16.7309 0.840559 0.535325 0.0829903
54.1144 27.3939 15.382 0.839399 0.537516 0.0805297
53.813 28.0675 14.0239 0.839463 0.537487 0.0800658
53.5014 28.7478 12.7178 0.840012 0.536962 0.0777981
53.1646 29.455 11.403 0.83677 0.542952 0.0708478
52.921 30.0041 9.99601 0.835268 0.54589 0.0658078
52.7287 30.4808 8.39849 0.835927 0.545511 0.0603558
52.5098 30.9885 6.81778 0.836202 0.545263 0.0587729
52.4117 31.297 5.33815 0.835917 0.545742 0.0583846
52.4955 31.2786 4.32238 0.835629 0.546094 0.0592061
58.0482 22.2208 6.68919 0.852649 0.519122 0.0591789
58.8865 20.8625 6.51459 0.853503 0.517798 0.0584674
59.6673 19.5901 6.35272 0.85466 0.515931 0.0580561
60.4769 18.2679 6.18174 0.854712 0.515854 0.0579773
61.3136 16.8971 6.00712 0.855944 0.513637 0.0594736
62.0816 15.6096 5.8431 0.862572 0.501961 0.0632916
62.8533 14.2916 5.67736 0.864918 0.498077 0.0619398
63.6585 12.9079 5.5054 0.867073 0.494651 0.0592119
64.4223 11.5865 5.34621 0.867508 0.493415 0.0630294
64.0331 11.5153 11.0263 0.86458 0.497965 0.0673295
63.2547 12.839 11.2069 0.863904 0.499081 0.067734
62.4508 14.2028 11.3931 0.863189 0.500254 0.0681992
61.6394 15.5702 11.5807 0.860596 0.504081 0.0726346
60.8086 16.9479 11.7703 0.85811 0.507751 0.0764001
59.9954 18.2956 11.9544 0.858075 0.507899 0.0758081
59.3299 19.3975 12.1023 0.85749 0.509001 0.0750308
60.8927 15.9538 17.4027 0.857167 0.508876 0.079434
61.6673 14.6756 17.2082 0.859109 0.505575 0.0795372
62.4605 13.3462 17.0049 0.862684 0.498987 0.0823944
63.2598 11.9922 16.797 0.86443 0.495759 0.0835728
63.4991 11.585 16.7351 0.865094 0.494781 0.082486
64.7602 11.6282 -0.363648 0.868052 0.494096 0.0485302
63.9625 13.0114 -0.210543 0.867169 0.495413 0.0508351
63.1993 14.3242 -0.0618318 0.864138 0.500607 0.0515498
62.4409 15.6106 0.0889357 0.862619 0.503283 0.0509448
61.6597 16.9325 0.248759 0.862131 0.504235 0.049769
60.846 18.3083 0.417275 0.862287 0.503661 0.0527869
60.0183 19.6818 0.589834 0.855797 0.513796 0.0602038
59.1762 21.058 0.765682 0.852695 0.518888 0.0605586
58.7601 21.7313 0.853361 0.852456 0.519317 0.060245
61.5611 17.6601 -5.46998 0.860148 0.507487 0.0510182
62.3811 16.2778 -5.63643 0.862035 0.504365 0.0501258
63.1802 14.9163 -5.79549 0.865521 0.498959 0.0437506
63.9343 13.6053 -5.93607 0.868268 0.494122 0.0442083
64.7581 12.1623 -6.08808 0.871615 0.488981 0.034434
65.1034 11.5452 -6.15225 0.874432 0.484053 0.0325791
64.8511 12.3559 -11.9606 0.876349 0.48089 0.0275182
65.2301 11.6684 -12.0254 0.876553 0.480561 0.0267413
65.2624 11.6098 -12.0307 0.876653 0.480382 0.0267094
