-54.1927 8.74009 -41.562 -0.571245 0.451095 -0.685706
-53.1035 8.49304 -42.6286 -0.567879 0.453583 -0.686859
-51.842 8.48697 -43.6732 -0.56503 0.45538 -0.688019
-50.5608 8.47131 -44.7223 -0.557028 0.459401 -0.69186
-49.3719 8.4761 -45.6737 -0.551037 0.46256 -0.694547
-48.013 8.4538 -46.7642 -0.548189 0.466334 -0.694278
-46.7984 8.46696 -47.7042 -0.540626 0.469094 -0.698337
-45.5826 8.46061 -48.6512 -0.538903 0.471216 -0.698239
-44.2852 8.40793 -49.6803 -0.53454 0.469086 -0.703011
-43.0589 8.40825 -50.6088 -0.531654 0.469419 -0.704975
-41.7529 8.37733 -51.6031 -0.52457 0.473701 -0.707414
-40.5043 8.35891 -52.541 -0.524322 0.474303 -0.707194
-39.2212 8.3804 -53.4753 -0.519929 0.479309 -0.707062
-37.9768 8.37976 -54.3876 -0.517401 0.480343 -0.708213
-36.6475 8.35712 -55.3641 -0.509215 0.480572 -0.713968
-35.3997 8.38099 -56.2365 -0.508018 0.480329 -0.714984
-34.1386 8.35893 -57.1363 -0.499716 0.480287 -0.720839
-32.9001 8.35805 -57.9888 -0.492989 0.482783 -0.723797
-31.5976 8.35274 -58.8798 -0.493462 0.48104 -0.724636
-30.3179 8.34238 -59.7577 -0.493172 0.481066 -0.724815
-29.0584 8.3332 -60.619 -0.490113 0.482702 -0.725801
-27.6914 8.34097 -61.5215 -0.480053 0.485989 -0.730318
-26.246 8.37429 -62.4467 -0.476073 0.48894 -0.730953
-24.9718 8.36586 -63.2786 -0.473768 0.488774 -0.73256
-23.6752 8.35427 -64.124 -0.472409 0.487833 -0.734064
-22.4041 8.30978 -64.9668 -0.468128 0.488924 -0.736077
-21.0357 8.35098 -65.8054 -0.463583 0.487651 -0.739788
-19.7614 8.34716 -66.5972 -0.458418 0.486037 -0.744057
-18.309 8.66961 -67.2838 -0.45996 0.485017 -0.743771
-17.0422 9.47621 -67.5404 -0.459321 0.485812 -0.743647
-16.5486 10.4712 -67.1949 -0.459843 0.486185 -0.74308
-17.221 11.3761 -66.184 -0.460646 0.486939 -0.742088
-17.8533 12.3021 -65.1808 -0.462151 0.489919 -0.739186
-18.5513 13.3279 -64.053 -0.467185 0.492666 -0.734179
-19.3443 14.2409 -62.9354 -0.467378 0.492614 -0.734091
-20.068 15.0793 -61.909 -0.466931 0.496256 -0.731919
-20.7321 15.969 -60.8777 -0.46776 0.498314 -0.729989
-21.4011 16.8647 -59.8377 -0.467874 0.498775 -0.729601
-22.0184 17.8142 -58.7896 -0.465471 0.503626 -0.727803
-22.7382 18.7963 -57.6448 -0.464252 0.507243 -0.726068
-23.4431 19.7047 -56.555 -0.468332 0.511046 -0.720751
-24.135 20.5389 -55.5035 -0.47297 0.514084 -0.715554
-24.9674 21.2967 -54.4066 -0.473338 0.515729 -0.714125
-25.7478 22.0868 -53.3195 -0.473075 0.515995 -0.714107
-26.6237 22.8871 -52.1601 -0.475478 0.512934 -0.714716
-27.5062 23.5744 -51.073 -0.47952 0.514973 -0.710538
-28.6032 24.0819 -49.9603 -0.480721 0.517959 -0.70755
-29.7374 24.4998 -48.8814 -0.483879 0.517803 -0.705508
-30.9279 24.6586 -47.944 -0.486057 0.515815 -0.705465
-32.1542 24.689 -47.0809 -0.484737 0.511609 -0.709427
-33.5361 24.4804 -46.2873 -0.48523 0.510809 -0.709666
-34.8847 24.0733 -45.6549 -0.487827 0.509503 -0.708824
-36.278 23.5797 -45.0386 -0.497247 0.502237 -0.707462
-37.6802 22.9434 -44.5036 -0.49733 0.500881 -0.708365
-38.9614 22.2424 -44.0969 -0.49942 0.499245 -0.708049
-40.258 21.6296 -43.6103 -0.502022 0.495122 -0.709103
-41.7319 20.9392 -43.0307 -0.51416 0.492053 -0.702512
-43.1063 20.1731 -42.5558 -0.519581 0.485792 -0.702881
-44.4239 19.4247 -42.0945 -0.521447 0.482269 -0.703924
-45.7527 18.5819 -41.6814 -0.52633 0.477962 -0.703227
-47.0634 17.748 -41.2557 -0.531152 0.475463 -0.701294
-48.3489 16.9521 -40.8086 -0.541362 0.470275 -0.696972
-49.6383 16.1765 -40.3208 -0.548078 0.46617 -0.694475
-50.8979 15.2763 -39.9222 -0.553376 0.461618 -0.693314
-51.6223 13.8849 -40.2669 -0.555625 0.460756 -0.692087
-52.2792 12.4711 -40.6835 -0.557906 0.459221 -0.691272
-52.9743 11.0388 -41.0582 -0.565395 0.45152 -0.69026
-53.7068 9.6421 -41.3718 -0.568834 0.452212 -0.686974
-54.1682 8.78886 -41.5502 -0.571172 0.450955 -0.685859
-58.2165 10.4513 -37.0377 -0.584213 0.43979 -0.682114
-57.5308 11.8177 -36.7424 -0.579964 0.441232 -0.684804
-56.8817 13.206 -36.3936 -0.576865 0.443533 -0.685934
-56.2271 14.558 -36.0606 -0.571776 0.450275 -0.685802
-55.6049 15.9324 -35.6734 -0.566441 0.451674 -0.689301
-54.9721 17.2978 -35.2934 -0.56201 0.455875 -0.690162
-54.1639 18.6008 -35.0792 -0.55603 0.462094 -0.690869
-52.9342 19.4904 -35.466 -0.552125 0.46626 -0.691201
-51.7189 20.2791 -35.8999 -0.548476 0.4687 -0.692456
-50.476 21.0286 -36.3691 -0.544498 0.471377 -0.693776
-49.2201 21.7895 -36.8248 -0.53652 0.478612 -0.695037
-47.8851 22.6002 -37.292 -0.533102 0.481126 -0.695931
-46.5722 23.4503 -37.6977 -0.525577 0.489039 -0.696139
-45.3127 24.2398 -38.0858 -0.519487 0.494877 -0.696585
-44.0098 25.0096 -38.5021 -0.513356 0.498653 -0.698435
-42.7107 25.6899 -38.9663 -0.507976 0.501981 -0.699983
-41.319 26.3245 -39.5191 -0.506016 0.502893 -0.700747
-40.0399 26.9712 -39.9712 -0.50042 0.5042 -0.70382
-38.7427 27.6198 -40.4257 -0.498468 0.505807 -0.704052
-37.4323 28.3333 -40.8311 -0.491741 0.510909 -0.705097
-36.0711 28.8239 -41.4142 -0.486562 0.512743 -0.707355
-34.7032 29.2048 -42.0737 -0.479147 0.518084 -0.708524
-33.3843 29.6719 -42.6213 -0.476776 0.522244 -0.707068
-32.0314 30.0416 -43.2605 -0.476879 0.522354 -0.706918
-30.7097 30.1187 -44.0955 -0.477097 0.522314 -0.7068
-29.4672 30.1094 -44.941 -0.477069 0.522261 -0.706858
-28.202 30.0882 -45.8058 -0.469698 0.526864 -0.708377
-26.9121 29.814 -46.8702 -0.472526 0.527214 -0.706233
-25.8276 29.387 -47.9077 -0.467616 0.52593 -0.710445
-24.7751 28.9753 -48.9037 -0.467203 0.524888 -0.711487
-23.6837 28.5379 -49.9426 -0.466709 0.525767 -0.711161
-22.8128 27.8512 -51.0212 -0.46697 0.524779 -0.711721
-21.9658 27.0616 -52.1612 -0.467711 0.525347 -0.710814
-21.1263 26.2786 -53.2926 -0.468232 0.525233 -0.710555
-20.3184 25.5369 -54.3728 -0.468052 0.524744 -0.711035
-19.4544 24.7957 -55.4865 -0.468647 0.522362 -0.712396
-18.7652 23.9729 -56.5395 -0.466985 0.520442 -0.714888
-18.1631 23.0703 -57.5831 -0.465458 0.515603 -0.719376
-17.5039 22.1414 -58.6737 -0.466026 0.513522 -0.720496
-16.8487 21.2259 -59.7486 -0.469277 0.507746 -0.722477
-16.164 20.3437 -60.808 -0.47197 0.502878 -0.724126
-15.4567 19.3658 -61.9373 -0.469573 0.497356 -0.729478
-14.6917 18.438 -63.063 -0.469271 0.498047 -0.729201
-13.9415 17.6111 -64.1014 -0.464153 0.494026 -0.735187
-13.2254 16.6625 -65.1861 -0.461816 0.492301 -0.737811
-12.5903 15.675 -66.2393 -0.460657 0.490238 -0.739905
-11.9138 14.6938 -67.3033 -0.457173 0.486447 -0.744555
-11.2055 13.7061 -68.3814 -0.455948 0.484238 -0.746741
-10.4585 12.6568 -69.5106 -0.454679 0.477646 -0.751745
-9.75445 11.7111 -70.5324 -0.453028 0.474067 -0.755001
-9.02046 10.7898 -71.5465 -0.449657 0.47281 -0.757799
-8.406 9.81971 -72.5159 -0.448117 0.474137 -0.757881
-9.54119 8.84273 -72.4598 -0.446736 0.476194 -0.757407
-10.7547 7.92033 -72.3233 -0.447233 0.477607 -0.756224
-11.9875 7.08991 -72.1181 -0.447006 0.477692 -0.756304
-13.2243 6.25345 -71.9186 -0.445985 0.478903 -0.756142
-14.5447 5.4099 -71.6714 -0.448998 0.478685 -0.754495
-15.8623 4.55606 -71.4258 -0.451465 0.478412 -0.753193
-17.1974 3.72893 -71.148 -0.454303 0.479212 -0.750975
-18.5265 3.00169 -70.806 -0.45587 0.479262 -0.749994
-19.9124 2.87151 -70.0452 -0.457398 0.480304 -0.748395
-21.2212 2.86116 -69.2478 -0.460492 0.481356 -0.745817
-22.5331 2.83182 -68.4527 -0.463461 0.48114 -0.744115
-24.0182 2.80419 -67.5403 -0.46598 0.483032 -0.741311
-25.3493 2.8361 -66.6774 -0.470407 0.484586 -0.737492
-26.6348 2.84014 -65.8492 -0.474465 0.483497 -0.735604
-27.9402 2.86597 -64.985 -0.47757 0.484878 -0.73268
-29.2602 2.80161 -64.1581 -0.484622 0.484877 -0.728036
-30.5368 2.81833 -63.2915 -0.489898 0.484103 -0.725013
-31.8679 2.85313 -62.3625 -0.4938 0.48349 -0.722772
-33.1577 2.85989 -61.4752 -0.495677 0.481155 -0.723045
-34.5118 2.84195 -60.552 -0.501517 0.479787 -0.719919
-35.8185 2.83304 -59.6444 -0.504861 0.479338 -0.717878
-37.1306 2.82748 -58.7158 -0.510895 0.479205 -0.713686
-38.3504 2.84822 -57.8285 -0.512654 0.478443 -0.712936
-39.6194 2.84155 -56.9141 -0.519341 0.47657 -0.709341
-40.8647 2.84585 -55.9945 -0.523353 0.475348 -0.70721
-42.0879 2.85142 -55.0784 -0.527534 0.475578 -0.703941
-43.3303 2.85268 -54.1442 -0.529415 0.475215 -0.702773
-44.6592 2.84682 -53.135 -0.536931 0.473533 -0.698191
-45.9649 2.86078 -52.1194 -0.538181 0.475185 -0.696103
-47.2163 2.84845 -51.156 -0.543379 0.472989 -0.693553
-48.4014 2.8762 -50.195 -0.551608 0.468886 -0.689836
-49.5747 2.87241 -49.2591 -0.551366 0.467267 -0.691127
-50.814 2.8807 -48.2576 -0.557724 0.466243 -0.686697
-52.0065 2.86277 -47.294 -0.56258 0.462548 -0.68524
-53.3604 2.86541 -46.176 -0.565657 0.462176 -0.682953
-54.6189 2.85024 -45.134 -0.572822 0.45952 -0.678761
-55.7583 2.86122 -44.157 -0.578218 0.458777 -0.674676
-56.9559 2.86044 -43.1298 -0.578277 0.45637 -0.676255
-58.0886 2.87616 -42.1389 -0.586632 0.452192 -0.671852
-59.2579 2.9067 -41.0946 -0.589757 0.449188 -0.671132
-60.4545 2.9174 -40.0282 -0.59695 0.44745 -0.665911
-61.6153 2.92578 -38.978 -0.601242 0.444223 -0.664209
-62.6807 3.03609 -37.9382 -0.603035 0.440352 -0.665161
-63.3704 3.80656 -36.8032 -0.603644 0.439437 -0.665214
-63.9581 4.68545 -35.6888 -0.605061 0.438238 -0.664717
-62.8556 5.48876 -36.1611 -0.603356 0.438436 -0.666135
-61.6722 6.355 -36.6599 -0.601102 0.43853 -0.668108
-60.5251 7.39737 -37.0025 -0.596016 0.439274 -0.672162
-59.4826 8.6051 -37.1342 -0.593336 0.438596 -0.67497
-58.5835 9.85177 -37.1095 -0.586593 0.439663 -0.680151
-58.3072 10.2963 -37.06 -0.584569 0.440236 -0.681521
-48.0104 11.2557 -44.8875 -0.54308 0.468361 -0.696924
-46.7166 11.726 -45.5757 -0.540265 0.469662 -0.698235
-45.4209 12.1958 -46.2587 -0.53726 0.471483 -0.699325
-44.0355 12.6946 -46.9846 -0.536304 0.473931 -0.698404
-42.6259 13.1939 -47.7097 -0.524401 0.479716 -0.703474
-41.3114 13.65 -48.3698 -0.51988 0.481875 -0.705352
-39.9418 14.1203 -49.05 -0.515613 0.485208 -0.706198
-38.5523 14.596 -49.7377 -0.515631 0.485029 -0.706308
-37.166 15.0668 -50.4175 -0.504448 0.488944 -0.711664
-35.8395 15.5037 -51.0482 -0.498368 0.497756 -0.709837
-34.4099 15.9726 -51.724 -0.498692 0.49832 -0.709213
-33.0907 16.4021 -52.3431 -0.494193 0.497315 -0.713058
-31.7854 16.8243 -52.952 -0.493206 0.498046 -0.713231
-30.3458 17.2882 -53.6215 -0.491711 0.498302 -0.714084
-28.9624 17.7325 -54.2634 -0.490811 0.499285 -0.714016
-27.6012 18.1635 -54.8864 -0.479626 0.507224 -0.716019
-26.5771 18.481 -55.3472 -0.479573 0.507647 -0.715754
-23.8589 14.6916 -59.7401 -0.469564 0.49597 -0.730427
-25.1899 14.2869 -59.155 -0.473621 0.493924 -0.729193
-26.6255 13.8454 -58.5209 -0.474137 0.494973 -0.728145
-27.9936 13.4231 -57.914 -0.47808 0.500904 -0.72148
-29.385 12.9803 -57.2808 -0.491016 0.49467 -0.717081
-30.7358 12.5412 -56.6558 -0.497781 0.491045 -0.714905
-32.1091 12.0865 -56.01 -0.49964 0.491071 -0.713589
-33.5105 11.6217 -55.3517 -0.497288 0.492996 -0.713904
-34.9352 11.1489 -54.6848 -0.500756 0.492453 -0.711852
-35.0509 11.1101 -54.6299 -0.503171 0.489978 -0.711857
-30.8706 21.717 -50.1241 -0.488753 0.507671 -0.7095
-32.3064 21.2603 -49.455 -0.490695 0.506576 -0.708942
-33.6341 20.8399 -48.8369 -0.490244 0.506088 -0.709603
-35.053 20.3912 -48.177 -0.490034 0.50651 -0.709446
-36.3702 19.9725 -47.5595 -0.498151 0.506921 -0.703475
-37.7482 19.5204 -46.8926 -0.508547 0.500164 -0.700868
-39.1197 19.0689 -46.2229 -0.505508 0.500005 -0.703176
-40.538 18.6029 -45.5317 -0.510982 0.494424 -0.703166
-41.9475 18.1306 -44.8263 -0.521092 0.488029 -0.700207
-42.15 18.0617 -44.7235 -0.522357 0.488395 -0.699009
-42.2594 18.0242 -44.6678 -0.523091 0.487892 -0.698811
