57.212 24.5138 5.11615 0.847977 0.526481 0.0612631
57.3139 24.1782 6.57469 0.849934 0.523241 0.061895
57.4485 23.7804 8.10257 0.852391 0.518895 0.0645629
57.6538 23.2625 9.49848 0.850152 0.521903 0.0696975
57.9943 22.5135 10.9424 0.850941 0.520534 0.0703148
58.3019 21.825 12.2575 0.85156 0.519043 0.0737606
58.5811 21.1746 13.5891 0.851753 0.518309 0.0766378
58.9055 20.4294 14.9654 0.854025 0.514239 0.0787392
59.2778 19.6129 16.2131 0.85603 0.510664 0.0802141
59.7006 18.6953 17.5279 0.85584 0.510311 0.0843864
60.0738 17.8337 18.9085 0.85521 0.510273 0.0907618
60.4117 17.021 20.2264 0.857264 0.506099 0.094669
60.7188 16.2583 21.4819 0.856489 0.506101 0.10143
61.0639 15.4033 22.8005 0.85954 0.500442 0.10368
61.4349 14.5062 24.0764 0.859874 0.500946 0.0983315
61.8253 13.5846 25.2356 0.864576 0.490665 0.108399
62.4954 12.2921 25.7061 0.865612 0.487448 0.1145
63.1663 10.9966 26.1407 0.865499 0.487243 0.116214
63.8296 9.71132 26.6095 0.863211 0.491241 0.116405
64.4986 8.48285 26.8249 0.863506 0.490266 0.118306
64.8359 8.2535 25.2672 0.863863 0.490968 0.112653
65.0242 8.30125 23.5959 0.864977 0.489689 0.109635
65.2222 8.30265 22.0044 0.866243 0.488771 0.103568
65.4262 8.27554 20.3659 0.867579 0.487914 0.0961511
65.6011 8.26478 18.7841 0.867904 0.488536 0.0898612
65.752 8.27668 17.2469 0.868164 0.488503 0.0875002
65.9057 8.27608 15.7003 0.867956 0.489298 0.0850871
66.0702 8.24691 14.1543 0.868855 0.488674 0.079294
66.2116 8.23592 12.6566 0.86881 0.489025 0.0776132
66.3481 8.21896 11.1477 0.870254 0.487587 0.0701185
66.4576 8.25517 9.50391 0.871066 0.486454 0.0678728
66.5719 8.26127 7.94878 0.870198 0.488546 0.0638458
66.6818 8.26472 6.38181 0.870243 0.488953 0.0599997
66.8013 8.24647 4.70425 0.869644 0.490433 0.0565215
66.8949 8.25673 3.1658 0.869212 0.491384 0.0548817
66.9964 8.24781 1.53097 0.871055 0.488929 0.0470334
67.0837 8.2433 -0.113072 0.87332 0.485156 0.0439711
67.1464 8.26567 -1.6831 0.874325 0.483608 0.0409763
67.1798 8.32963 -3.20985 0.875831 0.481025 0.0391656
67.2354 8.35821 -4.77993 0.87646 0.47986 0.0393802
67.3273 8.30718 -6.33876 0.877139 0.479035 0.0339495
67.3854 8.30654 -7.8493 0.877176 0.478973 0.0338719
67.4531 8.28415 -9.3574 0.877733 0.478164 0.0307181
67.4977 8.29189 -10.9185 0.876477 0.480857 0.0237394
67.5103 8.33335 -12.5391 0.879598 0.475452 0.0159249
67.5169 8.3769 -14.0596 0.881883 0.471099 0.01865
67.5338 8.41148 -15.7094 0.883155 0.468678 0.0194229
67.555 8.42406 -17.3461 0.884748 0.465886 0.0130151
67.4039 8.75897 -18.8109 0.886316 0.462784 0.0165415
66.9267 9.69957 -19.5671 0.886096 0.463132 0.0185077
66.4064 10.6515 -18.4586 0.886868 0.46161 0.0195195
65.883 11.5849 -17.363 0.88147 0.471277 0.0301323
65.3168 12.5705 -16.1994 0.88102 0.472223 0.028459
64.7851 13.4896 -15.0531 0.879277 0.475324 0.0306453
64.22 14.4418 -13.7968 0.87571 0.481619 0.034205
63.708 15.2836 -12.647 0.871953 0.488529 0.0322086
63.1795 16.1489 -11.5043 0.871264 0.489525 0.0355713
62.6228 17.0494 -10.3685 0.867142 0.496451 0.0397872
62.024 17.9839 -9.24599 0.861096 0.506811 0.0406944
61.4124 18.9278 -8.09067 0.85983 0.508884 0.0415974
60.8925 19.6964 -6.88833 0.857596 0.512156 0.0471631
60.3323 20.5185 -5.63943 0.857209 0.512753 0.0477145
59.7877 21.3108 -4.43163 0.853892 0.518382 0.0463505
59.2436 22.0988 -3.22245 0.853397 0.519365 0.0444174
58.6865 22.8995 -1.98008 0.851859 0.52135 0.0503076
58.223 23.5172 -0.564825 0.851169 0.522383 0.0512522
57.8428 23.9928 0.842128 0.852128 0.51999 0.0590632
57.4789 24.4011 2.41387 0.851817 0.520018 0.0631515
57.2795 24.5247 4.08995 0.850193 0.522753 0.062458
57.2121 24.5148 5.10639 0.847821 0.526723 0.0613358
53.8826 29.626 6.76924 0.841542 0.536542 0.0626952
54.03 29.2171 8.27672 0.84148 0.536604 0.0629934
54.1756 28.8162 9.76435 0.842317 0.535413 0.0619194
54.2964 28.4473 11.2261 0.843756 0.532148 0.0699605
54.6015 27.7695 12.6409 0.84283 0.532988 0.0745765
54.9448 27.0341 14.0053 0.844742 0.53007 0.073736
55.2652 26.3382 15.3216 0.844479 0.530025 0.0769914
55.545 25.6759 16.7688 0.845359 0.527332 0.0853701
55.8188 25.0066 18.1028 0.846299 0.524884 0.0909673
56.2175 24.141 19.3755 0.847681 0.522484 0.0919056
56.6221 23.2473 20.6675 0.851056 0.51601 0.0971412
56.9824 22.4094 21.9317 0.851843 0.514162 0.10001
57.3193 21.5877 23.2456 0.850973 0.514151 0.107207
57.6259 20.8173 24.5019 0.850967 0.513813 0.10886
57.932 20.0374 25.7462 0.852184 0.511004 0.112502
58.257 19.2202 26.9789 0.852707 0.509436 0.115614
58.6198 18.3129 28.2421 0.851312 0.509845 0.123797
58.962 17.3955 29.6144 0.852174 0.506523 0.131275
59.3627 16.4127 30.7193 0.853701 0.501734 0.139493
60.0605 15.0915 31.1749 0.854686 0.498536 0.14482
60.7778 13.7437 31.5724 0.856553 0.496312 0.141391
61.5044 12.3661 32.0061 0.856405 0.495697 0.144414
62.1902 11.0556 32.4308 0.857208 0.494567 0.143522
62.8346 9.74822 33.0242 0.859454 0.489148 0.148571
63.3651 8.5704 33.8045 0.86084 0.485209 0.153381
63.8335 7.40832 34.8367 0.85832 0.486884 0.16194
64.3766 6.43902 34.8543 0.859925 0.484461 0.160685
65.0081 5.6998 33.6713 0.86054 0.486332 0.151502
65.622 4.99092 32.4553 0.860019 0.488554 0.14725
66.2241 4.28222 31.2575 0.8618 0.487881 0.138827
66.7986 3.60033 30.0424 0.862665 0.4892 0.128423
67.3386 2.97858 28.7553 0.864079 0.487336 0.125979
67.6395 2.81088 27.2824 0.865722 0.486698 0.116832
67.8628 2.78542 25.7074 0.866062 0.487087 0.112618
68.0636 2.80688 24.0329 0.867676 0.485179 0.10835
68.2278 2.86133 22.4192 0.868676 0.484868 0.101514
68.4628 2.79267 20.7012 0.868949 0.485372 0.0966556
68.622 2.80647 19.1699 0.869801 0.484592 0.0928273
68.7779 2.8267 17.593 0.869128 0.486273 0.0902997
68.9598 2.79644 15.9625 0.869958 0.485623 0.0856892
69.1343 2.76103 14.3218 0.870301 0.486088 0.0793303
69.2612 2.77895 12.7859 0.870101 0.487188 0.0746413
69.3876 2.78348 11.2628 0.870036 0.487984 0.0700469
69.4958 2.79915 9.73408 0.870341 0.488225 0.0643631
69.6044 2.80242 8.22606 0.869839 0.489327 0.0627579
69.7211 2.80302 6.58505 0.86977 0.48995 0.0587325
69.805 2.81199 5.06536 0.87189 0.487206 0.0493764
69.8955 2.80814 3.4937 0.873588 0.484252 0.0484168
70.0008 2.76823 1.89609 0.874576 0.482877 0.0441319
70.0682 2.78055 0.367619 0.875984 0.48066 0.0402156
70.1469 2.77456 -1.28645 0.876936 0.479086 0.0382109
70.187 2.82697 -2.96344 0.877396 0.478495 0.034907
70.2513 2.81829 -4.55825 0.878014 0.47767 0.0303871
70.3049 2.81279 -6.0883 0.878518 0.476938 0.0271313
70.3733 2.77008 -7.64925 0.878678 0.476745 0.025292
70.4122 2.78027 -9.36272 0.881739 0.471385 0.0182298
70.4519 2.7647 -10.9461 0.881556 0.4718 0.0162047
70.4414 2.82923 -12.6251 0.882129 0.470912 0.00954659
70.4396 2.85145 -14.3003 0.88485 0.465869 0.00234398
70.4421 2.85461 -15.8829 0.886361 0.462988 0.00230925
70.4494 2.84837 -17.4578 0.887853 0.460121 0.0023622
70.4523 2.85051 -19.0658 0.890391 0.455194 0.00153597
70.3557 3.0473 -20.5625 0.891158 0.453683 0.00283086
69.9156 3.92088 -21.9171 0.891789 0.452447 0.00201516
69.5209 4.70472 -23.1485 0.892573 0.450902 0.00116309
69.0554 5.63795 -24.3978 0.894182 0.447691 0.00329863
68.6259 6.50782 -25.5463 0.894878 0.446277 0.00553897
68.1434 7.49855 -26.7635 0.896284 0.443425 0.00685844
67.6625 8.49553 -27.9053 0.898418 0.438996 0.0113346
67.0991 9.67972 -28.9661 0.89721 0.441336 0.0154152
66.5846 10.6817 -27.8339 0.896303 0.443109 0.0172012
66.1136 11.582 -26.683 0.894736 0.44612 0.0206158
65.6255 12.496 -25.4205 0.893863 0.447755 0.0228831
65.1357 13.389 -24.2839 0.888461 0.457846 0.0318294
64.6216 14.3112 -23.191 0.88614 0.462508 0.0289117
64.0609 15.3054 -22.0994 0.881432 0.471312 0.0306983
63.525 16.2286 -21.0238 0.879651 0.474399 0.0340472
62.9532 17.1958 -19.7402 0.878939 0.475718 0.0340207
62.3698 18.1558 -18.4733 0.873851 0.484478 0.0408186
61.8365 19.0062 -17.3321 0.866334 0.497665 0.0423432
61.2821 19.8688 -16.2341 0.862997 0.503279 0.0441152
60.6904 20.7776 -15.04 0.86186 0.505204 0.044335
60.0805 21.7048 -13.9416 0.85818 0.51092 0.049868
59.4485 22.6545 -12.8059 0.857022 0.513053 0.047852
58.847 23.5461 -11.5913 0.856515 0.513977 0.0470083
58.324 24.2926 -10.3637 0.853135 0.518658 0.0561703
57.7153 25.1467 -9.02668 0.852745 0.519189 0.0571808
57.1576 25.9246 -7.79541 0.851236 0.521714 0.0566677
56.5629 26.7458 -6.59323 0.844001 0.533439 0.0557216
55.9991 27.5285 -5.41103 0.844396 0.533524 0.0484441
55.5465 28.1233 -4.06456 0.844525 0.533345 0.0481651
55.1664 28.5993 -2.62363 0.846483 0.530274 0.047708
54.7852 29.0637 -1.17389 0.84445 0.532913 0.0539319
54.4006 29.5251 0.287647 0.844466 0.532862 0.0541872
54.1631 29.7419 1.82503 0.843383 0.534247 0.0573216
54.0144 29.8101 3.33565 0.842828 0.534869 0.0596301
53.8469 29.9016 4.86997 0.842993 0.534466 0.0609055
53.8346 29.7488 6.36462 0.841902 0.536028 0.0622377
53.8727 29.65 6.69613 0.841541 0.536542 0.0626975
59.0374 21.7175 3.45863 0.853136 0.517864 0.0630581
59.8506 20.3923 3.29009 0.854391 0.515825 0.0627703
60.6606 19.0704 3.12034 0.854491 0.515849 0.0611981
61.4852 17.7184 2.94889 0.858462 0.509568 0.0581655
62.2762 16.3898 2.78521 0.862201 0.503651 0.0542738
63.0495 15.0817 2.62501 0.863003 0.502119 0.0556976
63.8504 13.7089 2.46001 0.867704 0.494082 0.0545244
64.6063 12.3945 2.3089 0.868642 0.492535 0.0535825
65.3562 11.0878 2.16204 0.868738 0.492332 0.0538792
65.416 10.9837 2.15042 0.868762 0.492297 0.0538141
64.9815 11.0216 8.20209 0.865348 0.49699 0.0646006
64.1747 12.4005 8.37843 0.864943 0.497057 0.0693401
63.4118 13.7045 8.55005 0.8648 0.497263 0.0696459
62.6346 15.0271 8.7237 0.863301 0.499766 0.0703204
61.868 16.3229 8.89584 0.861874 0.502134 0.0709519
61.0948 17.6119 9.06486 0.85838 0.508126 0.0706612
60.2873 18.9506 9.24114 0.858238 0.508305 0.0710963
59.6 20.0858 9.3906 0.85576 0.512456 0.0711606
60.9764 16.918 15.106 0.857619 0.50846 0.0771898
61.8381 15.4957 14.898 0.858023 0.507724 0.0775464
62.6223 14.1924 14.7082 0.86106 0.502416 0.0784452
63.414 12.8534 14.5108 0.864127 0.497507 0.0759711
64.2115 11.4964 14.3109 0.864708 0.496494 0.0759824
64.4854 11.0301 14.2419 0.865135 0.495827 0.0754755
63.8459 11.0981 20.321 0.866474 0.490388 0.093498
63.0517 12.4472 20.5504 0.863477 0.49418 0.100967
62.4922 13.3836 20.7126 0.860206 0.499133 0.104463
61.2391 18.7463 -3.07427 0.859459 0.508801 0.0495195
62.0178 17.4407 -3.23402 0.861401 0.505451 0.050074
62.8038 16.1173 -3.39572 0.861288 0.505737 0.0491265
63.58 14.8035 -3.54723 0.864301 0.500683 0.0479645
64.3323 13.5058 -3.68894 0.865893 0.498309 0.0437771
65.0749 12.2091 -3.82791 0.872977 0.486105 0.040173
65.6814 11.119 -3.9404 0.875692 0.481181 0.0403612
65.9811 11.0052 -10.1578 0.875243 0.483082 0.0241314
65.2545 12.3173 -10.0341 0.875319 0.482712 0.0283919
64.5549 13.5774 -9.90816 0.874502 0.483902 0.0329412
64.491 13.692 -9.89623 0.873907 0.484915 0.0338178
