-50.7235 11.2154 -44.4562 -0.558556 0.460647 -0.689796
-49.4422 11.9916 -44.9682 -0.553138 0.464 -0.691912
-48.1273 12.7622 -45.4826 -0.53832 0.471751 -0.698327
-46.8264 13.5246 -45.9659 -0.534196 0.472547 -0.700952
-45.5588 14.2638 -46.4305 -0.532774 0.474679 -0.700594
-44.3045 14.9436 -46.9193 -0.527645 0.479014 -0.701522
-42.8953 15.6009 -47.5239 -0.522327 0.477861 -0.706273
-41.6173 16.1972 -48.0569 -0.515808 0.481657 -0.708483
-40.2756 16.8469 -48.5917 -0.515923 0.482348 -0.707929
-38.9441 17.3621 -49.2049 -0.51025 0.487904 -0.708233
-37.6447 17.7157 -49.8878 -0.503167 0.490607 -0.711426
-36.3277 18.0965 -50.5462 -0.497582 0.491374 -0.714818
-35.0283 18.2538 -51.3417 -0.496542 0.492547 -0.714733
-33.7845 18.1702 -52.2627 -0.494643 0.49589 -0.713738
-32.6698 17.8543 -53.2535 -0.493696 0.495949 -0.714352
-31.6163 17.4629 -54.2525 -0.492146 0.496537 -0.715013
-30.5771 16.8903 -55.3615 -0.490389 0.495398 -0.717008
-29.7258 16.1525 -56.4518 -0.489634 0.495638 -0.717357
-28.9198 15.4201 -57.5085 -0.485801 0.500199 -0.716795
-28.1296 14.6806 -58.5511 -0.478989 0.500578 -0.721104
-27.2763 13.9199 -59.6345 -0.475481 0.494713 -0.727446
-26.4618 13.0399 -60.7611 -0.475828 0.492013 -0.729048
-25.7452 12.1277 -61.8441 -0.476752 0.490533 -0.729441
-24.9783 11.3166 -62.8876 -0.475492 0.488935 -0.731334
-25.8255 11.0545 -62.5109 -0.476773 0.488458 -0.730819
-27.1764 11.0737 -61.6161 -0.476945 0.488936 -0.730387
-28.4567 11.0305 -60.8071 -0.478907 0.488884 -0.729137
-29.8372 11.0401 -59.8811 -0.48713 0.484691 -0.726484
-31.1354 11.0228 -59.019 -0.491945 0.485641 -0.722594
-32.5014 10.9867 -58.1073 -0.494896 0.48597 -0.720354
-33.7639 11.0348 -57.205 -0.495342 0.491166 -0.716514
-35.0668 10.9978 -56.3286 -0.498043 0.491775 -0.71422
-36.4041 11.0365 -55.361 -0.504887 0.488947 -0.71135
-37.6611 11.0281 -54.4627 -0.512573 0.483927 -0.709284
-38.9036 11.0486 -53.5506 -0.513841 0.481644 -0.709921
-40.2086 11.0913 -52.5714 -0.517369 0.479516 -0.708797
-41.424 11.1148 -51.668 -0.519254 0.47735 -0.708881
-42.6493 11.1074 -50.771 -0.524131 0.476873 -0.705605
-43.8765 11.1182 -49.8417 -0.533961 0.4745 -0.699811
-45.1836 11.1271 -48.8376 -0.535454 0.472285 -0.700169
-46.39 11.1353 -47.9085 -0.53709 0.471778 -0.699257
-47.6603 11.142 -46.9268 -0.540069 0.465444 -0.701204
-48.846 11.1826 -45.9811 -0.546486 0.463157 -0.697738
-50.1465 11.2051 -44.9297 -0.556451 0.463021 -0.689909
-50.6509 11.2298 -44.5053 -0.558556 0.460643 -0.689799
-52.9764 3.77624 -47.5929 -0.56498 0.461101 -0.684239
-54.1579 3.78379 -46.6041 -0.570034 0.461455 -0.679794
-55.3802 3.7893 -45.574 -0.572019 0.459525 -0.679433
-56.5437 3.79037 -44.5922 -0.5745 0.453776 -0.681203
-57.6929 3.81082 -43.6047 -0.578157 0.455718 -0.676798
-58.8469 3.81189 -42.6028 -0.587901 0.452837 -0.670307
-59.8502 4.12774 -41.5139 -0.589366 0.447735 -0.672443
-60.647 4.87779 -40.3112 -0.592994 0.447488 -0.669411
-61.3959 5.62793 -39.1443 -0.5966 0.443504 -0.668859
-61.4824 6.64698 -38.3914 -0.597304 0.442428 -0.668942
-60.3691 7.84644 -38.5901 -0.594834 0.440974 -0.672098
-59.3679 9.17426 -38.5983 -0.588831 0.442781 -0.676182
-58.6019 10.4652 -38.4197 -0.58386 0.443538 -0.679986
-57.9471 11.7847 -38.1194 -0.577481 0.443657 -0.685335
-57.2521 13.3003 -37.7227 -0.57475 0.444435 -0.687125
-56.5523 14.6829 -37.406 -0.568706 0.449433 -0.688899
-55.359 15.5903 -37.7908 -0.562451 0.454315 -0.69083
-53.9925 16.4624 -38.3246 -0.559808 0.456628 -0.691452
-52.756 17.1877 -38.8403 -0.555503 0.460037 -0.692662
-51.4718 17.9157 -39.3791 -0.550961 0.465387 -0.692717
-50.123 18.6865 -39.9268 -0.545873 0.469102 -0.694237
-48.8797 19.4049 -40.4129 -0.541168 0.474129 -0.694505
-47.5595 20.1835 -40.8939 -0.532667 0.47686 -0.699193
-46.2441 20.9382 -41.3823 -0.532824 0.475506 -0.699995
-44.9342 21.5507 -41.9408 -0.519596 0.481013 -0.706149
-43.5617 22.1642 -42.5261 -0.515488 0.483948 -0.707154
-42.2035 22.7857 -43.0867 -0.513283 0.488118 -0.70589
-40.8512 23.4181 -43.6232 -0.506077 0.492541 -0.708016
-39.5073 23.9846 -44.1846 -0.502302 0.493226 -0.710226
-38.175 24.3715 -44.8568 -0.501454 0.493887 -0.710366
-36.7566 24.7836 -45.5663 -0.494448 0.499068 -0.711655
-35.4362 25.1819 -46.1949 -0.488432 0.503625 -0.712598
-34.0577 25.4903 -46.9211 -0.487331 0.503804 -0.713225
-32.6846 25.4832 -47.862 -0.486046 0.504 -0.713963
-31.4661 25.3934 -48.7563 -0.48545 0.506093 -0.712887
-30.1574 25.3004 -49.7181 -0.484982 0.509636 -0.710678
-28.9486 24.9706 -50.7749 -0.482461 0.510301 -0.711916
-27.8985 24.5499 -51.7854 -0.480892 0.509186 -0.713772
-26.8816 24.0934 -52.7894 -0.476188 0.511893 -0.71499
-25.8244 23.6514 -53.8073 -0.474235 0.512697 -0.715712
-24.9333 23.0023 -54.8623 -0.474711 0.512161 -0.71578
-24.1016 22.2586 -55.9463 -0.475115 0.511948 -0.715664
-23.2745 21.5148 -57.0251 -0.474157 0.510062 -0.717644
-22.3854 20.77 -58.1319 -0.471532 0.504197 -0.723494
-21.5185 20.0352 -59.2083 -0.47362 0.501232 -0.724189
-20.6708 19.1585 -60.3669 -0.472988 0.498754 -0.72631
-20.0041 18.2788 -61.3983 -0.471855 0.493586 -0.730565
-19.2005 17.3746 -62.528 -0.471556 0.493909 -0.73054
-18.4654 16.5544 -63.5566 -0.470991 0.493715 -0.731036
-17.7388 15.687 -64.604 -0.46721 0.48994 -0.735984
-16.9885 14.8502 -65.6306 -0.466009 0.487356 -0.738458
-16.1978 14.0317 -66.6665 -0.464347 0.484717 -0.741236
-15.3445 13.1349 -67.783 -0.461785 0.482907 -0.744013
-14.5562 12.1821 -68.8834 -0.45691 0.481904 -0.747664
-13.8418 11.2844 -69.8982 -0.456511 0.481097 -0.748428
-13.0795 10.2929 -70.9917 -0.452385 0.478727 -0.752442
-13.6868 9.33454 -71.2374 -0.451266 0.480471 -0.752001
-14.9135 8.49286 -71.0418 -0.451678 0.481524 -0.751081
-16.158 7.68532 -70.8099 -0.45296 0.481126 -0.750563
-17.5902 6.85921 -70.4725 -0.455362 0.480929 -0.749234
-18.9761 6.03762 -70.1548 -0.457627 0.479564 -0.748729
-20.2752 5.33172 -69.8096 -0.460251 0.480788 -0.746332
-21.6682 4.61348 -69.4122 -0.462443 0.481939 -0.744232
-23.0407 3.97025 -68.973 -0.464691 0.482471 -0.742485
-24.4354 3.70556 -68.268 -0.46687 0.482735 -0.740945
-25.7098 3.70838 -67.4587 -0.469965 0.484178 -0.738041
-27.0174 3.71136 -66.6212 -0.472667 0.483557 -0.736721
-28.2919 3.74565 -65.7757 -0.476754 0.48317 -0.734338
-29.558 3.79376 -64.9161 -0.482571 0.48167 -0.731518
-30.9113 3.74158 -64.0457 -0.491573 0.481835 -0.72539
-32.3027 3.7387 -63.0989 -0.495166 0.482105 -0.722762
-33.6494 3.73831 -62.1727 -0.497758 0.481997 -0.721052
-34.9857 3.77638 -61.22 -0.501147 0.481681 -0.718912
-36.3248 3.70154 -60.3331 -0.504623 0.481646 -0.7165
-37.5515 3.71955 -59.4523 -0.508718 0.479974 -0.714724
-38.8554 3.74625 -58.4979 -0.513962 0.478372 -0.712041
-40.1109 3.73097 -57.5974 -0.518146 0.476912 -0.709985
-41.3514 3.76048 -56.6667 -0.522456 0.474755 -0.708271
-42.5484 3.79193 -55.7557 -0.526441 0.475329 -0.704927
-43.8369 3.70495 -54.8485 -0.529205 0.475198 -0.702943
-45.0923 3.68496 -53.9091 -0.53509 0.472904 -0.700029
-46.3938 3.7378 -52.8765 -0.538458 0.471514 -0.69838
-47.7262 3.73047 -51.8453 -0.542827 0.468788 -0.696833
-48.9329 3.77237 -50.8712 -0.547673 0.46715 -0.694136
-50.1808 3.75646 -49.8875 -0.554783 0.464414 -0.690315
-51.4396 3.79179 -48.8459 -0.559771 0.463633 -0.686802
-52.7736 3.783 -47.7558 -0.56445 0.460803 -0.684877
-52.7991 3.78178 -47.7357 -0.564877 0.460618 -0.684649
-52.8527 3.78005 -47.6926 -0.565162 0.460803 -0.684289
