62.6268 17.7858 5.65929 0.859499 0.507057 0.064455
62.7248 17.8033 4.11731 0.861185 0.504915 0.0584907
62.924 17.635 2.60567 0.863518 0.501104 0.056852
63.2366 17.2627 1.0877 0.863983 0.500657 0.0536258
63.6395 16.7341 -0.477318 0.863756 0.501137 0.0528026
64.1117 16.0611 -1.81981 0.863819 0.501232 0.050824
64.6235 15.3059 -3.12453 0.866595 0.49672 0.0477645
65.1136 14.5574 -4.36965 0.868563 0.493709 0.0430096
65.6013 13.8119 -5.67443 0.871537 0.488885 0.0376172
66.0739 13.0576 -6.9758 0.874865 0.4833 0.032129
66.5502 12.2779 -8.22175 0.874896 0.483275 0.0316458
67.0687 11.4139 -9.37645 0.875184 0.482782 0.0312119
67.4029 10.8169 -9.51437 0.875363 0.482541 0.0298806
67.3459 10.8171 -7.94164 0.875868 0.481447 0.0326197
67.282 10.8193 -6.29396 0.875763 0.481425 0.0356168
67.1943 10.8534 -4.71976 0.875868 0.480971 0.0390263
67.1493 10.8101 -3.20059 0.875584 0.481397 0.0401174
67.0564 10.8342 -1.60608 0.872788 0.485941 0.0458441
66.9765 10.8182 0.0126064 0.871141 0.488368 0.0510833
66.9045 10.7835 1.55057 0.869509 0.49107 0.0529559
66.8263 10.7569 3.07135 0.869831 0.490419 0.0536972
66.7563 10.7101 4.63899 0.869583 0.490988 0.0525029
66.6579 10.7102 6.14893 0.86701 0.494653 0.0600912
66.5297 10.7306 7.80706 0.865915 0.496586 0.0599393
66.3975 10.745 9.53747 0.863661 0.499778 0.0656689
66.2809 10.7253 11.16 0.863413 0.499549 0.0704675
66.1361 10.7462 12.6847 0.864541 0.496581 0.0773005
65.9689 10.7892 14.2699 0.865505 0.494397 0.0803942
65.7989 10.8259 15.824 0.867969 0.489367 0.084561
65.6392 10.8362 17.3897 0.867919 0.489111 0.0865216
65.4589 10.8739 18.9415 0.86849 0.48717 0.0915984
65.2269 11.0542 20.1608 0.867263 0.488919 0.0938749
64.9335 11.8217 18.8537 0.866337 0.491166 0.0906433
64.602 12.6244 17.5973 0.864572 0.495128 0.0858103
64.2445 13.4603 16.3423 0.863568 0.497651 0.0812005
63.8854 14.3079 14.9187 0.862764 0.499413 0.0789028
63.6448 14.9504 13.4545 0.861249 0.502252 0.0774036
63.3503 15.6639 12.0031 0.862076 0.501866 0.0703961
63.1196 16.2512 10.6369 0.862434 0.501234 0.0705142
62.9073 16.8143 9.24157 0.861928 0.501988 0.0713261
62.7604 17.273 7.78347 0.860838 0.50386 0.0712941
62.6346 17.6934 6.28416 0.860037 0.506202 0.0639844
62.6287 17.7504 5.91249 0.859499 0.507057 0.064455
58.4526 24.4591 8.14809 0.856026 0.512836 0.0649435
58.5617 24.0577 9.76895 0.855526 0.512825 0.0713123
58.6727 23.6685 11.2325 0.854923 0.513771 0.0717408
58.8754 23.1087 12.7863 0.855563 0.512231 0.0750444
59.1392 22.459 14.2021 0.855643 0.511788 0.0771253
59.3912 21.8299 15.5577 0.856269 0.510528 0.0785105
59.6435 21.1954 16.9198 0.856093 0.510707 0.0792659
59.9043 20.5373 18.2701 0.856367 0.509382 0.0846491
60.1939 19.8089 19.6982 0.857052 0.507709 0.0877181
60.5108 19.0465 20.9568 0.857974 0.505301 0.092479
60.8451 18.2332 22.205 0.859538 0.501377 0.0990713
61.1995 17.367 23.51 0.859316 0.50169 0.0994105
61.4905 16.6063 24.7825 0.859379 0.499944 0.10735
61.7417 15.8835 26.0956 0.858905 0.498845 0.115914
61.9744 15.1533 27.4222 0.859172 0.495732 0.126774
62.2421 14.3479 28.7246 0.859305 0.494291 0.131417
62.5192 13.5225 29.9987 0.8593 0.493834 0.133156
62.7921 12.7019 31.2707 0.858094 0.495204 0.135822
63.3709 11.4895 31.9864 0.860181 0.490514 0.139591
64.0805 10.0937 32.4805 0.861842 0.486268 0.144126
64.7058 8.83392 32.9888 0.861683 0.486152 0.145459
65.3399 8.07903 31.7509 0.860537 0.489511 0.140908
66.0153 7.2686 30.417 0.860117 0.491845 0.135235
66.6053 6.57173 29.1649 0.862607 0.489274 0.12852
67.1496 5.92512 27.9209 0.863197 0.490489 0.119631
67.7237 5.22731 26.5904 0.86583 0.487478 0.112705
68.2315 4.62577 25.2757 0.866494 0.486883 0.110145
68.764 4.00074 23.8224 0.867647 0.485597 0.106698
69.1287 3.65809 22.3588 0.86851 0.485379 0.100487
69.3005 3.67044 20.8006 0.869127 0.484676 0.098527
69.4559 3.7091 19.2003 0.869475 0.484912 0.0941956
69.6165 3.70534 17.7072 0.869368 0.486176 0.0885039
69.7975 3.65764 16.1772 0.868817 0.487477 0.0867386
69.9503 3.64609 14.6331 0.869917 0.48695 0.0782568
70.1085 3.60605 13.1013 0.869884 0.487665 0.0740525
70.2217 3.63577 11.56 0.870058 0.487552 0.0727543
70.3389 3.65375 9.96581 0.870268 0.488169 0.0657697
70.4631 3.63506 8.43245 0.870809 0.487509 0.0634551
70.585 3.61592 6.86021 0.871637 0.486513 0.0596183
70.6566 3.67152 5.30635 0.871766 0.486959 0.0537367
70.7574 3.64541 3.77933 0.873004 0.485441 0.0470241
70.8536 3.62223 2.16465 0.874309 0.483405 0.0436361
70.907 3.66892 0.58212 0.875788 0.480875 0.0418791
71.0025 3.63355 -1.08074 0.876625 0.479556 0.0394376
71.0633 3.64545 -2.68616 0.877295 0.478635 0.0355347
71.0761 3.73645 -4.29496 0.877858 0.477893 0.0313556
71.1559 3.6845 -5.83076 0.877964 0.47791 0.0279321
71.2145 3.66332 -7.40229 0.878727 0.476692 0.0245718
71.2738 3.63998 -8.98024 0.880768 0.472748 0.0275183
71.3053 3.6501 -10.4941 0.882415 0.47014 0.0176803
71.3292 3.65983 -12.058 0.882482 0.470137 0.0140245
71.3358 3.68544 -13.6508 0.883912 0.467615 0.00549727
71.2691 3.82685 -15.1695 0.886016 0.463622 0.00553181
70.9563 4.43984 -16.5465 0.887048 0.461666 0.00325688
70.5878 5.16468 -17.9274 0.888478 0.458882 0.00582795
70.2342 5.87111 -19.2364 0.890118 0.455681 0.00670546
69.8485 6.64345 -20.4752 0.890188 0.455545 0.0067016
69.4466 7.44913 -21.679 0.890918 0.454121 0.00630473
69.0204 8.3059 -22.9461 0.891896 0.452148 0.00913163
68.5719 9.21968 -24.1513 0.892648 0.450609 0.0114244
68.0531 10.2436 -23.9731 0.892877 0.450129 0.0124244
67.5595 11.171 -22.7495 0.889597 0.456413 0.0174375
67.0477 12.1187 -21.6398 0.8882 0.458995 0.02059
66.591 12.9497 -20.4705 0.888121 0.459065 0.0223316
66.1524 13.7102 -19.2463 0.881517 0.470883 0.0346
65.6526 14.5528 -17.9977 0.881063 0.471764 0.0341615
65.1179 15.4633 -16.8026 0.878057 0.47732 0.0343739
64.6249 16.2772 -15.6273 0.875669 0.481598 0.0356019
64.0897 17.1488 -14.4005 0.873722 0.484788 0.039886
63.5624 18.0027 -13.2405 0.873142 0.485938 0.0385658
63.0443 18.8305 -12.0198 0.868532 0.494035 0.0397693
62.5848 19.5259 -10.7543 0.866475 0.497348 0.0431915
62.1467 20.1745 -9.47437 0.865426 0.498991 0.0452315
61.6275 20.9573 -8.14626 0.862877 0.503499 0.0439318
61.1168 21.7085 -6.90716 0.85817 0.510823 0.0510337
60.556 22.5152 -5.58715 0.856119 0.514334 0.0502054
60.1008 23.1523 -4.29737 0.857463 0.512429 0.0466231
59.7196 23.638 -2.71372 0.853846 0.518082 0.0503632
59.3605 24.0791 -1.1844 0.853316 0.518923 0.0506994
59.0272 24.4796 0.277672 0.853096 0.51895 0.0540105
58.7559 24.7505 1.80033 0.852178 0.519269 0.0644473
58.5819 24.8329 3.44417 0.853627 0.516813 0.0650059
58.4248 24.8925 5.06498 0.853464 0.517156 0.064409
58.3352 24.8507 6.58295 0.854775 0.514986 0.0644127
58.432 24.5202 7.9347 0.855756 0.513365 0.0643358
58.4331 24.5168 7.94647 0.855756 0.513364 0.0643341
