-51.6182 10.7127 -44.6305 -0.558941 0.460588 -0.689525
-50.4138 10.7197 -45.602 -0.556625 0.46337 -0.689533
-49.1957 10.663 -46.6059 -0.546952 0.461648 -0.698373
-47.8667 10.6427 -47.6538 -0.540977 0.468224 -0.698648
-46.6471 10.6437 -48.5964 -0.539616 0.46977 -0.698663
-45.3281 10.6122 -49.6341 -0.537381 0.471331 -0.699335
-44.0467 10.5773 -50.636 -0.532742 0.471657 -0.702657
-42.8005 10.5394 -51.5994 -0.527286 0.471599 -0.706799
-41.5703 10.5691 -52.492 -0.521574 0.472564 -0.710383
-40.2818 10.5602 -53.4358 -0.515002 0.478235 -0.711382
-39.0305 10.5445 -54.3516 -0.512951 0.482393 -0.710055
-37.7246 10.5374 -55.3031 -0.51395 0.484954 -0.707583
-36.4906 10.5623 -56.1726 -0.505117 0.488394 -0.711567
-35.2602 10.5696 -57.0319 -0.498265 0.48908 -0.715914
-33.9319 10.5785 -57.9403 -0.493238 0.487947 -0.720155
-32.6786 10.5446 -58.821 -0.494043 0.485058 -0.721554
-31.4131 10.5371 -59.6896 -0.490309 0.484425 -0.724519
-30.1563 10.5374 -60.5341 -0.487171 0.485026 -0.726233
-28.8143 10.5267 -61.4367 -0.482371 0.486116 -0.728703
-27.5506 10.5411 -62.2565 -0.477715 0.488579 -0.730122
-26.1489 10.4961 -63.2028 -0.47679 0.488574 -0.73073
-24.9248 10.6932 -63.8689 -0.475852 0.488458 -0.731419
-25.8323 11.5355 -62.7144 -0.476847 0.489117 -0.730329
-26.5788 12.3477 -61.6813 -0.477368 0.489847 -0.729499
-27.4112 13.1834 -60.5738 -0.477279 0.491037 -0.728757
-28.3362 13.9217 -59.47 -0.477669 0.493599 -0.726768
-29.21 14.6575 -58.3816 -0.484922 0.498762 -0.718391
-30.0172 15.3993 -57.3168 -0.488534 0.497861 -0.716567
-30.9423 16.1514 -56.1651 -0.489231 0.496131 -0.717291
-31.9874 16.7016 -55.0708 -0.49171 0.494732 -0.716562
-33.0885 17.1218 -54.021 -0.494526 0.494008 -0.715123
-34.2648 17.4146 -53.0045 -0.495792 0.494283 -0.714055
-35.4906 17.4855 -52.1 -0.497792 0.492916 -0.713608
-36.7985 17.3043 -51.3127 -0.497988 0.490306 -0.715268
-38.1233 16.9576 -50.624 -0.504318 0.48934 -0.711484
-39.4381 16.6833 -49.8681 -0.514809 0.483297 -0.708093
-40.7644 16.2848 -49.1748 -0.515411 0.482804 -0.707991
-42.1324 15.6323 -48.6195 -0.520444 0.479505 -0.706549
-43.4828 15.0601 -48.0073 -0.523508 0.47914 -0.704531
-44.7625 14.4479 -47.4634 -0.531294 0.476538 -0.700456
-46.076 13.8126 -46.8967 -0.53262 0.474489 -0.70084
-47.3687 13.1219 -46.3767 -0.535986 0.471188 -0.7005
-48.647 12.3711 -45.8981 -0.541915 0.467282 -0.698553
-49.9892 11.6105 -45.3458 -0.554993 0.464008 -0.690419
-51.281 10.9064 -44.7743 -0.55862 0.460975 -0.689526
-51.4734 10.7653 -44.7128 -0.55871 0.460941 -0.689476
-52.7714 16.8051 -39.6437 -0.556876 0.458993 -0.692253
-51.5279 17.4874 -40.1827 -0.551231 0.464509 -0.693091
-50.2358 18.2227 -40.7114 -0.546066 0.468451 -0.694525
-48.9876 18.959 -41.1918 -0.542684 0.470369 -0.695879
-47.7153 19.7162 -41.6565 -0.53261 0.475543 -0.700131
-46.3718 20.3777 -42.2265 -0.530209 0.474661 -0.70255
-44.9861 20.9695 -42.857 -0.521247 0.478526 -0.706622
-43.6984 21.5064 -43.4399 -0.517709 0.48304 -0.706151
-42.3599 22.1158 -44.0011 -0.516068 0.485369 -0.705754
-41.0325 22.7374 -44.5349 -0.507974 0.488821 -0.709237
-39.7068 23.1595 -45.1885 -0.505099 0.489643 -0.710721
-38.2997 23.4703 -45.9711 -0.503059 0.491202 -0.711092
-36.8236 23.8317 -46.761 -0.497221 0.49391 -0.713319
-35.4771 24.2372 -47.4127 -0.490758 0.500529 -0.713181
-34.1798 24.4354 -48.1632 -0.488497 0.500268 -0.714914
-32.9506 24.3685 -49.0491 -0.488186 0.503 -0.713206
-31.6958 24.3245 -49.9427 -0.48928 0.50616 -0.710216
-30.4668 24.2315 -50.8506 -0.485009 0.506471 -0.712919
-29.3845 23.8375 -51.8651 -0.48455 0.50555 -0.713884
-28.2496 23.4088 -52.9342 -0.481528 0.505165 -0.716197
-27.1545 22.9384 -53.9991 -0.479181 0.505571 -0.717485
-26.0961 22.4592 -55.0441 -0.477867 0.507188 -0.717219
-25.1699 21.7609 -56.1548 -0.4772 0.507359 -0.717542
-24.2953 21.0043 -57.27 -0.476013 0.505844 -0.719399
-23.3737 20.2188 -58.424 -0.472649 0.501128 -0.724895
-22.5245 19.5262 -59.4568 -0.476294 0.498365 -0.724415
-21.6729 18.7734 -60.5323 -0.475614 0.49564 -0.726726
-20.8529 18.0107 -61.5799 -0.473503 0.491406 -0.730969
-20.0549 17.1025 -62.7071 -0.473164 0.492391 -0.730525
-19.2833 16.274 -63.7634 -0.472237 0.491815 -0.731512
-18.5509 15.4322 -64.7959 -0.468192 0.487527 -0.736963
-17.7843 14.5785 -65.8439 -0.46463 0.487178 -0.739443
-16.9767 13.6594 -66.9534 -0.463427 0.48398 -0.742292
-16.1645 12.8306 -67.9997 -0.463596 0.482874 -0.742907
-15.2403 11.9409 -69.1458 -0.458821 0.480461 -0.747422
-14.5055 11.0802 -70.1492 -0.455828 0.481446 -0.748617
-13.8121 10.1863 -71.1393 -0.452288 0.47931 -0.752129
-14.7716 9.25948 -71.1563 -0.451189 0.482156 -0.750968
-16.0928 8.3954 -70.9142 -0.45353 0.481575 -0.74993
-17.3748 7.58502 -70.6574 -0.455961 0.483317 -0.747331
-18.7131 6.83552 -70.3245 -0.456656 0.481754 -0.747916
-20.0265 6.11091 -69.9846 -0.460173 0.480433 -0.746608
-21.327 5.41769 -69.6291 -0.46079 0.482094 -0.745157
-22.6656 4.74393 -69.2331 -0.463757 0.482247 -0.743214
-24.0287 4.11272 -68.7877 -0.467015 0.482591 -0.740947
-25.4177 3.58417 -68.2543 -0.469047 0.484078 -0.73869
-26.84 3.52151 -67.3876 -0.472535 0.484175 -0.7364
-28.1072 3.50372 -66.5831 -0.475836 0.484093 -0.734325
-29.3851 3.52682 -65.7363 -0.480392 0.48343 -0.73179
-30.6556 3.52981 -64.8918 -0.487005 0.48208 -0.728303
-31.9853 3.54002 -63.9858 -0.492747 0.482157 -0.724379
-33.255 3.53983 -63.117 -0.496668 0.48181 -0.721928
-34.604 3.57774 -62.1617 -0.49882 0.481902 -0.720381
-35.8424 3.59888 -61.2843 -0.502483 0.480708 -0.718631
-37.1318 3.56599 -60.3991 -0.507349 0.4796 -0.715947
-38.3874 3.55894 -59.5074 -0.511684 0.478274 -0.713745
-39.714 3.55323 -58.5527 -0.515741 0.4776 -0.711273
-40.9439 3.53364 -57.6674 -0.520263 0.476122 -0.708966
-42.2645 3.58328 -56.6597 -0.525201 0.47542 -0.705791
-43.4858 3.57848 -55.7508 -0.527682 0.47574 -0.70372
-44.6976 3.53296 -54.8678 -0.53259 0.474401 -0.700922
-45.9263 3.5277 -53.9315 -0.536128 0.472852 -0.699269
-47.142 3.51378 -53.0022 -0.543224 0.470408 -0.695431
-48.3142 3.57413 -52.047 -0.54282 0.468779 -0.696844
-49.5984 3.57201 -51.038 -0.549316 0.467064 -0.692895
-50.7628 3.63448 -50.0671 -0.55455 0.465199 -0.689974
-52.0059 3.595 -49.0868 -0.560257 0.464027 -0.686142
-53.2498 3.60632 -48.0554 -0.565179 0.461031 -0.684122
-54.4967 3.57606 -47.0401 -0.568293 0.462171 -0.680764
-55.6938 3.5785 -46.0347 -0.57206 0.459631 -0.679328
-56.9521 3.58655 -44.967 -0.57453 0.455229 -0.680207
-58.0701 3.65994 -43.967 -0.581176 0.453592 -0.675639
-59.0954 4.0941 -42.7857 -0.587748 0.44984 -0.672456
-59.8823 4.72322 -41.675 -0.58948 0.448354 -0.671932
-60.6059 5.45383 -40.5507 -0.592479 0.447071 -0.670146
-61.3257 6.21375 -39.4058 -0.59617 0.443827 -0.669028
-61.5922 7.16396 -38.5374 -0.597287 0.442442 -0.668949
-60.5468 8.40092 -38.6503 -0.594337 0.442344 -0.671636
-59.5918 9.76704 -38.5922 -0.589739 0.441541 -0.676202
-58.8263 11.1247 -38.3694 -0.582387 0.443207 -0.681464
-58.1754 12.4568 -38.0568 -0.578817 0.443484 -0.684319
-57.5255 13.8064 -37.7305 -0.575964 0.444467 -0.686087
-56.2543 14.7512 -38.1727 -0.567671 0.449751 -0.689543
-55.0185 15.5256 -38.6752 -0.561628 0.455884 -0.690467
-53.7281 16.2329 -39.2527 -0.557628 0.458543 -0.691946
-52.9732 16.6915 -39.5568 -0.557032 0.458831 -0.692235
-52.91 16.7268 -39.5841 -0.556877 0.458988 -0.692256
