-52.071 10.2427 -45.1437 -0.559153 0.462962 -0.687759
-50.7498 10.2494 -46.2088 -0.553524 0.463651 -0.691831
-49.5162 10.1883 -47.2258 -0.549128 0.463683 -0.695309
-48.3079 10.1861 -48.1727 -0.542314 0.467662 -0.697987
-47.0619 10.206 -49.1247 -0.540914 0.469615 -0.697764
-45.8477 10.2223 -50.0506 -0.538148 0.469748 -0.69981
-44.6578 10.1652 -50.9996 -0.535832 0.469332 -0.701863
-43.3699 10.1484 -51.9866 -0.52953 0.473369 -0.703931
-42.1495 10.1376 -52.905 -0.525418 0.472466 -0.70761
-40.8975 10.1132 -53.8442 -0.518689 0.477888 -0.708932
-39.6702 10.1077 -54.7436 -0.516815 0.481988 -0.707523
-38.4368 10.0973 -55.6488 -0.508765 0.484079 -0.711917
-37.1647 10.0868 -56.565 -0.504614 0.484087 -0.714858
-35.8967 10.0671 -57.4637 -0.498088 0.485052 -0.718771
-34.5053 10.1464 -58.3677 -0.494821 0.484401 -0.721462
-33.2157 10.1397 -59.2575 -0.495392 0.484134 -0.72125
-31.9531 10.1263 -60.131 -0.491069 0.485595 -0.723221
-30.7074 10.1328 -60.967 -0.487973 0.485387 -0.725453
-29.4573 10.1443 -61.7967 -0.483632 0.485086 -0.728554
-28.1825 10.15 -62.6346 -0.479192 0.487732 -0.729721
-26.889 10.1651 -63.4718 -0.477693 0.488522 -0.730175
-25.7709 10.7191 -63.8321 -0.477229 0.48833 -0.730607
-26.6652 11.4865 -62.7338 -0.477822 0.488826 -0.729887
-27.545 12.2908 -61.618 -0.477905 0.489806 -0.729176
-28.4874 13.0606 -60.4828 -0.477745 0.490272 -0.728967
-29.3545 13.8053 -59.4083 -0.482264 0.491505 -0.72515
-30.1904 14.5526 -58.3315 -0.488123 0.497207 -0.717301
-31.1212 15.2247 -57.233 -0.487147 0.49699 -0.718115
-32.1835 15.7697 -56.1317 -0.49237 0.494282 -0.71642
-33.2066 16.2231 -55.1137 -0.493235 0.493482 -0.716376
-34.3287 16.575 -54.0977 -0.494367 0.494914 -0.714605
-35.5534 16.6863 -53.1649 -0.499812 0.494574 -0.711044
-36.814 16.6351 -52.3144 -0.499521 0.492644 -0.712586
-38.1706 16.3588 -51.5515 -0.5027 0.488553 -0.713168
-39.5907 16.0749 -50.7223 -0.51459 0.483783 -0.70792
-40.984 15.733 -49.9424 -0.514977 0.48367 -0.707716
-42.3482 15.1906 -49.3122 -0.5217 0.481793 -0.704063
-43.6264 14.683 -48.7104 -0.523663 0.482038 -0.702435
-44.9472 14.0727 -48.1329 -0.532142 0.476391 -0.699912
-46.2699 13.4599 -47.5424 -0.533603 0.47411 -0.700348
-47.5477 12.8359 -46.9869 -0.535561 0.471862 -0.700371
-48.8991 12.054 -46.4699 -0.543971 0.46629 -0.697617
-50.217 11.3326 -45.911 -0.554181 0.464044 -0.691046
-51.4443 10.6305 -45.3918 -0.559179 0.462842 -0.68782
-52.0133 10.3235 -45.1362 -0.558423 0.462606 -0.688592
-53.113 16.164 -40.3583 -0.556735 0.458521 -0.69268
-54.3397 15.4885 -39.8172 -0.559473 0.458474 -0.690501
-55.5876 14.7908 -39.2616 -0.564912 0.452768 -0.689837
-56.8105 14.1045 -38.7021 -0.569818 0.44855 -0.688557
-58.0635 13.267 -38.196 -0.577304 0.443846 -0.685362
-58.9214 11.9797 -38.3035 -0.58155 0.441895 -0.683028
-59.6547 10.5191 -38.6247 -0.584504 0.443423 -0.679507
-60.5273 9.11758 -38.7806 -0.591576 0.441281 -0.674766
-61.4678 7.88987 -38.7548 -0.596493 0.442051 -0.669916
-61.3659 6.87645 -39.5157 -0.596012 0.443815 -0.669177
-60.5959 6.10495 -40.7098 -0.592662 0.445615 -0.670953
-59.8788 5.37188 -41.8297 -0.589881 0.448732 -0.671327
-59.1042 4.71505 -42.9498 -0.585483 0.454227 -0.671481
-58.2263 4.08359 -44.1362 -0.580379 0.456912 -0.674086
-57.3361 3.57949 -45.2362 -0.575731 0.457055 -0.677963
-56.2228 3.47843 -46.2441 -0.573222 0.457229 -0.67997
-55.0333 3.4786 -47.2441 -0.570918 0.459678 -0.680256
-53.8276 3.48557 -48.2456 -0.567345 0.461237 -0.682188
-52.6161 3.4622 -49.26 -0.559194 0.464314 -0.686815
-51.4525 3.43541 -50.2175 -0.552119 0.465581 -0.691664
-50.2604 3.43243 -51.1671 -0.549795 0.466799 -0.692694
-49.0649 3.45401 -52.0988 -0.545352 0.46886 -0.694809
-47.7328 3.40709 -53.1708 -0.543628 0.470143 -0.695294
-46.5279 3.41245 -54.104 -0.536228 0.473181 -0.69897
-45.2628 3.39583 -55.0857 -0.535539 0.474358 -0.698701
-43.9997 3.41817 -56.0278 -0.527917 0.476476 -0.703046
-42.7575 3.4405 -56.9415 -0.525093 0.47585 -0.70558
-41.4302 3.40768 -57.9437 -0.520561 0.475574 -0.709116
-40.1357 3.42562 -58.8789 -0.517175 0.476981 -0.710647
-38.8427 3.41526 -59.8222 -0.514352 0.478016 -0.711999
-37.5844 3.38843 -60.7422 -0.508553 0.480341 -0.714595
-36.3026 3.42225 -61.6245 -0.503031 0.480419 -0.718441
-34.9938 3.42933 -62.5326 -0.499867 0.480243 -0.720763
-33.6556 3.41166 -63.4671 -0.496363 0.481535 -0.722321
-32.3488 3.46123 -64.3275 -0.493328 0.48165 -0.724321
-31.0743 3.44068 -65.2034 -0.488931 0.482972 -0.726419
-29.6938 3.43412 -66.1241 -0.480921 0.484715 -0.730593
-28.3287 3.43035 -67.0167 -0.475219 0.483898 -0.734853
-26.9179 3.58598 -67.822 -0.472021 0.484147 -0.736748
-25.5643 4.1252 -68.3333 -0.470274 0.483915 -0.738017
-24.1171 4.76733 -68.8325 -0.468658 0.48151 -0.740613
-22.7387 5.39573 -69.2926 -0.464514 0.481907 -0.742962
-21.432 6.08365 -69.6605 -0.460809 0.482513 -0.744873
-20.1292 6.73884 -70.041 -0.459004 0.482653 -0.745896
-18.6776 7.5209 -70.4262 -0.457499 0.483217 -0.746456
-17.3778 8.29934 -70.7187 -0.457163 0.481851 -0.747544
-16.1236 9.10862 -70.962 -0.454852 0.481131 -0.749414
-14.7632 9.99752 -71.2163 -0.454399 0.479237 -0.750902
-15.4107 10.9206 -70.2333 -0.458631 0.47977 -0.747981
-16.2548 11.7058 -69.2062 -0.460513 0.48139 -0.745782
-17.0431 12.521 -68.1899 -0.46198 0.483615 -0.743432
-17.8164 13.3335 -67.1787 -0.463191 0.484437 -0.742143
-18.5965 14.1653 -66.1462 -0.465544 0.485465 -0.739993
-19.3291 15.0069 -65.124 -0.472482 0.486553 -0.734865
-20.1093 15.8465 -64.065 -0.473525 0.486779 -0.734044
-20.8842 16.6348 -63.0405 -0.475555 0.488379 -0.731665
-21.7055 17.4223 -61.9774 -0.476355 0.489922 -0.730111
-22.6175 18.182 -60.8711 -0.47718 0.491677 -0.72839
-23.5116 18.9019 -59.795 -0.478177 0.493264 -0.726661
-24.3655 19.6485 -58.725 -0.47829 0.494027 -0.726069
-25.2814 20.3719 -57.6171 -0.481009 0.500884 -0.719544
-26.2509 21.1301 -56.4395 -0.481109 0.501514 -0.71904
-27.301 21.6481 -55.375 -0.481482 0.501463 -0.718825
-28.3547 22.0866 -54.3626 -0.482603 0.501007 -0.718391
-29.4433 22.5351 -53.3157 -0.485742 0.500006 -0.716972
-30.509 22.9538 -52.3009 -0.486029 0.500527 -0.716414
-31.6706 23.1598 -51.366 -0.488444 0.500501 -0.714788
-32.9158 23.2329 -50.4571 -0.492334 0.500607 -0.712039
-34.1429 23.305 -49.5612 -0.491072 0.498667 -0.714269
-35.5274 23.3014 -48.6125 -0.493715 0.493908 -0.715749
-36.8657 22.9579 -47.9155 -0.502078 0.489837 -0.712725
-38.1812 22.6587 -47.1919 -0.504378 0.48823 -0.712204
-39.5463 22.3645 -46.4246 -0.507393 0.485373 -0.712015
-40.8991 22.049 -45.6749 -0.50795 0.485074 -0.711821
-42.2408 21.5451 -45.0484 -0.516728 0.48376 -0.706377
-43.607 20.9458 -44.455 -0.519805 0.481067 -0.705958
-44.8897 20.412 -43.8684 -0.522744 0.47759 -0.706149
-46.3129 19.8135 -43.2136 -0.529301 0.474506 -0.703338
-47.7229 19.1687 -42.5824 -0.531888 0.474165 -0.701614
-49.0698 18.4429 -42.0394 -0.54273 0.467801 -0.697571
-50.4601 17.643 -41.4886 -0.54837 0.466135 -0.694268
-51.8233 16.8647 -40.9282 -0.552184 0.462683 -0.693553
-52.9074 16.2792 -40.4472 -0.55651 0.458505 -0.69287
-52.957 16.2511 -40.426 -0.556631 0.458503 -0.692775
