64.4174 16.18 6.31523 0.864187 0.499032 0.0643833
64.4939 16.2474 4.68381 0.865302 0.497641 0.0600527
64.6676 16.1262 3.17153 0.864928 0.498523 0.0580969
64.9152 15.8674 1.65036 0.865994 0.497132 0.0539768
65.2624 15.4153 0.244106 0.867582 0.494344 0.0540885
65.6027 14.9755 -1.20645 0.86861 0.492551 0.0539433
66.0044 14.414 -2.61744 0.869579 0.491288 0.0496748
66.4706 13.7242 -4.01929 0.86949 0.492024 0.0435051
66.9004 13.0613 -5.36048 0.874564 0.483475 0.0372686
67.3418 12.3656 -6.77403 0.874903 0.483132 0.0335748
67.7556 11.7026 -8.07973 0.87541 0.482315 0.0320783
68.2611 10.8759 -9.45994 0.875508 0.482255 0.0302411
68.7291 10.0389 -9.67665 0.876212 0.480994 0.0299637
68.8038 9.79412 -8.03776 0.875972 0.481239 0.0328954
68.746 9.795 -6.51426 0.875936 0.481282 0.0332089
68.6875 9.78039 -4.90281 0.875029 0.482491 0.0390692
68.6077 9.79896 -3.39173 0.875201 0.482045 0.0406963
68.5161 9.82481 -1.74907 0.874978 0.48235 0.0418565
68.4385 9.82604 -0.237879 0.873098 0.485204 0.0477162
68.3654 9.79851 1.35762 0.87143 0.488029 0.0493669
68.2715 9.7967 2.95903 0.870085 0.490082 0.0526392
68.1819 9.79533 4.48246 0.870796 0.489163 0.0493371
68.1032 9.76796 5.99233 0.870089 0.489153 0.0606147
68.0004 9.73938 7.69154 0.870661 0.48794 0.0621576
67.8868 9.74469 9.19335 0.871145 0.486639 0.0654855
67.7596 9.73874 10.8331 0.870377 0.486889 0.0733631
67.6259 9.72523 12.437 0.868248 0.490143 0.0768478
67.512 9.67977 13.9988 0.868169 0.490066 0.0782139
67.3599 9.69848 15.5001 0.867923 0.489463 0.0844716
67.141 9.81559 17.0546 0.868097 0.488656 0.0873132
66.7445 10.2611 18.4725 0.868047 0.488145 0.0906025
66.2676 10.9754 19.1823 0.867464 0.488948 0.0918468
65.9587 11.7609 17.8985 0.867342 0.489836 0.088192
65.6568 12.5246 16.5649 0.866075 0.492759 0.0842738
65.4191 13.167 15.2063 0.866262 0.493397 0.0784224
65.1885 13.794 13.7544 0.864596 0.496755 0.0755513
64.9416 14.4293 12.3598 0.863693 0.498748 0.0726918
64.6994 15.0626 10.8741 0.863215 0.499712 0.0717438
64.5775 15.4851 9.3673 0.862998 0.500526 0.0686133
64.4792 15.8738 7.78149 0.864252 0.498348 0.0686844
64.4216 16.1449 6.52545 0.864311 0.498596 0.0660942
60.6774 22.3257 8.12696 0.860221 0.505896 0.0639473
60.6172 22.612 6.65454 0.86028 0.505896 0.0631455
60.7178 22.6455 5.01957 0.859704 0.50689 0.063023
60.839 22.6445 3.38115 0.85952 0.507233 0.0627736
60.9837 22.5908 1.85313 0.859153 0.507681 0.0641583
61.239 22.3463 0.377023 0.858225 0.509198 0.0645526
61.617 21.8831 -1.11493 0.861709 0.504128 0.0575553
61.9825 21.4097 -2.53019 0.863923 0.500607 0.0550405
62.3642 20.9179 -4.09072 0.865698 0.497705 0.0534506
62.768 20.3841 -5.65811 0.865709 0.497679 0.0535129
63.2251 19.7189 -7.03732 0.86789 0.495066 0.0409579
63.6728 19.0374 -8.31662 0.868564 0.493908 0.0406366
64.1477 18.3196 -9.77059 0.869937 0.491503 0.0404331
64.6135 17.5961 -11.1638 0.873167 0.486017 0.0369715
65.0234 16.954 -12.4712 0.87361 0.485369 0.0349787
65.4871 16.2124 -13.7447 0.875079 0.482492 0.0379252
65.9895 15.3786 -14.8863 0.878235 0.477066 0.0333224
66.5054 14.501 -16.0841 0.881492 0.471253 0.0298873
66.9984 13.6614 -17.343 0.881905 0.470269 0.0330276
67.4938 12.8139 -18.5363 0.884593 0.465309 0.0311166
67.9443 12.0133 -19.7648 0.887508 0.460231 0.0227471
68.3634 11.2613 -21.0009 0.888369 0.458731 0.019136
68.8224 10.4168 -22.3233 0.890641 0.454362 0.0177371
69.2966 9.49743 -22.7305 0.891149 0.453548 0.0121905
69.7512 8.57287 -21.3873 0.890751 0.454344 0.0115993
70.1568 7.75262 -20.1358 0.889425 0.456972 0.01002
70.5214 7.02159 -18.8612 0.888615 0.458592 0.00747417
70.8962 6.27643 -17.5425 0.888181 0.459433 0.00742109
71.2693 5.53953 -16.0773 0.887246 0.461277 0.00414375
71.6137 4.86075 -14.649 0.885108 0.465341 0.00643341
71.8875 4.31925 -13.2565 0.882715 0.469795 0.0102731
72.139 3.80685 -11.856 0.882535 0.469999 0.0152444
72.3475 3.36257 -10.3073 0.881717 0.471476 0.0168804
72.3383 3.32308 -8.78557 0.880857 0.472999 0.0190644
72.2855 3.34354 -7.14661 0.880086 0.474122 0.0256204
72.2415 3.3363 -5.58804 0.879849 0.474401 0.0284675
72.1802 3.33983 -3.93112 0.878652 0.47629 0.0334442
72.1186 3.33365 -2.35278 0.877149 0.47875 0.0375325
72.0523 3.3273 -0.761843 0.876632 0.479497 0.0399848
71.9976 3.29891 0.759031 0.875683 0.481116 0.0413104
71.8951 3.33951 2.3927 0.873529 0.484702 0.0448509
71.8262 3.3179 3.94486 0.872283 0.486769 0.0466666
71.7298 3.32929 5.50023 0.871777 0.48691 0.0540533
71.6357 3.3082 7.08291 0.871026 0.487445 0.0609166
71.5245 3.30724 8.64979 0.870365 0.488286 0.0635736
71.3932 3.33006 10.2451 0.87056 0.487496 0.0668819
71.2762 3.31478 11.8013 0.869767 0.487988 0.0732965
71.1487 3.30303 13.383 0.870075 0.487264 0.0744569
71.031 3.27471 14.8909 0.870008 0.486668 0.0789981
70.8618 3.28646 16.6113 0.870275 0.485008 0.0859293
70.6956 3.28736 18.1971 0.869575 0.48483 0.0936995
70.3105 3.6621 19.8205 0.869713 0.48437 0.0947919
69.9009 4.11688 21.2065 0.868499 0.485642 0.0993012
69.4545 4.63805 22.5455 0.868179 0.485998 0.100351
68.9762 5.20621 23.8989 0.866949 0.486914 0.10637
68.4355 5.85022 25.3289 0.865971 0.487948 0.109547
67.9208 6.462 26.6555 0.864575 0.489801 0.112274
67.3513 7.15574 27.9768 0.863242 0.491016 0.117112
66.8107 7.79807 29.2198 0.861307 0.49215 0.126248
66.2086 8.5153 30.4806 0.861442 0.489911 0.133811
65.6166 9.2212 31.6892 0.861893 0.487611 0.139198
64.9609 9.99301 33.0029 0.860998 0.48705 0.146509
64.5909 10.9046 32.1358 0.86033 0.489203 0.143223
64.3437 11.6999 30.8617 0.861838 0.489426 0.133032
64.0581 12.5572 29.5266 0.862558 0.489728 0.127126
63.8095 13.3736 28.0728 0.864574 0.486647 0.125244
63.5858 14.1482 26.5485 0.863333 0.490606 0.118136
63.3189 14.9289 25.2007 0.863733 0.491929 0.109417
63.0033 15.7724 23.8093 0.864133 0.493584 0.0982299
62.6999 16.5743 22.4641 0.863681 0.494003 0.100075
62.398 17.3538 21.1983 0.86291 0.496537 0.0940033
62.1225 18.083 19.7925 0.862287 0.498775 0.0876642
61.8945 18.7258 18.379 0.860982 0.501354 0.0857349
61.6327 19.4092 16.9266 0.861417 0.501727 0.0789379
61.4014 20.0302 15.4984 0.861746 0.501314 0.0779625
61.1387 20.711 13.9992 0.861461 0.502068 0.0762376
60.9478 21.2473 12.5916 0.860711 0.503932 0.0723058
60.8456 21.6456 11.016 0.86112 0.503339 0.0715644
60.7512 22.0164 9.5227 0.861017 0.503774 0.0697234
60.6916 22.2731 8.35051 0.860147 0.505944 0.0645558
60.6909 22.2757 8.3397 0.860221 0.505896 0.0639474
