-3.97843 28.0885 -1.7231 -0.657812 0.727172 -0.196226
-1.72729 28.5859 -3.70548 -0.291242 0.7564 -0.5856
0.995175 27.9265 -4.79727 0.17421 0.723293 -0.668204
3.24473 27.5809 -4.07991 0.423653 0.72996 -0.535893
4.13392 28.4087 -1.20367 0.699119 0.707042 -0.10641
3.57116 28.3643 1.75673 0.515021 0.788686 0.335748
1.26357 29.1562 2.5723 0.262134 0.809913 0.524715
-1.56026 29.6352 1.45044 -0.363787 0.847525 0.381934
-3.44487 28.7624 -0.663909 -0.645538 0.759238 -0.0826929
-3.97194 28.1078 -1.67347 -0.669195 0.718531 -0.188764
-7.43885 24.1929 3.96233 -0.544556 0.783273 0.299902
-5.03804 24.614 5.90331 -0.411752 0.75845 0.505187
-2.3947 24.5675 7.49221 -0.200279 0.757413 0.621382
0.428306 24.0519 8.51916 0.026607 0.798608 0.601225
3.16551 22.9067 9.67097 0.151339 0.838406 0.523615
5.90596 22.233 9.6272 0.268569 0.851482 0.450388
7.64173 22.5502 7.70757 0.362535 0.845645 0.391731
8.71607 23.2482 4.84713 0.484954 0.809631 0.330632
9.48646 23.5574 1.93514 0.611712 0.782758 0.114449
9.95063 23.3767 -1.06101 0.622925 0.781551 -0.0337978
9.4292 23.2529 -4.18257 0.559032 0.799745 -0.218841
9.05099 22.5576 -7.13898 0.485112 0.832478 -0.267652
9.37388 21.5606 -9.97151 0.40383 0.884603 -0.233055
7.08358 21.6992 -11.8414 0.207744 0.906093 -0.368551
4.36507 21.4169 -13.283 0.065733 0.874004 -0.481453
1.87236 22.1746 -12.1747 -5.17404e-05 0.845877 -0.533378
-0.764595 23.0918 -10.6357 -0.0970124 0.795158 -0.598591
-3.509 23.5398 -9.25226 -0.245401 0.776305 -0.58046
-6.17212 23.5316 -7.63377 -0.406911 0.782234 -0.471414
-8.55666 23.1063 -5.79953 -0.498028 0.803102 -0.327101
-11.1463 22.1399 -4.36445 -0.47083 0.847902 -0.243685
-13.6218 21.0548 -3.2033 -0.448141 0.881435 -0.149133
-14.0127 21.0348 -0.111662 -0.473746 0.880215 0.0262121
-11.8987 22.0757 1.34482 -0.480923 0.87211 0.0902118
-9.30218 23.3893 2.57582 -0.526349 0.832988 0.170553
-7.56364 24.1469 3.85577 -0.530381 0.793767 0.297174
-7.52613 24.1614 3.88608 -0.544557 0.783273 0.299902
