-13.3886 4.30461 -64.8211 -0.0938282 0.813597 -0.573809
-10.4215 4.23691 -65.2363 -0.0377944 0.814009 -0.579622
-7.36092 4.23159 -65.3779 -0.0089104 0.809585 -0.586922
-6.70181 5.67677 -63.3118 0.000179311 0.824183 -0.566323
-6.77198 7.39734 -60.7037 -0.013162 0.843631 -0.536761
-6.84343 8.99303 -58.1691 -0.0294685 0.844718 -0.534399
-8.75255 7.70946 -60.1195 -0.0298956 0.851915 -0.522823
-10.4516 6.3344 -62.2229 -0.0534326 0.835485 -0.546901
-12.4421 4.96406 -64.0217 -0.0821419 0.820806 -0.565269
-13.2789 4.40164 -64.7014 -0.0938364 0.813605 -0.573796
-16.2551 6.05441 -61.8812 -0.0804483 0.818447 -0.568919
-18.9744 5.12809 -62.6473 -0.142465 0.801659 -0.580557
-21.9548 4.29311 -62.9773 -0.17335 0.794033 -0.582634
-25.0031 3.8933 -62.5502 -0.200797 0.792501 -0.575867
-27.8292 3.8755 -61.4687 -0.244543 0.785673 -0.568257
-30.4484 4.10687 -59.9344 -0.26476 0.787004 -0.557248
-33.3195 3.70453 -59.044 -0.301292 0.781151 -0.546832
-35.959 3.85321 -57.2368 -0.334076 0.785392 -0.521108
-38.6429 3.6582 -55.7483 -0.354649 0.779896 -0.515734
-41.2096 3.42327 -54.2212 -0.388249 0.770375 -0.505751
-43.6311 3.42919 -52.2778 -0.407409 0.771695 -0.488369
-45.4518 3.8452 -49.941 -0.430941 0.781527 -0.451116
-47.4318 4.00021 -47.7365 -0.444014 0.784063 -0.433697
-49.6216 3.94455 -45.4426 -0.473961 0.789889 -0.38913
-50.9793 4.41661 -42.7251 -0.477374 0.797822 -0.36823
-51.6451 5.17309 -39.9164 -0.489288 0.818045 -0.302322
-50.7066 6.60595 -37.4057 -0.484579 0.829821 -0.27673
-49.4617 8.05524 -35.0909 -0.472337 0.841093 -0.263553
-48.4163 9.4108 -32.62 -0.459124 0.846411 -0.269802
-49.5827 9.21683 -31.2397 -0.463247 0.842656 -0.274467
-51.8392 7.52005 -32.5867 -0.476135 0.835223 -0.275129
-53.9968 5.84573 -33.8447 -0.487554 0.826222 -0.28222
-56.1179 4.05836 -35.0212 -0.548494 0.787277 -0.281685
-58.1548 2.15322 -36.2142 -0.588463 0.764001 -0.264601
-57.8601 1.47663 -38.661 -0.574605 0.764857 -0.291244
-56.3236 1.50917 -41.3905 -0.542944 0.773106 -0.327723
-54.5683 1.51213 -43.9991 -0.514911 0.763049 -0.39067
-52.5562 1.52898 -46.4943 -0.506589 0.754973 -0.416393
-50.4729 1.5544 -48.8319 -0.482186 0.754551 -0.445134
-48.3912 1.53405 -51.0095 -0.461062 0.752764 -0.469859
-46.153 1.53603 -53.086 -0.433172 0.755279 -0.491845
-43.8046 1.54371 -55.0332 -0.406257 0.756437 -0.512599
-41.3095 1.55432 -56.9262 -0.389444 0.753096 -0.530255
-38.8023 1.53731 -58.7116 -0.362685 0.757111 -0.543362
-36.2474 1.53038 -60.3598 -0.337483 0.759565 -0.556027
-33.5924 1.53168 -61.8707 -0.302429 0.760401 -0.57474
-30.7932 1.53617 -63.2619 -0.272549 0.758503 -0.591938
-28.0368 1.54472 -64.4664 -0.243358 0.757508 -0.605772
-25.1931 1.54465 -65.5494 -0.210142 0.762466 -0.611953
-22.3059 1.54657 -66.478 -0.184218 0.756146 -0.627902
-19.2805 1.53115 -67.2959 -0.153008 0.761215 -0.63017
-16.3175 1.53338 -67.9302 -0.120436 0.761649 -0.636698
-13.3018 1.52392 -68.436 -0.0836499 0.767186 -0.635946
-10.3117 1.48849 -68.766 -0.0418539 0.767383 -0.639822
-7.29313 1.49084 -68.8848 -0.00529624 0.761884 -0.647662
-4.25163 1.49206 -68.8301 0.0308149 0.771429 -0.635569
-2.31544 2.38526 -67.6163 0.0446782 0.773079 -0.63273
-2.29897 4.23491 -65.2258 0.0134941 0.805897 -0.5919
-2.3055 6.03123 -62.7092 0.00370101 0.819957 -0.572414
-2.30277 7.72597 -60.2259 -0.0032955 0.829835 -0.557999
-2.27517 9.4717 -57.6126 -0.0145899 0.832554 -0.553751
-2.264 11.184 -55.0358 -0.0311652 0.834025 -0.550845
-4.02167 12.0373 -53.6349 -0.035559 0.831985 -0.553657
-7.15609 11.8916 -53.5801 -0.0593902 0.835088 -0.546902
-9.66233 10.9894 -54.7403 -0.0600391 0.84926 -0.52455
-11.3671 9.57792 -56.8476 -0.0625118 0.852613 -0.51879
-13.1311 8.17606 -58.9367 -0.0603902 0.850227 -0.522941
-15.1355 6.79179 -60.9124 -0.0610384 0.838404 -0.54162
-16.0468 6.18278 -61.7202 -0.0757728 0.825954 -0.558622
-16.2346 6.06669 -61.8663 -0.0772583 0.822359 -0.563664
