52.6179 10.2532 -19.0055 0.49004 0.846049 -0.209907
54.7553 8.67247 -20.4244 0.479185 0.850431 -0.217127
57.0016 7.07008 -21.6643 0.486834 0.842196 -0.231726
59.0158 5.89803 -21.6698 0.500861 0.834142 -0.230967
60.133 5.88613 -18.8342 0.532131 0.828824 -0.172879
61.0579 5.9143 -15.8498 0.54454 0.821128 -0.170953
61.8657 5.93519 -12.9186 0.533518 0.835101 -0.134026
62.5098 5.9803 -9.94431 0.53851 0.833885 -0.120708
62.9726 6.02568 -6.78213 0.553453 0.828723 -0.0831125
63.3628 6.00986 -3.63985 0.540758 0.840212 -0.0403091
63.506 5.98814 -0.437925 0.53991 0.841716 -0.00310629
63.4653 5.99356 2.6119 0.543211 0.839508 0.0121884
63.3293 5.98972 5.73817 0.543762 0.838322 0.0392331
62.993 5.98185 8.78906 0.552625 0.829248 0.0833837
62.4296 5.94562 11.7478 0.535627 0.835223 0.124487
61.6951 5.91331 14.6868 0.530188 0.83209 0.162867
60.8697 5.86987 17.5943 0.525723 0.83417 0.16666
59.844 5.85845 20.5383 0.502055 0.838518 0.211726
58.1604 6.37466 22.3296 0.490384 0.838642 0.237073
55.8778 8.01115 21.0462 0.483716 0.846931 0.220739
53.6493 9.58733 19.7852 0.468806 0.857934 0.210167
54.7969 9.49219 17.4231 0.491086 0.850867 0.186707
56.9292 8.65983 15.4504 0.489676 0.857264 0.159097
58.8457 7.92559 13.2509 0.508566 0.849972 0.137508
60.1632 7.5494 10.5161 0.502962 0.856843 0.113351
60.6726 7.55811 7.56484 0.517114 0.853691 0.0616571
60.5368 7.79021 4.58363 0.523705 0.851485 0.0265589
60.6298 7.81532 1.5777 0.531186 0.847123 0.0149539
60.9264 7.63243 -1.43341 0.538387 0.842608 -0.0122986
61.2378 7.34184 -4.40609 0.539192 0.841572 -0.032074
61.2576 7.0826 -7.49779 0.535481 0.840316 -0.0844288
60.643 7.06774 -10.5681 0.531381 0.837423 -0.127895
59.3084 7.49509 -13.2105 0.516682 0.84421 -0.142654
57.3071 8.31152 -15.3735 0.50086 0.852141 -0.151642
54.8782 9.41758 -16.9518 0.483702 0.856963 -0.177891
52.6557 10.2442 -18.9518 0.494115 0.845304 -0.203252
52.6326 10.2504 -18.9823 0.492078 0.845677 -0.206579
48.9356 13.4326 -14.8067 0.516571 0.83539 -0.18782
47.0401 14.0207 -17.1798 0.50634 0.83643 -0.209772
45.4194 14.3414 -19.7048 0.50784 0.828997 -0.23423
45.1466 13.7601 -22.2746 0.507363 0.824107 -0.251854
47.3878 12.0069 -23.5715 0.489532 0.830802 -0.264815
49.6738 10.2703 -24.8302 0.477778 0.838384 -0.262374
51.9221 8.58201 -26.1362 0.472645 0.838667 -0.270636
54.1085 6.92253 -27.4379 0.476741 0.835742 -0.272492
56.3747 5.1682 -28.7315 0.485971 0.8227 -0.294944
58.6045 3.29492 -30.0755 0.503404 0.801519 -0.322726
60.6797 2.10467 -29.6114 0.527546 0.780999 -0.334268
62.2522 2.12944 -26.9435 0.542383 0.78157 -0.308169
63.5531 2.15222 -24.2282 0.565309 0.784439 -0.255091
64.7497 2.14947 -21.3929 0.580768 0.783974 -0.219255
65.7347 2.15239 -18.5242 0.594164 0.781729 -0.189378
66.5657 2.15772 -15.623 0.610784 0.774905 -0.162682
67.3269 2.14802 -12.687 0.623558 0.771082 -0.128478
67.8213 2.18841 -9.72754 0.625563 0.771799 -0.114005
68.2632 2.18011 -6.69525 0.63282 0.770764 -0.0739089
68.5533 2.17144 -3.69725 0.642565 0.764832 -0.0462755
68.6931 2.20788 -0.658075 0.638825 0.769156 -0.0140281
68.7146 2.19351 2.35601 0.630758 0.775787 0.0172797
68.586 2.17804 5.53476 0.636043 0.770026 0.0500925
68.2862 2.1617 8.53438 0.633761 0.769525 0.0786038
67.8234 2.14712 11.5813 0.619595 0.777208 0.109747
67.157 2.1557 14.5948 0.614455 0.772968 0.157975
66.3798 2.14198 17.499 0.602023 0.778251 0.178588
65.4432 2.11827 20.4477 0.588933 0.781138 0.207317
64.2963 2.11677 23.3366 0.581572 0.772752 0.254222
62.9704 2.13012 26.1161 0.559336 0.778522 0.284687
61.485 2.12976 28.7705 0.534725 0.779425 0.326444
59.5879 2.60262 30.5902 0.520297 0.780856 0.345768
57.4866 4.4465 29.3574 0.492043 0.81112 0.316194
55.3457 6.16978 28.1248 0.481321 0.826195 0.292797
53.1726 7.85456 26.8546 0.472805 0.838101 0.272106
50.8724 9.54825 25.5702 0.47307 0.842801 0.256692
48.6021 11.2092 24.2464 0.477309 0.844621 0.242469
46.3119 12.8805 23.0157 0.488629 0.838364 0.241636
44.3708 14.4879 21.465 0.502926 0.826846 0.251774
46.2578 13.9799 19.2669 0.507288 0.830093 0.231524
48.3492 13.2877 17.1463 0.497477 0.840597 0.214267
49.8935 12.9863 14.5344 0.50542 0.842355 0.18705
51.8984 12.2026 12.3305 0.515206 0.842473 0.157488
53.9912 11.2186 10.3674 0.51628 0.848467 0.116439
55.1379 10.8497 7.69768 0.535874 0.840503 0.0799552
54.9922 11.1601 4.65088 0.527631 0.848093 0.0484197
55.0777 11.2211 1.66616 0.526114 0.850338 0.0114042
55.4083 11.0303 -1.44097 0.527253 0.849625 -0.0115323
55.6631 10.7779 -4.47153 0.512364 0.856999 -0.0550926
55.8042 10.4291 -7.50601 0.508969 0.855797 -0.0925343
54.5635 10.8195 -10.1741 0.515531 0.848463 -0.119744
52.2027 12.0432 -11.6325 0.524087 0.837749 -0.153325
49.9852 13.0851 -13.4217 0.515611 0.837206 -0.182295
49.1045 13.3739 -14.6011 0.51787 0.83474 -0.187137
49.0664 13.3869 -14.6484 0.517874 0.834738 -0.187134
