-37.0864 5.50193 -33.6737 -0.399054 0.858205 -0.322861
-34.7947 7.14142 -32.3186 -0.392844 0.845449 -0.361772
-32.5696 8.69805 -30.9903 -0.382714 0.850924 -0.359804
-30.2638 10.283 -29.727 -0.386243 0.844225 -0.371615
-27.957 11.9086 -28.3346 -0.378861 0.853163 -0.358576
-25.7303 13.4691 -26.9678 -0.362808 0.853345 -0.374375
-23.4759 14.9914 -25.6687 -0.353676 0.841259 -0.408897
-21.1959 16.5899 -24.3447 -0.3523 0.844578 -0.403195
-18.8941 18.1264 -23.0074 -0.330512 0.851268 -0.407412
-16.5882 19.6165 -21.6313 -0.297366 0.858956 -0.416855
-14.1815 21.1292 -20.2741 -0.289409 0.856991 -0.426388
-11.9519 22.5792 -18.8761 -0.274397 0.850895 -0.447975
-10.0029 24.1419 -17.1896 -0.278565 0.840184 -0.465288
-10.3635 22.7383 -19.5308 -0.258096 0.849757 -0.459673
-10.477 21.2753 -22.144 -0.244103 0.851471 -0.464121
-10.4847 19.8254 -24.773 -0.225813 0.842842 -0.488494
-10.4642 18.324 -27.3913 -0.216349 0.846286 -0.48682
-10.4889 16.8126 -30.0304 -0.182129 0.855019 -0.485563
-10.5266 15.2963 -32.6543 -0.161204 0.85436 -0.494039
-10.4972 13.7531 -35.2893 -0.150423 0.845266 -0.512737
-10.5514 12.1558 -37.9103 -0.13688 0.85042 -0.507986
-10.507 10.5383 -40.5373 -0.110945 0.84019 -0.530822
-10.5833 8.90612 -43.0948 -0.103585 0.838715 -0.534628
-10.6174 7.26182 -45.7003 -0.0936248 0.843126 -0.529502
-10.6729 5.67498 -48.2458 -0.0889285 0.847737 -0.522908
-13.5075 5.49672 -48.0277 -0.105352 0.845918 -0.522722
-16.4688 5.47715 -47.2918 -0.145732 0.852498 -0.501999
-19.362 5.4102 -46.417 -0.184484 0.855374 -0.484046
-22.1761 5.4213 -45.244 -0.21244 0.852918 -0.47685
-24.9209 5.42786 -43.898 -0.251817 0.848875 -0.464757
-27.592 5.41809 -42.3123 -0.289653 0.851264 -0.437551
-30.1893 5.41605 -40.4455 -0.316083 0.857286 -0.406389
-32.5899 5.43187 -38.48 -0.333579 0.858015 -0.390556
-34.8379 5.4524 -36.3037 -0.371422 0.85316 -0.366284
-36.8626 5.45462 -34.0667 -0.389957 0.85989 -0.329389
-37.0701 5.4927 -33.7184 -0.396472 0.858047 -0.326413
-41.8267 1.82832 -37.4693 -0.394886 0.857935 -0.32865
-39.8391 1.83493 -39.7418 -0.37967 0.859537 -0.342121
-37.7029 1.84472 -41.9768 -0.348613 0.864861 -0.361227
-35.4265 1.85437 -43.9902 -0.331 0.856101 -0.396824
-33.0317 1.81279 -45.9039 -0.300723 0.855378 -0.421775
-30.4747 1.82171 -47.5857 -0.272185 0.856678 -0.438198
-27.8119 1.80023 -49.1916 -0.239129 0.861202 -0.448494
-25.0707 1.81697 -50.5622 -0.215719 0.862841 -0.457133
-22.115 1.83324 -51.7954 -0.175569 0.861008 -0.477315
-19.254 1.81436 -52.7894 -0.155029 0.858106 -0.48951
-16.3329 1.85068 -53.5248 -0.112588 0.860361 -0.49709
-13.3299 1.81577 -54.1734 -0.0816029 0.858244 -0.506714
-10.3085 1.85734 -54.5491 -0.06427 0.857586 -0.510309
-7.24738 1.90844 -54.7522 -0.0286858 0.845763 -0.532787
-4.18589 1.96172 -54.7841 -0.0185391 0.837555 -0.546038
-3.58953 3.41434 -52.5645 -0.0290636 0.838031 -0.544833
-3.60976 5.05786 -50.0547 -0.0413566 0.835499 -0.547933
-3.59902 6.71486 -47.5418 -0.0616668 0.834078 -0.548188
-3.56913 8.44112 -44.943 -0.0641774 0.828759 -0.555913
-3.62006 10.1238 -42.4069 -0.0774833 0.830699 -0.551295
-3.53757 11.7859 -39.8653 -0.0833597 0.836828 -0.541082
-3.62494 13.4035 -37.3419 -0.0928775 0.834473 -0.543165
-3.55999 15.08 -34.7493 -0.104612 0.836567 -0.537784
-3.60144 16.752 -32.123 -0.114089 0.842488 -0.526496
-3.57918 18.4322 -29.4496 -0.136594 0.837999 -0.528298
-3.58518 20.088 -26.7879 -0.153399 0.84178 -0.517567
-3.54604 21.7228 -24.1763 -0.168064 0.836177 -0.522075
-3.56427 23.4107 -21.4762 -0.183101 0.832412 -0.52303
-3.05752 25.0966 -18.9875 -0.190915 0.828745 -0.526054
-1.69558 26.8066 -16.7764 -0.170583 0.828507 -0.533365
0.348948 28.2446 -15.09 -0.118101 0.838342 -0.532193
3.12317 29.033 -14.0834 0.032631 0.857007 -0.514271
5.98396 29.2799 -12.9646 0.187543 0.86696 -0.46162
8.58206 29.3029 -11.4136 0.33126 0.863881 -0.379038
10.8636 28.9745 -9.38457 0.424507 0.875884 -0.229247
13.1551 28.0564 -7.63484 0.52252 0.840715 -0.142026
15.6974 26.5433 -6.81663 0.545635 0.8317 -0.102722
18.2449 24.8541 -6.89183 0.547968 0.831886 -0.0877333
20.6506 23.1652 -7.84233 0.542493 0.833043 -0.108356
22.8677 21.5605 -9.10237 0.536172 0.835631 -0.119335
25.0641 19.9574 -10.3887 0.537504 0.833678 -0.126772
27.3653 18.2684 -11.6357 0.537963 0.830332 -0.145409
29.6061 16.5604 -12.959 0.542909 0.825087 -0.156464
31.7973 14.8753 -14.2365 0.536911 0.826312 -0.170104
34.0695 13.1333 -15.5639 0.531904 0.825093 -0.190482
36.263 11.4042 -16.851 0.525553 0.82495 -0.20797
38.4681 9.66903 -18.073 0.52668 0.820082 -0.223762
40.6558 7.94702 -19.3387 0.514375 0.826832 -0.227523
42.8936 6.21707 -20.5616 0.500576 0.830169 -0.245445
45.0585 4.55272 -21.8112 0.488123 0.834056 -0.257073
47.3246 2.81192 -23.1876 0.474665 0.839306 -0.265064
49.3073 1.93204 -22.4188 0.472468 0.843648 -0.255013
50.7649 1.88303 -19.7135 0.477492 0.849704 -0.223619
52.0165 1.86982 -16.988 0.48501 0.851366 -0.199853
53.1035 1.86191 -14.1403 0.491695 0.854147 -0.169284
54.0557 1.8502 -11.1786 0.504866 0.851871 -0.139381
54.7592 1.85904 -8.07997 0.519674 0.849028 -0.0953403
55.2536 1.84022 -4.96526 0.521403 0.851028 -0.0623763
55.4088 1.89222 -1.79175 0.521259 0.853026 -0.0252355
55.5264 1.87227 1.2698 0.529924 0.848002 0.00859017
55.4814 1.81393 4.28645 0.512007 0.857573 0.0491636
55.0519 1.83225 7.3065 0.50255 0.860383 0.084739
54.4343 1.84471 10.3427 0.497903 0.860161 0.110512
53.6658 1.8272 13.3606 0.483128 0.861261 0.157482
52.578 1.84426 16.2988 0.48053 0.85665 0.187729
51.3479 1.85612 19.1605 0.471951 0.85518 0.214312
49.9066 1.90045 21.964 0.476528 0.842803 0.250185
48.1191 2.40982 23.6316 0.478046 0.840648 0.254522
45.9013 4.05387 22.3192 0.475654 0.844373 0.246551
43.6216 5.74115 21.0331 0.487976 0.837917 0.244485
41.4323 7.42055 19.7246 0.498985 0.832931 0.239247
39.1361 9.19172 18.4125 0.503332 0.830141 0.239834
36.8908 10.9136 17.1586 0.509689 0.82971 0.227584
34.6154 12.6324 15.9028 0.513229 0.835064 0.198148
32.4317 14.3239 14.5631 0.52721 0.82744 0.193371
30.1139 16.072 13.2351 0.526396 0.832804 0.171301
27.8789 17.7035 12.0191 0.526048 0.835844 0.156958
25.6201 19.349 10.6837 0.522499 0.841168 0.139396
23.4119 20.932 9.35976 0.528789 0.839445 0.125356
21.1869 22.5345 8.10186 0.535595 0.835063 0.125729
18.7548 24.2552 7.03863 0.537548 0.833981 0.124566
16.1269 25.9886 6.79629 0.536548 0.832477 0.138193
13.5649 27.4889 7.5211 0.524072 0.833894 0.173083
11.1551 28.4633 9.16057 0.447029 0.854825 0.263514
8.95655 28.7687 11.1956 0.310505 0.873538 0.374857
6.40778 28.7373 12.8152 0.193951 0.866134 0.460567
3.59346 28.6048 13.8432 0.0436558 0.873007 0.485749
0.809875 27.9341 14.8173 -0.0971214 0.850591 0.516781
-1.43017 26.5833 16.4066 -0.165989 0.838507 0.518978
-2.89916 24.9112 18.557 -0.202777 0.827788 0.523114
-3.47279 23.1856 21.0988 -0.193575 0.833207 0.517971
-3.57213 21.5364 23.6919 -0.175101 0.830515 0.528756
-3.54577 19.8312 26.367 -0.151848 0.831224 0.534799
-3.56507 18.1917 28.8799 -0.138988 0.828512 0.542448
-3.55168 16.5439 31.4279 -0.123682 0.83422 0.537382
-3.5807 14.8113 34.0932 -0.106054 0.833307 0.542542
-3.55716 13.0808 36.7451 -0.0966243 0.834484 0.542492
-3.5946 11.3871 39.3144 -0.0783764 0.833695 0.546635
-3.59035 9.6214 41.9996 -0.0593562 0.832634 0.550634
-3.53715 7.92193 44.5914 -0.0512276 0.835765 0.54669
-3.58574 6.19825 47.23 -0.0456933 0.837392 0.544689
-3.5927 4.47217 49.905 -0.0364154 0.841446 0.539112
-3.58945 2.85229 52.4445 -0.0283065 0.842696 0.537644
-5.08831 1.92604 53.8113 -0.0341844 0.842863 0.537042
-8.20921 1.88187 53.6329 -0.0514346 0.848258 0.527079
-11.2133 1.85074 53.3266 -0.0789245 0.850944 0.519286
-14.2806 1.84856 52.7836 -0.107775 0.856476 0.50479
-17.2465 1.82242 52.1053 -0.135472 0.863092 0.486538
-20.1526 1.81963 51.2123 -0.162905 0.862259 0.479553
-22.9601 1.77867 50.1813 -0.197239 0.86349 0.464199
-25.7733 1.7785 48.8976 -0.220811 0.868324 0.444135
-28.4497 1.79128 47.4222 -0.264139 0.86239 0.431872
-31.1225 1.77923 45.7311 -0.289458 0.863578 0.412853
-33.6149 1.79397 43.8397 -0.3115 0.865806 0.391595
-35.9335 1.80103 41.8015 -0.343363 0.866323 0.362735
-38.0918 1.81536 39.6194 -0.359283 0.864543 0.3514
-40.2835 1.8047 37.2803 -0.38199 0.861595 0.33427
-42.2195 1.84335 34.8925 -0.397812 0.857595 0.325998
-44.0022 1.90555 32.3949 -0.426566 0.849341 0.310905
-44.7723 2.36516 30.0412 -0.441561 0.839451 0.316775
-42.5839 3.97479 28.7445 -0.427923 0.843206 0.325385
-40.3138 5.65087 27.3679 -0.41997 0.844844 0.331457
-37.9401 7.35465 26.0216 -0.411067 0.8476 0.335557
-35.6658 8.98412 24.7324 -0.414044 0.842164 0.345438
-33.4516 10.5857 23.489 -0.415447 0.841738 0.34478
-31.2084 12.2315 22.1472 -0.413549 0.840608 0.349788
-28.9787 13.8792 20.8643 -0.409296 0.839102 0.358308
-26.7295 15.5487 19.5606 -0.404867 0.835135 0.372332
-24.5344 17.1896 18.281 -0.400892 0.831705 0.384126
-22.2623 18.8608 16.9759 -0.377118 0.832833 0.405179
-20.0222 20.5111 15.6611 -0.372506 0.834135 0.406765
-17.7909 22.1239 14.3731 -0.360626 0.834591 0.416421
-15.7007 23.7338 12.947 -0.354753 0.832964 0.424642
-14.1133 25.4212 10.9755 -0.363108 0.830823 0.421765
-13.3122 27.0001 8.53233 -0.388193 0.830158 0.40018
-13.384 28.2379 5.68082 -0.414351 0.845179 0.337618
-14.0509 28.7836 2.74 -0.438411 0.881404 0.175847
-14.2801 29.0236 -0.247475 -0.449215 0.893214 0.0193435
-13.8286 29.0044 -3.34654 -0.442904 0.880581 -0.168557
-13.2293 28.4551 -6.31662 -0.400442 0.857057 -0.324086
-13.382 27.1947 -9.0399 -0.370713 0.836067 -0.404431
-14.3651 25.6139 -11.3809 -0.347495 0.835874 -0.424925
-16.0962 23.9271 -13.301 -0.345065 0.837446 -0.423809
-18.3141 22.3237 -14.6859 -0.34901 0.841816 -0.411751
-20.606 20.6931 -16.0456 -0.369106 0.839761 -0.3982
-22.9218 19.064 -17.3274 -0.378453 0.842598 -0.383147
-25.2381 17.3798 -18.6868 -0.39434 0.840439 -0.371696
-27.4984 15.7123 -20.0161 -0.405466 0.838812 -0.363306
-29.7471 14.0748 -21.3117 -0.409254 0.839589 -0.357213
-31.988 12.4211 -22.6053 -0.420525 0.840793 -0.340914
-34.2176 10.7837 -23.9471 -0.424354 0.843333 -0.329714
-36.4926 9.13666 -25.1903 -0.437682 0.839063 -0.323115
-38.6583 7.5022 -26.5045 -0.439595 0.841098 -0.315136
-40.9 5.84991 -27.7686 -0.44286 0.841465 -0.309535
-43.1237 4.2254 -29.04 -0.441009 0.843245 -0.307314
-45.322 2.60804 -30.3131 -0.454078 0.842687 -0.289294
-45.162 1.90403 -32.6137 -0.43919 0.849492 -0.292361
-43.4134 1.84693 -35.3559 -0.422537 0.85652 -0.296329
-41.952 1.83046 -37.3134 -0.395068 0.858256 -0.327591
-7.22559 27.9554 -12.4242 -0.325368 0.806976 -0.492874
-6.76441 29.63 -9.9423 -0.337779 0.801189 -0.493964
-6.10178 30.9447 -8.36294 -0.38242 0.762667 -0.521568
-3.72615 30.75 -10.0589 -0.29652 0.782247 -0.54778
-5.89646 29.0781 -11.4051 -0.296269 0.81378 -0.499986
-7.18468 27.9587 -12.4458 -0.325369 0.806976 -0.492874
-2.0152 35.1748 -4.55309 -0.281453 0.844208 -0.455398
-4.19905 35.1369 -2.5154 -0.472346 0.843361 -0.255745
-4.88611 35.117 0.486902 -0.594094 0.80435 -0.00580851
-3.49285 35.1566 3.13516 -0.424001 0.788457 0.441688
-0.852578 35.0655 4.5681 -0.131031 0.793632 0.594121
2.1623 35.0488 4.33576 0.269023 0.793825 0.545406
4.12425 35.1911 1.9565 0.504715 0.847168 0.166008
4.55858 35.1452 -1.14397 0.526172 0.841946 -0.119459
3.10417 35.2046 -3.8376 0.386647 0.853026 -0.350502
0.444719 35.213 -5.17208 -0.0537877 0.795629 -0.603392
-1.96597 35.1735 -4.58273 -0.261316 0.849094 -0.458828
10.0885 30.941 -1.74907 0.619028 0.783018 -0.0601922
12.3 29.344 -0.672729 0.573226 0.819083 -0.0196088
14.1723 28.0385 0.131972 0.584097 0.811589 0.0123548
11.8346 29.6415 1.13524 0.594574 0.802402 0.0470828
9.9892 30.9619 1.7323 0.612862 0.783602 0.101819
10.1281 30.9418 -1.26765 0.6265 0.778948 -0.0271693
10.0914 30.9411 -1.71833 0.624995 0.778416 -0.0585093
19.5052 24.3321 0.0067196 0.556573 0.830635 0.016442
19.5232 24.3201 0.00573788 0.556772 0.830531 0.0149688
19.8024 24.1318 0.048586 0.557321 0.830133 0.0164998
22.2106 22.5736 -0.889602 0.542233 0.840226 -0.00110056
24.5114 21.085 -2.1305 0.531359 0.846883 -0.0211574
26.8105 19.5959 -3.46099 0.553311 0.83183 -0.0434495
29.0773 18.0212 -4.64432 0.550331 0.833368 -0.0513107
31.3435 16.4502 -5.97808 0.539053 0.840243 -0.0584271
33.5754 14.8986 -7.26004 0.548205 0.829759 -0.10475
35.8481 13.2419 -8.64122 0.531254 0.838682 -0.119925
38.0744 11.6173 -9.92672 0.528503 0.838279 -0.134064
40.3396 9.9811 -11.1853 0.520784 0.840544 -0.149197
42.5593 8.39199 -12.4733 0.509884 0.845727 -0.157347
44.8674 6.78365 -13.6587 0.506505 0.84673 -0.16279
46.9265 5.5435 -13.736 0.503879 0.846534 -0.171717
47.9161 5.5083 -10.7631 0.505915 0.849023 -0.152345
48.7124 5.4693 -7.82984 0.513304 0.852868 -0.095577
49.1701 5.47206 -4.85724 0.511184 0.857271 -0.0614471
49.3999 5.49503 -1.80594 0.503079 0.863548 -0.0345307
49.5225 5.4486 1.2614 0.502965 0.864195 0.0138683
49.4076 5.40375 4.3193 0.51255 0.856389 0.0623028
48.8611 5.47259 7.37835 0.511226 0.855737 0.0797647
48.225 5.43879 10.5221 0.497192 0.859012 0.122061
47.2545 5.48897 13.4734 0.500115 0.850767 0.161496
45.2657 6.58913 13.824 0.506268 0.84444 0.17496
43.0333 8.17711 12.5999 0.514983 0.842277 0.159228
40.8092 9.77769 11.3234 0.52775 0.837842 0.139646
38.5039 11.4204 10.1062 0.525723 0.841169 0.126689
36.2236 13.0187 8.70541 0.517157 0.848228 0.114268
33.958 14.5821 7.39306 0.523887 0.846313 0.0963735
31.6232 16.1877 6.16724 0.536507 0.839931 0.0815879
29.2947 17.7757 4.86122 0.530802 0.843306 0.0841674
26.9572 19.363 3.51085 0.535306 0.842711 0.0573114
24.7266 20.8776 2.1987 0.544534 0.837769 0.0403098
22.3605 22.4473 0.964729 0.538302 0.842496 0.0207696
19.8399 24.1056 0.104334 0.554768 0.831858 0.0156202
19.8238 24.1164 0.100535 0.557323 0.830132 0.016503
-3.12566 30.7107 9.67733 -0.22291 0.777145 0.588521
-5.72028 30.8211 8.23628 -0.363729 0.762043 0.535608
-6.77953 29.9106 8.84776 -0.3613 0.778822 0.512737
-6.9114 28.2452 11.3806 -0.30682 0.8056 0.506823
-6.21677 28.4019 11.5312 -0.283165 0.808449 0.515973
-4.091 30.0472 10.2026 -0.248972 0.786369 0.565073
-3.18457 30.6552 9.7283 -0.218547 0.78289 0.582434
-10.1425 23.5248 17.3338 -0.281121 0.835033 0.472953
-10.3171 22.027 19.8942 -0.271302 0.840846 0.468373
-10.4035 20.5127 22.5303 -0.24815 0.838909 0.484402
-10.4442 18.9307 25.2367 -0.236624 0.839505 0.489123
-10.462 17.3729 27.9054 -0.238383 0.843069 0.482077
-10.5093 15.7651 30.5656 -0.206231 0.826984 0.523036
-10.5263 14.174 33.1132 -0.190453 0.844154 0.501131
-10.5218 12.5414 35.8543 -0.170221 0.842795 0.510608
-10.5044 10.9242 38.5373 -0.150646 0.84514 0.512879
-10.5383 9.37942 41.1092 -0.129511 0.846892 0.515753
-10.544 7.76056 43.7774 -0.120899 0.847854 0.516262
-10.5802 6.06518 46.52 -0.111372 0.848335 0.517609
-12.8335 5.48771 46.9614 -0.127346 0.85395 0.504524
-15.8037 5.41961 46.2519 -0.151236 0.85499 0.496078
-18.7375 5.32332 45.358 -0.188256 0.858077 0.477768
-21.5549 5.28351 44.2202 -0.216585 0.860509 0.461095
-24.3009 5.28455 42.7704 -0.261309 0.863366 0.431643
-26.9332 5.22768 41.2752 -0.283216 0.868757 0.406263
-29.3548 5.27214 39.4643 -0.304975 0.865019 0.398408
-31.7427 5.33424 37.4006 -0.342921 0.861528 0.3744
-33.9123 5.35828 35.3108 -0.358952 0.862095 0.357695
-36.0195 5.39219 33.0517 -0.373067 0.8559 0.358127
-33.8572 6.90143 31.7031 -0.372357 0.849956 0.372727
-31.5883 8.47968 30.384 -0.37833 0.841894 0.384813
-29.3338 10.0627 29.1155 -0.370808 0.847124 0.380635
-26.9505 11.7331 27.7144 -0.356496 0.84624 0.395965
-24.6727 13.2806 26.4482 -0.351443 0.843475 0.406248
-22.3457 14.9422 25.0464 -0.35093 0.83949 0.414854
-19.9997 16.5474 23.6557 -0.317813 0.850084 0.419943
-17.7624 18.0524 22.3315 -0.320353 0.839864 0.438173
-15.3792 19.6651 20.9676 -0.306039 0.838835 0.450217
-13.1422 21.2073 19.6268 -0.301035 0.836004 0.458774
-10.9777 22.8303 18.0652 -0.282519 0.836721 0.46912
-10.2412 23.4405 17.4237 -0.284143 0.834511 0.472072
-13.908 17.9332 25.0684 -0.29034 0.838794 0.460572
-15.2789 17.5838 24.8711 -0.275634 0.855826 0.437707
-13.9178 15.108 30.0772 -0.231195 0.844765 0.482619
-16.896 14.4436 29.7125 -0.25816 0.84574 0.466988
-19.9136 13.7089 29.3207 -0.296215 0.850791 0.434063
-22.1387 13.0662 28.9861 -0.33299 0.846095 0.416222
-29.0896 8.2898 33.0905 -0.343764 0.846708 0.406093
-26.0993 9.25004 33.5395 -0.321625 0.846313 0.424631
-23.2233 10.1204 33.9566 -0.300642 0.845008 0.442239
-20.1817 10.9517 34.3685 -0.279217 0.846857 0.452626
-17.0696 11.6495 34.7249 -0.228283 0.848727 0.477022
-14.0251 12.2659 35.0473 -0.210853 0.853833 0.475931
-14.0581 9.41822 39.9727 -0.171322 0.855106 0.489328
-17.1201 8.86441 39.6939 -0.210152 0.859378 0.46616
-20.1756 8.22024 39.38 -0.234726 0.861235 0.450752
-23.1782 7.50574 39.0459 -0.275628 0.858152 0.433133
-25.1335 6.99329 38.8121 -0.272926 0.863232 0.424666
-16.6836 17.5119 -25.6751 -0.266596 0.851037 -0.452396
-13.8881 18.1724 -26.0424 -0.24782 0.847579 -0.469249
-14.1612 15.4342 -31.0983 -0.205501 0.85377 -0.478378
-17.1395 14.7867 -30.749 -0.265703 0.858449 -0.438711
-20.0614 14.0182 -30.3427 -0.300686 0.855599 -0.421352
-22.9229 13.1976 -29.9192 -0.309216 0.857999 -0.410149
-23.7044 12.971 -29.8042 -0.309892 0.858345 -0.408915
-30.743 8.21469 -33.9659 -0.364837 0.855154 -0.368247
-27.9193 9.17084 -34.4001 -0.337211 0.851709 -0.401099
-25.0365 10.0658 -34.8189 -0.318734 0.849749 -0.419923
-22.1131 10.9008 -35.2218 -0.281034 0.859743 -0.426452
-19.1798 11.6362 -35.5856 -0.257326 0.85533 -0.449659
-16.1514 12.2437 -35.894 -0.188985 0.846703 -0.497371
-14.0393 12.5971 -36.0761 -0.18162 0.848041 -0.497837
-14.0367 9.70192 -40.9795 -0.155907 0.843089 -0.514679
-17.0925 9.21599 -40.7474 -0.187242 0.845525 -0.500028
-20.2124 8.62352 -40.4655 -0.229155 0.848323 -0.477321
-23.1263 7.94812 -40.1544 -0.25558 0.850038 -0.460559
-25.7526 7.28907 -39.8596 -0.270842 0.857248 -0.437916
29.1119 18.1393 -0.721987 0.544895 0.838437 -0.0106413
31.6566 16.4975 -0.729116 0.539604 0.841827 0.0124489
34.2181 14.8475 -0.730707 0.533238 0.845899 -0.01057
36.7844 13.2453 -0.726392 0.532075 0.846471 -0.0195823
39.4198 11.5866 -0.715688 0.528445 0.84881 -0.0163546
42.0096 10.0007 -0.706522 0.523492 0.852 -0.00726494
44.6233 8.43263 -0.694851 0.506924 0.861928 -0.0104266
46.4227 7.3524 -0.687773 0.525147 0.850617 -0.0259089
46.0257 7.35532 5.56222 0.516788 0.852501 0.0785676
43.411 8.92072 5.62919 0.522191 0.849633 0.0737541
40.7612 10.5391 5.6975 0.528834 0.845164 0.0776661
38.127 12.1624 5.75899 0.519403 0.851307 0.0741426
38.0933 12.1829 5.75994 0.519403 0.851307 0.0741425
40.0853 10.7769 -7.14727 0.527315 0.84491 -0.0898094
42.7281 9.1644 -7.05319 0.522906 0.846124 -0.103166
45.344 7.59077 -6.96549 0.509577 0.85448 -0.100971
45.7505 7.35129 -6.94949 0.509906 0.854559 -0.0986181
45.8334 7.30193 -6.94651 0.511901 0.853582 -0.0967266
